# An Atlas of Galaxy Spectral Energy Distributions from the Ultraviolet to the Mid-Infrared
# Brown et al. (2014)
# http://dx.doi.org/10.5072/03/529D3551F0117
# 
# Column 1 : Restframe Wavelength (Angstrom)
# Column 2 : Flux per unit wavelength (ergs/s/cm^2/Angstrom)
# Column 3 : Observed wavelength (Angstrom)
# Column 4 : Source (0 = model, 1 = Optical Spectrum, 2 = Akari, 3 = Spitzer IRS)
# 
   102.01 1.0683e-21    104.95 0 
   103.91 1.4018e-21    106.91 0 
   106.08 1.8651e-21    109.14 0 
   108.06 2.5334e-21    111.17 0 
   110.06 3.8256e-21    113.24 0 
   113.93 6.1759e-21    117.22 0 
   117.94 9.3260e-21    121.34 0 
   120.96 3.7299e-20    124.45 0 
   124.92 5.1725e-20    128.53 0 
   126.95 5.8843e-20    130.62 0 
   128.13 6.3929e-20    131.83 0 
   131.11 7.6155e-20    134.90 0 
   132.02 9.2193e-20    135.83 0 
   133.86 1.0249e-19    137.72 0 
   136.98 1.3890e-19    140.93 0 
   139.85 1.6170e-19    143.88 0 
   143.10 4.8944e-19    147.23 0 
   147.11 1.3858e-18    151.36 0 
   150.89 1.5948e-18    155.24 0 
   155.11 1.8522e-18    159.59 0 
   159.09 2.1562e-18    163.68 0 
   162.05 2.3916e-18    166.72 0 
   165.82 2.7778e-18    170.61 0 
   170.08 3.1456e-18    174.98 0 
   172.84 3.4650e-18    177.83 0 
   176.87 3.8967e-18    181.97 0 
   180.16 4.2335e-18    185.35 0 
   181.82 4.4843e-18    187.07 0 
   186.06 4.9969e-18    191.43 0 
   190.83 5.6715e-18    196.34 0 
   193.93 6.1617e-18    199.53 0 
   197.99 6.7561e-18    203.70 0 
   202.14 7.4421e-18    207.97 0 
   204.95 7.9744e-18    210.86 0 
   210.21 8.4859e-18    216.27 0 
   216.10 1.0039e-17    222.33 0 
   220.11 1.0932e-17    226.46 0 
   223.18 1.1447e-17    229.61 0 
   226.80 1.2465e-17    233.35 0 
   229.96 1.9665e-17    236.59 0 
   234.23 3.4096e-17    240.99 0 
   240.24 4.3822e-17    247.17 0 
   245.84 4.3321e-17    252.93 0 
   252.14 4.7940e-17    259.42 0 
   256.83 4.2043e-17    264.24 0 
   259.81 4.9057e-17    267.30 0 
   264.03 5.2686e-17    271.64 0 
   268.94 5.4287e-17    276.69 0 
   273.94 5.5552e-17    281.84 0 
   279.03 5.6977e-17    287.08 0 
   284.22 5.8438e-17    292.42 0 
   290.17 5.7372e-17    298.54 0 
   296.24 5.9937e-17    304.79 0 
   301.06 6.0631e-17    309.74 0 
   308.07 6.3052e-17    316.96 0 
   318.16 6.6481e-17    327.34 0 
   327.83 6.8659e-17    337.29 0 
   337.79 7.0097e-17    347.54 0 
   348.06 7.1236e-17    358.10 0 
   356.98 7.2560e-17    367.28 0 
   366.14 7.4079e-17    376.70 0 
   374.67 7.4765e-17    385.48 0 
   385.17 7.3231e-17    396.28 0 
   395.05 7.6155e-17    406.44 0 
   405.18 7.7392e-17    416.87 0 
   413.67 7.7392e-17    425.60 0 
   422.33 7.6859e-17    434.51 0 
   430.18 7.6683e-17    442.59 0 
   441.21 7.7392e-17    453.94 0 
   451.49 7.6683e-17    464.52 0 
   459.88 7.6155e-17    473.15 0 
   469.51 7.5805e-17    483.06 0 
   480.45 7.5980e-17    494.31 0 
   490.51 7.4421e-17    504.66 0 
   499.63 7.4937e-17    514.04 0 
   506.58 7.3739e-17    521.19 0 
   512.45 7.6506e-17    527.23 0 
   519.58 7.6155e-17    534.56 0 
   530.46 7.4937e-17    545.76 0 
   540.32 7.2560e-17    555.90 0 
   550.36 7.2227e-17    566.24 0 
   560.59 7.3400e-17    576.77 0 
   569.70 7.4421e-17    586.14 0 
   580.30 7.2895e-17    597.04 0 
   589.72 7.3569e-17    606.74 0 
   600.69 7.1400e-17    618.02 0 
   610.45 6.4818e-17    628.06 0 
   620.37 7.3063e-17    638.26 0 
   630.45 7.2060e-17    648.63 0 
   640.69 7.2227e-17    659.17 0 
   649.60 7.2227e-17    668.34 0 
   658.64 7.1564e-17    677.64 0 
   664.74 7.2727e-17    683.91 0 
   675.54 7.2227e-17    695.02 0 
   684.93 6.9614e-17    704.69 0 
   694.46 7.4079e-17    714.50 0 
   705.75 7.0745e-17    726.11 0 
   715.57 7.4765e-17    736.21 0 
   725.52 7.4765e-17    746.45 0 
   735.61 7.4937e-17    756.83 0 
   745.85 7.6683e-17    767.36 0 
   754.48 7.7571e-17    776.25 0 
   764.98 7.4079e-17    787.05 0 
   775.62 8.0112e-17    797.99 0 
   784.60 8.0482e-17    807.24 0 
   795.52 8.2167e-17    818.46 0 
   804.73 8.3502e-17    827.94 0 
   815.92 8.4081e-17    839.46 0 
   825.37 8.7437e-17    849.18 0 
   834.93 7.6330e-17    859.01 0 
   844.60 8.8043e-17    868.96 0 
   854.38 8.8450e-17    879.02 0 
   864.27 9.1769e-17    889.20 0 
   874.28 9.5213e-17    899.50 0 
   884.40 9.9930e-17    909.91 0 
   894.64 1.0273e-16    920.45 0 
   905.00 1.0109e-16    931.11 0 
   915.48 1.4781e-16    941.89 0 
   923.95 8.6835e-16    950.60 0 
   934.65 1.8823e-15    961.61 0 
   945.47 3.6618e-15    972.75 0 
   954.22 5.4038e-15    981.75 0 
   965.27 5.6846e-15    993.12 0 
   974.20 8.3887e-16   1002.31 0 
   985.48 4.1947e-15   1013.91 0 
   994.60 4.8944e-15   1023.29 0 
  1006.12 7.9744e-15   1035.14 0 
  1015.43 7.9378e-15   1044.72 0 
  1024.82 3.4650e-15   1054.39 0 
  1034.31 5.0781e-15   1064.14 0 
  1043.88 1.0907e-14   1073.99 0 
  1055.96 1.0732e-14   1086.43 0 
  1065.73 7.8831e-15   1096.48 0 
  1075.60 9.8333e-15   1106.62 0 
  1085.55 7.2393e-15   1116.86 0 
  1095.59 1.0537e-14   1127.20 0 
  1105.73 1.0155e-14   1137.63 0 
  1115.96 9.4994e-15   1148.15 0 
  1126.29 8.3887e-15   1158.78 0 
  1134.09 1.1526e-14   1166.81 0 
  1144.59 1.0273e-14   1177.61 0 
  1155.18 1.1238e-14   1188.50 0 
  1165.87 1.1580e-14   1199.50 0 
  1173.95 7.4937e-15   1207.81 0 
  1184.81 1.1238e-14   1218.99 0 
  1195.77 6.8817e-15   1230.27 0 
  1204.06 4.5363e-15   1238.80 0 
  1215.20 3.5375e-15   1250.26 0 
  1223.63 7.5457e-15   1258.93 0 
  1234.95 1.2322e-14   1270.57 0 
  1246.38 1.3699e-14   1282.33 0 
  1255.02 1.2785e-14   1291.22 0 
  1263.72 1.0561e-14   1300.17 0 
  1275.41 1.4679e-14   1312.20 0 
  1284.25 1.5585e-14   1321.30 0 
  1296.13 1.1368e-14   1333.52 0 
  1305.12 1.1135e-14   1342.77 0 
  1314.16 1.5021e-14   1352.07 0 
  1326.32 1.4246e-14   1364.58 0 
  1335.52 1.2014e-14   1374.04 0 
  1344.77 1.5371e-14   1383.57 0 
  1354.10 1.4815e-14   1393.16 0 
  1363.48 1.2814e-14   1402.81 0 
  1376.10 1.3731e-14   1415.79 0 
  1385.64 1.3890e-14   1425.61 0 
  1395.24 1.2014e-14   1435.49 0 
  1404.91 1.2494e-14   1445.44 0 
  1414.65 1.2609e-14   1455.46 0 
  1424.46 1.3234e-14   1465.55 0 
  1434.33 1.3023e-14   1475.71 0 
  1440.95 1.3954e-14   1482.52 0 
  1447.60 1.4312e-14   1489.36 0 
  1454.28 1.3762e-14   1496.24 0 
  1464.36 1.2436e-14   1506.61 0 
  1474.51 1.2465e-14   1517.05 0 
  1484.74 1.2874e-14   1527.57 0 
  1495.03 1.3204e-14   1538.15 0 
  1505.39 1.2322e-14   1548.82 0 
  1512.34 1.0634e-14   1555.97 0 
  1515.83 1.1660e-14   1559.55 0 
  1526.33 1.1110e-14   1570.36 0 
  1533.38 9.3907e-15   1577.61 0 
  1544.01 1.0807e-14   1588.55 0 
  1554.71 1.0109e-14   1599.56 0 
  1565.49 1.0202e-14   1610.65 0 
  1576.34 1.0957e-14   1621.81 0 
  1583.61 1.1714e-14   1629.30 0 
  1594.59 1.1959e-14   1640.59 0 
  1605.64 1.1768e-14   1651.96 0 
  1616.77 1.1877e-14   1663.41 0 
  1624.24 1.1033e-14   1671.09 0 
  1635.50 1.1932e-14   1682.67 0 
  1646.83 1.2153e-14   1694.34 0 
  1654.43 1.1008e-14   1702.16 0 
  1665.90 1.2266e-14   1713.96 0 
  1673.59 1.0537e-14   1721.87 0 
  1677.45 1.2294e-14   1725.84 0 
  1685.19 1.3083e-14   1733.80 0 
  1696.87 1.2153e-14   1745.82 0 
  1704.70 1.1553e-14   1753.88 0 
  1716.52 1.0782e-14   1766.04 0 
  1724.44 1.0757e-14   1774.19 0 
  1736.40 1.1633e-14   1786.49 0 
  1744.41 1.1342e-14   1794.73 0 
  1756.50 1.2322e-14   1807.17 0 
  1764.61 1.1033e-14   1815.52 0 
  1776.84 1.1395e-14   1828.10 0 
  1785.04 1.1633e-14   1836.54 0 
  1793.28 1.2697e-14   1845.02 0 
  1805.72 1.2580e-14   1857.80 0 
  1814.05 1.1395e-14   1866.38 0 
  1826.62 1.1714e-14   1879.32 0 
  1835.06 1.1135e-14   1887.99 0 
  1843.53 1.0062e-14   1896.71 0 
  1856.30 1.0085e-14   1909.85 0 
  1864.87 1.0488e-14   1918.67 0 
  1873.48 1.1606e-14   1927.53 0 
  1886.47 1.0561e-14   1940.89 0 
  1895.17 1.0132e-14   1949.84 0 
  1903.92 1.0782e-14   1958.84 0 
  1917.12 1.0320e-14   1972.42 0 
  1925.97 1.0155e-14   1981.53 0 
  1934.86 1.0416e-14   1990.67 0 
  1943.79 1.0982e-14   1999.86 0 
  1952.76 1.0249e-14   2009.09 0 
  1966.30 1.1447e-14   2023.02 0 
  1975.37 1.1768e-14   2032.36 0 
  1984.49 1.1084e-14   2041.74 0 
  1993.65 1.0708e-14   2051.16 0 
  2002.85 1.1059e-14   2060.63 0 
  2016.74 1.0561e-14   2074.91 0 
  2026.05 1.1135e-14   2084.49 0 
  2035.40 1.0537e-14   2094.11 0 
  2044.79 1.1084e-14   2103.78 0 
  2054.23 1.0537e-14   2113.49 0 
  2063.71 1.0512e-14   2123.24 0 
  2073.24 1.1395e-14   2133.04 0 
  2078.02 1.1059e-14   2137.96 0 
  2082.81 1.1660e-14   2142.89 0 
  2097.25 1.0932e-14   2157.74 0 
  2106.93 1.0907e-14   2167.70 0 
  2116.65 1.1084e-14   2177.71 0 
  2126.42 1.1187e-14   2187.76 0 
  2136.24 1.0226e-14   2197.86 0 
  2146.10 1.0732e-14   2208.01 0 
  2156.00 1.1187e-14   2218.20 0 
  2165.95 1.0708e-14   2228.44 0 
  2175.95 1.0610e-14   2238.72 0 
  2186.00 1.0561e-14   2249.05 0 
  2196.09 1.1084e-14   2259.44 0 
  2206.22 1.0708e-14   2269.86 0 
  2216.41 9.9471e-15   2280.34 0 
  2226.64 9.6538e-15   2290.87 0 
  2236.91 1.0633e-14   2301.44 0 
  2247.24 1.0081e-14   2312.07 0 
  2252.42 9.3849e-15   2317.39 0 
  2262.82 9.6219e-15   2328.09 0 
  2273.26 1.0002e-14   2338.84 0 
  2283.75 1.0494e-14   2349.63 0 
  2294.29 9.7670e-15   2360.48 0 
  2304.88 9.8762e-15   2371.37 0 
  2315.52 9.2134e-15   2382.32 0 
  2326.21 6.8588e-15   2393.32 0 
  2336.95 8.2050e-15   2404.36 0 
  2342.34 7.7623e-15   2409.91 0 
  2353.15 8.8271e-15   2421.03 0 
  2364.01 7.7205e-15   2432.20 0 
  2374.92 8.1184e-15   2443.43 0 
  2385.88 7.2660e-15   2454.71 0 
  2396.90 7.9272e-15   2466.04 0 
  2402.42 7.5515e-15   2471.72 0 
  2413.51 7.8678e-15   2483.13 0 
  2424.65 8.7433e-15   2494.60 0 
  2435.84 8.4236e-15   2506.11 0 
  2447.09 9.0848e-15   2517.68 0 
  2452.73 9.0204e-15   2523.48 0 
  2464.05 8.7911e-15   2535.13 0 
  2475.42 8.3533e-15   2546.83 0 
  2486.85 8.3115e-15   2558.59 0 
  2492.58 7.9540e-15   2564.48 0 
  2504.09 9.2342e-15   2576.32 0 
  2515.64 7.5895e-15   2588.21 0 
  2527.26 7.3795e-15   2600.16 0 
  2533.08 7.7434e-15   2606.15 0 
  2544.77 7.6515e-15   2618.18 0 
  2556.52 8.8218e-15   2630.27 0 
  2562.41 8.2122e-15   2636.33 0 
  2574.24 8.9799e-15   2648.50 0 
  2586.12 8.6912e-15   2660.72 0 
  2592.09 8.4330e-15   2666.86 0 
  2604.05 7.9945e-15   2679.17 0 
  2616.07 7.7910e-15   2691.54 0 
  2622.10 8.5015e-15   2697.74 0 
  2634.20 9.5346e-15   2710.19 0 
  2646.36 1.0993e-14   2722.70 0 
  2652.46 1.2134e-14   2728.98 0 
  2664.71 9.8132e-15   2741.57 0 
  2677.01 1.0607e-14   2754.23 0 
  2683.18 1.0852e-14   2760.58 0 
  2695.56 9.8245e-15   2773.32 0 
  2708.00 1.0595e-14   2786.12 0 
  2714.25 9.3974e-15   2792.54 0 
  2726.77 9.0532e-15   2805.43 0 
  2733.06 9.8560e-15   2811.90 0 
  2745.68 7.6824e-15   2824.88 0 
  2752.00 8.2110e-15   2831.39 0 
  2764.71 8.9369e-15   2844.46 0 
  2777.47 9.4838e-15   2857.59 0 
  2783.87 8.2201e-15   2864.18 0 
  2796.72 6.0349e-15   2877.40 0 
  2803.17 6.6003e-15   2884.03 0 
  2816.11 9.1697e-15   2897.34 0 
  2822.60 1.0550e-14   2904.02 0 
  2835.63 1.0210e-14   2917.43 0 
  2842.16 9.4826e-15   2924.15 0 
  2855.28 8.3122e-15   2937.65 0 
  2861.87 1.0805e-14   2944.42 0 
  2875.07 1.1545e-14   2958.01 0 
  2881.70 1.1048e-14   2964.83 0 
  2895.00 1.1457e-14   2978.52 0 
  2908.37 1.3516e-14   2992.27 0 
  2928.53 1.2518e-14   3013.01 0 
  2948.83 1.2139e-14   3033.89 0 
  2969.27 1.2701e-14   3054.92 0 
  2989.85 1.2780e-14   3076.10 0 
  3010.57 1.3097e-14   3097.42 0 
  3031.44 1.3238e-14   3118.89 0 
  3052.45 1.3381e-14   3140.51 0 
  3066.54 1.3749e-14   3155.01 0 
  3087.80 1.3929e-14   3176.87 0 
  3109.20 1.4407e-14   3198.90 0 
  3130.76 1.4002e-14   3221.07 0 
  3152.46 1.3991e-14   3243.40 0 
  3167.01 1.4408e-14   3258.37 0 
  3188.96 1.3099e-14   3280.95 0 
  3211.07 1.4121e-14   3303.70 0 
  3233.32 1.2633e-14   3326.60 0 
  3248.25 1.4937e-14   3341.95 0 
  3270.76 1.6289e-14   3365.12 0 
  3293.44 1.5978e-14   3388.44 0 
  3308.64 1.5786e-14   3404.08 0 
  3323.91 1.5704e-14   3419.79 0 
  3331.57 1.6139e-14   3427.68 0 
  3339.25 1.4614e-14   3435.58 0 
  3346.95 1.7204e-14   3443.50 0 
  3354.67 1.5722e-14   3451.44 0 
  3362.40 1.4073e-14   3459.39 0 
  3370.15 1.4698e-14   3467.37 0 
  3377.92 1.6074e-14   3475.36 0 
  3385.71 1.5310e-14   3483.37 0 
  3393.51 1.6552e-14   3491.40 0 
  3401.33 1.8102e-14   3499.45 0 
  3409.17 1.5761e-14   3507.52 0 
  3417.03 1.5152e-14   3515.60 0 
  3424.91 1.7351e-14   3523.71 0 
  3432.81 1.8122e-14   3531.83 0 
  3440.72 1.6791e-14   3539.97 0 
  3448.65 1.4687e-14   3548.13 0 
  3456.60 1.5769e-14   3556.31 0 
  3464.57 1.4410e-14   3564.51 0 
  3472.56 1.6848e-14   3572.73 0 
  3480.56 1.4703e-14   3580.96 0 
  3488.58 1.5932e-14   3589.22 0 
  3496.63 1.5422e-14   3597.49 0 
  3504.69 1.7179e-14   3605.79 0 
  3512.77 1.6326e-14   3614.10 0 
  3520.86 1.7528e-14   3622.43 0 
  3528.98 1.4243e-14   3630.78 0 
  3537.12 1.7197e-14   3639.15 0 
  3545.27 1.7714e-14   3647.54 0 
  3553.44 1.8205e-14   3655.95 0 
  3561.63 1.7380e-14   3664.37 0 
  3569.84 1.4822e-14   3672.82 0 
  3575.24 1.0771e-14   3678.38 1 
  3577.92 1.7218e-14   3681.13 1 
  3580.59 9.9882e-15   3683.88 1 
  3583.26 1.3237e-14   3686.63 1 
  3585.94 1.5330e-14   3689.38 1 
  3588.61 1.4053e-14   3692.13 1 
  3591.28 1.9216e-14   3694.88 1 
  3593.96 1.3677e-14   3697.63 1 
  3596.63 1.1149e-14   3700.38 1 
  3599.30 1.8459e-14   3703.13 1 
  3601.97 1.8388e-14   3705.88 1 
  3604.65 1.7888e-14   3708.63 1 
  3607.32 1.5937e-14   3711.38 1 
  3609.99 1.2886e-14   3714.13 1 
  3612.67 1.1145e-14   3716.88 1 
  3615.34 1.5290e-14   3719.63 1 
  3618.01 1.5119e-14   3722.38 1 
  3620.68 1.6932e-14   3725.13 1 
  3623.36 1.4570e-14   3727.88 1 
  3626.03 1.6632e-14   3730.63 1 
  3628.70 1.9813e-14   3733.38 1 
  3631.38 1.9904e-14   3736.13 1 
  3634.05 1.5349e-14   3738.88 1 
  3636.72 1.8682e-14   3741.63 1 
  3639.39 1.6811e-14   3744.38 1 
  3642.07 1.5700e-14   3747.13 1 
  3644.74 1.9755e-14   3749.88 1 
  3647.41 1.6336e-14   3752.63 1 
  3650.09 1.8647e-14   3755.38 1 
  3652.76 2.0751e-14   3758.13 1 
  3655.43 1.9541e-14   3760.88 1 
  3658.10 1.6005e-14   3763.63 1 
  3660.78 1.6717e-14   3766.38 1 
  3663.45 1.8286e-14   3769.13 1 
  3666.12 2.0957e-14   3771.88 1 
  3668.80 2.2529e-14   3774.63 1 
  3671.47 1.9522e-14   3777.38 1 
  3674.14 1.7891e-14   3780.13 1 
  3676.81 2.1397e-14   3782.88 1 
  3679.49 1.9417e-14   3785.63 1 
  3682.16 1.5252e-14   3788.38 1 
  3684.83 1.5348e-14   3791.13 1 
  3687.51 1.3344e-14   3793.88 1 
  3690.18 1.5145e-14   3796.63 1 
  3692.85 1.6393e-14   3799.38 1 
  3695.53 1.6534e-14   3802.13 1 
  3698.20 1.9098e-14   3804.88 1 
  3700.87 2.1477e-14   3807.63 1 
  3703.54 2.0781e-14   3810.38 1 
  3706.22 1.8796e-14   3813.13 1 
  3708.89 1.7295e-14   3815.88 1 
  3711.56 1.8412e-14   3818.63 1 
  3714.24 1.8803e-14   3821.38 1 
  3716.91 1.7069e-14   3824.13 1 
  3719.58 2.0175e-14   3826.88 1 
  3722.25 2.0816e-14   3829.63 1 
  3724.93 2.6094e-14   3832.38 1 
  3727.60 3.1625e-14   3835.13 1 
  3730.27 3.3471e-14   3837.88 1 
  3732.95 3.2668e-14   3840.63 1 
  3735.62 2.6701e-14   3843.38 1 
  3738.29 2.5334e-14   3846.13 1 
  3740.96 2.0738e-14   3848.88 1 
  3743.64 1.9727e-14   3851.63 1 
  3746.31 1.6944e-14   3854.38 1 
  3748.98 1.5699e-14   3857.13 1 
  3751.66 1.7971e-14   3859.88 1 
  3754.33 1.8907e-14   3862.63 1 
  3757.00 2.1121e-14   3865.38 1 
  3759.67 2.4050e-14   3868.13 1 
  3762.35 1.9231e-14   3870.88 1 
  3765.02 1.8886e-14   3873.63 1 
  3767.69 2.1701e-14   3876.38 1 
  3770.37 1.9157e-14   3879.13 1 
  3773.04 2.0694e-14   3881.88 1 
  3775.71 2.0297e-14   3884.63 1 
  3778.38 1.9238e-14   3887.38 1 
  3781.06 1.9046e-14   3890.13 1 
  3783.73 2.5065e-14   3892.88 1 
  3786.40 2.6836e-14   3895.63 1 
  3789.08 2.4043e-14   3898.38 1 
  3791.75 2.0992e-14   3901.13 1 
  3794.42 1.9885e-14   3903.88 1 
  3797.10 1.7465e-14   3906.63 1 
  3799.77 2.2230e-14   3909.38 1 
  3802.44 2.0748e-14   3912.13 1 
  3805.11 1.8803e-14   3914.88 1 
  3807.79 2.2350e-14   3917.63 1 
  3810.46 2.1609e-14   3920.38 1 
  3813.13 1.9374e-14   3923.13 1 
  3815.81 2.0445e-14   3925.88 1 
  3818.48 2.0563e-14   3928.63 1 
  3821.15 1.9904e-14   3931.38 1 
  3823.82 1.9945e-14   3934.13 1 
  3826.50 1.7940e-14   3936.88 1 
  3829.17 1.6748e-14   3939.63 1 
  3831.84 1.6020e-14   3942.38 1 
  3834.52 1.4105e-14   3945.13 1 
  3837.19 1.4033e-14   3947.88 1 
  3839.86 1.7517e-14   3950.63 1 
  3842.53 1.8666e-14   3953.38 1 
  3845.21 1.6529e-14   3956.13 1 
  3847.88 1.5996e-14   3958.88 1 
  3850.55 1.8059e-14   3961.63 1 
  3853.23 2.0300e-14   3964.38 1 
  3855.90 2.1659e-14   3967.13 1 
  3858.57 2.1817e-14   3969.88 1 
  3861.24 2.0213e-14   3972.63 1 
  3863.92 2.1831e-14   3975.38 1 
  3866.59 2.4122e-14   3978.13 1 
  3869.26 2.2923e-14   3980.88 1 
  3871.94 1.9551e-14   3983.63 1 
  3874.61 2.1127e-14   3986.38 1 
  3877.28 2.1085e-14   3989.13 1 
  3879.95 1.9622e-14   3991.88 1 
  3882.63 2.2133e-14   3994.63 1 
  3885.30 2.0707e-14   3997.38 1 
  3887.97 1.7897e-14   4000.13 1 
  3890.65 2.1945e-14   4002.88 1 
  3893.32 2.3071e-14   4005.63 1 
  3895.99 2.3422e-14   4008.38 1 
  3898.67 2.4871e-14   4011.13 1 
  3901.34 2.5143e-14   4013.88 1 
  3904.01 2.4913e-14   4016.63 1 
  3906.68 2.5154e-14   4019.38 1 
  3909.36 2.4798e-14   4022.13 1 
  3912.03 2.8710e-14   4024.88 1 
  3914.70 2.6096e-14   4027.63 1 
  3917.38 2.5571e-14   4030.38 1 
  3920.05 2.6548e-14   4033.13 1 
  3922.72 2.3355e-14   4035.88 1 
  3925.39 2.3394e-14   4038.63 1 
  3928.07 2.2217e-14   4041.38 1 
  3930.74 1.8613e-14   4044.13 1 
  3933.41 1.8527e-14   4046.88 1 
  3936.09 1.7259e-14   4049.63 1 
  3938.76 1.5594e-14   4052.38 1 
  3941.43 1.8453e-14   4055.13 1 
  3944.10 2.2417e-14   4057.88 1 
  3946.78 2.5028e-14   4060.63 1 
  3949.45 2.5171e-14   4063.38 1 
  3952.12 2.6977e-14   4066.13 1 
  3954.80 2.6197e-14   4068.88 1 
  3957.47 2.6101e-14   4071.63 1 
  3960.14 2.6951e-14   4074.38 1 
  3962.81 2.2059e-14   4077.13 1 
  3965.49 1.7013e-14   4079.88 1 
  3968.16 1.7086e-14   4082.63 1 
  3970.83 1.6021e-14   4085.38 1 
  3973.51 1.7251e-14   4088.13 1 
  3976.18 1.9618e-14   4090.88 1 
  3978.85 1.9800e-14   4093.63 1 
  3981.52 2.4020e-14   4096.38 1 
  3984.20 2.5143e-14   4099.13 1 
  3986.87 2.3232e-14   4101.88 1 
  3989.54 2.5587e-14   4104.63 1 
  3992.22 2.5945e-14   4107.38 1 
  3994.89 2.8281e-14   4110.13 1 
  3997.56 2.9286e-14   4112.88 1 
  4000.24 3.0280e-14   4115.63 1 
  4002.91 2.9626e-14   4118.38 1 
  4005.58 2.9798e-14   4121.13 1 
  4008.25 3.1844e-14   4123.88 1 
  4010.93 3.1447e-14   4126.63 1 
  4013.60 3.2078e-14   4129.38 1 
  4016.27 3.0946e-14   4132.13 1 
  4018.95 2.9341e-14   4134.88 1 
  4021.62 3.1172e-14   4137.63 1 
  4024.29 3.1822e-14   4140.38 1 
  4026.96 3.1690e-14   4143.13 1 
  4029.64 2.9635e-14   4145.88 1 
  4032.31 3.1822e-14   4148.63 1 
  4034.98 3.1331e-14   4151.38 1 
  4037.66 2.9635e-14   4154.13 1 
  4040.33 3.0883e-14   4156.88 1 
  4043.00 3.1188e-14   4159.63 1 
  4045.67 2.9207e-14   4162.38 1 
  4048.35 2.9259e-14   4165.13 1 
  4051.02 3.0868e-14   4167.88 1 
  4053.69 3.0001e-14   4170.63 1 
  4056.37 2.9661e-14   4173.38 1 
  4059.04 2.9497e-14   4176.13 1 
  4061.71 3.0600e-14   4178.88 1 
  4064.38 2.9558e-14   4181.63 1 
  4067.06 3.1244e-14   4184.38 1 
  4069.73 3.0346e-14   4187.13 1 
  4072.40 3.1601e-14   4189.88 1 
  4075.08 3.0647e-14   4192.63 1 
  4077.75 3.2493e-14   4195.38 1 
  4080.42 3.1576e-14   4198.13 1 
  4083.09 3.3155e-14   4200.88 1 
  4085.77 3.3906e-14   4203.63 1 
  4088.44 3.2874e-14   4206.38 1 
  4091.11 3.0920e-14   4209.13 1 
  4093.79 3.1565e-14   4211.88 1 
  4096.46 3.0871e-14   4214.63 1 
  4099.13 3.1445e-14   4217.38 1 
  4101.81 2.8884e-14   4220.13 1 
  4104.48 2.8634e-14   4222.88 1 
  4107.15 3.0315e-14   4225.63 1 
  4109.82 3.0511e-14   4228.38 1 
  4112.50 3.0729e-14   4231.13 1 
  4115.17 3.2763e-14   4233.88 1 
  4117.84 3.1972e-14   4236.63 1 
  4120.52 3.2475e-14   4239.38 1 
  4123.19 3.1613e-14   4242.13 1 
  4125.86 2.9069e-14   4244.88 1 
  4128.53 3.1246e-14   4247.63 1 
  4131.21 3.5076e-14   4250.38 1 
  4133.88 3.0185e-14   4253.13 1 
  4136.55 3.0129e-14   4255.88 1 
  4139.23 3.1897e-14   4258.63 1 
  4141.90 3.1368e-14   4261.38 1 
  4144.57 3.0402e-14   4264.13 1 
  4147.24 2.9370e-14   4266.88 1 
  4149.92 3.1701e-14   4269.63 1 
  4152.59 3.0931e-14   4272.38 1 
  4155.26 2.8543e-14   4275.13 1 
  4157.94 2.9477e-14   4277.88 1 
  4160.61 3.1322e-14   4280.63 1 
  4163.28 3.2030e-14   4283.38 1 
  4165.95 3.2127e-14   4286.13 1 
  4168.63 2.9863e-14   4288.88 1 
  4171.30 3.2369e-14   4291.63 1 
  4173.97 2.8906e-14   4294.38 1 
  4176.65 2.8046e-14   4297.13 1 
  4179.32 2.8988e-14   4299.88 1 
  4181.99 3.0927e-14   4302.63 1 
  4184.66 3.0199e-14   4305.38 1 
  4187.34 3.1086e-14   4308.13 1 
  4190.01 3.2600e-14   4310.88 1 
  4192.68 3.2514e-14   4313.63 1 
  4195.36 3.2022e-14   4316.38 1 
  4198.03 3.0384e-14   4319.13 1 
  4200.70 3.1725e-14   4321.88 1 
  4203.38 3.1325e-14   4324.63 1 
  4206.05 3.3191e-14   4327.38 1 
  4208.72 3.2149e-14   4330.13 1 
  4211.39 3.4202e-14   4332.88 1 
  4214.07 3.3362e-14   4335.63 1 
  4216.74 3.3412e-14   4338.38 1 
  4219.41 3.2087e-14   4341.13 1 
  4222.09 3.0387e-14   4343.88 1 
  4224.76 3.1005e-14   4346.63 1 
  4227.43 3.2425e-14   4349.38 1 
  4230.10 2.8688e-14   4352.13 1 
  4232.78 3.0051e-14   4354.88 1 
  4235.45 3.0245e-14   4357.63 1 
  4238.12 3.1138e-14   4360.38 1 
  4240.80 3.1804e-14   4363.13 1 
  4243.47 3.3488e-14   4365.88 1 
  4246.14 3.1670e-14   4368.63 1 
  4248.81 3.3987e-14   4371.38 1 
  4251.49 3.1956e-14   4374.13 1 
  4254.16 3.1906e-14   4376.88 1 
  4256.83 3.1996e-14   4379.63 1 
  4259.51 2.9904e-14   4382.38 1 
  4262.18 3.1210e-14   4385.13 1 
  4264.85 3.2769e-14   4387.88 1 
  4267.52 3.2820e-14   4390.63 1 
  4270.20 3.3476e-14   4393.38 1 
  4272.87 3.2287e-14   4396.13 1 
  4275.54 3.1824e-14   4398.88 1 
  4278.22 3.4088e-14   4401.63 1 
  4280.89 3.0856e-14   4404.38 1 
  4283.56 3.0850e-14   4407.13 1 
  4286.23 3.0554e-14   4409.88 1 
  4288.91 3.0733e-14   4412.63 1 
  4291.58 3.0576e-14   4415.38 1 
  4294.25 3.0648e-14   4418.13 1 
  4296.93 3.2100e-14   4420.88 1 
  4299.60 3.0176e-14   4423.63 1 
  4302.27 2.8886e-14   4426.38 1 
  4304.95 2.6265e-14   4429.13 1 
  4307.62 2.6842e-14   4431.88 1 
  4310.29 2.8128e-14   4434.63 1 
  4312.96 2.8480e-14   4437.38 1 
  4315.64 3.1169e-14   4440.13 1 
  4318.31 3.2923e-14   4442.88 1 
  4320.98 3.4581e-14   4445.63 1 
  4323.66 3.5284e-14   4448.38 1 
  4326.33 3.2615e-14   4451.13 1 
  4329.00 3.2410e-14   4453.88 1 
  4331.67 3.4585e-14   4456.63 1 
  4334.35 3.2649e-14   4459.38 1 
  4337.02 3.1976e-14   4462.13 1 
  4339.69 3.3920e-14   4464.88 1 
  4342.37 3.4407e-14   4467.63 1 
  4345.04 3.5665e-14   4470.38 1 
  4347.71 3.4739e-14   4473.13 1 
  4350.38 3.5820e-14   4475.88 1 
  4353.06 3.4766e-14   4478.63 1 
  4355.73 3.4908e-14   4481.38 1 
  4358.40 3.3824e-14   4484.13 1 
  4361.08 3.6687e-14   4486.88 1 
  4363.75 3.5806e-14   4489.63 1 
  4366.42 3.5154e-14   4492.38 1 
  4369.09 3.6250e-14   4495.13 1 
  4371.77 3.7482e-14   4497.88 1 
  4374.44 3.6689e-14   4500.63 1 
  4377.11 3.3991e-14   4503.38 1 
  4379.79 3.2076e-14   4506.13 1 
  4382.46 3.2159e-14   4508.88 1 
  4385.13 3.1886e-14   4511.63 1 
  4387.80 3.2479e-14   4514.38 1 
  4390.48 3.3053e-14   4517.13 1 
  4393.15 3.3859e-14   4519.88 1 
  4395.82 3.4889e-14   4522.63 1 
  4398.50 3.4447e-14   4525.38 1 
  4401.17 3.3033e-14   4528.13 1 
  4403.84 3.4597e-14   4530.88 1 
  4406.52 3.4208e-14   4533.63 1 
  4409.19 3.5593e-14   4536.38 1 
  4411.86 3.3031e-14   4539.13 1 
  4414.53 3.6002e-14   4541.88 1 
  4417.21 3.7324e-14   4544.63 1 
  4419.88 3.7088e-14   4547.38 1 
  4422.55 3.8531e-14   4550.13 1 
  4425.23 3.6494e-14   4552.88 1 
  4427.90 3.6015e-14   4555.63 1 
  4430.57 3.5870e-14   4558.38 1 
  4433.24 3.6590e-14   4561.13 1 
  4435.92 3.6172e-14   4563.88 1 
  4438.59 3.8157e-14   4566.63 1 
  4441.26 3.8033e-14   4569.38 1 
  4443.94 3.7955e-14   4572.13 1 
  4446.61 3.8730e-14   4574.88 1 
  4449.28 3.9182e-14   4577.63 1 
  4451.95 3.6953e-14   4580.38 1 
  4454.63 3.6662e-14   4583.13 1 
  4457.30 3.7747e-14   4585.88 1 
  4459.97 3.5795e-14   4588.63 1 
  4462.65 3.5229e-14   4591.38 1 
  4465.32 3.6785e-14   4594.13 1 
  4467.99 3.6002e-14   4596.88 1 
  4470.66 3.7194e-14   4599.63 1 
  4473.34 3.9247e-14   4602.38 1 
  4476.01 3.8287e-14   4605.13 1 
  4478.68 3.8275e-14   4607.88 1 
  4481.36 3.9768e-14   4610.63 1 
  4484.03 3.9719e-14   4613.38 1 
  4486.70 3.8870e-14   4616.13 1 
  4489.37 3.8648e-14   4618.88 1 
  4492.05 3.9995e-14   4621.63 1 
  4494.72 4.0462e-14   4624.38 1 
  4497.39 4.0040e-14   4627.13 1 
  4500.07 3.9857e-14   4629.88 1 
  4502.74 4.1694e-14   4632.63 1 
  4505.41 4.3209e-14   4635.38 1 
  4508.09 4.2801e-14   4638.13 1 
  4510.76 4.3093e-14   4640.88 1 
  4513.43 4.1339e-14   4643.63 1 
  4516.10 4.0749e-14   4646.38 1 
  4518.78 4.0338e-14   4649.13 1 
  4521.45 3.9696e-14   4651.88 1 
  4524.12 3.8482e-14   4654.63 1 
  4526.80 3.7715e-14   4657.38 1 
  4529.47 3.8153e-14   4660.13 1 
  4532.14 3.7884e-14   4662.88 1 
  4534.81 3.8218e-14   4665.63 1 
  4537.49 3.9098e-14   4668.38 1 
  4540.16 3.9461e-14   4671.13 1 
  4542.83 3.9238e-14   4673.88 1 
  4545.51 3.8854e-14   4676.63 1 
  4548.18 3.9676e-14   4679.38 1 
  4550.85 4.0019e-14   4682.13 1 
  4553.52 3.8510e-14   4684.88 1 
  4556.20 4.0368e-14   4687.63 1 
  4558.87 3.9666e-14   4690.38 1 
  4561.54 4.0634e-14   4693.13 1 
  4564.22 4.2261e-14   4695.88 1 
  4566.89 4.0253e-14   4698.63 1 
  4569.56 4.1032e-14   4701.38 1 
  4572.23 3.9773e-14   4704.13 1 
  4574.91 4.0416e-14   4706.88 1 
  4577.58 4.0838e-14   4709.63 1 
  4580.25 4.1188e-14   4712.38 1 
  4582.93 4.1326e-14   4715.13 1 
  4585.60 4.1712e-14   4717.88 1 
  4588.27 4.1847e-14   4720.63 1 
  4590.94 4.1415e-14   4723.38 1 
  4593.62 4.0217e-14   4726.13 1 
  4596.29 4.2215e-14   4728.88 1 
  4598.96 4.2742e-14   4731.63 1 
  4601.64 4.3949e-14   4734.38 1 
  4604.31 4.3468e-14   4737.13 1 
  4606.98 4.2924e-14   4739.88 1 
  4609.66 4.3691e-14   4742.63 1 
  4612.33 4.4347e-14   4745.38 1 
  4615.00 4.5112e-14   4748.13 1 
  4617.67 4.4040e-14   4750.88 1 
  4620.35 4.4056e-14   4753.63 1 
  4623.02 4.3541e-14   4756.38 1 
  4625.69 4.3452e-14   4759.13 1 
  4628.37 4.4006e-14   4761.88 1 
  4631.04 4.2850e-14   4764.63 1 
  4633.71 4.3046e-14   4767.38 1 
  4636.38 4.2832e-14   4770.13 1 
  4639.06 4.2996e-14   4772.88 1 
  4641.73 4.2396e-14   4775.63 1 
  4644.40 4.2050e-14   4778.38 1 
  4647.08 4.1863e-14   4781.13 1 
  4649.75 4.2119e-14   4783.88 1 
  4652.42 4.3492e-14   4786.63 1 
  4655.09 4.2324e-14   4789.38 1 
  4657.77 4.3599e-14   4792.13 1 
  4660.44 4.3580e-14   4794.88 1 
  4663.11 4.2226e-14   4797.63 1 
  4665.79 4.1366e-14   4800.38 1 
  4668.46 4.0303e-14   4803.13 1 
  4671.13 4.0423e-14   4805.88 1 
  4673.80 4.0302e-14   4808.63 1 
  4676.48 4.1242e-14   4811.38 1 
  4679.15 4.0598e-14   4814.13 1 
  4681.82 3.8919e-14   4816.88 1 
  4684.50 3.9380e-14   4819.63 1 
  4687.17 4.0973e-14   4822.38 1 
  4689.84 3.9486e-14   4825.13 1 
  4692.51 4.2716e-14   4827.88 1 
  4695.19 4.1284e-14   4830.63 1 
  4697.86 4.0529e-14   4833.38 1 
  4700.53 4.0013e-14   4836.13 1 
  4703.21 3.8519e-14   4838.88 1 
  4705.88 3.9347e-14   4841.63 1 
  4708.55 4.0015e-14   4844.38 1 
  4711.23 3.8297e-14   4847.13 1 
  4713.90 3.9656e-14   4849.88 1 
  4716.57 4.1044e-14   4852.63 1 
  4719.24 4.1164e-14   4855.38 1 
  4721.92 4.2584e-14   4858.13 1 
  4724.59 4.1733e-14   4860.88 1 
  4727.26 4.1589e-14   4863.63 1 
  4729.94 4.0878e-14   4866.38 1 
  4732.61 4.0296e-14   4869.13 1 
  4735.28 4.1027e-14   4871.88 1 
  4737.95 4.2582e-14   4874.63 1 
  4740.63 4.0065e-14   4877.38 1 
  4743.30 3.9569e-14   4880.13 1 
  4745.97 4.1761e-14   4882.88 1 
  4748.65 4.3438e-14   4885.63 1 
  4751.32 4.2153e-14   4888.38 1 
  4753.99 4.0784e-14   4891.13 1 
  4756.66 4.0530e-14   4893.88 1 
  4759.34 4.2296e-14   4896.63 1 
  4762.01 4.1413e-14   4899.38 1 
  4764.68 4.0694e-14   4902.13 1 
  4767.36 4.0017e-14   4904.88 1 
  4770.03 3.8486e-14   4907.63 1 
  4772.70 4.0458e-14   4910.38 1 
  4775.37 4.0607e-14   4913.13 1 
  4778.05 4.1271e-14   4915.88 1 
  4780.72 4.1130e-14   4918.63 1 
  4783.39 4.1699e-14   4921.38 1 
  4786.07 4.1748e-14   4924.13 1 
  4788.74 4.2827e-14   4926.88 1 
  4791.41 4.1489e-14   4929.63 1 
  4794.08 4.3162e-14   4932.38 1 
  4796.76 4.4514e-14   4935.13 1 
  4799.43 4.2742e-14   4937.88 1 
  4802.10 4.2804e-14   4940.63 1 
  4804.78 4.2286e-14   4943.38 1 
  4807.45 4.2563e-14   4946.13 1 
  4810.12 4.2430e-14   4948.88 1 
  4812.80 4.2698e-14   4951.63 1 
  4815.47 4.1245e-14   4954.38 1 
  4818.14 4.2478e-14   4957.13 1 
  4820.81 4.2458e-14   4959.88 1 
  4823.49 4.2887e-14   4962.63 1 
  4826.16 4.1956e-14   4965.38 1 
  4828.83 4.1713e-14   4968.13 1 
  4831.51 4.3140e-14   4970.88 1 
  4834.18 4.2162e-14   4973.63 1 
  4836.85 4.1780e-14   4976.38 1 
  4839.52 4.0551e-14   4979.13 1 
  4842.20 4.0212e-14   4981.88 1 
  4844.87 4.0861e-14   4984.63 1 
  4847.54 4.0285e-14   4987.38 1 
  4850.22 3.8547e-14   4990.13 1 
  4852.89 3.9996e-14   4992.88 1 
  4855.56 4.0784e-14   4995.63 1 
  4858.23 4.0976e-14   4998.38 1 
  4860.91 4.3734e-14   5001.13 1 
  4863.58 4.4279e-14   5003.88 1 
  4866.25 4.2347e-14   5006.63 1 
  4868.93 4.3634e-14   5009.38 1 
  4871.60 4.4668e-14   5012.13 1 
  4874.27 4.1433e-14   5014.88 1 
  4876.94 4.0358e-14   5017.63 1 
  4879.62 4.0051e-14   5020.38 1 
  4882.29 3.9850e-14   5023.13 1 
  4884.96 4.0851e-14   5025.88 1 
  4887.64 3.9984e-14   5028.63 1 
  4890.31 3.9222e-14   5031.38 1 
  4892.98 3.9301e-14   5034.13 1 
  4895.65 4.0853e-14   5036.88 1 
  4898.33 4.2122e-14   5039.63 1 
  4901.00 4.1263e-14   5042.38 1 
  4903.67 4.1113e-14   5045.13 1 
  4906.35 4.1010e-14   5047.88 1 
  4909.02 4.1188e-14   5050.63 1 
  4911.69 4.0845e-14   5053.38 1 
  4914.37 4.2204e-14   5056.13 1 
  4917.04 4.2746e-14   5058.88 1 
  4919.71 4.1199e-14   5061.63 1 
  4922.38 4.0103e-14   5064.38 1 
  4925.06 4.1954e-14   5067.13 1 
  4927.73 4.0441e-14   5069.88 1 
  4930.40 4.2121e-14   5072.63 1 
  4933.08 4.0550e-14   5075.38 1 
  4935.75 4.0839e-14   5078.13 1 
  4938.42 4.1313e-14   5080.88 1 
  4941.09 4.0990e-14   5083.63 1 
  4943.77 4.2899e-14   5086.38 1 
  4946.44 4.2864e-14   5089.13 1 
  4949.11 4.5090e-14   5091.88 1 
  4951.79 4.4416e-14   5094.63 1 
  4954.46 4.4874e-14   5097.38 1 
  4957.13 4.4192e-14   5100.13 1 
  4959.80 4.3261e-14   5102.88 1 
  4962.48 4.1619e-14   5105.63 1 
  4965.15 4.3810e-14   5108.38 1 
  4967.82 4.2970e-14   5111.13 1 
  4970.50 4.3219e-14   5113.88 1 
  4973.17 4.2611e-14   5116.63 1 
  4975.84 4.2372e-14   5119.38 1 
  4978.51 4.0591e-14   5122.13 1 
  4981.19 3.9682e-14   5124.88 1 
  4983.86 4.1052e-14   5127.63 1 
  4986.53 4.0790e-14   5130.38 1 
  4989.21 4.0989e-14   5133.13 1 
  4991.88 4.1324e-14   5135.88 1 
  4994.55 4.0056e-14   5138.63 1 
  4997.22 3.9351e-14   5141.38 1 
  4999.90 4.1109e-14   5144.13 1 
  5002.57 4.4124e-14   5146.88 1 
  5005.24 4.5507e-14   5149.63 1 
  5007.92 5.0134e-14   5152.38 1 
  5010.59 4.7443e-14   5155.13 1 
  5013.26 4.6850e-14   5157.88 1 
  5015.94 4.5480e-14   5160.63 1 
  5018.61 4.4226e-14   5163.38 1 
  5021.28 4.4367e-14   5166.13 1 
  5023.95 4.1795e-14   5168.88 1 
  5026.63 3.9943e-14   5171.63 1 
  5029.30 4.0240e-14   5174.38 1 
  5031.97 4.0127e-14   5177.13 1 
  5034.65 4.0031e-14   5179.88 1 
  5037.32 3.9683e-14   5182.63 1 
  5039.99 3.9731e-14   5185.38 1 
  5042.66 4.0317e-14   5188.13 1 
  5045.34 3.9122e-14   5190.88 1 
  5048.01 4.1308e-14   5193.63 1 
  5050.68 4.0737e-14   5196.38 1 
  5053.36 4.0713e-14   5199.13 1 
  5056.03 4.2403e-14   5201.88 1 
  5058.70 4.2018e-14   5204.63 1 
  5061.37 4.1275e-14   5207.38 1 
  5064.05 4.2235e-14   5210.13 1 
  5066.72 4.2163e-14   5212.88 1 
  5069.39 4.0029e-14   5215.63 1 
  5072.07 4.0728e-14   5218.38 1 
  5074.74 4.0671e-14   5221.13 1 
  5077.41 3.9968e-14   5223.88 1 
  5080.08 4.1402e-14   5226.63 1 
  5082.76 4.1372e-14   5229.38 1 
  5085.43 4.0569e-14   5232.13 1 
  5088.10 4.0315e-14   5234.88 1 
  5090.78 4.1353e-14   5237.63 1 
  5093.45 3.9726e-14   5240.38 1 
  5096.12 3.9054e-14   5243.13 1 
  5098.79 4.0351e-14   5245.88 1 
  5101.47 4.0721e-14   5248.63 1 
  5104.14 4.0210e-14   5251.38 1 
  5106.81 3.9273e-14   5254.13 1 
  5109.49 3.9867e-14   5256.88 1 
  5112.16 4.0114e-14   5259.63 1 
  5114.83 3.9432e-14   5262.38 1 
  5117.51 3.8700e-14   5265.13 1 
  5120.18 4.1445e-14   5267.88 1 
  5122.85 4.1230e-14   5270.63 1 
  5125.52 3.9799e-14   5273.38 1 
  5128.20 4.0760e-14   5276.13 1 
  5130.87 3.9988e-14   5278.88 1 
  5133.54 3.8612e-14   5281.63 1 
  5136.22 3.8876e-14   5284.38 1 
  5138.89 3.8961e-14   5287.13 1 
  5141.56 3.9427e-14   5289.88 1 
  5144.23 3.9279e-14   5292.63 1 
  5146.91 3.8760e-14   5295.38 1 
  5149.58 3.8744e-14   5298.13 1 
  5152.25 3.9558e-14   5300.88 1 
  5154.93 3.9943e-14   5303.63 1 
  5157.60 4.0219e-14   5306.38 1 
  5160.27 3.7823e-14   5309.13 1 
  5162.94 3.7353e-14   5311.88 1 
  5165.62 3.5052e-14   5314.63 1 
  5168.29 3.5304e-14   5317.38 1 
  5170.96 3.3998e-14   5320.13 1 
  5173.64 3.3056e-14   5322.88 1 
  5176.31 3.4640e-14   5325.63 1 
  5178.98 3.2435e-14   5328.38 1 
  5181.65 3.4334e-14   5331.13 1 
  5184.33 3.5620e-14   5333.88 1 
  5187.00 3.5044e-14   5336.63 1 
  5189.67 3.7535e-14   5339.38 1 
  5192.35 3.9023e-14   5342.13 1 
  5195.02 3.8900e-14   5344.88 1 
  5197.69 4.0913e-14   5347.63 1 
  5200.36 3.8897e-14   5350.38 1 
  5203.04 3.9274e-14   5353.13 1 
  5205.71 3.9632e-14   5355.88 1 
  5208.38 3.8870e-14   5358.63 1 
  5211.06 4.0090e-14   5361.38 1 
  5213.73 3.9672e-14   5364.13 1 
  5216.40 4.1035e-14   5366.88 1 
  5219.08 4.0021e-14   5369.63 1 
  5221.75 3.9247e-14   5372.38 1 
  5224.42 4.0773e-14   5375.13 1 
  5227.09 4.1493e-14   5377.88 1 
  5229.77 3.9919e-14   5380.63 1 
  5232.44 4.1478e-14   5383.38 1 
  5235.11 4.1416e-14   5386.13 1 
  5237.79 4.2427e-14   5388.88 1 
  5240.46 4.2460e-14   5391.63 1 
  5243.13 4.1789e-14   5394.38 1 
  5245.80 4.3693e-14   5397.13 1 
  5248.48 4.1575e-14   5399.88 1 
  5251.15 4.2363e-14   5402.63 1 
  5253.82 4.1811e-14   5405.38 1 
  5256.50 4.1551e-14   5408.13 1 
  5259.17 4.2692e-14   5410.88 1 
  5261.84 4.1084e-14   5413.63 1 
  5264.51 3.9928e-14   5416.38 1 
  5267.19 3.7088e-14   5419.13 1 
  5269.86 3.8249e-14   5421.88 1 
  5272.53 3.9504e-14   5424.63 1 
  5275.21 4.0866e-14   5427.38 1 
  5277.88 3.9974e-14   5430.13 1 
  5280.55 4.1327e-14   5432.88 1 
  5283.22 4.2130e-14   5435.63 1 
  5285.90 4.2538e-14   5438.38 1 
  5288.57 4.3635e-14   5441.13 1 
  5291.24 4.2304e-14   5443.88 1 
  5293.92 4.2185e-14   5446.63 1 
  5296.59 4.3868e-14   5449.38 1 
  5299.26 4.1593e-14   5452.13 1 
  5301.93 4.2190e-14   5454.88 1 
  5304.61 4.5391e-14   5457.63 1 
  5307.28 4.4358e-14   5460.38 1 
  5309.95 4.6172e-14   5463.13 1 
  5312.63 4.3161e-14   5465.88 1 
  5315.30 4.3057e-14   5468.63 1 
  5317.97 4.4518e-14   5471.38 1 
  5320.65 4.2646e-14   5474.13 1 
  5323.32 4.1904e-14   5476.88 1 
  5325.99 4.1429e-14   5479.63 1 
  5328.66 4.1365e-14   5482.38 1 
  5331.34 4.0719e-14   5485.13 1 
  5334.01 3.9775e-14   5487.88 1 
  5336.68 4.0713e-14   5490.63 1 
  5339.36 4.0919e-14   5493.38 1 
  5342.03 4.2669e-14   5496.13 1 
  5344.70 4.4360e-14   5498.88 1 
  5347.37 4.2606e-14   5501.63 1 
  5350.05 4.2265e-14   5504.38 1 
  5352.72 4.3281e-14   5507.13 1 
  5355.39 4.4430e-14   5509.88 1 
  5358.07 4.5166e-14   5512.63 1 
  5360.74 4.4118e-14   5515.38 1 
  5363.41 4.3814e-14   5518.13 1 
  5366.08 4.4701e-14   5520.88 1 
  5368.76 4.5472e-14   5523.63 1 
  5371.43 4.3111e-14   5526.38 1 
  5374.10 4.2671e-14   5529.13 1 
  5376.78 4.1981e-14   5531.88 1 
  5379.45 4.4524e-14   5534.63 1 
  5382.12 4.3176e-14   5537.38 1 
  5384.79 4.2296e-14   5540.13 1 
  5387.47 4.4255e-14   5542.88 1 
  5390.14 4.4107e-14   5545.63 1 
  5392.81 4.1300e-14   5548.38 1 
  5395.49 4.0699e-14   5551.13 1 
  5398.16 3.9078e-14   5553.88 1 
  5400.83 3.8518e-14   5556.63 1 
  5403.50 3.9465e-14   5559.38 1 
  5406.18 4.2884e-14   5562.13 1 
  5408.85 4.0642e-14   5564.88 1 
  5411.52 3.9657e-14   5567.63 1 
  5414.20 4.1765e-14   5570.38 1 
  5416.87 4.2205e-14   5573.13 1 
  5419.54 4.2986e-14   5575.88 1 
  5422.22 4.3771e-14   5578.63 1 
  5424.89 4.3896e-14   5581.38 1 
  5427.56 4.2785e-14   5584.13 1 
  5430.23 4.3791e-14   5586.88 1 
  5432.91 4.2440e-14   5589.63 1 
  5435.58 4.1504e-14   5592.38 1 
  5438.25 4.0963e-14   5595.13 1 
  5440.93 4.3248e-14   5597.88 1 
  5443.60 4.4273e-14   5600.63 1 
  5446.27 4.2125e-14   5603.38 1 
  5448.94 4.2612e-14   5606.13 1 
  5451.62 4.2429e-14   5608.88 1 
  5454.29 4.3056e-14   5611.63 1 
  5456.96 4.1983e-14   5614.38 1 
  5459.64 4.1505e-14   5617.13 1 
  5462.31 4.0419e-14   5619.88 1 
  5464.98 4.1983e-14   5622.63 1 
  5467.65 4.1981e-14   5625.38 1 
  5470.33 4.0973e-14   5628.13 1 
  5473.00 4.2385e-14   5630.88 1 
  5475.67 4.3249e-14   5633.63 1 
  5478.35 4.2821e-14   5636.38 1 
  5481.02 4.2783e-14   5639.13 1 
  5483.69 4.2919e-14   5641.88 1 
  5486.36 4.1460e-14   5644.63 1 
  5489.04 4.1642e-14   5647.38 1 
  5491.71 4.2295e-14   5650.13 1 
  5494.38 4.2689e-14   5652.88 1 
  5497.06 4.2919e-14   5655.63 1 
  5499.73 4.1232e-14   5658.38 1 
  5502.40 4.1082e-14   5661.13 1 
  5505.07 4.3274e-14   5663.88 1 
  5507.75 4.3323e-14   5666.63 1 
  5510.42 4.3707e-14   5669.38 1 
  5513.09 4.3769e-14   5672.13 1 
  5515.77 4.3868e-14   5674.88 1 
  5518.44 4.2547e-14   5677.63 1 
  5521.11 4.2650e-14   5680.38 1 
  5523.79 4.1932e-14   5683.13 1 
  5526.46 4.2596e-14   5685.88 1 
  5529.13 4.2751e-14   5688.63 1 
  5531.80 4.4031e-14   5691.38 1 
  5534.48 4.4249e-14   5694.13 1 
  5537.15 4.2815e-14   5696.88 1 
  5539.82 4.2427e-14   5699.63 1 
  5542.50 4.2347e-14   5702.38 1 
  5545.17 4.3132e-14   5705.13 1 
  5547.84 4.3734e-14   5707.88 1 
  5550.51 4.3827e-14   5710.63 1 
  5553.19 4.4767e-14   5713.38 1 
  5555.86 4.2773e-14   5716.13 1 
  5558.53 4.2110e-14   5718.88 1 
  5561.21 4.2943e-14   5721.63 1 
  5563.88 4.2961e-14   5724.38 1 
  5566.55 4.1230e-14   5727.13 1 
  5569.22 4.1322e-14   5729.88 1 
  5571.90 4.1918e-14   5732.63 1 
  5574.57 4.1786e-14   5735.38 1 
  5577.24 4.2017e-14   5738.13 1 
  5579.92 4.1591e-14   5740.88 1 
  5582.59 4.1811e-14   5743.63 1 
  5585.26 4.1404e-14   5746.38 1 
  5587.93 4.0137e-14   5749.13 1 
  5590.61 3.9809e-14   5751.88 1 
  5593.28 3.9905e-14   5754.63 1 
  5595.95 4.0198e-14   5757.38 1 
  5598.63 4.0834e-14   5760.13 1 
  5601.30 4.1263e-14   5762.88 1 
  5603.97 4.2902e-14   5765.63 1 
  5606.64 4.3041e-14   5768.38 1 
  5609.32 4.2913e-14   5771.13 1 
  5611.99 4.1412e-14   5773.88 1 
  5614.66 4.0628e-14   5776.63 1 
  5617.34 4.2095e-14   5779.38 1 
  5620.01 4.2587e-14   5782.13 1 
  5622.68 4.2214e-14   5784.88 1 
  5625.36 4.2161e-14   5787.63 1 
  5628.03 4.1569e-14   5790.38 1 
  5630.70 4.2577e-14   5793.13 1 
  5633.37 4.2726e-14   5795.88 1 
  5636.05 4.2831e-14   5798.63 1 
  5638.72 4.2352e-14   5801.38 1 
  5641.39 4.2150e-14   5804.13 1 
  5644.07 4.2848e-14   5806.88 1 
  5646.74 4.2346e-14   5809.63 1 
  5649.41 4.1565e-14   5812.38 1 
  5652.08 4.2917e-14   5815.13 1 
  5654.76 4.2174e-14   5817.88 1 
  5657.43 4.1452e-14   5820.63 1 
  5660.10 4.2148e-14   5823.38 1 
  5662.78 4.2424e-14   5826.13 1 
  5665.45 4.4073e-14   5828.88 1 
  5668.12 4.3951e-14   5831.63 1 
  5670.79 4.3456e-14   5834.38 1 
  5673.47 4.4182e-14   5837.13 1 
  5676.14 4.4308e-14   5839.88 1 
  5678.81 4.3501e-14   5842.63 1 
  5681.49 4.3176e-14   5845.38 1 
  5684.16 4.3803e-14   5848.13 1 
  5686.83 4.2959e-14   5850.88 1 
  5689.50 4.3032e-14   5853.63 1 
  5692.18 4.3257e-14   5856.38 1 
  5694.85 4.2015e-14   5859.13 1 
  5697.52 4.2022e-14   5861.88 1 
  5700.20 4.3129e-14   5864.63 1 
  5702.87 4.2658e-14   5867.38 1 
  5705.54 4.1120e-14   5870.13 1 
  5708.22 4.1826e-14   5872.88 1 
  5710.89 4.0719e-14   5875.63 1 
  5713.56 4.2771e-14   5878.38 1 
  5716.23 4.0982e-14   5881.13 1 
  5718.91 4.4201e-14   5883.88 1 
  5721.58 4.3395e-14   5886.63 1 
  5724.25 4.4082e-14   5889.38 1 
  5726.93 4.3245e-14   5892.13 1 
  5729.60 4.4778e-14   5894.88 1 
  5732.27 4.4961e-14   5897.63 1 
  5734.94 4.4281e-14   5900.38 1 
  5737.62 4.4292e-14   5903.13 1 
  5740.29 4.5519e-14   5905.88 1 
  5742.96 4.3199e-14   5908.63 1 
  5745.64 4.3803e-14   5911.38 1 
  5748.31 4.5118e-14   5914.13 1 
  5750.98 4.4043e-14   5916.88 1 
  5753.65 4.3368e-14   5919.63 1 
  5756.33 4.3171e-14   5922.38 1 
  5759.00 4.3899e-14   5925.13 1 
  5761.67 4.2145e-14   5927.88 1 
  5764.35 4.4700e-14   5930.63 1 
  5767.02 4.5585e-14   5933.38 1 
  5769.69 4.4397e-14   5936.13 1 
  5772.36 4.2329e-14   5938.88 1 
  5775.04 4.0646e-14   5941.63 1 
  5777.71 4.2364e-14   5944.38 1 
  5780.38 4.1960e-14   5947.13 1 
  5783.06 4.1690e-14   5949.88 1 
  5785.73 4.0634e-14   5952.63 1 
  5788.40 4.2960e-14   5955.38 1 
  5791.07 4.3079e-14   5958.13 1 
  5793.75 4.4261e-14   5960.88 1 
  5796.42 4.1880e-14   5963.63 1 
  5799.09 4.4423e-14   5966.38 1 
  5801.77 4.3752e-14   5969.13 1 
  5804.44 4.6473e-14   5971.88 1 
  5807.11 4.6510e-14   5974.63 1 
  5809.79 4.5529e-14   5977.38 1 
  5812.46 4.4115e-14   5980.13 1 
  5815.13 4.4318e-14   5982.88 1 
  5817.80 4.2989e-14   5985.63 1 
  5820.48 4.5371e-14   5988.38 1 
  5823.15 4.2473e-14   5991.13 1 
  5825.82 4.2652e-14   5993.88 1 
  5828.50 4.2737e-14   5996.63 1 
  5831.17 4.3403e-14   5999.38 1 
  5833.84 4.4386e-14   6002.13 1 
  5836.51 4.5513e-14   6004.88 1 
  5839.19 4.6007e-14   6007.63 1 
  5841.86 4.4148e-14   6010.38 1 
  5844.53 4.3188e-14   6013.13 1 
  5847.21 4.2136e-14   6015.88 1 
  5849.88 4.2928e-14   6018.63 1 
  5852.55 4.1710e-14   6021.38 1 
  5855.22 4.2320e-14   6024.13 1 
  5857.90 4.3353e-14   6026.88 1 
  5860.57 4.3142e-14   6029.63 1 
  5863.24 4.2247e-14   6032.38 1 
  5865.92 4.2982e-14   6035.13 1 
  5868.59 4.3885e-14   6037.88 1 
  5871.26 4.4166e-14   6040.63 1 
  5873.93 4.4370e-14   6043.38 1 
  5876.61 4.4730e-14   6046.13 1 
  5879.28 4.3633e-14   6048.88 1 
  5881.95 4.2623e-14   6051.63 1 
  5884.63 4.0357e-14   6054.38 1 
  5887.30 3.9295e-14   6057.13 1 
  5889.97 3.9024e-14   6059.88 1 
  5892.64 3.7229e-14   6062.63 1 
  5895.32 3.8924e-14   6065.38 1 
  5897.99 3.6215e-14   6068.13 1 
  5900.66 3.8763e-14   6070.88 1 
  5903.34 3.8719e-14   6073.63 1 
  5906.01 4.0080e-14   6076.38 1 
  5908.68 4.0926e-14   6079.13 1 
  5911.36 4.2690e-14   6081.88 1 
  5914.03 4.2316e-14   6084.63 1 
  5916.70 4.3342e-14   6087.38 1 
  5919.37 4.2894e-14   6090.13 1 
  5922.05 4.0879e-14   6092.88 1 
  5924.72 4.1105e-14   6095.63 1 
  5927.39 4.2751e-14   6098.38 1 
  5930.07 4.1641e-14   6101.13 1 
  5932.74 4.2392e-14   6103.88 1 
  5935.41 4.2723e-14   6106.63 1 
  5938.08 4.3705e-14   6109.38 1 
  5940.76 4.4078e-14   6112.13 1 
  5943.43 4.2719e-14   6114.88 1 
  5946.10 4.3052e-14   6117.63 1 
  5948.78 4.3352e-14   6120.38 1 
  5951.45 4.1471e-14   6123.13 1 
  5954.12 4.1458e-14   6125.88 1 
  5956.79 4.1881e-14   6128.63 1 
  5959.47 4.0287e-14   6131.38 1 
  5962.14 4.2420e-14   6134.13 1 
  5964.81 4.3627e-14   6136.88 1 
  5967.49 4.3126e-14   6139.63 1 
  5970.16 4.3751e-14   6142.38 1 
  5972.83 4.2855e-14   6145.13 1 
  5975.50 4.1511e-14   6147.88 1 
  5978.18 4.2011e-14   6150.63 1 
  5980.85 4.4932e-14   6153.38 1 
  5983.52 4.4247e-14   6156.13 1 
  5986.20 4.1570e-14   6158.88 1 
  5988.87 4.2367e-14   6161.63 1 
  5991.54 4.3014e-14   6164.38 1 
  5994.21 4.2249e-14   6167.13 1 
  5996.89 4.2177e-14   6169.88 1 
  5999.56 4.2212e-14   6172.63 1 
  6002.23 4.3188e-14   6175.38 1 
  6004.91 4.4464e-14   6178.13 1 
  6007.58 4.3338e-14   6180.88 1 
  6010.25 4.1870e-14   6183.63 1 
  6012.93 4.1299e-14   6186.38 1 
  6015.60 4.0922e-14   6189.13 1 
  6018.27 4.3109e-14   6191.88 1 
  6020.94 4.4614e-14   6194.63 1 
  6023.62 4.1639e-14   6197.38 1 
  6026.29 4.2300e-14   6200.13 1 
  6028.96 4.2630e-14   6202.88 1 
  6031.64 4.6525e-14   6205.63 1 
  6034.31 4.3274e-14   6208.38 1 
  6036.98 4.2804e-14   6211.13 1 
  6039.65 4.4936e-14   6213.88 1 
  6042.33 4.3493e-14   6216.63 1 
  6045.00 4.4119e-14   6219.38 1 
  6047.67 4.3490e-14   6222.13 1 
  6050.35 4.4660e-14   6224.88 1 
  6053.02 4.1867e-14   6227.63 1 
  6055.69 4.3574e-14   6230.38 1 
  6058.36 4.2446e-14   6233.13 1 
  6061.04 4.4966e-14   6235.88 1 
  6063.71 4.4988e-14   6238.63 1 
  6066.38 4.4817e-14   6241.38 1 
  6069.06 4.2630e-14   6244.13 1 
  6071.73 4.2407e-14   6246.88 1 
  6074.40 4.5669e-14   6249.63 1 
  6077.07 4.3070e-14   6252.38 1 
  6079.75 4.2591e-14   6255.13 1 
  6082.42 4.4114e-14   6257.88 1 
  6085.09 4.5381e-14   6260.63 1 
  6087.77 4.3251e-14   6263.38 1 
  6090.44 4.1670e-14   6266.13 1 
  6093.11 4.2637e-14   6268.88 1 
  6095.78 4.3664e-14   6271.63 1 
  6098.46 4.1929e-14   6274.38 1 
  6101.13 4.3200e-14   6277.13 1 
  6103.80 4.3312e-14   6279.88 1 
  6106.48 4.4297e-14   6282.63 1 
  6109.15 4.3702e-14   6285.38 1 
  6111.82 4.4222e-14   6288.13 1 
  6114.50 4.4014e-14   6290.88 1 
  6117.17 4.3271e-14   6293.63 1 
  6119.84 4.3428e-14   6296.38 1 
  6122.51 4.2820e-14   6299.13 1 
  6125.19 4.2318e-14   6301.88 1 
  6127.86 4.4345e-14   6304.63 1 
  6130.53 4.3691e-14   6307.38 1 
  6133.21 4.3770e-14   6310.13 1 
  6135.88 4.3201e-14   6312.88 1 
  6138.55 4.3231e-14   6315.63 1 
  6141.22 4.0569e-14   6318.38 1 
  6143.90 4.3504e-14   6321.13 1 
  6146.57 4.3549e-14   6323.88 1 
  6149.24 4.4224e-14   6326.63 1 
  6151.92 4.2849e-14   6329.38 1 
  6154.59 4.2754e-14   6332.13 1 
  6157.26 4.0452e-14   6334.88 1 
  6159.93 4.1765e-14   6337.63 1 
  6162.61 3.9962e-14   6340.38 1 
  6165.28 3.9614e-14   6343.13 1 
  6167.95 4.0720e-14   6345.88 1 
  6170.63 4.0969e-14   6348.63 1 
  6173.30 4.1101e-14   6351.38 1 
  6175.97 4.2104e-14   6354.13 1 
  6178.64 4.1749e-14   6356.88 1 
  6181.32 4.1539e-14   6359.63 1 
  6183.99 4.1541e-14   6362.38 1 
  6186.66 4.3074e-14   6365.13 1 
  6189.34 4.1503e-14   6367.88 1 
  6192.01 4.1858e-14   6370.63 1 
  6194.68 4.1343e-14   6373.38 1 
  6197.35 4.2259e-14   6376.13 1 
  6200.03 4.2955e-14   6378.88 1 
  6202.70 4.0402e-14   6381.63 1 
  6205.37 4.2278e-14   6384.38 1 
  6208.05 4.1982e-14   6387.13 1 
  6210.72 4.2355e-14   6389.88 1 
  6213.39 4.0148e-14   6392.63 1 
  6216.07 4.0300e-14   6395.38 1 
  6218.74 3.8675e-14   6398.13 1 
  6221.41 3.9898e-14   6400.88 1 
  6224.08 4.1034e-14   6403.63 1 
  6226.76 4.0389e-14   6406.38 1 
  6229.43 3.9078e-14   6409.13 1 
  6232.10 4.0213e-14   6411.88 1 
  6234.78 3.9673e-14   6414.63 1 
  6237.45 4.0097e-14   6417.38 1 
  6240.12 4.0100e-14   6420.13 1 
  6242.79 3.9229e-14   6422.88 1 
  6245.47 4.0553e-14   6425.63 1 
  6248.14 4.1607e-14   6428.38 1 
  6250.81 4.0397e-14   6431.13 1 
  6253.49 3.8662e-14   6433.88 1 
  6256.16 3.9867e-14   6436.63 1 
  6258.83 4.1469e-14   6439.38 1 
  6261.50 4.0044e-14   6442.13 1 
  6264.18 4.0844e-14   6444.88 1 
  6266.85 4.1720e-14   6447.63 1 
  6269.52 4.2103e-14   6450.38 1 
  6272.20 4.2975e-14   6453.13 1 
  6274.87 4.2306e-14   6455.88 1 
  6277.54 4.2986e-14   6458.63 1 
  6280.21 4.2134e-14   6461.38 1 
  6282.89 4.2162e-14   6464.13 1 
  6285.56 4.0926e-14   6466.88 1 
  6288.23 4.1430e-14   6469.63 1 
  6290.91 4.1742e-14   6472.38 1 
  6293.58 4.3547e-14   6475.13 1 
  6296.25 4.1133e-14   6477.88 1 
  6298.92 4.3617e-14   6480.63 1 
  6301.60 4.0432e-14   6483.38 1 
  6304.27 4.2851e-14   6486.13 1 
  6306.94 4.0829e-14   6488.88 1 
  6309.62 4.3344e-14   6491.63 1 
  6312.29 4.0804e-14   6494.38 1 
  6314.96 4.3636e-14   6497.13 1 
  6317.64 4.4657e-14   6499.88 1 
  6320.31 4.3548e-14   6502.63 1 
  6322.98 4.1656e-14   6505.38 1 
  6325.65 3.9015e-14   6508.13 1 
  6328.33 4.1266e-14   6510.88 1 
  6331.00 4.0596e-14   6513.63 1 
  6333.67 4.1187e-14   6516.38 1 
  6336.35 4.1017e-14   6519.13 1 
  6339.02 4.1636e-14   6521.88 1 
  6341.69 4.1155e-14   6524.63 1 
  6344.36 4.1034e-14   6527.38 1 
  6347.04 4.0699e-14   6530.13 1 
  6349.71 4.0708e-14   6532.88 1 
  6352.38 3.9275e-14   6535.63 1 
  6355.06 3.9236e-14   6538.38 1 
  6357.73 3.9484e-14   6541.13 1 
  6360.40 3.9887e-14   6543.88 1 
  6363.07 3.9713e-14   6546.63 1 
  6365.75 4.0018e-14   6549.38 1 
  6368.42 4.2202e-14   6552.13 1 
  6371.09 4.2155e-14   6554.88 1 
  6373.77 4.0343e-14   6557.63 1 
  6376.44 4.1879e-14   6560.38 1 
  6379.11 3.9821e-14   6563.13 1 
  6381.78 4.0864e-14   6565.88 1 
  6384.46 4.1353e-14   6568.63 1 
  6387.13 4.0831e-14   6571.38 1 
  6389.80 4.0050e-14   6574.13 1 
  6392.48 3.8766e-14   6576.88 1 
  6395.15 3.9719e-14   6579.63 1 
  6397.82 4.1248e-14   6582.38 1 
  6400.49 4.0713e-14   6585.13 1 
  6403.17 4.0917e-14   6587.88 1 
  6405.84 3.9179e-14   6590.63 1 
  6408.51 4.0697e-14   6593.38 1 
  6411.19 4.1216e-14   6596.13 1 
  6413.86 4.2908e-14   6598.88 1 
  6416.53 4.2094e-14   6601.63 1 
  6419.21 4.1812e-14   6604.38 1 
  6421.88 4.1701e-14   6607.13 1 
  6424.55 4.0695e-14   6609.88 1 
  6427.22 4.1136e-14   6612.63 1 
  6429.90 4.1856e-14   6615.38 1 
  6432.57 4.1713e-14   6618.13 1 
  6435.24 4.2323e-14   6620.88 1 
  6437.92 4.2454e-14   6623.63 1 
  6440.59 4.2522e-14   6626.38 1 
  6443.26 4.2510e-14   6629.13 1 
  6445.93 4.0970e-14   6631.88 1 
  6448.61 4.3209e-14   6634.63 1 
  6451.28 4.1891e-14   6637.38 1 
  6453.95 4.2757e-14   6640.13 1 
  6456.63 4.2942e-14   6642.88 1 
  6459.30 4.3470e-14   6645.63 1 
  6461.97 4.3040e-14   6648.38 1 
  6464.64 4.3662e-14   6651.13 1 
  6467.32 4.4819e-14   6653.88 1 
  6469.99 4.3445e-14   6656.63 1 
  6472.66 4.2999e-14   6659.38 1 
  6475.34 4.1327e-14   6662.13 1 
  6478.01 4.2377e-14   6664.88 1 
  6480.68 4.3448e-14   6667.63 1 
  6483.35 4.2618e-14   6670.38 1 
  6486.03 4.3449e-14   6673.13 1 
  6488.70 4.2004e-14   6675.88 1 
  6491.37 4.2988e-14   6678.63 1 
  6494.05 4.0584e-14   6681.38 1 
  6496.72 4.2815e-14   6684.13 1 
  6499.39 3.9922e-14   6686.88 1 
  6502.06 4.1525e-14   6689.63 1 
  6504.74 4.0662e-14   6692.38 1 
  6507.41 4.1929e-14   6695.13 1 
  6510.08 4.1800e-14   6697.88 1 
  6512.76 3.9950e-14   6700.63 1 
  6515.43 4.1038e-14   6703.38 1 
  6518.10 4.2752e-14   6706.13 1 
  6520.78 4.4560e-14   6708.88 1 
  6523.45 4.3333e-14   6711.63 1 
  6526.12 4.3622e-14   6714.38 1 
  6528.79 4.3413e-14   6717.13 1 
  6531.47 4.3123e-14   6719.88 1 
  6534.14 4.3499e-14   6722.63 1 
  6536.81 4.3538e-14   6725.38 1 
  6539.49 4.4281e-14   6728.13 1 
  6542.16 4.3655e-14   6730.88 1 
  6544.83 4.5327e-14   6733.63 1 
  6547.50 4.7944e-14   6736.38 1 
  6550.18 4.7423e-14   6739.13 1 
  6552.85 5.1191e-14   6741.88 1 
  6555.52 5.7669e-14   6744.63 1 
  6558.20 6.5484e-14   6747.38 1 
  6560.87 6.6553e-14   6750.13 1 
  6563.54 6.9034e-14   6752.88 1 
  6566.21 7.0703e-14   6755.63 1 
  6568.89 7.2621e-14   6758.38 1 
  6571.56 7.4446e-14   6761.13 1 
  6574.23 7.3557e-14   6763.88 1 
  6576.91 7.4101e-14   6766.63 1 
  6579.58 7.1150e-14   6769.38 1 
  6582.25 6.4269e-14   6772.13 1 
  6584.92 6.0330e-14   6774.88 1 
  6587.60 6.0147e-14   6777.63 1 
  6590.27 5.8645e-14   6780.38 1 
  6592.94 5.6684e-14   6783.13 1 
  6595.62 5.5197e-14   6785.88 1 
  6598.29 5.1899e-14   6788.63 1 
  6600.96 4.8256e-14   6791.38 1 
  6603.63 4.6677e-14   6794.13 1 
  6606.31 4.3717e-14   6796.88 1 
  6608.98 4.2661e-14   6799.63 1 
  6611.65 4.2609e-14   6802.38 1 
  6614.33 4.4257e-14   6805.13 1 
  6617.00 4.5951e-14   6807.88 1 
  6619.67 4.4169e-14   6810.63 1 
  6622.35 4.5950e-14   6813.38 1 
  6625.02 4.3730e-14   6816.13 1 
  6627.69 4.5621e-14   6818.88 1 
  6630.36 4.3766e-14   6821.63 1 
  6633.04 4.2692e-14   6824.38 1 
  6635.71 4.3854e-14   6827.13 1 
  6638.38 4.5499e-14   6829.88 1 
  6647.36 4.2359e-14   6839.12 0 
  6662.68 4.2159e-14   6854.88 0 
  6678.04 4.2349e-14   6870.68 0 
  6693.44 4.1860e-14   6886.52 0 
  6708.87 4.1567e-14   6902.40 0 
  6724.33 3.9327e-14   6918.31 0 
  6739.84 4.1271e-14   6934.26 0 
  6755.37 4.0142e-14   6950.24 0 
  6770.94 4.1452e-14   6966.26 0 
  6786.55 4.2218e-14   6982.33 0 
  6802.20 4.0592e-14   6998.42 0 
  6817.88 4.1342e-14   7014.55 0 
  6833.59 4.1528e-14   7030.72 0 
  6849.35 3.9655e-14   7046.93 0 
  6865.14 3.9468e-14   7063.18 0 
  6880.96 4.0475e-14   7079.46 0 
  6896.83 4.0657e-14   7095.78 0 
  6912.72 4.0746e-14   7112.14 0 
  6928.66 4.0183e-14   7128.53 0 
  6944.63 4.1590e-14   7144.96 0 
  6960.64 4.0732e-14   7161.43 0 
  6976.69 4.2353e-14   7177.94 0 
  6992.77 4.2445e-14   7194.49 0 
  7008.89 4.1189e-14   7211.08 0 
  7025.05 4.0154e-14   7227.70 0 
  7041.24 4.2041e-14   7244.36 0 
  7057.47 4.3015e-14   7261.06 0 
  7073.74 3.9135e-14   7277.80 0 
  7090.05 4.0320e-14   7294.57 0 
  7106.39 3.9488e-14   7311.39 0 
  7122.77 3.9211e-14   7328.25 0 
  7139.19 3.6843e-14   7345.14 0 
  7155.65 3.7094e-14   7362.07 0 
  7172.15 3.6834e-14   7379.04 0 
  7188.68 3.7000e-14   7396.05 0 
  7205.25 3.7770e-14   7413.10 0 
  7221.86 3.8913e-14   7430.19 0 
  7238.51 3.9814e-14   7447.32 0 
  7255.20 4.0643e-14   7464.49 0 
  7271.92 3.9621e-14   7481.70 0 
  7288.69 3.9253e-14   7498.94 0 
  7305.49 4.0815e-14   7516.23 0 
  7322.33 4.1093e-14   7533.56 0 
  7339.21 4.0899e-14   7550.92 0 
  7356.13 4.1750e-14   7568.33 0 
  7373.09 4.1172e-14   7585.78 0 
  7390.08 4.1643e-14   7603.26 0 
  7407.12 4.1352e-14   7620.79 0 
  7424.19 4.0498e-14   7638.36 0 
  7441.31 4.2402e-14   7655.97 0 
  7458.46 4.2396e-14   7673.61 0 
  7475.65 4.2586e-14   7691.30 0 
  7492.89 4.2581e-14   7709.04 0 
  7510.16 4.2870e-14   7726.81 0 
  7527.47 4.3262e-14   7744.62 0 
  7544.83 4.3256e-14   7762.47 0 
  7562.22 4.2559e-14   7780.37 0 
  7579.65 4.1489e-14   7798.30 0 
  7597.12 4.1009e-14   7816.28 0 
  7614.64 4.0534e-14   7834.30 0 
  7632.19 4.0810e-14   7852.36 0 
  7649.78 4.0993e-14   7870.46 0 
  7667.42 3.9052e-14   7888.60 0 
  7685.09 3.9957e-14   7906.79 0 
  7702.81 3.9042e-14   7925.01 0 
  7720.57 3.8501e-14   7943.28 0 
  7738.37 3.9302e-14   7961.59 0 
  7756.20 3.6844e-14   7979.95 0 
  7774.09 3.9111e-14   7998.34 0 
  7792.01 3.9106e-14   8016.78 0 
  7809.97 3.8921e-14   8035.26 0 
  7827.97 3.9914e-14   8053.78 0 
  7846.02 3.9090e-14   8072.35 0 
  7864.10 3.9629e-14   8090.96 0 
  7882.23 3.9080e-14   8109.61 0 
  7900.40 3.9165e-14   8128.31 0 
  7918.61 3.8004e-14   8147.04 0 
  7936.87 3.8175e-14   8165.82 0 
  7955.17 3.7473e-14   8184.65 0 
  7973.50 3.8606e-14   8203.52 0 
  7991.88 3.9409e-14   8222.43 0 
  8010.31 3.8595e-14   8241.38 0 
  8028.77 3.9946e-14   8260.38 0 
  8047.28 4.0590e-14   8279.42 0 
  8065.83 4.0584e-14   8298.51 0 
  8084.43 3.9201e-14   8317.64 0 
  8103.06 3.7691e-14   8336.81 0 
  8121.74 3.9552e-14   8356.03 0 
  8140.47 3.8825e-14   8375.29 0 
  8159.23 3.8730e-14   8394.60 0 
  8178.04 3.8370e-14   8413.95 0 
  8196.89 3.7578e-14   8433.35 0 
  8215.79 3.9525e-14   8452.79 0 
  8234.73 3.7222e-14   8472.27 0 
  8253.71 4.0341e-14   8491.80 0 
  8272.74 4.0428e-14   8511.38 0 
  8291.81 3.8692e-14   8531.00 0 
  8310.92 3.8332e-14   8550.67 0 
  8330.08 3.7282e-14   8570.38 0 
  8349.28 3.8057e-14   8590.14 0 
  8368.53 3.8938e-14   8609.94 0 
  8387.82 3.8221e-14   8629.79 0 
  8407.16 3.8128e-14   8649.68 0 
  8426.54 3.8653e-14   8669.62 0 
  8445.96 3.6068e-14   8689.60 0 
  8465.43 3.7158e-14   8709.64 0 
  8484.95 3.8106e-14   8729.71 0 
  8504.51 3.4668e-14   8749.84 0 
  8524.11 3.5226e-14   8770.01 0 
  8543.76 3.6375e-14   8790.23 0 
  8563.46 3.7216e-14   8810.49 0 
  8583.20 3.7211e-14   8830.80 0 
  8602.99 3.7034e-14   8851.16 0 
  8622.82 3.6269e-14   8871.56 0 
  8642.69 3.7194e-14   8892.01 0 
  8662.62 3.6092e-14   8912.51 0 
  8682.59 3.4861e-14   8933.05 0 
  8702.60 3.6081e-14   8953.65 0 
  8722.67 3.6409e-14   8974.29 0 
  8742.77 3.7166e-14   8994.98 0 
  8762.93 3.6398e-14   9015.71 0 
  8783.13 3.6309e-14   9036.50 0 
  8803.38 3.6809e-14   9057.33 0 
  8823.67 3.7834e-14   9078.20 0 
  8844.01 3.7309e-14   9099.13 0 
  8864.40 3.7304e-14   9120.11 0 
  8884.83 3.4889e-14   9141.13 0 
  8905.31 3.5860e-14   9162.20 0 
  8925.84 3.6270e-14   9183.33 0 
  8946.42 3.6684e-14   9204.50 0 
  8967.04 3.5844e-14   9225.71 0 
  8987.71 3.5265e-14   9246.98 0 
  9008.43 3.3211e-14   9268.30 0 
  9029.20 3.3979e-14   9289.66 0 
  9050.02 3.7683e-14   9311.08 0 
  9070.88 3.5081e-14   9332.54 0 
  9091.78 3.5157e-14   9354.06 0 
  9112.74 3.6303e-14   9375.62 0 
  9133.75 3.7057e-14   9397.23 0 
  9154.81 3.4898e-14   9418.90 0 
  9175.91 3.4973e-14   9440.61 0 
  9197.07 3.5454e-14   9462.37 0 
  9218.27 3.4009e-14   9484.18 0 
  9239.51 3.2925e-14   9506.05 0 
  9260.82 3.4950e-14   9527.96 0 
  9282.16 3.5924e-14   9549.93 0 
  9303.56 3.3909e-14   9571.94 0 
  9325.01 3.6161e-14   9594.01 0 
  9346.51 3.6072e-14   9616.12 0 
  9368.05 3.5489e-14   9638.29 0 
  9389.64 3.6060e-14   9660.51 0 
  9411.29 3.5234e-14   9682.78 0 
  9432.99 3.6382e-14   9705.10 0 
  9454.73 3.5877e-14   9727.47 0 
  9476.53 3.6791e-14   9749.90 0 
  9498.37 3.6870e-14   9772.37 0 
  9520.27 3.5859e-14   9794.90 0 
  9542.22 3.5037e-14   9817.48 0 
  9564.21 3.5930e-14   9840.11 0 
  9586.26 3.6676e-14   9862.79 0 
  9608.36 3.6084e-14   9885.53 0 
  9630.51 3.6328e-14   9908.32 0 
  9652.71 3.5741e-14   9931.16 0 
  9674.96 3.5735e-14   9954.05 0 
  9697.26 3.6226e-14   9977.00 0 
  9719.62 3.5558e-14  10000.00 0 
  9742.02 3.4984e-14  10023.05 0 
  9764.48 3.5221e-14  10046.15 0 
  9786.99 3.4731e-14  10069.31 0 
  9809.56 3.5698e-14  10092.53 0 
  9832.17 3.5284e-14  10115.80 0 
  9854.83 3.5522e-14  10139.12 0 
  9877.55 3.5271e-14  10162.49 0 
  9900.32 3.5265e-14  10185.91 0 
  9923.14 3.5341e-14  10209.39 0 
  9946.02 3.5497e-14  10232.94 0 
  9968.95 3.5573e-14  10256.52 0 
  9991.93 3.5403e-14  10280.17 0 
 10014.96 3.5643e-14  10303.86 0 
 10084.38 3.5135e-14  10375.28 0 
 10130.93 3.6107e-14  10423.18 0 
 10177.69 3.5845e-14  10471.29 0 
 10224.66 3.6331e-14  10519.62 0 
 10271.87 3.6654e-14  10568.18 0 
 10295.54 3.6647e-14  10592.54 0 
 10511.12 3.5213e-14  10814.34 0 
 10706.54 3.3396e-14  11015.39 0 
 10905.60 3.2787e-14  11220.19 0 
 11108.34 3.0740e-14  11428.79 0 
 11288.84 3.0810e-14  11614.49 0 
 11498.71 3.1095e-14  11830.41 0 
 11712.49 3.0388e-14  12050.36 0 
 11902.80 2.8490e-14  12246.16 0 
 12096.20 2.8622e-14  12445.14 0 
 12292.76 2.8359e-14  12647.37 0 
 12492.50 2.7334e-14  12852.87 0 
 12695.49 2.6773e-14  13061.71 0 
 12901.77 2.6284e-14  13273.95 0 
 13111.41 2.5924e-14  13489.63 0 
 13293.81 2.4929e-14  13677.29 0 
 13509.81 2.4249e-14  13899.53 0 
 13697.75 2.3807e-14  14092.89 0 
 13888.31 2.2683e-14  14288.95 0 
 14113.98 2.1414e-14  14521.12 0 
 14310.32 2.1169e-14  14723.13 0 
 14509.38 2.1414e-14  14927.94 0 
 14711.23 2.0545e-14  15135.61 0 
 14915.89 2.1023e-14  15346.17 0 
 15088.61 2.1316e-14  15523.87 0 
 15298.51 2.1812e-14  15739.83 0 
 15511.34 2.1612e-14  15958.79 0 
 15690.96 2.1169e-14  16143.59 0 
 15909.24 2.0309e-14  16368.17 0 
 16093.45 2.0263e-14  16557.70 0 
 16317.33 2.0216e-14  16788.04 0 
 16506.28 2.0077e-14  16982.44 0 
 16697.42 2.0123e-14  17179.09 0 
 16890.75 2.0031e-14  17378.00 0 
 17086.34 1.9801e-14  17579.23 0 
 17284.20 1.9041e-14  17782.79 0 
 17484.34 1.8353e-14  17988.71 0 
 17686.81 1.7446e-14  18197.02 0 
 17891.60 1.6546e-14  18407.71 0 
 18098.78 1.5585e-14  18620.87 0 
 18308.35 1.5125e-14  18836.49 0 
 18520.36 1.4544e-14  19054.62 0 
 18691.71 1.3794e-14  19230.91 0 
 18908.16 1.3449e-14  19453.60 0 
 19083.12 1.3357e-14  19633.61 0 
 19304.08 1.2993e-14  19860.94 0 
 19482.71 1.2494e-14  20044.72 0 
 19708.31 1.2014e-14  20276.83 0 
 19890.65 1.1633e-14  20464.44 0 
 20120.98 1.1474e-14  20701.41 0 
 20307.17 1.1135e-14  20892.97 0 
 20495.05 1.1084e-14  21086.28 0 
 20684.70 1.0882e-14  21281.39 0 
 20876.08 1.0708e-14  21478.29 0 
 21117.82 1.0585e-14  21727.01 0 
 21313.23 1.0416e-14  21928.05 0 
 21510.42 1.0249e-14  22130.94 0 
 21709.47 9.9471e-15  22335.72 0 
 21910.35 9.7881e-15  22542.40 0 
 22113.07 9.5213e-15  22750.97 0 
 22317.69 9.2618e-15  22961.49 0 
 22524.18 9.0719e-15  23173.93 0 
 22680.32 8.8246e-15  23334.58 0 
 22890.19 7.8831e-15  23550.50 0 
 23101.98 7.7929e-15  23768.40 0 
 23315.75 6.8029e-15  23988.34 0 
 23477.35 6.3635e-15  24154.60 0 
 23694.60 6.4372e-15  24378.11 0 
 23913.82 5.9115e-15  24603.66 0 
 24079.60 5.6454e-15  24774.22 0 
 24302.39 5.5042e-15  25003.44 0 
 24527.27 5.0431e-15  25234.80 0 
 24697.30 4.8719e-15  25409.74 0 
 24925.80 4.0804e-15  25644.84 0 
 25098.59 3.9967e-15  25822.61 0 
 25272.56 3.9967e-15  26001.59 0 
 25506.41 3.9509e-15  26242.20 0 
 25683.20 4.0244e-15  26424.08 0 
 25920.85 3.9600e-15  26668.59 0 
 26100.52 3.9509e-15  26853.44 0 
 26281.45 3.8432e-15  27039.59 0 
 26524.61 3.8080e-15  27289.77 0 
 26708.49 3.7299e-15  27478.95 0 
 26893.61 3.6787e-15  27669.41 0 
 27080.04 3.6199e-15  27861.22 0 
 27330.59 3.5457e-15  28119.00 0 
 27520.06 3.4890e-15  28313.93 0 
 27710.80 3.4017e-15  28510.18 0 
 27902.90 3.3628e-15  28707.82 0 
 28096.30 3.2938e-15  28906.80 0 
 28291.07 3.2486e-15  29107.19 0 
 28487.16 3.1893e-15  29308.93 0 
 28684.61 3.1239e-15  29512.08 0 
 28883.46 3.0810e-15  29716.66 0 
 29083.66 3.0318e-15  29922.63 0 
 29285.27 2.9696e-15  30130.07 0 
 29488.25 2.9221e-15  30338.90 0 
 29692.68 2.8754e-15  30549.22 0 
 29898.48 2.8229e-15  30760.96 0 
 30105.74 2.7842e-15  30974.21 0 
 30314.41 2.7397e-15  31188.89 0 
 30524.56 2.7208e-15  31405.10 0 
 30665.44 2.6959e-15  31550.05 0 
 30877.99 2.6650e-15  31768.73 0 
 31092.05 2.6406e-15  31988.96 0 
 31307.55 2.6164e-15  32210.68 0 
 31524.58 2.5864e-15  32433.97 0 
 31670.08 2.5627e-15  32583.67 0 
 31889.60 2.5509e-15  32809.52 0 
 32110.66 2.5392e-15  33036.96 0 
 32333.22 2.5392e-15  33265.94 0 
 32482.49 2.5686e-15  33419.52 0 
 32707.64 2.6773e-15  33651.15 0 
 32934.38 3.0248e-15  33884.43 0 
 33086.38 2.9971e-15  34040.82 0 
 33315.71 2.5924e-15  34276.77 0 
 33469.51 2.4249e-15  34435.01 0 
 33701.50 2.3426e-15  34673.68 0 
 33935.12 2.2840e-15  34914.05 0 
 34091.75 2.2372e-15  35075.20 0 
 34328.04 2.2014e-15  35318.30 0 
 34486.52 2.1612e-15  35481.36 0 
 34725.55 2.1267e-15  35727.28 0 
 34885.83 2.0927e-15  35892.18 0 
 35127.66 2.0592e-15  36140.99 0 
 35289.80 2.0216e-15  36307.80 0 
 35534.43 1.9893e-15  36559.50 0 
 35698.44 1.9575e-15  36728.23 0 
 35863.21 1.9262e-15  36897.75 0 
 36111.82 1.8954e-15  37153.54 0 
 36278.49 1.8651e-15  37325.02 0 
 36529.94 1.8310e-15  37583.72 0 
 36698.59 1.8018e-15  37757.23 0 
 36867.97 1.7648e-15  37931.50 0 
 37123.50 1.7366e-15  38194.41 0 
 37294.89 1.7088e-15  38370.73 0 
 37467.02 1.6738e-15  38547.83 0 
 37726.75 1.6546e-15  38815.06 0 
 37900.88 1.6244e-15  38994.21 0 
 38075.81 1.5984e-15  39174.18 0 
 38339.76 1.5729e-15  39445.75 0 
 38516.72 1.5477e-15  39627.81 0 
 38694.49 1.5195e-15  39810.71 0 
 38873.12 1.4918e-15  39994.50 0 
 39142.56 1.4679e-15  40271.71 0 
 39323.22 1.4444e-15  40457.58 0 
 39504.76 1.4148e-15  40644.35 0 
 39687.09 1.3922e-15  40831.95 0 
 39870.26 1.3636e-15  41020.40 0 
 40054.28 1.3449e-15  41209.73 0 
 40331.95 1.3234e-15  41495.41 0 
 40518.10 1.2993e-15  41686.93 0 
 40705.16 1.2785e-15  41879.38 0 
 40893.03 1.2609e-15  42072.67 0 
 41081.77 1.2408e-15  42266.86 0 
 41271.38 1.2238e-15  42461.93 0 
 41461.91 1.2042e-15  42657.96 0 
 41653.28 1.1849e-15  42854.85 0 
 41942.03 1.1660e-15  43151.93 0 
 42135.61 1.1474e-15  43351.10 0 
 42330.08 1.1342e-15  43551.18 0 
 42525.46 1.1161e-15  43752.19 0 
 42721.78 1.1008e-15  43954.18 0 
 42918.96 1.0634e-15  44157.04 0 
 43117.05 1.0226e-15  44360.85 0 
 43316.10 1.0202e-15  44565.64 0 
 43516.03 9.8559e-16  44771.33 0 
 43716.87 9.6760e-16  44977.97 0 
 43918.69 9.5213e-16  45185.62 0 
 44121.40 9.2618e-16  45394.17 0 
 44325.04 9.1348e-16  45603.68 0 
 44529.62 9.0094e-16  45814.16 0 
 44735.19 8.8043e-16  46025.67 0 
 44941.67 8.7437e-16  46238.10 0 
 45149.09 8.6039e-16  46451.51 0 
 45253.21 8.4664e-16  46558.63 0 
 45462.08 8.3887e-16  46773.52 0 
 45671.90 8.2927e-16  46989.40 0 
 45882.70 8.1226e-16  47206.28 0 
 46094.52 8.0853e-16  47424.21 0 
 46307.27 7.9744e-16  47643.10 0 
 46521.00 7.8831e-16  47862.99 0 
 46735.77 7.8469e-16  48083.95 0 
 46951.47 7.7392e-16  48305.88 0 
 47059.70 7.6330e-16  48417.23 0 
 47276.90 7.6155e-16  48640.70 0 
 47495.16 7.4937e-16  48865.25 0 
 47714.37 7.4250e-16  49090.79 0 
 47934.59 7.3569e-16  49317.36 0 
 48045.09 7.2227e-16  49431.04 0 
 48266.89 7.2393e-16  49659.24 0 
 48489.66 7.1236e-16  49888.45 0 
 48713.47 7.0488e-16  50118.70 0 
 48938.35 6.9813e-16  50350.08 0 
 49051.16 6.9079e-16  50466.14 0 
 49277.55 6.8733e-16  50699.06 0 
 49504.99 6.8075e-16  50933.06 0 
 49733.53 6.7891e-16  51168.20 0 
 49848.17 6.7023e-16  51286.14 0 
 50078.24 6.6688e-16  51522.85 0 
 50309.43 6.6204e-16  51760.71 0 
 50541.63 6.5571e-16  51999.61 0 
 50658.14 6.5182e-16  52119.47 0 
 50774.91 6.4945e-16  52239.61 0 
 50891.95 6.4858e-16  52360.03 0 
 51009.25 6.4623e-16  52480.72 0 
 51126.89 6.4240e-16  52601.75 0 
 51244.74 6.4006e-16  52723.00 0 
 51362.87 6.3921e-16  52844.53 0 
 51481.26 6.3543e-16  52966.34 0 
 51599.93 6.3312e-16  53088.43 0 
 51718.87 6.3374e-16  53210.80 0 
 51838.14 6.3144e-16  53333.52 0 
 51957.64 6.2770e-16  53456.46 0 
 52077.40 6.2543e-16  53579.68 0 
 52197.44 6.2460e-16  53703.18 0 
 52317.76 6.2091e-16  53826.97 0 
 52438.36 6.2009e-16  53951.05 0 
 52559.23 6.1927e-16  54075.41 0 
 52680.44 6.1845e-16  54200.11 0 
 52801.88 6.1764e-16  54325.05 0 
 52923.59 6.1399e-16  54450.27 0 
 53045.58 6.1177e-16  54575.79 0 
 53167.85 6.0956e-16  54701.59 0 
 53290.41 6.1016e-16  54827.68 0 
 53413.25 6.0796e-16  54954.06 0 
 53536.43 6.0717e-16  55080.79 0 
 53659.83 6.0637e-16  55207.76 0 
 53783.52 6.0558e-16  55335.02 0 
 53907.50 6.0479e-16  55462.57 0 
 54031.76 6.0400e-16  55590.41 0 
 54156.30 6.0321e-16  55718.55 0 
 54281.20 6.0104e-16  55847.05 0 
 54406.32 6.0026e-16  55975.78 0 
 54531.73 5.9948e-16  56104.81 0 
 54657.43 5.9870e-16  56234.13 0 
 54783.42 5.9792e-16  56363.76 0 
 54909.70 5.9715e-16  56493.68 0 
 55036.27 5.9775e-16  56623.90 0 
 55163.19 5.9697e-16  56754.48 0 
 55290.35 5.9895e-16  56885.31 0 
 55417.80 5.9818e-16  57016.43 0 
 55545.54 5.9741e-16  57147.86 0 
 55673.57 5.9802e-16  57279.59 0 
 55801.90 6.0000e-16  57411.62 0 
 55930.59 5.9923e-16  57544.02 0 
 56059.52 5.9984e-16  57676.67 0 
 56188.74 6.0184e-16  57809.62 0 
 56318.26 6.0107e-16  57942.87 0 
 56448.08 6.0307e-16  58076.43 0 
 56578.19 6.0647e-16  58210.30 0 
 56708.61 6.0849e-16  58344.48 0 
 56839.39 6.0912e-16  58479.04 0 
 56970.41 6.1115e-16  58613.83 0 
 57101.73 6.1460e-16  58748.94 0 
 57233.35 6.1807e-16  58884.36 0 
 57365.28 6.2156e-16  59020.09 0 
 57497.51 6.2508e-16  59156.14 0 
 57630.05 6.2861e-16  59292.50 0 
 57762.95 6.3363e-16  59429.24 0 
 57896.10 6.3868e-16  59566.23 0 
 58029.55 6.4526e-16  59703.53 0 
 58163.32 6.5040e-16  59841.15 0 
 58297.39 6.5711e-16  59979.09 0 
 58431.77 6.6694e-16  60117.35 0 
 58566.52 6.7381e-16  60255.99 0 
 58701.52 6.8233e-16  60394.88 0 
 58836.83 6.9254e-16  60534.10 0 
 58972.45 7.0453e-16  60673.63 0 
 59089.66 8.5941e-16  60794.22 3 
 59390.82 7.5987e-16  61104.07 3 
 59692.00 7.9993e-16  61413.93 3 
 59993.16 9.3907e-16  61723.78 3 
 60294.32 8.9852e-16  62033.63 3 
 60595.49 9.6004e-16  62343.49 3 
 60896.65 1.0201e-15  62653.34 3 
 61197.82 1.2706e-15  62963.19 3 
 61498.99 1.7734e-15  63273.05 3 
 61800.15 2.4473e-15  63582.90 3 
 62101.32 2.8364e-15  63892.76 3 
 62402.48 2.7771e-15  64202.61 3 
 62703.64 2.3393e-15  64512.46 3 
 63004.82 1.9407e-15  64822.32 3 
 63305.98 1.6589e-15  65132.17 3 
 63607.14 1.4635e-15  65442.02 3 
 63908.32 1.2709e-15  65751.88 3 
 64209.48 1.1384e-15  66061.73 3 
 64510.64 9.9035e-16  66371.58 3 
 64811.82 9.1051e-16  66681.45 3 
 65112.98 8.9925e-16  66991.29 3 
 65414.14 9.1917e-16  67301.14 3 
 65715.31 8.6097e-16  67611.00 3 
 66016.47 8.8760e-16  67920.85 3 
 66317.65 9.7686e-16  68230.71 3 
 66618.81 9.0259e-16  68540.56 3 
 66919.97 8.9694e-16  68850.41 3 
 67221.15 9.1886e-16  69160.27 3 
 67522.30 9.0597e-16  69470.12 3 
 67823.47 9.3332e-16  69779.98 3 
 68124.64 8.8432e-16  70089.83 3 
 68425.80 8.7196e-16  70399.68 3 
 68726.97 9.0197e-16  70709.54 3 
 69028.14 1.0952e-15  71019.39 3 
 69329.30 1.0742e-15  71329.24 3 
 69630.47 1.3088e-15  71639.10 3 
 69931.63 1.5481e-15  71948.95 3 
 70232.81 1.2738e-15  72258.81 3 
 70533.96 1.2067e-15  72568.66 3 
 70835.13 1.1236e-15  72878.51 3 
 71136.31 1.1605e-15  73188.38 3 
 71437.46 1.1705e-15  73498.22 3 
 71738.63 1.1519e-15  73808.07 3 
 72039.80 1.2174e-15  74117.93 3 
 72340.96 1.3347e-15  74427.78 3 
 72642.13 1.3183e-15  74737.63 3 
 72943.29 1.4066e-15  75047.48 3 
 73224.75 1.2872e-15  75337.06 3 
 73244.46 1.4864e-15  75357.34 3 
 73545.63 1.5252e-15  75667.20 3 
 73828.27 1.6046e-15  75957.99 3 
 73846.79 1.7109e-15  75977.05 3 
 74431.80 1.8850e-15  76578.94 3 
 75035.33 2.2873e-15  77199.88 3 
 75638.87 2.6292e-15  77820.82 3 
 76242.39 2.7878e-15  78441.76 3 
 76845.94 2.6815e-15  79062.71 3 
 77449.46 2.5863e-15  79683.65 3 
 78052.99 2.4264e-15  80304.59 3 
 78656.53 2.2607e-15  80925.54 3 
 79260.06 2.0206e-15  81546.48 3 
 79863.59 1.7398e-15  82167.41 3 
 80467.12 1.5140e-15  82788.36 3 
 81070.65 1.3412e-15  83409.30 3 
 81674.19 1.2480e-15  84030.25 3 
 82277.72 1.1327e-15  84651.19 3 
 82881.26 1.1482e-15  85272.13 3 
 83484.78 1.1885e-15  85893.07 3 
 84088.33 1.1831e-15  86514.02 3 
 84691.85 1.2100e-15  87134.95 3 
 85295.38 1.2641e-15  87755.90 3 
 85898.92 1.3096e-15  88376.84 3 
 86502.45 1.2413e-15  88997.78 3 
 87105.97 1.0316e-15  89618.72 3 
 87709.51 8.4701e-16  90239.66 3 
 88313.04 6.7576e-16  90860.60 3 
 88916.58 5.7790e-16  91481.55 3 
 89520.11 5.1495e-16  92102.49 3 
 90123.64 4.7780e-16  92723.44 3 
 90727.18 4.0173e-16  93344.38 3 
 91330.70 3.8069e-16  93965.32 3 
 91934.23 3.4534e-16  94586.26 3 
 92537.76 3.4500e-16  95207.20 3 
 93141.30 3.2144e-16  95828.15 3 
 93744.83 3.3335e-16  96449.09 3 
 94348.36 3.1261e-16  97070.02 3 
 94951.90 3.3348e-16  97690.98 3 
 95555.43 3.1106e-16  98311.92 3 
 96158.96 3.4658e-16  98932.86 3 
 96762.50 3.6851e-16  99553.80 3 
 97365.99 3.2156e-16 100174.70 3 
 97969.57 2.7239e-16 100795.70 3 
 98573.06 2.6449e-16 101416.59 3 
 99176.65 2.6179e-16 102037.60 3 
 99780.14 2.6474e-16 102658.50 3 
100383.72 2.6032e-16 103279.49 3 
100987.23 2.5824e-16 103900.41 3 
101590.72 2.5908e-16 104521.30 3 
102194.30 2.6419e-16 105142.30 3 
102797.79 2.3709e-16 105763.20 3 
103401.38 2.5253e-16 106384.20 3 
104004.87 2.7070e-16 107005.10 3 
104608.36 2.9289e-16 107626.00 3 
105211.95 3.3891e-16 108247.00 3 
105815.45 3.4836e-16 108867.91 3 
106419.03 3.6584e-16 109488.90 3 
107022.52 3.5677e-16 110109.80 3 
107626.11 3.7188e-16 110730.80 3 
108229.60 3.7730e-16 111351.70 3 
108833.09 3.9690e-16 111972.60 3 
109436.68 4.4583e-16 112593.60 3 
110040.17 5.4144e-16 113214.50 3 
110643.76 6.1107e-16 113835.50 3 
111247.25 7.6800e-16 114456.40 3 
111850.84 1.2347e-15 115077.40 3 
112454.33 1.5011e-15 115698.30 3 
113057.82 1.3462e-15 116319.20 3 
113661.41 1.0974e-15 116940.20 3 
114264.90 8.9030e-16 117561.10 3 
114868.48 7.2906e-16 118182.09 3 
115471.97 6.5202e-16 118802.99 3 
116075.57 5.9017e-16 119424.00 3 
116679.06 5.5317e-16 120044.90 3 
117282.55 5.4488e-16 120665.80 3 
117886.14 5.3980e-16 121286.80 3 
118489.63 5.5137e-16 121907.70 3 
119093.21 5.8043e-16 122528.70 3 
119696.70 5.9520e-16 123149.59 3 
120300.21 5.7985e-16 123770.51 3 
120903.79 5.6947e-16 124391.50 3 
121507.28 5.5772e-16 125012.40 3 
122110.87 5.6292e-16 125633.40 3 
122714.36 6.2780e-16 126254.30 3 
123317.94 6.2768e-16 126875.30 3 
123921.44 6.2394e-16 127496.20 3 
124524.93 6.4770e-16 128117.10 3 
125128.52 6.8349e-16 128738.10 3 
125732.01 7.2257e-16 129359.00 3 
126335.60 7.6058e-16 129980.00 3 
126939.09 7.9911e-16 130600.90 3 
127542.58 9.7212e-16 131221.80 3 
128146.16 1.3041e-15 131842.80 3 
128749.66 9.4300e-16 132463.70 3 
129353.25 5.6733e-16 133084.70 3 
129956.73 4.8912e-16 133705.59 3 
130560.32 4.7270e-16 134326.59 3 
131163.82 4.5784e-16 134947.50 3 
131767.31 4.5082e-16 135568.41 3 
132370.90 4.4994e-16 136189.41 3 
132974.38 4.4307e-16 136810.30 3 
133577.97 4.3796e-16 137431.30 3 
134181.47 4.3081e-16 138052.20 3 
134785.06 4.3153e-16 138673.20 3 
135388.54 4.3256e-16 139294.09 3 
135992.04 4.2518e-16 139915.00 3 
136595.63 4.0652e-16 140536.00 3 
137199.12 3.9260e-16 141156.91 3 
137802.70 3.9122e-16 141777.89 3 
138406.19 3.7467e-16 142398.80 3 
139009.78 3.9409e-16 143019.80 3 
139613.28 3.6705e-16 143640.70 3 
140216.76 3.4817e-16 144261.59 3 
140820.36 3.4790e-16 144882.61 3 
141339.68 3.6133e-16 145416.91 3 
142230.86 3.8347e-16 146333.80 3 
143122.15 3.6964e-16 147250.80 3 
144013.35 3.5877e-16 148167.70 3 
144904.53 3.2836e-16 149084.59 3 
145795.73 3.2606e-16 150001.50 3 
146687.02 3.0886e-16 150918.50 3 
147578.22 3.1086e-16 151835.41 3 
148469.40 3.1243e-16 152752.30 3 
149360.69 3.0325e-16 153669.30 3 
150251.89 3.0001e-16 154586.20 3 
151143.07 2.9302e-16 155503.09 3 
152034.27 2.8892e-16 156420.00 3 
152925.56 2.8978e-16 157337.00 3 
153816.75 2.9717e-16 158253.91 3 
154707.94 3.2108e-16 159170.80 3 
155599.23 4.0117e-16 160087.80 3 
156490.42 3.5700e-16 161004.70 3 
157381.61 2.9701e-16 161921.59 3 
158272.90 3.0590e-16 162838.59 3 
159164.09 3.0083e-16 163755.50 3 
160055.28 3.1471e-16 164672.39 3 
160946.47 3.0221e-16 165589.30 3 
161837.78 3.0644e-16 166506.31 3 
162728.95 3.3570e-16 167423.19 3 
163620.14 3.8781e-16 168340.09 3 
164511.34 4.3171e-16 169257.00 3 
165402.63 3.9709e-16 170174.00 3 
166293.83 3.8209e-16 171090.91 3 
167185.03 3.8231e-16 172007.81 3 
168076.32 3.8626e-16 172924.81 3 
168967.50 3.9201e-16 173841.70 3 
169858.70 4.9292e-16 174758.61 3 
170749.98 5.3444e-16 175675.61 3 
171641.17 4.1817e-16 176592.50 3 
172532.37 3.7393e-16 177509.41 3 
173423.55 3.8890e-16 178426.30 3 
174314.84 3.8086e-16 179343.30 3 
175206.03 3.4390e-16 180260.20 3 
176097.22 3.1796e-16 181177.09 3 
176988.51 3.1761e-16 182094.09 3 
177879.70 3.1415e-16 183011.00 3 
178770.89 3.0226e-16 183927.89 3 
179662.18 2.9459e-16 184844.89 3 
180553.37 2.8525e-16 185761.80 3 
181444.57 2.8205e-16 186678.70 3 
182335.75 2.7458e-16 187595.59 3 
183227.04 2.7313e-16 188512.59 3 
184118.24 2.7415e-16 189429.50 3 
185009.42 2.8091e-16 190346.39 3 
185900.73 3.0903e-16 191263.41 3 
186791.93 4.5858e-16 192180.31 3 
187683.09 5.1821e-16 193097.19 3 
188574.29 3.1013e-16 194014.09 3 
189465.60 2.7849e-16 194931.11 3 
190356.78 2.9081e-16 195848.00 3 
191247.98 2.8478e-16 196764.91 3 
192139.26 2.7674e-16 197681.91 3 
193030.45 2.6916e-16 198598.80 3 
193921.65 2.7661e-16 199515.70 3 
194812.84 2.7015e-16 200432.61 3 
195704.13 2.7565e-16 201349.61 3 
196595.31 2.8378e-16 202266.50 3 
197486.51 2.7184e-16 203183.41 3 
198377.80 2.7127e-16 204100.41 3 
199789.09 2.5353e-16 205552.41 3 
201494.87 2.8390e-16 207307.39 3 
203201.63 2.7742e-16 209063.39 3 
204909.39 2.6477e-16 210820.41 3 
206617.99 2.9284e-16 212578.30 3 
208327.47 2.9118e-16 214337.09 3 
210037.93 2.7368e-16 216096.89 3 
211749.28 2.8736e-16 217857.61 3 
213461.57 2.8851e-16 219619.30 3 
215174.85 2.8393e-16 221382.00 3 
216889.00 2.7716e-16 223145.59 3 
218604.13 2.9065e-16 224910.20 3 
220320.13 3.0104e-16 226675.70 3 
222037.08 2.9256e-16 228442.19 3 
223755.03 2.8159e-16 230209.69 3 
225473.85 2.9027e-16 231978.09 3 
227193.64 3.0104e-16 233747.50 3 
228914.41 3.0640e-16 235517.91 3 
230636.05 2.9828e-16 237289.20 3 
232358.76 2.9758e-16 239061.61 3 
234082.24 2.9883e-16 240834.81 3 
235806.78 3.0806e-16 242609.09 3 
237532.31 3.0313e-16 244384.41 3 
239258.71 3.0034e-16 246160.61 3 
240986.07 3.0435e-16 247937.80 3 
242714.42 3.1163e-16 249716.00 3 
244443.63 3.0873e-16 251495.09 3 
246173.92 3.0624e-16 253275.30 3 
247905.09 3.0563e-16 255056.41 3 
249637.32 3.0877e-16 256838.61 3 
251370.41 3.1344e-16 258621.69 3 
253104.51 3.1392e-16 260405.81 3 
254839.55 3.1486e-16 262190.91 3 
256575.56 3.1451e-16 263977.00 3 
258312.55 3.3633e-16 265764.09 3 
260050.54 3.4661e-16 267552.22 3 
261789.47 3.2324e-16 269341.31 3 
263529.37 3.1759e-16 271131.41 3 
265270.25 3.1618e-16 272922.50 3 
267012.10 3.1398e-16 274714.59 3 
268755.04 3.0907e-16 276507.81 3 
270498.83 3.1330e-16 278301.91 3 
272243.59 3.2063e-16 280097.00 3 
273989.41 3.1880e-16 281893.19 3 
275736.24 3.1909e-16 283690.41 3 
277483.92 3.1697e-16 285488.50 3 
279232.66 3.1648e-16 287287.69 3 
280982.41 3.2783e-16 289087.91 3 
282733.21 3.3824e-16 290889.22 3 
284484.96 3.3062e-16 292691.50 3 
286237.62 3.1523e-16 294494.72 3 
287991.41 3.2076e-16 296299.09 3 
289746.10 3.2083e-16 298104.41 3 
291501.83 3.2268e-16 299910.78 3 
293258.56 3.1935e-16 301718.19 3 
295016.26 3.3728e-16 303526.59 3 
296775.02 3.2426e-16 305336.09 3 
298534.76 3.2871e-16 307146.59 3 
300295.47 3.2472e-16 308958.09 3 
302057.24 3.3039e-16 310770.69 3 
303820.11 3.2493e-16 312584.41 3 
305583.91 3.2100e-16 314399.09 3 
307348.72 3.3211e-16 316214.81 3 
309114.47 3.3852e-16 318031.50 3 
310881.41 3.3114e-16 319849.41 3 
312649.23 3.3277e-16 321668.22 3 
314418.17 3.4025e-16 323488.19 3 
316188.02 3.1782e-16 325309.09 3 
317959.02 3.3525e-16 327131.19 3 
319731.03 3.3576e-16 328954.31 3 
321503.95 3.3618e-16 330778.38 3 
323277.99 3.4473e-16 332603.59 3 
325053.10 3.3998e-16 334429.91 3 
326829.24 3.6660e-16 336257.28 3 
328606.41 3.5500e-16 338085.72 3 
330384.58 3.7684e-16 339915.19 3 
332163.76 3.8692e-16 341745.69 3 
333944.03 5.1397e-16 343577.31 3 
335725.45 5.0868e-16 345410.12 3 
337507.73 3.7773e-16 347243.81 3 
339291.19 3.7653e-16 349078.72 3 
