# An Atlas of Galaxy Spectral Energy Distributions from the Ultraviolet to the Mid-Infrared
# Brown et al. (2014)
# http://dx.doi.org/10.5072/03/529D3551F0117
# 
# Column 1 : Restframe Wavelength (Angstrom)
# Column 2 : Flux per unit wavelength (ergs/s/cm^2/Angstrom)
# Column 3 : Observed wavelength (Angstrom)
# Column 4 : Source (0 = model, 1 = Optical Spectrum, 2 = Akari, 3 = Spitzer IRS)
# 
   100.04 8.9563e-23    100.69 0 
   101.90 1.2335e-22    102.57 0 
   104.03 1.5493e-22    104.71 0 
   105.97 2.0097e-22    106.66 0 
   107.94 2.6250e-22    108.64 0 
   109.94 4.1317e-22    110.66 0 
   114.07 6.3993e-22    114.82 0 
   118.08 9.3139e-22    118.85 0 
   121.11 3.0983e-21    121.90 0 
   125.07 4.3665e-21    125.89 0 
   127.10 5.0831e-21    127.94 0 
   127.99 5.5224e-21    128.82 0 
   130.97 6.8097e-21    131.83 0 
   131.87 8.0192e-21    132.74 0 
   134.02 9.1228e-21    134.90 0 
   137.14 1.2194e-20    138.04 0 
   140.01 1.4694e-20    140.93 0 
   142.94 3.2146e-20    143.88 0 
   146.95 6.9363e-20    147.91 0 
   151.06 8.5139e-20    152.05 0 
   154.94 1.0499e-19    155.96 0 
   158.91 1.2916e-19    159.96 0 
   161.87 1.4967e-19    162.93 0 
   166.02 1.8202e-19    167.11 0 
   169.89 2.1684e-19    171.00 0 
   173.05 2.4782e-19    174.18 0 
   177.08 2.9183e-19    178.24 0 
   179.95 3.2895e-19    181.13 0 
   182.04 3.5574e-19    183.23 0 
   185.85 4.1412e-19    187.07 0 
   191.06 4.9560e-19    192.31 0 
   194.16 5.5224e-19    195.43 0 
   198.23 6.3115e-19    199.53 0 
   201.91 7.2132e-19    203.24 0 
   205.19 7.9274e-19    206.54 0 
   209.97 8.8947e-19    211.35 0 
   215.86 1.0993e-18    217.27 0 
   219.87 1.2335e-18    221.31 0 
   222.93 1.3278e-18    224.39 0 
   227.07 1.4864e-18    228.56 0 
   230.23 2.3721e-18    231.74 0 
   233.97 3.9914e-18    235.50 0 
   239.97 5.3472e-18    241.55 0 
   246.13 5.5607e-18    247.74 0 
   251.86 6.3406e-18    253.51 0 
   257.14 5.7165e-18    258.82 0 
   260.11 6.8412e-18    261.82 0 
   263.73 7.5012e-18    265.46 0 
   269.25 7.9457e-18    271.02 0 
   274.26 8.3778e-18    276.06 0 
   278.72 8.7929e-18    280.54 0 
   283.90 9.2711e-18    285.76 0 
   289.84 9.4217e-18    291.74 0 
   295.91 1.0119e-17    297.85 0 
   300.72 1.0331e-17    302.69 0 
   307.72 1.1121e-17    309.74 0 
   317.81 1.2250e-17    319.89 0 
   328.22 1.3156e-17    330.37 0 
   338.19 1.3936e-17    340.41 0 
   347.67 1.4694e-17    349.95 0 
   357.41 1.5457e-17    359.75 0 
   365.73 1.6373e-17    368.13 0 
   375.11 1.6988e-17    377.57 0 
   384.74 1.7145e-17    387.26 0 
   394.60 1.8413e-17    397.19 0 
   404.73 1.9237e-17    407.38 0 
   414.15 1.9730e-17    416.87 0 
   421.85 2.0051e-17    424.62 0 
   429.70 2.0377e-17    432.51 0 
   440.72 2.1093e-17    443.61 0 
   450.99 2.1485e-17    453.94 0 
   460.43 2.1734e-17    463.45 0 
   470.07 2.2138e-17    473.15 0 
   479.91 2.2653e-17    483.06 0 
   489.96 2.2653e-17    493.17 0 
   500.22 2.3288e-17    503.50 0 
   506.01 2.3449e-17    509.33 0 
   511.87 2.6190e-17    515.23 0 
   520.19 2.6432e-17    523.60 0 
   529.86 2.6554e-17    533.33 0 
   539.71 2.6069e-17    543.25 0 
   549.75 2.7235e-17    553.35 0 
   559.97 2.8849e-17    563.64 0 
   570.38 3.0001e-17    574.12 0 
   579.65 2.9726e-17    583.45 0 
   590.42 3.1198e-17    594.29 0 
   600.02 3.1055e-17    603.95 0 
   609.77 3.0418e-17    613.76 0 
   619.67 3.4366e-17    623.73 0 
   629.74 3.5005e-17    633.87 0 
   639.97 3.5738e-17    644.17 0 
   650.37 3.7165e-17    654.64 0 
   657.90 3.7682e-17    662.22 0 
   665.52 3.9096e-17    669.88 0 
   674.78 3.9731e-17    679.20 0 
   685.74 3.9006e-17    690.24 0 
   695.28 4.3866e-17    699.84 0 
   704.96 4.2280e-17    709.58 0 
   716.41 4.7220e-17    721.11 0 
   726.38 4.8432e-17    731.14 0 
   734.79 4.9560e-17    739.61 0 
   745.01 5.2739e-17    749.89 0 
   755.37 5.4718e-17    760.33 0 
   764.12 5.5224e-17    769.13 0 
   774.75 5.9859e-17    779.83 0 
   785.53 6.2536e-17    790.68 0 
   794.63 6.4883e-17    799.83 0 
   805.68 6.7163e-17    810.96 0 
   815.01 6.9045e-17    820.35 0 
   824.45 7.3813e-17    829.85 0 
   835.92 6.5032e-17    841.40 0 
   845.60 7.7291e-17    851.14 0 
   855.39 7.9457e-17    860.99 0 
   865.29 8.4165e-17    870.96 0 
   875.31 8.8947e-17    881.05 0 
   885.45 9.4870e-17    891.25 0 
   895.70 9.9341e-17    901.57 0 
   903.99 1.0049e-16    909.91 0 
   914.46 1.4728e-16    920.45 0 
   925.04 8.6722e-16    931.11 0 
   935.76 1.8929e-15    941.89 0 
   944.41 3.6570e-15    950.60 0 
   955.35 5.1302e-15    961.61 0 
   964.19 6.0552e-15    970.51 0 
   975.35 1.1380e-15    981.75 0 
   984.38 5.6902e-15    990.83 0 
   995.78 5.8362e-15   1002.31 0 
  1004.99 8.0192e-15   1011.58 0 
  1014.29 7.5532e-15   1020.94 0 
  1026.04 3.1560e-15   1032.76 0 
  1035.53 5.5607e-15   1042.32 0 
  1045.11 1.0236e-14   1051.96 0 
  1054.78 1.0142e-14   1061.70 0 
  1064.54 8.3393e-15   1071.52 0 
  1074.39 9.7978e-15   1081.43 0 
  1084.33 8.0377e-15   1091.44 0 
  1094.37 1.0283e-14   1101.54 0 
  1104.49 9.9570e-15   1111.73 0 
  1114.71 9.7304e-15   1122.02 0 
  1125.03 8.8742e-15   1132.40 0 
  1135.44 1.0893e-14   1142.88 0 
  1145.94 9.9800e-15   1153.45 0 
  1153.89 1.0571e-14   1161.45 0 
  1164.56 1.0968e-14   1172.20 0 
  1175.34 7.9640e-15   1183.04 0 
  1186.21 1.0645e-14   1193.99 0 
  1194.43 7.6407e-15   1202.26 0 
  1205.49 5.7034e-15   1213.39 0 
  1213.84 3.3973e-15   1221.80 0 
  1225.07 7.2132e-15   1233.11 0 
  1236.41 1.0743e-14   1244.51 0 
  1244.98 1.1861e-14   1253.14 0 
  1253.61 1.1511e-14   1261.83 0 
  1265.21 1.0096e-14   1273.50 0 
  1273.98 1.2680e-14   1282.33 0 
  1285.77 1.3247e-14   1294.20 0 
  1294.68 1.0943e-14   1303.17 0 
  1303.65 1.0843e-14   1312.20 0 
  1315.72 1.3156e-14   1324.34 0 
  1324.84 1.2680e-14   1333.52 0 
  1334.02 1.1485e-14   1342.77 0 
  1346.36 1.3278e-14   1355.19 0 
  1355.70 1.2946e-14   1364.58 0 
  1365.09 1.1807e-14   1374.04 0 
  1374.56 1.2335e-14   1383.57 0 
  1384.08 1.2506e-14   1393.16 0 
  1393.68 1.1070e-14   1402.81 0 
  1406.57 1.1485e-14   1415.79 0 
  1416.32 1.1807e-14   1425.61 0 
  1426.14 1.2026e-14   1435.49 0 
  1436.03 1.1999e-14   1445.44 0 
  1442.65 1.2593e-14   1452.11 0 
  1445.98 1.2768e-14   1455.46 0 
  1456.00 1.2478e-14   1465.55 0 
  1466.10 1.1699e-14   1475.71 0 
  1476.26 1.1672e-14   1485.94 0 
  1486.49 1.1834e-14   1496.24 0 
  1493.35 1.1999e-14   1503.14 0 
  1503.70 1.1485e-14   1513.56 0 
  1510.64 1.0402e-14   1520.55 0 
  1517.62 1.1044e-14   1527.57 0 
  1524.62 1.0793e-14   1534.62 0 
  1535.19 9.5969e-15   1545.25 0 
  1545.83 1.0378e-14   1555.97 0 
  1556.55 9.8658e-15   1566.75 0 
  1563.73 1.0072e-14   1573.98 0 
  1574.57 1.0694e-14   1584.89 0 
  1585.49 1.1121e-14   1595.88 0 
  1596.48 1.1406e-14   1606.94 0 
  1603.85 1.1121e-14   1614.36 0 
  1614.96 1.1172e-14   1625.55 0 
  1626.16 1.0669e-14   1636.82 0 
  1633.66 1.1275e-14   1644.37 0 
  1644.99 1.1432e-14   1655.77 0 
  1656.39 1.0645e-14   1667.25 0 
  1664.03 1.1591e-14   1674.94 0 
  1671.72 1.0499e-14   1682.67 0 
  1675.57 1.1807e-14   1686.55 0 
  1683.30 1.2194e-14   1694.34 0 
  1694.97 1.1538e-14   1706.08 0 
  1706.72 1.1172e-14   1717.91 0 
  1714.60 1.0843e-14   1725.84 0 
  1726.48 1.0818e-14   1737.80 0 
  1734.45 1.1511e-14   1745.82 0 
  1746.47 1.1249e-14   1757.92 0 
  1754.54 1.1999e-14   1766.04 0 
  1766.70 1.0993e-14   1778.28 0 
  1774.85 1.1406e-14   1786.49 0 
  1783.05 1.1591e-14   1794.73 0 
  1795.41 1.2449e-14   1807.17 0 
  1803.69 1.2278e-14   1815.52 0 
  1816.20 1.1618e-14   1828.10 0 
  1824.58 1.1753e-14   1836.54 0 
  1833.00 1.1354e-14   1845.02 0 
  1845.71 1.0450e-14   1857.80 0 
  1854.22 1.0694e-14   1866.38 0 
  1867.08 1.1172e-14   1879.32 0 
  1875.70 1.1780e-14   1887.99 0 
  1884.35 1.1070e-14   1896.71 0 
  1893.05 1.0868e-14   1905.46 0 
  1906.17 1.1327e-14   1918.67 0 
  1914.97 1.1095e-14   1927.53 0 
  1923.81 1.0793e-14   1936.42 0 
  1937.15 1.0620e-14   1949.84 0 
  1946.09 1.1725e-14   1958.84 0 
  1955.07 1.1198e-14   1967.89 0 
  1968.62 1.2222e-14   1981.53 0 
  1977.71 1.2363e-14   1990.67 0 
  1982.27 1.1943e-14   1995.26 0 
  1996.01 1.1699e-14   2009.09 0 
  2005.22 1.1807e-14   2018.37 0 
  2014.48 1.1565e-14   2027.68 0 
  2023.78 1.1753e-14   2037.04 0 
  2033.12 1.1672e-14   2046.45 0 
  2047.21 1.2166e-14   2060.63 0 
  2056.66 1.1645e-14   2070.14 0 
  2066.15 1.1645e-14   2079.70 0 
  2075.69 1.2622e-14   2089.30 0 
  2085.27 1.3247e-14   2098.94 0 
  2094.90 1.2564e-14   2108.63 0 
  2104.57 1.2449e-14   2118.36 0 
  2114.28 1.2710e-14   2128.14 0 
  2124.04 1.2739e-14   2137.96 0 
  2133.84 1.1807e-14   2147.83 0 
  2143.69 1.2506e-14   2157.74 0 
  2153.59 1.2827e-14   2167.70 0 
  2163.53 1.2278e-14   2177.71 0 
  2173.51 1.2250e-14   2187.76 0 
  2183.55 1.2506e-14   2197.86 0 
  2193.63 1.3096e-14   2208.01 0 
  2203.75 1.2680e-14   2218.20 0 
  2213.92 1.1807e-14   2228.44 0 
  2224.14 1.1672e-14   2238.72 0 
  2234.41 1.2886e-14   2249.05 0 
  2244.72 1.2306e-14   2259.44 0 
  2255.08 1.1485e-14   2269.86 0 
  2265.49 1.1618e-14   2280.34 0 
  2275.95 1.2110e-14   2290.87 0 
  2286.45 1.2770e-14   2301.44 0 
  2297.01 1.1904e-14   2312.07 0 
  2307.61 1.2365e-14   2322.74 0 
  2312.93 1.1788e-14   2328.09 0 
  2323.61 9.5265e-15   2338.84 0 
  2334.33 1.0554e-14   2349.63 0 
  2345.11 9.7036e-15   2360.48 0 
  2355.93 1.1440e-14   2371.37 0 
  2366.81 9.8388e-15   2382.32 0 
  2377.73 1.0604e-14   2393.32 0 
  2383.21 9.1560e-15   2398.83 0 
  2394.21 9.9819e-15   2409.91 0 
  2405.26 9.6989e-15   2421.03 0 
  2416.36 1.0098e-14   2432.20 0 
  2427.52 1.1581e-14   2443.43 0 
  2433.11 1.1272e-14   2449.06 0 
  2444.34 1.2121e-14   2460.37 0 
  2455.63 1.2107e-14   2471.72 0 
  2466.96 1.1901e-14   2483.13 0 
  2472.65 1.1268e-14   2488.86 0 
  2484.06 1.0999e-14   2500.35 0 
  2495.53 1.0590e-14   2511.89 0 
  2507.05 1.2572e-14   2523.48 0 
  2512.83 1.0085e-14   2529.30 0 
  2518.62 9.7934e-15   2535.13 0 
  2524.43 9.6649e-15   2540.97 0 
  2536.08 1.0250e-14   2552.70 0 
  2547.78 1.0358e-14   2564.48 0 
  2553.66 1.1872e-14   2570.40 0 
  2565.44 1.1145e-14   2582.26 0 
  2577.29 1.2123e-14   2594.18 0 
  2583.23 1.1854e-14   2600.16 0 
  2595.15 1.1546e-14   2612.16 0 
  2607.13 1.0964e-14   2624.22 0 
  2613.14 1.0574e-14   2630.27 0 
  2625.20 1.1824e-14   2642.41 0 
  2637.32 1.3192e-14   2654.61 0 
  2643.40 1.5297e-14   2660.72 0 
  2655.60 1.6601e-14   2673.01 0 
  2667.86 1.3986e-14   2685.34 0 
  2674.01 1.5030e-14   2691.54 0 
  2686.35 1.5471e-14   2703.96 0 
  2692.54 1.3925e-14   2710.19 0 
  2704.97 1.4975e-14   2722.70 0 
  2717.46 1.3425e-14   2735.27 0 
  2723.72 1.3189e-14   2741.57 0 
  2736.29 1.4248e-14   2754.23 0 
  2742.60 1.1144e-14   2760.58 0 
  2755.26 1.2123e-14   2773.32 0 
  2767.98 1.3249e-14   2786.12 0 
  2774.36 1.4108e-14   2792.54 0 
  2787.16 1.2023e-14   2805.43 0 
  2793.59 8.4006e-15   2811.90 0 
  2806.48 9.2233e-15   2824.88 0 
  2812.95 1.3841e-14   2831.39 0 
  2825.94 1.5913e-14   2844.46 0 
  2832.45 1.5489e-14   2851.02 0 
  2845.53 1.4575e-14   2864.18 0 
  2852.08 1.2732e-14   2870.78 0 
  2865.25 1.6087e-14   2884.03 0 
  2871.85 1.6857e-14   2890.68 0 
  2885.11 1.6457e-14   2904.02 0 
  2891.76 1.6852e-14   2910.72 0 
  2911.81 1.9567e-14   2930.89 0 
  2931.99 1.8425e-14   2951.21 0 
  2952.31 1.8001e-14   2971.67 0 
  2972.78 1.8758e-14   2992.27 0 
  2993.38 1.9015e-14   3013.01 0 
  3007.20 1.9485e-14   3026.91 0 
  3028.05 1.9706e-14   3047.89 0 
  3049.04 2.0161e-14   3069.02 0 
  3070.17 2.0721e-14   3090.30 0 
  3091.45 2.1006e-14   3111.72 0 
  3112.88 2.1590e-14   3133.29 0 
  3127.25 2.1080e-14   3147.75 0 
  3148.93 2.1321e-14   3169.57 0 
  3170.75 2.2016e-14   3191.54 0 
  3192.73 2.0402e-14   3213.66 0 
  3207.47 2.1742e-14   3228.49 0 
  3229.70 2.0056e-14   3250.87 0 
  3252.09 2.3025e-14   3273.41 0 
  3267.10 2.4879e-14   3288.52 0 
  3289.75 2.4763e-14   3311.31 0 
  3312.55 2.4647e-14   3334.26 0 
  3320.19 2.4383e-14   3341.95 0 
  3327.84 2.5906e-14   3349.66 0 
  3335.51 2.7335e-14   3357.38 0 
  3343.20 2.4777e-14   3365.12 0 
  3350.91 2.4568e-14   3372.87 0 
  3358.63 2.6589e-14   3380.65 0 
  3366.37 2.4156e-14   3388.44 0 
  3374.13 2.1595e-14   3396.25 0 
  3381.91 2.2997e-14   3404.08 0 
  3389.71 2.6363e-14   3411.93 0 
  3397.52 2.4622e-14   3419.79 0 
  3405.36 2.6161e-14   3427.68 0 
  3413.21 2.5467e-14   3435.58 0 
  3421.07 2.7121e-14   3443.50 0 
  3428.96 2.6220e-14   3451.44 0 
  3436.87 2.6000e-14   3459.39 0 
  3444.79 2.1592e-14   3467.37 0 
  3452.73 2.7646e-14   3475.36 0 
  3460.69 2.5291e-14   3483.37 0 
  3468.67 2.5427e-14   3491.40 0 
  3476.66 2.4753e-14   3499.45 0 
  3484.68 2.6119e-14   3507.52 0 
  3492.71 2.5020e-14   3515.60 0 
  3500.76 2.4023e-14   3523.71 0 
  3508.83 2.6727e-14   3531.83 0 
  3516.92 2.4338e-14   3539.97 0 
  3525.03 2.5682e-14   3548.13 0 
  3533.15 2.7540e-14   3556.31 0 
  3541.30 2.9060e-14   3564.51 0 
  3549.46 2.9217e-14   3572.73 0 
  3557.64 2.7414e-14   3580.96 0 
  3565.85 2.9128e-14   3589.22 0 
  3574.07 2.3749e-14   3597.49 0 
  3582.30 2.4043e-14   3605.79 0 
  3590.56 2.1395e-14   3614.10 0 
  3598.84 2.7457e-14   3622.43 0 
  3607.14 2.5942e-14   3630.78 0 
  3615.45 2.5962e-14   3639.15 0 
  3623.79 2.5275e-14   3647.54 0 
  3632.14 3.2511e-14   3655.95 0 
  3640.51 2.9199e-14   3664.37 0 
  3648.90 2.7587e-14   3672.82 0 
  3654.64 4.0864e-14   3678.60 1 
  3657.38 2.9855e-14   3681.35 1 
  3660.11 2.4008e-14   3684.10 1 
  3662.84 2.6271e-14   3686.85 1 
  3665.57 2.6451e-14   3689.60 1 
  3668.30 2.6109e-14   3692.35 1 
  3671.04 3.1377e-14   3695.10 1 
  3673.77 2.8190e-14   3697.85 1 
  3676.50 2.4498e-14   3700.60 1 
  3679.23 2.7320e-14   3703.35 1 
  3681.96 2.6119e-14   3706.10 1 
  3684.70 2.5987e-14   3708.85 1 
  3687.43 2.2924e-14   3711.60 1 
  3690.16 2.2860e-14   3714.35 1 
  3692.89 2.4487e-14   3717.10 1 
  3695.63 2.7784e-14   3719.85 1 
  3698.36 2.4705e-14   3722.60 1 
  3701.09 2.5268e-14   3725.35 1 
  3703.82 3.0673e-14   3728.10 1 
  3706.55 3.0555e-14   3730.85 1 
  3709.29 2.8903e-14   3733.60 1 
  3712.02 2.6952e-14   3736.35 1 
  3714.75 2.8604e-14   3739.10 1 
  3717.48 3.1660e-14   3741.85 1 
  3720.21 2.4955e-14   3744.60 1 
  3722.95 3.2183e-14   3747.35 1 
  3725.68 4.7888e-14   3750.10 1 
  3728.41 5.9454e-14   3752.85 1 
  3731.14 5.5831e-14   3755.60 1 
  3733.87 4.8081e-14   3758.35 1 
  3736.61 3.8977e-14   3761.10 1 
  3739.34 2.8349e-14   3763.85 1 
  3742.07 2.8586e-14   3766.60 1 
  3744.80 2.5282e-14   3769.35 1 
  3747.54 3.0296e-14   3772.10 1 
  3750.27 2.4544e-14   3774.85 1 
  3753.00 3.0190e-14   3777.60 1 
  3755.73 3.1029e-14   3780.35 1 
  3758.46 3.1894e-14   3783.10 1 
  3761.20 3.1911e-14   3785.85 1 
  3763.93 2.9472e-14   3788.60 1 
  3766.66 2.3356e-14   3791.35 1 
  3769.39 3.2107e-14   3794.10 1 
  3772.12 3.3626e-14   3796.85 1 
  3774.86 2.8201e-14   3799.60 1 
  3777.59 3.3729e-14   3802.35 1 
  3780.32 3.6338e-14   3805.10 1 
  3783.05 4.0390e-14   3807.85 1 
  3785.78 3.8951e-14   3810.60 1 
  3788.52 3.4029e-14   3813.35 1 
  3791.25 3.3500e-14   3816.10 1 
  3793.98 2.5303e-14   3818.85 1 
  3796.71 2.6800e-14   3821.60 1 
  3799.44 2.7720e-14   3824.35 1 
  3802.18 3.4580e-14   3827.10 1 
  3804.91 3.2320e-14   3829.85 1 
  3807.64 3.4334e-14   3832.60 1 
  3810.37 3.4680e-14   3835.35 1 
  3813.11 3.8517e-14   3838.10 1 
  3815.84 3.6967e-14   3840.85 1 
  3818.57 3.1715e-14   3843.60 1 
  3821.30 2.9079e-14   3846.35 1 
  3824.03 3.1935e-14   3849.10 1 
  3826.77 3.3895e-14   3851.85 1 
  3829.50 3.2611e-14   3854.60 1 
  3832.23 2.8698e-14   3857.35 1 
  3834.96 2.6914e-14   3860.10 1 
  3837.69 2.7267e-14   3862.85 1 
  3840.43 3.1383e-14   3865.60 1 
  3843.16 3.7163e-14   3868.35 1 
  3845.89 3.7617e-14   3871.10 1 
  3848.62 3.6843e-14   3873.85 1 
  3851.35 3.9285e-14   3876.60 1 
  3854.09 3.7458e-14   3879.35 1 
  3856.82 3.8889e-14   3882.10 1 
  3859.55 3.7578e-14   3884.85 1 
  3862.28 3.9900e-14   3887.60 1 
  3865.01 4.2132e-14   3890.35 1 
  3867.75 4.2901e-14   3893.10 1 
  3870.48 4.0678e-14   3895.85 1 
  3873.21 4.0896e-14   3898.60 1 
  3875.94 3.6196e-14   3901.35 1 
  3878.68 3.9506e-14   3904.10 1 
  3881.41 3.3321e-14   3906.85 1 
  3884.14 3.0411e-14   3909.60 1 
  3886.87 3.1762e-14   3912.35 1 
  3889.60 3.1602e-14   3915.10 1 
  3892.34 2.5825e-14   3917.85 1 
  3895.07 3.3876e-14   3920.60 1 
  3897.80 3.4648e-14   3923.35 1 
  3900.53 3.6544e-14   3926.10 1 
  3903.26 3.5931e-14   3928.85 1 
  3906.00 3.6027e-14   3931.60 1 
  3908.73 3.6941e-14   3934.35 1 
  3911.46 3.5283e-14   3937.10 1 
  3914.19 4.2153e-14   3939.85 1 
  3916.92 3.7388e-14   3942.60 1 
  3919.66 3.7794e-14   3945.35 1 
  3922.39 3.7925e-14   3948.10 1 
  3925.12 3.1849e-14   3950.85 1 
  3927.85 3.2378e-14   3953.60 1 
  3930.59 3.3296e-14   3956.35 1 
  3933.32 2.4974e-14   3959.10 1 
  3936.05 2.6415e-14   3961.85 1 
  3938.78 2.9685e-14   3964.60 1 
  3941.51 3.5826e-14   3967.35 1 
  3944.25 3.4491e-14   3970.10 1 
  3946.98 3.8886e-14   3972.85 1 
  3949.71 3.8710e-14   3975.60 1 
  3952.44 4.0846e-14   3978.35 1 
  3955.17 3.9014e-14   3981.10 1 
  3957.91 3.8372e-14   3983.85 1 
  3960.64 3.6897e-14   3986.60 1 
  3963.37 3.2965e-14   3989.35 1 
  3966.10 2.8871e-14   3992.10 1 
  3968.83 2.4569e-14   3994.85 1 
  3971.57 2.5178e-14   3997.60 1 
  3974.30 3.0985e-14   4000.35 1 
  3977.03 3.3615e-14   4003.10 1 
  3979.76 3.7088e-14   4005.85 1 
  3982.49 4.0487e-14   4008.60 1 
  3985.23 4.1299e-14   4011.35 1 
  3987.96 4.3790e-14   4014.10 1 
  3990.69 3.7563e-14   4016.85 1 
  3993.42 4.3169e-14   4019.60 1 
  3996.16 4.4424e-14   4022.35 1 
  3998.89 4.8044e-14   4025.10 1 
  4001.62 4.7529e-14   4027.85 1 
  4004.35 4.5320e-14   4030.60 1 
  4007.08 4.7216e-14   4033.35 1 
  4009.82 4.1962e-14   4036.10 1 
  4012.55 4.6364e-14   4038.85 1 
  4015.28 4.1570e-14   4041.60 1 
  4018.01 4.8048e-14   4044.35 1 
  4020.74 4.8392e-14   4047.10 1 
  4023.48 4.9544e-14   4049.85 1 
  4026.21 4.5851e-14   4052.60 1 
  4028.94 4.3899e-14   4055.35 1 
  4031.67 4.4846e-14   4058.10 1 
  4034.40 4.2962e-14   4060.85 1 
  4037.14 4.7229e-14   4063.60 1 
  4039.87 4.6455e-14   4066.35 1 
  4042.60 4.7270e-14   4069.10 1 
  4045.33 4.7392e-14   4071.85 1 
  4048.07 4.6165e-14   4074.60 1 
  4050.80 4.7011e-14   4077.35 1 
  4053.53 4.4298e-14   4080.10 1 
  4056.26 4.2804e-14   4082.85 1 
  4058.99 4.3911e-14   4085.60 1 
  4061.73 4.5394e-14   4088.35 1 
  4064.46 4.5432e-14   4091.10 1 
  4067.19 4.6594e-14   4093.85 1 
  4069.92 4.4899e-14   4096.60 1 
  4072.65 4.3570e-14   4099.35 1 
  4075.39 4.3592e-14   4102.10 1 
  4078.12 4.2135e-14   4104.85 1 
  4080.85 4.2125e-14   4107.60 1 
  4083.58 4.4558e-14   4110.35 1 
  4086.31 4.5900e-14   4113.10 1 
  4089.05 4.1161e-14   4115.85 1 
  4091.78 4.4667e-14   4118.60 1 
  4094.51 4.3012e-14   4121.35 1 
  4097.24 3.9763e-14   4124.10 1 
  4099.97 3.8583e-14   4126.85 1 
  4102.71 4.0566e-14   4129.60 1 
  4105.44 4.1780e-14   4132.35 1 
  4108.17 4.1925e-14   4135.10 1 
  4110.90 4.1345e-14   4137.85 1 
  4113.64 4.1539e-14   4140.60 1 
  4116.37 4.0458e-14   4143.35 1 
  4119.10 4.5322e-14   4146.10 1 
  4121.83 4.3693e-14   4148.85 1 
  4124.56 4.5376e-14   4151.60 1 
  4127.30 4.1955e-14   4154.35 1 
  4130.03 4.4433e-14   4157.10 1 
  4132.76 4.6095e-14   4159.85 1 
  4135.49 4.8095e-14   4162.60 1 
  4138.22 4.6861e-14   4165.35 1 
  4140.96 4.5560e-14   4168.10 1 
  4143.69 4.5132e-14   4170.85 1 
  4146.42 4.5092e-14   4173.60 1 
  4149.15 4.3469e-14   4176.35 1 
  4151.88 4.7725e-14   4179.10 1 
  4154.62 4.8672e-14   4181.85 1 
  4157.35 4.8593e-14   4184.60 1 
  4160.08 4.7721e-14   4187.35 1 
  4162.81 4.6880e-14   4190.10 1 
  4165.54 4.5007e-14   4192.85 1 
  4168.28 4.5056e-14   4195.60 1 
  4171.01 4.5292e-14   4198.35 1 
  4173.74 4.5725e-14   4201.10 1 
  4176.47 4.2604e-14   4203.85 1 
  4179.21 4.4007e-14   4206.60 1 
  4181.94 4.6297e-14   4209.35 1 
  4184.67 4.5904e-14   4212.10 1 
  4187.40 4.5100e-14   4214.85 1 
  4190.13 4.7344e-14   4217.60 1 
  4192.87 4.7147e-14   4220.35 1 
  4195.60 4.4546e-14   4223.10 1 
  4198.33 4.2584e-14   4225.85 1 
  4201.06 4.1993e-14   4228.60 1 
  4203.79 4.2524e-14   4231.35 1 
  4206.53 4.2632e-14   4234.10 1 
  4209.26 4.6968e-14   4236.85 1 
  4211.99 4.6259e-14   4239.60 1 
  4214.72 4.6133e-14   4242.35 1 
  4217.45 4.6249e-14   4245.10 1 
  4220.19 4.4267e-14   4247.85 1 
  4222.92 4.5751e-14   4250.60 1 
  4225.65 4.4880e-14   4253.35 1 
  4228.38 4.5579e-14   4256.10 1 
  4231.12 4.4372e-14   4258.85 1 
  4233.85 4.4556e-14   4261.60 1 
  4236.58 4.4671e-14   4264.35 1 
  4239.31 4.5057e-14   4267.10 1 
  4242.04 4.4776e-14   4269.85 1 
  4244.78 4.8065e-14   4272.60 1 
  4247.51 4.8861e-14   4275.35 1 
  4250.24 4.7038e-14   4278.10 1 
  4252.97 4.7201e-14   4280.85 1 
  4255.70 4.5846e-14   4283.60 1 
  4258.44 4.4548e-14   4286.35 1 
  4261.17 4.4197e-14   4289.10 1 
  4263.90 4.4120e-14   4291.85 1 
  4266.63 4.4546e-14   4294.60 1 
  4269.36 4.3582e-14   4297.35 1 
  4272.10 4.2862e-14   4300.10 1 
  4274.83 4.4115e-14   4302.85 1 
  4277.56 4.4708e-14   4305.60 1 
  4280.29 4.3826e-14   4308.35 1 
  4283.02 4.5146e-14   4311.10 1 
  4285.76 4.3655e-14   4313.85 1 
  4288.49 4.5120e-14   4316.60 1 
  4291.22 4.2818e-14   4319.35 1 
  4293.95 4.2908e-14   4322.10 1 
  4296.69 4.2449e-14   4324.85 1 
  4299.42 3.9945e-14   4327.60 1 
  4302.15 3.8369e-14   4330.35 1 
  4304.88 3.9072e-14   4333.10 1 
  4307.61 4.0526e-14   4335.85 1 
  4310.35 3.8230e-14   4338.60 1 
  4313.08 4.0213e-14   4341.35 1 
  4315.81 4.2838e-14   4344.10 1 
  4318.54 4.4904e-14   4346.85 1 
  4321.27 4.6218e-14   4349.60 1 
  4324.01 4.5477e-14   4352.35 1 
  4326.74 4.5097e-14   4355.10 1 
  4329.47 4.4336e-14   4357.85 1 
  4332.20 4.4134e-14   4360.60 1 
  4334.93 4.2124e-14   4363.35 1 
  4337.67 4.2649e-14   4366.10 1 
  4340.40 4.4403e-14   4368.85 1 
  4343.13 4.7584e-14   4371.60 1 
  4345.86 4.7109e-14   4374.35 1 
  4348.60 4.4844e-14   4377.10 1 
  4351.33 4.2738e-14   4379.85 1 
  4354.06 4.4032e-14   4382.60 1 
  4356.79 4.4715e-14   4385.35 1 
  4359.52 4.6153e-14   4388.10 1 
  4362.26 4.9204e-14   4390.85 1 
  4364.99 5.0200e-14   4393.60 1 
  4367.72 4.8927e-14   4396.35 1 
  4370.45 5.0216e-14   4399.10 1 
  4373.18 4.9584e-14   4401.85 1 
  4375.92 4.7388e-14   4404.60 1 
  4378.65 4.9717e-14   4407.35 1 
  4381.38 4.4585e-14   4410.10 1 
  4384.11 4.5639e-14   4412.85 1 
  4386.84 4.4267e-14   4415.60 1 
  4389.58 4.3849e-14   4418.35 1 
  4392.31 4.5166e-14   4421.10 1 
  4395.04 4.7470e-14   4423.85 1 
  4397.77 4.6242e-14   4426.60 1 
  4400.50 4.6155e-14   4429.35 1 
  4403.24 4.7999e-14   4432.10 1 
  4405.97 4.9010e-14   4434.85 1 
  4408.70 4.7535e-14   4437.60 1 
  4411.43 4.9369e-14   4440.35 1 
  4414.17 4.8769e-14   4443.10 1 
  4416.90 4.8550e-14   4445.85 1 
  4419.63 4.8140e-14   4448.60 1 
  4422.36 5.0148e-14   4451.35 1 
  4425.09 4.9699e-14   4454.10 1 
  4427.83 4.9036e-14   4456.85 1 
  4430.56 4.8849e-14   4459.60 1 
  4433.29 4.8911e-14   4462.35 1 
  4436.02 4.6982e-14   4465.10 1 
  4438.75 4.8704e-14   4467.85 1 
  4441.49 4.6321e-14   4470.60 1 
  4444.22 5.0634e-14   4473.35 1 
  4446.95 4.7769e-14   4476.10 1 
  4449.68 4.8725e-14   4478.85 1 
  4452.41 4.7858e-14   4481.60 1 
  4455.15 4.8709e-14   4484.35 1 
  4457.88 4.8300e-14   4487.10 1 
  4460.61 4.5936e-14   4489.85 1 
  4463.34 4.5531e-14   4492.60 1 
  4466.07 4.9555e-14   4495.35 1 
  4468.81 5.0178e-14   4498.10 1 
  4471.54 4.5871e-14   4500.85 1 
  4474.27 5.0415e-14   4503.60 1 
  4477.00 4.8417e-14   4506.35 1 
  4479.74 4.7599e-14   4509.10 1 
  4482.47 4.8619e-14   4511.85 1 
  4485.20 4.9727e-14   4514.60 1 
  4487.93 4.9440e-14   4517.35 1 
  4490.66 4.8646e-14   4520.10 1 
  4493.40 4.9420e-14   4522.85 1 
  4496.13 5.0068e-14   4525.60 1 
  4498.86 4.7782e-14   4528.35 1 
  4501.59 4.9978e-14   4531.10 1 
  4504.32 5.1392e-14   4533.85 1 
  4507.06 5.2087e-14   4536.60 1 
  4509.79 5.5669e-14   4539.35 1 
  4512.52 5.2600e-14   4542.10 1 
  4515.25 5.3070e-14   4544.85 1 
  4517.98 5.1545e-14   4547.60 1 
  4520.72 5.2051e-14   4550.35 1 
  4523.45 4.9705e-14   4553.10 1 
  4526.18 5.0985e-14   4555.85 1 
  4528.91 5.0174e-14   4558.60 1 
  4531.65 4.8644e-14   4561.35 1 
  4534.38 5.0015e-14   4564.10 1 
  4537.11 4.9809e-14   4566.85 1 
  4539.84 5.0459e-14   4569.60 1 
  4542.57 5.2039e-14   4572.35 1 
  4545.31 5.1312e-14   4575.10 1 
  4548.04 5.0154e-14   4577.85 1 
  4550.77 5.0697e-14   4580.60 1 
  4553.50 5.2864e-14   4583.35 1 
  4556.23 5.0250e-14   4586.10 1 
  4558.97 4.8965e-14   4588.85 1 
  4561.70 5.2928e-14   4591.60 1 
  4564.43 5.0313e-14   4594.35 1 
  4567.16 5.0553e-14   4597.10 1 
  4569.89 5.1807e-14   4599.85 1 
  4572.63 5.2143e-14   4602.60 1 
  4575.36 5.3378e-14   4605.35 1 
  4578.09 5.1958e-14   4608.10 1 
  4580.82 5.2639e-14   4610.85 1 
  4583.55 5.2432e-14   4613.60 1 
  4586.29 5.3465e-14   4616.35 1 
  4589.02 5.2852e-14   4619.10 1 
  4591.75 5.3035e-14   4621.85 1 
  4594.48 5.1386e-14   4624.60 1 
  4597.22 5.0276e-14   4627.35 1 
  4599.95 5.1025e-14   4630.10 1 
  4602.68 5.0588e-14   4632.85 1 
  4605.41 5.1812e-14   4635.60 1 
  4608.14 5.3239e-14   4638.35 1 
  4610.88 5.4195e-14   4641.10 1 
  4613.61 5.4418e-14   4643.85 1 
  4616.34 5.4531e-14   4646.60 1 
  4619.07 5.2216e-14   4649.35 1 
  4621.80 5.1913e-14   4652.10 1 
  4624.54 4.8760e-14   4654.85 1 
  4627.27 5.4588e-14   4657.60 1 
  4630.00 5.3469e-14   4660.35 1 
  4632.73 5.4596e-14   4663.10 1 
  4635.46 5.1274e-14   4665.85 1 
  4638.20 5.4167e-14   4668.60 1 
  4640.93 5.2386e-14   4671.35 1 
  4643.66 5.0463e-14   4674.10 1 
  4646.39 5.0998e-14   4676.85 1 
  4649.13 5.1478e-14   4679.60 1 
  4651.86 5.0974e-14   4682.35 1 
  4654.59 5.0951e-14   4685.10 1 
  4657.32 5.2811e-14   4687.85 1 
  4660.05 5.3352e-14   4690.60 1 
  4662.79 5.0031e-14   4693.35 1 
  4665.52 4.9752e-14   4696.10 1 
  4668.25 5.0154e-14   4698.85 1 
  4670.98 4.9405e-14   4701.60 1 
  4673.71 4.8391e-14   4704.35 1 
  4676.45 5.2909e-14   4707.10 1 
  4679.18 5.0963e-14   4709.85 1 
  4681.91 5.2676e-14   4712.60 1 
  4684.64 4.9647e-14   4715.35 1 
  4687.37 5.1643e-14   4718.10 1 
  4690.11 5.1534e-14   4720.85 1 
  4692.84 5.2771e-14   4723.60 1 
  4695.57 5.1600e-14   4726.35 1 
  4698.30 5.0316e-14   4729.10 1 
  4701.03 5.0612e-14   4731.85 1 
  4703.77 4.9323e-14   4734.60 1 
  4706.50 5.0794e-14   4737.35 1 
  4709.23 5.0294e-14   4740.10 1 
  4711.96 5.0768e-14   4742.85 1 
  4714.70 5.0399e-14   4745.60 1 
  4717.43 5.4392e-14   4748.35 1 
  4720.16 5.1592e-14   4751.10 1 
  4722.89 5.1582e-14   4753.85 1 
  4725.62 5.3904e-14   4756.60 1 
  4728.36 5.1738e-14   4759.35 1 
  4731.09 5.1889e-14   4762.10 1 
  4733.82 5.1406e-14   4764.85 1 
  4736.55 5.1914e-14   4767.60 1 
  4739.28 5.0428e-14   4770.35 1 
  4742.02 4.9174e-14   4773.10 1 
  4744.75 5.1176e-14   4775.85 1 
  4747.48 5.2858e-14   4778.60 1 
  4750.21 5.1473e-14   4781.35 1 
  4752.94 5.2857e-14   4784.10 1 
  4755.68 5.1448e-14   4786.85 1 
  4758.41 5.1287e-14   4789.60 1 
  4761.14 4.9672e-14   4792.35 1 
  4763.87 4.9051e-14   4795.10 1 
  4766.61 5.0935e-14   4797.85 1 
  4769.34 5.3408e-14   4800.60 1 
  4772.07 5.4892e-14   4803.35 1 
  4774.80 5.1939e-14   4806.10 1 
  4777.53 5.1529e-14   4808.85 1 
  4780.27 5.2386e-14   4811.60 1 
  4783.00 5.0591e-14   4814.35 1 
  4785.73 5.1265e-14   4817.10 1 
  4788.46 5.3059e-14   4819.85 1 
  4791.19 5.1338e-14   4822.60 1 
  4793.93 5.0770e-14   4825.35 1 
  4796.66 5.2939e-14   4828.10 1 
  4799.39 5.2047e-14   4830.85 1 
  4802.12 5.2738e-14   4833.60 1 
  4804.85 5.1420e-14   4836.35 1 
  4807.59 5.2031e-14   4839.10 1 
  4810.32 5.1855e-14   4841.85 1 
  4813.05 5.0608e-14   4844.60 1 
  4815.78 5.3850e-14   4847.35 1 
  4818.51 5.3384e-14   4850.10 1 
  4821.25 5.2493e-14   4852.85 1 
  4823.98 5.4188e-14   4855.60 1 
  4826.71 5.2793e-14   4858.35 1 
  4829.44 5.2425e-14   4861.10 1 
  4832.18 5.1354e-14   4863.85 1 
  4834.91 5.0712e-14   4866.60 1 
  4837.64 5.1000e-14   4869.35 1 
  4840.37 5.2149e-14   4872.10 1 
  4843.10 5.0280e-14   4874.85 1 
  4845.84 4.9257e-14   4877.60 1 
  4848.57 5.1839e-14   4880.35 1 
  4851.30 5.0411e-14   4883.10 1 
  4854.03 5.0666e-14   4885.85 1 
  4856.76 5.2098e-14   4888.60 1 
  4859.50 5.8805e-14   4891.35 1 
  4862.23 6.7505e-14   4894.10 1 
  4864.96 6.9282e-14   4896.85 1 
  4867.69 6.0243e-14   4899.60 1 
  4870.42 5.1196e-14   4902.35 1 
  4873.16 4.8083e-14   4905.10 1 
  4875.89 4.7552e-14   4907.85 1 
  4878.62 4.7807e-14   4910.60 1 
  4881.35 4.9183e-14   4913.35 1 
  4884.08 4.9377e-14   4916.10 1 
  4886.82 4.8445e-14   4918.85 1 
  4889.55 4.9264e-14   4921.60 1 
  4892.28 4.9173e-14   4924.35 1 
  4895.01 4.9948e-14   4927.10 1 
  4897.75 5.2796e-14   4929.85 1 
  4900.48 5.3393e-14   4932.60 1 
  4903.21 5.3781e-14   4935.35 1 
  4905.94 5.2341e-14   4938.10 1 
  4908.67 5.1732e-14   4940.85 1 
  4911.41 5.0439e-14   4943.60 1 
  4914.14 4.9509e-14   4946.35 1 
  4916.87 4.9518e-14   4949.10 1 
  4919.60 5.0766e-14   4951.85 1 
  4922.33 5.0231e-14   4954.60 1 
  4925.07 4.9030e-14   4957.35 1 
  4927.80 4.9588e-14   4960.10 1 
  4930.53 5.1180e-14   4962.85 1 
  4933.26 4.9676e-14   4965.60 1 
  4935.99 5.0066e-14   4968.35 1 
  4938.73 4.8518e-14   4971.10 1 
  4941.46 5.0597e-14   4973.85 1 
  4944.19 5.3305e-14   4976.60 1 
  4946.92 5.3484e-14   4979.35 1 
  4949.66 5.2494e-14   4982.10 1 
  4952.39 5.3250e-14   4984.85 1 
  4955.12 5.6075e-14   4987.60 1 
  4957.85 5.7517e-14   4990.35 1 
  4960.58 5.7775e-14   4993.10 1 
  4963.32 5.8630e-14   4995.85 1 
  4966.05 5.6031e-14   4998.60 1 
  4968.78 5.2953e-14   5001.35 1 
  4971.51 5.2617e-14   5004.10 1 
  4974.24 5.1387e-14   5006.85 1 
  4976.98 5.2756e-14   5009.60 1 
  4979.71 5.1246e-14   5012.35 1 
  4982.44 4.8325e-14   5015.10 1 
  4985.17 4.9618e-14   5017.85 1 
  4987.90 5.0030e-14   5020.60 1 
  4990.64 5.0559e-14   5023.35 1 
  4993.37 4.8980e-14   5026.10 1 
  4996.10 5.0750e-14   5028.85 1 
  4998.83 5.2811e-14   5031.60 1 
  5001.56 5.7653e-14   5034.35 1 
  5004.30 6.2984e-14   5037.10 1 
  5007.03 6.9731e-14   5039.85 1 
  5009.76 7.1209e-14   5042.60 1 
  5012.49 6.7371e-14   5045.35 1 
  5015.23 5.6626e-14   5048.10 1 
  5017.96 5.1573e-14   5050.85 1 
  5020.69 4.9374e-14   5053.60 1 
  5023.42 4.9892e-14   5056.35 1 
  5026.15 5.0426e-14   5059.10 1 
  5028.89 5.0766e-14   5061.85 1 
  5031.62 5.1965e-14   5064.60 1 
  5034.35 5.1196e-14   5067.35 1 
  5037.08 4.9908e-14   5070.10 1 
  5039.81 4.7750e-14   5072.85 1 
  5042.55 4.8061e-14   5075.60 1 
  5045.28 4.8866e-14   5078.35 1 
  5048.01 4.9505e-14   5081.10 1 
  5050.74 5.0641e-14   5083.85 1 
  5053.47 4.9325e-14   5086.60 1 
  5056.21 4.8800e-14   5089.35 1 
  5058.94 5.0236e-14   5092.10 1 
  5061.67 5.1683e-14   5094.85 1 
  5064.40 5.3142e-14   5097.60 1 
  5067.14 5.1140e-14   5100.35 1 
  5069.87 4.9774e-14   5103.10 1 
  5072.60 4.8496e-14   5105.85 1 
  5075.33 5.1306e-14   5108.60 1 
  5078.06 5.0504e-14   5111.35 1 
  5080.80 4.8578e-14   5114.10 1 
  5083.53 4.8675e-14   5116.85 1 
  5086.26 4.9259e-14   5119.60 1 
  5088.99 5.1173e-14   5122.35 1 
  5091.72 5.2018e-14   5125.10 1 
  5094.46 5.1872e-14   5127.85 1 
  5097.19 5.0012e-14   5130.60 1 
  5099.92 4.9414e-14   5133.35 1 
  5102.65 4.9314e-14   5136.10 1 
  5105.38 4.8206e-14   5138.85 1 
  5108.12 4.9771e-14   5141.60 1 
  5110.85 5.0770e-14   5144.35 1 
  5113.58 4.9562e-14   5147.10 1 
  5116.31 4.9836e-14   5149.85 1 
  5119.04 5.0747e-14   5152.60 1 
  5121.78 5.0945e-14   5155.35 1 
  5124.51 5.1454e-14   5158.10 1 
  5127.24 4.9512e-14   5160.85 1 
  5129.97 5.0283e-14   5163.60 1 
  5132.71 4.9253e-14   5166.35 1 
  5135.44 4.7538e-14   5169.10 1 
  5138.17 4.7401e-14   5171.85 1 
  5140.90 4.7312e-14   5174.60 1 
  5143.63 4.8373e-14   5177.35 1 
  5146.37 4.9701e-14   5180.10 1 
  5149.10 4.8879e-14   5182.85 1 
  5151.83 4.8571e-14   5185.60 1 
  5154.56 4.8780e-14   5188.35 1 
  5157.29 4.8867e-14   5191.10 1 
  5160.03 4.9779e-14   5193.85 1 
  5162.76 4.8708e-14   5196.60 1 
  5165.49 4.6743e-14   5199.35 1 
  5168.22 4.4762e-14   5202.10 1 
  5170.95 4.3437e-14   5204.85 1 
  5173.69 4.3945e-14   5207.60 1 
  5176.42 4.4675e-14   5210.35 1 
  5179.15 4.5805e-14   5213.10 1 
  5181.88 4.6884e-14   5215.85 1 
  5184.61 4.6387e-14   5218.60 1 
  5187.35 4.7085e-14   5221.35 1 
  5190.08 4.7784e-14   5224.10 1 
  5192.81 4.8641e-14   5226.85 1 
  5195.54 4.9206e-14   5229.60 1 
  5198.28 5.0222e-14   5232.35 1 
  5201.01 5.1791e-14   5235.10 1 
  5203.74 5.0518e-14   5237.85 1 
  5206.47 4.8964e-14   5240.60 1 
  5209.20 4.8137e-14   5243.35 1 
  5211.94 4.8379e-14   5246.10 1 
  5214.67 4.8987e-14   5248.85 1 
  5217.40 5.0185e-14   5251.60 1 
  5220.13 5.2477e-14   5254.35 1 
  5222.86 5.0966e-14   5257.10 1 
  5225.60 4.8912e-14   5259.85 1 
  5228.33 4.8844e-14   5262.60 1 
  5231.06 4.8824e-14   5265.35 1 
  5233.79 4.9083e-14   5268.10 1 
  5236.52 4.9460e-14   5270.85 1 
  5239.26 5.1332e-14   5273.60 1 
  5241.99 5.2015e-14   5276.35 1 
  5244.72 5.1111e-14   5279.10 1 
  5247.45 5.0572e-14   5281.85 1 
  5250.19 5.0154e-14   5284.60 1 
  5252.92 4.9088e-14   5287.35 1 
  5255.65 5.0361e-14   5290.10 1 
  5258.38 5.0772e-14   5292.85 1 
  5261.11 4.9349e-14   5295.60 1 
  5263.85 4.9139e-14   5298.35 1 
  5266.58 4.8691e-14   5301.10 1 
  5269.31 4.7716e-14   5303.85 1 
  5272.04 4.8026e-14   5306.60 1 
  5274.77 4.8400e-14   5309.35 1 
  5277.51 4.9359e-14   5312.10 1 
  5280.24 5.1795e-14   5314.85 1 
  5282.97 5.3143e-14   5317.60 1 
  5285.70 5.3570e-14   5320.35 1 
  5288.43 5.2604e-14   5323.10 1 
  5291.17 5.2338e-14   5325.85 1 
  5293.90 5.3320e-14   5328.60 1 
  5296.63 5.3065e-14   5331.35 1 
  5299.36 5.2908e-14   5334.10 1 
  5302.09 5.3300e-14   5336.85 1 
  5304.83 5.2730e-14   5339.60 1 
  5307.56 5.3766e-14   5342.35 1 
  5310.29 5.5035e-14   5345.10 1 
  5313.02 5.5441e-14   5347.85 1 
  5315.76 5.4927e-14   5350.60 1 
  5318.49 5.3379e-14   5353.35 1 
  5321.22 5.4195e-14   5356.10 1 
  5323.95 5.3312e-14   5358.85 1 
  5326.68 5.2405e-14   5361.60 1 
  5329.42 5.0835e-14   5364.35 1 
  5332.15 5.0433e-14   5367.10 1 
  5334.88 5.1496e-14   5369.85 1 
  5337.61 5.2815e-14   5372.60 1 
  5340.34 5.3283e-14   5375.35 1 
  5343.08 5.2215e-14   5378.10 1 
  5345.81 5.2998e-14   5380.85 1 
  5348.54 5.4292e-14   5383.60 1 
  5351.27 5.2818e-14   5386.35 1 
  5354.00 5.4014e-14   5389.10 1 
  5356.74 5.5037e-14   5391.85 1 
  5359.47 5.4855e-14   5394.60 1 
  5362.20 5.4567e-14   5397.35 1 
  5364.93 5.3250e-14   5400.10 1 
  5367.67 5.2317e-14   5402.85 1 
  5370.40 5.0998e-14   5405.60 1 
  5373.13 5.1495e-14   5408.35 1 
  5375.86 5.2720e-14   5411.10 1 
  5378.59 5.4353e-14   5413.85 1 
  5381.33 5.3969e-14   5416.60 1 
  5384.06 5.4583e-14   5419.35 1 
  5386.79 5.4701e-14   5422.10 1 
  5389.52 5.3533e-14   5424.85 1 
  5392.25 5.2840e-14   5427.60 1 
  5394.99 5.1286e-14   5430.35 1 
  5397.72 5.1416e-14   5433.10 1 
  5400.45 5.1499e-14   5435.85 1 
  5403.18 5.2220e-14   5438.60 1 
  5405.91 5.2143e-14   5441.35 1 
  5408.65 5.2111e-14   5444.10 1 
  5411.38 5.3392e-14   5446.85 1 
  5414.11 5.3934e-14   5449.60 1 
  5416.84 5.3123e-14   5452.35 1 
  5419.57 5.3415e-14   5455.10 1 
  5422.31 5.3609e-14   5457.85 1 
  5425.04 5.4092e-14   5460.60 1 
  5427.77 5.0899e-14   5463.35 1 
  5430.50 5.1561e-14   5466.10 1 
  5433.24 5.3109e-14   5468.85 1 
  5435.97 5.2219e-14   5471.60 1 
  5438.70 5.2422e-14   5474.35 1 
  5441.43 5.4314e-14   5477.10 1 
  5444.16 5.4841e-14   5479.85 1 
  5446.90 5.4411e-14   5482.60 1 
  5449.63 5.5663e-14   5485.35 1 
  5452.36 5.5550e-14   5488.10 1 
  5455.09 5.4251e-14   5490.85 1 
  5457.82 5.3272e-14   5493.60 1 
  5460.56 5.4924e-14   5496.35 1 
  5463.29 5.3573e-14   5499.10 1 
  5466.02 5.3814e-14   5501.85 1 
  5468.75 5.3549e-14   5504.60 1 
  5471.48 5.2805e-14   5507.35 1 
  5474.22 5.2458e-14   5510.10 1 
  5476.95 5.1527e-14   5512.85 1 
  5479.68 5.1707e-14   5515.60 1 
  5482.41 5.3031e-14   5518.35 1 
  5485.14 5.2977e-14   5521.10 1 
  5487.88 5.4252e-14   5523.85 1 
  5490.61 5.3541e-14   5526.60 1 
  5493.34 5.3782e-14   5529.35 1 
  5496.07 5.2584e-14   5532.10 1 
  5498.81 5.3196e-14   5534.85 1 
  5501.54 5.3530e-14   5537.60 1 
  5504.27 5.2064e-14   5540.35 1 
  5507.00 5.0920e-14   5543.10 1 
  5509.73 5.1523e-14   5545.85 1 
  5512.47 5.2305e-14   5548.60 1 
  5515.20 5.1634e-14   5551.35 1 
  5517.93 4.9059e-14   5554.10 1 
  5520.66 5.2675e-14   5556.85 1 
  5523.39 5.3547e-14   5559.60 1 
  5526.13 4.9964e-14   5562.35 1 
  5528.86 5.0442e-14   5565.10 1 
  5531.59 5.1109e-14   5567.85 1 
  5534.32 5.2191e-14   5570.60 1 
  5537.05 5.2830e-14   5573.35 1 
  5539.79 5.3044e-14   5576.10 1 
  5542.52 5.4183e-14   5578.85 1 
  5545.25 5.4515e-14   5581.60 1 
  5547.98 5.3332e-14   5584.35 1 
  5550.72 5.2736e-14   5587.10 1 
  5553.45 5.2612e-14   5589.85 1 
  5556.18 5.4613e-14   5592.60 1 
  5558.91 5.2340e-14   5595.35 1 
  5561.64 5.2328e-14   5598.10 1 
  5564.38 5.0562e-14   5600.85 1 
  5567.11 5.1944e-14   5603.60 1 
  5569.84 5.2976e-14   5606.35 1 
  5572.57 5.2514e-14   5609.10 1 
  5575.30 5.3006e-14   5611.85 1 
  5578.04 5.4668e-14   5614.60 1 
  5580.77 5.4686e-14   5617.35 1 
  5583.50 5.3018e-14   5620.10 1 
  5586.23 5.2982e-14   5622.85 1 
  5588.96 5.1792e-14   5625.60 1 
  5591.70 5.1683e-14   5628.35 1 
  5594.43 5.2225e-14   5631.10 1 
  5597.16 5.4035e-14   5633.85 1 
  5599.89 5.2847e-14   5636.60 1 
  5602.62 5.1351e-14   5639.35 1 
  5605.36 5.1609e-14   5642.10 1 
  5608.09 5.3677e-14   5644.85 1 
  5610.82 5.4533e-14   5647.60 1 
  5613.55 5.4662e-14   5650.35 1 
  5616.29 5.4553e-14   5653.10 1 
  5619.02 5.3217e-14   5655.85 1 
  5621.75 5.2838e-14   5658.60 1 
  5624.48 5.2058e-14   5661.35 1 
  5627.21 5.2651e-14   5664.10 1 
  5629.95 5.3942e-14   5666.85 1 
  5632.68 5.3386e-14   5669.60 1 
  5635.41 5.4627e-14   5672.35 1 
  5638.14 5.1104e-14   5675.10 1 
  5640.87 5.3632e-14   5677.85 1 
  5643.61 5.0611e-14   5680.60 1 
  5646.34 5.3713e-14   5683.35 1 
  5649.07 5.5021e-14   5686.10 1 
  5651.80 5.4448e-14   5688.85 1 
  5654.53 5.4837e-14   5691.60 1 
  5657.27 5.3240e-14   5694.35 1 
  5660.00 5.2365e-14   5697.10 1 
  5662.73 5.2709e-14   5699.85 1 
  5665.46 5.1234e-14   5702.60 1 
  5668.20 5.2517e-14   5705.35 1 
  5670.93 5.3734e-14   5708.10 1 
  5673.66 5.3013e-14   5710.85 1 
  5676.39 5.4904e-14   5713.60 1 
  5679.12 5.2462e-14   5716.35 1 
  5681.86 5.2009e-14   5719.10 1 
  5684.59 5.3642e-14   5721.85 1 
  5687.32 5.4090e-14   5724.60 1 
  5690.05 5.3038e-14   5727.35 1 
  5692.78 5.5483e-14   5730.10 1 
  5695.52 5.3312e-14   5732.85 1 
  5698.25 5.5879e-14   5735.60 1 
  5700.98 5.3552e-14   5738.35 1 
  5703.71 5.2625e-14   5741.10 1 
  5706.44 5.2863e-14   5743.85 1 
  5709.18 5.4036e-14   5746.60 1 
  5711.91 5.4120e-14   5749.35 1 
  5714.64 5.2965e-14   5752.10 1 
  5717.37 5.3417e-14   5754.85 1 
  5720.10 5.4152e-14   5757.60 1 
  5722.84 5.5484e-14   5760.35 1 
  5725.57 5.4796e-14   5763.10 1 
  5728.30 5.3896e-14   5765.85 1 
  5731.03 5.3026e-14   5768.60 1 
  5733.77 5.4719e-14   5771.35 1 
  5736.50 5.3110e-14   5774.10 1 
  5739.23 5.3620e-14   5776.85 1 
  5741.96 5.3127e-14   5779.60 1 
  5744.69 5.3808e-14   5782.35 1 
  5747.43 5.2912e-14   5785.10 1 
  5750.16 5.3904e-14   5787.85 1 
  5752.89 5.3731e-14   5790.60 1 
  5755.62 5.3091e-14   5793.35 1 
  5758.35 5.3852e-14   5796.10 1 
  5761.09 5.5988e-14   5798.85 1 
  5763.82 5.5802e-14   5801.60 1 
  5766.55 5.4730e-14   5804.35 1 
  5769.28 5.5824e-14   5807.10 1 
  5772.01 5.2571e-14   5809.85 1 
  5774.75 5.2437e-14   5812.60 1 
  5777.48 5.1938e-14   5815.35 1 
  5780.21 5.1945e-14   5818.10 1 
  5782.94 5.3923e-14   5820.85 1 
  5785.67 5.2101e-14   5823.60 1 
  5788.41 5.1059e-14   5826.35 1 
  5791.14 5.3253e-14   5829.10 1 
  5793.87 5.3836e-14   5831.85 1 
  5796.60 5.3901e-14   5834.60 1 
  5799.34 5.7119e-14   5837.35 1 
  5802.07 5.6470e-14   5840.10 1 
  5804.80 5.4122e-14   5842.85 1 
  5807.53 5.1296e-14   5845.60 1 
  5810.26 5.2645e-14   5848.35 1 
  5813.00 5.3580e-14   5851.10 1 
  5815.73 5.5788e-14   5853.85 1 
  5818.46 5.3968e-14   5856.60 1 
  5821.19 5.6245e-14   5859.35 1 
  5823.92 5.4642e-14   5862.10 1 
  5826.66 5.5420e-14   5864.85 1 
  5829.39 5.4653e-14   5867.60 1 
  5832.12 5.3714e-14   5870.35 1 
  5834.85 5.3686e-14   5873.10 1 
  5837.58 5.4105e-14   5875.85 1 
  5840.32 5.4828e-14   5878.60 1 
  5843.05 5.3635e-14   5881.35 1 
  5845.78 5.3053e-14   5884.10 1 
  5848.51 5.3865e-14   5886.85 1 
  5851.25 5.2908e-14   5889.60 1 
  5853.98 5.2263e-14   5892.35 1 
  5856.71 5.4307e-14   5895.10 1 
  5859.44 5.2985e-14   5897.85 1 
  5862.17 5.4534e-14   5900.60 1 
  5864.91 4.7274e-14   5903.35 1 
  5867.64 4.9903e-14   5906.10 1 
  5870.37 5.3492e-14   5908.85 1 
  5873.10 5.4121e-14   5911.60 1 
  5875.83 5.7437e-14   5914.35 1 
  5878.57 5.4987e-14   5917.10 1 
  5881.30 5.3003e-14   5919.85 1 
  5884.03 5.2048e-14   5922.60 1 
  5886.76 4.9733e-14   5925.35 1 
  5889.49 4.5898e-14   5928.10 1 
  5892.23 4.5267e-14   5930.85 1 
  5894.96 4.5515e-14   5933.60 1 
  5897.69 4.4981e-14   5936.35 1 
  5900.42 4.7471e-14   5939.10 1 
  5903.15 5.1394e-14   5941.85 1 
  5905.89 5.2339e-14   5944.60 1 
  5908.62 5.2293e-14   5947.35 1 
  5911.35 5.1804e-14   5950.10 1 
  5914.08 5.1210e-14   5952.85 1 
  5916.82 5.1404e-14   5955.60 1 
  5919.55 5.1164e-14   5958.35 1 
  5922.28 5.2287e-14   5961.10 1 
  5925.01 5.3001e-14   5963.85 1 
  5927.74 5.2236e-14   5966.60 1 
  5930.48 5.1160e-14   5969.35 1 
  5933.21 5.1519e-14   5972.10 1 
  5935.94 5.3208e-14   5974.85 1 
  5938.67 5.3003e-14   5977.60 1 
  5941.40 5.2011e-14   5980.35 1 
  5944.14 5.2125e-14   5983.10 1 
  5946.87 5.1606e-14   5985.85 1 
  5949.60 5.3239e-14   5988.60 1 
  5952.33 5.2030e-14   5991.35 1 
  5955.06 5.3426e-14   5994.10 1 
  5957.80 5.2302e-14   5996.85 1 
  5960.53 5.1915e-14   5999.60 1 
  5963.26 5.2887e-14   6002.35 1 
  5965.99 5.2206e-14   6005.10 1 
  5968.73 5.2338e-14   6007.85 1 
  5971.46 5.2966e-14   6010.60 1 
  5974.19 5.1699e-14   6013.35 1 
  5976.92 5.2281e-14   6016.10 1 
  5979.65 5.1544e-14   6018.85 1 
  5982.39 5.1944e-14   6021.60 1 
  5985.12 5.2717e-14   6024.35 1 
  5987.85 5.1215e-14   6027.10 1 
  5990.58 5.1031e-14   6029.85 1 
  5993.31 5.1742e-14   6032.60 1 
  5996.05 5.2178e-14   6035.35 1 
  5998.78 5.1151e-14   6038.10 1 
  6001.51 5.0053e-14   6040.85 1 
  6004.24 5.3048e-14   6043.60 1 
  6006.97 5.3198e-14   6046.35 1 
  6009.71 5.2210e-14   6049.10 1 
  6012.44 5.1697e-14   6051.85 1 
  6015.17 5.2023e-14   6054.60 1 
  6017.90 5.3140e-14   6057.35 1 
  6020.63 5.3965e-14   6060.10 1 
  6023.37 5.3059e-14   6062.85 1 
  6026.10 5.1669e-14   6065.60 1 
  6028.83 5.2701e-14   6068.35 1 
  6031.56 5.2974e-14   6071.10 1 
  6034.30 5.3897e-14   6073.85 1 
  6037.03 5.4589e-14   6076.60 1 
  6039.76 5.1069e-14   6079.35 1 
  6042.49 5.1869e-14   6082.10 1 
  6045.22 4.9077e-14   6084.85 1 
  6047.96 5.3856e-14   6087.60 1 
  6050.69 5.3852e-14   6090.35 1 
  6053.42 5.2630e-14   6093.10 1 
  6056.15 5.4622e-14   6095.85 1 
  6058.88 5.4230e-14   6098.60 1 
  6061.62 5.3549e-14   6101.35 1 
  6064.35 5.2370e-14   6104.10 1 
  6067.08 5.1936e-14   6106.85 1 
  6069.81 5.3027e-14   6109.60 1 
  6072.54 5.4640e-14   6112.35 1 
  6075.28 5.3786e-14   6115.10 1 
  6078.01 5.3688e-14   6117.85 1 
  6080.74 5.5940e-14   6120.60 1 
  6083.47 5.4495e-14   6123.35 1 
  6086.21 5.0785e-14   6126.10 1 
  6088.94 5.2671e-14   6128.85 1 
  6091.67 5.3867e-14   6131.60 1 
  6094.40 5.2697e-14   6134.35 1 
  6097.13 5.3025e-14   6137.10 1 
  6099.87 5.2982e-14   6139.85 1 
  6102.60 4.9524e-14   6142.60 1 
  6105.33 5.2809e-14   6145.35 1 
  6108.06 5.0882e-14   6148.10 1 
  6110.79 5.3517e-14   6150.85 1 
  6113.53 5.2150e-14   6153.60 1 
  6116.26 5.2612e-14   6156.35 1 
  6118.99 5.3388e-14   6159.10 1 
  6121.72 5.1406e-14   6161.85 1 
  6124.45 5.2987e-14   6164.60 1 
  6127.19 5.3240e-14   6167.35 1 
  6129.92 5.3055e-14   6170.10 1 
  6132.65 5.3257e-14   6172.85 1 
  6135.38 5.1021e-14   6175.60 1 
  6138.11 4.9312e-14   6178.35 1 
  6140.85 4.8707e-14   6181.10 1 
  6143.58 5.2175e-14   6183.85 1 
  6146.31 4.9695e-14   6186.60 1 
  6149.04 5.1756e-14   6189.35 1 
  6151.78 5.2603e-14   6192.10 1 
  6154.51 4.9016e-14   6194.85 1 
  6157.24 4.9525e-14   6197.60 1 
  6159.97 4.9582e-14   6200.35 1 
  6162.70 4.8159e-14   6203.10 1 
  6165.44 4.9704e-14   6205.85 1 
  6168.17 4.8916e-14   6208.60 1 
  6170.90 5.0318e-14   6211.35 1 
  6173.63 5.1209e-14   6214.10 1 
  6176.36 5.0655e-14   6216.85 1 
  6179.10 5.1365e-14   6219.60 1 
  6181.83 4.9576e-14   6222.35 1 
  6184.56 4.9077e-14   6225.10 1 
  6187.29 4.8555e-14   6227.85 1 
  6190.02 4.9688e-14   6230.60 1 
  6192.76 5.1135e-14   6233.35 1 
  6195.49 4.9884e-14   6236.10 1 
  6198.22 4.9128e-14   6238.85 1 
  6200.95 5.2616e-14   6241.60 1 
  6203.68 5.0237e-14   6244.35 1 
  6206.42 5.1952e-14   6247.10 1 
  6209.15 5.3419e-14   6249.85 1 
  6211.88 5.1652e-14   6252.60 1 
  6214.61 5.1673e-14   6255.35 1 
  6217.35 5.0844e-14   6258.10 1 
  6220.08 4.9814e-14   6260.85 1 
  6222.81 5.0386e-14   6263.60 1 
  6225.54 5.0995e-14   6266.35 1 
  6228.27 4.9431e-14   6269.10 1 
  6231.01 5.0333e-14   6271.85 1 
  6233.74 5.1120e-14   6274.60 1 
  6236.47 4.9806e-14   6277.35 1 
  6239.20 4.9388e-14   6280.10 1 
  6241.93 4.9914e-14   6282.85 1 
  6244.67 5.0313e-14   6285.60 1 
  6247.40 4.8978e-14   6288.35 1 
  6250.13 4.9368e-14   6291.10 1 
  6252.86 5.0124e-14   6293.85 1 
  6255.59 5.1003e-14   6296.60 1 
  6258.33 4.8659e-14   6299.35 1 
  6261.06 4.8964e-14   6302.10 1 
  6263.79 5.0500e-14   6304.85 1 
  6266.52 4.9074e-14   6307.60 1 
  6269.26 5.2418e-14   6310.35 1 
  6271.99 5.0744e-14   6313.10 1 
  6274.72 5.2427e-14   6315.85 1 
  6277.45 4.9870e-14   6318.60 1 
  6280.18 4.9770e-14   6321.35 1 
  6282.92 4.9347e-14   6324.10 1 
  6285.65 5.0406e-14   6326.85 1 
  6288.38 5.1953e-14   6329.60 1 
  6291.11 5.0052e-14   6332.35 1 
  6293.84 4.9454e-14   6335.10 1 
  6296.58 5.0399e-14   6337.85 1 
  6299.31 5.2751e-14   6340.60 1 
  6302.04 5.6792e-14   6343.35 1 
  6304.77 5.6191e-14   6346.10 1 
  6307.50 5.5552e-14   6348.85 1 
  6310.24 5.1384e-14   6351.60 1 
  6312.97 5.1369e-14   6354.35 1 
  6315.70 4.9853e-14   6357.10 1 
  6318.43 5.2489e-14   6359.85 1 
  6321.16 5.1928e-14   6362.60 1 
  6323.90 4.9842e-14   6365.35 1 
  6326.63 5.0738e-14   6368.10 1 
  6329.36 5.1330e-14   6370.85 1 
  6332.09 5.1023e-14   6373.60 1 
  6334.83 5.1989e-14   6376.35 1 
  6337.56 5.3822e-14   6379.10 1 
  6340.29 5.1593e-14   6381.85 1 
  6343.02 5.1343e-14   6384.60 1 
  6345.75 5.1316e-14   6387.35 1 
  6348.49 5.0467e-14   6390.10 1 
  6351.22 5.0509e-14   6392.85 1 
  6353.95 4.9460e-14   6395.60 1 
  6356.68 4.9726e-14   6398.35 1 
  6359.41 5.0820e-14   6401.10 1 
  6362.15 5.0604e-14   6403.85 1 
  6364.88 5.1782e-14   6406.60 1 
  6367.61 5.0959e-14   6409.35 1 
  6370.34 4.9864e-14   6412.10 1 
  6373.07 5.0756e-14   6414.85 1 
  6375.81 5.1676e-14   6417.60 1 
  6378.54 5.2408e-14   6420.35 1 
  6381.27 5.0723e-14   6423.10 1 
  6384.00 5.1145e-14   6425.85 1 
  6386.74 5.1525e-14   6428.60 1 
  6389.47 5.0386e-14   6431.35 1 
  6392.20 5.1812e-14   6434.10 1 
  6394.93 5.1152e-14   6436.85 1 
  6397.66 5.2305e-14   6439.60 1 
  6400.40 5.3357e-14   6442.35 1 
  6403.13 5.1676e-14   6445.10 1 
  6405.86 5.0448e-14   6447.85 1 
  6408.59 5.3048e-14   6450.60 1 
  6411.32 5.1532e-14   6453.35 1 
  6414.06 5.1205e-14   6456.10 1 
  6416.79 5.1558e-14   6458.85 1 
  6419.52 5.2039e-14   6461.60 1 
  6422.25 4.8889e-14   6464.35 1 
  6424.98 5.0575e-14   6467.10 1 
  6427.72 4.8038e-14   6469.85 1 
  6430.45 5.1394e-14   6472.60 1 
  6433.18 5.0663e-14   6475.35 1 
  6435.91 5.0358e-14   6478.10 1 
  6438.64 5.1263e-14   6480.85 1 
  6441.38 5.1524e-14   6483.60 1 
  6444.11 5.0723e-14   6486.35 1 
  6446.84 4.9832e-14   6489.10 1 
  6449.57 5.1505e-14   6491.85 1 
  6452.31 5.2715e-14   6494.60 1 
  6455.04 5.2734e-14   6497.35 1 
  6457.77 5.0852e-14   6500.10 1 
  6460.50 5.0025e-14   6502.85 1 
  6463.23 5.1021e-14   6505.60 1 
  6465.97 5.0715e-14   6508.35 1 
  6468.70 5.1018e-14   6511.10 1 
  6471.43 5.2148e-14   6513.85 1 
  6474.16 5.2547e-14   6516.60 1 
  6476.89 5.3179e-14   6519.35 1 
  6479.63 5.2952e-14   6522.10 1 
  6482.36 5.1744e-14   6524.85 1 
  6485.09 5.0280e-14   6527.60 1 
  6487.82 5.0657e-14   6530.35 1 
  6490.55 5.2367e-14   6533.10 1 
  6493.29 4.9998e-14   6535.85 1 
  6496.02 4.7864e-14   6538.60 1 
  6498.75 4.8494e-14   6541.35 1 
  6501.48 4.9607e-14   6544.10 1 
  6504.21 4.9601e-14   6546.85 1 
  6506.95 4.9571e-14   6549.60 1 
  6509.68 5.0132e-14   6552.35 1 
  6512.41 5.1486e-14   6555.10 1 
  6515.14 4.9573e-14   6557.85 1 
  6517.88 5.0775e-14   6560.60 1 
  6520.61 5.1822e-14   6563.35 1 
  6523.34 5.3685e-14   6566.10 1 
  6526.07 4.8613e-14   6568.85 1 
  6528.80 4.9595e-14   6571.60 1 
  6531.54 5.1181e-14   6574.35 1 
  6534.27 5.0188e-14   6577.10 1 
  6537.00 5.2595e-14   6579.85 1 
  6539.73 5.2630e-14   6582.60 1 
  6542.46 5.5478e-14   6585.35 1 
  6545.20 5.9687e-14   6588.10 1 
  6547.93 7.2954e-14   6590.85 1 
  6550.66 7.7815e-14   6593.60 1 
  6553.39 7.4159e-14   6596.35 1 
  6556.12 7.0293e-14   6599.10 1 
  6558.86 8.9574e-14   6601.85 1 
  6561.59 1.4508e-13   6604.60 1 
  6564.32 1.8974e-13   6607.35 1 
  6567.05 1.8196e-13   6610.10 1 
  6569.79 1.2738e-13   6612.85 1 
  6572.52 8.0101e-14   6615.60 1 
  6575.25 6.3061e-14   6618.35 1 
  6577.98 6.9466e-14   6621.10 1 
  6580.71 8.9260e-14   6623.85 1 
  6583.45 1.2004e-13   6626.60 1 
  6586.18 1.3140e-13   6629.35 1 
  6588.91 1.1016e-13   6632.10 1 
  6591.64 8.1960e-14   6634.85 1 
  6594.37 6.2248e-14   6637.60 1 
  6597.11 5.5184e-14   6640.35 1 
  6599.84 5.4906e-14   6643.10 1 
  6602.57 5.4151e-14   6645.85 1 
  6605.30 5.1454e-14   6648.60 1 
  6608.03 5.2912e-14   6651.35 1 
  6610.77 5.3032e-14   6654.10 1 
  6613.50 5.1974e-14   6656.85 1 
  6616.23 5.2219e-14   6659.60 1 
  6618.96 5.2458e-14   6662.35 1 
  6621.69 5.2959e-14   6665.10 1 
  6624.43 5.1599e-14   6667.85 1 
  6627.16 5.1650e-14   6670.60 1 
  6629.89 5.0669e-14   6673.35 1 
  6632.62 5.3061e-14   6676.10 1 
  6635.36 5.1139e-14   6678.85 1 
  6638.09 5.2072e-14   6681.60 1 
  6640.82 5.1152e-14   6684.35 1 
  6643.55 5.1619e-14   6687.10 1 
  6646.28 5.1194e-14   6689.85 1 
  6649.02 5.0444e-14   6692.60 1 
  6651.75 5.0324e-14   6695.35 1 
  6654.48 4.9351e-14   6698.10 1 
  6657.21 5.0334e-14   6700.85 1 
  6659.94 4.9561e-14   6703.60 1 
  6662.68 5.1113e-14   6706.35 1 
  6665.41 5.0591e-14   6709.10 1 
  6668.14 5.0224e-14   6711.85 1 
  6670.87 5.1058e-14   6714.60 1 
  6673.60 5.0353e-14   6717.35 1 
  6676.34 5.2011e-14   6720.10 1 
  6679.07 5.1102e-14   6722.85 1 
  6681.80 5.1082e-14   6725.60 1 
  6684.53 5.1889e-14   6728.35 1 
  6687.27 5.1679e-14   6731.10 1 
  6690.00 5.1005e-14   6733.85 1 
  6692.73 5.1628e-14   6736.60 1 
  6695.46 5.1094e-14   6739.35 1 
  6698.19 5.2684e-14   6742.10 1 
  6700.93 5.2036e-14   6744.85 1 
  6703.66 5.3201e-14   6747.60 1 
  6706.39 5.3630e-14   6750.35 1 
  6709.12 5.3496e-14   6753.10 1 
  6711.85 5.7606e-14   6755.85 1 
  6714.59 6.7201e-14   6758.60 1 
  6717.32 7.4657e-14   6761.35 1 
  6720.05 7.7927e-14   6764.10 1 
  6722.78 6.7289e-14   6766.85 1 
  6725.51 6.1851e-14   6769.60 1 
  6728.25 6.0260e-14   6772.35 1 
  6730.98 6.7490e-14   6775.10 1 
  6733.71 7.1056e-14   6777.85 1 
  6736.44 6.4284e-14   6780.60 1 
  6739.17 5.5967e-14   6783.35 1 
  6741.91 4.9128e-14   6786.10 1 
  6744.64 5.0316e-14   6788.85 1 
  6747.37 4.7373e-14   6791.60 1 
  6750.10 4.8259e-14   6794.35 1 
  6752.84 4.8471e-14   6797.10 1 
  6755.57 4.9331e-14   6799.85 1 
  6758.30 4.7126e-14   6802.60 1 
  6761.03 4.7988e-14   6805.35 1 
  6763.76 5.1240e-14   6808.10 1 
  6766.50 5.0597e-14   6810.85 1 
  6769.23 4.9106e-14   6813.60 1 
  6771.96 4.8036e-14   6816.35 1 
  6774.69 5.0646e-14   6819.10 1 
  6777.42 5.3544e-14   6821.85 1 
  6780.16 5.4240e-14   6824.60 1 
  6782.89 5.5964e-14   6827.35 1 
  6794.58 4.9849e-14   6839.12 0 
  6810.24 5.0081e-14   6854.88 0 
  6825.94 4.9968e-14   6870.68 0 
  6841.68 5.0549e-14   6886.52 0 
  6857.45 4.9743e-14   6902.40 0 
  6873.25 4.8949e-14   6918.31 0 
  6889.10 4.8727e-14   6934.26 0 
  6904.98 4.9180e-14   6950.24 0 
  6920.90 4.9523e-14   6966.26 0 
  6936.85 4.9753e-14   6982.33 0 
  6952.84 5.0100e-14   6998.42 0 
  6968.87 5.0103e-14   7014.55 0 
  6984.93 4.7302e-14   7030.72 0 
  7001.04 4.9992e-14   7046.93 0 
  7017.18 4.9650e-14   7063.18 0 
  7033.35 4.9084e-14   7079.46 0 
  7049.57 5.1399e-14   7095.78 0 
  7065.82 4.8862e-14   7112.14 0 
  7082.11 4.9544e-14   7128.53 0 
  7098.43 4.7316e-14   7144.96 0 
  7114.80 4.7977e-14   7161.43 0 
  7131.20 4.7758e-14   7177.94 0 
  7147.64 4.7541e-14   7194.49 0 
  7164.11 4.7873e-14   7211.08 0 
  7180.63 4.7218e-14   7227.70 0 
  7197.18 4.5199e-14   7244.36 0 
  7213.77 4.4787e-14   7261.06 0 
  7230.40 4.7224e-14   7277.80 0 
  7247.07 4.7554e-14   7294.57 0 
  7263.78 4.9001e-14   7311.39 0 
  7280.52 4.7449e-14   7328.25 0 
  7297.30 4.5629e-14   7345.14 0 
  7314.13 4.7892e-14   7362.07 0 
  7330.99 4.8561e-14   7379.04 0 
  7347.89 5.0385e-14   7396.05 0 
  7364.82 4.8231e-14   7413.10 0 
  7381.80 4.9470e-14   7430.19 0 
  7398.82 4.8906e-14   7447.32 0 
  7415.87 4.8349e-14   7464.49 0 
  7432.97 4.9705e-14   7481.70 0 
  7450.11 4.8913e-14   7498.94 0 
  7467.28 4.9254e-14   7516.23 0 
  7484.50 4.9598e-14   7533.56 0 
  7501.75 4.7587e-14   7550.92 0 
  7519.04 4.8474e-14   7568.33 0 
  7536.38 5.0064e-14   7585.78 0 
  7553.75 4.9722e-14   7603.26 0 
  7571.16 4.9839e-14   7620.79 0 
  7588.61 4.9841e-14   7638.36 0 
  7606.11 4.8373e-14   7655.97 0 
  7623.64 4.9275e-14   7673.61 0 
  7641.21 4.8156e-14   7691.30 0 
  7658.83 4.8380e-14   7709.04 0 
  7676.49 4.2627e-14   7726.81 0 
  7694.18 4.7066e-14   7744.62 0 
  7711.92 4.6316e-14   7762.47 0 
  7729.70 4.7179e-14   7780.37 0 
  7747.52 4.7509e-14   7798.30 0 
  7765.37 4.6859e-14   7816.28 0 
  7783.28 4.6006e-14   7834.30 0 
  7801.22 4.7080e-14   7852.36 0 
  7819.20 4.6758e-14   7870.46 0 
  7837.23 4.6760e-14   7888.60 0 
  7855.29 4.7522e-14   7906.79 0 
  7873.40 4.7634e-14   7925.01 0 
  7891.56 4.6983e-14   7943.28 0 
  7909.75 4.6554e-14   7961.59 0 
  7927.98 4.5080e-14   7979.95 0 
  7946.26 4.4566e-14   7998.34 0 
  7964.57 4.5501e-14   8016.78 0 
  7982.93 4.6457e-14   8035.26 0 
  8001.33 4.5716e-14   8053.78 0 
  8019.78 4.6354e-14   8072.35 0 
  8038.27 4.6678e-14   8090.96 0 
  8056.80 4.5828e-14   8109.61 0 
  8075.37 4.6361e-14   8128.31 0 
  8093.99 4.5622e-14   8147.04 0 
  8112.64 4.6473e-14   8165.82 0 
  8131.35 4.7230e-14   8184.65 0 
  8150.09 4.5945e-14   8203.52 0 
  8168.88 4.4902e-14   8222.43 0 
  8187.71 4.4085e-14   8241.38 0 
  8206.59 4.3083e-14   8260.38 0 
  8225.50 4.6917e-14   8279.42 0 
  8244.46 4.5957e-14   8298.51 0 
  8263.47 4.6172e-14   8317.64 0 
  8282.52 4.5019e-14   8336.81 0 
  8301.61 4.5021e-14   8356.03 0 
  8320.75 4.5336e-14   8375.29 0 
  8339.93 4.4204e-14   8394.60 0 
  8359.16 4.5866e-14   8413.95 0 
  8378.43 4.6506e-14   8433.35 0 
  8397.74 4.3205e-14   8452.79 0 
  8417.10 4.6191e-14   8472.27 0 
  8436.50 4.4522e-14   8491.80 0 
  8455.95 4.3712e-14   8511.38 0 
  8475.44 4.3214e-14   8531.00 0 
  8494.98 4.5357e-14   8550.67 0 
  8514.57 4.4225e-14   8570.38 0 
  8534.19 4.4126e-14   8590.14 0 
  8553.87 3.6034e-14   8609.94 0 
  8573.59 4.4744e-14   8629.79 0 
  8593.35 4.3829e-14   8649.68 0 
  8613.16 4.3630e-14   8669.62 0 
  8633.01 4.4239e-14   8689.60 0 
  8652.92 4.3735e-14   8709.64 0 
  8672.86 2.9030e-14   8729.71 0 
  8692.85 4.2352e-14   8749.84 0 
  8712.90 4.2944e-14   8770.01 0 
  8732.98 4.4353e-14   8790.23 0 
  8753.11 4.3346e-14   8810.49 0 
  8773.29 4.2753e-14   8830.80 0 
  8793.51 4.3954e-14   8851.16 0 
  8813.79 4.1022e-14   8871.56 0 
  8834.10 4.1309e-14   8892.01 0 
  8854.47 4.3158e-14   8912.51 0 
  8874.88 3.9911e-14   8933.05 0 
  8895.34 4.2181e-14   8953.65 0 
  8915.85 4.2671e-14   8974.29 0 
  8936.40 4.1320e-14   8994.98 0 
  8957.00 4.0943e-14   9015.71 0 
  8977.65 4.1135e-14   9036.50 0 
  8998.34 3.6327e-14   9057.33 0 
  9019.08 3.8927e-14   9078.20 0 
  9039.88 4.2392e-14   9099.13 0 
  9060.72 4.4188e-14   9120.11 0 
  9081.60 4.0488e-14   9141.13 0 
  9102.54 4.1338e-14   9162.20 0 
  9123.52 4.3289e-14   9183.33 0 
  9144.55 3.8762e-14   9204.50 0 
  9165.63 3.7794e-14   9225.71 0 
  9186.76 3.9761e-14   9246.98 0 
  9207.94 4.1445e-14   9268.30 0 
  9229.16 4.0411e-14   9289.66 0 
  9250.44 4.0413e-14   9311.08 0 
  9271.77 4.1357e-14   9332.54 0 
  9293.14 4.2128e-14   9354.06 0 
  9314.56 4.2131e-14   9375.62 0 
  9336.04 4.2133e-14   9397.23 0 
  9357.56 4.2039e-14   9418.90 0 
  9379.13 4.1560e-14   9440.61 0 
  9400.75 4.1947e-14   9462.37 0 
  9422.42 4.1949e-14   9484.18 0 
  9444.14 4.1567e-14   9506.05 0 
  9465.91 4.2051e-14   9527.96 0 
  9487.73 4.1957e-14   9549.93 0 
  9509.60 4.1384e-14   9571.94 0 
  9531.53 4.1196e-14   9594.01 0 
  9553.50 3.9800e-14   9616.12 0 
  9575.52 4.1011e-14   9638.29 0 
  9597.59 4.1584e-14   9660.51 0 
  9619.72 4.1206e-14   9682.78 0 
  9641.90 4.0830e-14   9705.10 0 
  9664.12 4.0739e-14   9727.47 0 
  9686.40 4.1118e-14   9749.90 0 
  9708.73 4.0650e-14   9772.37 0 
  9731.11 4.0373e-14   9794.90 0 
  9753.55 4.0189e-14   9817.48 0 
  9776.03 4.0192e-14   9840.11 0 
  9798.56 3.9826e-14   9862.79 0 
  9821.15 4.0382e-14   9885.53 0 
  9843.79 4.0107e-14   9908.32 0 
  9866.49 3.9833e-14   9931.16 0 
  9889.23 3.9744e-14   9954.05 0 
  9912.03 3.9564e-14   9977.00 0 
  9934.88 3.9749e-14  10000.00 0 
  9957.78 3.9751e-14  10023.05 0 
  9980.73 3.9662e-14  10046.15 0 
 10026.81 3.9123e-14  10092.53 0 
 10073.09 3.8502e-14  10139.12 0 
 10119.58 3.8953e-14  10185.91 0 
 10166.30 3.8600e-14  10232.94 0 
 10236.76 3.8608e-14  10303.86 0 
 10284.01 3.8524e-14  10351.42 0 
 10307.71 3.8261e-14  10375.28 0 
 10499.36 3.7066e-14  10568.18 0 
 10694.55 3.5574e-14  10764.65 0 
 10893.38 3.4208e-14  10964.78 0 
 11095.90 3.3199e-14  11168.63 0 
 11302.19 3.2220e-14  11376.28 0 
 11512.31 3.1852e-14  11587.78 0 
 11699.37 3.0912e-14  11776.06 0 
 11889.47 2.9863e-14  11967.41 0 
 12110.51 2.9116e-14  12189.90 0 
 12307.29 2.8584e-14  12387.96 0 
 12507.27 2.7805e-14  12589.25 0 
 12710.49 2.7173e-14  12793.81 0 
 12887.31 2.6493e-14  12971.79 0 
 13096.71 2.5950e-14  13182.56 0 
 13309.52 2.5242e-14  13396.76 0 
 13494.67 2.4782e-14  13583.13 0 
 13713.94 2.4273e-14  13803.84 0 
 13904.72 2.3558e-14  13995.87 0 
 14098.16 2.2810e-14  14190.57 0 
 14294.29 2.2394e-14  14387.99 0 
 14493.14 2.2394e-14  14588.14 0 
 14694.76 2.1734e-14  14791.09 0 
 14899.19 2.1834e-14  14996.85 0 
 15106.46 2.1734e-14  15205.48 0 
 15316.61 2.1884e-14  15417.01 0 
 15493.96 2.1684e-14  15595.52 0 
 15709.50 2.1288e-14  15812.48 0 
 15891.41 2.0612e-14  15995.58 0 
 16112.49 2.0708e-14  16218.10 0 
 16299.06 2.0565e-14  16405.90 0 
 16487.78 2.0143e-14  16595.86 0 
 16717.15 1.9867e-14  16826.73 0 
 16910.73 1.9415e-14  17021.58 0 
 17106.55 1.8973e-14  17218.69 0 
 17304.64 1.8202e-14  17418.08 0 
 17505.01 1.7706e-14  17619.75 0 
 17707.71 1.7066e-14  17823.79 0 
 17912.76 1.6525e-14  18030.18 0 
 18120.19 1.5781e-14  18238.96 0 
 18287.84 1.5422e-14  18407.71 0 
 18499.61 1.4967e-14  18620.87 0 
 18713.83 1.4359e-14  18836.49 0 
 18886.97 1.4000e-14  19010.77 0 
 19105.68 1.3745e-14  19230.91 0 
 19282.47 1.3278e-14  19408.86 0 
 19505.75 1.2739e-14  19633.61 0 
 19686.22 1.2392e-14  19815.27 0 
 19914.19 1.2054e-14  20044.72 0 
 20098.46 1.1834e-14  20230.20 0 
 20284.41 1.1459e-14  20417.38 0 
 20519.30 1.1275e-14  20653.80 0 
 20709.15 1.0993e-14  20844.90 0 
 20900.78 1.0718e-14  21037.78 0 
 21094.18 1.0523e-14  21232.45 0 
 21289.35 1.0283e-14  21428.90 0 
 21486.34 1.0049e-14  21627.19 0 
 21685.16 9.7080e-15  21827.31 0 
 21885.80 9.5528e-15  22029.26 0 
 22088.32 9.2925e-15  22233.11 0 
 22292.68 9.0600e-15  22438.81 0 
 22498.96 8.8334e-15  22646.44 0 
 22707.15 8.6125e-15  22856.00 0 
 22917.24 7.7638e-15  23067.47 0 
 23076.11 7.6238e-15  23227.38 0 
 23289.62 6.6448e-15  23442.28 0 
 23505.13 6.2177e-15  23659.20 0 
 23722.60 6.1888e-15  23878.10 0 
 23887.05 5.6392e-15  24043.63 0 
 24108.08 5.3810e-15  24266.11 0 
 24275.18 5.2508e-15  24434.31 0 
 24499.81 4.8364e-15  24660.40 0 
 24726.49 4.6839e-15  24888.57 0 
 24897.90 4.0321e-15  25061.10 0 
 25128.26 3.9104e-15  25292.97 0 
 25302.45 3.8533e-15  25468.31 0 
 25385.10 3.6106e-15  25551.50 2 
 25481.27 3.5988e-15  25648.30 2 
 25577.34 3.6314e-15  25745.00 2 
 25673.51 3.6448e-15  25841.80 2 
 25769.58 3.7351e-15  25938.50 2 
 25865.75 3.6766e-15  26035.30 2 
 25961.92 3.6655e-15  26132.10 2 
 26057.99 3.6066e-15  26228.80 2 
 26154.16 3.6784e-15  26325.60 2 
 26250.33 3.7189e-15  26422.40 2 
 26346.40 3.7703e-15  26519.10 2 
 26442.57 3.6837e-15  26615.90 2 
 26538.64 3.6167e-15  26712.60 2 
 26634.81 3.5056e-15  26809.40 2 
 26730.98 3.5489e-15  26906.20 2 
 26827.05 3.5351e-15  27002.90 2 
 26923.22 3.4966e-15  27099.70 2 
 27019.39 3.5027e-15  27196.50 2 
 27115.46 3.4777e-15  27293.20 2 
 27211.63 3.4652e-15  27390.00 2 
 27307.70 3.3705e-15  27486.70 2 
 27403.87 3.3267e-15  27583.50 2 
 27500.04 3.2782e-15  27680.30 2 
 27596.11 3.2142e-15  27777.00 2 
 27692.28 3.1104e-15  27873.80 2 
 27788.45 2.9831e-15  27970.60 2 
 27884.52 3.0601e-15  28067.30 2 
 27980.69 3.2879e-15  28164.10 2 
 28076.76 3.3228e-15  28260.80 2 
 28172.93 3.1784e-15  28357.60 2 
 28269.09 3.0217e-15  28454.40 2 
 28365.17 2.9784e-15  28551.10 2 
 28461.34 2.9680e-15  28647.90 2 
 28557.50 2.8427e-15  28744.70 2 
 28653.58 2.7718e-15  28841.40 2 
 28749.75 2.7642e-15  28938.20 2 
 28845.82 2.8243e-15  29034.90 2 
 28941.99 2.8190e-15  29131.70 2 
 29038.15 2.7346e-15  29228.50 2 
 29134.22 2.6625e-15  29325.20 2 
 29230.39 2.6766e-15  29422.00 2 
 29326.56 2.6501e-15  29518.80 2 
 29422.63 2.6374e-15  29615.50 2 
 29518.81 2.5539e-15  29712.30 2 
 29614.87 2.5381e-15  29809.00 2 
 29711.04 2.5348e-15  29905.80 2 
 29807.22 2.6025e-15  30002.60 2 
 29903.28 2.6191e-15  30099.30 2 
 29999.45 2.6290e-15  30196.10 2 
 30095.62 2.5952e-15  30292.90 2 
 30191.69 2.5227e-15  30389.60 2 
 30287.86 2.4258e-15  30486.40 2 
 30383.93 2.3717e-15  30583.10 2 
 30480.10 2.3122e-15  30679.90 2 
 30576.27 2.2497e-15  30776.70 2 
 30672.34 2.2826e-15  30873.40 2 
 30768.51 2.3880e-15  30970.20 2 
 30864.68 2.3598e-15  31067.00 2 
 30960.75 2.3947e-15  31163.70 2 
 31056.92 2.3683e-15  31260.50 2 
 31152.99 2.4618e-15  31357.20 2 
 31249.16 2.4538e-15  31454.00 2 
 31345.33 2.4728e-15  31550.80 2 
 31441.40 2.5209e-15  31647.50 2 
 31537.57 2.5511e-15  31744.30 2 
 31633.74 2.5229e-15  31841.10 2 
 31729.81 2.3685e-15  31937.80 2 
 31825.98 2.3693e-15  32034.60 2 
 31922.05 2.3470e-15  32131.30 2 
 32018.22 2.3410e-15  32228.10 2 
 32114.39 2.4754e-15  32324.90 2 
 32210.46 2.5650e-15  32421.60 2 
 32306.63 2.7250e-15  32518.40 2 
 32402.80 2.7871e-15  32615.20 2 
 32498.87 2.8948e-15  32711.90 2 
 32595.04 3.1204e-15  32808.70 2 
 32691.11 3.5707e-15  32905.40 2 
 32787.28 4.1817e-15  33002.20 2 
 32883.45 4.5905e-15  33099.00 2 
 32979.52 4.7822e-15  33195.70 2 
 33075.69 4.4451e-15  33292.50 2 
 33171.86 3.9638e-15  33389.30 2 
 33267.93 3.3473e-15  33486.00 2 
 33364.10 2.7790e-15  33582.80 2 
 33460.17 2.5845e-15  33679.50 2 
 33556.34 2.3965e-15  33776.30 2 
 33652.51 2.4150e-15  33873.10 2 
 33748.58 2.3049e-15  33969.80 2 
 33844.75 2.4439e-15  34066.60 2 
 33940.92 2.4637e-15  34163.40 2 
 34036.99 2.5596e-15  34260.10 2 
 34133.16 2.5596e-15  34356.90 2 
 34229.23 2.5069e-15  34453.60 2 
 34325.40 2.4899e-15  34550.40 2 
 34421.57 2.4743e-15  34647.20 2 
 34517.64 2.4429e-15  34743.90 2 
 34613.81 2.3721e-15  34840.70 2 
 34709.98 2.3499e-15  34937.50 2 
 34806.05 2.3666e-15  35034.20 2 
 34902.22 2.2802e-15  35131.00 2 
 34998.29 2.2354e-15  35227.70 2 
 35094.46 2.0906e-15  35324.50 2 
 35190.63 2.1039e-15  35421.30 2 
 35286.70 2.1099e-15  35518.00 2 
 35382.87 2.1504e-15  35614.80 2 
 35479.04 2.1015e-15  35711.60 2 
 35575.11 2.0746e-15  35808.30 2 
 35671.27 1.9163e-15  35905.10 2 
 35767.35 1.8170e-15  36001.80 2 
 35863.51 1.8027e-15  36098.60 2 
 35959.68 1.7802e-15  36195.40 2 
 36055.76 1.6981e-15  36292.10 2 
 36151.92 1.7300e-15  36388.90 2 
 36248.09 1.7447e-15  36485.70 2 
 36344.17 1.7574e-15  36582.40 2 
 36440.33 1.6550e-15  36679.20 2 
 36536.40 1.6433e-15  36775.90 2 
 36632.57 1.6921e-15  36872.70 2 
 36728.74 1.6874e-15  36969.50 2 
 36824.81 1.6650e-15  37066.20 2 
 36920.98 1.6814e-15  37163.00 2 
 37017.15 1.6427e-15  37259.80 2 
 37113.22 1.6374e-15  37356.50 2 
 37209.39 1.6627e-15  37453.30 2 
 37305.46 1.6943e-15  37550.00 2 
 37401.63 1.6649e-15  37646.80 2 
 37497.80 1.5390e-15  37743.60 2 
 37593.87 1.5145e-15  37840.30 2 
 37690.04 1.5637e-15  37937.10 2 
 37786.21 1.5130e-15  38033.90 2 
 37882.28 1.5163e-15  38130.60 2 
 37978.45 1.5602e-15  38227.40 2 
 38074.52 1.6298e-15  38324.10 2 
 38170.69 1.5971e-15  38420.90 2 
 38266.86 1.5894e-15  38517.70 2 
 38362.93 1.5321e-15  38614.40 2 
 38459.10 1.4860e-15  38711.20 2 
 38555.27 1.4605e-15  38808.00 2 
 38651.34 1.4852e-15  38904.70 2 
 38747.51 1.4390e-15  39001.50 2 
 38843.58 1.4754e-15  39098.20 2 
 38939.75 1.3846e-15  39195.00 2 
 39035.92 1.4144e-15  39291.80 2 
 39131.99 1.3931e-15  39388.50 2 
 39228.16 1.4287e-15  39485.30 2 
 39324.33 1.5033e-15  39582.10 2 
 39420.40 1.4867e-15  39678.80 2 
 39516.57 1.4292e-15  39775.60 2 
 39612.64 1.3749e-15  39872.30 2 
 39708.81 1.3112e-15  39969.10 2 
 39804.98 1.2732e-15  40065.90 2 
 39901.05 1.2304e-15  40162.60 2 
 39997.22 1.2901e-15  40259.40 2 
 40093.39 1.3671e-15  40356.20 2 
 40189.46 1.3957e-15  40452.90 2 
 40285.63 1.4045e-15  40549.70 2 
 40381.70 1.4717e-15  40646.40 2 
 40477.87 1.5401e-15  40743.20 2 
 40574.04 1.6355e-15  40840.00 2 
 40670.11 1.5147e-15  40936.70 2 
 40766.28 1.3994e-15  41033.50 2 
 40862.45 1.2159e-15  41130.30 2 
 40958.52 1.1871e-15  41227.00 2 
 41054.69 1.1721e-15  41323.80 2 
 41150.75 1.2175e-15  41420.50 2 
 41246.93 1.1805e-15  41517.30 2 
 41343.09 1.1726e-15  41614.10 2 
 41439.17 1.1341e-15  41710.80 2 
 41535.33 1.1540e-15  41807.60 2 
 41631.51 1.0828e-15  41904.40 2 
 41727.57 1.0410e-15  42001.10 2 
 41823.75 1.0008e-15  42097.90 2 
 41919.82 1.0833e-15  42194.60 2 
 42015.98 1.1603e-15  42291.40 2 
 42112.15 1.1735e-15  42388.20 2 
 42208.22 1.1585e-15  42484.90 2 
 42304.40 1.1448e-15  42581.70 2 
 42400.56 1.1117e-15  42678.50 2 
 42496.64 1.1666e-15  42775.20 2 
 42592.80 1.1215e-15  42872.00 2 
 42688.88 1.1203e-15  42968.70 2 
 42785.04 1.0547e-15  43065.50 2 
 42881.21 1.0599e-15  43162.30 2 
 42977.28 1.0291e-15  43259.00 2 
 43073.45 1.0204e-15  43355.80 2 
 43169.62 9.4486e-16  43452.60 2 
 43265.69 9.9345e-16  43549.30 2 
 43361.86 9.8191e-16  43646.10 2 
 43457.93 9.8106e-16  43742.80 2 
 43554.10 9.6960e-16  43839.60 2 
 43650.27 1.0368e-15  43936.40 2 
 43746.34 1.0643e-15  44033.10 2 
 43842.51 1.0486e-15  44129.90 2 
 43938.68 1.0211e-15  44226.70 2 
 44034.75 1.0162e-15  44323.40 2 
 44130.92 9.5353e-16  44420.20 2 
 44226.99 9.8229e-16  44516.90 2 
 44323.16 1.0118e-15  44613.70 2 
 44419.33 1.0079e-15  44710.50 2 
 44515.40 9.3863e-16  44807.20 2 
 44611.57 9.3288e-16  44904.00 2 
 44707.74 8.9733e-16  45000.80 2 
 44803.81 9.2414e-16  45097.50 2 
 44899.98 8.5828e-16  45194.30 2 
 44996.05 8.7887e-16  45291.00 2 
 45092.22 8.6830e-16  45387.80 2 
 45188.39 9.1624e-16  45484.60 2 
 45284.46 8.5293e-16  45581.30 2 
 45380.63 8.2637e-16  45678.10 2 
 45476.80 7.3290e-16  45774.90 2 
 45572.87 7.7757e-16  45871.60 2 
 45669.04 7.9818e-16  45968.40 2 
 45765.11 8.7271e-16  46065.10 2 
 45861.28 8.4163e-16  46161.90 2 
 45957.45 8.6417e-16  46258.70 2 
 46053.52 7.8997e-16  46355.40 2 
 46149.69 8.2179e-16  46452.20 2 
 46245.86 6.9726e-16  46549.00 2 
 46341.93 7.0956e-16  46645.70 2 
 46438.10 6.6693e-16  46742.50 2 
 46534.17 8.7460e-16  46839.20 2 
 46630.34 8.4431e-16  46936.00 2 
 46726.51 8.8614e-16  47032.80 2 
 46822.58 8.3091e-16  47129.50 2 
 46918.75 8.8630e-16  47226.30 2 
 47014.91 8.8246e-16  47323.10 2 
 47110.99 8.1094e-16  47419.80 2 
 47207.15 6.9631e-16  47516.60 2 
 47303.23 7.6748e-16  47613.30 2 
 47399.39 6.5439e-16  47710.10 2 
 47495.57 7.8973e-16  47806.90 2 
 47591.64 7.4198e-16  47903.60 2 
 47687.80 8.0756e-16  48000.40 2 
 47783.98 7.4786e-16  48097.20 2 
 47880.04 7.5569e-16  48193.90 2 
 47976.22 7.8695e-16  48290.70 2 
 48072.28 8.4332e-16  48387.40 2 
 48168.46 8.1716e-16  48484.20 2 
 48264.63 8.9949e-16  48581.00 2 
 48360.70 8.9620e-16  48677.70 2 
 48456.87 9.3595e-16  48774.50 2 
 48553.03 8.9569e-16  48871.30 2 
 48649.11 8.4348e-16  48968.00 2 
 48658.93 7.7299e-16  48977.89 0 
 48883.51 7.6767e-16  49203.95 0 
 49109.13 7.6063e-16  49431.04 0 
 49335.85 7.5539e-16  49659.24 0 
 49449.57 7.4847e-16  49773.71 0 
 49677.80 7.4675e-16  50003.44 0 
 49907.14 7.3990e-16  50234.29 0 
 50137.49 7.3481e-16  50466.14 0 
 50253.06 7.2975e-16  50582.46 0 
 50485.00 7.2306e-16  50815.93 0 
 50718.07 7.1973e-16  51050.52 0 
 50834.97 7.1808e-16  51168.20 0 
 50952.15 7.1643e-16  51286.14 0 
 51069.60 7.1314e-16  51404.36 0 
 51187.32 7.0986e-16  51522.85 0 
 51305.31 7.0823e-16  51641.62 0 
 51423.63 7.0660e-16  51760.71 0 
 51542.16 7.0335e-16  51880.02 0 
 51660.97 7.0335e-16  51999.61 0 
 51780.05 7.0173e-16  52119.47 0 
 51899.41 7.0012e-16  52239.61 0 
 52019.04 6.9690e-16  52360.03 0 
 52138.95 6.9530e-16  52480.72 0 
 52259.19 6.9370e-16  52601.75 0 
 52379.65 6.9211e-16  52723.00 0 
 52500.39 6.9051e-16  52844.53 0 
 52621.41 6.9211e-16  52966.34 0 
 52742.71 6.9211e-16  53088.43 0 
 52864.28 6.8893e-16  53210.80 0 
 52986.20 6.8576e-16  53333.52 0 
 53108.33 6.8418e-16  53456.46 0 
 53230.75 6.8418e-16  53579.68 0 
 53353.45 6.8418e-16  53703.18 0 
 53476.43 6.8261e-16  53826.97 0 
 53599.70 6.8261e-16  53951.05 0 
 53723.25 6.8261e-16  54075.41 0 
 53847.15 6.8261e-16  54200.11 0 
 53971.27 6.8261e-16  54325.05 0 
 54095.68 6.8261e-16  54450.27 0 
 54220.37 6.8104e-16  54575.79 0 
 54345.35 6.8104e-16  54701.59 0 
 54470.62 6.8104e-16  54827.68 0 
 54596.18 6.8261e-16  54954.06 0 
 54722.09 6.8261e-16  55080.79 0 
 54848.23 6.8261e-16  55207.76 0 
 54974.66 6.8418e-16  55335.02 0 
 55101.38 6.8418e-16  55462.57 0 
 55228.39 6.8734e-16  55590.41 0 
 55355.69 6.9051e-16  55718.55 0 
 55483.35 6.9051e-16  55847.05 0 
 55611.25 6.9051e-16  55975.78 0 
 55739.44 6.9530e-16  56104.81 0 
 55867.92 6.9690e-16  56234.13 0 
 55996.70 6.9851e-16  56363.76 0 
 56125.78 7.0173e-16  56493.68 0 
 56255.15 7.0497e-16  56623.90 0 
 56384.88 7.0823e-16  56754.48 0 
 56514.85 7.1150e-16  56885.31 0 
 56645.12 7.1808e-16  57016.43 0 
 56775.69 7.2139e-16  57147.86 0 
 56906.57 7.2472e-16  57279.59 0 
 57037.74 7.3143e-16  57411.62 0 
 57169.28 7.3820e-16  57544.02 0 
 57301.06 7.4675e-16  57676.67 0 
 57433.14 7.5192e-16  57809.62 0 
 57565.53 7.6063e-16  57942.87 0 
 57627.78 1.0763e-15  58005.53 3 
 57935.62 9.0021e-16  58315.39 3 
 58243.46 9.2016e-16  58625.25 3 
 58551.29 8.3285e-16  58935.10 3 
 58859.13 8.8480e-16  59244.95 3 
 59166.97 9.5075e-16  59554.81 3 
 59474.80 1.3995e-15  59864.66 3 
 59782.63 1.4488e-15  60174.51 3 
 60090.48 1.7391e-15  60484.37 3 
 60398.31 1.7027e-15  60794.22 3 
 60706.14 1.6904e-15  61104.07 3 
 61013.99 1.8749e-15  61413.93 3 
 61321.82 2.7090e-15  61723.78 3 
 61629.65 3.6589e-15  62033.63 3 
 61937.49 4.8314e-15  62343.49 3 
 62245.32 4.8419e-15  62653.34 3 
 62553.16 4.1267e-15  62963.19 3 
 62860.99 3.4322e-15  63273.05 3 
 63168.83 2.9199e-15  63582.90 3 
 63476.67 2.4439e-15  63892.76 3 
 63784.50 2.0660e-15  64202.61 3 
 64092.33 1.9841e-15  64512.46 3 
 64400.18 1.7217e-15  64822.32 3 
 64708.01 1.4875e-15  65132.17 3 
 65015.84 1.4118e-15  65442.02 3 
 65323.69 1.3078e-15  65751.88 3 
 65631.51 1.2680e-15  66061.73 3 
 65939.35 1.4696e-15  66371.58 3 
 66247.19 1.4761e-15  66681.45 3 
 66555.02 1.4572e-15  66991.29 3 
 66862.85 1.3798e-15  67301.14 3 
 67170.70 1.5610e-15  67611.00 3 
 67478.53 1.5295e-15  67920.85 3 
 67786.37 1.5638e-15  68230.71 3 
 68094.20 1.5823e-15  68540.56 3 
 68402.04 1.5261e-15  68850.41 3 
 68709.88 1.3362e-15  69160.27 3 
 69017.71 1.5077e-15  69470.12 3 
 69325.55 1.6850e-15  69779.98 3 
 69633.38 1.8880e-15  70089.83 3 
 69941.22 2.0052e-15  70399.68 3 
 70249.06 1.5552e-15  70709.54 3 
 70556.89 1.5245e-15  71019.39 3 
 70864.72 1.6242e-15  71329.24 3 
 71172.57 1.8657e-15  71639.10 3 
 71480.39 1.9296e-15  71948.95 3 
 71788.24 1.8899e-15  72258.81 3 
 72096.07 2.2976e-15  72568.66 3 
 72403.90 2.3066e-15  72878.51 3 
 72711.75 2.3210e-15  73188.38 3 
 73019.58 2.4561e-15  73498.22 3 
 73327.41 2.6081e-15  73808.07 3 
 73635.25 2.7401e-15  74117.93 3 
 73943.08 3.0111e-15  74427.78 3 
 74250.92 3.2786e-15  74737.63 3 
 74558.75 3.4336e-15  75047.48 3 
 74846.44 3.8371e-15  75337.06 3 
 74866.59 4.0202e-15  75357.34 3 
 75174.43 4.0772e-15  75667.20 3 
 75463.33 4.5911e-15  75957.99 3 
 75482.26 4.5747e-15  75977.05 3 
 76080.23 5.2886e-15  76578.94 3 
 76697.13 5.0865e-15  77199.88 3 
 77314.03 4.6224e-15  77820.82 3 
 77930.92 4.4664e-15  78441.76 3 
 78547.83 4.1113e-15  79062.71 3 
 79164.72 3.7124e-15  79683.65 3 
 79781.62 2.9361e-15  80304.59 3 
 80398.53 2.5534e-15  80925.54 3 
 81015.42 2.3646e-15  81546.48 3 
 81632.31 2.0102e-15  82167.41 3 
 82249.22 1.9378e-15  82788.36 3 
 82866.11 2.1270e-15  83409.30 3 
 83483.02 2.0478e-15  84030.25 3 
 84099.91 2.1886e-15  84651.19 3 
 84716.81 2.1688e-15  85272.13 3 
 85333.71 2.3902e-15  85893.07 3 
 85950.62 2.5189e-15  86514.02 3 
 86567.50 2.2489e-15  87134.95 3 
 87184.40 1.8222e-15  87755.90 3 
 87801.31 1.4460e-15  88376.84 3 
 88418.20 1.2051e-15  88997.78 3 
 89035.09 9.9770e-16  89618.72 3 
 89652.00 9.1534e-16  90239.66 3 
 90268.89 8.7621e-16  90860.60 3 
 90885.80 7.0855e-16  91481.55 3 
 91502.69 6.7245e-16  92102.49 3 
 92119.59 6.1051e-16  92723.44 3 
 92736.50 6.0257e-16  93344.38 3 
 93353.39 6.2590e-16  93965.32 3 
 93970.28 5.8838e-16  94586.26 3 
 94587.18 5.9916e-16  95207.20 3 
 95204.09 6.0034e-16  95828.15 3 
 95820.98 5.7711e-16  96449.09 3 
 96437.87 5.8163e-16  97070.02 3 
 97054.78 6.2579e-16  97690.98 3 
 97671.68 5.3404e-16  98311.92 3 
 98288.58 5.2198e-16  98932.86 3 
 98905.48 4.4190e-16  99553.80 3 
 99522.33 5.1253e-16 100174.70 3 
100139.28 4.8851e-16 100795.70 3 
100756.14 5.2094e-16 101416.59 3 
101373.10 4.5241e-16 102037.60 3 
101989.96 4.9500e-16 102658.50 3 
102606.90 4.5062e-16 103279.49 3 
103223.77 4.5587e-16 103900.41 3 
103840.63 5.2343e-16 104521.30 3 
104457.58 5.7948e-16 105142.30 3 
105074.43 6.7404e-16 105763.20 3 
105691.40 6.4870e-16 106384.20 3 
106308.25 7.4854e-16 107005.10 3 
106925.11 6.8015e-16 107626.00 3 
107542.06 7.0981e-16 108247.00 3 
108158.92 6.8022e-16 108867.91 3 
108775.87 7.4675e-16 109488.90 3 
109392.73 8.8144e-16 110109.80 3 
110009.68 1.0703e-15 110730.80 3 
110626.55 1.1603e-15 111351.70 3 
111243.40 1.6296e-15 111972.60 3 
111860.36 2.7028e-15 112593.60 3 
112477.21 3.1770e-15 113214.50 3 
113094.17 2.7222e-15 113835.50 3 
113711.02 2.1252e-15 114456.40 3 
114327.98 1.7385e-15 115077.40 3 
114944.83 1.4389e-15 115698.30 3 
115561.69 1.1803e-15 116319.20 3 
116178.65 1.0450e-15 116940.20 3 
116795.51 9.4995e-16 117561.10 3 
117412.46 9.1454e-16 118182.09 3 
118029.31 9.4847e-16 118802.99 3 
118646.27 1.0053e-15 119424.00 3 
119263.13 1.0939e-15 120044.90 3 
119879.98 1.1246e-15 120665.80 3 
120496.95 1.0049e-15 121286.80 3 
121113.80 9.8875e-16 121907.70 3 
121730.75 9.1923e-16 122528.70 3 
122347.61 9.4827e-16 123149.59 3 
122964.48 1.0591e-15 123770.51 3 
123581.42 1.1158e-15 124391.50 3 
124198.28 1.1460e-15 125012.40 3 
124815.23 1.2267e-15 125633.40 3 
125432.10 1.2595e-15 126254.30 3 
126049.05 1.3257e-15 126875.30 3 
126665.91 1.3812e-15 127496.20 3 
127282.76 1.6066e-15 128117.10 3 
127899.72 2.3391e-15 128738.10 3 
128516.57 1.9514e-15 129359.00 3 
129133.53 9.9189e-16 129980.00 3 
129750.38 7.5884e-16 130600.90 3 
130367.24 7.4259e-16 131221.80 3 
130984.20 6.9379e-16 131842.80 3 
131601.06 7.0516e-16 132463.70 3 
132218.01 6.9031e-16 133084.70 3 
132834.86 6.7244e-16 133705.59 3 
133451.82 6.6261e-16 134326.59 3 
134068.68 6.7844e-16 134947.50 3 
134685.54 6.4746e-16 135568.41 3 
135302.50 6.9033e-16 136189.41 3 
135919.35 6.2331e-16 136810.30 3 
136536.30 6.1415e-16 137431.30 3 
137153.16 5.4989e-16 138052.20 3 
137770.12 5.6002e-16 138673.20 3 
138386.97 5.5266e-16 139294.09 3 
139003.83 5.2566e-16 139915.00 3 
139620.79 5.4794e-16 140536.00 3 
140237.65 5.4475e-16 141156.91 3 
140854.59 5.7259e-16 141777.89 3 
141471.45 5.7150e-16 142398.80 3 
142088.41 5.9105e-16 143019.80 3 
142705.27 5.7354e-16 143640.70 3 
143322.12 5.7579e-16 144261.59 3 
143939.09 5.2042e-16 144882.61 3 
144469.91 5.0185e-16 145416.91 3 
145380.83 4.3373e-16 146333.80 3 
146291.85 4.3997e-16 147250.80 3 
147202.79 4.2498e-16 148167.70 3 
148113.71 3.9562e-16 149084.59 3 
149024.64 4.0665e-16 150001.50 3 
149935.67 4.1489e-16 150918.50 3 
150846.61 4.0119e-16 151835.41 3 
151757.53 4.1978e-16 152752.30 3 
152668.55 4.6680e-16 153669.30 3 
153579.49 4.4001e-16 154586.20 3 
154490.41 4.5720e-16 155503.09 3 
155401.34 6.5465e-16 156420.00 3 
156312.37 5.7123e-16 157337.00 3 
157223.31 4.6763e-16 158253.91 3 
158134.23 4.9666e-16 159170.80 3 
159045.26 4.8657e-16 160087.80 3 
159956.19 4.9184e-16 161004.70 3 
160867.11 4.7824e-16 161921.59 3 
161778.14 4.8793e-16 162838.59 3 
162689.07 5.1715e-16 163755.50 3 
163599.99 6.6265e-16 164672.39 3 
164510.93 7.8684e-16 165589.30 3 
165421.97 7.0435e-16 166506.31 3 
166332.88 6.7812e-16 167423.19 3 
167243.81 6.9355e-16 168340.09 3 
168154.75 6.9074e-16 169257.00 3 
169065.77 6.8926e-16 170174.00 3 
169976.71 8.5908e-16 171090.91 3 
170887.64 8.3948e-16 172007.81 3 
171798.67 7.3409e-16 172924.81 3 
172709.59 7.2284e-16 173841.70 3 
173620.53 7.1941e-16 174758.61 3 
174531.56 6.5534e-16 175675.61 3 
175442.47 5.6249e-16 176592.50 3 
176353.41 5.3854e-16 177509.41 3 
177264.33 5.2706e-16 178426.30 3 
178175.36 5.2814e-16 179343.30 3 
179086.29 4.9375e-16 180260.20 3 
179997.21 4.9377e-16 181177.09 3 
180908.24 4.0839e-16 182094.09 3 
181819.18 4.4561e-16 183011.00 3 
182730.09 4.5243e-16 183927.89 3 
183641.12 4.3601e-16 184844.89 3 
184552.06 4.4997e-16 185761.80 3 
185462.99 4.6820e-16 186678.70 3 
186373.91 6.3610e-16 187595.59 3 
187284.94 8.8501e-16 188512.59 3 
188195.88 5.7719e-16 189429.50 3 
189106.80 4.6301e-16 190346.39 3 
190017.84 4.9164e-16 191263.41 3 
190928.77 4.5326e-16 192180.31 3 
191839.68 4.4649e-16 193097.19 3 
192750.61 4.0247e-16 194014.09 3 
193661.66 4.5036e-16 194931.11 3 
194572.58 4.1975e-16 195848.00 3 
195483.51 3.9356e-16 196764.91 3 
196394.54 4.3609e-16 197681.91 3 
197305.46 4.0480e-16 198598.80 3 
198216.39 4.0423e-16 199515.70 3 
199127.33 4.1955e-16 200432.61 3 
200038.36 4.2817e-16 201349.61 3 
200949.28 4.3976e-16 202266.50 3 
201860.21 4.0203e-16 203183.41 3 
202771.24 4.2531e-16 204100.41 3 
204213.78 4.0196e-16 205552.41 3 
205957.34 4.3754e-16 207307.39 3 
207701.90 4.1685e-16 209063.39 3 
209447.48 4.0637e-16 210820.41 3 
211193.92 4.3260e-16 212578.30 3 
212941.26 4.4428e-16 214337.09 3 
214689.60 4.1139e-16 216096.89 3 
216438.85 4.2866e-16 217857.61 3 
218189.07 4.3616e-16 219619.30 3 
219940.29 4.4085e-16 221382.00 3 
221692.40 4.2286e-16 223145.59 3 
223445.52 4.4946e-16 224910.20 3 
225199.52 4.6696e-16 226675.70 3 
226954.50 4.4871e-16 228442.19 3 
228710.49 4.3184e-16 230209.69 3 
230467.38 4.5249e-16 231978.09 3 
232225.26 4.6284e-16 233747.50 3 
233984.14 4.6626e-16 235517.91 3 
235743.90 4.5228e-16 237289.20 3 
237504.77 4.6505e-16 239061.61 3 
239266.42 4.6874e-16 240834.81 3 
241029.15 4.7606e-16 242609.09 3 
242792.90 4.6095e-16 244384.41 3 
244557.53 4.4367e-16 246160.61 3 
246323.15 4.4210e-16 247937.80 3 
248089.77 4.7470e-16 249716.00 3 
249857.28 4.6723e-16 251495.09 3 
251625.89 4.5674e-16 253275.30 3 
253395.40 4.6714e-16 255056.41 3 
255166.00 4.6712e-16 256838.61 3 
256937.46 4.7866e-16 258621.69 3 
258709.97 5.4320e-16 260405.81 3 
260483.44 5.1333e-16 262190.91 3 
262257.90 4.6280e-16 263977.00 3 
264033.36 4.6878e-16 265764.09 3 
265809.84 4.6246e-16 267552.22 3 
267587.28 4.5840e-16 269341.31 3 
269365.71 4.6988e-16 271131.41 3 
271145.14 4.7072e-16 272922.50 3 
272925.57 4.6221e-16 274714.59 3 
274707.11 4.6416e-16 276507.81 3 
276489.52 4.7263e-16 278301.91 3 
278272.92 4.7662e-16 280097.00 3 
280057.41 4.8960e-16 281893.19 3 
281842.93 4.9638e-16 283690.41 3 
283629.31 4.8830e-16 285488.50 3 
285416.78 4.6751e-16 287287.69 3 
287205.28 4.6872e-16 289087.91 3 
288994.86 4.6404e-16 290889.22 3 
290785.40 4.7411e-16 292691.50 3 
292576.88 5.1497e-16 294494.72 3 
294369.50 4.8393e-16 296299.09 3 
296163.06 4.8563e-16 298104.41 3 
297957.67 4.8452e-16 299910.78 3 
299753.30 4.7471e-16 301718.19 3 
301549.93 4.9621e-16 303526.59 3 
303347.65 4.8860e-16 305336.09 3 
305146.36 4.9636e-16 307146.59 3 
306946.06 4.9812e-16 308958.09 3 
308746.85 5.2241e-16 310770.69 3 
310548.76 5.0249e-16 312584.41 3 
312351.63 4.8433e-16 314399.09 3 
314155.52 5.0763e-16 316214.81 3 
315960.38 5.1973e-16 318031.50 3 
317766.45 5.1436e-16 319849.41 3 
319573.42 5.1400e-16 321668.22 3 
321381.53 5.3937e-16 323488.19 3 
323190.58 5.2029e-16 325309.09 3 
325000.81 5.4680e-16 327131.19 3 
326812.06 5.3469e-16 328954.31 3 
328624.24 5.5808e-16 330778.38 3 
330437.58 5.5912e-16 332603.59 3 
332251.99 5.8552e-16 334429.91 3 
334067.47 8.2084e-16 336257.28 3 
335884.00 6.9387e-16 338085.72 3 
337701.55 5.9564e-16 339915.19 3 
339520.13 5.2660e-16 341745.69 3 
341339.83 5.1397e-16 343577.31 3 
343160.71 5.4865e-16 345410.12 3 
344982.45 6.0690e-16 347243.81 3 
346805.41 9.7124e-16 349078.72 3 
