# Please reference the following sources for the spectra:
#    Optical spectrum -- Kirkpatrick et al. (2008, ApJ, 689, 1295)
#    Near-infrared spectrum -- Burgasser et al. (2006, ApJ, 637, 1067)
# 
# UKIRT-UFTI photometry from Leggett et al. (2000, ApJL, 536, 35):
#    J = 16.90+/-0.05 mag
#    H = 16.21+/-0.05 mag
#    K = 15.98+/-0.05 mag
#
# Column legend:
#    Column 1 -- Wavelength in um
#    Column 2 -- Flux in units of erg/cm^2/s/um
#
     0.626015  5.41661e-18
     0.626201  3.70193e-18
     0.626388 -7.87808e-19
     0.626574  4.51491e-18
     0.626761  3.00753e-18
     0.626947 -5.90579e-19
     0.627133  2.39969e-18
     0.627320  1.34796e-18
     0.627506  3.91082e-19
     0.627693  7.92862e-20
     0.627879  4.09271e-19
     0.628066  2.54922e-18
     0.628252  4.13375e-18
     0.628439  5.01387e-18
     0.628625  2.34300e-18
     0.628812 -3.79897e-19
     0.628998  9.04913e-19
     0.629185  3.35963e-18
     0.629371  6.76019e-18
     0.629558  1.16209e-17
     0.629744  8.31685e-18
     0.629931 -2.80091e-18
     0.630117  8.88631e-20
     0.630304  8.97682e-18
     0.630490  1.27569e-18
     0.630676 -4.51583e-18
     0.630863 -5.40196e-19
     0.631049  4.08873e-18
     0.631236  2.66074e-18
     0.631422 -5.13724e-19
     0.631609  2.21575e-18
     0.631795  5.90864e-18
     0.631982  5.66229e-18
     0.632168  6.11844e-18
     0.632355  3.19019e-18
     0.632541  2.46863e-18
     0.632728  1.72910e-18
     0.632914 -1.27403e-18
     0.633101 -4.01975e-18
     0.633287 -3.20023e-18
     0.633474 -1.46018e-18
     0.633660  2.39466e-18
     0.633846  2.73731e-18
     0.634033  4.74236e-18
     0.634219  3.39543e-18
     0.634406  5.03254e-18
     0.634592  3.46322e-18
     0.634779  1.83743e-18
     0.634965  1.09738e-18
     0.635152  2.23725e-18
     0.635338  8.33513e-19
     0.635525 -9.29633e-19
     0.635711  4.08662e-18
     0.635898  4.98490e-18
     0.636084 -5.86446e-20
     0.636271 -1.21849e-18
     0.636457 -4.96948e-19
     0.636643 -1.04256e-18
     0.636830  2.59316e-18
     0.637016  2.36597e-18
     0.637203  4.97582e-19
     0.637389  5.71456e-19
     0.637576  1.00872e-18
     0.637762 -3.46584e-19
     0.637949  1.84483e-18
     0.638135  2.52954e-18
     0.638322  2.40835e-18
     0.638508  1.88922e-18
     0.638695  2.30814e-18
     0.638881  2.87724e-18
     0.639068  1.58349e-18
     0.639254 -6.96410e-19
     0.639440  6.85725e-19
     0.639627  2.03875e-18
     0.639813 -5.90932e-19
     0.640000 -1.55751e-18
     0.640186 -7.34769e-19
     0.640373  1.73920e-18
     0.640559  2.61308e-18
     0.640746  3.65969e-19
     0.640932 -2.40774e-20
     0.641119  2.33168e-18
     0.641305  3.63088e-18
     0.641492  3.76223e-18
     0.641678  1.82666e-18
     0.641865  1.85964e-18
     0.642051  2.99604e-18
     0.642238  7.64274e-19
     0.642424  1.00816e-18
     0.642610  1.02561e-19
     0.642797  4.47502e-19
     0.642983 -3.26196e-19
     0.643170  1.91679e-18
     0.643356  2.75781e-18
     0.643543  2.28727e-18
     0.643729  1.70180e-18
     0.643916  1.16823e-19
     0.644102  2.34407e-18
     0.644289  3.35816e-18
     0.644475  4.69591e-18
     0.644662 -7.07522e-20
     0.644848  1.99112e-18
     0.645035  1.68483e-18
     0.645221  1.57922e-18
     0.645407 -3.82702e-19
     0.645594 -1.11704e-18
     0.645780 -4.27417e-19
     0.645967  1.04704e-18
     0.646153  3.01207e-18
     0.646340  3.68527e-18
     0.646526 -1.00176e-18
     0.646713 -1.65156e-18
     0.646899  2.09092e-18
     0.647086  5.01619e-18
     0.647272  1.38541e-18
     0.647459  7.51725e-19
     0.647645  4.48398e-19
     0.647832  2.43842e-18
     0.648018  2.13146e-18
     0.648205  7.20287e-19
     0.648391  1.27412e-18
     0.648578  1.75087e-18
     0.648764 -3.15444e-19
     0.648950 -7.90403e-19
     0.649137  2.67427e-18
     0.649323  3.25641e-18
     0.649510  5.52968e-19
     0.649696  8.37694e-19
     0.649883  1.36733e-18
     0.650069  1.45549e-19
     0.650256  5.14636e-20
     0.650442  1.09488e-18
     0.650629  3.68880e-18
     0.650815  3.34210e-18
     0.651002  1.34632e-18
     0.651188  1.77092e-18
     0.651375  3.21944e-18
     0.651561  3.35240e-18
     0.651747  3.63411e-18
     0.651934  1.66755e-18
     0.652120  6.33010e-19
     0.652307 -9.93199e-19
     0.652493 -5.10768e-20
     0.652680  2.00634e-18
     0.652866  2.45578e-18
     0.653053  2.89041e-19
     0.653239 -6.21722e-19
     0.653426  1.10812e-18
     0.653612  7.43867e-19
     0.653799  6.41726e-19
     0.653985  2.42029e-18
     0.654172  2.71318e-18
     0.654358 -8.94605e-19
     0.654544 -8.95869e-19
     0.654731  2.26421e-18
     0.654917  3.21956e-18
     0.655104  2.18107e-18
     0.655290 -1.94840e-19
     0.655477  4.45742e-19
     0.655663  3.10923e-18
     0.655850  1.98838e-18
     0.656036  2.45019e-18
     0.656223  2.09261e-18
     0.656409  2.09801e-18
     0.656596  3.73274e-18
     0.656782  3.17622e-18
     0.656969  4.61476e-18
     0.657155  2.82211e-18
     0.657342  1.37668e-18
     0.657528  1.53093e-18
     0.657714  1.66698e-18
     0.657901  1.04745e-18
     0.658087  2.42251e-18
     0.658274  4.30855e-18
     0.658460  3.03769e-18
     0.658647  1.91577e-18
     0.658833  4.49666e-19
     0.659020  8.66329e-19
     0.659206  1.12437e-18
     0.659393  4.88861e-19
     0.659579  9.39000e-19
     0.659766  1.67611e-18
     0.659952  2.32945e-18
     0.660139  3.09446e-18
     0.660325  2.87542e-18
     0.660511  1.53500e-18
     0.660698  1.15689e-18
     0.660884  2.98511e-18
     0.661071  1.30481e-18
     0.661257  1.62716e-19
     0.661444  3.41862e-18
     0.661630  5.82325e-18
     0.661817  4.82803e-18
     0.662003  3.67314e-18
     0.662190  2.24500e-18
     0.662376 -3.42087e-19
     0.662563  6.56045e-19
     0.662749  5.23860e-18
     0.662936  6.36127e-18
     0.663122  4.85742e-18
     0.663309  3.36787e-18
     0.663495  3.40220e-18
     0.663682  4.23430e-18
     0.663868  3.46982e-18
     0.664054  3.51866e-18
     0.664241  4.19386e-18
     0.664427  2.42319e-18
     0.664614  1.09793e-18
     0.664800  1.81948e-18
     0.664987  2.74365e-18
     0.665173  1.73399e-18
     0.665360  2.05310e-18
     0.665546  2.95455e-18
     0.665733  9.26986e-19
     0.665919 -5.10410e-20
     0.666106  1.30901e-18
     0.666292  3.83599e-18
     0.666479  3.84738e-18
     0.666665  8.60476e-19
     0.666851  6.63364e-19
     0.667038  1.12936e-18
     0.667224  1.46699e-18
     0.667411  4.29919e-18
     0.667597  3.22557e-18
     0.667784  1.23630e-21
     0.667970 -4.22436e-19
     0.668157  1.65813e-18
     0.668343  2.17824e-18
     0.668530  1.80633e-18
     0.668716  7.44293e-19
     0.668903  1.35191e-18
     0.669089  1.02914e-18
     0.669276  1.36813e-18
     0.669462  2.19264e-18
     0.669649  3.32704e-18
     0.669835  2.78748e-18
     0.670021  2.74517e-18
     0.670208  2.83297e-18
     0.670394  2.61820e-18
     0.670581  2.49994e-18
     0.670767  3.15919e-18
     0.670954  4.81336e-18
     0.671140  4.63828e-18
     0.671327  3.03351e-18
     0.671513  3.44399e-18
     0.671700  3.04317e-18
     0.671886  3.51957e-18
     0.672073  2.78427e-18
     0.672259  3.45606e-18
     0.672446  3.18029e-18
     0.672632  2.54697e-18
     0.672818  2.01948e-18
     0.673005  2.80945e-18
     0.673191  4.07090e-18
     0.673378  3.24083e-18
     0.673564  1.07987e-18
     0.673751  2.40178e-18
     0.673937  4.12378e-18
     0.674124  3.73508e-18
     0.674310  2.83685e-18
     0.674497  4.35635e-18
     0.674683  4.28746e-18
     0.674870  2.12283e-18
     0.675056 -4.28360e-21
     0.675243  4.05981e-19
     0.675429  1.01942e-18
     0.675616  2.95863e-18
     0.675802  3.23907e-18
     0.675988  5.92294e-19
     0.676175  1.57957e-18
     0.676361  2.11736e-18
     0.676548  1.00920e-18
     0.676734  2.35425e-18
     0.676921  2.07508e-18
     0.677107  7.13234e-19
     0.677294  2.64443e-18
     0.677480  2.78586e-18
     0.677667  4.01078e-18
     0.677853  4.07020e-18
     0.678040  3.08178e-18
     0.678226  4.00505e-18
     0.678413  5.25543e-18
     0.678599  4.05697e-18
     0.678786  3.29582e-18
     0.678972  3.39686e-18
     0.679158  2.83262e-18
     0.679345  1.99251e-18
     0.679531  2.74096e-18
     0.679718  4.01032e-18
     0.679904  3.41607e-18
     0.680091  3.49301e-18
     0.680277  4.19688e-18
     0.680464  4.64488e-18
     0.680650  2.59005e-18
     0.680837  3.74800e-18
     0.681023  5.18455e-18
     0.681210  3.91342e-18
     0.681396  2.52963e-18
     0.681583  2.91026e-18
     0.681769  3.64638e-18
     0.681956  2.50448e-18
     0.682142  1.22327e-18
     0.682328  2.50006e-18
     0.682515  3.83638e-18
     0.682701  5.15160e-18
     0.682888  4.90976e-18
     0.683074  2.20606e-18
     0.683261 -1.47114e-19
     0.683447  2.58336e-18
     0.683634  4.13583e-18
     0.683820  2.94929e-18
     0.684007  3.34267e-18
     0.684193  3.91915e-18
     0.684380  4.27497e-18
     0.684566  3.22155e-18
     0.684753  2.86879e-18
     0.684939  4.57023e-18
     0.685125  5.06771e-18
     0.685312  3.95526e-18
     0.685498  2.65927e-18
     0.685685  1.69917e-18
     0.685871  3.75409e-18
     0.686058  5.09158e-18
     0.686244  5.27314e-18
     0.686431  4.17931e-18
     0.686617  3.67626e-18
     0.686804  1.53795e-18
     0.686990  1.66934e-18
     0.687177  1.55532e-18
     0.687363  3.10920e-18
     0.687550  3.52203e-18
     0.687736  2.41401e-18
     0.687923  2.26018e-18
     0.688109  2.83812e-18
     0.688295  2.24523e-18
     0.688482  2.73883e-18
     0.688668  1.37148e-18
     0.688855  3.16569e-18
     0.689041  5.97610e-18
     0.689228  6.07445e-18
     0.689414  5.32226e-18
     0.689601  3.09067e-18
     0.689787  2.77000e-18
     0.689974  5.00938e-18
     0.690160  5.74835e-18
     0.690347  4.73422e-18
     0.690533  3.43000e-18
     0.690720  2.31186e-18
     0.690906  3.02653e-18
     0.691092  4.79019e-18
     0.691279  4.30113e-18
     0.691465  4.09671e-18
     0.691652  5.03762e-18
     0.691838  5.66404e-18
     0.692025  3.91077e-18
     0.692211  2.74945e-18
     0.692398  7.36805e-19
     0.692584  2.40966e-18
     0.692771  3.69680e-18
     0.692957  5.59988e-18
     0.693144  4.61237e-18
     0.693330  2.10314e-18
     0.693517  1.80941e-18
     0.693703  2.83767e-18
     0.693890  3.11124e-18
     0.694076  3.58766e-18
     0.694263  2.10827e-18
     0.694449  3.43463e-18
     0.694635  1.22567e-18
     0.694822  2.49818e-18
     0.695008  4.69832e-18
     0.695195  3.48330e-18
     0.695381  3.30502e-18
     0.695568  3.51957e-18
     0.695754  4.34009e-18
     0.695941  5.24165e-18
     0.696127  4.80166e-18
     0.696314  2.44020e-18
     0.696500  1.55478e-18
     0.696687  1.50847e-18
     0.696873  4.39571e-18
     0.697060  7.56602e-18
     0.697246  4.62660e-18
     0.697432  3.64212e-18
     0.697619  3.60875e-18
     0.697805  2.04028e-18
     0.697992  2.48751e-18
     0.698178  5.10895e-18
     0.698365  4.37077e-18
     0.698551  2.94611e-18
     0.698738  3.28258e-18
     0.698924  1.86267e-18
     0.699111  2.20272e-18
     0.699297  4.62985e-18
     0.699484  6.39843e-18
     0.699670  4.21280e-18
     0.699857  1.53503e-18
     0.700043  4.52172e-18
     0.700229  2.92542e-18
     0.700416  2.48964e-18
     0.700602  3.28251e-18
     0.700789  3.28206e-18
     0.700975  1.40347e-18
     0.701162  6.23837e-19
     0.701348  6.61291e-19
     0.701535  1.79956e-18
     0.701721  1.04323e-18
     0.701908  1.66560e-18
     0.702094  4.17475e-18
     0.702281  3.00068e-18
     0.702467  6.94358e-19
     0.702654 -3.53675e-19
     0.702840  2.05993e-18
     0.703027  2.91835e-18
     0.703213  5.40411e-18
     0.703399  6.57980e-18
     0.703586  5.93005e-18
     0.703772  4.58993e-18
     0.703959  3.37433e-18
     0.704145  3.14407e-18
     0.704332  3.11807e-18
     0.704518  3.81743e-18
     0.704705  5.55951e-18
     0.704891  5.51746e-18
     0.705078  4.17739e-18
     0.705264  3.04469e-18
     0.705451  5.50740e-18
     0.705637  6.45999e-18
     0.705824  3.72348e-18
     0.706010  3.42536e-18
     0.706197  5.10534e-18
     0.706383  4.86785e-18
     0.706569  2.85964e-18
     0.706756  1.97313e-18
     0.706942  1.84432e-18
     0.707129  4.02641e-18
     0.707315  3.09975e-18
     0.707502  4.92764e-18
     0.707688  1.82301e-18
     0.707875  1.57645e-18
     0.708061  2.11899e-18
     0.708248  3.95121e-18
     0.708434  4.80028e-18
     0.708621  3.13864e-18
     0.708807  3.75762e-18
     0.708994  3.55275e-18
     0.709180  2.25547e-18
     0.709367  3.04102e-18
     0.709553  4.21757e-18
     0.709739  3.14545e-18
     0.709926  2.21926e-18
     0.710112  2.85494e-18
     0.710299  3.42475e-18
     0.710485  3.45599e-18
     0.710672  4.29053e-18
     0.710858  6.11142e-18
     0.711045  3.48126e-18
     0.711231  3.79377e-18
     0.711418  4.01642e-18
     0.711604  5.37629e-18
     0.711791  5.86540e-18
     0.711977  3.32182e-18
     0.712164  3.68349e-18
     0.712350  4.44338e-18
     0.712536  3.14494e-18
     0.712723  3.32928e-18
     0.712909  3.74187e-18
     0.713096  4.87071e-18
     0.713282  3.96209e-18
     0.713469  3.47623e-18
     0.713655  3.26580e-18
     0.713842  2.41432e-18
     0.714028  3.13200e-18
     0.714215  5.50366e-18
     0.714401  3.73059e-18
     0.714588  2.59104e-18
     0.714774  5.23409e-18
     0.714961  4.84045e-18
     0.715147  4.07888e-18
     0.715334  5.87263e-18
     0.715520  5.37847e-18
     0.715706  3.91381e-18
     0.715893  4.50296e-18
     0.716079  2.70537e-18
     0.716266  2.88709e-18
     0.716452  3.13534e-18
     0.716639  3.04942e-18
     0.716825  3.91875e-18
     0.717012  3.93167e-18
     0.717198  2.25633e-18
     0.717385  4.19337e-18
     0.717571  4.37730e-18
     0.717758  4.29257e-18
     0.717944  4.56148e-18
     0.718131  5.10927e-18
     0.718317  3.07001e-18
     0.718503  1.83893e-18
     0.718690  1.58395e-18
     0.718876  2.59326e-18
     0.719063  4.24453e-18
     0.719249  4.95282e-18
     0.719436  4.75701e-18
     0.719622  5.66945e-18
     0.719809  3.56862e-18
     0.719995  4.87834e-18
     0.720182  3.13792e-18
     0.720368  1.09027e-18
     0.720555  4.19377e-18
     0.720741  4.20418e-18
     0.720928  2.70148e-18
     0.721114  2.81334e-18
     0.721301  3.71431e-18
     0.721487  4.71014e-18
     0.721673  3.60241e-18
     0.721860  3.96719e-18
     0.722046  3.97311e-18
     0.722233  3.15067e-18
     0.722419  3.39639e-18
     0.722606  4.04633e-18
     0.722792  5.67611e-18
     0.722979  5.43325e-18
     0.723165  3.68297e-18
     0.723352  4.25616e-18
     0.723538  3.79380e-18
     0.723725  1.76103e-18
     0.723911  2.62234e-18
     0.724098  2.10071e-18
     0.724284  2.39092e-18
     0.724470  2.74145e-18
     0.724657  1.02686e-18
     0.724843  2.24970e-18
     0.725030  3.98862e-18
     0.725216  2.10739e-18
     0.725403  1.16755e-18
     0.725589  3.41979e-18
     0.725776  5.18010e-18
     0.725962  5.40154e-18
     0.726149  4.06203e-18
     0.726335  3.58790e-18
     0.726522  3.55502e-18
     0.726708  4.66839e-18
     0.726895  4.61186e-18
     0.727081  3.94229e-18
     0.727268  3.61551e-18
     0.727454  3.84453e-18
     0.727640  4.04881e-18
     0.727827  3.13333e-18
     0.728013  2.49430e-18
     0.728200 -6.03172e-19
     0.728386 -9.42079e-19
     0.728573  3.26832e-18
     0.728759  4.24272e-18
     0.728946  9.50775e-19
     0.729132  1.74091e-18
     0.729319  2.85150e-18
     0.729505  2.78050e-18
     0.729692  2.51470e-18
     0.729878  3.40360e-18
     0.730065  1.17931e-18
     0.730251  1.90495e-18
     0.730438  3.27368e-18
     0.730624  2.42616e-18
     0.730810  3.75544e-18
     0.730997  4.65012e-18
     0.731183  3.74540e-18
     0.731370  3.59089e-18
     0.731556  1.26897e-18
     0.731743  2.33982e-18
     0.731929  1.68442e-18
     0.732116  5.32614e-18
     0.732302  6.56763e-18
     0.732489  4.51945e-18
     0.732675  3.36572e-18
     0.732862  2.50694e-18
     0.733048  1.49616e-18
     0.733235  1.43572e-18
     0.733421  2.88365e-18
     0.733608  2.52282e-18
     0.733794  3.55507e-18
     0.733980  8.28313e-18
     0.734167  7.59047e-18
     0.734353  3.46322e-18
     0.734540  3.13129e-18
     0.734726  3.77449e-18
     0.734913  2.66346e-18
     0.735099  2.62979e-18
     0.735286  5.00779e-18
     0.735472  5.84998e-18
     0.735659  3.13455e-18
     0.735845  5.12476e-18
     0.736032  4.80493e-18
     0.736218  6.58808e-18
     0.736405  4.35907e-18
     0.736591  2.85922e-19
     0.736777 -1.98724e-18
     0.736964  1.29396e-19
     0.737150  7.85814e-19
     0.737337  3.30286e-18
     0.737523  3.20161e-18
     0.737710  1.56365e-18
     0.737896  4.78364e-18
     0.738083  4.65915e-18
     0.738269  1.98055e-18
     0.738456  1.17780e-18
     0.738642  2.18196e-18
     0.738829  4.02663e-18
     0.739015  4.63699e-18
     0.739202  2.14022e-18
     0.739388  6.07221e-19
     0.739574  1.74101e-18
     0.739761  2.29604e-18
     0.739947  8.36669e-19
     0.740134  2.47556e-18
     0.740320  8.36957e-18
     0.740507  8.63053e-18
     0.740693  6.98862e-18
     0.740880  3.31739e-18
     0.741066  1.73261e-18
     0.741253  1.80805e-18
     0.741439  1.49575e-18
     0.741626  3.67069e-18
     0.741812  2.78221e-18
     0.741999  3.89191e-18
     0.742185  4.99396e-18
     0.742372  3.53843e-18
     0.742558  2.79312e-18
     0.742745  2.71138e-18
     0.742931  1.41095e-18
     0.743117  1.92356e-18
     0.743304  3.66582e-18
     0.743490  3.27492e-18
     0.743677  8.29097e-19
     0.743863  3.80208e-18
     0.744050  3.23360e-18
     0.744236  4.09924e-18
     0.744423  4.31297e-18
     0.744609  3.50593e-18
     0.744796  1.86455e-18
     0.744982  3.19798e-18
     0.745169  4.17004e-18
     0.745355  3.02883e-18
     0.745542  3.01827e-18
     0.745728  1.85864e-18
     0.745915  1.61203e-18
     0.746101  7.89462e-19
     0.746287  8.02908e-19
     0.746474  1.28299e-18
     0.746660  2.46035e-18
     0.746847  2.46037e-18
     0.747033  3.65840e-18
     0.747220  5.01359e-18
     0.747406  3.51234e-18
     0.747593  3.41404e-18
     0.747779  1.32019e-18
     0.747966  1.19640e-18
     0.748152  2.53895e-18
     0.748339  2.33259e-18
     0.748525  2.97140e-18
     0.748712  3.62810e-18
     0.748898  5.22861e-18
     0.749084  5.72511e-18
     0.749271  4.55472e-18
     0.749457  3.65995e-18
     0.749644  4.67062e-18
     0.749830  2.40133e-18
     0.750017  3.54615e-18
     0.750203  3.84179e-18
     0.750390  2.63931e-18
     0.750576  4.29104e-18
     0.750763  3.81902e-18
     0.750949  3.37833e-18
     0.751136  3.45559e-18
     0.751322  3.40243e-18
     0.751509  4.52898e-18
     0.751695  6.29596e-18
     0.751881  3.74241e-18
     0.752068  3.29961e-18
     0.752254 -3.23854e-18
     0.752441 -3.44382e-18
     0.752627  4.34384e-18
     0.752814  4.44635e-18
     0.753000  3.36162e-18
     0.753187  3.88417e-18
     0.753373  5.03474e-18
     0.753560  5.13597e-18
     0.753746  2.70663e-18
     0.753933  1.43940e-18
     0.754119 -1.17153e-18
     0.754306  1.11665e-18
     0.754492  3.27462e-18
     0.754679  4.50097e-18
     0.754865  2.66765e-18
     0.755051  2.38886e-18
     0.755238  2.85131e-18
     0.755424  2.22930e-18
     0.755611  1.27477e-18
     0.755797  1.31385e-18
     0.755984  1.43643e-18
     0.756170  2.47633e-18
     0.756357  3.94933e-18
     0.756543  2.20750e-18
     0.756730  9.44232e-19
     0.756916  7.15733e-19
     0.757103  2.93380e-18
     0.757289  2.67453e-18
     0.757476  3.41862e-18
     0.757662  1.48152e-18
     0.757849  9.00257e-19
     0.758035  1.70826e-18
     0.758221  1.47596e-18
     0.758408  7.28435e-19
     0.758594 -8.15303e-19
     0.758781  4.93162e-19
     0.758967  6.62201e-19
     0.759154  1.92074e-18
     0.759340  4.34433e-18
     0.759527  4.43341e-18
     0.759713  2.74920e-18
     0.759900  4.47853e-18
     0.760086  5.35167e-18
     0.760273  1.16105e-18
     0.760459  2.34503e-18
     0.760646  2.66145e-18
     0.760832 -3.99050e-19
     0.761019  1.52739e-18
     0.761205  5.64951e-18
     0.761391  1.84695e-18
     0.761578  1.66805e-18
     0.761764  1.89969e-18
     0.761951  1.31777e-18
     0.762137 -1.93937e-19
     0.762324  1.18643e-18
     0.762510  4.10415e-18
     0.762697  5.43362e-18
     0.762883  3.79592e-18
     0.763070  1.90598e-18
     0.763256 -2.13878e-18
     0.763443 -2.72119e-18
     0.763629  2.54330e-19
     0.763816  1.81987e-18
     0.764002  3.22857e-18
     0.764188  2.75619e-18
     0.764375  3.70443e-18
     0.764561  1.45253e-18
     0.764748  2.59249e-18
     0.764934  5.20180e-18
     0.765121  4.56986e-18
     0.765307  4.94917e-18
     0.765494  2.02460e-18
     0.765680  1.95720e-18
     0.765867  3.35933e-18
     0.766053  2.32950e-18
     0.766240  4.44352e-18
     0.766426  2.58392e-18
     0.766613  6.51865e-19
     0.766799  1.03494e-18
     0.766985  1.79772e-18
     0.767172  2.58175e-18
     0.767358  1.81335e-18
     0.767545  8.06912e-19
     0.767731  7.25248e-19
     0.767918 -2.34108e-19
     0.768104 -1.68542e-18
     0.768291  1.66850e-18
     0.768477  4.42056e-18
     0.768664  3.49783e-18
     0.768850  3.04034e-18
     0.769037  2.10165e-18
     0.769223  5.89502e-19
     0.769410 -1.35873e-18
     0.769596 -1.01879e-18
     0.769783 -3.66949e-19
     0.769969 -6.79683e-20
     0.770155  1.38716e-18
     0.770342  1.88087e-18
     0.770528  4.21495e-18
     0.770715  6.49703e-18
     0.770901  4.67815e-18
     0.771088  8.85079e-20
     0.771274 -1.29636e-18
     0.771461 -1.39262e-18
     0.771647  7.39683e-19
     0.771834  3.96703e-18
     0.772020  2.72561e-18
     0.772207  1.14811e-18
     0.772393 -1.45394e-19
     0.772580  3.80664e-18
     0.772766  4.79447e-18
     0.772953  2.63758e-18
     0.773139 -2.38743e-19
     0.773326 -1.53025e-19
     0.773512  3.25978e-18
     0.773698  6.88386e-18
     0.773885  1.76080e-19
     0.774071  9.42152e-19
     0.774258  7.67272e-18
     0.774444  9.02933e-18
     0.774631  1.13568e-17
     0.774817  1.14854e-17
     0.775004  5.19344e-18
     0.775190 -3.19129e-18
     0.775377 -2.36883e-18
     0.775563  2.55095e-18
     0.775750  1.25025e-18
     0.775936  2.61156e-18
     0.776123  2.85531e-18
     0.776309  1.89891e-18
     0.776495  2.78413e-18
     0.776682  3.50913e-18
     0.776868  2.03350e-18
     0.777055  1.73683e-18
     0.777241  4.94788e-18
     0.777428  4.13525e-18
     0.777614  8.73946e-18
     0.777801  6.29322e-18
     0.777987  1.12357e-18
     0.778174  5.00119e-18
     0.778360  4.45782e-18
     0.778547  2.04276e-18
     0.778733  1.56379e-18
     0.778920  1.80150e-18
     0.779106  3.21792e-19
     0.779292  2.92975e-18
     0.779479  6.83790e-18
     0.779665  4.24930e-18
     0.779852  2.13634e-18
     0.780038  1.25210e-18
     0.780225  9.00811e-19
     0.780411 -1.76556e-18
     0.780598  6.95062e-18
     0.780784  8.81207e-18
     0.780971  2.93181e-18
     0.781157  3.75750e-18
     0.781344  8.93810e-18
     0.781530  5.60215e-18
     0.781717  3.76274e-18
     0.781903  8.11854e-18
     0.782090  1.23929e-17
     0.782276  7.39424e-18
     0.782462  7.20222e-18
     0.782649  4.23107e-18
     0.782835  1.78839e-18
     0.783022  2.80505e-18
     0.783208  1.95685e-18
     0.783395  1.02965e-18
     0.783581  2.67778e-20
     0.783768  1.65825e-18
     0.783954  3.68152e-18
     0.784141  7.62454e-18
     0.784327  8.11039e-18
     0.784514  4.73466e-18
     0.784700  4.65353e-18
     0.784887  4.21743e-18
     0.785073 -2.05848e-18
     0.785260 -6.01640e-19
     0.785446  4.50574e-18
     0.785632  4.47357e-18
     0.785819  4.47048e-19
     0.786005  3.26100e-18
     0.786192  3.42798e-18
     0.786378  2.43500e-18
     0.786565  7.25515e-19
     0.786751  3.64343e-18
     0.786938  4.86544e-18
     0.787124  1.18877e-18
     0.787311  5.77865e-18
     0.787497  5.81878e-18
     0.787684  9.59861e-19
     0.787870  4.47097e-18
     0.788057  8.16679e-18
     0.788243  1.03076e-17
     0.788429  7.87038e-18
     0.788616  5.75130e-18
     0.788802  5.76941e-18
     0.788989  5.31681e-18
     0.789175  6.28344e-18
     0.789362  8.16800e-18
     0.789548  1.05714e-17
     0.789735  1.24010e-17
     0.789921  1.16064e-17
     0.790108  9.52214e-18
     0.790294  7.64382e-18
     0.790481  7.36379e-18
     0.790667  7.80970e-18
     0.790854  8.79873e-18
     0.791040  8.60935e-18
     0.791227  7.13417e-18
     0.791413  6.36953e-18
     0.791599  1.06758e-17
     0.791786  1.08304e-17
     0.791972  1.00982e-17
     0.792159  1.45034e-17
     0.792345  9.44955e-18
     0.792532  5.07066e-18
     0.792718  7.41546e-18
     0.792905  9.75839e-18
     0.793091  1.03158e-17
     0.793278  7.79644e-18
     0.793464  6.75757e-18
     0.793651  6.75932e-18
     0.793837  8.20238e-18
     0.794024  7.36688e-18
     0.794210  4.97643e-18
     0.794397  3.99424e-18
     0.794583  2.72853e-18
     0.794769  7.13983e-18
     0.794956  9.50660e-18
     0.795142  3.68604e-18
     0.795329  3.86168e-18
     0.795515  7.51292e-18
     0.795702  7.91259e-18
     0.795888  8.83458e-18
     0.796075  1.22725e-17
     0.796261  1.00528e-17
     0.796448  8.06685e-18
     0.796634  6.90642e-18
     0.796821  9.05842e-18
     0.797007  1.19324e-17
     0.797194  9.26839e-18
     0.797380  9.34243e-18
     0.797567  1.49697e-17
     0.797753  9.10365e-18
     0.797939  8.00409e-18
     0.798126  6.31051e-18
     0.798312  9.40273e-18
     0.798499  1.13827e-17
     0.798685  1.25191e-17
     0.798872  1.43069e-17
     0.799058  9.80198e-18
     0.799245  9.75289e-18
     0.799431  1.17816e-17
     0.799618  1.02544e-17
     0.799804  7.14657e-18
     0.799991  9.18464e-18
     0.800177  1.07921e-17
     0.800364  1.32285e-17
     0.800550  1.47891e-17
     0.800736  1.63146e-17
     0.800923  1.63266e-17
     0.801109  1.58193e-17
     0.801296  1.52369e-17
     0.801482  1.16014e-17
     0.801669  9.42779e-18
     0.801855  1.08532e-17
     0.802042  1.12575e-17
     0.802228  1.12609e-17
     0.802415  1.36737e-17
     0.802601  1.81607e-17
     0.802788  1.23539e-17
     0.802974  7.37797e-18
     0.803161  1.07165e-17
     0.803347  9.26794e-18
     0.803533  9.53608e-18
     0.803720  1.42762e-17
     0.803906  1.41620e-17
     0.804093  1.34882e-17
     0.804279  1.33878e-17
     0.804466  1.39051e-17
     0.804652  1.29011e-17
     0.804839  1.06435e-17
     0.805025  8.74116e-18
     0.805212  1.04776e-17
     0.805398  1.31902e-17
     0.805585  1.32657e-17
     0.805771  1.62686e-17
     0.805958  1.19702e-17
     0.806144  1.27575e-17
     0.806331  1.55492e-17
     0.806517  1.42939e-17
     0.806703  1.16523e-17
     0.806890  1.21778e-17
     0.807076  1.50418e-17
     0.807263  1.63821e-17
     0.807449  1.53837e-17
     0.807636  1.40790e-17
     0.807822  1.43945e-17
     0.808009  1.47963e-17
     0.808195  1.51786e-17
     0.808382  1.45344e-17
     0.808568  1.57779e-17
     0.808755  1.69515e-17
     0.808941  1.65257e-17
     0.809128  1.76872e-17
     0.809314  1.42645e-17
     0.809501  1.28847e-17
     0.809687  1.84930e-17
     0.809873  2.15548e-17
     0.810060  1.79820e-17
     0.810246  1.40346e-17
     0.810433  1.34483e-17
     0.810619  1.34192e-17
     0.810806  1.40047e-17
     0.810992  1.62744e-17
     0.811179  1.48917e-17
     0.811365  1.50724e-17
     0.811552  1.71888e-17
     0.811738  1.92708e-17
     0.811925  1.78447e-17
     0.812111  1.46115e-17
     0.812298  1.62425e-17
     0.812484  1.82324e-17
     0.812671  1.97727e-17
     0.812857  1.97131e-17
     0.813043  1.57396e-17
     0.813230  1.73240e-17
     0.813416  2.28350e-17
     0.813603  2.17308e-17
     0.813789  1.84464e-17
     0.813976  1.93898e-17
     0.814162  1.89824e-17
     0.814349  1.79527e-17
     0.814535  1.92592e-17
     0.814722  2.11091e-17
     0.814908  2.06151e-17
     0.815095  1.94154e-17
     0.815281  2.12294e-17
     0.815468  2.13707e-17
     0.815654  2.21715e-17
     0.815840  1.90735e-17
     0.816027  1.88282e-17
     0.816213  2.00270e-17
     0.816400  2.11673e-17
     0.816586  2.13485e-17
     0.816773  1.95418e-17
     0.816959  2.07613e-17
     0.817146  2.43215e-17
     0.817332  2.25193e-17
     0.817519  2.16598e-17
     0.817705  2.31416e-17
     0.817892  2.10499e-17
     0.818078  2.08006e-17
     0.818265  2.10901e-17
     0.818451  2.16547e-17
     0.818638  2.00313e-17
     0.818824  2.01016e-17
     0.819010  2.14532e-17
     0.819197  2.41876e-17
     0.819383  2.28487e-17
     0.819570  2.34978e-17
     0.819756  2.42822e-17
     0.819943  2.53745e-17
     0.820129  2.26196e-17
     0.820316  2.26352e-17
     0.820502  2.29824e-17
     0.820689  2.26737e-17
     0.820875  2.35371e-17
     0.821062  2.40318e-17
     0.821248  2.39494e-17
     0.821435  2.15263e-17
     0.821621  2.24382e-17
     0.821808  2.07855e-17
     0.821994  2.19215e-17
     0.822180  2.41926e-17
     0.822367  2.35596e-17
     0.822553  2.29419e-17
     0.822740  2.38376e-17
     0.822926  2.45101e-17
     0.823113  2.49233e-17
     0.823299  2.45583e-17
     0.823486  2.29256e-17
     0.823672  2.48375e-17
     0.823859  2.56859e-17
     0.824045  2.59431e-17
     0.824232  2.47822e-17
     0.824418  2.76551e-17
     0.824605  2.95926e-17
     0.824791  2.56492e-17
     0.824977  2.55331e-17
     0.825164  2.60786e-17
     0.825350  2.59239e-17
     0.825537  2.58245e-17
     0.825723  2.49776e-17
     0.825910  2.53822e-17
     0.826096  2.38622e-17
     0.826283  2.55570e-17
     0.826469  2.65085e-17
     0.826656  2.83334e-17
     0.826842  2.97788e-17
     0.827029  2.57639e-17
     0.827215  2.13375e-17
     0.827402  2.47247e-17
     0.827588  2.52725e-17
     0.827775  3.35114e-17
     0.827961  3.73597e-17
     0.828147  3.41699e-17
     0.828334  2.86538e-17
     0.828520  2.51648e-17
     0.828707  2.56249e-17
     0.828893  2.71162e-17
     0.829080  2.96747e-17
     0.829266  3.26322e-17
     0.829453  3.00884e-17
     0.829639  3.11885e-17
     0.829826  3.51849e-17
     0.830012  3.39333e-17
     0.830199  2.98797e-17
     0.830385  3.24095e-17
     0.830572  3.52301e-17
     0.830758  3.42595e-17
     0.830945  3.29612e-17
     0.831131  3.37433e-17
     0.831317  3.39749e-17
     0.831504  3.58654e-17
     0.831690  3.44616e-17
     0.831877  3.48173e-17
     0.832063  3.52825e-17
     0.832250  3.51880e-17
     0.832436  3.37379e-17
     0.832623  3.15619e-17
     0.832809  3.23952e-17
     0.832996  3.39309e-17
     0.833182  3.57227e-17
     0.833369  3.48704e-17
     0.833555  3.39588e-17
     0.833741  3.45438e-17
     0.833928  3.62445e-17
     0.834114  4.16251e-17
     0.834301  4.13019e-17
     0.834487  3.84579e-17
     0.834674  4.47504e-17
     0.834860  3.25906e-17
     0.835047  2.43292e-17
     0.835233  2.85890e-17
     0.835420  2.80360e-17
     0.835606  2.77056e-17
     0.835793  2.99155e-17
     0.835979  3.64607e-17
     0.836166  4.49441e-17
     0.836352  3.62480e-17
     0.836539  3.83430e-17
     0.836725  4.11194e-17
     0.836911  4.08508e-17
     0.837098  3.76139e-17
     0.837284  4.30097e-17
     0.837471  4.33345e-17
     0.837657  3.66493e-17
     0.837844  3.88382e-17
     0.838030  4.32011e-17
     0.838217  4.57421e-17
     0.838403  3.85475e-17
     0.838590  3.54152e-17
     0.838776  3.32200e-17
     0.838963  3.75533e-17
     0.839149  4.18036e-17
     0.839336  4.39075e-17
     0.839522  4.55846e-17
     0.839709  5.09367e-17
     0.839895  4.03996e-17
     0.840082  3.28810e-17
     0.840268  3.89231e-17
     0.840454  3.83781e-17
     0.840641  3.80599e-17
     0.840827  3.95334e-17
     0.841014  4.05489e-17
     0.841200  4.06608e-17
     0.841387  3.99504e-17
     0.841573  3.66287e-17
     0.841760  3.92161e-17
     0.841946  4.43414e-17
     0.842133  4.41067e-17
     0.842319  4.06350e-17
     0.842506  5.08117e-17
     0.842692  4.61832e-17
     0.842879  4.42733e-17
     0.843065  4.55963e-17
     0.843251  4.58404e-17
     0.843438  4.81443e-17
     0.843624  4.82988e-17
     0.843811  4.64621e-17
     0.843997  4.34133e-17
     0.844184  4.48849e-17
     0.844370  4.99410e-17
     0.844557  5.02597e-17
     0.844743  4.86067e-17
     0.844930  4.82808e-17
     0.845116  4.46919e-17
     0.845303  4.68517e-17
     0.845489  4.61638e-17
     0.845676  4.58610e-17
     0.845862  4.79335e-17
     0.846049  5.02414e-17
     0.846235  5.17746e-17
     0.846421  4.59527e-17
     0.846608  4.96770e-17
     0.846794  4.50731e-17
     0.846981  4.26465e-17
     0.847167  4.79429e-17
     0.847354  5.02765e-17
     0.847540  4.83386e-17
     0.847727  4.72076e-17
     0.847913  5.00781e-17
     0.848100  5.11547e-17
     0.848286  5.03280e-17
     0.848473  5.29947e-17
     0.848659  5.63582e-17
     0.848846  5.68676e-17
     0.849032  5.36036e-17
     0.849218  5.43622e-17
     0.849405  4.87041e-17
     0.849591  4.49626e-17
     0.849778  4.98776e-17
     0.849964  5.37582e-17
     0.850151  4.96260e-17
     0.850337  5.32907e-17
     0.850524  5.23961e-17
     0.850710  4.86654e-17
     0.850897  4.80826e-17
     0.851083  4.84415e-17
     0.851270  4.64530e-17
     0.851456  4.19269e-17
     0.851643  3.30743e-17
     0.851829  2.79153e-17
     0.852016  2.51817e-17
     0.852202  2.61235e-17
     0.852389  3.22578e-17
     0.852575  3.86896e-17
     0.852761  4.59527e-17
     0.852948  4.91519e-17
     0.853134  5.18603e-17
     0.853321  5.50646e-17
     0.853507  5.68145e-17
     0.853694  5.62070e-17
     0.853880  5.82775e-17
     0.854067  5.82260e-17
     0.854253  6.03849e-17
     0.854440  5.90221e-17
     0.854626  6.31615e-17
     0.854813  6.37830e-17
     0.854999  5.78544e-17
     0.855186  5.68744e-17
     0.855372  5.57589e-17
     0.855559  5.48913e-17
     0.855745  5.71290e-17
     0.855931  6.10178e-17
     0.856118  5.72607e-17
     0.856304  5.55925e-17
     0.856491  5.98542e-17
     0.856677  6.01878e-17
     0.856864  5.90445e-17
     0.857050  6.11145e-17
     0.857237  6.11634e-17
     0.857423  5.97386e-17
     0.857610  5.86809e-17
     0.857796  6.02964e-17
     0.857983  6.18771e-17
     0.858169  6.18977e-17
     0.858355  6.11449e-17
     0.858542  6.18155e-17
     0.858728  6.09177e-17
     0.858915  6.29558e-17
     0.859101  6.42414e-17
     0.859288  5.98762e-17
     0.859474  5.94666e-17
     0.859661  6.08578e-17
     0.859847  6.35853e-17
     0.860034  6.40996e-17
     0.860220  6.30001e-17
     0.860407  6.56017e-17
     0.860593  6.26486e-17
     0.860780  6.05419e-17
     0.860966  5.47211e-17
     0.861153  5.21308e-17
     0.861339  5.21403e-17
     0.861525  5.25520e-17
     0.861712  5.31835e-17
     0.861898  5.44717e-17
     0.862085  5.15628e-17
     0.862271  5.00994e-17
     0.862458  5.23374e-17
     0.862644  5.01448e-17
     0.862831  5.59457e-17
     0.863017  5.16609e-17
     0.863204  5.50981e-17
     0.863390  5.79508e-17
     0.863577  5.67974e-17
     0.863763  5.17117e-17
     0.863950  5.17636e-17
     0.864136  5.29191e-17
     0.864323  5.61818e-17
     0.864509  5.88817e-17
     0.864695  6.08147e-17
     0.864882  6.13195e-17
     0.865068  6.43376e-17
     0.865255  7.32715e-17
     0.865441  6.87064e-17
     0.865628  6.06149e-17
     0.865814  6.12060e-17
     0.866001  6.40938e-17
     0.866187  6.49795e-17
     0.866374  7.00336e-17
     0.866560  7.11896e-17
     0.866747  6.95448e-17
     0.866933  6.12196e-17
     0.867120  6.46065e-17
     0.867306  7.19770e-17
     0.867492  7.38314e-17
     0.867679  6.82744e-17
     0.867865  6.80872e-17
     0.868052  6.54711e-17
     0.868238  6.59463e-17
     0.868425  6.46563e-17
     0.868611  7.12235e-17
     0.868798  7.12415e-17
     0.868984  6.32034e-17
     0.869171  5.98291e-17
     0.869357  5.98368e-17
     0.869544  5.98778e-17
     0.869730  6.30651e-17
     0.869917  6.28716e-17
     0.870103  6.25409e-17
     0.870290  6.68105e-17
     0.870476  6.79304e-17
     0.870663  6.67408e-17
     0.870849  6.45189e-17
     0.871035  6.35483e-17
     0.871222  6.86853e-17
     0.871408  6.91227e-17
     0.871595  6.71044e-17
     0.871781  6.74325e-17
     0.871968  6.87003e-17
     0.872154  6.86633e-17
     0.872341  6.80472e-17
     0.872527  6.95336e-17
     0.872714  6.96087e-17
     0.872900  6.59108e-17
     0.873087  6.69083e-17
     0.873273  6.92614e-17
     0.873459  7.04576e-17
     0.873646  7.04368e-17
     0.873832  6.92853e-17
     0.874019  7.01277e-17
     0.874205  7.14381e-17
     0.874392  7.50569e-17
     0.874578  7.81305e-17
     0.874765  7.39030e-17
     0.874951  7.20540e-17
     0.875138  7.36253e-17
     0.875324  7.41396e-17
     0.875511  7.86792e-17
     0.875697  8.23615e-17
     0.875884  7.61888e-17
     0.876070  7.74720e-17
     0.876257  8.73080e-17
     0.876443  8.21740e-17
     0.876629  7.88369e-17
     0.876816  8.06397e-17
     0.877002  7.59838e-17
     0.877189  8.31212e-17
     0.877375  9.14294e-17
     0.877562  8.35197e-17
     0.877748  8.50960e-17
     0.877935  7.78806e-17
     0.878121  7.50033e-17
     0.878308  7.52270e-17
     0.878494  7.48297e-17
     0.878681  7.75410e-17
     0.878867  8.13810e-17
     0.879054  7.55787e-17
     0.879240  7.47230e-17
     0.879427  7.67855e-17
     0.879613  7.66671e-17
     0.879799  7.81544e-17
     0.879986  7.61380e-17
     0.880172  7.43404e-17
     0.880359  7.62805e-17
     0.880545  7.41651e-17
     0.880732  7.27787e-17
     0.880918  7.59173e-17
     0.881105  8.01485e-17
     0.881291  8.13138e-17
     0.881478  8.15179e-17
     0.881664  7.97519e-17
     0.881851  8.37519e-17
     0.882037  8.67017e-17
     0.882224  9.64045e-17
     0.882410  1.15736e-16
     0.882596  1.11352e-16
     0.882783  9.48907e-17
     0.882969  8.95261e-17
     0.883156  8.70686e-17
     0.883342  7.46530e-17
     0.883529  7.43739e-17
     0.883715  8.48540e-17
     0.883902  8.84885e-17
     0.884088  9.21263e-17
     0.884275  9.03177e-17
     0.884461  9.23776e-17
     0.884648  8.90049e-17
     0.884834  9.07487e-17
     0.885021  9.74463e-17
     0.885207  9.28446e-17
     0.885394  9.29181e-17
     0.885580  9.10274e-17
     0.885767  8.45426e-17
     0.885953  8.57107e-17
     0.886139  9.13468e-17
     0.886326  9.92825e-17
     0.886512  9.45837e-17
     0.886699  9.15165e-17
     0.886885  8.81595e-17
     0.887072  8.89249e-17
     0.887258  9.11868e-17
     0.887445  9.47414e-17
     0.887631  9.46984e-17
     0.887818  9.68297e-17
     0.888004  1.02025e-16
     0.888191  1.02166e-16
     0.888377  1.08365e-16
     0.888564  1.10037e-16
     0.888750  1.08014e-16
     0.888936  1.03209e-16
     0.889123  1.01128e-16
     0.889309  9.43797e-17
     0.889496  8.93821e-17
     0.889682  9.07496e-17
     0.889869  1.05085e-16
     0.890055  1.12297e-16
     0.890242  1.07065e-16
     0.890428  1.03649e-16
     0.890615  9.94453e-17
     0.890801  9.32015e-17
     0.890988  9.31839e-17
     0.891174  9.48826e-17
     0.891361  9.53171e-17
     0.891547  1.01690e-16
     0.891733  1.00032e-16
     0.891920  9.37343e-17
     0.892106  9.48624e-17
     0.892293  9.94858e-17
     0.892479  9.87211e-17
     0.892666  9.84749e-17
     0.892852  9.59143e-17
     0.893039  1.00940e-16
     0.893225  1.03877e-16
     0.893412  9.49932e-17
     0.893598  8.78899e-17
     0.893785  8.17292e-17
     0.893971  6.07682e-17
     0.894158  4.38074e-17
     0.894344  5.28285e-17
     0.894531  6.59712e-17
     0.894717  7.62929e-17
     0.894904  8.40867e-17
     0.895090  9.21118e-17
     0.895276  9.46163e-17
     0.895463  9.77446e-17
     0.895649  1.02904e-16
     0.895836  1.21830e-16
     0.896022  1.20433e-16
     0.896209  1.03052e-16
     0.896395  9.77156e-17
     0.896582  1.04243e-16
     0.896768  1.07294e-16
     0.896955  1.06237e-16
     0.897141  1.07694e-16
     0.897328  1.12845e-16
     0.897514  1.14557e-16
     0.897700  1.12722e-16
     0.897887  1.11230e-16
     0.898073  1.08885e-16
     0.898260  1.11351e-16
     0.898446  1.17565e-16
     0.898633  1.15028e-16
     0.898819  1.15549e-16
     0.899006  1.18162e-16
     0.899192  1.10572e-16
     0.899379  1.11720e-16
     0.899565  1.16858e-16
     0.899752  1.13122e-16
     0.899938  1.13591e-16
     0.900125  1.14254e-16
     0.900311  1.21678e-16
     0.900498  1.21014e-16
     0.900684  1.16408e-16
     0.900871  1.13869e-16
     0.901057  1.17011e-16
     0.901243  1.21358e-16
     0.901430  1.13369e-16
     0.901616  1.18140e-16
     0.901803  1.27826e-16
     0.901989  1.28301e-16
     0.902176  1.28899e-16
     0.902362  1.30487e-16
     0.902549  1.23734e-16
     0.902735  1.18360e-16
     0.902922  1.21826e-16
     0.903108  1.24768e-16
     0.903295  1.27602e-16
     0.903481  1.30086e-16
     0.903668  1.29007e-16
     0.903854  1.22480e-16
     0.904041  1.19278e-16
     0.904227  1.26747e-16
     0.904413  1.26698e-16
     0.904600  1.25101e-16
     0.904786  1.30395e-16
     0.904973  1.28342e-16
     0.905159  1.32284e-16
     0.905346  1.31932e-16
     0.905532  1.23738e-16
     0.905719  1.22260e-16
     0.905905  1.25304e-16
     0.906092  1.29505e-16
     0.906278  1.29597e-16
     0.906465  1.24638e-16
     0.906651  1.20999e-16
     0.906838  1.28119e-16
     0.907024  1.33908e-16
     0.907210  1.27807e-16
     0.907397  1.27582e-16
     0.907583  1.34421e-16
     0.907770  1.38365e-16
     0.907956  1.35817e-16
     0.908143  1.32547e-16
     0.908329  1.39484e-16
     0.908516  1.39596e-16
     0.908702  1.42086e-16
     0.908889  1.42650e-16
     0.909075  1.38846e-16
     0.909262  1.35782e-16
     0.909448  1.38552e-16
     0.909635  1.41670e-16
     0.909821  1.41629e-16
     0.910008  1.39604e-16
     0.910194  1.34598e-16
     0.910380  1.31314e-16
     0.910567  1.38861e-16
     0.910753  1.44990e-16
     0.910940  1.42469e-16
     0.911126  1.39510e-16
     0.911313  1.35065e-16
     0.911499  1.40334e-16
     0.911686  1.45591e-16
     0.911872  1.44819e-16
     0.912059  1.40729e-16
     0.912245  1.39161e-16
     0.912432  1.41241e-16
     0.912618  1.36818e-16
     0.912805  1.35794e-16
     0.912991  1.42078e-16
     0.913177  1.42134e-16
     0.913364  1.43085e-16
     0.913550  1.44360e-16
     0.913737  1.44680e-16
     0.913923  1.43361e-16
     0.914110  1.44650e-16
     0.914296  1.44401e-16
     0.914483  1.38880e-16
     0.914669  1.37185e-16
     0.914856  1.37315e-16
     0.915042  1.40303e-16
     0.915229  1.43008e-16
     0.915415  1.47519e-16
     0.915602  1.48919e-16
     0.915788  1.52755e-16
     0.915974  1.51184e-16
     0.916161  1.46188e-16
     0.916347  1.43345e-16
     0.916534  1.39585e-16
     0.916720  1.41143e-16
     0.916907  1.47451e-16
     0.917093  1.44118e-16
     0.917280  1.45127e-16
     0.917466  1.53276e-16
     0.917653  1.54465e-16
     0.917839  1.51161e-16
     0.918026  1.51966e-16
     0.918212  1.50849e-16
     0.918399  1.51109e-16
     0.918585  1.50145e-16
     0.918772  1.54892e-16
     0.918958  1.53285e-16
     0.919145  1.47993e-16
     0.919331  1.49321e-16
     0.919517  1.53905e-16
     0.919704  1.57241e-16
     0.919890  1.60681e-16
     0.920077  1.67136e-16
     0.920263  1.62447e-16
     0.920450  1.58023e-16
     0.920636  1.57899e-16
     0.920823  1.61134e-16
     0.921009  1.67894e-16
     0.921196  1.68902e-16
     0.921382  1.71161e-16
     0.921569  1.72697e-16
     0.921755  1.66856e-16
     0.921942  1.67160e-16
     0.922128  1.65470e-16
     0.922314  1.59905e-16
     0.922501  1.60805e-16
     0.922687  1.69671e-16
     0.922874  1.77059e-16
     0.923060  1.77779e-16
     0.923247  1.73376e-16
     0.923433  1.66615e-16
     0.923620  1.65855e-16
     0.923806  1.65160e-16
     0.923993  1.67320e-16
     0.924179  1.66067e-16
     0.924366  1.69184e-16
     0.924552  1.71400e-16
     0.924739  1.64869e-16
     0.924925  1.66064e-16
     0.925112  1.66247e-16
     0.925298  1.62894e-16
     0.925484  1.66535e-16
     0.925671  1.68295e-16
     0.925857  1.68151e-16
     0.926044  1.69663e-16
     0.926230  1.68988e-16
     0.926417  1.62401e-16
     0.926603  1.53124e-16
     0.926790  1.53738e-16
     0.926976  1.46135e-16
     0.927163  1.33670e-16
     0.927349  1.26571e-16
     0.927536  1.25526e-16
     0.927722  1.23234e-16
     0.927909  1.23035e-16
     0.928095  1.28032e-16
     0.928282  1.33208e-16
     0.928468  1.27416e-16
     0.928654  1.28166e-16
     0.928841  1.33785e-16
     0.929027  1.36513e-16
     0.929214  1.35058e-16
     0.929400  1.37127e-16
     0.929587  1.34596e-16
     0.929773  1.39189e-16
     0.929960  1.38699e-16
     0.930146  1.41922e-16
     0.930333  1.39591e-16
     0.930519  1.17511e-16
     0.930706  1.03263e-16
     0.930892  1.15200e-16
     0.931078  1.27617e-16
     0.931265  1.54064e-16
     0.931451  1.40348e-16
     0.931638  1.32978e-16
     0.931824  1.41388e-16
     0.932011  1.63446e-16
     0.932197  1.69437e-16
     0.932384  1.63602e-16
     0.932570  1.56497e-16
     0.932757  1.42376e-16
     0.932943  1.46759e-16
     0.933130  1.52505e-16
     0.933316  1.42751e-16
     0.933503  1.49200e-16
     0.933689  1.47201e-16
     0.933876  1.33075e-16
     0.934062  1.38751e-16
     0.934249  1.48479e-16
     0.934435  1.50337e-16
     0.934622  1.71607e-16
     0.934808  1.85402e-16
     0.934994  1.72444e-16
     0.935181  1.64501e-16
     0.935367  1.45751e-16
     0.935554  1.58953e-16
     0.935740  1.82586e-16
     0.935927  1.91368e-16
     0.936113  1.74501e-16
     0.936300  1.65476e-16
     0.936486  1.75242e-16
     0.936673  1.78791e-16
     0.936859  1.74812e-16
     0.937046  1.59855e-16
     0.937232  1.25790e-16
     0.937418  9.21061e-17
     0.937605  1.24542e-16
     0.937791  1.37997e-16
     0.937978  1.32621e-16
     0.938164  1.59979e-16
     0.938351  1.73380e-16
     0.938537  1.77262e-16
     0.938724  1.77659e-16
     0.938910  1.90059e-16
     0.939097  1.85590e-16
     0.939283  1.86814e-16
     0.939470  1.74013e-16
     0.939656  1.69310e-16
     0.939843  1.79407e-16
     0.940029  1.95782e-16
     0.940216  1.94509e-16
     0.940402  1.79373e-16
     0.940588  1.78492e-16
     0.940775  1.92560e-16
     0.940961  2.06604e-16
     0.941148  2.16860e-16
     0.941334  2.21736e-16
     0.941521  2.02016e-16
     0.941707  1.94551e-16
     0.941894  2.15086e-16
     0.942080  2.00667e-16
     0.942267  1.71820e-16
     0.942453  1.60705e-16
     0.942640  1.67310e-16
     0.942826  1.77271e-16
     0.943013  1.85988e-16
     0.943199  1.87673e-16
     0.943386  1.97561e-16
     0.943572  2.34019e-16
     0.943758  2.79745e-16
     0.943945  2.95486e-16
     0.944131  2.86861e-16
     0.944318  2.52575e-16
     0.944504  2.06070e-16
     0.944691  1.91222e-16
     0.944877  2.02751e-16
     0.945064  1.90295e-16
     0.945250  1.76751e-16
     0.945437  1.62055e-16
     0.945623  1.69410e-16
     0.945810  1.96091e-16
     0.945996  2.08051e-16
     0.946183  2.00189e-16
     0.946369  1.79230e-16
     0.946555  1.76720e-16
     0.946742  1.81036e-16
     0.946928  1.84192e-16
     0.947115  1.78374e-16
     0.947301  1.67026e-16
     0.947488  1.85592e-16
     0.947674  2.35200e-16
     0.947861  2.69870e-16
     0.948047  2.78263e-16
     0.948234  2.48524e-16
     0.948420  2.30180e-16
     0.948607  2.27090e-16
     0.948793  2.15976e-16
     0.948980  2.15314e-16
     0.949166  2.02869e-16
     0.949353  1.94358e-16
     0.949539  1.98993e-16
     0.949726  2.10006e-16
     0.949912  2.17552e-16
     0.950098  2.21727e-16
     0.950285  2.14357e-16
     0.950471  2.10600e-16
     0.950658  2.04415e-16
     0.950844  2.13420e-16
     0.951031  2.14284e-16
     0.951217  2.01105e-16
     0.951404  2.04356e-16
     0.951590  1.95020e-16
     0.951777  1.80887e-16
     0.951963  1.84550e-16
     0.952150  1.97989e-16
     0.952336  1.93841e-16
     0.952523  1.90549e-16
     0.952709  2.05894e-16
     0.952895  2.16087e-16
     0.953082  2.28242e-16
     0.953268  2.17544e-16
     0.953455  2.05307e-16
     0.953641  2.16313e-16
     0.953828  2.22039e-16
     0.954014  2.14272e-16
     0.954201  2.18159e-16
     0.954387  2.21654e-16
     0.954574  2.25246e-16
     0.954760  2.17802e-16
     0.954947  2.05077e-16
     0.955133  1.86395e-16
     0.955320  1.90761e-16
     0.955506  1.97590e-16
     0.955692  2.00525e-16
     0.955879  1.97077e-16
     0.956065  1.97386e-16
     0.956252  1.76757e-16
     0.956438  1.47400e-16
     0.956625  1.46064e-16
     0.956811  1.69862e-16
     0.956998  2.16585e-16
     0.957184  2.01359e-16
     0.957371  1.99933e-16
     0.957557  2.10536e-16
     0.957744  2.06137e-16
     0.957930  2.03117e-16
     0.958117  2.07715e-16
     0.958303  2.05505e-16
     0.958490  1.99644e-16
     0.958676  2.09449e-16
     0.958862  1.98280e-16
     0.959049  1.82055e-16
     0.959235  1.94954e-16
     0.959422  2.05108e-16
     0.959608  2.03731e-16
     0.959795  2.05444e-16
     0.959981  2.15784e-16
     0.960168  2.11995e-16
     0.960354  2.08108e-16
     0.960541  2.04343e-16
     0.960727  1.95439e-16
     0.960914  1.99038e-16
     0.961100  2.05026e-16
     0.961287  1.92963e-16
     0.961473  1.78738e-16
     0.961659  1.79621e-16
     0.961846  2.00262e-16
     0.962032  2.09782e-16
     0.962219  2.11866e-16
     0.962405  2.20220e-16
     0.962592  2.18790e-16
     0.962778  2.17311e-16
     0.962965  2.12997e-16
     0.963151  2.14776e-16
     0.963338  2.12603e-16
     0.963524  1.99464e-16
     0.963711  1.96579e-16
     0.963897  2.02044e-16
     0.964084  2.11960e-16
     0.964270  2.25293e-16
     0.964457  2.35168e-16
     0.964643  2.30490e-16
     0.964830  2.29483e-16
     0.965016  2.23184e-16
     0.965202  2.19696e-16
     0.965389  2.23776e-16
     0.965575  2.26755e-16
     0.965762  2.10104e-16
     0.965948  2.10083e-16
     0.966135  2.24488e-16
     0.966321  2.16748e-16
     0.966508  2.00899e-16
     0.966694  1.99087e-16
     0.966881  2.10742e-16
     0.967067  2.20836e-16
     0.967254  2.37969e-16
     0.967440  2.34779e-16
     0.967627  2.33415e-16
     0.967813  2.32202e-16
     0.968000  2.27380e-16
     0.968186  2.16647e-16
     0.968372  2.11716e-16
     0.968559  2.10920e-16
     0.968745  2.07635e-16
     0.968932  2.16469e-16
     0.969118  2.10680e-16
     0.969305  2.17851e-16
     0.969491  2.22008e-16
     0.969678  2.21632e-16
     0.969864  2.19785e-16
     0.970051  2.33729e-16
     0.970237  2.29880e-16
     0.970424  2.27140e-16
     0.970610  2.19244e-16
     0.970796  2.23479e-16
     0.970983  2.29430e-16
     0.971169  2.36106e-16
     0.971356  2.32601e-16
     0.971542  2.21593e-16
     0.971729  2.17025e-16
     0.971915  2.06468e-16
     0.972102  1.99712e-16
     0.972288  1.97561e-16
     0.972475  2.04141e-16
     0.972661  2.03960e-16
     0.972848  2.13551e-16
     0.973034  2.33721e-16
     0.973221  2.28882e-16
     0.973407  2.15596e-16
     0.973594  2.03171e-16
     0.973780  1.95808e-16
     0.973966  2.08083e-16
     0.974153  2.07886e-16
     0.974339  2.28152e-16
     0.974526  2.29875e-16
     0.974712  2.19568e-16
     0.974899  2.14106e-16
     0.975085  2.19133e-16
     0.975272  2.22464e-16
     0.975458  2.17810e-16
     0.975645  2.19898e-16
     0.975831  2.12584e-16
     0.976018  2.19143e-16
     0.976204  2.25463e-16
     0.976391  2.34854e-16
     0.976577  2.40234e-16
     0.976764  2.35369e-16
     0.976950  2.28221e-16
     0.977136  2.30848e-16
     0.977323  2.43987e-16
     0.977509  2.49577e-16
     0.977696  2.36223e-16
     0.977882  2.29803e-16
     0.978069  2.44771e-16
     0.978255  2.35884e-16
     0.978442  2.57129e-16
     0.978628  2.70394e-16
     0.978815  2.35755e-16
     0.979001  2.35996e-16
     0.979188  2.28513e-16
     0.979374  2.17796e-16
     0.979561  2.50034e-16
     0.979747  2.78153e-16
     0.979934  2.70740e-16
     0.980120  2.51218e-16
     0.980306  2.45730e-16
     0.980493  2.70380e-16
     0.980679  2.85377e-16
     0.980866  2.63903e-16
     0.981052  2.54990e-16
     0.981239  2.56150e-16
     0.981425  2.57325e-16
     0.981612  2.74693e-16
     0.981798  2.56263e-16
     0.981985  2.51709e-16
     0.982171  2.58149e-16
     0.982358  2.71723e-16
     0.982544  2.65744e-16
     0.982731  2.58767e-16
     0.982917  2.69456e-16
     0.983104  2.78182e-16
     0.983290  2.64312e-16
     0.983476  2.60393e-16
     0.983663  2.64734e-16
     0.983849  2.67616e-16
     0.984036  2.54349e-16
     0.984222  2.59658e-16
     0.984409  2.67752e-16
     0.984595  2.62244e-16
     0.984782  2.37157e-16
     0.984968  2.46011e-16
     0.985155  2.82122e-16
     0.985341  2.57671e-16
     0.985528  2.59052e-16
     0.985714  2.46673e-16
     0.985900  2.42454e-16
     0.986087  2.62761e-16
     0.986273  2.69982e-16
     0.986460  2.54377e-16
     0.986646  2.21742e-16
     0.986833  1.71826e-16
     0.987019  1.41427e-16
     0.987206  1.60003e-16
     0.987392  1.76290e-16
     0.987579  1.54154e-16
     0.987765  1.54742e-16
     0.987952  1.97736e-16
     0.988138  2.26574e-16
     0.988325  2.36913e-16
     0.988511  2.30556e-16
     0.988698  2.24945e-16
     0.988884  2.48099e-16
     0.989071  2.84291e-16
     0.989257  2.95526e-16
     0.989443  2.92191e-16
     0.989630  2.77004e-16
     0.989816  2.55184e-16
     0.990003  2.33282e-16
     0.990189  2.17620e-16
     0.990376  1.93238e-16
     0.990562  1.78348e-16
     0.990749  1.84775e-16
     0.990935  2.18794e-16
     0.991122  2.46533e-16
     0.991308  2.72095e-16
     0.991495  2.81717e-16
     0.991681  2.75685e-16
     0.991868  2.48314e-16
     0.992054  2.12636e-16
     0.992241  2.30236e-16
     0.992427  2.50853e-16
     0.992613  2.50640e-16
     0.992800  2.43035e-16
     0.992986  2.41516e-16
     0.993173  2.32292e-16
     0.993359  2.01622e-16
     0.993546  1.88335e-16
     0.993732  2.24853e-16
     0.993919  2.80290e-16
     0.994105  2.81577e-16
     0.994292  2.57515e-16
     0.994478  2.71412e-16
     0.994665  2.90974e-16
     0.994851  2.89608e-16
     0.995037  3.07293e-16
     0.995224  2.64778e-16
     0.995410  2.11150e-16
     0.995597  2.20372e-16
     0.995783  2.89385e-16
     0.995970  2.97854e-16
     0.996156  2.86989e-16
     0.996343  2.66627e-16
     0.996529  2.62569e-16
     0.996716  2.80068e-16
     0.996902  2.61659e-16
     0.997089  2.49191e-16
     0.997275  2.59766e-16
     0.997462  2.67410e-16
     0.998863  1.87242e-16
      1.00272  2.72762e-16
      1.00658  2.71716e-16
      1.01046  2.99625e-16
      1.01435  3.65850e-16
      1.01826  3.29158e-16
      1.02218  3.18334e-16
      1.02611  3.56501e-16
      1.03005  3.26870e-16
      1.03401  3.73955e-16
      1.03798  4.44006e-16
      1.04196  3.90736e-16
      1.04595  3.93848e-16
      1.04995  3.64022e-16
      1.05397  4.21488e-16
      1.05799  4.16878e-16
      1.06203  4.13099e-16
      1.06607  4.65330e-16
      1.07013  4.41874e-16
      1.07420  4.42464e-16
      1.07828  4.08038e-16
      1.08236  4.65908e-16
      1.08646  4.41916e-16
      1.09056  4.43252e-16
      1.09468  3.45693e-16
      1.09880  3.58614e-16
      1.10294  2.84483e-16
      1.10708  3.65632e-16
      1.11123  3.31527e-16
      1.11538  2.80514e-16
      1.11955  2.91962e-16
      1.12372  3.29776e-16
      1.12790  2.88903e-16
      1.13209  3.69325e-16
      1.13628  1.94913e-16
      1.14048  3.66961e-16
      1.14469  2.97685e-16
      1.14891  3.20367e-16
      1.15313  3.36904e-16
      1.15735  3.73195e-16
      1.16159  3.21472e-16
      1.16582  3.05194e-16
      1.17007  3.14276e-16
      1.17432  3.29949e-16
      1.17857  3.41860e-16
      1.18283  3.51374e-16
      1.18709  3.99988e-16
      1.19136  4.02644e-16
      1.19563  4.38106e-16
      1.19991  4.19021e-16
      1.20419  4.48445e-16
      1.20847  4.54969e-16
      1.21276  4.99361e-16
      1.21704  4.86839e-16
      1.22134  5.06643e-16
      1.22563  4.68208e-16
      1.22993  5.08660e-16
      1.23423  5.14908e-16
      1.23854  5.22386e-16
      1.24284  5.28103e-16
      1.24715  4.86891e-16
      1.25146  5.05489e-16
      1.25577  5.15242e-16
      1.26008  5.70550e-16
      1.26440  6.07024e-16
      1.26871  5.60449e-16
      1.27303  5.76181e-16
      1.27734  6.06998e-16
      1.28166  5.57826e-16
      1.28598  5.81687e-16
      1.29030  5.75490e-16
      1.29461  5.72415e-16
      1.29893  5.46432e-16
      1.30325  5.78986e-16
      1.30757  5.36581e-16
      1.31188  5.14332e-16
      1.31620  5.37835e-16
      1.32052  5.32972e-16
      1.32483  4.80210e-16
      1.32915  3.75231e-16
      1.33346  3.14283e-16
      1.33777  1.78939e-16
      1.34208  1.72480e-16
      1.34639  1.60544e-16
      1.35069  1.03206e-16
      1.35500  1.32811e-16
      1.35930 -4.28859e-18
      1.36360  2.64263e-16
      1.36790  2.54124e-16
      1.37219 -4.99581e-17
      1.37649  7.44090e-17
      1.38078  2.36455e-16
      1.38506  1.19576e-16
      1.38935  1.70092e-16
      1.39363  1.37948e-16
      1.39791  1.20319e-16
      1.40218  6.87164e-17
      1.40645  1.09439e-16
      1.41072  8.93957e-17
      1.41499  1.45631e-16
      1.41925  8.29371e-17
      1.42351  1.14362e-16
      1.42776  1.05271e-16
      1.43201  1.25456e-16
      1.43625  1.09728e-16
      1.44050  1.42939e-16
      1.44473  2.09197e-16
      1.44897  1.75812e-16
      1.45319  1.79657e-16
      1.45742  1.87488e-16
      1.46164  1.68785e-16
      1.46585  2.00233e-16
      1.47006  1.85522e-16
      1.47427  2.10513e-16
      1.47847  2.57306e-16
      1.48266  2.40746e-16
      1.48685  1.84970e-16
      1.49104  2.13444e-16
      1.49521  2.42351e-16
      1.49939  2.18069e-16
      1.50356  2.90600e-16
      1.50772  1.86753e-16
      1.51188  2.28333e-16
      1.51603  2.96010e-16
      1.52018  2.75149e-16
      1.52432  2.90186e-16
      1.52846  3.46334e-16
      1.53259  3.10167e-16
      1.53671  3.36366e-16
      1.54083  3.66196e-16
      1.54494  3.65805e-16
      1.54905  4.02152e-16
      1.55315  3.99791e-16
      1.55724  3.82641e-16
      1.56133  4.24738e-16
      1.56541  4.31985e-16
      1.56949  4.54461e-16
      1.57356  4.29582e-16
      1.57762  4.53607e-16
      1.58168  3.92306e-16
      1.58573  3.96677e-16
      1.58978  4.74154e-16
      1.59382  4.76943e-16
      1.59785  4.43458e-16
      1.60188  4.42538e-16
      1.60590  4.21202e-16
      1.60991  4.19511e-16
      1.61392  4.61144e-16
      1.61792  4.10780e-16
      1.62191  3.95465e-16
      1.62590  4.17865e-16
      1.62988  4.05442e-16
      1.63385  4.33445e-16
      1.63782  4.05379e-16
      1.64178  4.77924e-16
      1.64574  4.18109e-16
      1.64969  4.48538e-16
      1.65363  4.21497e-16
      1.65756  4.47504e-16
      1.66149  4.29243e-16
      1.66541  4.14477e-16
      1.66933  4.36759e-16
      1.67324  3.97821e-16
      1.67714  3.92469e-16
      1.68104  4.22653e-16
      1.68493  4.71367e-16
      1.68881  4.11781e-16
      1.69268  3.65103e-16
      1.69655  4.31583e-16
      1.70042  3.92198e-16
      1.70427  4.41394e-16
      1.70812  4.08871e-16
      1.71197  3.74877e-16
      1.71580  3.51807e-16
      1.71963  3.43636e-16
      1.72346  3.50909e-16
      1.72728  3.36822e-16
      1.73109  3.56925e-16
      1.73489  3.21792e-16
      1.73869  2.74746e-16
      1.74248  2.66386e-16
      1.74627  2.71559e-16
      1.75005  2.91199e-16
      1.75382  2.64661e-16
      1.75759  2.71571e-16
      1.76135  2.16212e-16
      1.76510  2.07855e-16
      1.76885  1.82091e-16
      1.77259  1.99074e-16
      1.77632  1.78460e-16
      1.78005  1.85035e-16
      1.78378  1.62637e-16
      1.78749  1.71424e-16
      1.79120  1.67338e-16
      1.79491  1.44455e-16
      1.79861  1.63898e-16
      1.80230  1.59814e-16
      1.80598  1.36543e-16
      1.80966  1.13140e-16
      1.81334  1.15934e-16
      1.81701  1.38320e-16
      1.82067  1.79490e-16
      1.82433  1.21278e-16
      1.82798  2.05206e-16
      1.83162  2.31239e-16
      1.83526  2.87979e-16
      1.83889  7.59297e-17
      1.84252  6.13815e-17
      1.84614  7.57032e-17
      1.84976  1.30483e-17
      1.85337  1.65436e-17
      1.85697  1.50210e-16
      1.86057  1.77656e-16
      1.86417  8.34233e-17
      1.86775  1.15815e-16
      1.87134  1.19973e-16
      1.87491  1.27978e-16
      1.87848  3.09018e-16
      1.88205  1.85406e-16
      1.88561  1.13581e-16
      1.88917  1.28997e-16
      1.89271  1.39606e-16
      1.89626  1.11699e-16
      1.89980  1.03669e-16
      1.90333  1.55343e-16
      1.90686  1.82526e-16
      1.91038  1.25842e-16
      1.91390  9.47396e-17
      1.91741  1.66689e-16
      1.92092  1.83118e-16
      1.92443  2.15463e-16
      1.92792  2.12030e-16
      1.93142  1.85500e-16
      1.93490  1.47973e-16
      1.93838  1.39101e-16
      1.94186  1.51995e-16
      1.94533  1.19877e-16
      1.94880  1.38743e-16
      1.95226  1.07997e-16
      1.95572  1.24690e-16
      1.95917  1.14556e-16
      1.96262  1.41824e-16
      1.96607  1.48619e-16
      1.96950  1.30175e-16
      1.97294  1.36183e-16
      1.97636  1.32488e-16
      1.97979  1.36913e-16
      1.98321  1.49395e-16
      1.98662  1.39648e-16
      1.99003  1.34050e-16
      1.99344  1.57984e-16
      1.99684  1.55420e-16
      2.00023  3.71012e-17
      2.00362  2.26362e-16
      2.00701  1.95914e-16
      2.01039  1.69171e-16
      2.01377  1.57137e-16
      2.01714  1.78899e-16
      2.02051  1.77249e-16
      2.02387  1.90845e-16
      2.02723  2.02176e-16
      2.03058  1.81355e-16
      2.03393  1.99848e-16
      2.03727  2.23385e-16
      2.04061  1.87779e-16
      2.04395  1.53059e-16
      2.04728  1.82504e-16
      2.05061  2.06279e-16
      2.05393  2.06090e-16
      2.05725  2.48199e-16
      2.06056  2.28782e-16
      2.06387  2.24101e-16
      2.06717  2.38015e-16
      2.07047  2.18703e-16
      2.07377  2.16256e-16
      2.07706  2.36422e-16
      2.08034  2.30298e-16
      2.08362  2.38221e-16
      2.08690  2.39314e-16
      2.09017  2.30949e-16
      2.09344  2.37346e-16
      2.09670  2.51220e-16
      2.09996  2.40058e-16
      2.10322  2.16272e-16
      2.10646  2.30730e-16
      2.10971  2.56464e-16
      2.11295  2.50705e-16
      2.11619  2.60264e-16
      2.11942  2.66751e-16
      2.12264  2.36668e-16
      2.12587  2.33691e-16
      2.12908  2.21445e-16
      2.13230  2.30854e-16
      2.13550  2.46348e-16
      2.13871  2.40533e-16
      2.14191  2.13410e-16
      2.14510  2.32853e-16
      2.14829  2.06961e-16
      2.15148  2.11368e-16
      2.15466  1.98634e-16
      2.15783  2.24944e-16
      2.16100  2.18395e-16
      2.16417  2.37260e-16
      2.16733  2.10236e-16
      2.17049  2.21240e-16
      2.17364  2.13839e-16
      2.17679  2.13875e-16
      2.17993  1.79545e-16
      2.18307  1.94811e-16
      2.18620  2.28457e-16
      2.18933  2.08330e-16
      2.19245  1.79059e-16
      2.19557  2.13062e-16
      2.19868  1.94804e-16
      2.20179  1.66578e-16
      2.20489  1.50393e-16
      2.20799  1.82252e-16
      2.21109  1.66339e-16
      2.21417  1.91999e-16
      2.21726  1.96689e-16
      2.22034  1.82205e-16
      2.22341  1.62360e-16
      2.22648  1.68021e-16
      2.22954  1.70261e-16
      2.23260  1.71022e-16
      2.23565  1.82392e-16
      2.23870  1.85047e-16
      2.24174  1.62761e-16
      2.24478  1.30599e-16
      2.24782  1.46454e-16
      2.25084  1.69393e-16
      2.25387  1.42206e-16
      2.25688  1.57989e-16
      2.25990  1.56132e-16
      2.26290  1.52084e-16
      2.26590  1.58152e-16
      2.26890  1.35071e-16
      2.27189  1.57739e-16
      2.27488  1.36465e-16
      2.27786  1.65150e-16
      2.28084  1.44594e-16
      2.28381  1.63911e-16
      2.28677  1.41049e-16
      2.28973  1.48040e-16
      2.29269  1.29654e-16
      2.29564  1.29015e-16
      2.29858  1.35818e-16
      2.30152  9.27003e-17
      2.30446  9.78887e-17
      2.30739  1.20076e-16
      2.31031  1.00179e-16
      2.31323  1.05460e-16
      2.31614  9.36307e-17
      2.31905  1.28212e-16
      2.32196  1.02692e-16
      2.32485  1.40271e-16
      2.32775  9.98087e-17
      2.33064  7.57524e-17
      2.33352  1.08445e-16
      2.33640  7.71213e-17
      2.33927  1.05349e-16
      2.34214  7.54905e-17
      2.34501  1.01601e-16
      2.34787  9.85816e-17
      2.35072  1.02804e-16
      2.35357  1.35238e-16
      2.35642  1.11980e-16
      2.35926  9.50597e-17
      2.36209  1.01689e-16
      2.36492  1.01301e-16
      2.36775  7.60215e-17
      2.37057  9.93456e-17
      2.37339  6.55846e-17
      2.37621  7.51872e-17
      2.37902  1.17980e-16
      2.38182  1.14363e-16
      2.38463  1.11445e-16
      2.38742  4.34353e-17
      2.39022  8.71526e-17
      2.39301  7.41518e-17
      2.39580  6.60673e-17
      2.39858  8.82276e-17
      2.40136  8.07948e-17
      2.40414  1.69899e-16
      2.40691  1.32824e-16
      2.40968  8.75848e-17
      2.41245  9.30777e-17
      2.41522  1.18236e-16
      2.41798  9.64429e-17
      2.42074  1.16454e-16
      2.42350  1.01228e-16
      2.42625  6.98324e-17
      2.42901  1.49284e-16
      2.43176  1.18397e-16
      2.43451  7.39227e-17
      2.43726  1.84584e-16
      2.44001  6.76328e-17
      2.44275  9.28753e-17
      2.44550  7.00729e-17
      2.44824  1.09273e-16
      2.45099  6.13857e-17
      2.45373  1.02071e-16
      2.45647  1.60346e-16
      2.45922  8.32237e-17
      2.46196  1.05611e-16
      2.46471  4.25459e-17
      2.46745  5.65849e-17
      2.47020  1.08766e-16
      2.47295  7.25299e-17
      2.47570  5.51461e-17
      2.47845  1.22855e-16
      2.48120 -1.58055e-17
      2.48396  1.56531e-16
      2.48672  3.64640e-17
      2.48948  6.87380e-17
      2.49225  9.26773e-17
      2.49502  7.34016e-17
      2.49779  9.41752e-17
      2.50057  1.91364e-16
      2.50335  5.14348e-17
      2.50614  4.58151e-17
      2.50893  1.23766e-16
      2.51173  2.79667e-16
      2.51454  1.51039e-16
      2.51735  2.80414e-16
      2.52017 -2.15950e-17
      2.52300  4.57931e-17
      2.52583  1.52810e-16
      2.52868 -4.01467e-17
      2.53153  1.36241e-16
      2.53439  1.01774e-15
      2.53726 -4.34030e-16
      2.54015 -3.80301e-16
      2.54304 -2.02994e-16
      2.54594  8.95642e-17
      2.54886  1.64323e-16
      2.55179  2.46491e-15
      2.55473  1.71315e-16
      2.55769 -1.27840e-15
      2.56066  1.06370e-16
      2.56364  3.93368e-16
      2.56664  8.25545e-16
