# Please reference the following sources for the spectra:
#    Optical spectrum -- Burgasser et al. (2003, ApJ, 594, 510)
#    Near-infrared spectrum -- Burgasser et al. (2006, ApJ, 637, 1067)
# 
# 2MASS photometry:
#    J = 13.802+/-0.024 mag
#    H = 13.679+/-0.044 mag
#    Ks= 13.577+/-0.052 mag
#
# Column legend:
#    Column 1 -- Wavelength in um
#    Column 2 -- Flux in units of erg/cm^2/s/um
#
     0.629446 -7.41501e-19
     0.629633 -1.03200e-18
     0.629819  2.30035e-17
     0.630005  2.23266e-17
     0.630192 -3.56002e-17
     0.630378 -4.84110e-18
     0.630565 -1.90795e-17
     0.630751 -1.27427e-17
     0.630937 -5.68274e-18
     0.631124  7.88868e-18
     0.631310  1.90842e-19
     0.631496  2.00774e-18
     0.631683  2.27348e-18
     0.631869  5.63117e-18
     0.632055  2.10394e-18
     0.632242 -3.92768e-18
     0.632428 -1.58640e-19
     0.632614  9.61110e-19
     0.632801 -1.35844e-18
     0.632987 -2.75694e-18
     0.633173 -1.01973e-18
     0.633360  2.78749e-19
     0.633546  4.35694e-18
     0.633732  8.18969e-18
     0.633919  3.49075e-18
     0.634105  3.45090e-18
     0.634291  1.78114e-18
     0.634478  7.27431e-18
     0.634664 -2.39098e-18
     0.634851  1.25678e-18
     0.635037 -2.77654e-18
     0.635223  7.31086e-19
     0.635410 -9.81798e-19
     0.635596  6.18795e-18
     0.635782  3.40102e-18
     0.635969 -7.02152e-18
     0.636155 -4.19409e-18
     0.636341 -9.85103e-18
     0.636528  1.36699e-18
     0.636714  1.86971e-18
     0.636900  1.61835e-18
     0.637087 -3.49083e-20
     0.637273  5.38734e-19
     0.637459  4.68319e-18
     0.637646  5.31843e-18
     0.637832  1.15165e-18
     0.638018  2.08403e-18
     0.638205 -4.80223e-18
     0.638391 -7.43947e-18
     0.638577  3.15229e-18
     0.638764 -1.16872e-18
     0.638950  1.94118e-19
     0.639136  4.99287e-18
     0.639323  2.52340e-19
     0.639509 -5.61298e-18
     0.639696 -7.11062e-19
     0.639882  6.33491e-18
     0.640068  1.23991e-18
     0.640255  1.97748e-19
     0.640441  5.55921e-18
     0.640627 -2.48994e-19
     0.640814  3.13766e-18
     0.641000  1.96874e-18
     0.641186  5.30113e-18
     0.641373  2.39720e-18
     0.641559  4.47334e-18
     0.641745  4.32201e-18
     0.641932 -2.03798e-18
     0.642118  2.49164e-18
     0.642304 -7.25095e-19
     0.642491  2.75547e-18
     0.642677  3.61093e-19
     0.642863  1.65740e-19
     0.643050 -3.68104e-18
     0.643236  1.46237e-18
     0.643422  8.02034e-19
     0.643609  7.89291e-18
     0.643795  9.15583e-18
     0.643982  6.83088e-18
     0.644168 -9.72376e-19
     0.644354 -6.26210e-19
     0.644541 -2.35128e-18
     0.644727  6.48152e-18
     0.644913  5.75608e-18
     0.645100 -1.41512e-18
     0.645286  4.51737e-18
     0.645472  3.21320e-18
     0.645659  1.93998e-18
     0.645845  5.20496e-18
     0.646031  1.12601e-18
     0.646218  3.86801e-18
     0.646404  7.55571e-18
     0.646590  5.39426e-18
     0.646777  6.84879e-18
     0.646963  4.64143e-18
     0.647149  4.37562e-18
     0.647336  4.03980e-18
     0.647522  8.65762e-18
     0.647708  5.01501e-18
     0.647895  8.22531e-18
     0.648081  6.21615e-18
     0.648268  4.42279e-18
     0.648454  3.38643e-18
     0.648640  5.08518e-18
     0.648827  7.54012e-18
     0.649013  5.76715e-18
     0.649199  2.97341e-18
     0.649386  1.06502e-18
     0.649572 -2.32334e-20
     0.649758 -2.98360e-18
     0.649945  2.71619e-18
     0.650131  4.71335e-18
     0.650317 -1.52521e-18
     0.650504 -1.75698e-19
     0.650690  3.61903e-19
     0.650876  4.32197e-18
     0.651063  7.32669e-18
     0.651249  1.16436e-17
     0.651435  7.80256e-18
     0.651622  3.32023e-18
     0.651808  7.23670e-18
     0.651994  6.89910e-18
     0.652181  5.37969e-18
     0.652367  4.81164e-18
     0.652553  5.26324e-18
     0.652740  7.39600e-19
     0.652926  2.19030e-18
     0.653113  6.87858e-18
     0.653299  7.08786e-18
     0.653485  1.16605e-17
     0.653672  1.23292e-17
     0.653858  8.32694e-18
     0.654044  3.89964e-18
     0.654231  3.70858e-18
     0.654417  5.42201e-18
     0.654603  1.28102e-17
     0.654790  6.12820e-18
     0.654976 -1.53937e-18
     0.655162  1.37897e-17
     0.655349  4.56707e-18
     0.655535  1.05353e-18
     0.655721  9.91566e-18
     0.655908  1.12052e-17
     0.656094  2.17600e-18
     0.656280  3.58585e-19
     0.656467 -1.14282e-21
     0.656653 -4.82193e-18
     0.656839 -2.54181e-18
     0.657026 -1.50409e-18
     0.657212  2.97147e-18
     0.657399  6.21298e-18
     0.657585  1.46546e-17
     0.657771  7.48628e-18
     0.657958  6.96133e-19
     0.658144  1.76277e-18
     0.658330  6.22751e-18
     0.658517  8.11676e-18
     0.658703  4.94147e-18
     0.658889  3.21672e-18
     0.659076  5.88677e-18
     0.659262  3.72779e-18
     0.659448  1.00665e-17
     0.659635  8.93866e-18
     0.659821  6.72629e-18
     0.660007  9.30789e-18
     0.660194  4.26044e-18
     0.660380  3.37552e-18
     0.660566  4.59454e-18
     0.660753  7.77517e-18
     0.660939  8.80158e-18
     0.661125  6.84851e-18
     0.661312  1.12165e-17
     0.661498  1.10244e-17
     0.661685  1.01921e-17
     0.661871  6.70231e-18
     0.662057  5.80170e-18
     0.662244  8.12962e-18
     0.662430  7.61656e-18
     0.662616  4.18254e-18
     0.662803  4.31155e-18
     0.662989  5.86857e-18
     0.663175  9.21167e-18
     0.663362  8.27797e-18
     0.663548  9.92470e-18
     0.663734  6.69544e-18
     0.663921  4.81917e-18
     0.664107  6.72185e-18
     0.664293  8.12856e-18
     0.664480  1.13864e-17
     0.664666  7.91371e-18
     0.664852  1.08032e-17
     0.665039  4.02233e-18
     0.665225  9.67231e-18
     0.665411  1.08280e-17
     0.665598  8.56405e-18
     0.665784  1.10528e-17
     0.665971  1.30184e-17
     0.666157  1.15897e-17
     0.666343  5.73642e-18
     0.666530  1.16227e-17
     0.666716  1.91982e-17
     0.666902  1.82753e-17
     0.667089  8.72173e-18
     0.667275  1.20177e-17
     0.667461  1.24510e-17
     0.667648  1.50544e-17
     0.667834  9.98342e-18
     0.668020  1.41588e-17
     0.668207  9.97984e-18
     0.668393  1.46831e-17
     0.668579  1.07925e-17
     0.668766  7.25921e-18
     0.668952  1.59158e-17
     0.669138  8.95302e-18
     0.669325  1.20748e-17
     0.669511  9.95351e-18
     0.669697  8.35510e-18
     0.669884  1.03156e-17
     0.670070  9.58619e-18
     0.670256  1.05367e-17
     0.670443  9.21595e-18
     0.670629  1.36879e-17
     0.670816  1.28579e-17
     0.671002  1.06135e-17
     0.671188  1.09221e-17
     0.671375  1.19563e-17
     0.671561  9.36926e-18
     0.671747  1.23118e-17
     0.671934  1.43116e-17
     0.672120  9.07919e-18
     0.672306  1.43079e-17
     0.672493  1.84867e-17
     0.672679  1.19512e-17
     0.672865  1.19181e-17
     0.673052  1.62216e-17
     0.673238  1.48177e-17
     0.673424  1.26491e-17
     0.673611  1.16858e-17
     0.673797  1.29446e-17
     0.673983  1.11222e-17
     0.674170  1.30625e-17
     0.674356  1.41738e-17
     0.674542  1.53636e-17
     0.674729  1.46005e-17
     0.674915  1.57310e-17
     0.675102  1.38350e-17
     0.675288  1.72518e-17
     0.675474  1.70756e-17
     0.675661  1.50772e-17
     0.675847  1.48009e-17
     0.676033  1.18807e-17
     0.676220  1.66807e-17
     0.676406  2.15197e-17
     0.676592  2.16049e-17
     0.676779  1.87795e-17
     0.676965  1.56618e-17
     0.677151  1.78356e-17
     0.677338  1.66148e-17
     0.677524  1.24127e-17
     0.677710  1.47115e-17
     0.677897  1.74663e-17
     0.678083  1.61321e-17
     0.678269  1.84042e-17
     0.678456  1.76024e-17
     0.678642  1.49074e-17
     0.678828  1.67748e-17
     0.679015  1.95513e-17
     0.679201  1.63479e-17
     0.679388  1.87172e-17
     0.679574  1.52159e-17
     0.679760  2.00498e-17
     0.679947  1.81463e-17
     0.680133  1.58341e-17
     0.680319  1.72943e-17
     0.680506  1.59324e-17
     0.680692  1.80402e-17
     0.680878  2.02094e-17
     0.681065  1.85171e-17
     0.681251  1.47891e-17
     0.681437  1.95213e-17
     0.681624  1.83806e-17
     0.681810  1.97263e-17
     0.681996  1.99275e-17
     0.682183  1.39693e-17
     0.682369  1.84138e-17
     0.682555  1.67054e-17
     0.682742  1.60319e-17
     0.682928  2.45755e-17
     0.683114  2.56632e-17
     0.683301  1.97810e-17
     0.683487  2.31848e-17
     0.683674  2.69176e-17
     0.683860  2.55490e-17
     0.684046  2.01180e-17
     0.684233  1.82464e-17
     0.684419  2.08698e-17
     0.684605  9.71232e-18
     0.684792  1.54427e-17
     0.684978  1.80686e-17
     0.685164  1.66241e-17
     0.685351  1.75828e-17
     0.685537  1.99104e-17
     0.685723  1.78021e-17
     0.685910  1.83494e-17
     0.686096  1.58953e-17
     0.686282  1.53572e-17
     0.686469  2.01572e-17
     0.686655  1.90117e-17
     0.686841  1.54201e-17
     0.687028  1.35929e-17
     0.687214  1.19393e-17
     0.687400  1.51909e-17
     0.687587  1.63281e-17
     0.687773  1.82475e-17
     0.687959  1.71916e-17
     0.688146  2.50845e-17
     0.688332  2.23214e-17
     0.688519  1.91025e-17
     0.688705  2.23465e-17
     0.688891  2.19997e-17
     0.689078  2.34922e-17
     0.689264  2.09132e-17
     0.689450  2.27755e-17
     0.689637  2.13827e-17
     0.689823  1.89595e-17
     0.690009  1.57642e-17
     0.690196  1.62709e-17
     0.690382  2.43531e-17
     0.690568  2.13805e-17
     0.690755  2.09850e-17
     0.690941  2.07489e-17
     0.691127  1.61574e-17
     0.691314  1.46160e-17
     0.691500  1.89058e-17
     0.691686  2.17487e-17
     0.691873  1.94447e-17
     0.692059  2.33435e-17
     0.692245  2.22427e-17
     0.692432  2.19093e-17
     0.692618  2.35607e-17
     0.692805  2.51330e-17
     0.692991  2.04542e-17
     0.693177  2.12734e-17
     0.693364  1.90994e-17
     0.693550  1.88220e-17
     0.693736  2.42909e-17
     0.693923  2.28186e-17
     0.694109  2.49737e-17
     0.694295  2.57403e-17
     0.694482  1.91007e-17
     0.694668  1.94404e-17
     0.694854  1.99552e-17
     0.695041  2.42408e-17
     0.695227  2.71012e-17
     0.695413  2.67646e-17
     0.695600  2.35184e-17
     0.695786  2.56624e-17
     0.695972  2.51470e-17
     0.696159  2.17159e-17
     0.696345  2.17076e-17
     0.696531  2.19630e-17
     0.696718  1.83278e-17
     0.696904  1.63555e-17
     0.697091  1.91159e-17
     0.697277  2.45968e-17
     0.697463  2.71531e-17
     0.697650  2.01321e-17
     0.697836  2.55892e-17
     0.698022  2.75003e-17
     0.698209  2.15543e-17
     0.698395  1.96189e-17
     0.698581  2.15666e-17
     0.698768  1.86676e-17
     0.698954  2.26511e-17
     0.699140  2.11608e-17
     0.699327  2.68992e-17
     0.699513  2.04957e-17
     0.699699  2.27157e-17
     0.699886  2.24535e-17
     0.700072  2.11441e-17
     0.700258  2.11698e-17
     0.700445  2.04351e-17
     0.700631  2.25429e-17
     0.700817  2.54636e-17
     0.701004  2.25911e-17
     0.701190  2.37930e-17
     0.701376  2.38243e-17
     0.701563  2.38243e-17
     0.701749  2.39817e-17
     0.701936  2.41948e-17
     0.702122  2.48552e-17
     0.702308  2.13272e-17
     0.702495  1.81782e-17
     0.702681  1.81680e-17
     0.702867  2.45460e-17
     0.703054  2.16617e-17
     0.703240  2.35909e-17
     0.703426  2.33782e-17
     0.703613  2.11946e-17
     0.703799  2.62665e-17
     0.703985  2.37148e-17
     0.704172  2.37922e-17
     0.704358  2.36844e-17
     0.704544  2.73538e-17
     0.704731  2.96056e-17
     0.704917  2.58762e-17
     0.705103  2.64528e-17
     0.705290  2.07327e-17
     0.705476  1.96431e-17
     0.705662  2.02021e-17
     0.705849  2.49380e-17
     0.706035  2.22108e-17
     0.706222  2.45344e-17
     0.706408  2.61344e-17
     0.706594  2.57489e-17
     0.706781  2.67107e-17
     0.706967  2.79908e-17
     0.707153  2.44912e-17
     0.707340  2.51709e-17
     0.707526  2.40467e-17
     0.707712  2.52342e-17
     0.707899  2.56343e-17
     0.708085  2.40416e-17
     0.708271  2.58101e-17
     0.708458  2.76479e-17
     0.708644  2.74325e-17
     0.708830  2.44583e-17
     0.709017  2.30744e-17
     0.709203  2.62435e-17
     0.709389  2.90962e-17
     0.709576  2.75499e-17
     0.709762  2.74076e-17
     0.709948  2.64735e-17
     0.710135  2.82887e-17
     0.710321  3.15944e-17
     0.710508  2.92357e-17
     0.710694  2.89952e-17
     0.710880  3.06005e-17
     0.711067  3.00721e-17
     0.711253  2.45698e-17
     0.711439  2.76421e-17
     0.711626  2.91509e-17
     0.711812  2.89128e-17
     0.711998  2.55522e-17
     0.712185  2.91187e-17
     0.712371  2.75684e-17
     0.712557  2.82735e-17
     0.712744  3.11740e-17
     0.712930  3.11081e-17
     0.713116  3.21602e-17
     0.713303  3.25834e-17
     0.713489  2.94948e-17
     0.713675  2.88386e-17
     0.713862  2.33968e-17
     0.714048  2.80818e-17
     0.714234  2.93241e-17
     0.714421  2.79439e-17
     0.714607  2.90589e-17
     0.714794  2.55808e-17
     0.714980  2.46124e-17
     0.715166  2.42071e-17
     0.715353  2.89131e-17
     0.715539  2.97428e-17
     0.715725  2.64679e-17
     0.715912  2.72183e-17
     0.716098  2.90278e-17
     0.716284  3.15713e-17
     0.716471  2.95451e-17
     0.716657  2.85685e-17
     0.716843  2.76977e-17
     0.717030  2.55370e-17
     0.717216  2.82762e-17
     0.717402  2.87351e-17
     0.717589  2.83502e-17
     0.717775  2.89049e-17
     0.717961  2.78143e-17
     0.718148  2.98182e-17
     0.718334  2.98118e-17
     0.718520  2.85256e-17
     0.718707  2.78757e-17
     0.718893  2.66557e-17
     0.719080  2.63806e-17
     0.719266  3.15226e-17
     0.719452  3.05210e-17
     0.719639  2.86104e-17
     0.719825  2.62119e-17
     0.720011  2.45603e-17
     0.720198  2.92055e-17
     0.720384  3.13662e-17
     0.720570  2.68744e-17
     0.720757  3.34659e-17
     0.720943  2.90653e-17
     0.721129  2.97665e-17
     0.721316  3.10939e-17
     0.721502  2.90092e-17
     0.721688  3.04730e-17
     0.721875  3.11648e-17
     0.722061  3.28022e-17
     0.722247  3.00913e-17
     0.722434  2.75598e-17
     0.722620  2.95911e-17
     0.722807  2.88674e-17
     0.722993  3.28036e-17
     0.723179  3.38599e-17
     0.723366  2.98112e-17
     0.723552  3.66418e-17
     0.723738  3.75692e-17
     0.723925  3.52091e-17
     0.724111  3.40706e-17
     0.724297  2.10962e-17
     0.724484  1.86669e-17
     0.724670  2.79708e-17
     0.724856  2.74515e-17
     0.725043  2.93386e-17
     0.725229  2.85319e-17
     0.725415  3.22762e-17
     0.725602  3.52665e-17
     0.725788  3.32869e-17
     0.725974  2.85467e-17
     0.726161  2.90588e-17
     0.726347  3.28418e-17
     0.726533  2.91793e-17
     0.726720  3.02461e-17
     0.726906  3.01333e-17
     0.727093  2.80942e-17
     0.727279  2.62086e-17
     0.727465  2.89158e-17
     0.727652  3.34603e-17
     0.727838  3.00187e-17
     0.728024  2.55894e-17
     0.728211  2.73957e-17
     0.728397  3.03978e-17
     0.728583  3.08935e-17
     0.728770  3.42068e-17
     0.728956  3.17335e-17
     0.729142  2.52265e-17
     0.729329  2.58203e-17
     0.729515  2.77959e-17
     0.729701  3.35541e-17
     0.729888  3.47870e-17
     0.730074  2.97519e-17
     0.730260  2.82684e-17
     0.730447  2.76910e-17
     0.730633  3.33777e-17
     0.730819  3.59471e-17
     0.731006  2.44451e-17
     0.731192  2.83490e-17
     0.731378  4.16451e-17
     0.731565  3.36337e-17
     0.731751  2.03309e-17
     0.731938  1.51088e-17
     0.732124  2.54375e-17
     0.732310  2.90370e-17
     0.732497  2.40899e-17
     0.732683  2.55697e-17
     0.732869  2.78041e-17
     0.733056  2.64210e-17
     0.733242  2.26343e-17
     0.733428  2.73567e-17
     0.733615  2.94574e-17
     0.733801  2.74099e-17
     0.733987  2.58247e-17
     0.734174  2.45312e-17
     0.734360  2.53868e-17
     0.734546  2.74196e-17
     0.734733  3.16746e-17
     0.734919  2.77101e-17
     0.735105  2.36990e-17
     0.735292  3.04546e-17
     0.735478  2.84062e-17
     0.735664  1.86386e-17
     0.735851  2.25929e-17
     0.736037  2.70316e-17
     0.736223  2.69865e-17
     0.736410  1.90971e-17
     0.736596  2.32267e-17
     0.736782  2.36495e-17
     0.736969  2.69091e-17
     0.737155  2.92871e-17
     0.737342  2.62547e-17
     0.737528  2.96867e-17
     0.737714  3.29748e-17
     0.737901  2.43453e-17
     0.738087  2.32658e-17
     0.738273  2.29841e-17
     0.738460  2.45383e-17
     0.738646  1.84111e-17
     0.738832  2.48202e-17
     0.739019  2.45328e-17
     0.739205  2.14892e-17
     0.739391  2.64535e-17
     0.739578  3.07568e-17
     0.739764  2.25858e-17
     0.739950  2.22083e-17
     0.740137  2.63176e-17
     0.740323  2.49144e-17
     0.740509  3.14154e-17
     0.740696  2.50367e-17
     0.740882  2.51309e-17
     0.741068  2.33221e-17
     0.741255  2.07892e-17
     0.741441  2.16915e-17
     0.741628  2.49220e-17
     0.741814  2.45206e-17
     0.742000  2.61222e-17
     0.742187  2.28152e-17
     0.742373  2.34668e-17
     0.742559  2.40108e-17
     0.742746  2.05885e-17
     0.742932  2.26999e-17
     0.743118  2.26004e-17
     0.743305  2.70032e-17
     0.743491  2.49931e-17
     0.743677  2.22027e-17
     0.743864  2.13038e-17
     0.744050  1.95539e-17
     0.744236  1.96357e-17
     0.744423  2.20563e-17
     0.744609  1.99070e-17
     0.744795  2.10072e-17
     0.744982  1.58658e-17
     0.745168  2.12206e-17
     0.745354  2.17954e-17
     0.745541  1.55698e-17
     0.745727  2.26857e-17
     0.745914  2.17496e-17
     0.746100  2.33270e-17
     0.746286  2.22347e-17
     0.746473  2.05321e-17
     0.746659  2.03936e-17
     0.746845  1.71083e-17
     0.747032  1.62947e-17
     0.747218  1.77681e-17
     0.747404  1.70461e-17
     0.747591  1.30163e-17
     0.747777  1.80555e-17
     0.747963  1.61683e-17
     0.748150  1.80555e-17
     0.748336  1.79207e-17
     0.748522  2.30021e-17
     0.748709  1.80132e-17
     0.748895  1.97466e-17
     0.749081  1.71552e-17
     0.749268  2.11011e-17
     0.749454  2.07008e-17
     0.749640  1.75778e-17
     0.749827  1.98186e-17
     0.750013  1.75743e-17
     0.750200  1.33569e-17
     0.750386  1.51785e-17
     0.750572  1.81724e-17
     0.750759  1.49856e-17
     0.750945  1.48936e-17
     0.751131  1.87944e-17
     0.751318  1.37707e-17
     0.751504  1.23721e-17
     0.751690  1.65022e-17
     0.751877  1.66844e-17
     0.752063  2.39649e-17
     0.752249  2.97591e-17
     0.752436  2.08557e-17
     0.752622  1.59052e-17
     0.752808  1.46094e-17
     0.752995  1.30444e-17
     0.753181  1.55557e-17
     0.753367  1.91575e-17
     0.753554  1.47556e-17
     0.753740  1.37524e-17
     0.753926  1.96744e-17
     0.754113  1.58238e-17
     0.754299  1.42048e-17
     0.754486  1.81879e-17
     0.754672  1.32050e-17
     0.754858  1.02388e-17
     0.755045  1.45299e-17
     0.755231  1.21875e-17
     0.755417  1.36128e-17
     0.755604  1.29623e-17
     0.755790  1.08070e-17
     0.755976  1.46553e-17
     0.756163  1.06087e-17
     0.756349  1.18234e-17
     0.756535  7.28253e-18
     0.756722  8.36613e-18
     0.756908  1.19382e-17
     0.757094  1.08448e-17
     0.757281  9.05258e-18
     0.757467  1.26445e-17
     0.757653  1.63535e-17
     0.757840  9.22144e-18
     0.758026  1.28948e-17
     0.758212  1.39823e-17
     0.758399  9.00968e-18
     0.758585  6.77598e-18
     0.758772  8.76910e-18
     0.758958  9.14224e-18
     0.759144  4.76540e-18
     0.759331  7.02979e-18
     0.759517  7.27464e-18
     0.759703  5.48575e-18
     0.759890  6.18644e-18
     0.760076  6.14175e-18
     0.760262  4.98278e-19
     0.760449  3.00683e-18
     0.760635  2.30239e-18
     0.760821  2.88643e-18
     0.761008  1.36131e-18
     0.761194  3.93705e-19
     0.761380  6.88966e-18
     0.761567  3.76749e-18
     0.761753  1.96523e-18
     0.761939  6.16100e-18
     0.762126  2.53506e-18
     0.762312  1.42446e-18
     0.762498  3.38155e-18
     0.762685  6.46267e-18
     0.762871  4.91652e-18
     0.763058  9.43438e-18
     0.763244  1.09504e-17
     0.763430  3.87273e-18
     0.763617  4.87277e-18
     0.763803 -6.76434e-19
     0.763989 -1.73467e-18
     0.764176  1.26844e-19
     0.764362  5.55250e-19
     0.764548 -1.78536e-18
     0.764735  2.62935e-18
     0.764921  4.28819e-18
     0.765107  1.31679e-18
     0.765294 -3.33782e-18
     0.765480  1.96377e-19
     0.765666  2.45745e-18
     0.765853 -1.52399e-18
     0.766039 -4.37236e-18
     0.766225 -4.01068e-18
     0.766412 -5.55189e-19
     0.766598  7.61880e-19
     0.766784  6.50756e-19
     0.766971  8.04863e-19
     0.767157  1.59051e-18
     0.767344 -4.02367e-19
     0.767530 -5.08046e-19
     0.767716  6.80134e-18
     0.767903  4.86870e-18
     0.768089  4.37757e-18
     0.768275  1.52526e-18
     0.768462 -2.63157e-18
     0.768648 -4.15685e-18
     0.768834 -2.62573e-18
     0.769021 -3.41010e-18
     0.769207  2.60259e-18
     0.769393  4.59434e-18
     0.769580 -4.19401e-19
     0.769766  2.28353e-18
     0.769952  4.00317e-18
     0.770139  2.52604e-19
     0.770325 -4.74664e-18
     0.770511 -1.21187e-18
     0.770698 -1.49908e-18
     0.770884 -4.63117e-18
     0.771070 -8.94098e-19
     0.771257  6.72258e-18
     0.771443  8.47854e-18
     0.771630  1.57183e-17
     0.771816  7.83772e-18
     0.772002  5.78758e-18
     0.772189  2.90826e-18
     0.772375 -3.46086e-18
     0.772561 -3.53884e-18
     0.772748 -2.57094e-18
     0.772934 -1.25505e-18
     0.773120  7.25543e-18
     0.773307  7.34558e-18
     0.773493  6.89495e-18
     0.773679  1.08310e-17
     0.773866  9.35180e-18
     0.774052  9.32124e-18
     0.774238  4.85677e-18
     0.774425  3.36672e-18
     0.774611  9.47781e-18
     0.774797 -5.26157e-18
     0.774984 -1.57783e-17
     0.775170 -8.72897e-18
     0.775356 -8.34167e-19
     0.775543 -6.21896e-18
     0.775729  2.25809e-18
     0.775916  2.29151e-18
     0.776102 -7.60121e-19
     0.776288  5.39413e-18
     0.776475  1.33530e-17
     0.776661  2.00779e-17
     0.776847  2.93795e-17
     0.777034  4.81900e-17
     0.777220  7.88359e-17
     0.777406  8.17773e-17
     0.777593  5.80761e-17
     0.777779  3.13011e-17
     0.777965  3.43861e-18
     0.778152  6.66060e-18
     0.778338  1.64582e-17
     0.778524  1.40266e-17
     0.778711  1.65710e-17
     0.778897  1.82268e-17
     0.779083  1.49963e-17
     0.779270  1.78506e-17
     0.779456  2.94018e-17
     0.779642  2.41713e-17
     0.779829  1.79757e-17
     0.780015  8.25209e-18
     0.780201  4.68848e-18
     0.780388  9.72050e-18
     0.780574  1.77248e-17
     0.780761  2.03599e-17
     0.780947  2.24945e-17
     0.781133  2.44560e-17
     0.781320  2.25830e-17
     0.781506  1.80340e-17
     0.781692  2.34828e-17
     0.781879  2.94236e-17
     0.782065  2.64086e-17
     0.782251  3.12195e-17
     0.782438  3.65371e-17
     0.782624  2.81419e-17
     0.782810  3.05292e-17
     0.782997  2.85791e-17
     0.783183  2.83295e-17
     0.783369  2.76885e-17
     0.783556  2.27448e-17
     0.783742  2.82178e-17
     0.783928  2.42366e-17
     0.784115  2.21887e-17
     0.784301  2.48523e-17
     0.784487  2.04529e-17
     0.784674  2.53173e-17
     0.784860  2.29217e-17
     0.785046  2.40087e-17
     0.785233  2.07609e-17
     0.785419  2.05758e-17
     0.785606  3.00775e-17
     0.785792  3.42462e-17
     0.785978  3.89632e-17
     0.786165  3.86320e-17
     0.786351  3.62791e-17
     0.786537  3.67007e-17
     0.786724  4.19670e-17
     0.786910  4.70814e-17
     0.787096  4.07529e-17
     0.787283  4.26984e-17
     0.787469  4.52352e-17
     0.787655  4.69588e-17
     0.787842  4.56670e-17
     0.788028  4.74912e-17
     0.788214  4.53809e-17
     0.788401  4.92087e-17
     0.788587  4.90012e-17
     0.788773  5.29124e-17
     0.788960  4.39255e-17
     0.789146  4.47435e-17
     0.789332  5.47065e-17
     0.789519  4.59198e-17
     0.789705  4.58819e-17
     0.789892  4.70122e-17
     0.790078  4.82393e-17
     0.790264  4.67183e-17
     0.790451  5.82498e-17
     0.790637  5.83044e-17
     0.790823  5.91355e-17
     0.791010  6.89446e-17
     0.791196  8.04423e-17
     0.791382  7.08367e-17
     0.791569  7.20695e-17
     0.791755  6.19344e-17
     0.791941  4.51542e-17
     0.792128  5.20602e-17
     0.792314  4.89963e-17
     0.792500  4.84863e-17
     0.792687  4.51176e-17
     0.792873  5.75417e-17
     0.793059  5.79385e-17
     0.793246  5.23300e-17
     0.793432  5.75978e-17
     0.793618  5.74668e-17
     0.793805  5.99478e-17
     0.793991  6.08787e-17
     0.794178  5.32421e-17
     0.794364  4.91847e-17
     0.794550  3.28137e-17
     0.794737  2.00077e-17
     0.794923  1.18314e-17
     0.795109  1.48540e-17
     0.795296  2.96178e-17
     0.795482  4.78490e-17
     0.795668  4.93756e-17
     0.795855  5.54387e-17
     0.796041  6.44957e-17
     0.796227  6.87793e-17
     0.796414  7.57822e-17
     0.796600  5.83060e-17
     0.796786  6.08217e-17
     0.796973  7.51900e-17
     0.797159  6.90846e-17
     0.797345  6.94708e-17
     0.797532  7.68477e-17
     0.797718  8.19263e-17
     0.797904  7.80602e-17
     0.798091  7.76446e-17
     0.798277  7.70781e-17
     0.798464  8.01542e-17
     0.798650  8.41029e-17
     0.798836  7.91440e-17
     0.799023  8.55221e-17
     0.799209  9.54619e-17
     0.799395  9.76511e-17
     0.799582  1.06801e-16
     0.799768  1.02491e-16
     0.799954  8.97146e-17
     0.800141  8.65005e-17
     0.800327  8.30528e-17
     0.800513  7.99279e-17
     0.800700  7.96605e-17
     0.800886  8.10675e-17
     0.801072  8.20850e-17
     0.801259  8.54248e-17
     0.801445  8.96544e-17
     0.801631  9.56576e-17
     0.801818  9.29718e-17
     0.802004  1.02378e-16
     0.802190  1.04361e-16
     0.802377  1.13466e-16
     0.802563  1.07944e-16
     0.802750  9.74993e-17
     0.802936  1.05838e-16
     0.803122  9.82091e-17
     0.803309  9.58037e-17
     0.803495  9.61847e-17
     0.803681  8.90239e-17
     0.803868  9.81200e-17
     0.804054  1.00200e-16
     0.804240  9.82848e-17
     0.804427  1.00566e-16
     0.804613  1.03782e-16
     0.804799  1.08456e-16
     0.804986  1.10195e-16
     0.805172  1.14310e-16
     0.805358  1.13526e-16
     0.805545  1.09631e-16
     0.805731  1.15323e-16
     0.805917  1.05230e-16
     0.806104  9.83821e-17
     0.806290  1.07676e-16
     0.806476  1.17466e-16
     0.806663  1.24335e-16
     0.806849  1.25071e-16
     0.807036  1.25145e-16
     0.807222  1.22455e-16
     0.807408  1.28514e-16
     0.807595  1.28564e-16
     0.807781  1.24803e-16
     0.807967  1.29539e-16
     0.808154  1.31570e-16
     0.808340  1.30651e-16
     0.808526  1.27967e-16
     0.808713  1.29286e-16
     0.808899  1.36343e-16
     0.809085  1.37518e-16
     0.809272  1.41846e-16
     0.809458  1.48448e-16
     0.809644  1.40930e-16
     0.809831  1.26715e-16
     0.810017  1.25706e-16
     0.810203  1.35128e-16
     0.810390  1.36889e-16
     0.810576  1.32503e-16
     0.810762  1.40297e-16
     0.810949  1.44058e-16
     0.811135  1.40365e-16
     0.811321  1.44330e-16
     0.811508  1.51085e-16
     0.811694  1.55932e-16
     0.811881  1.62505e-16
     0.812067  1.61931e-16
     0.812253  1.60824e-16
     0.812440  1.62027e-16
     0.812626  1.58070e-16
     0.812812  1.57025e-16
     0.812999  1.55892e-16
     0.813185  1.55089e-16
     0.813371  1.58353e-16
     0.813558  1.59725e-16
     0.813744  1.64810e-16
     0.813930  1.65754e-16
     0.814117  1.66972e-16
     0.814303  1.69629e-16
     0.814489  1.69982e-16
     0.814676  1.65861e-16
     0.814862  1.64671e-16
     0.815048  1.64796e-16
     0.815235  1.67218e-16
     0.815421  1.68599e-16
     0.815607  1.70224e-16
     0.815794  1.67800e-16
     0.815980  1.66902e-16
     0.816167  1.69111e-16
     0.816353  1.68237e-16
     0.816539  1.76078e-16
     0.816726  1.85052e-16
     0.816912  1.82580e-16
     0.817098  1.81363e-16
     0.817285  1.83078e-16
     0.817471  1.84475e-16
     0.817657  1.88059e-16
     0.817844  1.89508e-16
     0.818030  1.98087e-16
     0.818216  2.02100e-16
     0.818403  2.01287e-16
     0.818589  2.05025e-16
     0.818775  1.95532e-16
     0.818962  1.91966e-16
     0.819148  2.06903e-16
     0.819334  2.12648e-16
     0.819521  2.11653e-16
     0.819707  2.09692e-16
     0.819893  2.04701e-16
     0.820080  2.05821e-16
     0.820266  2.14185e-16
     0.820453  2.19108e-16
     0.820639  2.14977e-16
     0.820825  2.17631e-16
     0.821012  2.18943e-16
     0.821198  2.19969e-16
     0.821384  2.22294e-16
     0.821571  2.16263e-16
     0.821757  2.17547e-16
     0.821943  2.25634e-16
     0.822130  2.28702e-16
     0.822316  2.24888e-16
     0.822502  2.19459e-16
     0.822689  2.11194e-16
     0.822875  2.17604e-16
     0.823061  2.15418e-16
     0.823248  2.26232e-16
     0.823434  2.41377e-16
     0.823620  2.44977e-16
     0.823807  2.49751e-16
     0.823993  2.56183e-16
     0.824179  2.60187e-16
     0.824366  2.60050e-16
     0.824552  2.65436e-16
     0.824739  2.60221e-16
     0.824925  2.56175e-16
     0.825111  2.62401e-16
     0.825298  2.62997e-16
     0.825484  2.52310e-16
     0.825670  2.56489e-16
     0.825857  2.57141e-16
     0.826043  2.55784e-16
     0.826229  2.59708e-16
     0.826416  2.58739e-16
     0.826602  2.63892e-16
     0.826788  2.64486e-16
     0.826975  2.68678e-16
     0.827161  2.62625e-16
     0.827347  2.60031e-16
     0.827534  2.55919e-16
     0.827720  2.50156e-16
     0.827906  2.75866e-16
     0.828093  2.64021e-16
     0.828279  2.64739e-16
     0.828465  2.63767e-16
     0.828652  2.77347e-16
     0.828838  2.74609e-16
     0.829024  2.84349e-16
     0.829211  2.88965e-16
     0.829397  3.04255e-16
     0.829584  3.22884e-16
     0.829770  3.12334e-16
     0.829956  2.87660e-16
     0.830143  2.84514e-16
     0.830329  2.95863e-16
     0.830515  2.94571e-16
     0.830702  2.90031e-16
     0.830888  2.99968e-16
     0.831074  3.04328e-16
     0.831261  2.99828e-16
     0.831447  2.92030e-16
     0.831633  2.97318e-16
     0.831820  2.97307e-16
     0.832006  2.93893e-16
     0.832192  2.92850e-16
     0.832379  3.07304e-16
     0.832565  3.11445e-16
     0.832751  3.13249e-16
     0.832938  3.12199e-16
     0.833124  3.12812e-16
     0.833310  3.15785e-16
     0.833497  3.08112e-16
     0.833683  3.20642e-16
     0.833870  3.21211e-16
     0.834056  3.22790e-16
     0.834242  3.55946e-16
     0.834428  3.79241e-16
     0.834615  3.88272e-16
     0.834801  3.81508e-16
     0.834988  3.81700e-16
     0.835174  3.96596e-16
     0.835360  3.84845e-16
     0.835547  3.71149e-16
     0.835733  3.65310e-16
     0.835919  3.61202e-16
     0.836106  3.72816e-16
     0.836292  3.82925e-16
     0.836478  3.68539e-16
     0.836665  3.64538e-16
     0.836851  3.78275e-16
     0.837037  3.87165e-16
     0.837224  3.85711e-16
     0.837410  3.79529e-16
     0.837596  3.86360e-16
     0.837783  3.85038e-16
     0.837969  3.81523e-16
     0.838155  3.76885e-16
     0.838342  3.76474e-16
     0.838528  3.80700e-16
     0.838715  3.70011e-16
     0.838901  3.69330e-16
     0.839087  3.85447e-16
     0.839274  4.03568e-16
     0.839460  4.19434e-16
     0.839646  4.30024e-16
     0.839833  4.33728e-16
     0.840019  4.19979e-16
     0.840205  4.10586e-16
     0.840392  3.94006e-16
     0.840578  3.98479e-16
     0.840764  4.10728e-16
     0.840951  4.09540e-16
     0.841137  4.24074e-16
     0.841323  4.50187e-16
     0.841510  4.65323e-16
     0.841696  4.64281e-16
     0.841882  4.64908e-16
     0.842069  4.59523e-16
     0.842255  4.58461e-16
     0.842441  4.77427e-16
     0.842628  4.98945e-16
     0.842814  5.04232e-16
     0.843001  5.28693e-16
     0.843187  5.19470e-16
     0.843373  4.90805e-16
     0.843560  4.97126e-16
     0.843746  4.87598e-16
     0.843932  4.82657e-16
     0.844119  4.87338e-16
     0.844305  4.95286e-16
     0.844491  5.11367e-16
     0.844678  5.18884e-16
     0.844864  5.01644e-16
     0.845050  4.97012e-16
     0.845237  4.91628e-16
     0.845423  4.89540e-16
     0.845609  5.01554e-16
     0.845796  4.94729e-16
     0.845982  4.92242e-16
     0.846168  5.06324e-16
     0.846355  5.19593e-16
     0.846541  5.19955e-16
     0.846727  5.31554e-16
     0.846914  5.40390e-16
     0.847100  5.60537e-16
     0.847287  5.40854e-16
     0.847473  5.52739e-16
     0.847659  5.45600e-16
     0.847846  5.41746e-16
     0.848032  5.54167e-16
     0.848218  5.45380e-16
     0.848405  5.39800e-16
     0.848591  5.39865e-16
     0.848777  5.32962e-16
     0.848964  5.34098e-16
     0.849150  5.23866e-16
     0.849336  5.08551e-16
     0.849523  4.91786e-16
     0.849709  4.97252e-16
     0.849895  5.12393e-16
     0.850082  4.95706e-16
     0.850268  4.99430e-16
     0.850454  5.28872e-16
     0.850641  5.52682e-16
     0.850827  5.78701e-16
     0.851013  5.51925e-16
     0.851200  5.26084e-16
     0.851386  4.82039e-16
     0.851573  4.45974e-16
     0.851759  3.97295e-16
     0.851945  3.15298e-16
     0.852132  2.40631e-16
     0.852318  2.42911e-16
     0.852504  3.05594e-16
     0.852691  4.03305e-16
     0.852877  4.96056e-16
     0.853063  5.54879e-16
     0.853250  5.77016e-16
     0.853436  5.87566e-16
     0.853622  5.94212e-16
     0.853809  5.80146e-16
     0.853995  5.77680e-16
     0.854181  5.79690e-16
     0.854368  5.94289e-16
     0.854554  5.85437e-16
     0.854740  5.75217e-16
     0.854927  5.87920e-16
     0.855113  5.97093e-16
     0.855300  6.17138e-16
     0.855486  6.45746e-16
     0.855672  6.51277e-16
     0.855859  6.59662e-16
     0.856045  6.52612e-16
     0.856231  6.52958e-16
     0.856418  6.43854e-16
     0.856604  6.24989e-16
     0.856790  6.23341e-16
     0.856977  6.36825e-16
     0.857163  6.34057e-16
     0.857349  6.37838e-16
     0.857536  6.43109e-16
     0.857722  6.54977e-16
     0.857908  6.56800e-16
     0.858095  6.60671e-16
     0.858281  6.83170e-16
     0.858467  6.94529e-16
     0.858654  6.89275e-16
     0.858840  6.93052e-16
     0.859026  6.87850e-16
     0.859213  6.83670e-16
     0.859399  6.81729e-16
     0.859585  6.81001e-16
     0.859772  6.92608e-16
     0.859958  6.80931e-16
     0.860145  6.72653e-16
     0.860331  6.76117e-16
     0.860517  6.67541e-16
     0.860704  6.96381e-16
     0.860890  7.30931e-16
     0.861076  7.31188e-16
     0.861263  7.16532e-16
     0.861449  6.92840e-16
     0.861635  6.85954e-16
     0.861822  6.97256e-16
     0.862008  7.35119e-16
     0.862194  7.57451e-16
     0.862381  7.29592e-16
     0.862567  7.08791e-16
     0.862753  7.06670e-16
     0.862940  7.09837e-16
     0.863126  7.18038e-16
     0.863312  7.21534e-16
     0.863499  7.45518e-16
     0.863685  7.53316e-16
     0.863871  7.54456e-16
     0.864058  7.58156e-16
     0.864244  7.57899e-16
     0.864430  7.58681e-16
     0.864617  7.60219e-16
     0.864803  7.49006e-16
     0.864990  7.16214e-16
     0.865176  7.29698e-16
     0.865362  7.30199e-16
     0.865549  7.18103e-16
     0.865735  7.15933e-16
     0.865921  7.15905e-16
     0.866108  7.27057e-16
     0.866294  7.64322e-16
     0.866480  8.11485e-16
     0.866667  8.45091e-16
     0.866853  8.41517e-16
     0.867039  7.95783e-16
     0.867226  7.77081e-16
     0.867412  7.86064e-16
     0.867598  7.90683e-16
     0.867785  8.17801e-16
     0.867971  8.07016e-16
     0.868157  8.06165e-16
     0.868344  7.96275e-16
     0.868530  8.33455e-16
     0.868716  8.48424e-16
     0.868903  8.68029e-16
     0.869089  8.73662e-16
     0.869276  8.67423e-16
     0.869462  8.64663e-16
     0.869648  8.63304e-16
     0.869835  8.73068e-16
     0.870021  8.71509e-16
     0.870207  8.78921e-16
     0.870394  8.79381e-16
     0.870580  8.86560e-16
     0.870766  8.77842e-16
     0.870953  8.63833e-16
     0.871139  8.55746e-16
     0.871325  8.43418e-16
     0.871512  8.48371e-16
     0.871698  8.63255e-16
     0.871884  8.69694e-16
     0.872071  8.71977e-16
     0.872257  8.69608e-16
     0.872443  8.81208e-16
     0.872630  8.76462e-16
     0.872816  8.75363e-16
     0.873002  8.91269e-16
     0.873189  8.91635e-16
     0.873375  9.00825e-16
     0.873562  9.11179e-16
     0.873748  9.14334e-16
     0.873934  9.10980e-16
     0.874121  9.21981e-16
     0.874307  9.18627e-16
     0.874493  9.17972e-16
     0.874680  8.99840e-16
     0.874866  9.09018e-16
     0.875052  9.18310e-16
     0.875239  9.24273e-16
     0.875425  9.46633e-16
     0.875611  9.46495e-16
     0.875798  9.58143e-16
     0.875984  9.53406e-16
     0.876170  9.11692e-16
     0.876357  8.93178e-16
     0.876543  9.13308e-16
     0.876729  9.34203e-16
     0.876916  9.50679e-16
     0.877102  9.55705e-16
     0.877288  9.55225e-16
     0.877475  9.89568e-16
     0.877661  1.01291e-15
     0.877847  9.95644e-16
     0.878034  1.00065e-15
     0.878220  1.00242e-15
     0.878407  9.88819e-16
     0.878593  1.00137e-15
     0.878779  9.97052e-16
     0.878966  1.00157e-15
     0.879152  1.01593e-15
     0.879338  1.01247e-15
     0.879525  1.02329e-15
     0.879711  1.01485e-15
     0.879897  1.01548e-15
     0.880084  1.02331e-15
     0.880270  1.02944e-15
     0.880456  1.04437e-15
     0.880643  1.04643e-15
     0.880829  1.06791e-15
     0.881015  1.09595e-15
     0.881202  1.09520e-15
     0.881388  1.11198e-15
     0.881574  1.11188e-15
     0.881761  1.10164e-15
     0.881947  1.09398e-15
     0.882133  1.07708e-15
     0.882320  1.06790e-15
     0.882506  1.08456e-15
     0.882693  1.11840e-15
     0.882879  1.13325e-15
     0.883065  1.10640e-15
     0.883252  1.11917e-15
     0.883438  1.11471e-15
     0.883624  1.10973e-15
     0.883811  1.11499e-15
     0.883997  1.07959e-15
     0.884183  1.09619e-15
     0.884370  1.11644e-15
     0.884556  1.10487e-15
     0.884742  1.09429e-15
     0.884929  1.10629e-15
     0.885115  1.10185e-15
     0.885301  1.11997e-15
     0.885488  1.14519e-15
     0.885674  1.13137e-15
     0.885860  1.12847e-15
     0.886047  1.14743e-15
     0.886233  1.15264e-15
     0.886420  1.15742e-15
     0.886606  1.16009e-15
     0.886792  1.16121e-15
     0.886979  1.15721e-15
     0.887165  1.17713e-15
     0.887351  1.16540e-15
     0.887538  1.17277e-15
     0.887724  1.19639e-15
     0.887910  1.22479e-15
     0.888097  1.23428e-15
     0.888283  1.23557e-15
     0.888469  1.21458e-15
     0.888656  1.21966e-15
     0.888842  1.22240e-15
     0.889028  1.24170e-15
     0.889215  1.23595e-15
     0.889401  1.25133e-15
     0.889587  1.24093e-15
     0.889774  1.26034e-15
     0.889960  1.24223e-15
     0.890146  1.25334e-15
     0.890333  1.30392e-15
     0.890519  1.30100e-15
     0.890705  1.28042e-15
     0.890892  1.28862e-15
     0.891078  1.27980e-15
     0.891265  1.25929e-15
     0.891451  1.27284e-15
     0.891637  1.28150e-15
     0.891824  1.27945e-15
     0.892010  1.25111e-15
     0.892196  1.28360e-15
     0.892383  1.30395e-15
     0.892569  1.27327e-15
     0.892755  1.25402e-15
     0.892942  1.19388e-15
     0.893128  1.17743e-15
     0.893314  1.24022e-15
     0.893501  1.11993e-15
     0.893687  9.94057e-16
     0.893873  9.78379e-16
     0.894060  8.58668e-16
     0.894246  6.79059e-16
     0.894432  5.71355e-16
     0.894619  6.22279e-16
     0.894805  7.91680e-16
     0.894992  9.95949e-16
     0.895178  1.11400e-15
     0.895364  1.18374e-15
     0.895550  1.24053e-15
     0.895737  1.27836e-15
     0.895923  1.31546e-15
     0.896110  1.31075e-15
     0.896296  1.28699e-15
     0.896482  1.29463e-15
     0.896669  1.30090e-15
     0.896855  1.31152e-15
     0.897041  1.31866e-15
     0.897228  1.32267e-15
     0.897414  1.32630e-15
     0.897600  1.35789e-15
     0.897787  1.39760e-15
     0.897973  1.38955e-15
     0.898159  1.39222e-15
     0.898346  1.41033e-15
     0.898532  1.39901e-15
     0.898718  1.35794e-15
     0.898905  1.34638e-15
     0.899091  1.33427e-15
     0.899277  1.36886e-15
     0.899464  1.43021e-15
     0.899650  1.46226e-15
     0.899837  1.45841e-15
     0.900023  1.44795e-15
     0.900209  1.41356e-15
     0.900396  1.44332e-15
     0.900582  1.48784e-15
     0.900768  1.46742e-15
     0.900955  1.47334e-15
     0.901141  1.48829e-15
     0.901327  1.50544e-15
     0.901514  1.49457e-15
     0.901700  1.49748e-15
     0.901886  1.49155e-15
     0.902073  1.50964e-15
     0.902259  1.54225e-15
     0.902445  1.49620e-15
     0.902632  1.50946e-15
     0.902818  1.51312e-15
     0.903004  1.54450e-15
     0.903191  1.60685e-15
     0.903377  1.66325e-15
     0.903563  1.67938e-15
     0.903750  1.69441e-15
     0.903936  1.69566e-15
     0.904122  1.67566e-15
     0.904309  1.66417e-15
     0.904495  1.68347e-15
     0.904682  1.67641e-15
     0.904868  1.66687e-15
     0.905054  1.69315e-15
     0.905241  1.68848e-15
     0.905427  1.66342e-15
     0.905613  1.66278e-15
     0.905800  1.66671e-15
     0.905986  1.48955e-15
     0.906172  1.49045e-15
     0.906359  1.63310e-15
     0.906545  1.66765e-15
     0.906731  1.68396e-15
     0.906918  1.68920e-15
     0.907104  1.65494e-15
     0.907290  1.64660e-15
     0.907477  1.66836e-15
     0.907663  1.67408e-15
     0.907849  1.69891e-15
     0.908036  1.69677e-15
     0.908222  1.68948e-15
     0.908409  1.72894e-15
     0.908595  1.71302e-15
     0.908781  1.70404e-15
     0.908967  1.72867e-15
     0.909154  1.73636e-15
     0.909340  1.75386e-15
     0.909527  1.77364e-15
     0.909713  1.76715e-15
     0.909899  1.76628e-15
     0.910086  1.76860e-15
     0.910272  1.76148e-15
     0.910458  1.75697e-15
     0.910645  1.73418e-15
     0.910831  1.72109e-15
     0.911017  1.77666e-15
     0.911204  1.84653e-15
     0.911390  1.87348e-15
     0.911576  1.88091e-15
     0.911763  1.81820e-15
     0.911949  1.81368e-15
     0.912135  1.86342e-15
     0.912322  1.87439e-15
     0.912508  1.88098e-15
     0.912694  1.85955e-15
     0.912881  1.82089e-15
     0.913067  1.77933e-15
     0.913253  1.79698e-15
     0.913440  1.81313e-15
     0.913626  1.78144e-15
     0.913813  1.79776e-15
     0.913999  1.82256e-15
     0.914185  1.88461e-15
     0.914372  1.92449e-15
     0.914558  1.93354e-15
     0.914744  1.91327e-15
     0.914931  1.89753e-15
     0.915117  1.85897e-15
     0.915303  1.81300e-15
     0.915490  1.79559e-15
     0.915676  1.80533e-15
     0.915862  1.86030e-15
     0.916049  1.90587e-15
     0.916235  1.92359e-15
     0.916421  1.99027e-15
     0.916608  2.01405e-15
     0.916794  1.96531e-15
     0.916980  1.94200e-15
     0.917167  1.92772e-15
     0.917353  1.88960e-15
     0.917539  1.85274e-15
     0.917726  1.88445e-15
     0.917912  1.95049e-15
     0.918099  1.99818e-15
     0.918285  2.01522e-15
     0.918471  1.98163e-15
     0.918658  2.01010e-15
     0.918844  2.01469e-15
     0.919030  2.02205e-15
     0.919217  2.06372e-15
     0.919403  2.02391e-15
     0.919589  1.97743e-15
     0.919776  2.02885e-15
     0.919962  2.08576e-15
     0.920148  2.15485e-15
     0.920335  2.20323e-15
     0.920521  2.19964e-15
     0.920707  2.19545e-15
     0.920894  2.15445e-15
     0.921080  2.17446e-15
     0.921266  2.19120e-15
     0.921453  2.17147e-15
     0.921639  2.14040e-15
     0.921825  2.15863e-15
     0.922012  2.18846e-15
     0.922198  2.18373e-15
     0.922385  2.19091e-15
     0.922571  2.18138e-15
     0.922757  2.18313e-15
     0.922944  2.18010e-15
     0.923130  2.18663e-15
     0.923316  2.15118e-15
     0.923503  2.18757e-15
     0.923689  2.18450e-15
     0.923875  2.15133e-15
     0.924062  2.15414e-15
     0.924248  2.15817e-15
     0.924434  2.19244e-15
     0.924621  2.19821e-15
     0.924807  2.16646e-15
     0.924993  2.14275e-15
     0.925180  2.15316e-15
     0.925366  2.20759e-15
     0.925552  2.26955e-15
     0.925739  2.27893e-15
     0.925925  2.23377e-15
     0.926112  2.17901e-15
     0.926298  2.14965e-15
     0.926484  2.11015e-15
     0.926670  2.05182e-15
     0.926857  2.01917e-15
     0.927043  1.95284e-15
     0.927230  1.82955e-15
     0.927416  1.66403e-15
     0.927602  1.47715e-15
     0.927789  1.31776e-15
     0.927975  1.21071e-15
     0.928161  1.20417e-15
     0.928348  1.24427e-15
     0.928534  1.28950e-15
     0.928720  1.33628e-15
     0.928907  1.38117e-15
     0.929093  1.43114e-15
     0.929279  1.44498e-15
     0.929466  1.47052e-15
     0.929652  1.50283e-15
     0.929838  1.48257e-15
     0.930025  1.46755e-15
     0.930211  1.45606e-15
     0.930397  1.51827e-15
     0.930584  1.56562e-15
     0.930770  1.49181e-15
     0.930957  1.48820e-15
     0.931143  1.61159e-15
     0.931329  1.71069e-15
     0.931516  1.59426e-15
     0.931702  1.45012e-15
     0.931888  1.37704e-15
     0.932075  1.43629e-15
     0.932261  1.39104e-15
     0.932447  1.39325e-15
     0.932634  1.46805e-15
     0.932820  1.59597e-15
     0.933006  1.72625e-15
     0.933193  1.69964e-15
     0.933379  1.54148e-15
     0.933565  1.43862e-15
     0.933752  1.44162e-15
     0.933938  1.48826e-15
     0.934124  1.43242e-15
     0.934311  1.37724e-15
     0.934497  1.32715e-15
     0.934684  1.48126e-15
     0.934870  1.74594e-15
     0.935056  1.85688e-15
     0.935242  1.78535e-15
     0.935429  1.67986e-15
     0.935615  1.56372e-15
     0.935802  1.54308e-15
     0.935988  1.63913e-15
     0.936174  1.77891e-15
     0.936361  1.87812e-15
     0.936547  1.86408e-15
     0.936733  1.77696e-15
     0.936920  1.67887e-15
     0.937106  1.66625e-15
     0.937292  1.71028e-15
     0.937479  1.81389e-15
     0.937665  1.88465e-15
     0.937851  1.81548e-15
     0.938038  1.76368e-15
     0.938224  1.82467e-15
     0.938410  1.89468e-15
     0.938597  1.97065e-15
     0.938783  2.01247e-15
     0.938969  2.13104e-15
     0.939156  2.26957e-15
     0.939342  2.39759e-15
     0.939529  2.48008e-15
     0.939715  2.49164e-15
     0.939901  2.47725e-15
     0.940087  2.49873e-15
     0.940274  2.47963e-15
     0.940460  2.48634e-15
     0.940647  2.52336e-15
     0.940833  2.46132e-15
     0.941019  2.37060e-15
     0.941206  2.34114e-15
     0.941392  2.33381e-15
     0.941578  2.29018e-15
     0.941765  2.27947e-15
     0.941951  2.26034e-15
     0.942137  2.28454e-15
     0.942324  2.32476e-15
     0.942510  2.24106e-15
     0.942696  2.08136e-15
     0.942883  1.95279e-15
     0.943069  2.04590e-15
     0.943255  2.33577e-15
     0.943442  2.57684e-15
     0.943628  2.61734e-15
     0.943814  2.38487e-15
     0.944001  1.98699e-15
     0.944187  1.74688e-15
     0.944374  1.75422e-15
     0.944560  1.92445e-15
     0.944746  2.24411e-15
     0.944933  2.44550e-15
     0.945119  2.48250e-15
     0.945305  2.42694e-15
     0.945492  2.19062e-15
     0.945678  2.03954e-15
     0.945864  1.98646e-15
     0.946051  1.93894e-15
     0.946237  2.06353e-15
     0.946423  2.25603e-15
     0.946610  2.36459e-15
     0.946796  2.34309e-15
     0.946982  2.37375e-15
     0.947169  2.41876e-15
     0.947355  2.34560e-15
     0.947541  2.21201e-15
     0.947728  2.13251e-15
     0.947914  2.06366e-15
     0.948101  2.04063e-15
     0.948287  2.12738e-15
     0.948473  2.30303e-15
     0.948659  2.50533e-15
     0.948846  2.63705e-15
     0.949032  2.70834e-15
     0.949219  2.61850e-15
     0.949405  2.37278e-15
     0.949591  2.19350e-15
     0.949778  2.13212e-15
     0.949964  2.04599e-15
     0.950150  2.03275e-15
     0.950337  2.12381e-15
     0.950523  2.35202e-15
     0.950709  2.55154e-15
     0.950896  2.67060e-15
     0.951082  2.77605e-15
     0.951268  2.78889e-15
     0.951455  2.65295e-15
     0.951641  2.46074e-15
     0.951827  2.29892e-15
     0.952014  2.26327e-15
     0.952200  2.30500e-15
     0.952386  2.35406e-15
     0.952573  2.51445e-15
     0.952759  2.70968e-15
     0.952946  2.75520e-15
     0.953132  2.77371e-15
     0.953318  2.84611e-15
     0.953505  2.81764e-15
     0.953691  2.79073e-15
     0.953877  2.82362e-15
     0.954064  2.80896e-15
     0.954250  2.67875e-15
     0.954436  2.56126e-15
     0.954623  2.57496e-15
     0.954809  2.70891e-15
     0.954995  2.71170e-15
     0.955182  2.59370e-15
     0.955368  2.45622e-15
     0.955554  2.37386e-15
     0.955741  2.45034e-15
     0.955927  2.61528e-15
     0.956113  2.72492e-15
     0.956300  2.67626e-15
     0.956486  2.48814e-15
     0.956672  2.48720e-15
     0.956859  2.55626e-15
     0.957045  2.74611e-15
     0.957232  2.97751e-15
     0.957418  3.12951e-15
     0.957604  3.15882e-15
     0.957791  3.00006e-15
     0.957977  2.83408e-15
     0.958163  2.65878e-15
     0.958350  2.68501e-15
     0.958536  2.81801e-15
     0.958722  2.73460e-15
     0.958909  2.56684e-15
     0.959095  2.48269e-15
     0.959281  2.52896e-15
     0.959468  2.61517e-15
     0.959654  2.70088e-15
     0.959840  2.87777e-15
     0.960027  3.02847e-15
     0.960213  2.99729e-15
     0.960399  2.89918e-15
     0.960586  2.76719e-15
     0.960772  2.67111e-15
     0.960958  2.65453e-15
     0.961145  2.65491e-15
     0.961331  2.63796e-15
     0.961517  2.51274e-15
     0.961704  2.41419e-15
     0.961890  2.46652e-15
     0.962077  2.61433e-15
     0.962263  2.70290e-15
     0.962449  2.73837e-15
     0.962636  2.81930e-15
     0.962822  2.90431e-15
     0.963008  3.00297e-15
     0.963195  3.10491e-15
     0.963381  3.06421e-15
     0.963567  2.83082e-15
     0.963754  2.60388e-15
     0.963940  2.51776e-15
     0.964126  2.55271e-15
     0.964313  2.69736e-15
     0.964499  2.91904e-15
     0.964685  3.07104e-15
     0.964872  3.12938e-15
     0.965058  3.15887e-15
     0.965244  3.11393e-15
     0.965431  3.10427e-15
     0.965617  3.17784e-15
     0.965804  3.29086e-15
     0.965990  3.39536e-15
     0.966176  3.35869e-15
     0.966362  3.19219e-15
     0.966549  3.03361e-15
     0.966735  2.92673e-15
     0.966922  3.05068e-15
     0.967108  3.28397e-15
     0.967294  3.54787e-15
     0.967481  3.84534e-15
     0.967667  3.98334e-15
     0.967853  3.90630e-15
     0.968040  3.70068e-15
     0.968226  3.62740e-15
     0.968412  3.69492e-15
     0.968599  3.79220e-15
     0.968785  3.80591e-15
     0.968971  3.67192e-15
     0.969158  3.54811e-15
     0.969344  3.41817e-15
     0.969530  3.37541e-15
     0.969717  3.52571e-15
     0.969903  3.66888e-15
     0.970089  3.85167e-15
     0.970276  3.95883e-15
     0.970462  4.02883e-15
     0.970649  4.02048e-15
     0.970835  3.88988e-15
     0.971021  3.72359e-15
     0.971207  3.57891e-15
     0.971394  3.42081e-15
     0.971580  3.44161e-15
     0.971767  3.56769e-15
     0.971953  3.53819e-15
     0.972139  3.44006e-15
     0.972326  3.25961e-15
     0.972512  3.21221e-15
     0.972698  3.37134e-15
     0.972885  3.51904e-15
     0.973071  3.67987e-15
     0.973257  3.84387e-15
     0.973444  3.89439e-15
     0.973630  3.75886e-15
     0.973816  3.75667e-15
     0.974003  3.79556e-15
     0.974189  3.84166e-15
     0.974375  3.86451e-15
     0.974562  3.80431e-15
     0.974748  3.77803e-15
     0.974934  3.66365e-15
     0.975121  3.56259e-15
     0.975307  3.42690e-15
     0.975494  3.46819e-15
     0.975680  3.57263e-15
     0.975866  3.68453e-15
     0.976053  3.79302e-15
     0.976239  3.81044e-15
     0.976425  3.88749e-15
     0.976612  4.02485e-15
     0.976798  4.20838e-15
     0.976984  4.34155e-15
     0.977171  4.47818e-15
     0.977357  4.33264e-15
     0.977543  4.22466e-15
     0.977730  4.27969e-15
     0.977916  4.24481e-15
     0.978102  4.11709e-15
     0.978289  4.10610e-15
     0.978475  4.23227e-15
     0.978661  4.47102e-15
     0.978848  4.55982e-15
     0.979034  4.59300e-15
     0.979221  4.65693e-15
     0.979407  4.64542e-15
     0.979593  4.75404e-15
     0.979779  4.74534e-15
     0.979966  4.72958e-15
     0.980152  4.61347e-15
     0.980339  4.42718e-15
     0.980525  4.35543e-15
     0.980711  4.33467e-15
     0.980898  4.31233e-15
     0.981084  4.31416e-15
     0.981270  4.18095e-15
     0.981457  3.97674e-15
     0.981643  3.94564e-15
     0.981829  4.10118e-15
     0.982016  4.19320e-15
     0.982202  4.18286e-15
     0.982388  4.18323e-15
     0.982575  4.23524e-15
     0.982761  4.27322e-15
     0.982947  4.29182e-15
     0.983134  4.21860e-15
     0.983320  4.18343e-15
     0.983506  4.15563e-15
     0.983693  4.18005e-15
     0.983879  4.28042e-15
     0.984066  4.30496e-15
     0.984252  4.22661e-15
     0.984438  4.17338e-15
     0.984625  4.16772e-15
     0.984811  4.17041e-15
     0.984997  4.14916e-15
     0.985184  4.26129e-15
     0.985370  4.42906e-15
     0.985556  4.45217e-15
     0.985743  4.48404e-15
     0.985929  4.53504e-15
     0.986115  4.63459e-15
     0.986302  4.76043e-15
     0.986488  4.83426e-15
     0.986674  4.92063e-15
     0.986861  4.91424e-15
     0.987047  4.89621e-15
     0.987233  4.93960e-15
     0.987420  5.06788e-15
     0.987606  5.08400e-15
     0.987792  5.02323e-15
     0.987979  5.05238e-15
     0.988165  5.09617e-15
     0.988351  5.14997e-15
     0.988538  5.20378e-15
     0.988724  5.23288e-15
     0.988911  5.18831e-15
     0.989097  5.04086e-15
     0.989283  4.81005e-15
     0.989470  4.51835e-15
     0.989656  4.27785e-15
     0.989842  4.16389e-15
     0.990029  4.06674e-15
     0.990215  3.90554e-15
     0.990401  3.76036e-15
     0.990588  3.70407e-15
     0.990774  3.57818e-15
     0.990960  3.48320e-15
     0.991147  3.46338e-15
     0.991333  3.35775e-15
     0.991519  3.27219e-15
     0.991706  3.37479e-15
     0.991892  3.50396e-15
     0.992078  3.51661e-15
     0.992265  3.52203e-15
     0.992451  3.58661e-15
     0.992638  3.65028e-15
     0.992824  3.62734e-15
     0.993010  3.58545e-15
     0.993197  3.63619e-15
     0.993383  3.61562e-15
     0.993569  3.65439e-15
     0.993756  3.82613e-15
     0.993942  3.94905e-15
     0.994128  4.16426e-15
     0.994315  4.17330e-15
     0.994501  3.97101e-15
     0.994687  4.04463e-15
     0.994874  4.16589e-15
     0.995060  4.14265e-15
     0.995246  4.06953e-15
     0.995433  3.94005e-15
     0.995619  3.98020e-15
     0.995805  4.20504e-15
     0.995992  4.16288e-15
     0.996178  4.30512e-15
     0.996364  4.43748e-15
     0.996551  4.57444e-15
     0.996737  4.40317e-15
     0.996924  4.22946e-15
     0.997110  4.12429e-15
     0.997296  4.17521e-15
     0.997483  4.34082e-15
     0.997669  4.44643e-15
     0.997855  4.45995e-15
     0.998042  4.44770e-15
     0.998228  4.40171e-15
     0.998414  4.26654e-15
     0.998601  4.32173e-15
     0.998787  4.44363e-15
     0.998973  4.49466e-15
     0.999160  4.48709e-15
     0.999346  4.60696e-15
     0.999532  4.63422e-15
     0.999719  4.67623e-15
     0.999905  4.83072e-15
      1.00317  5.06609e-15
      1.00703  5.15482e-15
      1.01092  5.55620e-15
      1.01481  5.74696e-15
      1.01872  6.17899e-15
      1.02264  6.42828e-15
      1.02657  6.66674e-15
      1.03052  7.13202e-15
      1.03447  7.74749e-15
      1.03844  8.02449e-15
      1.04242  8.40732e-15
      1.04642  8.57040e-15
      1.05042  8.88363e-15
      1.05444  9.16523e-15
      1.05846  9.30406e-15
      1.06250  9.47008e-15
      1.06655  9.71928e-15
      1.07061  1.00211e-14
      1.07467  1.03154e-14
      1.07875  1.03214e-14
      1.08284  1.06876e-14
      1.08694  1.05493e-14
      1.09105  9.84146e-15
      1.09516  8.64777e-15
      1.09929  7.95677e-15
      1.10342  6.89881e-15
      1.10756  6.27281e-15
      1.11171  5.61859e-15
      1.11587  5.08180e-15
      1.12004  5.48477e-15
      1.12421  5.67944e-15
      1.12839  5.33703e-15
      1.13258  4.95466e-15
      1.13677  4.63398e-15
      1.14098  4.74061e-15
      1.14518  5.10520e-15
      1.14940  4.95962e-15
      1.15362  5.19275e-15
      1.15785  5.19320e-15
      1.16208  4.62828e-15
      1.16632  4.27773e-15
      1.17056  4.43475e-15
      1.17481  4.88262e-15
      1.17907  5.31526e-15
      1.18333  6.31965e-15
      1.18759  7.00414e-15
      1.19186  7.41994e-15
      1.19613  7.91774e-15
      1.20041  8.53235e-15
      1.20469  9.31867e-15
      1.20897  9.81147e-15
      1.21326  1.01246e-14
      1.21755  1.06375e-14
      1.22184  1.13809e-14
      1.22614  1.18647e-14
      1.23043  1.19859e-14
      1.23474  1.19279e-14
      1.23904  1.18915e-14
      1.24335  1.18991e-14
      1.24765  1.20177e-14
      1.25196  1.27776e-14
      1.25627  1.32320e-14
      1.26059  1.42143e-14
      1.26490  1.44713e-14
      1.26921  1.46600e-14
      1.27353  1.45681e-14
      1.27785  1.43540e-14
      1.28216  1.42684e-14
      1.28648  1.42441e-14
      1.29080  1.39265e-14
      1.29512  1.33098e-14
      1.29944  1.31308e-14
      1.30375  1.30754e-14
      1.30807  1.24626e-14
      1.31239  1.17896e-14
      1.31671  1.13997e-14
      1.32102  1.01926e-14
      1.32534  8.38701e-15
      1.32965  5.67883e-15
      1.33396  3.49794e-15
      1.33827  1.85473e-15
      1.34258  1.28865e-15
      1.34689  8.51582e-16
      1.35120  7.63817e-16
      1.35550  9.24439e-16
      1.35980  6.09690e-16
      1.36410  1.09757e-15
      1.36840  1.08413e-15
      1.37269  1.10798e-15
      1.37699  1.17359e-15
      1.38128  1.16030e-15
      1.38556  1.26681e-15
      1.38985  1.09522e-15
      1.39413  8.88709e-16
      1.39841  9.86837e-16
      1.40268  9.70524e-16
      1.40695  1.13851e-15
      1.41122  7.22677e-16
      1.41549  8.07398e-16
      1.41975  8.28766e-16
      1.42400  7.90386e-16
      1.42826  8.06902e-16
      1.43251  1.06042e-15
      1.43675  1.01195e-15
      1.44099  1.03494e-15
      1.44523  1.27570e-15
      1.44946  1.42722e-15
      1.45369  1.65295e-15
      1.45791  1.42273e-15
      1.46213  1.94678e-15
      1.46634  1.74228e-15
      1.47055  1.80624e-15
      1.47476  1.89741e-15
      1.47896  2.20659e-15
      1.48315  2.38621e-15
      1.48734  2.26780e-15
      1.49152  2.51386e-15
      1.49570  3.02524e-15
      1.49988  3.01691e-15
      1.50404  2.91246e-15
      1.50821  3.42655e-15
      1.51237  3.44437e-15
      1.51652  3.73206e-15
      1.52066  3.90068e-15
      1.52480  4.27785e-15
      1.52894  4.63715e-15
      1.53307  4.77305e-15
      1.53719  5.24973e-15
      1.54131  5.48188e-15
      1.54542  5.98412e-15
      1.54953  6.20309e-15
      1.55363  6.77712e-15
      1.55772  6.47903e-15
      1.56181  6.81204e-15
      1.56589  7.06800e-15
      1.56997  7.32865e-15
      1.57404  7.53927e-15
      1.57810  7.83434e-15
      1.58216  7.74452e-15
      1.58621  7.41233e-15
      1.59025  7.87606e-15
      1.59429  7.60467e-15
      1.59832  7.25889e-15
      1.60235  6.46992e-15
      1.60636  5.81233e-15
      1.61038  5.20016e-15
      1.61438  4.55535e-15
      1.61838  4.39918e-15
      1.62238  3.68637e-15
      1.62636  3.43031e-15
      1.63034  3.62893e-15
      1.63432  3.54328e-15
      1.63828  3.31909e-15
      1.64225  3.53181e-15
      1.64620  3.96092e-15
      1.65015  3.90111e-15
      1.65409  4.10004e-15
      1.65802  3.98943e-15
      1.66195  3.74510e-15
      1.66587  3.31573e-15
      1.66979  2.66541e-15
      1.67369  2.70808e-15
      1.67760  2.75206e-15
      1.68149  3.29191e-15
      1.68538  3.47807e-15
      1.68926  3.39048e-15
      1.69314  3.37448e-15
      1.69701  3.21477e-15
      1.70087  3.04039e-15
      1.70472  3.13092e-15
      1.70857  2.67183e-15
      1.71242  2.93148e-15
      1.71625  2.97233e-15
      1.72008  3.23978e-15
      1.72391  2.92808e-15
      1.72772  2.96525e-15
      1.73153  2.71581e-15
      1.73534  2.61003e-15
      1.73913  2.31233e-15
      1.74293  2.20562e-15
      1.74671  2.16471e-15
      1.75049  2.15682e-15
      1.75426  2.02348e-15
      1.75803  2.11657e-15
      1.76179  2.07459e-15
      1.76554  1.77697e-15
      1.76929  1.56854e-15
      1.77303  1.31660e-15
      1.77676  1.27919e-15
      1.78049  1.37102e-15
      1.78421  1.38086e-15
      1.78793  1.05731e-15
      1.79164  1.25719e-15
      1.79534  5.32820e-16
      1.79904  1.16298e-15
      1.80273  9.13813e-16
      1.80641  7.22580e-16
      1.81009  1.04505e-15
      1.81377  1.29290e-15
      1.81744  1.36644e-15
      1.82110  1.36804e-15
      1.82475  1.47894e-15
      1.82840  1.38001e-15
      1.83205  1.41449e-15
      1.83568  1.25722e-15
      1.83932  1.09241e-15
      1.84294  1.03682e-15
      1.84657  1.09322e-15
      1.85018  7.64468e-16
      1.85379  6.45148e-16
      1.85739  7.95982e-16
      1.86099  7.97175e-16
      1.86459  9.09612e-16
      1.86817  9.51973e-16
      1.87175  1.43398e-15
      1.87533  1.17947e-15
      1.87890  1.23054e-15
      1.88247  1.37484e-15
      1.88603  1.31986e-15
      1.88958  1.40059e-15
      1.89313  1.59319e-15
      1.89667  1.57170e-15
      1.90021  1.72143e-15
      1.90374  1.67819e-15
      1.90727  1.61811e-15
      1.91080  1.91444e-15
      1.91431  2.04249e-15
      1.91782  1.96384e-15
      1.92133  1.69052e-15
      1.92483  1.40060e-15
      1.92833  1.36555e-15
      1.93182  1.19624e-15
      1.93531  1.12461e-15
      1.93879  1.01693e-15
      1.94227  1.12409e-15
      1.94574  1.17555e-15
      1.94921  1.19057e-15
      1.95267  1.11117e-15
      1.95613  1.06441e-15
      1.95958  9.97260e-16
      1.96302  1.16621e-15
      1.96647  1.00226e-15
      1.96990  1.27082e-15
      1.97334  1.09667e-15
      1.97676  1.15957e-15
      1.98019  1.28581e-15
      1.98361  1.36555e-15
      1.98702  1.32791e-15
      1.99043  1.28865e-15
      1.99383  1.47390e-15
      1.99723  1.42734e-15
      2.00063  1.36671e-15
      2.00402  1.36096e-15
      2.00740  1.60435e-15
      2.01078  1.69010e-15
      2.01416  1.63148e-15
      2.01753  1.78064e-15
      2.02090  1.83466e-15
      2.02426  1.75739e-15
      2.02762  1.94559e-15
      2.03097  1.95109e-15
      2.03432  2.14415e-15
      2.03766  2.15942e-15
      2.04100  2.19779e-15
      2.04434  2.33788e-15
      2.04767  2.44378e-15
      2.05100  2.40950e-15
      2.05432  2.54156e-15
      2.05763  2.46367e-15
      2.06095  2.38023e-15
      2.06425  2.67913e-15
      2.06756  2.67382e-15
      2.07086  2.80272e-15
      2.07415  2.61001e-15
      2.07744  2.60024e-15
      2.08072  2.61980e-15
      2.08401  2.75827e-15
      2.08728  2.72124e-15
      2.09055  2.60255e-15
      2.09382  2.63175e-15
      2.09708  2.58921e-15
      2.10034  2.64587e-15
      2.10360  2.74672e-15
      2.10684  2.53971e-15
      2.11009  2.55426e-15
      2.11333  2.63079e-15
      2.11656  2.60727e-15
      2.11979  2.55110e-15
      2.12302  2.48820e-15
      2.12624  2.51912e-15
      2.12946  2.37112e-15
      2.13267  2.43352e-15
      2.13588  2.42731e-15
      2.13908  2.29944e-15
      2.14228  2.29441e-15
      2.14548  2.16988e-15
      2.14866  2.39491e-15
      2.15185  2.07973e-15
      2.15503  2.03073e-15
      2.15820  2.00592e-15
      2.16137  1.93506e-15
      2.16454  1.81606e-15
      2.16770  1.81900e-15
      2.17086  1.65214e-15
      2.17401  1.70710e-15
      2.17715  1.54288e-15
      2.18030  1.52482e-15
      2.18343  1.48114e-15
      2.18657  1.44491e-15
      2.18969  1.12612e-15
      2.19282  1.15984e-15
      2.19593  1.07743e-15
      2.19905  8.70618e-16
      2.20215  6.82498e-16
      2.20526  6.76870e-16
      2.20835  6.24517e-16
      2.21145  6.27272e-16
      2.21453  7.10492e-16
      2.21762  6.89735e-16
      2.22070  8.10475e-16
      2.22377  7.44619e-16
      2.22684  7.01859e-16
      2.22990  7.45827e-16
      2.23296  6.24717e-16
      2.23601  6.33605e-16
      2.23906  6.11469e-16
      2.24210  4.97065e-16
      2.24514  5.04151e-16
      2.24817  5.79808e-16
      2.25120  4.23337e-16
      2.25422  5.43601e-16
      2.25724  5.13549e-16
      2.26025  5.16756e-16
      2.26325  5.11807e-16
      2.26625  4.57061e-16
      2.26925  4.28779e-16
      2.27224  4.04599e-16
      2.27523  4.40301e-16
      2.27821  3.86018e-16
      2.28118  4.36141e-16
      2.28415  4.09092e-16
      2.28712  5.23610e-16
      2.29008  2.98459e-16
      2.29303  3.78006e-16
      2.29598  3.79860e-16
      2.29893  3.05776e-16
      2.30187  3.76444e-16
      2.30480  3.73526e-16
      2.30773  4.19023e-16
      2.31065  5.36499e-16
      2.31357  4.73272e-16
      2.31648  3.79342e-16
      2.31939  3.23607e-16
      2.32229  2.78714e-16
      2.32519  2.41796e-16
      2.32809  3.30014e-16
      2.33097  3.28118e-16
      2.33386  2.32128e-16
      2.33674  2.43794e-16
      2.33961  1.97051e-16
      2.34248  2.94603e-16
      2.34534  3.74528e-16
      2.34820  2.41312e-16
      2.35105  1.80793e-16
      2.35390  2.57704e-16
      2.35675  4.27159e-16
      2.35959  2.91726e-16
      2.36242  3.54403e-16
      2.36525  3.99103e-16
      2.36808  3.58902e-16
      2.37090  3.45372e-16
      2.37372  2.03244e-16
      2.37654  3.11849e-16
      2.37935  2.00007e-16
      2.38215  2.48823e-16
      2.38495  2.63479e-16
      2.38775  2.40180e-16
      2.39055  3.55620e-16
      2.39334  4.50439e-16
      2.39612  3.84819e-16
      2.39891  4.12922e-16
      2.40169  4.17517e-16
      2.40446  4.07134e-16
      2.40724  4.20960e-16
      2.41001  4.56898e-16
      2.41278  4.87037e-16
      2.41554  6.35742e-16
      2.41830  4.15930e-16
      2.42106  3.99289e-16
      2.42382  4.53247e-16
      2.42658  4.85470e-16
      2.42933  4.68343e-16
      2.43208  5.03199e-16
      2.43483  3.93548e-16
      2.43758  4.71298e-16
      2.44033  3.89144e-16
      2.44307  5.54057e-16
      2.44582  5.56092e-16
      2.44856  5.23024e-16
      2.45131  2.92992e-16
      2.45405  4.84615e-16
      2.45679  4.27704e-16
      2.45954  4.26137e-16
      2.46228  4.93170e-16
      2.46503  3.05366e-16
      2.46777  4.30549e-16
      2.47052  1.85666e-16
      2.47327  7.10211e-16
      2.47602  5.60223e-16
      2.47877  5.18042e-16
      2.48152  7.23276e-16
      2.48428  7.50549e-16
      2.48704  5.84879e-16
      2.48980  2.99685e-16
      2.49257  5.08461e-16
      2.49534  4.16475e-16
      2.49811  4.57187e-16
      2.50089  2.73315e-16
      2.50368  5.54843e-16
      2.50646  4.24591e-16
      2.50926  6.16471e-16
      2.51206  5.04318e-16
      2.51487  8.84659e-16
      2.51768  9.57170e-16
      2.52050  8.89169e-16
      2.52333  9.00532e-16
      2.52616  7.29377e-16
      2.52901  1.02622e-15
      2.53186  1.26060e-15
      2.53473 -1.28656e-16
      2.53760  2.91640e-16
      2.54048  1.13792e-16
      2.54338  6.45620e-16
      2.54628  2.71703e-17
      2.54920 -6.57810e-16
      2.55213 -1.85732e-15
      2.55508 -7.62913e-16
      2.55803  3.05702e-16
      2.56101  1.48145e-15
      2.56399  1.71079e-15
