lam       lh1=14     lh1=16     lh1=17   lh1=17.25 lh1=17.5   lh1=17.75    lh1=18    lh1=18.25 lh1=18.5
  91      0.000      0.000      0.000      0.000      0.000      0.000      0.000      0.000      0.000
  94      0.000      0.000      0.000      0.000      0.000      0.000      0.000      0.000      0.000
  96      0.000      0.000      0.000      0.000      0.000      0.000      0.000      0.000      0.000
  98      0.000      0.000      0.000      0.000      0.000      0.000      0.000      0.000      0.000
 100      0.000      0.000      0.000      0.000      0.000      0.000      0.000      0.000      0.000
 102      0.000      0.000      0.000      0.000      0.000      0.000      0.000      0.000      0.000
 104      0.000      0.000      0.000      0.000      0.000      0.000      0.000      0.000      0.000
 106      0.000      0.000      0.000      0.000      0.000      0.000      0.000      0.000      0.000
 108      0.000      0.000      0.000      0.000      0.000      0.000      0.000      0.000      0.000
 110      0.000      0.000      0.000      0.000      0.000      0.000      0.000      0.000      0.000
 114  2.076e+35  2.075e+35  2.069e+35  2.063e+35  2.054e+35  2.037e+35  2.007e+35  1.955e+35  1.866e+35
 118  1.693e+37  1.692e+37  1.686e+37  1.681e+37  1.673e+37  1.657e+37  1.630e+37  1.584e+37  1.504e+37
 121  1.307e+38  1.307e+38  1.302e+38  1.298e+38  1.291e+38  1.278e+38  1.256e+38  1.217e+38  1.151e+38
 125  1.168e+38  1.168e+38  1.163e+38  1.159e+38  1.152e+38  1.140e+38  1.118e+38  1.080e+38  1.016e+38
 127  7.573e+37  7.569e+37  7.538e+37  7.510e+37  7.462e+37  7.378e+37  7.229e+37  6.973e+37  6.540e+37
 128  1.688e+37  1.688e+37  1.680e+37  1.674e+37  1.663e+37  1.644e+37  1.610e+37  1.552e+37  1.453e+37
 131  1.501e+36  1.501e+36  1.494e+36  1.488e+36  1.477e+36  1.459e+36  1.427e+36  1.372e+36  1.279e+36
 132  8.387e+36  8.383e+36  8.344e+36  8.310e+36  8.250e+36  8.145e+36  7.962e+36  7.647e+36  7.117e+36
 134  5.519e+36  5.516e+36  5.489e+36  5.466e+36  5.425e+36  5.353e+36  5.227e+36  5.011e+36  4.649e+36
 137  9.626e+35  9.620e+35  9.570e+35  9.527e+35  9.451e+35  9.317e+35  9.084e+35  8.683e+35  8.015e+35
 140  1.332e+38  1.331e+38  1.324e+38  1.318e+38  1.306e+38  1.287e+38  1.252e+38  1.194e+38  1.096e+38
 143  1.317e+38  1.317e+38  1.309e+38  1.302e+38  1.290e+38  1.270e+38  1.234e+38  1.172e+38  1.071e+38
 147  8.147e+37  8.142e+37  8.090e+37  8.045e+37  7.966e+37  7.828e+37  7.588e+37  7.179e+37  6.507e+37
 151  6.865e+37  6.860e+37  6.813e+37  6.772e+37  6.700e+37  6.575e+37  6.357e+37  5.988e+37  5.384e+37
 155  9.480e+37  9.472e+37  9.402e+37  9.341e+37  9.235e+37  9.048e+37  8.725e+37  8.180e+37  7.293e+37
 159  2.133e+38  2.131e+38  2.114e+38  2.099e+38  2.074e+38  2.029e+38  1.951e+38  1.820e+38  1.608e+38
 162  3.377e+37  3.374e+37  3.346e+37  3.321e+37  3.278e+37  3.203e+37  3.074e+37  2.856e+37  2.507e+37
 166  1.044e+37  1.043e+37  1.033e+37  1.025e+37  1.011e+37  9.858e+36  9.431e+36  8.717e+36  7.579e+36
 170  7.681e+35  7.673e+35  7.598e+35  7.534e+35  7.422e+35  7.227e+35  6.892e+35  6.334e+35  5.453e+35
 173  1.414e+38  1.412e+38  1.398e+38  1.385e+38  1.364e+38  1.326e+38  1.262e+38  1.154e+38  9.861e+37
 177  1.930e+38  1.927e+38  1.906e+38  1.888e+38  1.857e+38  1.802e+38  1.709e+38  1.554e+38  1.313e+38
 180  5.023e+37  5.017e+37  4.959e+37  4.910e+37  4.824e+37  4.675e+37  4.421e+37  4.002e+37  3.354e+37
 182  1.303e+37  1.301e+37  1.286e+37  1.273e+37  1.250e+37  1.210e+37  1.142e+37  1.031e+37  8.588e+36
 186  1.586e+38  1.584e+38  1.564e+38  1.547e+38  1.518e+38  1.466e+38  1.379e+38  1.236e+38  1.018e+38
 191  3.700e+37  3.695e+37  3.644e+37  3.602e+37  3.527e+37  3.398e+37  3.180e+37  2.826e+37  2.292e+37
 194  1.196e+37  1.194e+37  1.177e+37  1.162e+37  1.137e+37  1.094e+37  1.020e+37  9.021e+36  7.247e+36
 198  2.301e+38  2.297e+38  2.262e+38  2.233e+38  2.182e+38  2.093e+38  1.945e+38  1.707e+38  1.353e+38
 202  1.567e+38  1.564e+38  1.539e+38  1.518e+38  1.481e+38  1.418e+38  1.312e+38  1.142e+38  8.935e+37
 205  2.728e+37  2.723e+37  2.678e+37  2.639e+37  2.572e+37  2.458e+37  2.266e+37  1.962e+37  1.518e+37
 210  5.874e+37  5.863e+37  5.759e+37  5.671e+37  5.517e+37  5.254e+37  4.816e+37  4.127e+37  3.136e+37
 216  6.304e+38  6.290e+38  6.169e+38  6.067e+38  5.889e+38  5.585e+38  5.084e+38  4.301e+38  3.196e+38
 220  1.050e+38  1.048e+38  1.027e+38  1.009e+38  9.779e+37  9.252e+37  8.386e+37  7.044e+37  5.172e+37
 223  4.269e+38  4.259e+38  4.170e+38  4.096e+38  3.967e+38  3.750e+38  3.395e+38  2.851e+38  2.096e+38
 227  2.429e+38  2.423e+38  2.371e+38  2.329e+38  2.257e+38  2.139e+38  1.948e+38  1.659e+38  1.257e+38
 230  4.757e+38  4.745e+38  4.644e+38  4.565e+38  4.434e+38  4.221e+38  3.885e+38  3.372e+38  2.650e+38
 234  5.635e+38  5.620e+38  5.506e+38  5.422e+38  5.287e+38  5.070e+38  4.726e+38  4.191e+38  3.407e+38
 240  4.715e+38  4.702e+38  4.614e+38  4.553e+38  4.454e+38  4.290e+38  4.020e+38  3.586e+38  2.931e+38
 246  2.637e+39  2.630e+39  2.586e+39  2.553e+39  2.497e+39  2.402e+39  2.243e+39  1.987e+39  1.603e+39
 252  5.039e+39  5.023e+39  4.936e+39  4.870e+39  4.758e+39  4.565e+39  4.243e+39  3.726e+39  2.959e+39
 257  8.949e+39  8.914e+39  8.745e+39  8.621e+39  8.409e+39  8.048e+39  7.447e+39  6.489e+39  5.082e+39
 260  2.286e+39  2.278e+39  2.236e+39  2.204e+39  2.148e+39  2.053e+39  1.894e+39  1.643e+39  1.276e+39
 264  4.923e+39  4.911e+39  4.824e+39  4.752e+39  4.627e+39  4.414e+39  4.060e+39  3.499e+39  2.686e+39
 269  4.350e+39  4.341e+39  4.262e+39  4.196e+39  4.080e+39  3.882e+39  3.554e+39  3.037e+39  2.297e+39
 274  1.128e+40  1.125e+40  1.104e+40  1.086e+40  1.054e+40  1.000e+40  9.112e+39  7.719e+39  5.748e+39
 279  4.778e+39  4.768e+39  4.672e+39  4.591e+39  4.450e+39  4.211e+39  3.816e+39  3.203e+39  2.347e+39
 284  4.166e+39  4.156e+39  4.069e+39  3.994e+39  3.865e+39  3.646e+39  3.287e+39  2.734e+39  1.970e+39
 290  2.780e+39  2.773e+39  2.711e+39  2.658e+39  2.567e+39  2.413e+39  2.161e+39  1.776e+39  1.254e+39
 296  4.154e+39  4.138e+39  4.037e+39  3.953e+39  3.809e+39  3.566e+39  3.172e+39  2.575e+39  1.779e+39
 301  6.907e+39  6.856e+39  6.671e+39  6.523e+39  6.272e+39  5.850e+39  5.170e+39  4.152e+39  2.813e+39
 308  5.565e+39  5.529e+39  5.372e+39  5.246e+39  5.031e+39  4.670e+39  4.092e+39  3.237e+39  2.134e+39
 318  9.171e+39  9.140e+39  8.873e+39  8.648e+39  8.261e+39  7.617e+39  6.593e+39  5.100e+39  3.232e+39
 328  1.339e+40  1.334e+40  1.292e+40  1.256e+40  1.195e+40  1.093e+40  9.333e+39  7.047e+39  4.277e+39
 338  7.939e+39  7.908e+39  7.633e+39  7.402e+39  7.009e+39  6.361e+39  5.353e+39  3.939e+39  2.284e+39
 348  1.187e+40  1.182e+40  1.137e+40  1.100e+40  1.037e+40  9.328e+39  7.731e+39  5.537e+39  3.060e+39
 357  2.420e+39  2.409e+39  2.311e+39  2.229e+39  2.091e+39  1.866e+39  1.525e+39  1.064e+39  5.621e+38
 366  1.029e+40  1.024e+40  9.795e+39  9.424e+39  8.798e+39  7.786e+39  6.266e+39  4.258e+39  2.144e+39
 375  9.738e+39  9.686e+39  9.233e+39  8.858e+39  8.228e+39  7.218e+39  5.717e+39  3.778e+39  1.810e+39
 385  1.047e+40  1.041e+40  9.882e+39  9.450e+39  8.727e+39  7.576e+39  5.892e+39  3.769e+39  1.703e+39
 395  7.432e+39  7.387e+39  6.987e+39  6.658e+39  6.112e+39  5.249e+39  4.004e+39  2.475e+39  1.053e+39
 405  1.108e+40  1.100e+40  1.036e+40  9.842e+39  8.977e+39  7.622e+39  5.699e+39  3.398e+39  1.356e+39
 414  1.102e+40  1.094e+40  1.026e+40  9.713e+39  8.806e+39  7.398e+39  5.428e+39  3.130e+39  1.176e+39
 422  1.324e+40  1.314e+40  1.228e+40  1.159e+40  1.045e+40  8.694e+39  6.268e+39  3.504e+39  1.246e+39
 430  9.366e+39  9.294e+39  8.656e+39  8.141e+39  7.298e+39  6.010e+39  4.255e+39  2.304e+39  7.741e+38
 441  9.676e+39  9.595e+39  8.889e+39  8.322e+39  7.400e+39  6.006e+39  4.144e+39  2.143e+39  6.637e+38
 451  1.278e+40  1.266e+40  1.167e+40  1.088e+40  9.600e+39  7.685e+39  5.175e+39  2.562e+39  7.344e+38
 460  9.633e+39  9.542e+39  8.755e+39  8.127e+39  7.119e+39  5.626e+39  3.702e+39  1.760e+39  4.693e+38
 470  1.739e+40  1.722e+40  1.571e+40  1.452e+40  1.261e+40  9.820e+39  6.294e+39  2.855e+39  7.005e+38
 480  1.247e+40  1.234e+40  1.120e+40  1.029e+40  8.865e+39  6.798e+39  4.239e+39  1.831e+39  4.122e+38
 490  1.036e+40  1.025e+40  9.244e+39  8.457e+39  7.218e+39  5.447e+39  3.302e+39  1.356e+39  2.791e+38
 500  1.792e+40  1.770e+40  1.587e+40  1.445e+40  1.222e+40  9.067e+39  5.336e+39  2.080e+39  3.901e+38
 506  1.125e+40  1.111e+40  9.929e+39  9.006e+39  7.572e+39  5.563e+39  3.215e+39  1.214e+39  2.149e+38
 512  1.824e+40  1.801e+40  1.603e+40  1.449e+40  1.211e+40  8.805e+39  4.996e+39  1.824e+39  3.047e+38
 520  1.754e+40  1.731e+40  1.532e+40  1.379e+40  1.144e+40  8.196e+39  4.534e+39  1.583e+39  2.440e+38
 530  1.676e+40  1.652e+40  1.453e+40  1.300e+40  1.067e+40  7.509e+39  4.021e+39  1.325e+39  1.844e+38
 540  3.926e+39  3.868e+39  3.378e+39  3.005e+39  2.440e+39  1.684e+39  8.719e+38  2.705e+38  3.382e+37
 550  3.515e+39  3.460e+39  3.000e+39  2.652e+39  2.130e+39  1.443e+39  7.215e+38  2.106e+38  2.361e+37
 560  1.844e+40  1.814e+40  1.561e+40  1.371e+40  1.089e+40  7.228e+39  3.488e+39  9.549e+38  9.561e+37
 570  1.809e+40  1.777e+40  1.518e+40  1.325e+40  1.040e+40  6.759e+39  3.143e+39  8.057e+38  7.177e+37
 580  1.577e+40  1.548e+40  1.312e+40  1.137e+40  8.811e+39  5.602e+39  2.505e+39  5.994e+38  4.729e+37
 590  2.093e+40  2.053e+40  1.726e+40  1.485e+40  1.137e+40  7.071e+39  3.040e+39  6.785e+38  4.727e+37
 600  1.549e+40  1.518e+40  1.266e+40  1.082e+40  8.178e+39  4.975e+39  2.056e+39  4.274e+38  2.624e+37
 610  2.461e+40  2.410e+40  1.992e+40  1.689e+40  1.261e+40  7.491e+39  2.969e+39  5.734e+38  3.087e+37
 620  1.868e+40  1.828e+40  1.498e+40  1.261e+40  9.280e+39  5.383e+39  2.045e+39  3.659e+38  1.721e+37
 630  1.727e+40  1.687e+40  1.370e+40  1.144e+40  8.308e+39  4.702e+39  1.709e+39  2.828e+38  1.158e+37
 640  1.602e+40  1.564e+40  1.258e+40  1.042e+40  7.460e+39  4.116e+39  1.430e+39  2.184e+38  7.751e+36
 650  1.782e+40  1.738e+40  1.385e+40  1.138e+40  8.026e+39  4.314e+39  1.431e+39  2.012e+38  6.169e+36
 658  1.268e+40  1.235e+40  9.766e+39  7.971e+39  5.554e+39  2.922e+39  9.330e+38  1.227e+38  3.336e+36
 665  1.359e+40  1.323e+40  1.039e+40  8.429e+39  5.811e+39  3.000e+39  9.258e+38  1.146e+38  2.800e+36
 675  1.744e+40  1.696e+40  1.318e+40  1.060e+40  7.194e+39  3.612e+39  1.061e+39  1.203e+38  2.514e+36
 685  1.412e+40  1.372e+40  1.055e+40  8.407e+39  5.615e+39  2.740e+39  7.650e+38  7.926e+37  1.412e+36
 695  1.431e+40  1.389e+40  1.057e+40  8.343e+39  5.481e+39  2.597e+39  6.886e+38  6.504e+37  9.835e+35
 705  1.690e+40  1.638e+40  1.232e+40  9.640e+39  6.228e+39  2.864e+39  7.199e+38  6.187e+37  7.909e+35
 716  1.688e+40  1.634e+40  1.215e+40  9.401e+39  5.959e+39  2.650e+39  6.273e+38  4.845e+37  5.125e+35
 726  1.700e+40  1.644e+40  1.208e+40  9.256e+39  5.764e+39  2.484e+39  5.560e+38  3.889e+37  3.448e+35
 735  1.657e+40  1.600e+40  1.163e+40  8.831e+39  5.411e+39  2.265e+39  4.816e+38  3.075e+37  2.318e+35
 745  1.325e+40  1.277e+40  9.178e+39  6.896e+39  4.148e+39  1.680e+39  3.371e+38  1.940e+37  1.217e+35
 755  1.249e+40  1.203e+40  8.539e+39  6.348e+39  3.747e+39  1.468e+39  2.774e+38  1.436e+37  7.460e+34
 765  1.319e+40  1.268e+40  8.890e+39  6.538e+39  3.785e+39  1.433e+39  2.547e+38  1.183e+37  5.072e+34
 775  1.486e+40  1.427e+40  9.873e+39  7.181e+39  4.077e+39  1.490e+39  2.489e+38  1.035e+37  3.645e+34
 785  2.689e+39  2.578e+39  1.761e+39  1.266e+39  7.045e+38  2.484e+38  3.894e+37  1.446e+36  4.167e+33
 795  1.569e+40  1.503e+40  1.013e+40  7.198e+39  3.923e+39  1.334e+39  1.960e+38  6.484e+36  1.522e+34
 805  1.525e+40  1.458e+40  9.690e+39  6.808e+39  3.634e+39  1.190e+39  1.636e+38  4.812e+36  9.162e+33
 815  1.374e+40  1.312e+40  8.601e+39  5.970e+39  3.119e+39  9.833e+38  1.263e+38  3.295e+36  5.068e+33
 825  1.451e+40  1.383e+40  8.941e+39  6.130e+39  3.134e+39  9.503e+38  1.140e+38  2.629e+36  3.252e+33
 835  1.216e+40  1.158e+40  7.374e+39  4.993e+39  2.496e+39  7.276e+38  8.132e+37  1.656e+36  1.640e+33
 845  1.430e+40  1.358e+40  8.525e+39  5.699e+39  2.785e+39  7.798e+38  8.112e+37  1.454e+36  1.148e+33
 855  1.118e+40  1.061e+40  6.558e+39  4.327e+39  2.066e+39  5.552e+38  5.368e+37  8.448e+35  5.297e+32
 865  1.284e+40  1.216e+40  7.402e+39  4.820e+39  2.248e+39  5.792e+38  5.198e+37  7.165e+35  3.551e+32
 875  1.379e+40  1.303e+40  7.813e+39  5.019e+39  2.285e+39  5.642e+38  4.693e+37  5.653e+35  2.205e+32
 885  1.391e+40  1.312e+40  7.742e+39  4.905e+39  2.179e+39  5.151e+38  3.966e+37  4.164e+35  1.272e+32
 895  1.366e+40  1.287e+40  7.470e+39  4.667e+39  2.023e+39  4.574e+38  3.258e+37  3.234e+35  2.072e+34
 905  1.323e+40  1.244e+40  7.156e+39  4.466e+39  1.973e+39  5.355e+38  1.518e+38  1.124e+38  1.016e+38
 915  2.282e+40  2.156e+40  1.554e+40  1.302e+40  1.074e+40  9.289e+39  8.621e+39  8.246e+39  7.940e+39
 925  2.104e+40  2.024e+40  1.916e+40  1.894e+40  1.874e+40  1.856e+40  1.841e+40  1.827e+40  1.814e+40
 935  3.225e+40  3.147e+40  3.102e+40  3.094e+40  3.086e+40  3.078e+40  3.071e+40  3.064e+40  3.058e+40
 945  3.009e+40  2.964e+40  2.945e+40  2.941e+40  2.938e+40  2.934e+40  2.931e+40  2.928e+40  2.925e+40
 955  2.663e+40  2.639e+40  2.629e+40  2.627e+40  2.625e+40  2.624e+40  2.622e+40  2.620e+40  2.619e+40
 965  2.968e+40  2.953e+40  2.948e+40  2.947e+40  2.946e+40  2.945e+40  2.944e+40  2.944e+40  2.943e+40
 975  2.057e+40  2.020e+40  2.009e+40  2.006e+40  2.004e+40  2.001e+40  1.999e+40  1.997e+40  1.995e+40
 985  1.969e+40  1.968e+40  1.968e+40  1.968e+40  1.968e+40  1.968e+40  1.967e+40  1.967e+40  1.967e+40
 995  2.762e+40  2.762e+40  2.762e+40  2.762e+40  2.762e+40  2.762e+40  2.762e+40  2.762e+40  2.762e+40
1005  2.414e+40  2.414e+40  2.414e+40  2.414e+40  2.414e+40  2.414e+40  2.414e+40  2.414e+40  2.414e+40
1015  2.739e+40  2.736e+40  2.735e+40  2.734e+40  2.734e+40  2.734e+40  2.734e+40  2.733e+40  2.733e+40
1025  2.247e+40  2.198e+40  2.185e+40  2.181e+40  2.178e+40  2.175e+40  2.171e+40  2.167e+40  2.162e+40
1035  2.427e+40  2.421e+40  2.420e+40  2.419e+40  2.419e+40  2.418e+40  2.418e+40  2.417e+40  2.417e+40
1045  2.720e+40  2.720e+40  2.720e+40  2.720e+40  2.720e+40  2.720e+40  2.720e+40  2.720e+40  2.720e+40
1055  2.652e+40  2.652e+40  2.652e+40  2.652e+40  2.652e+40  2.652e+40  2.652e+40  2.652e+40  2.652e+40
1065  2.534e+40  2.534e+40  2.534e+40  2.534e+40  2.534e+40  2.534e+40  2.534e+40  2.534e+40  2.534e+40
1075  2.464e+40  2.464e+40  2.464e+40  2.464e+40  2.464e+40  2.464e+40  2.464e+40  2.464e+40  2.464e+40
1085  2.258e+40  2.258e+40  2.258e+40  2.258e+40  2.258e+40  2.258e+40  2.258e+40  2.258e+40  2.258e+40
1095  2.437e+40  2.437e+40  2.437e+40  2.437e+40  2.437e+40  2.437e+40  2.437e+40  2.437e+40  2.437e+40
1105  2.367e+40  2.367e+40  2.367e+40  2.367e+40  2.367e+40  2.367e+40  2.367e+40  2.367e+40  2.367e+40
1115  2.141e+40  2.141e+40  2.141e+40  2.141e+40  2.141e+40  2.141e+40  2.141e+40  2.141e+40  2.141e+40
1125  1.858e+40  1.858e+40  1.858e+40  1.858e+40  1.858e+40  1.858e+40  1.858e+40  1.858e+40  1.858e+40
1135  2.206e+40  2.206e+40  2.206e+40  2.206e+40  2.206e+40  2.206e+40  2.206e+40  2.206e+40  2.206e+40
1145  2.190e+40  2.190e+40  2.190e+40  2.190e+40  2.190e+40  2.190e+40  2.190e+40  2.190e+40  2.190e+40
1155  1.965e+40  1.965e+40  1.965e+40  1.965e+40  1.965e+40  1.965e+40  1.965e+40  1.965e+40  1.965e+40
1165  1.891e+40  1.891e+40  1.891e+40  1.891e+40  1.891e+40  1.891e+40  1.891e+40  1.891e+40  1.891e+40
1175  1.709e+40  1.709e+40  1.709e+40  1.709e+40  1.709e+40  1.709e+40  1.709e+40  1.709e+40  1.709e+40
1185  1.959e+40  1.959e+40  1.959e+40  1.958e+40  1.958e+40  1.958e+40  1.958e+40  1.958e+40  1.958e+40
1195  1.822e+40  1.822e+40  1.822e+40  1.822e+40  1.822e+40  1.822e+40  1.822e+40  1.822e+40  1.821e+40
1205  1.796e+40  1.794e+40  1.793e+40  1.793e+40  1.792e+40  1.791e+40  1.790e+40  1.787e+40  1.783e+40
1215  1.662e+40  1.630e+40  1.615e+40  1.609e+40  1.601e+40  1.589e+40  1.571e+40  1.544e+40  1.504e+40
1225  1.768e+40  1.765e+40  1.763e+40  1.762e+40  1.761e+40  1.759e+40  1.756e+40  1.752e+40  1.745e+40
1235  1.436e+40  1.436e+40  1.436e+40  1.436e+40  1.436e+40  1.436e+40  1.436e+40  1.436e+40  1.435e+40
1245  1.843e+40  1.843e+40  1.843e+40  1.843e+40  1.843e+40  1.843e+40  1.843e+40  1.843e+40  1.843e+40
1255  1.700e+40  1.700e+40  1.700e+40  1.700e+40  1.700e+40  1.700e+40  1.700e+40  1.700e+40  1.700e+40
1265  1.742e+40  1.742e+40  1.742e+40  1.742e+40  1.742e+40  1.742e+40  1.742e+40  1.742e+40  1.742e+40
1275  1.726e+40  1.726e+40  1.726e+40  1.726e+40  1.726e+40  1.726e+40  1.726e+40  1.726e+40  1.726e+40
1285  1.662e+40  1.662e+40  1.662e+40  1.662e+40  1.662e+40  1.662e+40  1.662e+40  1.662e+40  1.662e+40
1295  1.608e+40  1.608e+40  1.608e+40  1.608e+40  1.608e+40  1.608e+40  1.608e+40  1.608e+40  1.608e+40
1305  1.637e+40  1.637e+40  1.637e+40  1.637e+40  1.637e+40  1.637e+40  1.637e+40  1.637e+40  1.637e+40
1315  1.581e+40  1.581e+40  1.581e+40  1.581e+40  1.581e+40  1.581e+40  1.581e+40  1.581e+40  1.581e+40
1325  1.545e+40  1.545e+40  1.545e+40  1.545e+40  1.545e+40  1.545e+40  1.545e+40  1.545e+40  1.545e+40
1335  1.553e+40  1.553e+40  1.553e+40  1.553e+40  1.553e+40  1.553e+40  1.553e+40  1.553e+40  1.553e+40
1345  1.436e+40  1.436e+40  1.436e+40  1.436e+40  1.436e+40  1.436e+40  1.436e+40  1.436e+40  1.436e+40
1355  1.502e+40  1.502e+40  1.502e+40  1.502e+40  1.502e+40  1.502e+40  1.502e+40  1.502e+40  1.502e+40
1365  1.441e+40  1.441e+40  1.441e+40  1.441e+40  1.441e+40  1.441e+40  1.441e+40  1.441e+40  1.441e+40
1375  1.398e+40  1.398e+40  1.398e+40  1.398e+40  1.398e+40  1.398e+40  1.398e+40  1.398e+40  1.398e+40
1385  1.312e+40  1.312e+40  1.312e+40  1.312e+40  1.312e+40  1.312e+40  1.312e+40  1.312e+40  1.312e+40
1395  1.283e+40  1.283e+40  1.283e+40  1.283e+40  1.283e+40  1.283e+40  1.283e+40  1.283e+40  1.283e+40
1405  1.321e+40  1.321e+40  1.321e+40  1.321e+40  1.321e+40  1.321e+40  1.321e+40  1.321e+40  1.321e+40
1415  1.311e+40  1.311e+40  1.311e+40  1.311e+40  1.311e+40  1.311e+40  1.311e+40  1.311e+40  1.311e+40
1425  1.224e+40  1.224e+40  1.224e+40  1.224e+40  1.224e+40  1.224e+40  1.224e+40  1.224e+40  1.224e+40
1435  1.253e+40  1.253e+40  1.253e+40  1.253e+40  1.253e+40  1.253e+40  1.253e+40  1.253e+40  1.253e+40
1442  1.252e+40  1.252e+40  1.252e+40  1.252e+40  1.252e+40  1.252e+40  1.252e+40  1.252e+40  1.252e+40
1447  1.236e+40  1.236e+40  1.236e+40  1.236e+40  1.236e+40  1.236e+40  1.236e+40  1.236e+40  1.236e+40
1455  1.213e+40  1.213e+40  1.213e+40  1.213e+40  1.213e+40  1.213e+40  1.213e+40  1.213e+40  1.213e+40
1465  1.191e+40  1.191e+40  1.191e+40  1.191e+40  1.191e+40  1.191e+40  1.191e+40  1.191e+40  1.191e+40
1475  1.208e+40  1.208e+40  1.208e+40  1.208e+40  1.208e+40  1.208e+40  1.208e+40  1.208e+40  1.208e+40
1485  1.209e+40  1.209e+40  1.209e+40  1.209e+40  1.209e+40  1.209e+40  1.209e+40  1.209e+40  1.209e+40
1495  1.182e+40  1.182e+40  1.182e+40  1.182e+40  1.182e+40  1.182e+40  1.182e+40  1.182e+40  1.182e+40
1505  1.135e+40  1.135e+40  1.135e+40  1.135e+40  1.135e+40  1.135e+40  1.135e+40  1.135e+40  1.135e+40
1512  1.114e+40  1.114e+40  1.114e+40  1.114e+40  1.114e+40  1.114e+40  1.114e+40  1.114e+40  1.114e+40
1517  1.130e+40  1.130e+40  1.130e+40  1.130e+40  1.130e+40  1.130e+40  1.130e+40  1.130e+40  1.130e+40
1525  1.088e+40  1.088e+40  1.088e+40  1.088e+40  1.088e+40  1.088e+40  1.088e+40  1.088e+40  1.088e+40
1535  1.040e+40  1.040e+40  1.040e+40  1.040e+40  1.040e+40  1.040e+40  1.040e+40  1.040e+40  1.040e+40
1545  7.659e+39  7.659e+39  7.659e+39  7.659e+39  7.659e+39  7.659e+39  7.659e+39  7.659e+39  7.659e+39
1555  1.083e+40  1.083e+40  1.083e+40  1.083e+40  1.083e+40  1.083e+40  1.083e+40  1.083e+40  1.083e+40
1565  9.002e+39  9.002e+39  9.002e+39  9.002e+39  9.002e+39  9.002e+39  9.002e+39  9.002e+39  9.002e+39
1575  9.946e+39  9.946e+39  9.946e+39  9.946e+39  9.946e+39  9.946e+39  9.946e+39  9.946e+39  9.946e+39
1585  9.271e+39  9.271e+39  9.271e+39  9.271e+39  9.271e+39  9.271e+39  9.271e+39  9.271e+39  9.271e+39
1595  9.765e+39  9.765e+39  9.765e+39  9.765e+39  9.765e+39  9.765e+39  9.765e+39  9.765e+39  9.765e+39
1605  9.406e+39  9.406e+39  9.406e+39  9.406e+39  9.406e+39  9.406e+39  9.406e+39  9.406e+39  9.406e+39
1615  9.305e+39  9.305e+39  9.305e+39  9.305e+39  9.305e+39  9.305e+39  9.305e+39  9.305e+39  9.305e+39
1625  9.077e+39  9.077e+39  9.077e+39  9.077e+39  9.077e+39  9.077e+39  9.077e+39  9.077e+39  9.077e+39
1635  8.962e+39  8.962e+39  8.962e+39  8.962e+39  8.962e+39  8.962e+39  8.962e+39  8.962e+39  8.962e+39
1645  9.911e+39  9.911e+39  9.911e+39  9.911e+39  9.911e+39  9.911e+39  9.911e+39  9.911e+39  9.911e+39
1655  8.960e+39  8.960e+39  8.960e+39  8.960e+39  8.960e+39  8.960e+39  8.960e+39  8.960e+39  8.960e+39
1665  8.968e+39  8.968e+39  8.968e+39  8.968e+39  8.968e+39  8.968e+39  8.968e+39  8.968e+39  8.968e+39
1672  8.658e+39  8.658e+39  8.658e+39  8.658e+39  8.658e+39  8.658e+39  8.658e+39  8.658e+39  8.658e+39
1677  8.891e+39  8.891e+39  8.891e+39  8.891e+39  8.891e+39  8.891e+39  8.891e+39  8.891e+39  8.891e+39
1685  8.757e+39  8.757e+39  8.757e+39  8.757e+39  8.757e+39  8.757e+39  8.757e+39  8.757e+39  8.757e+39
1695  8.549e+39  8.549e+39  8.549e+39  8.549e+39  8.549e+39  8.549e+39  8.549e+39  8.549e+39  8.549e+39
1705  8.321e+39  8.321e+39  8.321e+39  8.321e+39  8.321e+39  8.321e+39  8.321e+39  8.321e+39  8.321e+39
1715  7.662e+39  7.662e+39  7.662e+39  7.662e+39  7.662e+39  7.662e+39  7.662e+39  7.662e+39  7.662e+39
1725  8.218e+39  8.218e+39  8.218e+39  8.218e+39  8.218e+39  8.218e+39  8.218e+39  8.218e+39  8.218e+39
1735  8.112e+39  8.112e+39  8.112e+39  8.112e+39  8.112e+39  8.112e+39  8.112e+39  8.112e+39  8.112e+39
1745  7.685e+39  7.685e+39  7.685e+39  7.685e+39  7.685e+39  7.685e+39  7.685e+39  7.685e+39  7.685e+39
1755  7.918e+39  7.918e+39  7.918e+39  7.918e+39  7.918e+39  7.918e+39  7.918e+39  7.918e+39  7.918e+39
1765  7.732e+39  7.732e+39  7.732e+39  7.732e+39  7.732e+39  7.732e+39  7.732e+39  7.732e+39  7.732e+39
1775  7.551e+39  7.551e+39  7.551e+39  7.551e+39  7.551e+39  7.551e+39  7.551e+39  7.551e+39  7.551e+39
1785  7.484e+39  7.484e+39  7.484e+39  7.484e+39  7.484e+39  7.484e+39  7.484e+39  7.484e+39  7.484e+39
1795  7.379e+39  7.379e+39  7.379e+39  7.379e+39  7.379e+39  7.379e+39  7.379e+39  7.379e+39  7.379e+39
1805  7.286e+39  7.286e+39  7.286e+39  7.286e+39  7.286e+39  7.286e+39  7.286e+39  7.286e+39  7.286e+39
1815  7.123e+39  7.123e+39  7.123e+39  7.123e+39  7.123e+39  7.123e+39  7.123e+39  7.123e+39  7.123e+39
1825  7.020e+39  7.020e+39  7.020e+39  7.020e+39  7.020e+39  7.020e+39  7.020e+39  7.020e+39  7.020e+39
1835  6.980e+39  6.980e+39  6.980e+39  6.980e+39  6.980e+39  6.980e+39  6.980e+39  6.980e+39  6.980e+39
1845  6.735e+39  6.735e+39  6.735e+39  6.735e+39  6.735e+39  6.735e+39  6.735e+39  6.735e+39  6.735e+39
1855  6.663e+39  6.663e+39  6.663e+39  6.663e+39  6.663e+39  6.663e+39  6.663e+39  6.663e+39  6.663e+39
1865  6.636e+39  6.636e+39  6.636e+39  6.636e+39  6.636e+39  6.636e+39  6.636e+39  6.636e+39  6.636e+39
1875  6.570e+39  6.570e+39  6.570e+39  6.570e+39  6.570e+39  6.570e+39  6.570e+39  6.570e+39  6.570e+39
1885  6.309e+39  6.309e+39  6.309e+39  6.309e+39  6.309e+39  6.309e+39  6.309e+39  6.309e+39  6.309e+39
1895  6.218e+39  6.218e+39  6.218e+39  6.218e+39  6.218e+39  6.218e+39  6.218e+39  6.218e+39  6.218e+39
1905  6.241e+39  6.241e+39  6.241e+39  6.241e+39  6.241e+39  6.241e+39  6.241e+39  6.241e+39  6.241e+39
1915  6.120e+39  6.120e+39  6.120e+39  6.120e+39  6.120e+39  6.120e+39  6.120e+39  6.120e+39  6.120e+39
1925  5.975e+39  5.975e+39  5.975e+39  5.975e+39  5.975e+39  5.975e+39  5.975e+39  5.975e+39  5.975e+39
1935  5.989e+39  5.989e+39  5.989e+39  5.989e+39  5.989e+39  5.989e+39  5.989e+39  5.989e+39  5.989e+39
1945  5.947e+39  5.947e+39  5.947e+39  5.947e+39  5.947e+39  5.947e+39  5.947e+39  5.947e+39  5.947e+39
1955  5.737e+39  5.737e+39  5.737e+39  5.737e+39  5.737e+39  5.737e+39  5.737e+39  5.737e+39  5.737e+39
1967  5.757e+39  5.757e+39  5.757e+39  5.757e+39  5.757e+39  5.757e+39  5.757e+39  5.757e+39  5.757e+39
1976  5.756e+39  5.756e+39  5.756e+39  5.756e+39  5.756e+39  5.756e+39  5.756e+39  5.756e+39  5.756e+39
1984  5.616e+39  5.616e+39  5.616e+39  5.616e+39  5.616e+39  5.616e+39  5.616e+39  5.616e+39  5.616e+39
1995  5.526e+39  5.526e+39  5.526e+39  5.526e+39  5.526e+39  5.526e+39  5.526e+39  5.526e+39  5.526e+39
2005  5.481e+39  5.481e+39  5.481e+39  5.481e+39  5.481e+39  5.481e+39  5.481e+39  5.481e+39  5.481e+39
2015  5.425e+39  5.425e+39  5.425e+39  5.425e+39  5.425e+39  5.425e+39  5.425e+39  5.425e+39  5.425e+39
2025  5.382e+39  5.382e+39  5.382e+39  5.382e+39  5.382e+39  5.382e+39  5.382e+39  5.382e+39  5.382e+39
2035  5.238e+39  5.238e+39  5.238e+39  5.238e+39  5.238e+39  5.238e+39  5.238e+39  5.238e+39  5.238e+39
2045  5.178e+39  5.178e+39  5.178e+39  5.178e+39  5.178e+39  5.178e+39  5.178e+39  5.178e+39  5.178e+39
2055  5.009e+39  5.009e+39  5.009e+39  5.009e+39  5.009e+39  5.009e+39  5.009e+39  5.009e+39  5.009e+39
2065  5.048e+39  5.048e+39  5.048e+39  5.048e+39  5.048e+39  5.048e+39  5.048e+39  5.048e+39  5.048e+39
2074  5.116e+39  5.116e+39  5.116e+39  5.116e+39  5.116e+39  5.116e+39  5.116e+39  5.116e+39  5.116e+39
2078  5.010e+39  5.010e+39  5.010e+39  5.010e+39  5.010e+39  5.010e+39  5.010e+39  5.010e+39  5.010e+39
2085  4.990e+39  4.990e+39  4.990e+39  4.990e+39  4.990e+39  4.990e+39  4.990e+39  4.990e+39  4.990e+39
2095  4.875e+39  4.875e+39  4.875e+39  4.875e+39  4.875e+39  4.875e+39  4.875e+39  4.875e+39  4.875e+39
2105  4.855e+39  4.855e+39  4.855e+39  4.855e+39  4.855e+39  4.855e+39  4.855e+39  4.855e+39  4.855e+39
2115  4.810e+39  4.810e+39  4.810e+39  4.810e+39  4.810e+39  4.810e+39  4.810e+39  4.810e+39  4.810e+39
2125  4.763e+39  4.763e+39  4.763e+39  4.763e+39  4.763e+39  4.763e+39  4.763e+39  4.763e+39  4.763e+39
2135  4.680e+39  4.680e+39  4.680e+39  4.680e+39  4.680e+39  4.680e+39  4.680e+39  4.680e+39  4.680e+39
2145  4.599e+39  4.599e+39  4.599e+39  4.599e+39  4.599e+39  4.599e+39  4.599e+39  4.599e+39  4.599e+39
2155  4.585e+39  4.585e+39  4.585e+39  4.585e+39  4.585e+39  4.585e+39  4.585e+39  4.585e+39  4.585e+39
2165  4.494e+39  4.494e+39  4.494e+39  4.494e+39  4.494e+39  4.494e+39  4.494e+39  4.494e+39  4.494e+39
2175  4.460e+39  4.460e+39  4.460e+39  4.460e+39  4.460e+39  4.460e+39  4.460e+39  4.460e+39  4.460e+39
2185  4.368e+39  4.368e+39  4.368e+39  4.368e+39  4.368e+39  4.368e+39  4.368e+39  4.368e+39  4.368e+39
2195  4.358e+39  4.358e+39  4.358e+39  4.358e+39  4.358e+39  4.358e+39  4.358e+39  4.358e+39  4.358e+39
2205  4.297e+39  4.297e+39  4.297e+39  4.297e+39  4.297e+39  4.297e+39  4.297e+39  4.297e+39  4.297e+39
2215  4.210e+39  4.210e+39  4.210e+39  4.210e+39  4.210e+39  4.210e+39  4.210e+39  4.210e+39  4.210e+39
2225  4.179e+39  4.179e+39  4.179e+39  4.179e+39  4.179e+39  4.179e+39  4.179e+39  4.179e+39  4.179e+39
2235  4.134e+39  4.134e+39  4.134e+39  4.134e+39  4.134e+39  4.134e+39  4.134e+39  4.134e+39  4.134e+39
2245  4.087e+39  4.087e+39  4.087e+39  4.087e+39  4.087e+39  4.087e+39  4.087e+39  4.087e+39  4.087e+39
2255  4.006e+39  4.006e+39  4.006e+39  4.006e+39  4.006e+39  4.006e+39  4.006e+39  4.006e+39  4.006e+39
2265  3.994e+39  3.994e+39  3.994e+39  3.994e+39  3.994e+39  3.994e+39  3.994e+39  3.994e+39  3.994e+39
2275  3.959e+39  3.959e+39  3.959e+39  3.959e+39  3.959e+39  3.959e+39  3.959e+39  3.959e+39  3.959e+39
2285  3.935e+39  3.935e+39  3.935e+39  3.935e+39  3.935e+39  3.935e+39  3.935e+39  3.935e+39  3.935e+39
2295  3.794e+39  3.794e+39  3.794e+39  3.794e+39  3.794e+39  3.794e+39  3.794e+39  3.794e+39  3.794e+39
2305  3.831e+39  3.831e+39  3.831e+39  3.831e+39  3.831e+39  3.831e+39  3.831e+39  3.831e+39  3.831e+39
2315  3.782e+39  3.782e+39  3.782e+39  3.782e+39  3.782e+39  3.782e+39  3.782e+39  3.782e+39  3.782e+39
2325  3.637e+39  3.637e+39  3.637e+39  3.637e+39  3.637e+39  3.637e+39  3.637e+39  3.637e+39  3.637e+39
2335  3.665e+39  3.665e+39  3.665e+39  3.665e+39  3.665e+39  3.665e+39  3.665e+39  3.665e+39  3.665e+39
2345  3.626e+39  3.626e+39  3.626e+39  3.626e+39  3.626e+39  3.626e+39  3.626e+39  3.626e+39  3.626e+39
2355  3.591e+39  3.591e+39  3.591e+39  3.591e+39  3.591e+39  3.591e+39  3.591e+39  3.591e+39  3.591e+39
2365  3.543e+39  3.543e+39  3.543e+39  3.543e+39  3.543e+39  3.543e+39  3.543e+39  3.543e+39  3.543e+39
2375  3.503e+39  3.503e+39  3.503e+39  3.503e+39  3.503e+39  3.503e+39  3.503e+39  3.503e+39  3.503e+39
2385  3.431e+39  3.431e+39  3.431e+39  3.431e+39  3.431e+39  3.431e+39  3.431e+39  3.431e+39  3.431e+39
2395  3.432e+39  3.432e+39  3.432e+39  3.432e+39  3.432e+39  3.432e+39  3.432e+39  3.432e+39  3.432e+39
2405  3.399e+39  3.399e+39  3.399e+39  3.399e+39  3.399e+39  3.399e+39  3.399e+39  3.399e+39  3.399e+39
2415  3.359e+39  3.359e+39  3.359e+39  3.359e+39  3.359e+39  3.359e+39  3.359e+39  3.359e+39  3.359e+39
2425  3.326e+39  3.326e+39  3.326e+39  3.326e+39  3.326e+39  3.326e+39  3.326e+39  3.326e+39  3.326e+39
2435  3.277e+39  3.277e+39  3.277e+39  3.277e+39  3.277e+39  3.277e+39  3.277e+39  3.277e+39  3.277e+39
2445  3.251e+39  3.251e+39  3.251e+39  3.251e+39  3.251e+39  3.251e+39  3.251e+39  3.251e+39  3.251e+39
2455  3.217e+39  3.217e+39  3.217e+39  3.217e+39  3.217e+39  3.217e+39  3.217e+39  3.217e+39  3.217e+39
2465  3.179e+39  3.179e+39  3.179e+39  3.179e+39  3.179e+39  3.179e+39  3.179e+39  3.179e+39  3.179e+39
2475  3.143e+39  3.143e+39  3.143e+39  3.143e+39  3.143e+39  3.143e+39  3.143e+39  3.143e+39  3.143e+39
2485  3.109e+39  3.109e+39  3.109e+39  3.109e+39  3.109e+39  3.109e+39  3.109e+39  3.109e+39  3.109e+39
2495  2.965e+39  2.965e+39  2.965e+39  2.965e+39  2.965e+39  2.965e+39  2.965e+39  2.965e+39  2.965e+39
2505      0.000      0.000      0.000      0.000      0.000      0.000      0.000      0.000      0.000
2513      0.000      0.000      0.000      0.000      0.000      0.000      0.000      0.000      0.000
2518      0.000      0.000      0.000      0.000      0.000      0.000      0.000      0.000      0.000
