lam lh1=14 lh1=16 lh1=17 lh1=17.25 lh1=17.5 lh1=17.75 lh1=18 lh1=18.25 lh1=18.5
  91      0.000      0.000      0.000      0.000      0.000      0.000      0.000      0.000      0.000
  94      0.000      0.000      0.000      0.000      0.000      0.000      0.000      0.000      0.000
  96      0.000      0.000      0.000      0.000      0.000      0.000      0.000      0.000      0.000
  98      0.000      0.000      0.000      0.000      0.000      0.000      0.000      0.000      0.000
 100      0.000      0.000      0.000      0.000      0.000      0.000      0.000      0.000      0.000
 102      0.000      0.000      0.000      0.000      0.000      0.000      0.000      0.000      0.000
 104      0.000      0.000      0.000      0.000      0.000      0.000      0.000      0.000      0.000
 106      0.000      0.000      0.000      0.000      0.000      0.000      0.000      0.000      0.000
 108      0.000      0.000      0.000      0.000      0.000      0.000      0.000      0.000      0.000
 110      0.000      0.000      0.000      0.000      0.000      0.000      0.000      0.000      0.000
 114  2.075e+35  2.024e+35  1.610e+35  1.322e+35  9.326e+34  5.028e+34  1.693e+34  2.525e+33  9.443e+31
 118  1.692e+37  1.646e+37  1.281e+37  1.032e+37  7.038e+36  3.575e+36  1.084e+36  1.345e+35  3.667e+33
 121  1.307e+38  1.269e+38  9.708e+37  7.706e+37  5.116e+37  2.480e+37  6.926e+36  7.446e+35  1.585e+34
 125  1.168e+38  1.131e+38  8.449e+37  6.569e+37  4.205e+37  1.910e+37  4.759e+36  4.191e+35  6.328e+33
 127  7.570e+37  7.321e+37  5.401e+37  4.155e+37  2.609e+37  1.146e+37  2.692e+36  2.139e+35  2.704e+33
 128  1.688e+37  1.631e+37  1.196e+37  9.149e+36  5.691e+36  2.458e+36  5.603e+35  4.224e+34  4.878e+32
 131  1.501e+36  1.447e+36  1.041e+36  7.832e+35  4.730e+35  1.939e+35  4.032e+34  2.589e+33  2.267e+31
 132  8.384e+36  8.079e+36  5.772e+36  4.319e+36  2.582e+36  1.040e+36  2.096e+35  1.274e+34  1.016e+32
 134  5.517e+36  5.309e+36  3.742e+36  2.768e+36  1.622e+36  6.300e+35  1.192e+35  6.485e+33  4.269e+31
 137  9.622e+35  9.237e+35  6.380e+35  4.636e+35  2.633e+35  9.676e+34  1.660e+34  7.620e+32  3.739e+30
 140  1.332e+38  1.276e+38  8.626e+37  6.156e+37  3.385e+37  1.175e+37  1.824e+36  7.026e+34  2.547e+32
 143  1.317e+38  1.258e+38  8.328e+37  5.834e+37  3.103e+37  1.016e+37  1.423e+36  4.577e+34  1.216e+32
 147  8.144e+37  7.756e+37  4.983e+37  3.402e+37  1.729e+37  5.226e+36  6.352e+35  1.595e+34  2.764e+31
 151  6.862e+37  6.513e+37  4.058e+37  2.698e+37  1.309e+37  3.640e+36  3.821e+35  7.430e+33  8.272e+30
 155  9.475e+37  8.963e+37  5.410e+37  3.500e+37  1.618e+37  4.129e+36  3.728e+35  5.565e+33  3.924e+30
 159  2.132e+38  2.009e+38  1.174e+38  7.385e+37  3.247e+37  7.588e+36  5.864e+35  6.667e+33  2.936e+30
 162  3.375e+37  3.173e+37  1.808e+37  1.113e+37  4.709e+36  1.028e+36  7.051e+34  6.502e+32  1.993e+29
 166  1.043e+37  9.766e+36  5.378e+36  3.214e+36  1.291e+36  2.569e+35  1.496e+34  1.036e+32  1.936e+28
 170  7.676e+35  7.160e+35  3.807e+35  2.207e+35  8.400e+34  1.520e+34  7.488e+32  3.867e+30  4.344e+26
 173  1.413e+38  1.314e+38  6.801e+37  3.853e+37  1.407e+37  2.368e+36  1.026e+35  4.228e+32  3.215e+28
 177  1.928e+38  1.786e+38  8.913e+37  4.893e+37  1.689e+37  2.575e+36  9.360e+34  2.840e+32  1.268e+28
 180  5.019e+37  4.635e+37  2.249e+37  1.205e+37  3.986e+36  5.631e+35  1.791e+34  4.295e+31  1.277e+27
 182  1.302e+37  1.200e+37  5.712e+36  3.011e+36  9.676e+35  1.298e+35  3.772e+33  7.719e+30  1.742e+26
 186  1.585e+38  1.455e+38  6.664e+37  3.398e+37  1.030e+37  1.245e+36  3.008e+34  4.458e+31  5.745e+26
 191  3.697e+37  3.374e+37  1.472e+37  7.192e+36  2.021e+36  2.138e+35  4.083e+33  4.003e+30  2.517e+25
 194  1.194e+37  1.086e+37  4.598e+36  2.190e+36  5.876e+35  5.730e+34  9.473e+32  7.211e+29  2.922e+24
 198  2.298e+38  2.081e+38  8.457e+37  3.888e+37  9.800e+36  8.556e+35  1.163e+34  6.285e+30  1.402e+25
 202  1.565e+38  1.411e+38  5.501e+37  2.440e+37  5.771e+36  4.501e+35  5.016e+33  1.910e+30  2.321e+24
 205  2.725e+37  2.448e+37  9.244e+36  3.990e+36  8.991e+35  6.436e+34  6.164e+32  1.799e+29  1.375e+23
 210  5.868e+37  5.240e+37  1.876e+37  7.729e+36  1.604e+36  9.930e+34  7.354e+32  1.366e+29  4.758e+22
 216  6.296e+38  5.582e+38  1.871e+38  7.284e+37  1.367e+37  7.077e+35  3.824e+33  4.080e+29  5.410e+22
 220  1.049e+38  9.255e+37  2.966e+37  1.111e+37  1.947e+36  8.930e+34  3.894e+32  2.850e+28  1.959e+21
 223  4.264e+38  3.747e+38  1.161e+38  4.223e+37  7.026e+36  2.938e+35  1.088e+33  5.982e+28  2.495e+21
 227  2.426e+38  2.121e+38  6.277e+37  2.195e+37  3.404e+36  1.257e+35  3.736e+32  1.394e+28  2.961e+20
 230  4.750e+38  4.138e+38  1.183e+38  4.013e+37  5.900e+36  1.982e+35  4.985e+32  1.387e+28  1.763e+20
 234  5.627e+38  4.877e+38  1.330e+38  4.333e+37  5.928e+36  1.753e+35  3.519e+32  6.581e+27  4.188e+19
 240  4.708e+38  4.048e+38  1.028e+38  3.147e+37  3.859e+36  9.392e+34  1.337e+32  1.365e+27  3.019e+18
 246  2.633e+39  2.246e+39  5.299e+38  1.524e+38  1.671e+37  3.335e+35  3.342e+32  1.841e+27  1.386e+18
 252  5.030e+39  4.256e+39  9.324e+38  2.515e+38  2.460e+37  4.012e+35  2.814e+32  8.264e+26  2.073e+17
 257  8.934e+39  7.506e+39  1.544e+39  3.944e+38  3.503e+37  4.816e+35  2.496e+32  4.303e+26  4.254e+16
 260  2.282e+39  1.909e+39  3.781e+38  9.343e+37  7.827e+36  9.699e+34  4.183e+31  5.220e+25  2.932e+15
 264  4.914e+39  4.088e+39  7.689e+38  1.818e+38  1.407e+37  1.516e+35  5.108e+31  4.123e+25  1.081e+15
 269  4.341e+39  3.586e+39  6.320e+38  1.412e+38  9.897e+36  8.936e+34  2.202e+31  1.024e+25  1.024e+14
 274  1.126e+40  9.230e+39  1.523e+39  3.215e+38  2.036e+37  1.537e+35  2.758e+31  7.340e+24  2.762e+13
 279  4.768e+39  3.882e+39  5.991e+38  1.194e+38  6.827e+36  4.298e+34  5.593e+30  8.452e+23  1.182e+12
 284  4.157e+39  3.359e+39  4.846e+38  9.110e+37  4.696e+36  2.460e+34  2.313e+30  1.970e+23  1.010e+11
 290  2.774e+39  2.221e+39  2.952e+38  5.169e+37  2.349e+36  9.841e+33  6.231e+29  2.644e+22  3.998e+09
 296  4.144e+39  3.288e+39  4.020e+38  6.551e+37  2.620e+36  8.751e+33  3.710e+29  7.761e+21  3.401e+08
 301  6.892e+39  5.426e+39  6.183e+38  9.483e+37  3.405e+36  9.393e+33  2.839e+29  3.270e+21  5.035e+07
 308  5.552e+39  4.323e+39  4.460e+38  6.275e+37  1.934e+36  4.067e+33  7.605e+28  3.756e+20  1.311e+06
 318  9.146e+39  7.010e+39  6.255e+38  7.765e+37  1.916e+36  2.716e+33  2.526e+28  3.640e+19  1.465e+04
 328  1.335e+40  1.007e+40  7.750e+38  8.468e+37  1.665e+36  1.579e+33  7.203e+27  2.952e+18      130.9
 338  7.916e+39  5.870e+39  3.887e+38  3.729e+37  5.820e+35  3.663e+32  8.086e+26  9.201e+16     0.4300
 348  1.183e+40  8.630e+39  4.903e+38  4.120e+37  5.084e+35  2.109e+32  2.224e+26  6.865e+15   0.003243
 357  2.412e+39  1.732e+39  8.554e+37  6.370e+36  6.342e+34  1.797e+31  9.644e+24  9.029e+13  5.237e-06
 366  1.026e+40  7.252e+39  3.108e+38  2.048e+37  1.640e+35  3.157e+31  8.546e+24  2.386e+13  1.648e-07
 375  9.702e+39  6.752e+39  2.507e+38  1.459e+37  9.373e+34  1.220e+31  1.652e+24  1.353e+12  1.080e-09
 385  1.043e+40  7.128e+39  2.252e+38  1.140e+37  5.717e+34  4.795e+30  2.975e+23  6.137e+10  4.310e-12
 395  7.403e+39  4.971e+39  1.334e+38  5.866e+36  2.290e+34  1.231e+30  3.469e+22  1.771e+09  1.061e-14
 405  1.103e+40  7.274e+39  1.656e+38  6.313e+36  1.913e+34  6.561e+29  8.333e+21  1.037e+08  5.143e-17
 414  1.097e+40  7.114e+39  1.395e+38  4.673e+36  1.126e+34  2.567e+29  1.581e+21  5.457e+06  2.811e-19
 422  1.318e+40  8.424e+39  1.445e+38  4.312e+36  8.458e+33  1.339e+29  4.315e+20  4.725e+05  3.199e-21
 430  9.323e+39  5.872e+39  8.803e+37  2.340e+36  3.733e+33  4.095e+28  6.878e+19  2.373e+04  2.083e-23
 441  9.629e+39  5.942e+39  7.398e+37  1.675e+36  2.008e+33  1.327e+28  9.054e+18      632.0  3.278e-26
 451  1.271e+40  7.700e+39  8.092e+37  1.582e+36  1.462e+33  6.078e+27  1.822e+18      29.51  1.150e-28
 460  9.584e+39  5.707e+39  5.147e+37  8.815e+35  6.439e+32  1.762e+27  2.512e+17      1.088  4.082e-31
 470  1.730e+40  1.011e+40  7.691e+37  1.137e+36  6.392e+32  1.098e+27  6.844e+16    0.06813  1.881e-33
 480  1.240e+40  7.114e+39  4.563e+37  5.821e+35  2.519e+32  2.716e+26  7.390e+15   0.001687  3.402e-36
 490  1.031e+40  5.802e+39  3.280e+37  1.537e+36  9.354e+35  6.456e+35  3.521e+35  1.255e+35  2.087e+34
 500  1.781e+40  1.032e+40  1.259e+39  1.063e+39  8.609e+38  6.107e+38  3.407e+38  1.236e+38  2.080e+37
 506  1.118e+40  8.011e+39  4.335e+39  3.837e+39  3.158e+39  2.268e+39  1.276e+39  4.646e+38  7.800e+37
 512  1.814e+40  1.622e+40  1.340e+40  1.203e+40  9.979e+39  7.200e+39  4.049e+39  1.462e+39  2.401e+38
 520  1.745e+40  1.686e+40  1.483e+40  1.333e+40  1.104e+40  7.899e+39  4.363e+39  1.520e+39  2.339e+38
 530  1.671e+40  1.639e+40  1.439e+40  1.287e+40  1.056e+40  7.429e+39  3.976e+39  1.309e+39  1.820e+38
 540  3.904e+39  3.818e+39  3.326e+39  2.956e+39  2.398e+39  1.654e+39  8.550e+38  2.647e+38  3.299e+37
 550  3.514e+39  3.459e+39  2.999e+39  2.652e+39  2.130e+39  1.442e+39  7.212e+38  2.105e+38  2.360e+37
 560  1.844e+40  1.814e+40  1.561e+40  1.371e+40  1.089e+40  7.228e+39  3.487e+39  9.548e+38  9.559e+37
 570  1.808e+40  1.777e+40  1.518e+40  1.325e+40  1.040e+40  6.757e+39  3.141e+39  8.051e+38  7.169e+37
 580  1.565e+40  1.529e+40  1.290e+40  1.115e+40  8.616e+39  5.452e+39  2.421e+39  5.742e+38  4.481e+37
 590  2.082e+40  2.035e+40  1.705e+40  1.464e+40  1.118e+40  6.928e+39  2.960e+39  6.543e+38  4.490e+37
 600  1.549e+40  1.518e+40  1.266e+40  1.081e+40  8.177e+39  4.974e+39  2.055e+39  4.272e+38  2.621e+37
 610  2.461e+40  2.410e+40  1.992e+40  1.689e+40  1.261e+40  7.491e+39  2.969e+39  5.733e+38  3.086e+37
 620  1.868e+40  1.828e+40  1.498e+40  1.261e+40  9.280e+39  5.383e+39  2.045e+39  3.658e+38  1.721e+37
 630  1.727e+40  1.687e+40  1.370e+40  1.144e+40  8.308e+39  4.702e+39  1.709e+39  2.828e+38  1.158e+37
 640  1.602e+40  1.564e+40  1.258e+40  1.042e+40  7.460e+39  4.116e+39  1.430e+39  2.184e+38  7.750e+36
 650  1.782e+40  1.738e+40  1.385e+40  1.138e+40  8.026e+39  4.314e+39  1.431e+39  2.012e+38  6.169e+36
 658  1.268e+40  1.235e+40  9.766e+39  7.971e+39  5.554e+39  2.922e+39  9.330e+38  1.227e+38  3.336e+36
 665  1.359e+40  1.323e+40  1.039e+40  8.429e+39  5.811e+39  3.000e+39  9.258e+38  1.146e+38  2.800e+36
 675  1.744e+40  1.696e+40  1.318e+40  1.060e+40  7.194e+39  3.612e+39  1.061e+39  1.203e+38  2.514e+36
 685  1.412e+40  1.372e+40  1.055e+40  8.407e+39  5.615e+39  2.740e+39  7.650e+38  7.925e+37  1.412e+36
 695  1.431e+40  1.389e+40  1.057e+40  8.343e+39  5.481e+39  2.597e+39  6.886e+38  6.504e+37  9.835e+35
 705  1.690e+40  1.638e+40  1.232e+40  9.640e+39  6.228e+39  2.864e+39  7.199e+38  6.187e+37  7.909e+35
 716  1.688e+40  1.634e+40  1.215e+40  9.401e+39  5.959e+39  2.650e+39  6.273e+38  4.845e+37  5.125e+35
 726  1.700e+40  1.644e+40  1.208e+40  9.256e+39  5.764e+39  2.484e+39  5.560e+38  3.889e+37  3.448e+35
 735  1.657e+40  1.600e+40  1.163e+40  8.831e+39  5.411e+39  2.265e+39  4.816e+38  3.075e+37  2.318e+35
 745  1.325e+40  1.277e+40  9.178e+39  6.896e+39  4.148e+39  1.680e+39  3.371e+38  1.940e+37  1.217e+35
 755  1.249e+40  1.203e+40  8.539e+39  6.348e+39  3.747e+39  1.468e+39  2.774e+38  1.436e+37  7.460e+34
 765  1.319e+40  1.268e+40  8.890e+39  6.538e+39  3.785e+39  1.433e+39  2.547e+38  1.183e+37  5.072e+34
 775  1.486e+40  1.427e+40  9.873e+39  7.181e+39  4.077e+39  1.490e+39  2.489e+38  1.035e+37  3.645e+34
 785  2.689e+39  2.578e+39  1.761e+39  1.266e+39  7.045e+38  2.484e+38  3.894e+37  1.446e+36  4.167e+33
 795  1.569e+40  1.503e+40  1.013e+40  7.198e+39  3.923e+39  1.334e+39  1.960e+38  6.484e+36  1.522e+34
 805  1.525e+40  1.458e+40  9.690e+39  6.808e+39  3.634e+39  1.190e+39  1.636e+38  4.812e+36  9.162e+33
 815  1.374e+40  1.312e+40  8.601e+39  5.970e+39  3.119e+39  9.833e+38  1.263e+38  3.295e+36  5.068e+33
 825  1.451e+40  1.383e+40  8.941e+39  6.130e+39  3.134e+39  9.503e+38  1.140e+38  2.629e+36  3.252e+33
 835  1.216e+40  1.158e+40  7.374e+39  4.993e+39  2.496e+39  7.276e+38  8.132e+37  1.656e+36  1.640e+33
 845  1.430e+40  1.358e+40  8.525e+39  5.699e+39  2.785e+39  7.798e+38  8.112e+37  1.454e+36  1.148e+33
 855  1.118e+40  1.061e+40  6.558e+39  4.327e+39  2.066e+39  5.552e+38  5.368e+37  8.448e+35  5.297e+32
 865  1.284e+40  1.216e+40  7.402e+39  4.820e+39  2.248e+39  5.792e+38  5.198e+37  7.165e+35  3.551e+32
 875  1.379e+40  1.303e+40  7.813e+39  5.019e+39  2.285e+39  5.642e+38  4.693e+37  5.653e+35  2.205e+32
 885  1.391e+40  1.312e+40  7.742e+39  4.905e+39  2.179e+39  5.151e+38  3.966e+37  4.164e+35  1.272e+32
 895  1.366e+40  1.287e+40  7.470e+39  4.667e+39  2.023e+39  4.574e+38  3.258e+37  3.234e+35  2.072e+34
 905  1.323e+40  1.244e+40  7.156e+39  4.466e+39  1.973e+39  5.355e+38  1.518e+38  1.124e+38  1.016e+38
 915  2.282e+40  2.156e+40  1.554e+40  1.302e+40  1.074e+40  9.289e+39  8.621e+39  8.246e+39  7.940e+39
 925  2.104e+40  2.024e+40  1.916e+40  1.894e+40  1.874e+40  1.856e+40  1.841e+40  1.827e+40  1.814e+40
 935  3.225e+40  3.147e+40  3.102e+40  3.094e+40  3.086e+40  3.078e+40  3.071e+40  3.064e+40  3.057e+40
 945  3.009e+40  2.964e+40  2.945e+40  2.941e+40  2.938e+40  2.934e+40  2.931e+40  2.928e+40  2.925e+40
 955  2.663e+40  2.639e+40  2.629e+40  2.627e+40  2.625e+40  2.624e+40  2.622e+40  2.620e+40  2.619e+40
 965  2.968e+40  2.953e+40  2.948e+40  2.947e+40  2.946e+40  2.945e+40  2.944e+40  2.944e+40  2.943e+40
 975  2.057e+40  2.020e+40  2.009e+40  2.006e+40  2.004e+40  2.001e+40  1.999e+40  1.997e+40  1.995e+40
 985  1.969e+40  1.968e+40  1.968e+40  1.968e+40  1.968e+40  1.968e+40  1.967e+40  1.967e+40  1.967e+40
 995  2.762e+40  2.762e+40  2.762e+40  2.762e+40  2.762e+40  2.762e+40  2.762e+40  2.762e+40  2.762e+40
1005  2.414e+40  2.414e+40  2.414e+40  2.414e+40  2.414e+40  2.414e+40  2.414e+40  2.414e+40  2.414e+40
1015  2.739e+40  2.736e+40  2.735e+40  2.734e+40  2.734e+40  2.734e+40  2.734e+40  2.733e+40  2.733e+40
1025  2.247e+40  2.198e+40  2.185e+40  2.181e+40  2.178e+40  2.175e+40  2.171e+40  2.167e+40  2.162e+40
1035  2.427e+40  2.421e+40  2.420e+40  2.419e+40  2.419e+40  2.418e+40  2.418e+40  2.417e+40  2.417e+40
1045  2.720e+40  2.720e+40  2.720e+40  2.720e+40  2.720e+40  2.720e+40  2.720e+40  2.720e+40  2.720e+40
1055  2.652e+40  2.652e+40  2.652e+40  2.652e+40  2.652e+40  2.652e+40  2.652e+40  2.652e+40  2.652e+40
1065  2.534e+40  2.534e+40  2.534e+40  2.534e+40  2.534e+40  2.534e+40  2.534e+40  2.534e+40  2.534e+40
1075  2.464e+40  2.464e+40  2.464e+40  2.464e+40  2.464e+40  2.464e+40  2.464e+40  2.464e+40  2.464e+40
1085  2.258e+40  2.258e+40  2.258e+40  2.258e+40  2.258e+40  2.258e+40  2.258e+40  2.258e+40  2.258e+40
1095  2.437e+40  2.437e+40  2.437e+40  2.437e+40  2.437e+40  2.437e+40  2.437e+40  2.437e+40  2.437e+40
1105  2.367e+40  2.367e+40  2.367e+40  2.367e+40  2.367e+40  2.367e+40  2.367e+40  2.367e+40  2.367e+40
1115  2.141e+40  2.141e+40  2.141e+40  2.141e+40  2.141e+40  2.141e+40  2.141e+40  2.141e+40  2.141e+40
1125  1.858e+40  1.858e+40  1.858e+40  1.858e+40  1.858e+40  1.858e+40  1.858e+40  1.858e+40  1.858e+40
1135  2.206e+40  2.206e+40  2.206e+40  2.206e+40  2.206e+40  2.206e+40  2.206e+40  2.206e+40  2.206e+40
1145  2.190e+40  2.190e+40  2.190e+40  2.190e+40  2.190e+40  2.190e+40  2.190e+40  2.190e+40  2.190e+40
1155  1.965e+40  1.965e+40  1.965e+40  1.965e+40  1.965e+40  1.965e+40  1.965e+40  1.965e+40  1.965e+40
1165  1.891e+40  1.891e+40  1.891e+40  1.891e+40  1.891e+40  1.891e+40  1.891e+40  1.891e+40  1.891e+40
1175  1.709e+40  1.709e+40  1.709e+40  1.709e+40  1.709e+40  1.709e+40  1.709e+40  1.709e+40  1.709e+40
1185  1.959e+40  1.959e+40  1.959e+40  1.958e+40  1.958e+40  1.958e+40  1.958e+40  1.958e+40  1.958e+40
1195  1.822e+40  1.822e+40  1.822e+40  1.822e+40  1.822e+40  1.822e+40  1.822e+40  1.822e+40  1.821e+40
1205  1.796e+40  1.794e+40  1.793e+40  1.793e+40  1.792e+40  1.791e+40  1.790e+40  1.787e+40  1.783e+40
1215  1.662e+40  1.630e+40  1.615e+40  1.609e+40  1.601e+40  1.589e+40  1.571e+40  1.544e+40  1.504e+40
1225  1.768e+40  1.765e+40  1.763e+40  1.762e+40  1.761e+40  1.759e+40  1.756e+40  1.752e+40  1.745e+40
1235  1.436e+40  1.436e+40  1.436e+40  1.436e+40  1.436e+40  1.436e+40  1.436e+40  1.436e+40  1.435e+40
1245  1.843e+40  1.843e+40  1.843e+40  1.843e+40  1.843e+40  1.843e+40  1.843e+40  1.843e+40  1.843e+40
1255  1.700e+40  1.700e+40  1.700e+40  1.700e+40  1.700e+40  1.700e+40  1.700e+40  1.700e+40  1.700e+40
1265  1.742e+40  1.742e+40  1.742e+40  1.742e+40  1.742e+40  1.742e+40  1.742e+40  1.742e+40  1.742e+40
1275  1.726e+40  1.726e+40  1.726e+40  1.726e+40  1.726e+40  1.726e+40  1.726e+40  1.726e+40  1.726e+40
1285  1.662e+40  1.662e+40  1.662e+40  1.662e+40  1.662e+40  1.662e+40  1.662e+40  1.662e+40  1.662e+40
1295  1.608e+40  1.608e+40  1.608e+40  1.608e+40  1.608e+40  1.608e+40  1.608e+40  1.608e+40  1.608e+40
1305  1.637e+40  1.637e+40  1.637e+40  1.637e+40  1.637e+40  1.637e+40  1.637e+40  1.637e+40  1.637e+40
1315  1.581e+40  1.581e+40  1.581e+40  1.581e+40  1.581e+40  1.581e+40  1.581e+40  1.581e+40  1.581e+40
1325  1.545e+40  1.545e+40  1.545e+40  1.545e+40  1.545e+40  1.545e+40  1.545e+40  1.545e+40  1.545e+40
1335  1.553e+40  1.553e+40  1.553e+40  1.553e+40  1.553e+40  1.553e+40  1.553e+40  1.553e+40  1.553e+40
1345  1.436e+40  1.436e+40  1.436e+40  1.436e+40  1.436e+40  1.436e+40  1.436e+40  1.436e+40  1.436e+40
1355  1.502e+40  1.502e+40  1.502e+40  1.502e+40  1.502e+40  1.502e+40  1.502e+40  1.502e+40  1.502e+40
1365  1.441e+40  1.441e+40  1.441e+40  1.441e+40  1.441e+40  1.441e+40  1.441e+40  1.441e+40  1.441e+40
1375  1.398e+40  1.398e+40  1.398e+40  1.398e+40  1.398e+40  1.398e+40  1.398e+40  1.398e+40  1.398e+40
1385  1.312e+40  1.312e+40  1.312e+40  1.312e+40  1.312e+40  1.312e+40  1.312e+40  1.312e+40  1.312e+40
1395  1.283e+40  1.283e+40  1.283e+40  1.283e+40  1.283e+40  1.283e+40  1.283e+40  1.283e+40  1.283e+40
1405  1.321e+40  1.321e+40  1.321e+40  1.321e+40  1.321e+40  1.321e+40  1.321e+40  1.321e+40  1.321e+40
1415  1.311e+40  1.311e+40  1.311e+40  1.311e+40  1.311e+40  1.311e+40  1.311e+40  1.311e+40  1.311e+40
1425  1.224e+40  1.224e+40  1.224e+40  1.224e+40  1.224e+40  1.224e+40  1.224e+40  1.224e+40  1.224e+40
1435  1.253e+40  1.253e+40  1.253e+40  1.253e+40  1.253e+40  1.253e+40  1.253e+40  1.253e+40  1.253e+40
1442  1.252e+40  1.252e+40  1.252e+40  1.252e+40  1.252e+40  1.252e+40  1.252e+40  1.252e+40  1.252e+40
1447  1.236e+40  1.236e+40  1.236e+40  1.236e+40  1.236e+40  1.236e+40  1.236e+40  1.236e+40  1.236e+40
1455  1.213e+40  1.213e+40  1.213e+40  1.213e+40  1.213e+40  1.213e+40  1.213e+40  1.213e+40  1.213e+40
1465  1.191e+40  1.191e+40  1.191e+40  1.191e+40  1.191e+40  1.191e+40  1.191e+40  1.191e+40  1.191e+40
1475  1.208e+40  1.208e+40  1.208e+40  1.208e+40  1.208e+40  1.208e+40  1.208e+40  1.208e+40  1.208e+40
1485  1.209e+40  1.209e+40  1.209e+40  1.209e+40  1.209e+40  1.209e+40  1.209e+40  1.209e+40  1.209e+40
1495  1.182e+40  1.182e+40  1.182e+40  1.182e+40  1.182e+40  1.182e+40  1.182e+40  1.182e+40  1.182e+40
1505  1.135e+40  1.135e+40  1.135e+40  1.135e+40  1.135e+40  1.135e+40  1.135e+40  1.135e+40  1.135e+40
1512  1.114e+40  1.114e+40  1.114e+40  1.114e+40  1.114e+40  1.114e+40  1.114e+40  1.114e+40  1.114e+40
1517  1.130e+40  1.130e+40  1.130e+40  1.130e+40  1.130e+40  1.130e+40  1.130e+40  1.130e+40  1.130e+40
1525  1.088e+40  1.088e+40  1.088e+40  1.088e+40  1.088e+40  1.088e+40  1.088e+40  1.088e+40  1.088e+40
1535  1.040e+40  1.040e+40  1.040e+40  1.040e+40  1.040e+40  1.040e+40  1.040e+40  1.040e+40  1.040e+40
1545  7.659e+39  7.659e+39  7.659e+39  7.659e+39  7.659e+39  7.659e+39  7.659e+39  7.659e+39  7.659e+39
1555  1.083e+40  1.083e+40  1.083e+40  1.083e+40  1.083e+40  1.083e+40  1.083e+40  1.083e+40  1.083e+40
1565  9.002e+39  9.002e+39  9.002e+39  9.002e+39  9.002e+39  9.002e+39  9.002e+39  9.002e+39  9.002e+39
1575  9.946e+39  9.946e+39  9.946e+39  9.946e+39  9.946e+39  9.946e+39  9.946e+39  9.946e+39  9.946e+39
1585  9.271e+39  9.271e+39  9.271e+39  9.271e+39  9.271e+39  9.271e+39  9.271e+39  9.271e+39  9.271e+39
1595  9.765e+39  9.765e+39  9.765e+39  9.765e+39  9.765e+39  9.765e+39  9.765e+39  9.765e+39  9.765e+39
1605  9.406e+39  9.406e+39  9.406e+39  9.406e+39  9.406e+39  9.406e+39  9.406e+39  9.406e+39  9.406e+39
1615  9.305e+39  9.305e+39  9.305e+39  9.305e+39  9.305e+39  9.305e+39  9.305e+39  9.305e+39  9.305e+39
1625  9.077e+39  9.077e+39  9.077e+39  9.077e+39  9.077e+39  9.077e+39  9.077e+39  9.077e+39  9.077e+39
1635  8.962e+39  8.962e+39  8.962e+39  8.962e+39  8.962e+39  8.962e+39  8.962e+39  8.962e+39  8.962e+39
1645  9.911e+39  9.911e+39  9.911e+39  9.911e+39  9.911e+39  9.911e+39  9.911e+39  9.911e+39  9.911e+39
1655  8.960e+39  8.960e+39  8.960e+39  8.960e+39  8.960e+39  8.960e+39  8.960e+39  8.960e+39  8.960e+39
1665  8.968e+39  8.968e+39  8.968e+39  8.968e+39  8.968e+39  8.968e+39  8.968e+39  8.968e+39  8.968e+39
1672  8.658e+39  8.658e+39  8.658e+39  8.658e+39  8.658e+39  8.658e+39  8.658e+39  8.658e+39  8.658e+39
1677  8.891e+39  8.891e+39  8.891e+39  8.891e+39  8.891e+39  8.891e+39  8.891e+39  8.891e+39  8.891e+39
1685  8.757e+39  8.757e+39  8.757e+39  8.757e+39  8.757e+39  8.757e+39  8.757e+39  8.757e+39  8.757e+39
1695  8.549e+39  8.549e+39  8.549e+39  8.549e+39  8.549e+39  8.549e+39  8.549e+39  8.549e+39  8.549e+39
1705  8.321e+39  8.321e+39  8.321e+39  8.321e+39  8.321e+39  8.321e+39  8.321e+39  8.321e+39  8.321e+39
1715  7.662e+39  7.662e+39  7.662e+39  7.662e+39  7.662e+39  7.662e+39  7.662e+39  7.662e+39  7.662e+39
1725  8.218e+39  8.218e+39  8.218e+39  8.218e+39  8.218e+39  8.218e+39  8.218e+39  8.218e+39  8.218e+39
1735  8.112e+39  8.112e+39  8.112e+39  8.112e+39  8.112e+39  8.112e+39  8.112e+39  8.112e+39  8.112e+39
1745  7.685e+39  7.685e+39  7.685e+39  7.685e+39  7.685e+39  7.685e+39  7.685e+39  7.685e+39  7.685e+39
1755  7.918e+39  7.918e+39  7.918e+39  7.918e+39  7.918e+39  7.918e+39  7.918e+39  7.918e+39  7.918e+39
1765  7.732e+39  7.732e+39  7.732e+39  7.732e+39  7.732e+39  7.732e+39  7.732e+39  7.732e+39  7.732e+39
1775  7.551e+39  7.551e+39  7.551e+39  7.551e+39  7.551e+39  7.551e+39  7.551e+39  7.551e+39  7.551e+39
1785  7.484e+39  7.484e+39  7.484e+39  7.484e+39  7.484e+39  7.484e+39  7.484e+39  7.484e+39  7.484e+39
1795  7.379e+39  7.379e+39  7.379e+39  7.379e+39  7.379e+39  7.379e+39  7.379e+39  7.379e+39  7.379e+39
1805  7.286e+39  7.286e+39  7.286e+39  7.286e+39  7.286e+39  7.286e+39  7.286e+39  7.286e+39  7.286e+39
1815  7.123e+39  7.123e+39  7.123e+39  7.123e+39  7.123e+39  7.123e+39  7.123e+39  7.123e+39  7.123e+39
1825  7.020e+39  7.020e+39  7.020e+39  7.020e+39  7.020e+39  7.020e+39  7.020e+39  7.020e+39  7.020e+39
1835  6.980e+39  6.980e+39  6.980e+39  6.980e+39  6.980e+39  6.980e+39  6.980e+39  6.980e+39  6.980e+39
1845  6.735e+39  6.735e+39  6.735e+39  6.735e+39  6.735e+39  6.735e+39  6.735e+39  6.735e+39  6.735e+39
1855  6.663e+39  6.663e+39  6.663e+39  6.663e+39  6.663e+39  6.663e+39  6.663e+39  6.663e+39  6.663e+39
1865  6.636e+39  6.636e+39  6.636e+39  6.636e+39  6.636e+39  6.636e+39  6.636e+39  6.636e+39  6.636e+39
1875  6.570e+39  6.570e+39  6.570e+39  6.570e+39  6.570e+39  6.570e+39  6.570e+39  6.570e+39  6.570e+39
1885  6.309e+39  6.309e+39  6.309e+39  6.309e+39  6.309e+39  6.309e+39  6.309e+39  6.309e+39  6.309e+39
1895  6.218e+39  6.218e+39  6.218e+39  6.218e+39  6.218e+39  6.218e+39  6.218e+39  6.218e+39  6.218e+39
1905  6.241e+39  6.241e+39  6.241e+39  6.241e+39  6.241e+39  6.241e+39  6.241e+39  6.241e+39  6.241e+39
1915  6.120e+39  6.120e+39  6.120e+39  6.120e+39  6.120e+39  6.120e+39  6.120e+39  6.120e+39  6.120e+39
1925  5.975e+39  5.975e+39  5.975e+39  5.975e+39  5.975e+39  5.975e+39  5.975e+39  5.975e+39  5.975e+39
1935  5.989e+39  5.989e+39  5.989e+39  5.989e+39  5.989e+39  5.989e+39  5.989e+39  5.989e+39  5.989e+39
1945  5.947e+39  5.947e+39  5.947e+39  5.947e+39  5.947e+39  5.947e+39  5.947e+39  5.947e+39  5.947e+39
1955  5.737e+39  5.737e+39  5.737e+39  5.737e+39  5.737e+39  5.737e+39  5.737e+39  5.737e+39  5.737e+39
1967  5.757e+39  5.757e+39  5.757e+39  5.757e+39  5.757e+39  5.757e+39  5.757e+39  5.757e+39  5.757e+39
1976  5.756e+39  5.756e+39  5.756e+39  5.756e+39  5.756e+39  5.756e+39  5.756e+39  5.756e+39  5.756e+39
1984  5.616e+39  5.616e+39  5.616e+39  5.616e+39  5.616e+39  5.616e+39  5.616e+39  5.616e+39  5.616e+39
1995  5.526e+39  5.526e+39  5.526e+39  5.526e+39  5.526e+39  5.526e+39  5.526e+39  5.526e+39  5.526e+39
2005  5.481e+39  5.481e+39  5.481e+39  5.481e+39  5.481e+39  5.481e+39  5.481e+39  5.481e+39  5.481e+39
2015  5.425e+39  5.425e+39  5.425e+39  5.425e+39  5.425e+39  5.425e+39  5.425e+39  5.425e+39  5.425e+39
2025  5.382e+39  5.382e+39  5.382e+39  5.382e+39  5.382e+39  5.382e+39  5.382e+39  5.382e+39  5.382e+39
2035  5.238e+39  5.238e+39  5.238e+39  5.238e+39  5.238e+39  5.238e+39  5.238e+39  5.238e+39  5.238e+39
2045  5.178e+39  5.178e+39  5.178e+39  5.178e+39  5.178e+39  5.178e+39  5.178e+39  5.178e+39  5.178e+39
2055  5.009e+39  5.009e+39  5.009e+39  5.009e+39  5.009e+39  5.009e+39  5.009e+39  5.009e+39  5.009e+39
2065  5.048e+39  5.048e+39  5.048e+39  5.048e+39  5.048e+39  5.048e+39  5.048e+39  5.048e+39  5.048e+39
2074  5.116e+39  5.116e+39  5.116e+39  5.116e+39  5.116e+39  5.116e+39  5.116e+39  5.116e+39  5.116e+39
2078  5.010e+39  5.010e+39  5.010e+39  5.010e+39  5.010e+39  5.010e+39  5.010e+39  5.010e+39  5.010e+39
2085  4.990e+39  4.990e+39  4.990e+39  4.990e+39  4.990e+39  4.990e+39  4.990e+39  4.990e+39  4.990e+39
2095  4.875e+39  4.875e+39  4.875e+39  4.875e+39  4.875e+39  4.875e+39  4.875e+39  4.875e+39  4.875e+39
2105  4.855e+39  4.855e+39  4.855e+39  4.855e+39  4.855e+39  4.855e+39  4.855e+39  4.855e+39  4.855e+39
2115  4.810e+39  4.810e+39  4.810e+39  4.810e+39  4.810e+39  4.810e+39  4.810e+39  4.810e+39  4.810e+39
2125  4.763e+39  4.763e+39  4.763e+39  4.763e+39  4.763e+39  4.763e+39  4.763e+39  4.763e+39  4.763e+39
2135  4.680e+39  4.680e+39  4.680e+39  4.680e+39  4.680e+39  4.680e+39  4.680e+39  4.680e+39  4.680e+39
2145  4.599e+39  4.599e+39  4.599e+39  4.599e+39  4.599e+39  4.599e+39  4.599e+39  4.599e+39  4.599e+39
2155  4.585e+39  4.585e+39  4.585e+39  4.585e+39  4.585e+39  4.585e+39  4.585e+39  4.585e+39  4.585e+39
2165  4.494e+39  4.494e+39  4.494e+39  4.494e+39  4.494e+39  4.494e+39  4.494e+39  4.494e+39  4.494e+39
2175  4.460e+39  4.460e+39  4.460e+39  4.460e+39  4.460e+39  4.460e+39  4.460e+39  4.460e+39  4.460e+39
2185  4.368e+39  4.368e+39  4.368e+39  4.368e+39  4.368e+39  4.368e+39  4.368e+39  4.368e+39  4.368e+39
2195  4.358e+39  4.358e+39  4.358e+39  4.358e+39  4.358e+39  4.358e+39  4.358e+39  4.358e+39  4.358e+39
2205  4.297e+39  4.297e+39  4.297e+39  4.297e+39  4.297e+39  4.297e+39  4.297e+39  4.297e+39  4.297e+39
2215  4.210e+39  4.210e+39  4.210e+39  4.210e+39  4.210e+39  4.210e+39  4.210e+39  4.210e+39  4.210e+39
2225  4.179e+39  4.179e+39  4.179e+39  4.179e+39  4.179e+39  4.179e+39  4.179e+39  4.179e+39  4.179e+39
2235  4.134e+39  4.134e+39  4.134e+39  4.134e+39  4.134e+39  4.134e+39  4.134e+39  4.134e+39  4.134e+39
2245  4.087e+39  4.087e+39  4.087e+39  4.087e+39  4.087e+39  4.087e+39  4.087e+39  4.087e+39  4.087e+39
2255  4.006e+39  4.006e+39  4.006e+39  4.006e+39  4.006e+39  4.006e+39  4.006e+39  4.006e+39  4.006e+39
2265  3.994e+39  3.994e+39  3.994e+39  3.994e+39  3.994e+39  3.994e+39  3.994e+39  3.994e+39  3.994e+39
2275  3.959e+39  3.959e+39  3.959e+39  3.959e+39  3.959e+39  3.959e+39  3.959e+39  3.959e+39  3.959e+39
2285  3.935e+39  3.935e+39  3.935e+39  3.935e+39  3.935e+39  3.935e+39  3.935e+39  3.935e+39  3.935e+39
2295  3.794e+39  3.794e+39  3.794e+39  3.794e+39  3.794e+39  3.794e+39  3.794e+39  3.794e+39  3.794e+39
2305  3.831e+39  3.831e+39  3.831e+39  3.831e+39  3.831e+39  3.831e+39  3.831e+39  3.831e+39  3.831e+39
2315  3.782e+39  3.782e+39  3.782e+39  3.782e+39  3.782e+39  3.782e+39  3.782e+39  3.782e+39  3.782e+39
2325  3.637e+39  3.637e+39  3.637e+39  3.637e+39  3.637e+39  3.637e+39  3.637e+39  3.637e+39  3.637e+39
2335  3.665e+39  3.665e+39  3.665e+39  3.665e+39  3.665e+39  3.665e+39  3.665e+39  3.665e+39  3.665e+39
2345  3.626e+39  3.626e+39  3.626e+39  3.626e+39  3.626e+39  3.626e+39  3.626e+39  3.626e+39  3.626e+39
2355  3.591e+39  3.591e+39  3.591e+39  3.591e+39  3.591e+39  3.591e+39  3.591e+39  3.591e+39  3.591e+39
2365  3.543e+39  3.543e+39  3.543e+39  3.543e+39  3.543e+39  3.543e+39  3.543e+39  3.543e+39  3.543e+39
2375  3.503e+39  3.503e+39  3.503e+39  3.503e+39  3.503e+39  3.503e+39  3.503e+39  3.503e+39  3.503e+39
2385  3.431e+39  3.431e+39  3.431e+39  3.431e+39  3.431e+39  3.431e+39  3.431e+39  3.431e+39  3.431e+39
2395  3.432e+39  3.432e+39  3.432e+39  3.432e+39  3.432e+39  3.432e+39  3.432e+39  3.432e+39  3.432e+39
2405  3.399e+39  3.399e+39  3.399e+39  3.399e+39  3.399e+39  3.399e+39  3.399e+39  3.399e+39  3.399e+39
2415  3.359e+39  3.359e+39  3.359e+39  3.359e+39  3.359e+39  3.359e+39  3.359e+39  3.359e+39  3.359e+39
2425  3.326e+39  3.326e+39  3.326e+39  3.326e+39  3.326e+39  3.326e+39  3.326e+39  3.326e+39  3.326e+39
2435  3.277e+39  3.277e+39  3.277e+39  3.277e+39  3.277e+39  3.277e+39  3.277e+39  3.277e+39  3.277e+39
2445  3.251e+39  3.251e+39  3.251e+39  3.251e+39  3.251e+39  3.251e+39  3.251e+39  3.251e+39  3.251e+39
2455  3.217e+39  3.217e+39  3.217e+39  3.217e+39  3.217e+39  3.217e+39  3.217e+39  3.217e+39  3.217e+39
2465  3.179e+39  3.179e+39  3.179e+39  3.179e+39  3.179e+39  3.179e+39  3.179e+39  3.179e+39  3.179e+39
2475  3.143e+39  3.143e+39  3.143e+39  3.143e+39  3.143e+39  3.143e+39  3.143e+39  3.143e+39  3.143e+39
2485  3.109e+39  3.109e+39  3.109e+39  3.109e+39  3.109e+39  3.109e+39  3.109e+39  3.109e+39  3.109e+39
2495  2.965e+39  2.965e+39  2.965e+39  2.965e+39  2.965e+39  2.965e+39  2.965e+39  2.965e+39  2.965e+39
2505      0.000      0.000      0.000      0.000      0.000      0.000      0.000      0.000      0.000
2513      0.000      0.000      0.000      0.000      0.000      0.000      0.000      0.000      0.000
2518      0.000      0.000      0.000      0.000      0.000      0.000      0.000      0.000      0.000
