wtf 

Sub-Neptune
0.8610872
0.8611136
0.8611401
0.8611668
0.8611937
0.8612207
0.8612479
0.8612752
0.8613027
0.8613302
0.861358
0.8613859
0.861414
0.8614423
0.8614707
0.8614994
0.8615282
0.8615573
0.8615866
0.8616161
0.8616458
0.8616757
0.8617059
0.8617362
0.8617668
0.8617977
0.8618287
0.86186
0.8618916
0.8619234
0.8619554
0.8619878
0.8620204
0.8620533
0.8620864
0.8621199
0.8621537
0.8621877
0.8622221
0.8622569
0.8622919
0.8623274
0.8623573
0.8623842
0.8624112
0.8624384
0.8624657
0.8624933
0.862521
0.862549
0.8625772
0.8626057
0.8626345
0.8626634
0.8626926
0.862722
0.8627516
0.8627815
0.8628116
0.8628419
0.8628725
0.8629033
0.8629344
0.8629657
0.8629973
0.8630292
0.8630614
0.8630936
0.8631261
0.8631588
0.8631919
0.8632253
0.863259
0.8632931
0.8633275
0.8633624
0.8633977
0.8634334
0.8634694
0.8635059
0.8635427
0.8635799
0.8636176
0.8659924
0.8659923
0.8659923
0.8659922
0.8659921
0.865992
0.865992
0.8659919
0.8659919
0.8659921
0.8659922
0.8659923
0.8659924
0.8659925
0.8659926
0.8659928
0.8659923
0.8659916
0.8659908
0.8659901
0.8659893
0.8659886
0.8659878
0.8659871
0.865987
0.8659872
0.8659874
0.8659877
0.8659879
0.8659882
0.8659884
0.8659887
0.8659892
0.8659899
0.8659906
0.8659912
0.8659919
0.8659926
0.8659933
0.865994
0.8659942
0.8659942
0.8659942
0.8659942
0.8659942
0.8659942
0.8659942
0.8659942
0.8659932
0.8659919
0.8659906
0.8659893
0.865988
0.8659867
0.8659854
0.8659841
0.8659841
0.8659843
0.8659845
0.8659847
0.865985
0.8659852
0.8659854
0.8659856
0.865986
0.8659865
0.8659869
0.8659873
0.8659878
0.8659882
0.8659887
0.865989
0.8659891
0.8659892
0.8659892
0.8659893
0.8659893
0.8659894
0.8659895
0.865989
0.8659874
0.8659858
0.8659843
0.8659827
0.8659811
0.8659795
0.8659779
0.8659777
0.8659785
0.8659794
0.8659803
0.8659812
0.865982
0.8659829
0.8659838
0.8659848
0.8659858
0.8659868
0.8659878
0.8659889
0.8659899
0.8659909
0.8659919
0.8659922
0.8659924
0.8659927
0.865993
0.8659932
0.8659935
0.8659937
0.865993
0.8659905
0.8659881
0.8659856
0.8659831
0.8659807
0.8659782
0.8659758
0.8659745
0.8659739
0.8659732
0.8659725
0.8659718
0.8659711
0.8659704
0.8659699
0.8659716
0.8659734
0.8659751
0.8659769
0.8659786
0.8659803
0.8659821
0.8659835
0.8659844
0.8659853
0.8659862
0.8659871
0.865988
0.8659889
0.8659898
0.8659878
0.8659855
0.8659831
0.8659807
0.8659783
0.865976
0.8659736
0.865972
0.8659722
0.8659724
0.8659727
0.8659729
0.8659731
0.8659734
0.8659736
0.8659747
0.865976
0.8659773
0.8659787
0.86598
0.8659813
0.8659827
0.8659839
0.8659849
0.8659859
0.8659869
0.8659879
0.8659889
0.8659899
0.8659909
0.8659915
0.8659919
0.8659923
0.8659928
0.8659932
0.8659936
0.8659941
0.8659923
0.8659862
0.8659802
0.8659741
0.8659681
0.865962
0.865956
0.86595
0.86595
0.8659505
0.865951
0.8659514
0.8659519
0.8659524
0.8659529
0.8659549
0.8659582
0.8659616
0.8659649
0.8659683
0.8659716
0.865975
0.8659781
0.8659797
0.8659813
0.8659829
0.8659845
0.8659861
0.8659877
0.8659893
0.8659869
0.8659834
0.8659799
0.8659764
0.8659729
0.8659694
0.865966
0.8659641
0.8659641
0.8659641
0.8659641
0.8659641
0.8659641
0.8659641
0.8659647
0.8659682
0.8659718
0.8659753
0.8659789
0.8659825
0.865986
0.8659896
0.8659889
0.8659877
0.8659865
0.8659854
0.8659842
0.865983
0.8659818
0.8659827
0.8659845
0.8659864
0.8659882
0.8659901
0.8659919
0.8659938
0.865993
0.865989
0.8659849
0.8659808
0.8659768
0.8659727
0.8659687
0.8659639
0.8659569
0.8659499
0.865943
0.8659361
0.8659292
0.8659223
0.8659163
0.8659218
0.8659273
0.8659327
0.8659382
0.8659437
0.8659493
0.8659548
0.8659577
0.8659604
0.8659632
0.8659659
0.8659686
0.8659714
0.8659741
0.8659762
0.8659782
0.8659801
0.8659821
0.8659841
0.865986
0.865988
0.865985
0.8659799
0.8659748
0.8659698
0.8659647
0.8659597
0.8659546
0.865954
0.8659559
0.8659579
0.8659598
0.8659618
0.8659637
0.8659657
0.8659688
0.8659727
0.8659766
0.8659806
0.8659846
0.8659885
0.8659925
0.8659936
0.8659923
0.865991
0.8659898
0.8659885
0.8659872
0.865986
0.8659861
0.8659876
0.865989
0.8659904
0.8659918
0.8659932
0.8659946
0.865993
0.8659892
0.8659853
0.8659814
0.8659776
0.8659737
0.8659699
0.8659639
0.8659565
0.8659491
0.8659417
0.8659343
0.865927
0.8659197
0.8659203
0.8659248
0.8659293
0.8659338
0.8659383
0.8659429
0.8659474
0.8659491
0.8659498
0.8659506
0.8659514
0.8659521
0.8659529
0.8659536
0.8659577
0.8659622
0.8659667
0.8659713
0.8659759
0.8659805
0.8659851
0.8659858
0.8659864
0.8659871
0.8659878
0.8659885
0.8659892
0.8659893
0.8659858
0.8659824
0.8659789
0.8659755
0.8659721
0.8659686
0.8659673
0.8659702
0.865973
0.8659759
0.8659788
0.8659817
0.8659845
0.8659871
0.8659895
0.8659918
0.8659941
0.8659964
0.8659988
0.8660011
0.8660007
0.8659993
0.865998
0.8659966
0.8659953
0.865994
0.8659926
0.8659932
0.8659937
0.8659943
0.8659948
0.8659954
0.8659959
0.865994
0.8659853
0.8659767
0.8659681
0.8659595
0.8659509
0.8659424
0.8659387
0.8659389
0.8659391
0.8659393
0.8659396
0.8659398
0.86594
0.8659447
0.8659503
0.8659558
0.8659614
0.865967
0.8659726
0.8659761
0.86597
0.8659639
0.8659579
0.8659519
0.8659458
0.8659399
0.8659397
0.8659446
0.8659495
0.8659544
0.8659594
0.8659644
0.8659694
0.8659735
0.8659775
0.8659816
0.8659857
0.8659897
0.8659938
0.8659966
0.8659962
0.8659958
0.8659953
0.8659949
0.8659945
0.8659941
0.8659934
0.8659926
0.8659918
0.865991
0.8659902
0.8659894
0.865989
0.8659907
0.8659924
0.8659942
0.8659959
0.8659976
0.8659994
0.8660005
0.8660013
0.8660021
0.8660029
0.8660036
0.8660044
0.8660051
0.8660041
0.8660031
0.866002
0.866001
0.866
0.865999
0.8659979
0.8659966
0.8659954
0.8659942
0.8659929
0.8659917
0.8659898
0.8659796
0.8659694
0.8659593
0.8659492
0.8659392
0.8659293
0.8659283
0.8659331
0.8659379
0.8659428
0.8659476
0.8659525
0.8659576
0.8659635
0.8659695
0.8659755
0.8659815
0.8659876
0.8659936
0.8659925
0.8659887
0.865985
0.8659812
0.8659774
0.8659737
0.8659707
0.8659694
0.865968
0.8659666
0.8659653
0.8659639
0.8659625
0.8659669
0.8659717
0.8659766
0.8659814
0.8659863
0.8659911
0.8659944
0.8659965
0.8659985
0.8660006
0.8660027
0.8660047
0.8660064
0.8660067
0.8660069
0.8660072
0.8660075
0.8660077
0.866008
0.8660081
0.8660082
0.8660084
0.8660085
0.8660086
0.8660087
0.8660089
0.866009
0.8660092
0.8660093
0.8660095
0.8660096
0.8660097
0.8660097
0.8660097
0.8660096
0.8660096
0.8660096
0.8660095
0.866009
0.8660086
0.8660081
0.8660076
0.8660071
0.8660066
0.8660042
0.8660012
0.8659982
0.8659952
0.8659922
0.8659892
0.865984
0.8659769
0.8659698
0.8659627
0.8659556
0.8659486
0.8659451
0.8659499
0.8659547
0.8659594
0.8659642
0.8659691
0.8659739
0.8659782
0.8659825
0.8659868
0.8659912
0.8659955
0.8659999
0.8660011
0.866002
0.8660029
0.8660038
0.8660047
0.8660056
0.8660036
0.8660007
0.8659978
0.8659949
0.865992
0.8659891
0.8659888
0.8659902
0.8659916
0.865993
0.8659944
0.8659957
0.8659973
0.8659991
0.8660008
0.8660026
0.8660044
0.8660061
0.8660075
0.8660081
0.8660087
0.8660094
0.86601
0.8660106
0.8660111
0.8660113
0.8660115
0.8660116
0.8660118
0.866012
0.8660121
0.866012
0.866012
0.8660119
0.8660119
0.8660118
0.8660118
0.8660119
0.866012
0.8660121
0.8660122
0.8660123
0.8660124
0.8660125
0.8660125
0.8660125
0.8660125
0.8660126
0.8660126
0.8660125
0.8660124
0.8660123
0.8660123
0.8660122
0.866012
0.8660107
0.8660094
0.8660081
0.8660068
0.8660055
0.866004
0.8660008
0.8659975
0.8659942
0.8659909
0.8659877
0.865985
0.8659864
0.8659878
0.8659892
0.8659907
0.8659921
0.8659936
0.8659957
0.8659977
0.8659997
0.8660018
0.8660038
0.8660057
0.8660068
0.8660079
0.8660091
0.8660102
0.8660113
0.8660122
0.8660124
0.8660127
0.866013
0.8660133
0.8660135
0.8660137
0.8660138
0.8660138
0.8660139
0.8660139
0.866014
0.8660141
0.8660141
0.8660141
0.8660142
0.8660142
0.8660143
0.8660143
0.8660143
0.8660144
0.8660144
0.8660144
0.8660144
0.8660145
0.8660145
0.8660145
0.8660145
0.8660146
0.8660146
0.8660146
0.8660146
0.8660146
0.8660146
0.8660146
0.8660146
0.8660146
0.8660147
0.8660147
0.8660147
0.8660148
0.8660148
0.8660149
0.8660149
0.8660149
0.866015
0.866015
0.866015
0.8660151
0.8660151
0.8660151
0.8660151
0.8660152
0.8660152
0.8660152
0.8660152
0.8660153
0.8660153
0.8660153
0.8660153
0.8660154
0.8660154
0.8660154
0.8660154
0.8660155
0.8660155
0.8660155
0.8660155
0.8660155
0.8660155
0.8660155
0.8660155
0.8660155
0.8660155
0.8660155
0.8660155
0.8660155
0.8660154
0.8660154
0.8660153
0.8660153
0.8660152
0.8660153
0.8660153
0.8660153
0.8660154
0.8660154
0.8660155
0.8660156
0.8660157
0.8660158
0.8660159
0.866016
0.8660161
0.8660161
0.8660162
0.8660162
0.8660163
0.8660163
0.8660163
0.8660164
0.8660164
0.8660164
0.8660165
0.8660165
0.8660165
0.8660165
0.8660166
0.8660166
0.8660166
0.8660168
0.8660168
0.8660168
0.8660168
0.8660169
0.8660169
0.8660169
0.8660169
0.866017
0.866017
0.866017
0.866017
0.8660171
0.8660171
0.8660171
0.8660171
0.8660172
0.8660172
0.8660172
0.8660172
0.8660173
0.8660173
0.8660173
0.8660173
0.8660174
0.8660174
0.8660174
0.8660175
0.8660175
0.8660175
0.8660175
0.8660176
0.8660176
0.8660176
0.8660176
0.8660177
0.8660177
0.8660177
0.8660177
0.8660178
0.8660178
0.8660178
0.8660178
0.8660179
0.8660179
0.8660179
0.866018
0.866018
0.866018
0.866018
0.8660181
0.8660181
0.8660181
0.8660181
0.8660182
0.8660182
0.8660182
0.8660182
0.8660183
0.8660183
0.8660183
0.8660183
0.8660184
0.8660184
0.8660184
0.8660185
0.8660185
0.8660185
0.8660185
0.8660186
0.8660186
0.8660186
0.8660186
0.8660187
0.8660187
0.8660187
0.8660187
0.8660188
0.8660188
0.8660188
0.8660189
0.8660189
0.8660189
0.8660189
0.866019
0.866019
0.866019
0.866019
0.8660191
0.8660191
0.8660191
0.8660192
0.8660192
0.8660192
0.8660192
0.8660193
0.8660193
0.8660193
0.8660193
0.8660194
0.8660194
0.8660194
0.8660194
0.8660195
0.8660195
0.8660195
0.8660196
0.8660196
0.8660196
0.8660196
0.8660197
0.8660197
0.8660197
0.8660197
0.8660198
0.8660198
0.8660198
0.8660195
0.8660199
0.8660199
0.8660199
0.8660168
0.8660195
0.8660012
0.86602
0.86602
0.8660201
0.8660162
0.8660202
0.8660191
0.8660202
0.8660202
0.8660203
0.8660202
0.8658114
0.8660186
0.8660203
0.8660204
0.8660204
0.8660204
0.8660205
0.8660205
0.8660205
0.8660206
0.8660206
0.8660206
0.8660207
0.8660207
0.8660207
0.8660207
0.8660208
0.8660208
0.8660208
0.8660208
0.8660209
0.8660209
0.8660209
0.866021
0.866021
0.866021
0.866021
0.8660211
0.8660211
0.8660211
0.8660211
0.8660212
0.8660212
0.8660212
0.8660212
0.8660213
0.8660213
0.8660213
0.8660213
0.8660214
0.8660214
0.8660214
0.8660214
0.8660215
0.8660215
0.8660215
0.8660215
0.8660216
0.8660216
0.8660216
0.8660217
0.8660217
0.8660217
0.8660217
0.8660218
0.8660218
0.8660218
0.8660218
0.8660219
0.8660219
0.8660219
0.8660219
0.866022
0.866022
0.866022
0.866022
0.8660221
0.8660221
0.8660221
0.8660221
0.8660222
0.8660222
0.8660222
0.8660222
0.8660223
0.8660223
0.8660223
0.8660224
0.8660224
0.8660224
0.8660224
0.8660225
0.8660225
0.8660225
0.8660225
0.8660226
0.8660226
0.8660226
0.8660226
0.8660227
0.8660227
0.8660227
0.8660227
0.8660228
0.8660228
0.8660228
0.8660229
0.8660229
0.8660225
0.8660228
0.8660225
0.866023
0.866023
0.866023
0.8660231
0.8660231
0.8660231
0.8660231
0.8660232
0.8660232
0.8660232
0.8660233
0.8660233
0.8660233
0.8660233
0.8660234
0.8660234
0.8660234
0.8660234
0.8660235
0.8660235
0.8660235
0.8660235
0.8660235
0.8660235
0.8660235
0.8660235
0.8660235
0.8660235
0.8660235
0.8660235
0.8660235
0.8660235
0.8660235
0.8660235
0.8660235
0.8660235
0.8660235
0.8660235
0.8660235
0.8660235
0.8660234
0.8660235
0.8660235
0.8660235
0.8660235
0.8660235
0.8660235
0.8660235
0.8660235
0.8660235
0.8660235
0.8660235
0.8660235
0.8660235
0.8660235
0.8660235
0.8660235
0.8660235
0.8660235
0.8660235
0.8660235
0.8660235
0.8660235
0.8660235
0.8660234
0.8660233
0.8660233
0.8660232
0.8660232
0.8660231
0.8660231
0.866023
0.8660229
0.8660229
0.8660228
0.8660228
0.8660227
0.8660226
0.8660226
0.8660225
0.8660225
0.8660224
0.8660224
0.8660223
0.8660222
0.8660222
0.8660221
0.8660221
0.866022
0.866022
0.8660219
0.8660218
0.8660217
0.8660217
0.8660217
0.8660216
0.8660216
0.8660215
0.866021
0.8660214
0.8660213
0.8660212
0.8660212
0.8660211
0.8660211
0.8660209
0.8660209
0.8624693
0.8659956
0.753365
0.8659905
0.8660205
0.8660183
0.8660197
0.8660042
0.8659609
0.86602
0.8660193
0.858015
0.8660198
0.8660186
0.8660111
0.86601
0.8660199
0.8659454
0.8660089
0.8660064
0.8660192
0.8660195
0.8660072
0.8068612
0.8660069
0.8660244
0.8660246
0.8660246
0.8660246
0.8660231
0.8660248
0.8660246
0.8660248
0.8660248
0.8660218
0.8660248
0.8660248
0.8660248
0.8660248
0.8660248
0.8660248
0.8660248
0.8660248
0.8660248
0.8660248
0.8660248
0.8660248
0.8660248
0.8660248
0.8660248
0.8660248
0.8660248
0.8660248
0.8660248
0.8660248
0.8660248
0.8660247
0.8660248
0.8660248
0.8660248
0.8660248
0.8660245
0.8660248
0.8660248
0.8660248
0.8660248
0.8660248
0.8660248
0.8660248
0.8660248
0.8660248
0.8660248
0.8660248
0.8660248
0.8660248
0.8660248
0.8660248
0.8660248
0.8660248
0.8660248
0.8660248
0.8660248
0.8660248
0.8660248
0.8660248
0.8660248
0.8660248
0.8660248
0.8660248
0.8660248
0.8660248
0.8660248
0.8660248
0.8660248
0.8660248
0.8660248
0.8660248
0.8660248
0.8660248
0.8660248
0.8660248
0.8660248
0.8660248
0.8660248
0.8660248
0.8660248
0.8660248
0.8660248
0.8660248
0.8660248
0.8660248
0.8660248
0.8660248
0.8660248
0.8660248
0.8660248
0.8660248
0.8660248
0.8660244
0.8660247
0.8660235
0.8660247
0.8660176
0.8660248
0.8660248
0.8660247
0.8660229
0.844891
0.8657714
0.8660247
0.8660247
0.8660218
0.8660187
0.8660236
0.8660244
0.8475796
0.8660246
0.8660247
0.8660232
0.8660247
0.8660239
0.8660238
0.8660244
0.8660247
0.8660248
0.8660239
0.8660131
0.8660247
0.8660248
0.8660245
0.8660247
0.8660248
0.8660235
0.8660235
0.8660248
0.8660218
0.8660248
0.8660248
0.8660248
0.8660248
0.8599949
0.8660238
0.8660241
0.8660248
0.8660248
0.8660248
0.8660248
0.8660248
0.8660248
0.8660248
0.8660248
0.8660248
0.8660248
0.8660248
0.8660248
0.8660248
0.8660248
0.8660248
0.8660248
0.8660248
0.8660248
0.8660248
0.8660248
0.8660248
0.8660248
0.8660248
0.8660248
0.8660248
0.8660248
0.8660248
0.8660248
0.8660247
0.8660248
0.8660248
0.8660248
0.8660241
0.8660215
0.8466914
0.8660242
0.8660226
0.8659993
0.8660247
0.8660237
0.8660248
0.8660248
0.8660223
0.8660248
0.8660247
0.8660159
0.8420568
0.8660231
0.8660235
0.8660243
0.8660247
0.8631417
0.8660247
0.8660223
0.8660244
0.8660248
0.866024
0.8660224
0.8660246
0.8660245
0.8660248
0.8660248
0.8660247
0.8660244
0.8660248
0.8660248
0.8499396
0.8660248
0.8660237
0.8660248
0.8660248
0.8660248
0.8660248
0.8660248
0.8660248
0.8660248
0.8660248
0.8660248
0.8660248
0.8660248
0.8660248
0.8660248
0.8660248
0.8660248
0.8660248
0.8660248
0.8660201
0.8660248
0.8660248
0.8660248
0.8660248
0.8660248
0.8660248
0.8660248
0.8660248
0.8660207
0.8660247
0.8660247
0.8660229
0.8660248
0.8660241
0.8660215
0.8660225
0.8660241
0.8660231
0.8660245
0.8660186
0.8660135
0.7625751
0.866009
0.8660244
0.8660233
0.8659646
0.8660221
0.8580321
0.8660077
0.8659956
0.8660219
0.8063299
0.8660242
0.8650161
0.8660174
0.8660215
0.8631099
0.8660077
0.8660216
0.8660224
0.8660245
0.8646401
0.8656073
0.8660008
0.8660226
0.86602
0.8659339
0.8660177
0.8507308
0.8484356
0.8660156
0.8660111
0.8660188
0.8660227
0.8660234
0.866023
0.8660194
0.8660105
0.7310589
0.8659518
0.8660247
0.8660248
0.8660245
0.8660242
0.8660246
0.8660243
0.8660236
0.8660248
0.8660248
0.8660187
0.8660247
0.8660248
0.8660216
0.8660248
0.8660248
0.8660248
0.8660248
0.8660248
0.8660248
0.8660248
0.8660248
0.8660248
0.8660248
0.8660248
0.8660248
0.8660248
0.8660248
0.8660248
0.8660248
0.8660248
0.8660246
0.8660248
0.8660248
0.8660248
0.8660248
0.8660248
0.8660248
0.8660248
0.8660248
0.8660248
0.8660248
0.8660248
0.8660248
0.8660248
0.8660248
0.8660248
0.8660248
0.8660248
0.8660248
0.8660245
0.8660194
0.8660239
0.8660083
0.866022
0.8660127
0.8660247
0.8660194
0.8660247
0.8660248
0.8660248
0.8660248
0.8660248
0.8660211
0.8660248
0.8660245
0.8660248
0.8660248
0.8660243
0.8660248
0.8660248
0.8660243
0.8660233
0.8660243
0.8660248
0.8660248
0.8660216
0.86602
0.8660223
0.8660224
0.8659951
0.8542696
0.866022
0.8660233
0.8660248
0.8660244
0.8608232
0.8660243
0.8660207
0.8660248
0.8660248
0.8660248
0.8660248
0.8660248
0.8660248
0.8660248
0.8660247
0.8660248
0.8660248
0.8660248
0.8660247
0.8660248
0.8660247
0.8660248
0.8660243
0.8660248
0.8660247
0.8660233
0.8660243
0.8660247
0.8660208
0.8660248
0.8660247
0.8660247
0.8660198
0.8660225
0.8660237
0.8573886
0.8660182
0.8659701
0.8659153
0.5946016
0.7431817
0.866016
0.8660195
0.8648083
0.8660233
0.8660243
0.8659915
0.866024
0.8657659
0.8659954
0.866024
0.8642918
0.8660231
0.866023
0.866023
0.8660218
0.7811072
0.8401242
0.8660239
0.8660026
0.8659973
0.8660195
0.8660243
0.8660213
0.8653997
0.8660227
0.8660137
0.8660243
0.8660183
0.8659564
0.8660193
0.8659694
0.8660247
0.8660129
0.8660247
0.8660245
0.8660241
0.8660246
0.8660244
0.8660247
0.8660248
0.8660248
0.8660225
0.8660235
0.8660246
0.8658813
0.8656042
0.8660247
0.8660248
0.8660248
0.8660248
0.8660248
0.8660248
0.8660248
0.8660222
0.8660248
0.8660248
0.8660248
0.8660248
0.8660248
0.8660248
0.8660248
0.8660248
0.8660248
0.8660244
0.8660247
0.8660248
0.8660248
0.8660248
0.8660223
0.8660242
0.8660241
0.8660248
0.8660247
0.8660243
0.8659749
0.8660247
0.8660248
0.8660169
0.8660248
0.8660247
0.8660246
0.8660248
0.8660248
0.8660244
0.8660238
0.8660171
0.8660246
0.8660247
0.8660247
0.8660231
0.8660248
0.8660248
0.8660242
0.866012
0.8660246
0.8660247
0.8660237
0.8660246
0.8660097
0.8660246
0.8660218
0.8660053
0.8659521
0.6828539
0.8660127
0.8660241
0.8660207
0.8660036
0.8660228
0.8660245
0.8660198
0.8660159
0.8650181
0.8618864
0.8659973
0.866019
0.8660041
0.86602
0.8657562
0.8660223
0.8660224
0.8660237
0.8660223
0.8660212
0.8660245
0.8660245
0.866014
0.8658939
0.8660125
0.8660231
0.8660197
0.8660244
0.8660241
0.8660235
0.8660216
0.8659982
0.8660236
0.8660224
0.8660193
0.7442987
0.8660246
0.8660242
0.8660181
0.8660091
0.8659802
0.8341993
0.8660219
0.8660217
0.8660245
0.8658124
0.8660046
0.8660243
0.8616154
0.8638946
0.8660238
0.8659586
0.8659818
0.8660244
0.8659383
0.8660181
0.8660226
0.8660246
0.8659642
0.8660231
0.842553
0.8449063
0.8660113
0.8660184
0.7236098
0.8658984
0.8660187
0.8637662
0.86599
0.7723761
0.2459056
0.8659026
0.6957181
0.8658886
0.86602
0.8603237
0.8460826
0.8658334
0.8660173
0.8658399
0.8660123
0.836215
0.8659276
0.8656065
0.8659356
0.8660178
0.8635441
0.8655197
0.8660105
0.8660168
0.8529867
0.8657958
0.04054075
0.854234
0.8660214
0.8660125
0.8551751
0.8660195
0.8430225
0.8659877
0.8660151
0.8660244
0.8659593
0.8660064
0.8264894
0.8435102
0.7041451
0.06987774
0.8660113
0.8659902
0.8660103
0.8660035
0.8659236
0.866004
0.8660143
0.8660095
0.8660236
0.8660017
0.866024
0.8660245
0.8659889
0.6089017
0.8660024
0.8625931
0.854244
0.7512557
0.8658533
0.8660244
0.8660247
0.8660213
0.8660245
0.8660244
0.8660246
0.866019
0.8660247
0.8660248
0.8660232
0.8660247
0.8660248
0.8660248
0.8654229
0.8660247
0.8660248
0.8660247
0.8660248
0.8660247
0.8660248
0.865363
0.866022
0.8660248
0.8660108
0.8660248
0.8660247
0.8660248
0.8660248
0.8660248
0.8660248
0.8660248
0.8660248
0.8660248
0.8660248
0.8660248
0.8660248
0.8660248
0.8660248
0.8660248
0.8660248
0.8660248
0.8660248
0.8660247
0.8660248
0.866023
0.8660248
0.8660248
0.8660248
0.8660248
0.8660248
0.8660248
0.8660248
0.8660248
0.8660248
0.8660248
0.8660248
0.8660248
0.8660248
0.8660248
0.8658934
0.8660247
0.8660247
0.8660248
0.8660248
0.8660203
0.8660247
0.8660241
0.8660248
0.8660248
0.8660126
0.8660195
0.8660247
0.8660247
0.866024
0.8660221
0.8660124
0.8660153
0.8660225
0.865028
0.8660209
0.8660243
0.8660241
0.8658674
0.8660169
0.8660212
0.8660246
0.8660244
0.8660248
0.8660245
0.8660244
0.8660247
0.8659394
0.8660172
0.8660229
0.8660226
0.8602953
0.8660244
0.8660123
0.8658848
0.8660234
0.8660244
0.8660239
0.8575252
0.8658323
0.8377056
0.8660212
0.8660229
0.8660141
0.8660234
0.8660172
0.8586149
0.8649801
0.8660232
0.8660161
0.8660146
0.8391604
0.8172727
0.8659907
0.8660195
0.8660193
0.8659965
0.8660245
0.8658326
0.8660121
0.8660229
0.8660242
0.8660189
0.8660244
0.8660081
0.8660246
0.8660243
0.8656249
0.8660243
0.8660002
0.8659543
0.866016
0.8660202
0.8660201
0.8644935
0.8660039
0.8660132
0.8660088
0.8659152
0.8660124
0.8660132
0.8659498
0.8657084
0.8659003
0.7347224
0.8656571
0.61185
0.6933618
0.866011
0.8659561
0.8586375
0.8658489
0.8660028
0.8541763
0.8650049
0.865789
0.8659537
0.8660223
0.866022
0.8660154
0.8660222
0.8659027
0.8603411
0.8660094
0.8659998
0.8660043
0.8112716
0.8660157
0.01717881
0.8640107
0.8592709
0.8588127
0.8660092
0.8660028
0.8659584
0.8575146
0.8660133
0.8655882
0.8660059
0.8660201
0.8660234
0.8660225
0.8660238
0.8660192
0.8660235
0.8660165
0.8201226
0.8660237
0.866024
0.8659933
0.8656721
0.8429322
0.8660216
0.8660217
0.8660176
0.8660245
0.8609298
0.8660223
0.8660242
0.8660245
0.8660227
0.8660232
0.8660241
0.8660244
0.8660247
0.8660248
0.8660247
0.8660237
0.8660247
0.8660243
0.8660248
0.8660248
0.8660241
0.8660248
0.8660247
0.8660248
0.8660234
0.856869
0.8660238
0.8660247
0.8660248
0.8660246
0.8660248
0.8660248
0.8660248
0.8660247
0.8660248
0.8660248
0.8660248
0.8660247
0.8660248
0.8660246
0.8660248
0.8660248
0.8618965
0.8660243
0.8660247
0.8660248
0.8660232
0.8660198
0.8660248
0.8660247
0.8660248
0.8660248
0.8656155
0.8660243
0.8614867
0.8660243
0.8660161
0.8660247
0.8660204
0.8660204
0.8660221
0.8660247
0.8659687
0.8660207
0.8660236
0.866024
0.866024
0.865858
0.8502029
0.8660166
0.8660232
0.8660137
0.8660238
0.8660225
0.8660246
0.8660227
0.8618315
0.8660246
0.8660085
0.8660229
0.8660247
0.8660238
0.8660192
0.8660234
0.8659413
0.8660238
0.8660216
0.86594
0.8660031
0.8658901
0.8660206
0.8658815
0.5235866
0.8391421
0.8659939
0.8648483
0.8660116
0.8598614
0.8660128
0.8646002
0.8659786
0.8660209
0.8660248
0.866023
0.09966654
0.8660127
0.8660106
0.8660129
0.866013
0.8659601
0.8658126
0.8660237
0.8659576
0.8660051
0.8656189
0.8658783
0.866022
0.8657737
0.8650192
0.8660066
0.8660163
0.8660187
0.8554896
0.8659852
0.8659459
0.5121356
0.8660001
0.8659615
0.8654556
0.8660159
0.8369637
0.8390999
0.8659977
0.8659327
0.8658109
0.8657985
0.8659524
0.81011
0.8660205
0.8659724
0.866014
0.8659669
0.8658978
0.8657823
0.8606752
0.865875
0.8660234
0.8641886
0.8660126
0.8654517
0.8659859
0.8659985
0.8660058
0.8363175
0.8659797
0.8659208
0.8654162
0.8641647
0.8659103
0.6966243
0.8659692
0.6173813
0.4526399
0.8645552
0.4053782
0.8656168
0.1188311
0.8527397
0.8389207
0.8658878
0.8620888
0.858413
0.8655763
0.8632411
0.8302939
0.8644869
0.8658596
0.8650687
0.8659866
0.8659867
0.8651679
0.8208567
0.6548497
0.8659712
0.8439716
0.8622719
0.7753126
0.8637207
0.8658796
0.03380666
0.8657914
0.3746508
0.817473
0.002059947
0.8644394
0.8526095
0.7537002
0.8658883
0.8462899
0.865876
0.8658863
0.8086605
1.675762E-006
0.7571602
0.8559845
0.09660513
0.6880218
0.8095101
0.8660027
0.8659171
0.8658251
0.8423542
0.8196406
0.8660149
0.8659872
0.8653987
0.8633577
0.865272
0.8659815
0.8659605
0.8410296
0.8660123
0.8659974
0.865998
0.8660118
0.865898
0.8660183
0.8601478
0.8660178
0.8658781
0.8656581
0.8660217
0.8659996
0.8660221
0.8660159
0.8660206
0.8660196
0.8660224
0.8660245
0.8660243
0.8660213
0.1415057
0.8657826
0.866024
0.8660068
0.8660216
0.3562462
0.8659491
0.8660231
0.8660184
0.8655754
0.8660135
0.866018
0.8660245
0.866024
0.8660247
0.8660044
0.8660246
0.8660161
0.7453454
0.8660085
0.8660064
0.8660162
0.8660247
0.8660248
0.8658615
0.8660248
0.8660248
0.8660242
0.8660248
0.8660245
0.8660245
0.8660241
0.8660247
0.8660247
0.8660248
0.8660245
0.8660248
0.8660212
0.8660193
0.8660246
0.8660128
0.8660248
0.866024
0.8660248
0.8660248
0.8660248
0.8660248
0.8660248
0.8660248
0.8660248
0.8660248
0.8660248
0.8660248
0.8660248
0.8660248
0.8660248
0.8660248
0.8660248
0.8660248
0.8660248
0.8660248
0.8660248
0.8660248
0.8660248
0.8660248
0.8660248
0.8660248
0.8660248
0.8660248
0.8660248
0.8660248
0.8660248
0.8660248
0.8660248
0.8660248
0.8660248
0.8660248
0.8660248
0.8660248
0.8660248
0.8660248
0.8660248
0.8660248
0.8660248
0.8660248
0.8660248
0.8660248
0.8660247
0.8660248
0.8660248
0.8660248
0.8660248
0.8660247
0.8660248
0.8660247
0.8660236
0.8660248
0.8660196
0.8660243
0.8660247
0.8657067
0.8660247
0.8660185
0.8660246
0.8660226
0.8660245
0.864857
0.8660234
0.865962
0.8659818
0.8660241
0.8660242
0.8660244
0.8660245
0.8659085
0.8660232
0.8625813
0.8653009
0.8659486
0.8660221
0.8660239
0.8659769
0.8659886
0.865999
0.8660158
0.8648327
0.8300309
0.8659871
0.7509947
0.8593233
0.8660124
0.8660135
0.8660129
0.866021
0.8659828
0.8660247
0.8660242
0.8660164
0.8660199
0.8660229
0.8660083
0.7643582
0.8659552
0.8660023
0.865989
0.8658518
0.8659379
0.8660019
0.8660082
0.865556
0.8660006
0.8657271
0.8659643
0.8635582
0.8659995
0.8660209
0.8647371
0.8659745
3.795545E-005
0.8655371
0.8658474
0.8150897
0.8659861
0.8660213
0.1537259
0.8659341
0.866021
0.86602
0.865937
0.8001801
0.8660209
0.8657577
0.8368457
0.8659266
0.8565302
0.8650832
0.8660039
0.8660007
0.8651695
0.8658854
0.8658322
0.861974
0.8659962
0.8659913
0.8659114
0.8648694
0.8659611
0.8659704
0.8612836
0.2585797
0.8570605
0.8659332
0.1603447
0.8659106
0.8659345
0.8658884
0.8634408
0.8659551
0.8612787
6.466808E-007
0.865796
0.8617788
0.865749
0.8659704
0.8649452
0.866016
0.8658226
0.8632153
0.8659847
0.8658857
0.8653614
0.865778
0.8381564
0.8658896
0.7295125
0.8625034
0.8659608
0.5631096
0.6965176
0.7227526
0.8658132
0.8659794
0.8659725
0.8659457
0.8656124
0.851809
0.8258113
0.8246124
0.8659861
0.8651193
0.8657373
0.7735929
0.865782
0.8648575
0.8658375
0.8659725
0.8660014
0.8657958
0.8659861
0.8648068
0.3736747
0.8660161
0.8652073
0.8658151
0.7653001
0.8659815
0.8648086
0.8656671
0.8652102
0.8660001
0.8487186
0.8373454
0.8652455
0.8650346
0.8654205
0.8660159
0.6744401
0.8660098
0.747701
0.8659733
0.8660226
0.8660209
0.8659146
0.8660098
0.8660018
0.8660176
0.8660235
0.8660192
0.8660104
0.866002
0.8659848
0.8659796
0.8660234
0.86602
0.8660188
0.8660152
0.8660241
0.8660199
0.8659543
0.8660109
0.7788639
0.8660241
0.8660243
0.8659902
0.8660186
0.8655896
0.8660189
0.8660242
0.8660243
0.8660184
0.8657221
0.8660226
0.8660242
0.8660169
0.8658595
0.8660205
0.8660237
0.8660195
0.8660214
0.8660245
0.8660206
0.8660242
0.8659956
0.8660058
0.8660151
0.8660012
0.8660235
0.8660235
0.8660245
0.8660142
0.8658182
0.8660241
0.8660241
0.8660241
0.8660244
0.8660244
0.8660244
0.866024
0.8660245
0.8660239
0.8660245
0.8660244
0.8660246
0.8660198
0.8660245
0.8660233
0.8165482
0.8660201
0.8660246
0.8660056
0.8660199
0.7462827
0.8660247
0.8660247
0.8660247
0.866024
0.8660246
0.8660247
0.8660245
0.8660246
0.8660246
0.8660246
0.8660196
0.8052384
0.8660218
0.8660245
0.8659907
0.8203379
0.8660189
0.8660019
0.866013
0.8660244
0.8660245
0.8660202
0.864378
0.866024
0.8048241
0.8660185
0.6556892
0.8660061
0.8660208
0.8660224
0.8660221
0.8660217
0.8660188
0.8660223
0.8660226
0.8660122
0.8660219
0.8658728
0.8660209
0.8660222
0.8658531
0.8660233
0.8660223
0.8660224
0.8660081
0.8659937
0.8660226
0.8660222
0.8660227
0.8659047
0.8660094
0.8660161
0.8643115
6.700591E-007
0.8660135
0.8659967
0.6864528
0.8659398
0.8660141
0.865993
0.8659564
0.8659879
0.8656308
0.8659997
0.8659714
0.865062
0.6530985
0.8301806
0.8659277
0.8658859
0.8656116
0.8658351
0.8658143
0.8659868
0.8659382
0.8659718
0.6661097
0.8540818
0.8658875
0.8660167
0.8660008
0.8660089
0.8659583
0.865629
0.8659593
0.8656828
0.8660126
0.864346
0.8659643
0.8659647
2.555508E-006
0.8659158
0.8656964
0.1645529
0.8658643
0.8658654
0.5422934
0.8658527
0.5184995
0.864038
0.8623551
0.8658227
0.8590559
0.03787416
1.174636E-007
0.855356
0.8659548
0.8575592
0.8628337
0.8571285
2.532525E-005
0.77226
0.8659391
0.8639199
0.8660076
0.8658545
0.859232
0.8659779
0.1692804
0.8660134
0.8659973
0.8521276
0.8659727
0.8659391
0.8657719
0.8630489
0.01244459
0.8595518
0.8227295
0.8659615
0.8658631
0.441975
0.850659
1.383097E-007
0.8440787
0.07327386
0.3618178
0.7498992
0.8657616
0.09343301
0.8656272
0.8630002
0.859399
0.5193204
0.8588672
0.8502712
0.8616182
0.8355608
0.5575238
0.864935
0.6203439
0.8656717
0.8622088
0.8227563
0.8591786
4.097012E-009
0.000000899
0.7043912
0.8641007
0.8336813
0.8549602
0.7896579
0.83922
0.8331096
0.7268413
0.1303025
0.00290325
0.7287234
0.8653957
0.848062
0.8656518
0.8105076
0.8532755
0.8651979
0.8657258
0.8563818
0.8648469
0.8603591
0.8622197
0.8446548
2.377653E-005
0.006570215
0.8513831
0.000000691
0.03173538
0.8423389
0.6699966
0.8629348
0.8655096
0.8514162
0.8634421
0.8651117
2.973627E-005
0.7953258
0.3231379
0.8596521
0.03721895
0.6462646
0.8441456
0.7512015
0.1138011
0.8650199
0.8614942
0.8550414
0.864028
0.7327621
0.7661775
0.8658105
0.8658344
0.8247594
0.8148585
0.8656577
0.8655183
0.8656525
0.8655278
0.8638279
0.8652253
0.8650297
0.8657959
0.8557445
0.8660177
0.8659815
0.8528301
0.8655015
0.0001136376
0.1482505
0.8656448
0.8659436
0.4412093
0.8659166
0.08060236
0.8656935
0.8659619
0.8659887
0.7347863
0.8659122
0.865831
0.8660006
0.8658774
0.8659898
5.910394E-006
0.7930616
0.8657271
0.8659102
0.8658997
0.8659943
0.8658753
0.8660037
0.8650412
0.8659623
0.8660004
0.8658766
0.8659942
0.6724209
0.8646325
0.8660155
0.8658717
0.8659166
0.8659666
0.865917
0.04025272
0.8657618
0.8656841
0.8659872
0.8660208
0.8660199
0.8658223
0.8659311
0.7040078
0.865818
0.8660181
0.8660205
0.8659966
0.8660198
0.866006
0.8660181
0.8659732
0.866024
0.8660247
0.8659067
0.8659824
0.8660219
0.8660209
0.8660017
0.8660203
0.8660228
0.8660245
0.8660244
0.8660237
0.8660039
0.8659472
0.8660246
0.8660237
0.8660226
0.8660117
0.8658239
0.8660247
0.8660012
0.8658371
0.864833
0.8660229
0.8660219
0.8660244
0.8660239
0.8660243
0.8660246
0.8660227
0.8660237
0.8660224
0.865847
0.8660104
0.8660139
0.8660238
0.8660237
0.8660235
0.8660052
0.8660243
0.8660225
0.8660234
0.8660242
0.8660239
0.8660248
0.8660166
0.8660248
0.8660245
0.8660089
0.8652529
0.8660125
0.8660241
0.8660073
0.8326086
0.8660104
0.8660201
0.865977
0.7851122
0.8658758
0.8660248
0.8660222
0.8660243
0.8660148
0.8660248
0.8660247
0.8660228
0.8660216
0.8660232
0.8660248
0.8660225
0.8660237
0.8660248
0.8659811
0.8660244
0.8660247
0.8659697
0.8660245
0.8660246
0.8660246
0.8660248
0.8660248
0.8660247
0.8660247
0.8660246
0.8660247
0.8660248
0.8660225
0.8660245
0.8660247
0.8660247
0.8660248
0.8660248
0.8660246
0.8660244
0.8660246
0.8660248
0.8660246
0.8660247
0.8660244
0.8660248
0.8660248
0.8660247
0.8660067
0.8660248
0.8660248
0.8660235
0.8660247
0.8660248
0.8660248
0.8660248
0.8660247
0.8660248
0.8660248
0.8660244
0.8660248
0.8660248
0.8660247
0.8660248
0.8660247
0.8660245
0.8660246
0.8660248
0.8660248
0.8660248
0.8660247
0.8660248
0.8660247
0.8660247
0.8660248
0.8660248
0.8660245
0.8660247
0.8660246
0.8660244
0.8660248
0.8660248
0.8660245
0.8660247
0.8660248
0.8660248
0.8659942
0.8660244
0.8660072
0.8660247
0.8660245
0.8660241
0.8660247
0.8660248
0.8660248
0.8660231
0.8660236
0.8660235
0.7930308
0.8660079
0.8659673
0.8660234
0.8660245
0.8660241
0.866008
0.8660214
0.8660136
0.8660239
0.8660247
0.8660243
0.8660034
0.8660245
0.8660243
0.8660239
0.8660247
0.86601
0.8660247
0.866012
0.8660247
0.8660236
0.8660206
0.8659634
0.8660228
0.8658666
0.8660202
0.8660242
0.8660247
0.8660103
0.8660226
0.8660074
0.8653178
0.3205783
0.8654074
0.8660226
0.8660162
0.8660228
0.8659932
0.8659957
0.865884
0.8659205
0.8660102
0.8660123
0.8660225
0.8660214
0.8660244
0.8648383
0.8660168
0.8660126
0.8659928
0.8657938
0.8660166
0.865949
0.8657461
0.8660217
0.8655234
0.8658136
0.8660146
0.865931
0.8659629
0.8659445
0.8659921
0.8659106
0.8660122
0.8656186
0.8659399
0.865251
0.8644951
0.681498
0.8659133
0.8660052
0.8654656
0.8333843
0.5038333
0.8657863
0.8655402
0.8606554
0.1205196
0.8657214
0.8642033
0.4625652
0.8549105
0.8643379
0.8659809
0.8656052
0.003742196
0.8606763
0.8657969
0.7570069
1.219026E-008
0.3336954
0.5933736
0.7931958
0.855501
0.8658282
0.8595028
0.8603868
0.5049849
0.7381632
1.807085E-009
0.01198701
0.8654685
0.8446705
0.858265
0.8595187
0.7247975
0.8549535
0.8658002
0.8603785
0.1262272
0.8636606
0.729501
0.8404442
0.194966
0.860574
0.7788006
0.8636676
0.8582132
0.8636294
0.2090713
0.8659022
0.865397
0.8656137
0.01206841
0.863507
0.8628194
1.036456E-008
0.7596331
0.8316844
0.8655805
0.8656192
0.8615357
0.5365347
0.85411
0.8659844
0.8636832
0.8659051
0.8480144
0.8635235
0.4599024
0.864586
0.002188371
0.8652931
0.859875
0.8656181
0.8612991
0.000010232
0.8588651
0.865208
0.8645293
0.8658682
0.8655447
0.8657706
0.8600288
0.8463307
0.8643899
0.8618829
0.8652788
0.8620201
0.8649585
0.1482319
0.8608358
0.001641255
0.833367
0.8650188
0.8446018
0.8647411
0.8499161
0.8621038
0.8652171
0.8650079
0.8324381
0.8657794
0.8647328
0.8646967
0.4655277
0.8539203
0.8659532
0.8658973
2.223981E-008
1.604685E-007
0.8162126
0.8656652
0.8639758
0.2224983
0.8636861
0.8642474
0.8655668
0.8556529
0.7858215
0.8629428
0.003301415
0.7828016
0.8659875
0.8659464
0.8655238
0.8660056
0.865389
0.8659739
0.8593386
0.8658006
0.8660182
0.8656577
0.8657314
0.8605372
0.8655139
0.8660096
0.8658798
0.8659937
0.8660019
0.865979
0.8657026
0.8441671
0.8659553
0.8659746
0.8659612
0.8659098
0.8604851
0.8660022
0.8650316
0.2471758
0.8658862
0.8659281
0.822994
0.8653735
0.8660203
0.8659763
0.8659761
0.8659685
0.8594622
0.7664284
0.8659759
0.8457295
0.8660025
0.8659866
0.8625273
8.912576E-007
0.8604141
0.865912
0.8658632
0.8660147
0.8633352
0.8625658
0.8659986
0.8659849
0.8659992
0.8651699
0.8660213
0.8653838
0.8659747
0.8444708
0.8659734
0.8659159
0.8659531
0.8660102
0.8660168
0.8657856
0.8660066
0.8660105
0.8649716
0.8660118
0.866024
0.8660212
0.8658328
0.8659831
0.8647567
0.8659699
0.8660129
0.8658107
0.8659826
0.8660036
0.8660224
0.8656852
0.8659705
0.8660186
0.8646355
0.8660141
0.865972
0.8656702
0.8660221
0.8660199
0.8659708
0.8660042
0.866021
0.8660092
0.864875
0.02705516
0.8638705
0.8660218
0.8660218
0.8659992
0.8658417
0.8660238
0.8660177
0.8660192
0.8660217
0.3182989
0.8655143
0.8660218
0.8660237
0.8660001
0.8660023
0.8660244
0.8660155
0.8660171
0.8660231
0.8660239
0.8660218
0.8660243
0.8660208
0.8660103
0.8660244
0.8660244
0.8660234
0.8660185
0.8660236
0.8660244
0.8660244
0.8660245
0.8660229
0.8660245
0.8660245
0.8660245
0.8660245
0.8660236
0.8660231
0.8660202
0.8660239
0.8660246
0.8660245
0.8660245
0.8660246
0.866024
0.8660246
0.8660215
0.8660246
0.8660089
0.8660247
0.8660243
0.8660243
0.8660247
0.8660247
0.8660247
0.8660247
0.8660247
0.866024
0.8660247
0.8660247
0.8660247
0.8660247
0.866024
0.8660241
0.8660242
0.8660247
0.8660247
0.8660233
0.8660247
0.8660243
0.866024
0.8660187
0.8660246
0.8660248
0.8660248
0.8660239
0.8660239
0.8660248
0.8660238
0.8660238
0.8660238
0.8660245
0.8660135
0.7762603
0.8660248
0.8660248
0.8660194
0.8660248
0.8660246
0.8660246
0.8659865
0.8660073
0.8660179
0.8660246
0.8660242
0.8660248
0.8660228
0.866024
0.8660106
0.8660241
0.8660247
0.8660242
0.8660219
0.8660067
0.8660196
0.8659526
0.8660108
0.866023
0.8660069
0.8660242
0.8660122
0.8654911
0.8639546
0.8660217
0.8660134
0.8660144
0.8659922
0.8638076
0.8659919
0.8570609
0.8660174
0.8659685
0.8660244
0.8652778
0.8658716
0.7182558
0.5652295
0.8658978
0.8659996
0.8660017
0.8659797
0.8656521
0.8660178
0.8659982
0.8659693
0.8630154
0.8657819
0.5803619
0.8658411
0.865027
0.0901767
0.8654642
0.8659411
0.8656038
0.8642967
0.8165044
6.206085E-009
0.8659659
0.8659909
0.8649054
0.7312039
0.8654727
0.8660219
0.8658863
0.8641765
0.5210505
0.8650709
0.8660115
0.8657985
0.8659977
0.8650003
0.8646253
0.8233459
0.8629909
0.8658847
0.8659975
0.8656556
0.8647869
0.865975
0.8654799
0.8592705
0.8658985
0.7090661
0.8377931
0.7854086
0.6759797
0.8641638
0.8658174
0.012845
0.8658031
0.8659996
0.8648474
0.8552603
0.8646977
0.8654637
0.864858
0.8632216
0.865912
0.8173515
0.8656802
0.8628424
0.8460104
5.938904E-009
0.6835658
0.8377292
0.5037409
0.8648375
0.6640809
0.8221855
0.8414924
0.0003264905
0.326113
0.6912681
1.095557E-007
1.339907E-009
0.8142654
0.7993616
0.8364521
0.8162526
0.7946308
0.6934866
0.6887691
0.8097524
0.8540594
0.0006872463
0.00643301
0.8202858
0.5964274
6.167902E-009
0.8525146
0.6920346
0.8069013
0.09980952
0.7939391
0.8518444
0.5732963
0.01115006
0.657429
0.8601385
2.328412E-005
2.566608E-008
0.0003760587
0.0001470772
0.8244435
0.6387513
1.630557E-008
0.8201182
0.7331639
0.8512419
4.176552E-010
0.856437
0.00033464
0.7700285
0.8433279
0.0001260259
3.126918E-010
0.05245929
3.528666E-007
1.351447E-005
0.852823
9.172564E-007
6.424057E-008
0.8473617
0.5090619
0.000093501
0.07826888
0.796094
7.262898E-008
0.855765
0.8494767
0.008674409
8.878776E-008
8.010484E-010
0.8540261
0.1049163
0.8631574
0.00001025
0.8568581
0.000003112
0.816398
0.8577248
0.8416769
0.808692
0.6097637
0.8037024
0.8605235
5.62634E-007
0.01803547
0.04202662
0.6244362
0.000000038
1.246937E-005
0.6614812
0.7370192
6.815006E-009
0.1927985
0.761515
0.1451501
0.1035396
0.8409773
8.346487E-007
0.8240379
0.8374935
0.8444043
0.4815609
0.6058765
0.8632207
0.8056252
0.8388396
0.2713538
0.000000032
7.945234E-010
1.329313E-009
0.0990698
0.8647531
0.8620292
0.827008
0.3862891
0.00000008
9.237671E-008
0.1772176
0.8615495
0.3263765
0.7296342
0.4851893
0.385915
0.8613922
0.7787284
0.7882364
0.3117207
0.0006502046
1.6554E-008
0.8475467
0.666484
0.8626713
0.8657857
0.7373572
1.543775E-009
0.01563877
0.8645063
0.8409128
0.002909024
0.7423742
0.373569
0.8569081
0.8531735
0.8519181
0.8383127
1.687212E-007
0.862067
0.006089214
0.8546095
0.8652204
0.8600265
0.8655642
4.995258E-005
0.861688
7.913401E-008
0.8621824
0.8616645
0.6784451
0.8598119
0.8654408
0.8500028
0.7737235
0.8498337
0.8430743
8.867466E-008
0.8292431
0.864973
0.7678462
0.000000094
0.7790609
0.0009192863
0.6552746
0.5828837
0.8572458
0.8626199
0.776082
1.659031E-008
0.7894454
0.0171553
0.8229965
0.8653875
0.8604363
0.8650907
0.8556371
1.239202E-007
0.8088352
0.8478252
0.8640935
0.8655483
0.7213136
0.8608018
0.7244819
0.8627761
0.853261
0.8599036
0.4120277
0.7959119
0.8654327
0.8620173
0.8571298
0.8653425
0.8586213
0.8657563
0.01762095
0.8236962
0.8657158
0.8629939
0.8568217
0.846199
0.7360567
0.8411044
0.2995684
0.7757808
0.8547574
0.8621558
0.6478499
0.8657386
0.8655841
0.8657206
0.8631173
0.8307654
0.7068887
0.8458116
0.8659735
0.8657619
0.7692185
0.8612385
0.7622022
0.865989
0.8658276
0.8653932
0.865878
0.8637974
0.8656013
0.7086763
0.8659346
0.820939
0.8654134
0.865668
0.8314113
0.8657643
0.8656545
0.8658566
0.8645613
0.8645451
0.8659228
0.8659525
0.8659969
0.8659647
0.8659998
0.8510377
8.064726E-008
0.8401479
0.8659626
0.8660111
0.8657941
0.8659468
0.8660107
0.8659991
0.6225504
0.8633945
0.8660112
0.6929039
0.8660223
0.8660071
0.6902304
0.8657645
0.8422391
0.8578164
0.8659982
0.8659481
0.8658406
0.8657359
0.8660057
0.8660021
0.8659914
0.8660223
0.8659803
0.8110757
0.8187212
0.8660049
0.8659639
0.865674
0.8659667
0.8654792
0.8660223
0.8660034
0.83975
0.8658561
0.8659695
0.8659188
0.8660103
0.8659425
0.8657628
0.8660245
0.8660188
0.8622046
0.8659497
0.8660206
0.8660221
0.8660236
0.8658314
0.1952016
0.8660162
0.8660127
0.8660083
0.8660221
0.8660228
0.8648957
0.8660242
0.8660243
0.8659967
0.8660207
0.8657732
0.8660033
0.8660233
0.8660185
0.866023
0.8657186
0.8659455
0.8660216
0.8660245
0.8660237
0.8660233
0.8657972
0.8660173
0.8660139
0.8211213
0.7692496
0.8660058
0.8660193
0.8660204
0.8659329
0.6834879
0.8657752
0.8660145
0.8660243
0.8660227
0.8660209
0.8659988
0.8660146
0.8660234
0.8660236
0.8660237
0.8657825
0.7697757
0.8659792
0.8660244
0.8655694
0.8660223
0.8660244
0.6388985
0.8658746
0.8659923
0.8660034
0.8659854
0.8632483
0.4534844
0.8654425
0.8660242
0.8660212
0.8660232
0.8660243
0.8659988
0.8660053
0.8660162
0.8660227
0.8660198
0.8660248
0.8660147
0.8660239
0.8660109
0.683572
0.8660207
0.8659856
0.8660135
0.8660013
0.8660091
0.8660131
0.8660047
0.8660174
0.866024
0.8660169
0.8660182
0.866006
0.866023
0.8659984
0.8660235
0.8660247
0.8660235
0.8659639
0.8659128
0.8660231
0.8660182
0.8660248
0.8660244
0.8660232
0.8660247
0.8660246
0.8660247
0.8660207
0.8658913
0.866
0.8660247
0.8660246
0.8660248
0.8660248
0.8660245
0.8660241
0.8656594
0.8660156
0.8620406
0.8660145
0.8660236
0.8660234
0.8660244
0.8660247
0.8660195
0.8660247
0.8660167
0.8660231
0.8660245
0.8660216
0.8660243
0.8660247
0.8660247
0.8660225
0.8660205
0.8657461
0.6978567
0.8660234
0.8659006
0.8660185
0.8660233
0.8660217
0.8660143
0.8660246
0.8660046
0.866024
0.8660193
0.863841
0.8660236
0.8658844
0.8660246
0.8660247
0.8660224
0.8660247
0.8659934
0.8515566
0.8660224
0.8660232
0.8660221
0.8654521
0.8651212
0.8660228
0.8660247
0.8658906
0.8660108
0.8660237
0.8660218
0.8660208
0.8660243
0.8636709
0.005620512
0.8655363
0.736533
0.8660073
0.8656365
0.8660218
0.8659993
0.8658899
0.8660242
0.8655118
0.8660246
0.8660243
0.8660204
0.8656276
0.8660245
0.8660014
0.8658115
0.8660221
0.8659921
0.8660107
0.8652816
0.8659425
0.8657597
0.8660096
0.8660247
0.866017
0.8660246
0.8660237
0.8660131
0.8654434
0.8659906
0.8660236
0.8655471
0.865728
0.8660244
0.8660247
0.8660054
0.8656668
0.8659765
0.8660073
0.8659805
0.8659058
0.8627023
0.8658188
0.8659671
0.8660205
0.8660128
0.8660234
0.8660216
0.8654527
0.8658063
0.8660135
0.8659816
0.8660117
0.861852
0.8658579
0.8660245
0.8660108
0.8659879
0.8427911
0.6548525
0.8653986
0.8659814
0.8656944
0.8660171
0.8660132
0.8644278
0.8429589
0.8610279
0.866024
0.8650867
0.8659864
0.8652036
0.8660133
0.8659684
0.8658867
0.8656777
0.7497632
0.862464
0.8655246
0.8659998
0.8659076
0.866013
0.8597364
0.8660206
0.8659688
0.8659877
0.865516
0.865623
0.8608412
0.8631426
0.8659893
0.8660172
0.8657615
0.8660096
0.331943
0.8660191
0.8660186
0.8660224
0.8658895
0.8660005
0.4637445
0.8654434
0.8660221
0.8660034
0.8660222
0.8659718
0.866016
0.8659423
0.8633672
0.865796
0.8642622
0.8651282
0.865918
0.8634112
0.8617848
0.8657685
0.8657354
0.8653453
0.865903
0.865979
0.821373
0.8593286
0.3790511
0.8647548
0.8659539
0.8656821
0.864981
0.06225505
0.8658334
0.8656642
0.8648146
0.7912699
0.8658077
0.8657476
0.6861254
0.8638136
0.8639103
0.8652612
0.865924
0.8660212
0.8658979
0.8587137
0.8658666
0.8454228
0.8626597
0.8577003
0.8636972
0.864902
0.8631289
0.8641794
0.8596268
0.6425649
0.8541259
0.7933687
0.4256717
0.8009465
0.8495284
0.8648281
0.8641399
0.7956086
0.863529
0.8654895
0.8613879
0.2286037
0.7838502
0.05731741
0.5496888
0.0007410775
0.8658889
0.8622541
0.1023924
0.5137739
6.648471E-010
0.5312798
0.8658724
4.29001E-008
0.438273
0.8504949
0.8414681
0.8645265
0.8627271
0.002169749
0.7638537
0.7803032
0.5573722
0.8170682
0.8489751
0.7417236
0.03598821
1.854279E-008
0.8624227
0.8505746
0.5652399
0.8314611
0.6436261
0.7298087
0.8634561
0.8635792
9.305434E-009
0.8454951
6.816482E-006
0.02307385
0.8255101
0.2836795
0.8649452
1.471124E-007
0.2468096
0.6967041
0.0005071538
0.000000025
0.4887365
0.8659725
0.8515009
8.15183E-005
0.05161413
0.8515554
0.8563429
0.04897395
0.6444995
0.8648929
0.7748841
0.4022105
5.392663E-010
0.298493
0.7159439
0.3432864
0.4904698
4.615358E-010
0.2789025
0.7108696
0.1441372
0.4261856
6.124774E-006
0.3541405
0.7697341
0.7680676
0.3728501
0.8579762
0.003888138
0.301762
0.05972494
0.8592742
0.8530583
0.8583979
0.1487076
4.437408E-009
0.8647884
0.8653007
0.000750133
0.8494016
0.8613233
0.3491201
0.8626736
0.8645677
0.000000033
0.8620647
1.763382E-008
0.01465966
0.4085134
0.8590422
0.1831847
0.8476419
0.865775
0.6890682
0.6808942
0.5771682
0.7535802
0.8633735
0.860261
0.0003920438
0.8621999
7.473635E-005
1.624451E-010
0.01587112
0.7312403
0.8503863
1.25569E-005
0.8240291
0.8127467
0.8412583
0.7352187
0.8614833
0.7038586
0.8467831
0.6407542
0.8523712
0.8658412
0.1485996
0.7521223
0.8568384
0.8587674
0.8058376
0.20838
0.4254
0.8608461
0.8381758
0.8463087
0.4834629
0.8618635
0.02110378
6.296376E-010
0.6335721
0.8633046
0.1978035
0.8652195
0.4633409
0.839863
0.8458384
0.8588062
0.8106833
0.7122599
0.828267
0.8657476
0.8619017
0.4109864
0.8374376
0.8378901
0.8392368
0.5428102
0.8630053
0.865041
0.8646067
0.05698569
0.8353527
0.3031106
0.6870989
0.1109111
0.8613623
0.8597725
0.5474051
0.000667929
0.8653477
0.8478239
0.8487911
1.764492E-009
0.8143087
0.8656303
0.8443019
0.865659
0.8446261
0.8651332
0.6321727
0.8657472
0.7006183
0.8649019
0.8653148
0.8643256
0.8659741
0.8642268
0.8651025
0.8659289
0.8651972
0.8637351
0.7065628
0.8647506
0.8655155
0.8657359
0.8517383
0.8495818
0.8658806
0.8421991
0.855446
0.865917
0.8648167
0.8391539
0.8652649
0.8656405
0.8656693
0.8636644
0.7508879
0.5637363
0.7151002
0.8659063
0.1654607
0.865947
0.8348938
0.8327003
0.865885
0.8656087
0.8613024
0.8493802
0.7123754
0.3305522
0.8603597
0.8659933
0.8660084
0.8660074
2.258817E-006
0.8658861
0.6764365
0.865538
0.8656108
0.8659805
0.8656169
0.8650945
0.7905202
0.8658352
0.8659884
0.8362091
0.8660041
0.8660108
0.7879123
0.8660049
0.8647748
0.8659499
0.8659676
0.8659143
0.1519539
0.865359
0.8660122
0.8657206
0.2511714
0.8654483
0.6663697
0.8659513
0.8659106
0.8659469
0.8660043
0.8660024
0.8658418
0.8659914
0.8660089
0.8660162
0.8660158
0.8660095
0.8645133
0.8658961
0.2199199
0.865765
0.8658021
0.8600402
0.8660137
0.8659857
0.8659953
0.8660123
0.8660094
0.8659702
4.838568E-008
0.8659782
0.8659722
0.865985
0.8659567
0.8655573
0.8660059
0.8658976
0.001327374
0.8655932
0.866011
0.8656541
0.8660006
0.8660123
0.8659657
0.8660107
0.865896
0.8659553
0.8660112
0.8660111
0.8660045
0.8656201
0.8659477
0.8659998
0.8653505
0.8658104
0.8660096
0.8660078
0.8660065
0.8659874
0.8660087
0.8659983
0.866008
0.8658834
0.8659901
0.865998
0.8660055
0.8659728
0.8524779
0.8659998
0.8658385
0.432373
0.8660061
0.8660059
0.8659952
0.8660062
0.8660027
0.8660021
0.8660067
0.8659438
0.8658178
0.8658437
0.8659959
0.8660053
0.8659978
0.7693969
0.8659757
0.2716556
0.8659701
0.8657702
0.8660063
0.8660077
0.8660076
0.8659963
0.8589533
0.8660066
0.8659949
0.7513463
0.8660081
0.865939
0.8660085
0.8660057
0.8655895
0.8659765
0.865939
0.6867591
0.865167
0.8659983
0.8659677
0.8658212
0.7719515
0.8655824
0.8660044
0.8659861
0.866009
0.8659829
0.8660116
0.8656773
0.8660097
0.8660109
0.8657476
0.8659782
0.8659928
0.8628332
0.8659956
0.8659252
0.8659921
0.8654729
0.8660079
0.8659919
0.8660074
0.8659565
0.08380364
0.8652817
0.8659204
0.8634798
0.8660114
0.8650974
0.8660105
0.8660136
0.8660135
0.8659915
0.8658254
0.8660114
0.8659662
0.8660133
0.8660091
0.8659787
0.866012
0.8647471
0.866008
0.8656553
0.865981
0.8659845
0.8660096
0.8657367
1.148857E-008
0.8660086
0.8657987
0.8660127
0.8659797
0.8660121
0.8654657
0.8659578
0.7939896
0.865572
0.8660037
0.8658897
0.8656278
0.8660103
0.8657877
0.8656355
0.8650287
0.8660058
0.8657649
0.8654493
0.8655762
0.8659522
0.865995
0.866009
0.8660034
0.8659766
0.8659397
0.8659977
0.8656504
0.866011
0.8659445
0.8660076
0.8659186
0.8659863
0.2738108
0.865642
0.8658746
0.8660112
0.8660109
0.8660002
0.8660051
0.8659952
0.8181006
0.86421
0.8651848
0.8659811
0.843974
0.8589871
0.8657184
0.8659268
0.8660036
0.8651157
0.8658616
0.8645425
0.865836
0.865266
0.8659469
0.8656768
0.8654974
0.8660042
0.8660127
0.8659399
0.8264501
0.8643762
0.8392447
0.8654051
0.8564968
0.8658492
0.8658985
0.8660123
0.8659778
0.8660102
0.8654119
0.8657417
0.8659341
0.865951
0.8658123
0.8659668
0.8660012
0.8658194
0.8658571
0.8659732
0.8660061
0.865608
0.8650174
0.8659745
0.8659979
0.8645076
0.8654177
0.8657674
0.8659797
0.8659983
0.8659777
0.8658603
0.8643817
0.865962
0.8613371
0.8659988
0.8659104
0.8625942
0.865742
0.8585554
5.040726E-005
0.8639386
0.8659875
0.8525699
0.8652402
0.8652966
0.8552964
0.865887
0.5455094
0.8659945
0.8660065
0.8660058
0.865912
0.7652886
0.865846
0.866008
0.865995
0.8659894
0.8621719
0.8654051
0.8658426
0.8645134
0.8656315
0.8653645
0.85933
0.8657773
0.865938
0.8625152
0.8650023
0.8658211
0.8660034
0.865951
0.8659578
0.8657306
0.8659261
0.8659164
0.8652023
0.8659709
0.8649039
0.8643812
0.865533
0.7726826
0.8659548
0.8659202
0.8596035
0.8659544
0.8384416
0.8658638
0.8659985
0.7843565
0.8570705
0.8635984
0.8659604
0.8659533
0.7847154
0.8659239
0.8658567
0.8652594
0.8659569
0.8657998
0.8630489
0.8659644
0.8659884
0.864753
0.8655557
0.4957905
0.7966934
0.862152
0.8659819
0.8659883
0.8656883
0.8658339
0.8658391
0.7383363
0.8651103
0.863526
0.8614314
0.8557814
0.8482957
0.8658607
0.8456569
0.8656582
2.734166E-008
0.8643606
0.8655292
0.8639959
0.8633927
0.5757066
0.8659877
0.8654116
0.8589655
0.6118241
0.8634575
0.8528113
1.250368E-008
0.8654253
0.1379224
0.8616544
0.8655346
0.8614393
0.8398475
8.823361E-009
0.8494444
0.8655304
0.8643741
0.8657116
0.8613917
0.8616029
0.8650354
0.8358858
0.8659151
0.8654141
0.8659237
0.8646119
0.8617403
0.8641058
0.2482653
0.8659893
0.8654449
0.8573961
0.8659699
0.7433572
0.8560384
0.8251541
0.8558919
0.865785
0.8659559
0.8659996
0.8659889
0.850772
0.8619544
0.8652211
0.8581079
0.8637093
0.8620579
0.8649923
0.1535297
0.0003409179
0.8565303
0.8498828
0.1462199
0.8656571
0.8659732
0.8656358
0.8647028
0.8659202
0.2314416
0.8650132
0.8611945
0.8659861
0.8659658
0.7794945
0.6909864
0.8644858
0.8541236
0.8544521
0.6253807
0.8652654
0.865954
0.8637276
0.8628127
0.8635685
0.8603608
0.04223812
0.8408535
0.06075734
0.8654856
0.003178374
0.4399891
0.8643394
0.8551353
0.8607896
0.05709246
0.8528719
0.857111
0.8634693
0.5689699
7.619625E-005
0.7108307
0.7781013
0.8522501
0.0001612147
0.853967
2.086181E-008
0.8594356
0.8647668
0.8531276
0.8494399
0.8632119
0.04872454
0.8639209
0.03333051
0.5594456
0.01147247
0.8500595
0.8635344
0.8610502
4.276199E-008
0.8285018
0.8383042
3.058948E-008
0.6417818
0.1542238
0.5841609
0.8014591
0.8244984
0.664159
0.8559772
0.6437449
0.8641925
2.360826E-008
0.01388356
0.8600064
0.7899064
0.2157934
0.5276369
0.8537288
0.8650329
0.000341369
3.553848E-005
0.7038483
0.8656541
0.4330616
0.8647628
0.04440615
4.630197E-008
0.6901847
0.7953226
0.5284765
5.448966E-008
0.479818
0.7380348
0.0001478421
0.8617593
0.8397523
4.577214E-008
8.811317E-006
0.856105
0.833341
0.004653482
0.07894759
0.7970588
0.08104253
0.8654814
0.8573574
0.3506896
0.8618877
0.02771763
0.1951768
1.182435E-007
1.807495E-006
4.041729E-008
2.808431E-005
0.8402849
0.7587703
0.4849634
0.0005414232
0.1567483
0.8407304
3.657442E-008
0.8292296
0.846597
0.01929466
0.6027133
0.1997483
0.00351319
0.6154361
9.160481E-006
0.4811141
0.7809319
0.7590112
0.3882411
4.774487E-008
0.7303482
0.002089197
5.33286E-008
5.141363E-008
9.040477E-006
0.8604485
0.8242639
0.8609531
0.862136
0.01417072
0.1955714
0.607064
0.01359619
0.002924484
0.6208144
0.03432315
6.035539E-008
0.8569774
0.7425607
0.4918286
0.2628725
0.004607388
5.992233E-008
0.8243075
0.4946893
0.8373995
0.7841143
0.8638042
0.8614011
6.547193E-008
6.668364E-008
0.652722
0.1515449
0.0005853181
0.6956965
0.4317895
0.03103087
0.4176682
0.04655783
0.0002892372
7.843565E-008
7.944803E-008
0.6937745
0.4597639
8.277308E-008
0.8594024
0.0002274415
0.6198683
0.2939038
0.1706274
7.352472E-005
3.354439E-007
0.5899749
0.7623625
0.03326862
0.4525958
0.5640875
0.02739683
0.122184
0.8004138
0.01336713
1.113153E-007
0.01758831
1.167162E-007
2.504845E-006
1.216025E-007
0.6990471
0.8601445
1.344772E-007
0.7892585
0.8609475
0.7152131
0.8237925
2.175902E-007
0.05503243
1.561618E-007
1.851708E-007
0.001878636
0.456916
0.6472156
0.7445618
0.009202596
0.418597
5.797425E-007
0.02377678
0.6142901
7.382436E-005
0.0111756
0.8435795
0.532233
0.8540348
0.8436436
0.772048
5.874767E-007
0.06585842
0.5414037
0.8180029
0.02792892
0.04179214
0.2970463
0.01940896
0.8604444
0.6462913
0.8505851
0.7940711
3.366795E-007
0.7825251
0.4114651
2.134644E-007
0.1612505
9.258671E-006
0.8158254
0.8016938
0.001524525
0.7774336
0.3300871
0.5943321
0.200202
1.98193E-007
2.135343E-007
0.3525828
0.439382
2.158849E-007
8.078599E-006
0.06296228
2.244376E-007
0.6019127
2.295928E-007
0.3340282
0.5762081
0.8514425
2.422288E-007
0.6431498
0.6075063
0.4797784
2.453148E-007
0.3079799
0.7304275
2.605781E-007
0.7024918
0.03732697
0.8016108
0.1279004
2.571716E-007
0.7757299
0.07968043
2.804538E-007
0.0002195862
9.606073E-005
0.700292
0.4128225
0.8465183
0.305041
0.154185
0.1486838
0.08347275
0.8126294
0.8154093
0.4500027
0.001944305
3.847381E-007
0.8657776
0.8074093
0.8495957
0.7345861
0.8655202
0.8658096
0.0426593
3.597605E-007
2.378674E-005
0.4193669
0.1263841
0.0001680852
0.5546279
0.7946716
3.612625E-007
0.5633651
0.04978042
2.065814E-005
0.6075515
4.21867E-007
0.5170789
0.8605659
0.7862025
0.7068082
0.0182645
0.8392912
0.8632639
0.8016449
0.8133649
0.8565561
0.8512206
0.8374227
5.72307E-007
0.8505521
2.824087E-006
5.942362E-005
0.01894705
5.541562E-006
0.864963
0.8648752
0.8236687
0.861866
0.8588155
0.00976212
0.6271269
0.7613587
6.347064E-007
0.8617605
0.006626747
0.8570505
0.8633138
0.8253079
0.8298235
0.8655662
0.8658615
0.8658325
0.8612244
0.6995023
0.8615561
0.8622347
0.6988868
0.000000697
0.8145215
0.8437637
1.208328E-005
0.8652479
0.8332524
0.8143243
0.8658525
0.808798
0.8637733
9.395643E-007
0.7588975
6.818033E-005
0.05397971
0.3637099
0.865188
0.8656612
0.8575883
0.8642127
0.8617723
0.0002681638
0.8582072
0.649949
0.7856388
0.8268905
0.8138253
0.8575846
0.5535589
0.8367884
0.3675065
0.5078382
0.8642685
0.8525215
0.8553022
0.8288016
0.631719
0.8653575
0.8647494
0.8635396
0.8573055
0.8616161
0.8423926
0.770973
0.8641238
0.8614632
0.8458179
0.8486882
0.8290779
0.2453855
0.8221883
0.8440308
0.000824082
0.81683
0.05625991
0.8607037
0.8656353
0.8657916
0.7148023
1.233096E-006
0.8479102
0.8647221
0.8262048
0.7063569
0.8655201
0.859605
7.850631E-005
0.8448228
0.8658036
0.8278650136
