# An Atlas of Galaxy Spectral Energy Distributions from the Ultraviolet to the Mid-Infrared
# Brown et al. (2014)
# http://dx.doi.org/10.5072/03/529D3551F0117
# 
# Column 1 : Restframe Wavelength (Angstrom)
# Column 2 : Flux per unit wavelength (ergs/s/cm^2/Angstrom)
# Column 3 : Observed wavelength (Angstrom)
# Column 4 : Source (0 = model, 1 = Optical Spectrum, 2 = Akari, 3 = Spitzer IRS)
# 
   100.01 7.7676e-33    101.86 0 
   102.10 1.4034e-32    103.99 0 
   104.00 2.2966e-32    105.93 0 
   105.94 3.8637e-32    107.89 0 
   107.91 6.4700e-32    109.90 0 
   109.91 1.3546e-31    111.94 0 
   114.04 3.3854e-31    116.14 0 
   118.04 7.7165e-31    120.23 0 
   121.07 3.1936e-30    123.31 0 
   125.04 6.9516e-30    127.35 0 
   127.07 1.0069e-29    129.42 0 
   127.95 1.2132e-29    130.32 0 
   130.93 2.0455e-29    133.35 0 
   132.14 2.5927e-29    134.59 0 
   133.98 3.6113e-29    136.46 0 
   137.10 6.2447e-29    139.64 0 
   139.97 1.0009e-28    142.56 0 
   142.90 2.1839e-28    145.55 0 
   146.91 4.8982e-28    149.62 0 
   151.02 8.5475e-28    153.82 0 
   154.90 1.4711e-27    157.76 0 
   158.87 2.4744e-27    161.81 0 
   161.83 3.6002e-27    164.82 0 
   165.98 5.8361e-27    169.04 0 
   169.84 9.2670e-27    172.98 0 
   173.00 1.2965e-26    176.20 0 
   177.03 1.9934e-26    180.30 0 
   179.91 2.7255e-26    183.23 0 
   181.99 3.3447e-26    185.35 0 
   185.80 4.9793e-26    189.23 0 
   191.01 7.9785e-26    194.54 0 
   194.11 1.0538e-25    197.70 0 
   198.17 1.5051e-25    201.84 0 
   201.86 2.1154e-25    205.59 0 
   205.14 2.7179e-25    208.93 0 
   209.92 3.9629e-25    213.80 0 
   215.80 6.4525e-25    219.79 0 
   219.81 8.6803e-25    223.87 0 
   222.87 1.0725e-24    226.99 0 
   227.01 1.4262e-24    231.21 0 
   230.17 2.5237e-24    234.42 0 
   233.91 4.9757e-24    238.23 0 
   239.91 8.4248e-24    244.34 0 
   246.06 1.1201e-23    250.61 0 
   251.79 1.5667e-23    256.45 0 
   257.07 1.6739e-23    261.82 0 
   260.04 2.2263e-23    264.85 0 
   264.27 2.7758e-23    269.15 0 
   269.18 3.4606e-23    274.16 0 
   274.19 4.2747e-23    279.25 0 
   279.28 5.2198e-23    284.45 0 
   283.82 6.3744e-23    289.07 0 
   289.77 7.6939e-23    295.12 0 
   295.83 9.7916e-23    301.30 0 
   301.33 1.1235e-22    306.90 0 
   308.35 1.4529e-22    314.05 0 
   317.72 2.0549e-22    323.59 0 
   328.13 2.7751e-22    334.19 0 
   338.10 3.6711e-22    344.35 0 
   348.37 4.7786e-22    354.81 0 
   357.31 6.0099e-22    363.92 0 
   365.63 7.5242e-22    372.39 0 
   375.01 9.2257e-22    381.94 0 
   384.63 1.1182e-21    391.74 0 
   395.41 1.4093e-21    402.72 0 
   404.62 1.7280e-21    412.10 0 
   414.04 2.0422e-21    421.70 0 
   421.74 2.3481e-21    429.54 0 
   429.58 2.6874e-21    437.52 0 
   440.60 3.2568e-21    448.75 0 
   450.86 3.8220e-21    459.20 0 
   460.31 4.3835e-21    468.81 0 
   469.94 5.0974e-21    478.63 0 
   479.78 5.9274e-21    488.65 0 
   489.83 6.7979e-21    498.88 0 
   500.09 7.9044e-21    509.33 0 
   505.88 1.1287e-20    515.23 0 
   511.74 2.5840e-20    521.19 0 
   520.05 2.8502e-20    529.66 0 
   529.72 3.2315e-20    539.51 0 
   539.57 3.4508e-20    549.54 0 
   549.60 4.6497e-20    559.76 0 
   559.82 5.9555e-20    570.16 0 
   570.22 7.1680e-20    580.76 0 
   579.49 7.6373e-20    590.20 0 
   590.26 9.5369e-20    601.17 0 
   599.85 1.0446e-19    610.94 0 
   609.60 1.2866e-19    620.87 0 
   619.51 1.5957e-19    630.96 0 
   629.57 1.8258e-19    641.21 0 
   639.80 2.0368e-19    651.63 0 
   650.20 2.3957e-19    662.22 0 
   657.73 2.6366e-19    669.88 0 
   665.34 2.9626e-19    677.64 0 
   674.60 3.3129e-19    687.07 0 
   685.56 3.5048e-19    698.23 0 
   695.10 4.4790e-19    707.95 0 
   704.77 4.5888e-19    717.79 0 
   716.22 5.8630e-19    729.46 0 
   726.18 6.4807e-19    739.61 0 
   734.59 7.1318e-19    748.17 0 
   744.81 8.2165e-19    758.58 0 
   755.17 9.1657e-19    769.13 0 
   765.68 1.0177e-18    779.83 0 
   774.54 1.1540e-18    788.86 0 
   785.32 1.3081e-18    799.83 0 
   794.41 1.4361e-18    809.10 0 
   805.46 1.5727e-18    820.35 0 
   814.79 1.7146e-18    829.85 0 
   824.23 1.9439e-18    839.46 0 
   835.69 1.8455e-18    851.14 0 
   845.37 2.2783e-18    860.99 0 
   855.16 2.4838e-18    870.96 0 
   865.06 2.7645e-18    881.05 0 
   875.08 3.0557e-18    891.25 0 
   885.21 3.4009e-18    901.57 0 
   895.46 3.7245e-18    912.01 0 
   905.83 3.9677e-18    922.57 0 
   914.21 6.0690e-18    931.11 0 
   924.80 3.7721e-17    941.89 0 
   935.51 8.3374e-17    952.80 0 
   944.16 1.7084e-16    961.61 0 
   955.09 2.4324e-16    972.75 0 
   963.93 3.1159e-16    981.75 0 
   975.09 8.2796e-17    993.12 0 
   984.12 3.6859e-16   1002.31 0 
   995.51 3.7841e-16   1013.91 0 
  1004.72 4.7368e-16   1023.29 0 
  1014.02 4.3253e-16   1032.76 0 
  1025.76 1.7759e-16   1044.72 0 
  1035.25 3.6976e-16   1054.39 0 
  1044.83 6.3889e-16   1064.14 0 
  1054.50 6.6824e-16   1073.99 0 
  1064.26 6.0454e-16   1083.93 0 
  1074.10 7.0294e-16   1093.96 0 
  1084.04 6.3592e-16   1104.08 0 
  1094.07 7.6716e-16   1114.29 0 
  1104.20 7.6447e-16   1124.61 0 
  1114.41 7.8313e-16   1135.01 0 
  1124.72 7.5041e-16   1145.51 0 
  1135.13 8.7249e-16   1156.11 0 
  1145.63 8.3409e-16   1166.81 0 
  1156.24 8.8851e-16   1177.61 0 
  1164.25 9.3810e-16   1185.77 0 
  1175.02 7.6681e-16   1196.74 0 
  1185.89 9.4215e-16   1207.81 0 
  1194.12 7.5456e-16   1216.19 0 
  1205.16 6.0272e-16   1227.44 0 
  1216.32 3.0237e-16   1238.80 0 
  1224.75 6.8564e-16   1247.38 0 
  1236.08 9.9426e-16   1258.93 0 
  1244.65 1.1222e-15   1267.65 0 
  1256.16 1.1441e-15   1279.38 0 
  1264.87 1.0641e-15   1288.25 0 
  1273.64 1.2780e-15   1297.18 0 
  1285.42 1.3456e-15   1309.18 0 
  1294.33 1.2287e-15   1318.26 0 
  1306.31 1.2411e-15   1330.45 0 
  1315.37 1.4333e-15   1339.68 0 
  1324.48 1.4251e-15   1348.96 0 
  1333.66 1.3721e-15   1358.31 0 
  1346.00 1.5231e-15   1370.88 0 
  1355.33 1.5249e-15   1380.38 0 
  1364.73 1.4680e-15   1389.95 0 
  1374.19 1.5319e-15   1399.59 0 
  1383.71 1.5839e-15   1409.29 0 
  1396.52 1.4793e-15   1422.33 0 
  1406.20 1.5507e-15   1432.19 0 
  1415.94 1.6107e-15   1442.12 0 
  1425.76 1.6425e-15   1452.11 0 
  1435.64 1.6671e-15   1462.18 0 
  1442.27 1.7443e-15   1468.93 0 
  1445.59 1.7678e-15   1472.31 0 
  1455.61 1.7697e-15   1482.52 0 
  1465.70 1.7233e-15   1492.79 0 
  1475.86 1.7411e-15   1503.14 0 
  1486.09 1.7713e-15   1513.56 0 
  1496.40 1.8144e-15   1524.05 0 
  1503.30 1.7962e-15   1531.09 0 
  1513.72 1.7014e-15   1541.70 0 
  1517.21 1.7808e-15   1545.25 0 
  1524.21 1.7711e-15   1552.39 0 
  1534.78 1.6622e-15   1563.15 0 
  1545.42 1.7787e-15   1573.98 0 
  1556.13 1.7240e-15   1584.89 0 
  1563.31 1.7625e-15   1592.21 0 
  1574.15 1.8774e-15   1603.25 0 
  1585.06 1.9452e-15   1614.36 0 
  1596.05 2.0155e-15   1625.55 0 
  1603.42 1.9769e-15   1633.05 0 
  1614.53 2.0016e-15   1644.37 0 
  1625.72 1.9623e-15   1655.77 0 
  1633.23 2.0624e-15   1663.41 0 
  1644.55 2.1026e-15   1674.94 0 
  1655.95 2.0097e-15   1686.55 0 
  1663.59 2.1813e-15   1694.34 0 
  1671.27 2.0479e-15   1702.16 0 
  1675.12 2.2085e-15   1706.08 0 
  1686.73 2.2775e-15   1717.91 0 
  1694.52 2.2133e-15   1725.84 0 
  1706.26 2.1847e-15   1737.80 0 
  1714.14 2.1626e-15   1745.82 0 
  1726.02 2.1743e-15   1757.92 0 
  1733.99 2.2850e-15   1766.04 0 
  1746.01 2.2659e-15   1778.28 0 
  1754.07 2.3812e-15   1786.49 0 
  1766.23 2.2497e-15   1798.87 0 
  1774.38 2.3533e-15   1807.17 0 
  1786.68 2.3933e-15   1819.70 0 
  1794.92 2.4978e-15   1828.10 0 
  1803.21 2.5124e-15   1836.54 0 
  1815.71 2.4401e-15   1849.27 0 
  1824.09 2.4771e-15   1857.80 0 
  1836.73 2.4505e-15   1870.68 0 
  1845.21 2.3269e-15   1879.32 0 
  1853.73 2.3676e-15   1887.99 0 
  1866.58 2.4356e-15   1901.08 0 
  1875.19 2.5535e-15   1909.85 0 
  1883.85 2.4527e-15   1918.67 0 
  1896.91 2.4040e-15   1931.97 0 
  1905.66 2.5144e-15   1940.89 0 
  1914.46 2.4886e-15   1949.84 0 
  1923.30 2.4801e-15   1958.84 0 
  1936.63 2.5277e-15   1972.42 0 
  1945.57 2.6560e-15   1981.53 0 
  1954.55 2.5570e-15   1990.67 0 
  1968.10 2.7162e-15   2004.47 0 
  1977.18 2.7827e-15   2013.72 0 
  1981.74 2.6990e-15   2018.37 0 
  1995.48 2.6634e-15   2032.36 0 
  2004.69 2.7160e-15   2041.74 0 
  2013.94 2.7003e-15   2051.16 0 
  2023.23 2.7790e-15   2060.63 0 
  2037.26 2.7359e-15   2074.91 0 
  2046.66 2.8027e-15   2084.49 0 
  2056.11 2.7292e-15   2094.11 0 
  2065.60 2.7765e-15   2103.78 0 
  2075.13 2.9172e-15   2113.49 0 
  2079.92 2.8556e-15   2118.36 0 
  2084.71 2.9136e-15   2123.24 0 
  2094.34 2.8307e-15   2133.04 0 
  2104.00 2.8797e-15   2142.89 0 
  2113.71 2.9093e-15   2152.78 0 
  2123.47 2.9596e-15   2162.72 0 
  2133.27 2.8424e-15   2172.70 0 
  2143.12 2.9183e-15   2182.73 0 
  2153.01 2.9824e-15   2192.81 0 
  2162.95 2.9242e-15   2202.93 0 
  2172.93 2.9271e-15   2213.09 0 
  2182.96 2.9435e-15   2223.31 0 
  2193.04 3.0570e-15   2233.57 0 
  2203.16 3.0041e-15   2243.88 0 
  2213.33 2.9251e-15   2254.24 0 
  2223.55 2.8943e-15   2264.64 0 
  2233.81 3.0547e-15   2275.10 0 
  2244.12 2.9742e-15   2285.60 0 
  2254.48 2.9227e-15   2296.15 0 
  2264.88 2.9545e-15   2306.75 0 
  2275.34 3.0448e-15   2317.39 0 
  2285.84 3.1211e-15   2328.09 0 
  2296.39 3.0203e-15   2338.84 0 
  2306.99 3.0747e-15   2349.63 0 
  2317.64 3.0378e-15   2360.48 0 
  2322.98 2.6665e-15   2365.92 0 
  2333.71 2.9765e-15   2376.84 0 
  2344.48 2.8871e-15   2387.81 0 
  2355.30 3.0848e-15   2398.83 0 
  2366.17 2.9376e-15   2409.91 0 
  2377.09 3.0463e-15   2421.03 0 
  2382.57 2.8851e-15   2426.61 0 
  2393.57 3.0334e-15   2437.81 0 
  2404.62 2.9834e-15   2449.06 0 
  2415.72 3.0373e-15   2460.37 0 
  2426.87 3.1936e-15   2471.72 0 
  2432.46 3.1165e-15   2477.42 0 
  2443.69 3.2618e-15   2488.86 0 
  2454.97 3.2453e-15   2500.35 0 
  2466.30 3.2512e-15   2511.89 0 
  2477.69 3.1904e-15   2523.48 0 
  2483.40 3.2602e-15   2529.30 0 
  2494.86 3.1699e-15   2540.97 0 
  2506.38 3.4265e-15   2552.70 0 
  2512.15 3.2155e-15   2558.59 0 
  2517.94 3.2558e-15   2564.48 0 
  2523.75 3.1627e-15   2570.40 0 
  2535.40 3.2053e-15   2582.26 0 
  2547.10 3.2188e-15   2594.18 0 
  2552.97 3.4049e-15   2600.16 0 
  2564.76 3.3800e-15   2612.16 0 
  2576.59 3.5297e-15   2624.22 0 
  2582.54 3.5412e-15   2630.27 0 
  2594.46 3.5317e-15   2642.41 0 
  2606.43 3.4579e-15   2654.61 0 
  2612.44 3.4453e-15   2660.72 0 
  2624.50 3.5815e-15   2673.01 0 
  2636.61 3.6889e-15   2685.34 0 
  2642.69 3.9657e-15   2691.54 0 
  2654.89 4.0660e-15   2703.96 0 
  2667.14 3.8549e-15   2716.44 0 
  2673.29 3.9759e-15   2722.70 0 
  2685.63 4.0484e-15   2735.27 0 
  2698.03 3.9007e-15   2747.89 0 
  2704.25 4.0047e-15   2754.23 0 
  2716.73 3.8586e-15   2766.94 0 
  2722.99 3.8446e-15   2773.32 0 
  2735.56 4.0246e-15   2786.12 0 
  2741.87 3.6741e-15   2792.54 0 
  2754.52 3.7759e-15   2805.43 0 
  2767.24 3.9345e-15   2818.38 0 
  2773.62 4.0769e-15   2824.88 0 
  2786.42 3.9283e-15   2837.92 0 
  2792.84 3.3162e-15   2844.46 0 
  2805.73 3.5361e-15   2857.59 0 
  2812.20 4.1587e-15   2864.18 0 
  2825.18 4.3038e-15   2877.40 0 
  2838.22 4.2436e-15   2890.68 0 
  2844.76 4.1513e-15   2897.34 0 
  2857.89 4.0279e-15   2910.72 0 
  2864.48 4.3603e-15   2917.43 0 
  2877.70 4.4404e-15   2930.89 0 
  2884.34 4.4552e-15   2937.65 0 
  2897.65 4.4851e-15   2951.21 0 
  2911.03 4.8048e-15   2964.83 0 
  2931.20 4.7211e-15   2985.38 0 
  2951.52 4.7143e-15   3006.08 0 
  2971.98 4.8172e-15   3026.91 0 
  2992.58 4.8886e-15   3047.89 0 
  3013.33 4.9840e-15   3069.02 0 
  3027.24 5.0642e-15   3083.19 0 
  3048.22 5.1395e-15   3104.56 0 
  3069.35 5.1920e-15   3126.08 0 
  3090.62 5.2694e-15   3147.75 0 
  3112.05 5.3479e-15   3169.57 0 
  3126.41 5.3229e-15   3184.20 0 
  3148.08 5.3900e-15   3206.27 0 
  3169.91 5.5086e-15   3228.49 0 
  3191.88 5.3641e-15   3250.87 0 
  3206.61 5.5779e-15   3265.88 0 
  3228.84 5.4443e-15   3288.52 0 
  3251.22 5.8133e-15   3311.31 0 
  3273.76 6.0661e-15   3334.26 0 
  3288.87 6.0940e-15   3349.66 0 
  3311.66 6.1151e-15   3372.87 0 
  3319.30 6.0521e-15   3380.65 0 
  3326.95 6.0871e-15   3388.44 0 
  3334.62 6.3083e-15   3396.25 0 
  3342.31 5.9213e-15   3404.08 0 
  3350.01 6.1648e-15   3411.93 0 
  3357.73 6.0733e-15   3419.79 0 
  3365.47 5.5967e-15   3427.68 0 
  3373.23 5.5904e-15   3435.58 0 
  3381.01 5.9013e-15   3443.50 0 
  3388.80 6.2728e-15   3451.44 0 
  3396.61 6.0949e-15   3459.39 0 
  3404.44 6.2875e-15   3467.37 0 
  3412.29 6.0953e-15   3475.36 0 
  3420.16 6.3461e-15   3483.37 0 
  3428.04 6.4717e-15   3491.40 0 
  3435.94 6.5695e-15   3499.45 0 
  3443.87 6.0541e-15   3507.52 0 
  3451.80 6.6768e-15   3515.60 0 
  3459.76 6.4281e-15   3523.71 0 
  3467.74 6.4506e-15   3531.83 0 
  3475.73 6.6240e-15   3539.97 0 
  3483.74 6.5560e-15   3548.13 0 
  3491.78 6.8103e-15   3556.31 0 
  3499.82 6.2893e-15   3564.51 0 
  3507.89 6.7286e-15   3572.73 0 
  3515.98 6.4158e-15   3580.96 0 
  3524.08 6.5702e-15   3589.22 0 
  3532.21 6.7905e-15   3597.49 0 
  3540.35 6.9379e-15   3605.79 0 
  3548.51 7.2369e-15   3614.10 0 
  3556.69 7.1102e-15   3622.43 0 
  3564.89 7.1814e-15   3630.78 0 
  3573.11 6.6152e-15   3639.15 0 
  3581.35 6.5746e-15   3647.54 0 
  3589.60 6.0982e-15   3655.95 0 
  3597.88 6.7691e-15   3664.37 0 
  3606.17 6.8369e-15   3672.82 0 
  3607.63 5.2300e-15   3674.31 1 
  3610.33 8.2400e-15   3677.06 1 
  3613.03 7.3481e-15   3679.81 1 
  3615.73 7.1548e-15   3682.56 1 
  3618.43 7.2853e-15   3685.31 1 
  3621.13 7.5238e-15   3688.06 1 
  3623.83 6.8559e-15   3690.81 1 
  3626.53 8.4765e-15   3693.56 1 
  3629.23 6.1246e-15   3696.31 1 
  3631.93 5.5262e-15   3699.06 1 
  3634.63 7.1231e-15   3701.81 1 
  3637.33 9.8258e-15   3704.56 1 
  3640.03 7.5587e-15   3707.31 1 
  3642.73 8.5497e-15   3710.06 1 
  3645.43 8.9765e-15   3712.81 1 
  3648.13 7.0858e-15   3715.56 1 
  3650.83 7.2047e-15   3718.31 1 
  3653.53 9.3210e-15   3721.06 1 
  3656.23 6.4731e-15   3723.81 1 
  3658.93 8.5858e-15   3726.56 1 
  3661.63 7.9489e-15   3729.31 1 
  3664.33 5.7074e-15   3732.06 1 
  3667.03 7.6007e-15   3734.81 1 
  3669.73 7.9914e-15   3737.56 1 
  3672.43 7.2205e-15   3740.31 1 
  3675.13 6.8900e-15   3743.06 1 
  3677.83 6.8593e-15   3745.81 1 
  3680.53 5.2113e-15   3748.56 1 
  3683.23 6.8807e-15   3751.31 1 
  3685.93 7.6375e-15   3754.06 1 
  3688.63 7.0549e-15   3756.81 1 
  3691.33 9.2803e-15   3759.56 1 
  3694.03 7.2064e-15   3762.31 1 
  3696.73 7.2763e-15   3765.06 1 
  3699.43 8.4498e-15   3767.81 1 
  3702.13 7.6705e-15   3770.56 1 
  3704.83 8.3039e-15   3773.31 1 
  3707.53 8.7477e-15   3776.06 1 
  3710.23 8.2570e-15   3778.81 1 
  3712.93 7.6418e-15   3781.56 1 
  3715.63 8.5367e-15   3784.31 1 
  3718.33 9.6157e-15   3787.06 1 
  3721.03 1.2699e-14   3789.81 1 
  3723.73 1.7668e-14   3792.56 1 
  3726.43 1.7515e-14   3795.31 1 
  3729.13 1.3098e-14   3798.06 1 
  3731.83 1.0908e-14   3800.81 1 
  3734.53 8.3210e-15   3803.56 1 
  3737.23 6.9186e-15   3806.31 1 
  3739.93 6.7954e-15   3809.06 1 
  3742.63 6.8914e-15   3811.81 1 
  3745.34 6.7688e-15   3814.56 1 
  3748.04 8.6441e-15   3817.31 1 
  3750.74 8.2398e-15   3820.06 1 
  3753.44 7.6229e-15   3822.81 1 
  3756.14 8.6914e-15   3825.56 1 
  3758.84 8.3680e-15   3828.31 1 
  3761.54 8.0309e-15   3831.06 1 
  3764.24 6.8100e-15   3833.81 1 
  3766.94 8.2481e-15   3836.56 1 
  3769.64 7.9566e-15   3839.31 1 
  3772.34 8.7018e-15   3842.06 1 
  3775.04 8.4754e-15   3844.81 1 
  3777.74 1.1055e-14   3847.56 1 
  3780.44 1.0953e-14   3850.31 1 
  3783.14 8.7871e-15   3853.06 1 
  3785.84 1.0562e-14   3855.81 1 
  3788.54 8.8582e-15   3858.56 1 
  3791.24 8.2967e-15   3861.31 1 
  3793.94 7.9811e-15   3864.06 1 
  3796.64 8.1478e-15   3866.81 1 
  3799.34 8.0957e-15   3869.56 1 
  3802.04 1.0019e-14   3872.31 1 
  3804.74 9.4150e-15   3875.06 1 
  3807.44 9.0627e-15   3877.81 1 
  3810.14 9.4861e-15   3880.56 1 
  3812.84 9.3754e-15   3883.31 1 
  3815.54 8.2225e-15   3886.06 1 
  3818.24 9.3589e-15   3888.81 1 
  3820.94 9.3665e-15   3891.56 1 
  3823.64 8.9220e-15   3894.31 1 
  3826.34 7.4470e-15   3897.06 1 
  3829.04 7.9361e-15   3899.81 1 
  3831.74 7.2914e-15   3902.56 1 
  3834.44 8.5753e-15   3905.31 1 
  3837.14 8.0484e-15   3908.06 1 
  3839.84 8.8694e-15   3910.81 1 
  3842.54 9.2311e-15   3913.56 1 
  3845.24 9.8534e-15   3916.31 1 
  3847.94 1.0840e-14   3919.06 1 
  3850.64 1.0114e-14   3921.81 1 
  3853.34 1.0908e-14   3924.56 1 
  3856.04 1.0755e-14   3927.31 1 
  3858.74 1.1226e-14   3930.06 1 
  3861.44 1.1030e-14   3932.81 1 
  3864.14 1.1367e-14   3935.56 1 
  3866.84 1.1273e-14   3938.31 1 
  3869.54 1.1080e-14   3941.06 1 
  3872.24 9.3874e-15   3943.81 1 
  3874.94 9.8207e-15   3946.56 1 
  3877.64 9.4142e-15   3949.31 1 
  3880.34 1.0065e-14   3952.06 1 
  3883.04 8.3216e-15   3954.81 1 
  3885.74 8.5232e-15   3957.56 1 
  3888.44 8.2018e-15   3960.31 1 
  3891.14 9.4308e-15   3963.06 1 
  3893.84 8.4944e-15   3965.81 1 
  3896.54 9.6132e-15   3968.56 1 
  3899.24 1.0398e-14   3971.31 1 
  3901.94 1.0756e-14   3974.06 1 
  3904.64 1.1152e-14   3976.81 1 
  3907.34 1.1148e-14   3979.56 1 
  3910.04 1.1816e-14   3982.31 1 
  3912.74 1.0787e-14   3985.06 1 
  3915.44 1.1214e-14   3987.81 1 
  3918.14 1.1660e-14   3990.56 1 
  3920.84 1.0760e-14   3993.31 1 
  3923.54 1.0258e-14   3996.06 1 
  3926.24 8.2640e-15   3998.81 1 
  3928.94 8.2031e-15   4001.56 1 
  3931.64 7.6180e-15   4004.31 1 
  3934.34 9.6046e-15   4007.06 1 
  3937.04 9.8813e-15   4009.81 1 
  3939.74 1.0422e-14   4012.56 1 
  3942.44 1.1238e-14   4015.31 1 
  3945.14 1.1505e-14   4018.06 1 
  3947.84 1.1882e-14   4020.81 1 
  3950.54 1.1103e-14   4023.56 1 
  3953.24 1.1573e-14   4026.31 1 
  3955.94 1.1330e-14   4029.06 1 
  3958.64 9.7342e-15   4031.81 1 
  3961.34 9.8145e-15   4034.56 1 
  3964.04 7.9027e-15   4037.31 1 
  3966.74 8.0380e-15   4040.06 1 
  3969.44 8.4669e-15   4042.81 1 
  3972.14 8.7116e-15   4045.56 1 
  3974.84 9.3800e-15   4048.31 1 
  3977.54 1.0309e-14   4051.06 1 
  3980.24 1.0839e-14   4053.81 1 
  3982.94 1.1594e-14   4056.56 1 
  3985.64 1.2492e-14   4059.31 1 
  3988.34 1.2579e-14   4062.06 1 
  3991.04 1.2350e-14   4064.81 1 
  3993.74 1.2256e-14   4067.56 1 
  3996.44 1.2598e-14   4070.31 1 
  3999.14 1.2736e-14   4073.06 1 
  4001.84 1.3533e-14   4075.81 1 
  4004.54 1.3569e-14   4078.56 1 
  4007.24 1.3486e-14   4081.31 1 
  4009.94 1.4080e-14   4084.06 1 
  4012.64 1.3857e-14   4086.81 1 
  4015.34 1.3760e-14   4089.56 1 
  4018.04 1.3494e-14   4092.31 1 
  4020.74 1.2844e-14   4095.06 1 
  4023.44 1.3387e-14   4097.81 1 
  4026.14 1.2531e-14   4100.56 1 
  4028.84 1.3282e-14   4103.31 1 
  4031.55 1.3553e-14   4106.06 1 
  4034.25 1.2907e-14   4108.81 1 
  4036.95 1.3019e-14   4111.56 1 
  4039.65 1.3570e-14   4114.31 1 
  4042.35 1.2875e-14   4117.06 1 
  4045.05 1.2909e-14   4119.81 1 
  4047.75 1.3361e-14   4122.56 1 
  4050.45 1.2787e-14   4125.31 1 
  4053.15 1.2798e-14   4128.06 1 
  4055.85 1.3504e-14   4130.81 1 
  4058.55 1.2578e-14   4133.56 1 
  4061.25 1.3183e-14   4136.31 1 
  4063.95 1.2533e-14   4139.06 1 
  4066.65 1.1945e-14   4141.81 1 
  4069.35 1.2332e-14   4144.56 1 
  4072.05 1.2087e-14   4147.31 1 
  4074.75 1.2720e-14   4150.06 1 
  4077.45 1.2414e-14   4152.81 1 
  4080.15 1.1876e-14   4155.56 1 
  4082.85 1.1815e-14   4158.31 1 
  4085.55 1.2295e-14   4161.06 1 
  4088.25 1.2686e-14   4163.81 1 
  4090.95 1.2007e-14   4166.56 1 
  4093.65 1.1559e-14   4169.31 1 
  4096.35 1.1276e-14   4172.06 1 
  4099.05 1.0939e-14   4174.81 1 
  4101.75 1.0945e-14   4177.56 1 
  4104.45 1.1623e-14   4180.31 1 
  4107.15 1.1764e-14   4183.06 1 
  4109.85 1.2461e-14   4185.81 1 
  4112.55 1.3075e-14   4188.56 1 
  4115.25 1.2413e-14   4191.31 1 
  4117.95 1.2105e-14   4194.06 1 
  4120.65 1.2686e-14   4196.81 1 
  4123.35 1.3395e-14   4199.56 1 
  4126.05 1.3207e-14   4202.31 1 
  4128.75 1.2781e-14   4205.06 1 
  4131.45 1.2891e-14   4207.81 1 
  4134.15 1.2746e-14   4210.56 1 
  4136.85 1.3577e-14   4213.31 1 
  4139.55 1.3197e-14   4216.06 1 
  4142.25 1.2899e-14   4218.81 1 
  4144.95 1.2514e-14   4221.56 1 
  4147.65 1.2891e-14   4224.31 1 
  4150.35 1.3230e-14   4227.06 1 
  4153.05 1.3028e-14   4229.81 1 
  4155.75 1.2399e-14   4232.56 1 
  4158.45 1.2515e-14   4235.31 1 
  4161.15 1.2714e-14   4238.06 1 
  4163.85 1.3335e-14   4240.81 1 
  4166.55 1.3898e-14   4243.56 1 
  4169.25 1.2501e-14   4246.31 1 
  4171.95 1.2769e-14   4249.06 1 
  4174.65 1.2500e-14   4251.81 1 
  4177.35 1.3237e-14   4254.56 1 
  4180.05 1.3280e-14   4257.31 1 
  4182.75 1.3528e-14   4260.06 1 
  4185.45 1.3159e-14   4262.81 1 
  4188.15 1.3810e-14   4265.56 1 
  4190.85 1.4109e-14   4268.31 1 
  4193.55 1.3043e-14   4271.06 1 
  4196.25 1.1910e-14   4273.81 1 
  4198.95 1.2672e-14   4276.56 1 
  4201.65 1.3164e-14   4279.31 1 
  4204.35 1.2732e-14   4282.06 1 
  4207.05 1.2936e-14   4284.81 1 
  4209.75 1.3482e-14   4287.56 1 
  4212.45 1.3219e-14   4290.31 1 
  4215.15 1.2928e-14   4293.06 1 
  4217.85 1.3184e-14   4295.81 1 
  4220.55 1.2493e-14   4298.56 1 
  4223.25 1.1406e-14   4301.31 1 
  4225.95 1.2221e-14   4304.06 1 
  4228.65 1.2976e-14   4306.81 1 
  4231.35 1.3233e-14   4309.56 1 
  4234.05 1.4290e-14   4312.31 1 
  4236.75 1.3390e-14   4315.06 1 
  4239.45 1.2488e-14   4317.81 1 
  4242.15 1.3018e-14   4320.56 1 
  4244.85 1.3930e-14   4323.31 1 
  4247.55 1.3340e-14   4326.06 1 
  4250.25 1.3596e-14   4328.81 1 
  4252.95 1.3364e-14   4331.56 1 
  4255.65 1.3607e-14   4334.31 1 
  4258.35 1.3064e-14   4337.06 1 
  4261.05 1.3990e-14   4339.81 1 
  4263.75 1.3496e-14   4342.56 1 
  4266.45 1.3111e-14   4345.31 1 
  4269.15 1.3773e-14   4348.06 1 
  4271.85 1.3045e-14   4350.81 1 
  4274.55 1.3189e-14   4353.56 1 
  4277.25 1.3044e-14   4356.31 1 
  4279.95 1.3805e-14   4359.06 1 
  4282.65 1.4396e-14   4361.81 1 
  4285.35 1.2839e-14   4364.56 1 
  4288.05 1.2956e-14   4367.31 1 
  4290.75 1.3077e-14   4370.06 1 
  4293.45 1.2236e-14   4372.81 1 
  4296.15 1.2129e-14   4375.56 1 
  4298.85 1.2039e-14   4378.31 1 
  4301.55 1.1990e-14   4381.06 1 
  4304.25 1.1753e-14   4383.81 1 
  4306.95 1.2069e-14   4386.56 1 
  4309.65 1.1927e-14   4389.31 1 
  4312.35 1.2765e-14   4392.06 1 
  4315.05 1.3256e-14   4394.81 1 
  4317.75 1.2692e-14   4397.56 1 
  4320.46 1.2469e-14   4400.31 1 
  4323.16 1.2086e-14   4403.06 1 
  4325.86 1.2426e-14   4405.81 1 
  4328.56 1.2287e-14   4408.56 1 
  4331.26 1.2053e-14   4411.31 1 
  4333.96 1.2912e-14   4414.06 1 
  4336.66 1.2766e-14   4416.81 1 
  4339.36 1.2325e-14   4419.56 1 
  4342.06 1.2449e-14   4422.31 1 
  4344.76 1.1193e-14   4425.06 1 
  4347.46 1.1779e-14   4427.81 1 
  4350.16 1.1451e-14   4430.56 1 
  4352.86 1.1909e-14   4433.31 1 
  4355.56 1.3673e-14   4436.06 1 
  4358.26 1.4182e-14   4438.81 1 
  4360.96 1.3706e-14   4441.56 1 
  4363.66 1.4238e-14   4444.31 1 
  4366.36 1.2845e-14   4447.06 1 
  4369.06 1.4124e-14   4449.81 1 
  4371.76 1.4164e-14   4452.56 1 
  4374.46 1.3478e-14   4455.31 1 
  4377.16 1.3564e-14   4458.06 1 
  4379.86 1.2993e-14   4460.81 1 
  4382.56 1.2975e-14   4463.56 1 
  4385.26 1.3877e-14   4466.31 1 
  4387.96 1.3366e-14   4469.06 1 
  4390.66 1.3219e-14   4471.81 1 
  4393.36 1.3280e-14   4474.56 1 
  4396.06 1.2950e-14   4477.31 1 
  4398.76 1.3829e-14   4480.06 1 
  4401.46 1.3041e-14   4482.81 1 
  4404.16 1.2847e-14   4485.56 1 
  4406.86 1.4676e-14   4488.31 1 
  4409.56 1.3896e-14   4491.06 1 
  4412.26 1.3427e-14   4493.81 1 
  4414.96 1.3901e-14   4496.56 1 
  4417.66 1.4015e-14   4499.31 1 
  4420.36 1.3983e-14   4502.06 1 
  4423.06 1.3665e-14   4504.81 1 
  4425.76 1.3698e-14   4507.56 1 
  4428.46 1.3757e-14   4510.31 1 
  4431.16 1.3507e-14   4513.06 1 
  4433.86 1.3511e-14   4515.81 1 
  4436.56 1.4560e-14   4518.56 1 
  4439.26 1.4128e-14   4521.31 1 
  4441.96 1.4650e-14   4524.06 1 
  4444.66 1.4616e-14   4526.81 1 
  4447.36 1.4221e-14   4529.56 1 
  4450.06 1.3865e-14   4532.31 1 
  4452.76 1.4500e-14   4535.06 1 
  4455.46 1.4362e-14   4537.81 1 
  4458.16 1.3567e-14   4540.56 1 
  4460.86 1.4228e-14   4543.31 1 
  4463.56 1.4154e-14   4546.06 1 
  4466.26 1.4123e-14   4548.81 1 
  4468.96 1.4800e-14   4551.56 1 
  4471.66 1.5424e-14   4554.31 1 
  4474.36 1.5219e-14   4557.06 1 
  4477.06 1.4349e-14   4559.81 1 
  4479.76 1.4335e-14   4562.56 1 
  4482.46 1.4515e-14   4565.31 1 
  4485.16 1.4231e-14   4568.06 1 
  4487.86 1.4258e-14   4570.81 1 
  4490.56 1.4943e-14   4573.56 1 
  4493.26 1.4815e-14   4576.31 1 
  4495.96 1.4389e-14   4579.06 1 
  4498.66 1.5594e-14   4581.81 1 
  4501.36 1.5291e-14   4584.56 1 
  4504.06 1.5638e-14   4587.31 1 
  4506.76 1.5331e-14   4590.06 1 
  4509.46 1.4913e-14   4592.81 1 
  4512.16 1.5132e-14   4595.56 1 
  4514.86 1.5308e-14   4598.31 1 
  4517.56 1.5279e-14   4601.06 1 
  4520.26 1.4728e-14   4603.81 1 
  4522.96 1.4274e-14   4606.56 1 
  4525.66 1.3448e-14   4609.31 1 
  4528.36 1.4466e-14   4612.06 1 
  4531.06 1.4267e-14   4614.81 1 
  4533.76 1.4797e-14   4617.56 1 
  4536.46 1.4640e-14   4620.31 1 
  4539.16 1.5069e-14   4623.06 1 
  4541.86 1.4804e-14   4625.81 1 
  4544.56 1.4696e-14   4628.56 1 
  4547.26 1.4697e-14   4631.31 1 
  4549.96 1.4874e-14   4634.06 1 
  4552.66 1.4992e-14   4636.81 1 
  4555.36 1.4645e-14   4639.56 1 
  4558.06 1.4932e-14   4642.31 1 
  4560.76 1.4662e-14   4645.06 1 
  4563.46 1.5130e-14   4647.81 1 
  4566.16 1.4980e-14   4650.56 1 
  4568.86 1.4547e-14   4653.31 1 
  4571.56 1.4697e-14   4656.06 1 
  4574.26 1.5143e-14   4658.81 1 
  4576.96 1.4972e-14   4661.56 1 
  4579.66 1.3940e-14   4664.31 1 
  4582.36 1.4504e-14   4667.06 1 
  4585.06 1.5043e-14   4669.81 1 
  4587.76 1.4617e-14   4672.56 1 
  4590.46 1.4796e-14   4675.31 1 
  4593.16 1.5366e-14   4678.06 1 
  4595.86 1.4947e-14   4680.81 1 
  4598.56 1.4726e-14   4683.56 1 
  4601.26 1.4868e-14   4686.31 1 
  4603.96 1.4959e-14   4689.06 1 
  4606.67 1.5372e-14   4691.81 1 
  4609.37 1.5771e-14   4694.56 1 
  4612.07 1.5383e-14   4697.31 1 
  4614.77 1.4989e-14   4700.06 1 
  4617.47 1.5388e-14   4702.81 1 
  4620.17 1.5226e-14   4705.56 1 
  4622.87 1.5408e-14   4708.31 1 
  4625.57 1.4896e-14   4711.06 1 
  4628.27 1.4924e-14   4713.81 1 
  4630.97 1.5458e-14   4716.56 1 
  4633.67 1.4639e-14   4719.31 1 
  4636.37 1.4557e-14   4722.06 1 
  4639.07 1.5182e-14   4724.81 1 
  4641.77 1.5299e-14   4727.56 1 
  4644.47 1.4920e-14   4730.31 1 
  4647.17 1.5291e-14   4733.06 1 
  4649.87 1.5110e-14   4735.81 1 
  4652.57 1.5718e-14   4738.56 1 
  4655.27 1.5943e-14   4741.31 1 
  4657.97 1.5643e-14   4744.06 1 
  4660.67 1.5039e-14   4746.81 1 
  4663.37 1.4755e-14   4749.56 1 
  4666.07 1.4596e-14   4752.31 1 
  4668.77 1.4678e-14   4755.06 1 
  4671.47 1.4710e-14   4757.81 1 
  4674.17 1.4635e-14   4760.56 1 
  4676.87 1.4747e-14   4763.31 1 
  4679.57 1.4851e-14   4766.06 1 
  4682.27 1.4802e-14   4768.81 1 
  4684.97 1.4792e-14   4771.56 1 
  4687.67 1.5257e-14   4774.31 1 
  4690.37 1.4996e-14   4777.06 1 
  4693.07 1.4607e-14   4779.81 1 
  4695.77 1.4566e-14   4782.56 1 
  4698.47 1.4755e-14   4785.31 1 
  4701.17 1.4617e-14   4788.06 1 
  4703.87 1.4707e-14   4790.81 1 
  4706.57 1.4907e-14   4793.56 1 
  4709.27 1.4922e-14   4796.31 1 
  4711.97 1.4377e-14   4799.06 1 
  4714.67 1.4726e-14   4801.81 1 
  4717.37 1.5086e-14   4804.56 1 
  4720.07 1.5021e-14   4807.31 1 
  4722.77 1.4721e-14   4810.06 1 
  4725.47 1.4892e-14   4812.81 1 
  4728.17 1.4641e-14   4815.56 1 
  4730.87 1.5228e-14   4818.31 1 
  4733.57 1.5071e-14   4821.06 1 
  4736.27 1.5251e-14   4823.81 1 
  4738.97 1.5831e-14   4826.56 1 
  4741.67 1.5655e-14   4829.31 1 
  4744.37 1.5955e-14   4832.06 1 
  4747.07 1.6264e-14   4834.81 1 
  4749.77 1.5831e-14   4837.56 1 
  4752.47 1.5551e-14   4840.31 1 
  4755.17 1.5287e-14   4843.06 1 
  4757.87 1.4722e-14   4845.81 1 
  4760.57 1.4985e-14   4848.56 1 
  4763.27 1.4427e-14   4851.31 1 
  4765.97 1.5030e-14   4854.06 1 
  4768.67 1.4632e-14   4856.81 1 
  4771.37 1.5383e-14   4859.56 1 
  4774.07 1.5021e-14   4862.31 1 
  4776.77 1.5232e-14   4865.06 1 
  4779.47 1.5078e-14   4867.81 1 
  4782.17 1.5263e-14   4870.56 1 
  4784.87 1.5644e-14   4873.31 1 
  4787.57 1.5085e-14   4876.06 1 
  4790.27 1.4811e-14   4878.81 1 
  4792.97 1.5023e-14   4881.56 1 
  4795.67 1.4676e-14   4884.31 1 
  4798.37 1.5158e-14   4887.06 1 
  4801.07 1.4931e-14   4889.81 1 
  4803.77 1.4980e-14   4892.56 1 
  4806.47 1.4790e-14   4895.31 1 
  4809.17 1.5447e-14   4898.06 1 
  4811.87 1.5354e-14   4900.81 1 
  4814.57 1.5332e-14   4903.56 1 
  4817.27 1.5421e-14   4906.31 1 
  4819.97 1.5611e-14   4909.06 1 
  4822.67 1.4741e-14   4911.81 1 
  4825.37 1.4707e-14   4914.56 1 
  4828.07 1.5114e-14   4917.31 1 
  4830.77 1.4583e-14   4920.06 1 
  4833.47 1.5097e-14   4922.81 1 
  4836.17 1.4923e-14   4925.56 1 
  4838.87 1.4605e-14   4928.31 1 
  4841.57 1.4992e-14   4931.06 1 
  4844.27 1.4658e-14   4933.81 1 
  4846.97 1.4220e-14   4936.56 1 
  4849.67 1.4872e-14   4939.31 1 
  4852.37 1.5624e-14   4942.06 1 
  4855.07 1.7276e-14   4944.81 1 
  4857.77 1.8630e-14   4947.56 1 
  4860.47 1.8285e-14   4950.31 1 
  4863.17 1.6326e-14   4953.06 1 
  4865.87 1.4657e-14   4955.81 1 
  4868.57 1.3858e-14   4958.56 1 
  4871.27 1.3404e-14   4961.31 1 
  4873.97 1.3866e-14   4964.06 1 
  4876.67 1.4258e-14   4966.81 1 
  4879.37 1.4482e-14   4969.56 1 
  4882.07 1.3847e-14   4972.31 1 
  4884.77 1.3973e-14   4975.06 1 
  4887.47 1.4481e-14   4977.81 1 
  4890.17 1.5102e-14   4980.56 1 
  4892.88 1.5499e-14   4983.31 1 
  4895.58 1.5393e-14   4986.06 1 
  4898.28 1.5198e-14   4988.81 1 
  4900.98 1.4882e-14   4991.56 1 
  4903.68 1.5100e-14   4994.31 1 
  4906.38 1.4939e-14   4997.06 1 
  4909.08 1.4757e-14   4999.81 1 
  4911.78 1.4837e-14   5002.56 1 
  4914.48 1.4479e-14   5005.31 1 
  4917.18 1.3859e-14   5008.06 1 
  4919.88 1.4564e-14   5010.81 1 
  4922.58 1.4643e-14   5013.56 1 
  4925.28 1.4940e-14   5016.31 1 
  4927.98 1.4791e-14   5019.06 1 
  4930.68 1.4690e-14   5021.81 1 
  4933.38 1.4463e-14   5024.56 1 
  4936.08 1.4950e-14   5027.31 1 
  4938.78 1.5755e-14   5030.06 1 
  4941.48 1.4985e-14   5032.81 1 
  4944.18 1.5990e-14   5035.56 1 
  4946.88 1.5244e-14   5038.31 1 
  4949.58 1.5006e-14   5041.06 1 
  4952.28 1.5413e-14   5043.81 1 
  4954.98 1.5996e-14   5046.56 1 
  4957.68 1.5851e-14   5049.31 1 
  4960.38 1.5542e-14   5052.06 1 
  4963.08 1.5339e-14   5054.81 1 
  4965.78 1.5141e-14   5057.56 1 
  4968.48 1.4944e-14   5060.31 1 
  4971.18 1.5369e-14   5063.06 1 
  4973.88 1.5108e-14   5065.81 1 
  4976.58 1.4748e-14   5068.56 1 
  4979.28 1.4336e-14   5071.31 1 
  4981.98 1.4349e-14   5074.06 1 
  4984.68 1.4964e-14   5076.81 1 
  4987.38 1.5058e-14   5079.56 1 
  4990.08 1.4850e-14   5082.31 1 
  4992.78 1.5484e-14   5085.06 1 
  4995.48 1.5893e-14   5087.81 1 
  4998.18 1.6628e-14   5090.56 1 
  5000.88 1.7216e-14   5093.31 1 
  5003.58 1.7720e-14   5096.06 1 
  5006.28 1.7084e-14   5098.81 1 
  5008.98 1.5768e-14   5101.56 1 
  5011.68 1.4710e-14   5104.31 1 
  5014.38 1.4473e-14   5107.06 1 
  5017.08 1.4151e-14   5109.81 1 
  5019.78 1.4873e-14   5112.56 1 
  5022.48 1.5261e-14   5115.31 1 
  5025.18 1.4945e-14   5118.06 1 
  5027.88 1.4974e-14   5120.81 1 
  5030.58 1.4682e-14   5123.56 1 
  5033.28 1.4286e-14   5126.31 1 
  5035.98 1.4603e-14   5129.06 1 
  5038.68 1.4954e-14   5131.81 1 
  5041.38 1.5188e-14   5134.56 1 
  5044.08 1.4797e-14   5137.31 1 
  5046.78 1.4779e-14   5140.06 1 
  5049.48 1.4946e-14   5142.81 1 
  5052.18 1.5463e-14   5145.56 1 
  5054.88 1.5160e-14   5148.31 1 
  5057.58 1.5503e-14   5151.06 1 
  5060.28 1.5223e-14   5153.81 1 
  5062.98 1.5410e-14   5156.56 1 
  5065.68 1.4945e-14   5159.31 1 
  5068.38 1.4611e-14   5162.06 1 
  5071.08 1.4950e-14   5164.81 1 
  5073.78 1.4475e-14   5167.56 1 
  5076.48 1.4564e-14   5170.31 1 
  5079.18 1.4858e-14   5173.06 1 
  5081.88 1.4620e-14   5175.81 1 
  5084.58 1.4648e-14   5178.56 1 
  5087.28 1.4508e-14   5181.31 1 
  5089.98 1.4832e-14   5184.06 1 
  5092.68 1.5097e-14   5186.81 1 
  5095.38 1.4930e-14   5189.56 1 
  5098.08 1.4469e-14   5192.31 1 
  5100.78 1.4943e-14   5195.06 1 
  5103.48 1.4993e-14   5197.81 1 
  5106.18 1.4846e-14   5200.56 1 
  5108.88 1.5211e-14   5203.31 1 
  5111.58 1.5310e-14   5206.06 1 
  5114.28 1.5265e-14   5208.81 1 
  5116.98 1.5237e-14   5211.56 1 
  5119.68 1.4907e-14   5214.31 1 
  5122.38 1.4799e-14   5217.06 1 
  5125.08 1.4887e-14   5219.81 1 
  5127.78 1.4842e-14   5222.56 1 
  5130.48 1.4551e-14   5225.31 1 
  5133.18 1.4806e-14   5228.06 1 
  5135.88 1.5043e-14   5230.81 1 
  5138.58 1.4774e-14   5233.56 1 
  5141.28 1.4727e-14   5236.31 1 
  5143.98 1.4716e-14   5239.06 1 
  5146.68 1.4326e-14   5241.81 1 
  5149.38 1.4053e-14   5244.56 1 
  5152.08 1.4685e-14   5247.31 1 
  5154.78 1.4618e-14   5250.06 1 
  5157.48 1.5141e-14   5252.81 1 
  5160.18 1.4895e-14   5255.56 1 
  5162.88 1.4014e-14   5258.31 1 
  5165.58 1.3284e-14   5261.06 1 
  5168.28 1.3605e-14   5263.81 1 
  5170.98 1.3595e-14   5266.56 1 
  5173.68 1.3935e-14   5269.31 1 
  5176.38 1.4224e-14   5272.06 1 
  5179.09 1.4502e-14   5274.81 1 
  5181.79 1.4194e-14   5277.56 1 
  5184.49 1.4376e-14   5280.31 1 
  5187.19 1.4241e-14   5283.06 1 
  5189.89 1.4738e-14   5285.81 1 
  5192.59 1.5381e-14   5288.56 1 
  5195.29 1.6027e-14   5291.31 1 
  5197.99 1.6315e-14   5294.06 1 
  5200.69 1.5166e-14   5296.81 1 
  5203.39 1.4767e-14   5299.56 1 
  5206.09 1.4845e-14   5302.31 1 
  5208.79 1.4896e-14   5305.06 1 
  5211.49 1.4784e-14   5307.81 1 
  5214.19 1.5414e-14   5310.56 1 
  5216.89 1.5544e-14   5313.31 1 
  5219.59 1.5192e-14   5316.06 1 
  5222.29 1.5357e-14   5318.81 1 
  5224.99 1.5322e-14   5321.56 1 
  5227.69 1.4811e-14   5324.31 1 
  5230.39 1.4559e-14   5327.06 1 
  5233.09 1.5422e-14   5329.81 1 
  5235.79 1.5668e-14   5332.56 1 
  5238.49 1.5738e-14   5335.31 1 
  5241.19 1.5899e-14   5338.06 1 
  5243.89 1.5813e-14   5340.81 1 
  5246.59 1.5266e-14   5343.56 1 
  5249.29 1.5279e-14   5346.31 1 
  5251.99 1.5769e-14   5349.06 1 
  5254.69 1.5507e-14   5351.81 1 
  5257.39 1.5419e-14   5354.56 1 
  5260.09 1.4962e-14   5357.31 1 
  5262.79 1.3979e-14   5360.06 1 
  5265.49 1.4526e-14   5362.81 1 
  5268.19 1.5051e-14   5365.56 1 
  5270.89 1.4891e-14   5368.31 1 
  5273.59 1.4870e-14   5371.06 1 
  5276.29 1.5692e-14   5373.81 1 
  5278.99 1.5416e-14   5376.56 1 
  5281.69 1.5732e-14   5379.31 1 
  5284.39 1.6179e-14   5382.06 1 
  5287.09 1.6450e-14   5384.81 1 
  5289.79 1.5859e-14   5387.56 1 
  5292.49 1.5528e-14   5390.31 1 
  5295.19 1.5648e-14   5393.06 1 
  5297.89 1.5766e-14   5395.81 1 
  5300.59 1.5773e-14   5398.56 1 
  5303.29 1.6230e-14   5401.31 1 
  5305.99 1.6642e-14   5404.06 1 
  5308.69 1.6598e-14   5406.81 1 
  5311.39 1.6014e-14   5409.56 1 
  5314.09 1.6054e-14   5412.31 1 
  5316.79 1.6061e-14   5415.06 1 
  5319.49 1.6032e-14   5417.81 1 
  5322.19 1.5697e-14   5420.56 1 
  5324.89 1.5361e-14   5423.31 1 
  5327.59 1.5001e-14   5426.06 1 
  5330.29 1.5415e-14   5428.81 1 
  5332.99 1.5375e-14   5431.56 1 
  5335.69 1.5958e-14   5434.31 1 
  5338.39 1.5844e-14   5437.06 1 
  5341.09 1.5725e-14   5439.81 1 
  5343.79 1.6016e-14   5442.56 1 
  5346.49 1.6274e-14   5445.31 1 
  5349.19 1.6476e-14   5448.06 1 
  5351.89 1.6544e-14   5450.81 1 
  5354.59 1.6042e-14   5453.56 1 
  5357.29 1.6629e-14   5456.31 1 
  5359.99 1.6519e-14   5459.06 1 
  5362.69 1.5948e-14   5461.81 1 
  5365.39 1.5831e-14   5464.56 1 
  5368.09 1.5544e-14   5467.31 1 
  5370.79 1.5910e-14   5470.06 1 
  5373.49 1.6436e-14   5472.81 1 
  5376.19 1.6553e-14   5475.56 1 
  5378.89 1.6470e-14   5478.31 1 
  5381.59 1.6080e-14   5481.06 1 
  5384.29 1.6060e-14   5483.81 1 
  5386.99 1.6421e-14   5486.56 1 
  5389.69 1.5670e-14   5489.31 1 
  5392.39 1.5388e-14   5492.06 1 
  5395.09 1.5847e-14   5494.81 1 
  5397.79 1.5296e-14   5497.56 1 
  5400.49 1.5499e-14   5500.31 1 
  5403.19 1.6074e-14   5503.06 1 
  5405.89 1.5995e-14   5505.81 1 
  5408.59 1.5860e-14   5508.56 1 
  5411.29 1.5978e-14   5511.31 1 
  5413.99 1.6369e-14   5514.06 1 
  5416.69 1.6452e-14   5516.81 1 
  5419.39 1.6201e-14   5519.56 1 
  5422.09 1.6510e-14   5522.31 1 
  5424.79 1.6461e-14   5525.06 1 
  5427.49 1.6037e-14   5527.81 1 
  5430.19 1.6092e-14   5530.56 1 
  5432.89 1.6095e-14   5533.31 1 
  5435.59 1.5981e-14   5536.06 1 
  5438.29 1.5855e-14   5538.81 1 
  5440.99 1.6302e-14   5541.56 1 
  5443.69 1.6454e-14   5544.31 1 
  5446.39 1.6073e-14   5547.06 1 
  5449.09 1.5632e-14   5549.81 1 
  5451.79 1.5109e-14   5552.56 1 
  5454.49 1.6161e-14   5555.31 1 
  5457.19 1.5782e-14   5558.06 1 
  5459.89 1.6428e-14   5560.81 1 
  5462.59 1.6209e-14   5563.56 1 
  5465.30 1.5956e-14   5566.31 1 
  5468.00 1.5670e-14   5569.06 1 
  5470.70 1.5596e-14   5571.81 1 
  5473.40 1.5624e-14   5574.56 1 
  5476.10 1.6231e-14   5577.31 1 
  5478.80 1.6027e-14   5580.06 1 
  5481.50 1.5382e-14   5582.81 1 
  5484.20 1.5341e-14   5585.56 1 
  5486.90 1.6060e-14   5588.31 1 
  5489.60 1.5563e-14   5591.06 1 
  5492.30 1.5872e-14   5593.81 1 
  5495.00 1.5532e-14   5596.56 1 
  5497.70 1.6061e-14   5599.31 1 
  5500.40 1.5631e-14   5602.06 1 
  5503.10 1.5863e-14   5604.81 1 
  5505.80 1.6305e-14   5607.56 1 
  5508.50 1.5868e-14   5610.31 1 
  5511.20 1.5657e-14   5613.06 1 
  5513.90 1.6064e-14   5615.81 1 
  5516.60 1.6695e-14   5618.56 1 
  5519.30 1.6524e-14   5621.31 1 
  5522.00 1.6423e-14   5624.06 1 
  5524.70 1.6360e-14   5626.81 1 
  5527.40 1.5903e-14   5629.56 1 
  5530.10 1.5878e-14   5632.31 1 
  5532.80 1.5552e-14   5635.06 1 
  5535.50 1.6350e-14   5637.81 1 
  5538.20 1.6387e-14   5640.56 1 
  5540.90 1.6593e-14   5643.31 1 
  5543.60 1.7158e-14   5646.06 1 
  5546.30 1.6742e-14   5648.81 1 
  5549.00 1.7047e-14   5651.56 1 
  5551.70 1.7128e-14   5654.31 1 
  5554.40 1.6393e-14   5657.06 1 
  5557.10 1.6718e-14   5659.81 1 
  5559.80 1.6297e-14   5662.56 1 
  5562.50 1.6009e-14   5665.31 1 
  5565.20 1.6209e-14   5668.06 1 
  5567.90 1.6046e-14   5670.81 1 
  5570.60 1.6593e-14   5673.56 1 
  5573.30 1.6242e-14   5676.31 1 
  5576.00 1.6436e-14   5679.06 1 
  5578.70 1.6643e-14   5681.81 1 
  5581.40 1.6855e-14   5684.56 1 
  5584.10 1.6448e-14   5687.31 1 
  5586.80 1.6322e-14   5690.06 1 
  5589.50 1.6570e-14   5692.81 1 
  5592.20 1.5677e-14   5695.56 1 
  5594.90 1.6802e-14   5698.31 1 
  5597.60 1.6362e-14   5701.06 1 
  5600.30 1.6042e-14   5703.81 1 
  5603.00 1.6249e-14   5706.56 1 
  5605.70 1.6715e-14   5709.31 1 
  5608.40 1.6632e-14   5712.06 1 
  5611.10 1.6581e-14   5714.81 1 
  5613.80 1.6510e-14   5717.56 1 
  5616.50 1.6698e-14   5720.31 1 
  5619.20 1.6755e-14   5723.06 1 
  5621.90 1.6700e-14   5725.81 1 
  5624.60 1.6315e-14   5728.56 1 
  5627.30 1.6472e-14   5731.31 1 
  5630.00 1.6374e-14   5734.06 1 
  5632.70 1.6468e-14   5736.81 1 
  5635.40 1.6287e-14   5739.56 1 
  5638.10 1.6096e-14   5742.31 1 
  5640.80 1.6305e-14   5745.06 1 
  5643.50 1.6591e-14   5747.81 1 
  5646.20 1.6523e-14   5750.56 1 
  5648.90 1.6167e-14   5753.31 1 
  5651.60 1.6521e-14   5756.06 1 
  5654.30 1.6990e-14   5758.81 1 
  5657.00 1.6433e-14   5761.56 1 
  5659.70 1.6209e-14   5764.31 1 
  5662.40 1.6111e-14   5767.06 1 
  5665.10 1.5946e-14   5769.81 1 
  5667.80 1.6689e-14   5772.56 1 
  5670.50 1.6684e-14   5775.31 1 
  5673.20 1.6756e-14   5778.06 1 
  5675.90 1.6380e-14   5780.81 1 
  5678.60 1.6557e-14   5783.56 1 
  5681.30 1.6494e-14   5786.31 1 
  5684.00 1.6222e-14   5789.06 1 
  5686.70 1.6676e-14   5791.81 1 
  5689.40 1.6543e-14   5794.56 1 
  5692.10 1.6265e-14   5797.31 1 
  5694.80 1.6304e-14   5800.06 1 
  5697.50 1.6277e-14   5802.81 1 
  5700.20 1.6726e-14   5805.56 1 
  5702.90 1.5942e-14   5808.31 1 
  5705.60 1.6182e-14   5811.06 1 
  5708.30 1.6519e-14   5813.81 1 
  5711.00 1.6603e-14   5816.56 1 
  5713.70 1.6375e-14   5819.31 1 
  5716.40 1.7495e-14   5822.06 1 
  5719.10 1.6782e-14   5824.81 1 
  5721.80 1.6795e-14   5827.56 1 
  5724.50 1.7029e-14   5830.31 1 
  5727.20 1.6950e-14   5833.06 1 
  5729.90 1.6373e-14   5835.81 1 
  5732.60 1.6804e-14   5838.56 1 
  5735.30 1.6796e-14   5841.31 1 
  5738.00 1.6447e-14   5844.06 1 
  5740.70 1.7603e-14   5846.81 1 
  5743.40 1.6687e-14   5849.56 1 
  5746.10 1.6735e-14   5852.31 1 
  5748.80 1.6828e-14   5855.06 1 
  5751.50 1.6754e-14   5857.81 1 
  5754.21 1.7065e-14   5860.56 1 
  5756.91 1.6249e-14   5863.31 1 
  5759.61 1.6421e-14   5866.06 1 
  5762.31 1.6843e-14   5868.81 1 
  5765.01 1.6543e-14   5871.56 1 
  5767.71 1.6666e-14   5874.31 1 
  5770.41 1.6205e-14   5877.06 1 
  5773.11 1.6549e-14   5879.81 1 
  5775.81 1.6513e-14   5882.56 1 
  5778.51 1.6260e-14   5885.31 1 
  5781.21 1.4881e-14   5888.06 1 
  5783.91 1.5956e-14   5890.81 1 
  5786.61 1.5331e-14   5893.56 1 
  5789.31 1.6342e-14   5896.31 1 
  5792.01 1.6663e-14   5899.06 1 
  5794.71 1.5686e-14   5901.81 1 
  5797.41 1.6478e-14   5904.56 1 
  5800.11 1.6775e-14   5907.31 1 
  5802.81 1.7032e-14   5910.06 1 
  5805.51 1.6943e-14   5912.81 1 
  5808.21 1.6922e-14   5915.56 1 
  5810.91 1.7145e-14   5918.31 1 
  5813.61 1.6672e-14   5921.06 1 
  5816.31 1.7066e-14   5923.81 1 
  5819.01 1.7129e-14   5926.56 1 
  5821.71 1.7041e-14   5929.31 1 
  5824.41 1.7629e-14   5932.06 1 
  5827.11 1.7327e-14   5934.81 1 
  5829.81 1.7070e-14   5937.56 1 
  5832.51 1.6439e-14   5940.31 1 
  5835.21 1.6629e-14   5943.06 1 
  5837.91 1.6576e-14   5945.81 1 
  5840.61 1.6985e-14   5948.56 1 
  5843.31 1.6757e-14   5951.31 1 
  5846.01 1.7408e-14   5954.06 1 
  5848.71 1.6299e-14   5956.81 1 
  5851.41 1.6048e-14   5959.56 1 
  5854.11 1.6879e-14   5962.31 1 
  5856.81 1.6677e-14   5965.06 1 
  5859.51 1.6435e-14   5967.81 1 
  5862.21 1.7113e-14   5970.56 1 
  5864.91 1.6934e-14   5973.31 1 
  5867.61 1.6884e-14   5976.06 1 
  5870.31 1.6290e-14   5978.81 1 
  5873.01 1.5427e-14   5981.56 1 
  5875.71 1.4442e-14   5984.31 1 
  5878.41 1.3053e-14   5987.06 1 
  5881.11 1.2005e-14   5989.81 1 
  5883.81 1.1067e-14   5992.56 1 
  5886.51 1.1498e-14   5995.31 1 
  5889.21 1.2588e-14   5998.06 1 
  5891.91 1.3616e-14   6000.81 1 
  5894.61 1.4803e-14   6003.56 1 
  5897.31 1.5756e-14   6006.31 1 
  5900.01 1.6021e-14   6009.06 1 
  5902.71 1.6351e-14   6011.81 1 
  5905.41 1.6096e-14   6014.56 1 
  5908.11 1.5979e-14   6017.31 1 
  5910.81 1.6551e-14   6020.06 1 
  5913.51 1.6353e-14   6022.81 1 
  5916.21 1.6349e-14   6025.56 1 
  5918.91 1.6335e-14   6028.31 1 
  5921.61 1.6221e-14   6031.06 1 
  5924.31 1.6413e-14   6033.81 1 
  5927.01 1.6238e-14   6036.56 1 
  5929.71 1.6224e-14   6039.31 1 
  5932.41 1.6277e-14   6042.06 1 
  5935.11 1.6590e-14   6044.81 1 
  5937.81 1.6365e-14   6047.56 1 
  5940.51 1.6251e-14   6050.31 1 
  5943.21 1.6620e-14   6053.06 1 
  5945.91 1.6393e-14   6055.81 1 
  5948.61 1.6605e-14   6058.56 1 
  5951.31 1.6883e-14   6061.31 1 
  5954.01 1.6355e-14   6064.06 1 
  5956.71 1.6185e-14   6066.81 1 
  5959.41 1.6337e-14   6069.56 1 
  5962.11 1.6467e-14   6072.31 1 
  5964.81 1.6599e-14   6075.06 1 
  5967.51 1.6475e-14   6077.81 1 
  5970.21 1.6832e-14   6080.56 1 
  5972.91 1.6461e-14   6083.31 1 
  5975.61 1.6461e-14   6086.06 1 
  5978.31 1.6498e-14   6088.81 1 
  5981.01 1.6747e-14   6091.56 1 
  5983.71 1.6612e-14   6094.31 1 
  5986.41 1.6590e-14   6097.06 1 
  5989.11 1.6836e-14   6099.81 1 
  5991.81 1.6861e-14   6102.56 1 
  5994.51 1.6439e-14   6105.31 1 
  5997.21 1.6377e-14   6108.06 1 
  5999.91 1.6747e-14   6110.81 1 
  6002.61 1.6438e-14   6113.56 1 
  6005.31 1.6068e-14   6116.31 1 
  6008.01 1.6056e-14   6119.06 1 
  6010.71 1.6187e-14   6121.81 1 
  6013.41 1.6481e-14   6124.56 1 
  6016.11 1.5677e-14   6127.31 1 
  6018.81 1.5889e-14   6130.06 1 
  6021.51 1.6711e-14   6132.81 1 
  6024.21 1.6254e-14   6135.56 1 
  6026.91 1.6424e-14   6138.31 1 
  6029.61 1.6325e-14   6141.06 1 
  6032.31 1.7088e-14   6143.81 1 
  6035.01 1.6846e-14   6146.56 1 
  6037.71 1.6987e-14   6149.31 1 
  6040.42 1.6706e-14   6152.06 1 
  6043.12 1.7141e-14   6154.81 1 
  6045.82 1.6624e-14   6157.56 1 
  6048.52 1.6433e-14   6160.31 1 
  6051.22 1.6709e-14   6163.06 1 
  6053.92 1.6497e-14   6165.81 1 
  6056.62 1.6883e-14   6168.56 1 
  6059.32 1.6433e-14   6171.31 1 
  6062.02 1.6468e-14   6174.06 1 
  6064.72 1.6656e-14   6176.81 1 
  6067.42 1.6323e-14   6179.56 1 
  6070.12 1.6660e-14   6182.31 1 
  6072.82 1.6252e-14   6185.06 1 
  6075.52 1.6255e-14   6187.81 1 
  6078.22 1.6608e-14   6190.56 1 
  6080.92 1.5845e-14   6193.31 1 
  6083.62 1.6201e-14   6196.06 1 
  6086.32 1.6314e-14   6198.81 1 
  6089.02 1.6650e-14   6201.56 1 
  6091.72 1.6572e-14   6204.31 1 
  6094.42 1.5949e-14   6207.06 1 
  6097.12 1.6311e-14   6209.81 1 
  6099.82 1.6322e-14   6212.56 1 
  6102.52 1.6050e-14   6215.31 1 
  6105.22 1.6126e-14   6218.06 1 
  6107.92 1.6135e-14   6220.81 1 
  6110.62 1.6160e-14   6223.56 1 
  6113.32 1.6000e-14   6226.31 1 
  6116.02 1.5943e-14   6229.06 1 
  6118.72 1.6463e-14   6231.81 1 
  6121.42 1.6680e-14   6234.56 1 
  6124.12 1.6469e-14   6237.31 1 
  6126.82 1.6162e-14   6240.06 1 
  6129.52 1.5465e-14   6242.81 1 
  6132.22 1.5589e-14   6245.56 1 
  6134.92 1.5440e-14   6248.31 1 
  6137.62 1.6139e-14   6251.06 1 
  6140.32 1.6448e-14   6253.81 1 
  6143.02 1.7048e-14   6256.56 1 
  6145.72 1.6161e-14   6259.31 1 
  6148.42 1.5823e-14   6262.06 1 
  6151.12 1.5768e-14   6264.81 1 
  6153.82 1.5385e-14   6267.56 1 
  6156.52 1.5190e-14   6270.31 1 
  6159.22 1.6231e-14   6273.06 1 
  6161.92 1.6029e-14   6275.81 1 
  6164.62 1.5415e-14   6278.56 1 
  6167.32 1.5901e-14   6281.31 1 
  6170.02 1.5587e-14   6284.06 1 
  6172.72 1.6530e-14   6286.81 1 
  6175.42 1.6341e-14   6289.56 1 
  6178.12 1.6637e-14   6292.31 1 
  6180.82 1.5834e-14   6295.06 1 
  6183.52 1.6511e-14   6297.81 1 
  6186.22 1.5711e-14   6300.56 1 
  6188.92 1.5736e-14   6303.31 1 
  6191.62 1.5551e-14   6306.06 1 
  6194.32 1.5963e-14   6308.81 1 
  6197.02 1.6587e-14   6311.56 1 
  6199.72 1.6469e-14   6314.31 1 
  6202.42 1.7125e-14   6317.06 1 
  6205.12 1.6825e-14   6319.81 1 
  6207.82 1.6680e-14   6322.56 1 
  6210.52 1.6135e-14   6325.31 1 
  6213.22 1.6148e-14   6328.06 1 
  6215.92 1.5859e-14   6330.81 1 
  6218.62 1.5660e-14   6333.56 1 
  6221.32 1.6500e-14   6336.31 1 
  6224.02 1.5691e-14   6339.06 1 
  6226.72 1.5731e-14   6341.81 1 
  6229.42 1.6036e-14   6344.56 1 
  6232.12 1.6081e-14   6347.31 1 
  6234.82 1.5954e-14   6350.06 1 
  6237.52 1.6202e-14   6352.81 1 
  6240.22 1.5084e-14   6355.56 1 
  6242.92 1.5972e-14   6358.31 1 
  6245.62 1.6325e-14   6361.06 1 
  6248.32 1.6161e-14   6363.81 1 
  6251.02 1.5906e-14   6366.56 1 
  6253.72 1.5455e-14   6369.31 1 
  6256.42 1.5989e-14   6372.06 1 
  6259.12 1.5061e-14   6374.81 1 
  6261.82 1.5481e-14   6377.56 1 
  6264.52 1.6617e-14   6380.31 1 
  6267.22 1.5638e-14   6383.06 1 
  6269.92 1.6288e-14   6385.81 1 
  6272.62 1.5588e-14   6388.56 1 
  6275.32 1.5933e-14   6391.31 1 
  6278.02 1.5515e-14   6394.06 1 
  6280.72 1.5613e-14   6396.81 1 
  6283.42 1.5390e-14   6399.56 1 
  6286.12 1.5705e-14   6402.31 1 
  6288.82 1.6315e-14   6405.06 1 
  6291.52 1.6387e-14   6407.81 1 
  6294.22 1.7254e-14   6410.56 1 
  6296.92 1.7326e-14   6413.31 1 
  6299.62 1.6927e-14   6416.06 1 
  6302.32 1.6047e-14   6418.81 1 
  6305.02 1.6138e-14   6421.56 1 
  6307.72 1.5816e-14   6424.31 1 
  6310.42 1.5733e-14   6427.06 1 
  6313.12 1.5868e-14   6429.81 1 
  6315.82 1.5343e-14   6432.56 1 
  6318.52 1.6220e-14   6435.31 1 
  6321.22 1.5814e-14   6438.06 1 
  6323.92 1.6453e-14   6440.81 1 
  6326.63 1.6360e-14   6443.56 1 
  6329.33 1.5846e-14   6446.31 1 
  6332.03 1.6340e-14   6449.06 1 
  6334.73 1.6106e-14   6451.81 1 
  6337.43 1.6426e-14   6454.56 1 
  6340.13 1.5902e-14   6457.31 1 
  6342.83 1.6252e-14   6460.06 1 
  6345.53 1.5800e-14   6462.81 1 
  6348.23 1.5639e-14   6465.56 1 
  6350.93 1.5482e-14   6468.31 1 
  6353.63 1.4919e-14   6471.06 1 
  6356.33 1.5761e-14   6473.81 1 
  6359.03 1.6273e-14   6476.56 1 
  6361.73 1.6360e-14   6479.31 1 
  6364.43 1.5760e-14   6482.06 1 
  6367.13 1.6229e-14   6484.81 1 
  6369.83 1.5736e-14   6487.56 1 
  6372.53 1.6079e-14   6490.31 1 
  6375.23 1.6564e-14   6493.06 1 
  6377.93 1.6802e-14   6495.81 1 
  6380.63 1.5939e-14   6498.56 1 
  6383.33 1.6330e-14   6501.31 1 
  6386.03 1.5986e-14   6504.06 1 
  6388.73 1.5964e-14   6506.81 1 
  6391.43 1.5773e-14   6509.56 1 
  6394.13 1.5895e-14   6512.31 1 
  6396.83 1.5814e-14   6515.06 1 
  6399.53 1.6053e-14   6517.81 1 
  6402.23 1.5686e-14   6520.56 1 
  6404.93 1.5402e-14   6523.31 1 
  6407.63 1.6155e-14   6526.06 1 
  6410.33 1.6385e-14   6528.81 1 
  6413.03 1.5788e-14   6531.56 1 
  6415.73 1.5951e-14   6534.31 1 
  6418.43 1.6424e-14   6537.06 1 
  6421.13 1.6159e-14   6539.81 1 
  6423.83 1.6601e-14   6542.56 1 
  6426.53 1.6328e-14   6545.31 1 
  6429.23 1.6312e-14   6548.06 1 
  6431.93 1.6496e-14   6550.81 1 
  6434.63 1.6150e-14   6553.56 1 
  6437.33 1.5636e-14   6556.31 1 
  6440.03 1.5954e-14   6559.06 1 
  6442.73 1.6393e-14   6561.81 1 
  6445.43 1.5979e-14   6564.56 1 
  6448.13 1.5861e-14   6567.31 1 
  6450.83 1.5441e-14   6570.06 1 
  6453.53 1.5853e-14   6572.81 1 
  6456.23 1.6714e-14   6575.56 1 
  6458.93 1.6074e-14   6578.31 1 
  6461.63 1.6120e-14   6581.06 1 
  6464.33 1.6372e-14   6583.81 1 
  6467.03 1.6334e-14   6586.56 1 
  6469.73 1.5965e-14   6589.31 1 
  6472.43 1.6648e-14   6592.06 1 
  6475.13 1.6142e-14   6594.81 1 
  6477.83 1.6000e-14   6597.56 1 
  6480.53 1.6405e-14   6600.31 1 
  6483.23 1.6092e-14   6603.06 1 
  6485.93 1.5931e-14   6605.81 1 
  6488.63 1.5664e-14   6608.56 1 
  6491.33 1.4808e-14   6611.31 1 
  6494.03 1.4876e-14   6614.06 1 
  6496.73 1.6419e-14   6616.81 1 
  6499.43 1.5524e-14   6619.56 1 
  6502.13 1.5648e-14   6622.31 1 
  6504.83 1.6945e-14   6625.06 1 
  6507.53 1.6543e-14   6627.81 1 
  6510.23 1.7018e-14   6630.56 1 
  6512.93 1.6290e-14   6633.31 1 
  6515.63 1.6589e-14   6636.06 1 
  6518.33 1.6421e-14   6638.81 1 
  6521.03 1.6268e-14   6641.56 1 
  6523.73 1.6668e-14   6644.31 1 
  6526.43 1.6306e-14   6647.06 1 
  6529.13 1.7200e-14   6649.81 1 
  6531.83 1.7422e-14   6652.56 1 
  6534.53 1.8036e-14   6655.31 1 
  6537.23 1.9836e-14   6658.06 1 
  6539.93 2.2808e-14   6660.81 1 
  6542.63 2.5151e-14   6663.56 1 
  6545.33 2.6048e-14   6666.31 1 
  6548.03 2.4786e-14   6669.06 1 
  6550.73 2.9031e-14   6671.81 1 
  6553.43 4.0863e-14   6674.56 1 
  6556.13 5.4031e-14   6677.31 1 
  6558.83 5.8709e-14   6680.06 1 
  6561.53 5.0861e-14   6682.81 1 
  6564.23 3.7456e-14   6685.56 1 
  6566.93 2.6611e-14   6688.31 1 
  6569.63 2.2702e-14   6691.06 1 
  6572.33 2.6182e-14   6693.81 1 
  6575.03 3.3927e-14   6696.56 1 
  6577.73 4.0798e-14   6699.31 1 
  6580.43 4.1804e-14   6702.06 1 
  6583.13 3.5281e-14   6704.81 1 
  6585.83 2.6044e-14   6707.56 1 
  6588.53 2.0133e-14   6710.31 1 
  6591.23 1.7143e-14   6713.06 1 
  6593.93 1.6222e-14   6715.81 1 
  6596.63 1.5917e-14   6718.56 1 
  6599.33 1.5958e-14   6721.31 1 
  6602.03 1.6084e-14   6724.06 1 
  6604.73 1.6515e-14   6726.81 1 
  6607.43 1.6148e-14   6729.56 1 
  6610.13 1.6678e-14   6732.31 1 
  6612.84 1.6521e-14   6735.06 1 
  6615.54 1.6593e-14   6737.81 1 
  6618.24 1.6326e-14   6740.56 1 
  6620.94 1.6260e-14   6743.31 1 
  6623.64 1.6054e-14   6746.06 1 
  6626.34 1.6398e-14   6748.81 1 
  6629.04 1.6220e-14   6751.56 1 
  6631.74 1.6039e-14   6754.31 1 
  6634.44 1.5949e-14   6757.06 1 
  6637.14 1.6682e-14   6759.81 1 
  6639.84 1.6233e-14   6762.56 1 
  6642.54 1.6116e-14   6765.31 1 
  6645.24 1.5978e-14   6768.06 1 
  6647.94 1.6136e-14   6770.81 1 
  6650.64 1.6200e-14   6773.56 1 
  6653.34 1.5930e-14   6776.31 1 
  6656.04 1.6328e-14   6779.06 1 
  6658.74 1.5787e-14   6781.81 1 
  6661.44 1.5680e-14   6784.56 1 
  6664.14 1.6611e-14   6787.31 1 
  6666.84 1.6324e-14   6790.06 1 
  6669.54 1.6612e-14   6792.81 1 
  6672.24 1.7437e-14   6795.56 1 
  6674.94 1.8856e-14   6798.31 1 
  6677.64 1.9529e-14   6801.06 1 
  6680.34 2.0246e-14   6803.81 1 
  6683.04 1.9105e-14   6806.56 1 
  6685.74 1.6865e-14   6809.31 1 
  6688.44 1.7547e-14   6812.06 1 
  6691.14 1.6058e-14   6814.81 1 
  6693.84 1.6117e-14   6817.56 1 
  6696.54 1.5395e-14   6820.31 1 
  6699.24 1.6181e-14   6823.06 1 
  6701.94 1.6495e-14   6825.81 1 
  6704.64 1.8001e-14   6828.56 1 
  6715.00 1.6180e-14   6839.12 0 
  6730.48 1.6031e-14   6854.88 0 
  6746.00 1.6029e-14   6870.68 0 
  6761.55 1.5991e-14   6886.52 0 
  6777.14 1.5954e-14   6902.40 0 
  6792.76 1.5952e-14   6918.31 0 
  6808.42 1.6062e-14   6934.26 0 
  6824.11 1.6061e-14   6950.24 0 
  6839.84 1.6097e-14   6966.26 0 
  6855.61 1.5948e-14   6982.33 0 
  6871.42 1.5656e-14   6998.42 0 
  6887.26 1.5982e-14   7014.55 0 
  6903.13 1.5981e-14   7030.72 0 
  6919.05 1.6017e-14   7046.93 0 
  6935.00 1.5979e-14   7063.18 0 
  6950.98 1.6275e-14   7079.46 0 
  6967.01 1.6087e-14   7095.78 0 
  6983.07 1.6012e-14   7112.14 0 
  6999.16 1.6159e-14   7128.53 0 
  7015.30 1.6121e-14   7144.96 0 
  7031.47 1.6120e-14   7161.43 0 
  7047.68 1.6532e-14   7177.94 0 
  7063.93 1.6342e-14   7194.49 0 
  7080.21 1.6340e-14   7211.08 0 
  7096.53 1.5967e-14   7227.70 0 
  7112.89 1.6040e-14   7244.36 0 
  7129.29 1.6039e-14   7261.06 0 
  7145.72 1.5927e-14   7277.80 0 
  7162.19 1.5963e-14   7294.57 0 
  7178.71 1.5491e-14   7311.39 0 
  7195.26 1.4998e-14   7328.25 0 
  7211.84 1.5206e-14   7345.14 0 
  7228.47 1.5921e-14   7362.07 0 
  7245.13 1.5774e-14   7379.04 0 
  7261.83 1.5955e-14   7396.05 0 
  7278.57 1.6065e-14   7413.10 0 
  7295.35 1.5807e-14   7430.19 0 
  7312.17 1.6323e-14   7447.32 0 
  7329.02 1.6587e-14   7464.49 0 
  7345.92 1.6856e-14   7481.70 0 
  7362.85 1.6433e-14   7498.94 0 
  7379.83 1.6814e-14   7516.23 0 
  7396.84 1.6468e-14   7533.56 0 
  7413.89 1.6734e-14   7550.92 0 
  7430.98 1.6428e-14   7568.33 0 
  7448.11 1.6732e-14   7585.78 0 
  7465.28 1.6963e-14   7603.26 0 
  7482.49 1.6884e-14   7620.79 0 
  7499.74 1.6728e-14   7638.36 0 
  7517.03 1.6727e-14   7655.97 0 
  7534.36 1.6958e-14   7673.61 0 
  7551.72 1.7074e-14   7691.30 0 
  7569.14 1.6995e-14   7709.04 0 
  7586.58 1.7072e-14   7726.81 0 
  7604.07 1.6643e-14   7744.62 0 
  7621.60 1.6604e-14   7762.47 0 
  7639.17 1.6262e-14   7780.37 0 
  7656.78 1.6411e-14   7798.30 0 
  7674.43 1.4795e-14   7816.28 0 
  7692.12 1.6072e-14   7834.30 0 
  7709.85 1.5102e-14   7852.36 0 
  7727.63 1.6032e-14   7870.46 0 
  7745.44 1.6292e-14   7888.60 0 
  7763.30 1.6030e-14   7906.79 0 
  7781.19 1.5272e-14   7925.01 0 
  7799.13 1.5990e-14   7943.28 0 
  7817.11 1.6211e-14   7961.59 0 
  7835.13 1.6285e-14   7979.95 0 
  7853.19 1.6321e-14   7998.34 0 
  7871.30 1.6320e-14   8016.78 0 
  7889.44 1.6356e-14   8035.26 0 
  7907.63 1.6242e-14   8053.78 0 
  7925.86 1.5944e-14   8072.35 0 
  7944.13 1.6054e-14   8090.96 0 
  7962.44 1.6164e-14   8109.61 0 
  7980.80 1.6312e-14   8128.31 0 
  7999.19 1.6273e-14   8147.04 0 
  8017.63 1.6309e-14   8165.82 0 
  8036.12 1.6195e-14   8184.65 0 
  8054.64 1.6269e-14   8203.52 0 
  8073.21 1.6685e-14   8222.43 0 
  8091.82 1.6454e-14   8241.38 0 
  8110.47 1.6682e-14   8260.38 0 
  8129.17 1.6642e-14   8279.42 0 
  8147.91 1.6603e-14   8298.51 0 
  8166.69 1.6487e-14   8317.64 0 
  8185.52 1.5962e-14   8336.81 0 
  8204.39 1.4999e-14   8356.03 0 
  8223.30 1.6407e-14   8375.29 0 
  8242.26 1.6069e-14   8394.60 0 
  8261.26 1.6864e-14   8413.95 0 
  8280.30 1.6593e-14   8433.35 0 
  8299.39 1.6251e-14   8452.79 0 
  8318.52 1.6324e-14   8472.27 0 
  8337.70 1.6062e-14   8491.80 0 
  8356.92 1.6359e-14   8511.38 0 
  8376.18 1.6396e-14   8531.00 0 
  8395.49 1.5911e-14   8550.67 0 
  8414.85 1.6506e-14   8570.38 0 
  8434.25 1.6391e-14   8590.14 0 
  8453.69 1.6054e-14   8609.94 0 
  8473.18 1.6052e-14   8629.79 0 
  8492.71 1.6425e-14   8649.68 0 
  8512.29 1.5576e-14   8669.62 0 
  8531.91 1.6346e-14   8689.60 0 
  8551.58 1.1439e-14   8709.64 0 
  8571.29 1.6343e-14   8729.71 0 
  8591.05 1.6192e-14   8749.84 0 
  8610.86 1.5932e-14   8770.01 0 
  8630.70 1.6152e-14   8790.23 0 
  8650.60 1.6262e-14   8810.49 0 
  8670.54 1.2222e-14   8830.80 0 
  8690.53 1.5780e-14   8851.16 0 
  8710.56 1.5888e-14   8871.56 0 
  8730.64 1.6182e-14   8892.01 0 
  8750.77 1.5776e-14   8912.51 0 
  8770.94 1.6105e-14   8933.05 0 
  8791.16 1.6215e-14   8953.65 0 
  8811.43 1.6139e-14   8974.29 0 
  8831.74 1.6063e-14   8994.98 0 
  8852.10 1.6099e-14   9015.71 0 
  8872.51 1.4613e-14   9036.50 0 
  8892.96 1.5766e-14   9057.33 0 
  8913.46 1.6057e-14   9078.20 0 
  8934.01 1.5908e-14   9099.13 0 
  8954.60 1.5653e-14   9120.11 0 
  8975.24 1.5155e-14   9141.13 0 
  8995.93 1.4572e-14   9162.20 0 
  9016.67 1.5013e-14   9183.33 0 
  9037.46 1.5683e-14   9204.50 0 
  9058.29 1.6803e-14   9225.71 0 
  9079.17 1.5394e-14   9246.98 0 
  9100.10 1.5322e-14   9268.30 0 
  9121.08 1.6153e-14   9289.66 0 
  9142.11 1.5143e-14   9311.08 0 
  9163.18 1.4131e-14   9332.54 0 
  9184.30 1.4033e-14   9354.06 0 
  9205.47 1.5420e-14   9375.62 0 
  9226.70 1.4999e-14   9397.23 0 
  9247.97 1.5171e-14   9418.90 0 
  9269.28 1.5487e-14   9440.61 0 
  9290.65 1.5344e-14   9462.37 0 
  9312.07 1.5627e-14   9484.18 0 
  9333.53 1.5626e-14   9506.05 0 
  9355.05 1.5588e-14   9527.96 0 
  9376.62 1.5479e-14   9549.93 0 
  9398.23 1.5549e-14   9571.94 0 
  9419.90 1.5370e-14   9594.01 0 
  9441.61 1.5404e-14   9616.12 0 
  9463.38 1.5402e-14   9638.29 0 
  9485.19 1.5365e-14   9660.51 0 
  9507.06 1.5223e-14   9682.78 0 
  9528.98 1.4978e-14   9705.10 0 
  9550.94 1.4204e-14   9727.47 0 
  9572.96 1.4941e-14   9749.90 0 
  9595.03 1.5147e-14   9772.37 0 
  9617.14 1.5111e-14   9794.90 0 
  9639.32 1.5109e-14   9817.48 0 
  9661.54 1.5004e-14   9840.11 0 
  9683.81 1.5037e-14   9862.79 0 
  9706.13 1.4966e-14   9885.53 0 
  9728.51 1.4930e-14   9908.32 0 
  9750.93 1.4894e-14   9931.16 0 
  9773.41 1.4858e-14   9954.05 0 
  9795.94 1.4789e-14   9977.00 0 
  9818.52 1.4821e-14  10000.00 0 
  9841.16 1.4786e-14  10023.05 0 
  9863.84 1.4716e-14  10046.15 0 
  9886.58 1.4647e-14  10069.31 0 
  9909.38 1.4612e-14  10092.53 0 
  9932.22 1.4610e-14  10115.80 0 
  9955.11 1.4575e-14  10139.12 0 
  9978.06 1.4540e-14  10162.49 0 
 10001.06 1.4472e-14  10185.91 0 
 10024.11 1.4141e-14  10209.39 0 
 10070.39 1.3880e-14  10256.52 0 
 10116.87 1.4167e-14  10303.86 0 
 10163.57 1.4067e-14  10351.42 0 
 10234.02 1.4030e-14  10423.18 0 
 10281.26 1.3963e-14  10471.29 0 
 10304.96 1.3897e-14  10495.42 0 
 10496.54 1.3506e-14  10690.54 0 
 10691.69 1.3047e-14  10889.31 0 
 10890.46 1.2460e-14  11091.75 0 
 11092.93 1.2346e-14  11297.96 0 
 11299.16 1.1982e-14  11508.00 0 
 11509.22 1.1790e-14  11721.95 0 
 11696.24 1.1469e-14  11912.43 0 
 11913.69 1.1182e-14  12133.89 0 
 12107.27 1.0902e-14  12331.05 0 
 12304.00 1.0703e-14  12531.41 0 
 12503.92 1.0484e-14  12735.03 0 
 12707.09 1.0269e-14  12941.96 0 
 12913.57 1.0058e-14  13152.25 0 
 13093.21 9.8974e-15  13335.21 0 
 13305.96 9.6944e-15  13551.89 0 
 13491.06 9.5834e-15  13740.42 0 
 13710.28 9.4302e-15  13963.68 0 
 13901.01 9.2581e-15  14157.94 0 
 14094.39 9.0891e-15  14354.90 0 
 14290.46 8.9851e-15  14554.59 0 
 14489.27 8.9644e-15  14757.07 0 
 14690.83 8.8211e-15  14962.36 0 
 14895.20 8.8008e-15  15170.51 0 
 15102.40 8.7603e-15  15381.54 0 
 15312.50 8.8008e-15  15595.52 0 
 15489.81 8.8008e-15  15776.11 0 
 15705.30 8.6601e-15  15995.58 0 
 15887.16 8.5020e-15  16180.80 0 
 16108.18 8.5216e-15  16405.90 0 
 16294.69 8.5216e-15  16595.86 0 
 16483.37 8.3276e-15  16788.04 0 
 16712.68 8.2134e-15  17021.58 0 
 16906.21 8.0079e-15  17218.69 0 
 17101.98 7.8799e-15  17418.08 0 
 17300.00 7.5774e-15  17619.75 0 
 17500.33 7.4563e-15  17823.79 0 
 17702.98 7.2698e-15  18030.18 0 
 17907.97 7.1043e-15  18238.96 0 
 18115.32 6.8473e-15  18450.14 0 
 18282.95 6.7534e-15  18620.87 0 
 18494.66 6.6149e-15  18836.49 0 
 18708.82 6.3756e-15  19054.62 0 
 18881.92 6.2737e-15  19230.91 0 
 19100.57 6.1592e-15  19453.60 0 
 19321.75 5.9775e-15  19678.87 0 
 19500.52 5.7481e-15  19860.94 0 
 19680.96 5.6692e-15  20044.72 0 
 19908.86 5.5401e-15  20276.83 0 
 20093.06 5.4516e-15  20464.44 0 
 20278.99 5.3030e-15  20653.80 0 
 20513.81 5.2182e-15  20892.97 0 
 20703.61 5.0994e-15  21086.28 0 
 20895.19 4.9948e-15  21281.39 0 
 21088.51 4.8924e-15  21478.29 0 
 21283.65 4.7920e-15  21677.04 0 
 21480.60 4.7046e-15  21877.62 0 
 21679.34 4.5449e-15  22080.04 0 
 21879.95 4.4928e-15  22284.35 0 
 22082.41 4.3906e-15  22490.56 0 
 22286.72 4.3005e-15  22698.65 0 
 22492.95 4.2123e-15  22908.68 0 
 22701.06 4.0788e-15  23120.64 0 
 22911.12 3.7013e-15  23334.58 0 
 23123.12 3.6224e-15  23550.50 0 
 23283.39 3.2311e-15  23713.74 0 
 23498.84 3.0524e-15  23933.17 0 
 23716.26 3.0250e-15  24154.60 0 
 23880.66 2.7902e-15  24322.05 0 
 24101.61 2.6811e-15  24547.08 0 
 24324.63 2.6167e-15  24774.22 0 
 24493.23 2.4557e-15  24945.94 0 
 24719.87 2.3997e-15  25176.77 0 
 24891.21 2.1145e-15  25351.28 0 
 25059.92 2.1961e-15  25523.10 2 
 25154.96 2.1087e-15  25619.90 2 
 25250.01 2.1404e-15  25716.70 2 
 25344.95 2.0415e-15  25813.40 2 
 25439.99 2.0599e-15  25910.20 2 
 25534.94 2.0730e-15  26006.90 2 
 25629.98 2.0631e-15  26103.70 2 
 25725.02 2.0667e-15  26200.50 2 
 25819.97 2.1627e-15  26297.20 2 
 25915.01 2.1406e-15  26394.00 2 
 26010.06 2.1794e-15  26490.80 2 
 26105.00 2.0928e-15  26587.50 2 
 26200.05 2.0439e-15  26684.30 2 
 26294.99 1.9746e-15  26781.00 2 
 26390.03 1.9549e-15  26877.80 2 
 26485.08 1.8761e-15  26974.60 2 
 26580.02 1.8963e-15  27071.30 2 
 26675.06 1.8450e-15  27168.10 2 
 26770.11 1.8841e-15  27264.90 2 
 26865.05 1.7890e-15  27361.60 2 
 26960.10 1.7686e-15  27458.40 2 
 27055.04 1.7382e-15  27555.10 2 
 27150.08 1.7579e-15  27651.90 2 
 27245.13 1.7818e-15  27748.70 2 
 27340.07 1.7880e-15  27845.40 2 
 27435.12 1.7073e-15  27942.20 2 
 27530.16 1.6940e-15  28039.00 2 
 27625.11 1.6209e-15  28135.70 2 
 27720.15 1.7255e-15  28232.50 2 
 27815.09 1.6423e-15  28329.20 2 
 27910.14 1.6284e-15  28426.00 2 
 28005.18 1.5701e-15  28522.80 2 
 28100.13 1.6289e-15  28619.50 2 
 28195.17 1.5652e-15  28716.30 2 
 28290.21 1.5084e-15  28813.10 2 
 28385.16 1.5222e-15  28909.80 2 
 28480.20 1.4738e-15  29006.60 2 
 28575.15 1.4917e-15  29103.30 2 
 28670.19 1.5255e-15  29200.10 2 
 28765.23 1.4236e-15  29296.90 2 
 28860.18 1.4420e-15  29393.60 2 
 28955.22 1.4125e-15  29490.40 2 
 29050.26 1.3877e-15  29587.20 2 
 29145.21 1.4031e-15  29683.90 2 
 29240.25 1.3977e-15  29780.70 2 
 29335.20 1.3769e-15  29877.40 2 
 29430.24 1.2692e-15  29974.20 2 
 29525.29 1.3111e-15  30071.00 2 
 29620.23 1.3300e-15  30167.70 2 
 29715.27 1.3023e-15  30264.50 2 
 29810.31 1.2963e-15  30361.30 2 
 29905.26 1.2745e-15  30458.00 2 
 30000.31 1.2746e-15  30554.80 2 
 30095.25 1.1824e-15  30651.50 2 
 30190.29 1.2241e-15  30748.30 2 
 30285.34 1.2700e-15  30845.10 2 
 30380.28 1.2774e-15  30941.80 2 
 30475.32 1.2553e-15  31038.60 2 
 30570.37 1.2208e-15  31135.40 2 
 30665.31 1.1899e-15  31232.10 2 
 30760.36 1.2313e-15  31328.90 2 
 30855.30 1.1569e-15  31425.60 2 
 30950.35 1.2033e-15  31522.40 2 
 31045.39 1.1812e-15  31619.20 2 
 31140.33 1.2261e-15  31715.90 2 
 31235.38 1.1595e-15  31812.70 2 
 31330.42 1.1333e-15  31909.50 2 
 31425.36 1.1212e-15  32006.20 2 
 31520.41 1.1259e-15  32103.00 2 
 31615.35 1.1427e-15  32199.70 2 
 31710.40 1.1862e-15  32296.50 2 
 31805.44 1.2187e-15  32393.30 2 
 31900.39 1.2496e-15  32490.00 2 
 31995.43 1.2618e-15  32586.80 2 
 32090.47 1.3650e-15  32683.60 2 
 32185.42 1.4696e-15  32780.30 2 
 32280.46 1.6367e-15  32877.10 2 
 32375.41 1.8103e-15  32973.80 2 
 32470.45 2.1455e-15  33070.60 2 
 32565.49 2.3431e-15  33167.40 2 
 32660.44 2.3920e-15  33264.10 2 
 32755.48 2.4100e-15  33360.90 2 
 32850.52 2.2387e-15  33457.70 2 
 32945.47 1.9566e-15  33554.40 2 
 33040.51 1.7962e-15  33651.20 2 
 33135.46 1.5163e-15  33747.90 2 
 33230.50 1.3791e-15  33844.70 2 
 33325.54 1.3809e-15  33941.50 2 
 33420.49 1.2828e-15  34038.20 2 
 33515.53 1.3052e-15  34135.00 2 
 33610.58 1.3668e-15  34231.80 2 
 33705.52 1.3509e-15  34328.50 2 
 33800.56 1.3793e-15  34425.30 2 
 33895.51 1.4610e-15  34522.00 2 
 33990.55 1.4201e-15  34618.80 2 
 34085.60 1.3670e-15  34715.60 2 
 34180.54 1.3449e-15  34812.30 2 
 34275.59 1.2911e-15  34909.10 2 
 34370.63 1.3297e-15  35005.90 2 
 34465.57 1.3060e-15  35102.60 2 
 34560.61 1.2726e-15  35199.40 2 
 34655.56 1.2435e-15  35296.10 2 
 34750.60 1.2110e-15  35392.90 2 
 34845.65 1.2029e-15  35489.70 2 
 34940.59 1.1724e-15  35586.40 2 
 35035.64 1.1411e-15  35683.20 2 
 35130.68 1.1368e-15  35780.00 2 
 35225.62 1.0683e-15  35876.70 2 
 35320.67 1.0472e-15  35973.50 2 
 35415.61 1.0997e-15  36070.20 2 
 35510.66 1.0436e-15  36167.00 2 
 35605.70 1.0453e-15  36263.80 2 
 35700.64 1.0342e-15  36360.50 2 
 35795.69 9.7914e-16  36457.30 2 
 35890.73 9.7590e-16  36554.10 2 
 35985.68 1.0267e-15  36650.80 2 
 36080.72 9.8364e-16  36747.60 2 
 36175.67 9.3708e-16  36844.30 2 
 36270.71 9.3720e-16  36941.10 2 
 36365.75 9.1999e-16  37037.90 2 
 36460.70 8.8690e-16  37134.60 2 
 36555.74 9.0817e-16  37231.40 2 
 36650.78 9.0530e-16  37328.20 2 
 36745.73 9.1084e-16  37424.90 2 
 36840.77 8.8801e-16  37521.70 2 
 36935.72 8.9798e-16  37618.40 2 
 37030.76 9.0415e-16  37715.20 2 
 37125.80 9.0603e-16  37812.00 2 
 37220.75 9.1208e-16  37908.70 2 
 37315.79 8.9417e-16  38005.50 2 
 37410.84 9.0128e-16  38102.30 2 
 37505.78 8.9967e-16  38199.00 2 
 37600.82 9.0868e-16  38295.80 2 
 37695.77 8.4836e-16  38392.50 2 
 37790.81 8.1273e-16  38489.30 2 
 37885.85 8.5480e-16  38586.10 2 
 37980.80 8.6752e-16  38682.80 2 
 38075.85 8.6606e-16  38779.60 2 
 38170.89 8.6982e-16  38876.40 2 
 38265.83 8.4398e-16  38973.10 2 
 38360.88 8.5473e-16  39069.90 2 
 38455.82 8.0998e-16  39166.60 2 
 38550.87 7.7700e-16  39263.40 2 
 38645.91 8.0373e-16  39360.20 2 
 38740.85 7.8895e-16  39456.90 2 
 38835.90 7.7934e-16  39553.70 2 
 38930.94 7.8385e-16  39650.50 2 
 39025.88 8.1866e-16  39747.20 2 
 39120.93 7.5210e-16  39844.00 2 
 39215.87 7.5986e-16  39940.70 2 
 39310.92 7.8400e-16  40037.50 2 
 39405.96 7.5249e-16  40134.30 2 
 39500.90 7.2333e-16  40231.00 2 
 39595.95 7.3512e-16  40327.80 2 
 39690.99 7.4562e-16  40424.60 2 
 39785.94 7.5954e-16  40521.30 2 
 39880.98 7.8440e-16  40618.10 2 
 39975.92 7.5587e-16  40714.80 2 
 40070.97 7.9798e-16  40811.60 2 
 40166.01 8.5175e-16  40908.40 2 
 40260.96 9.1704e-16  41005.10 2 
 40356.00 9.2503e-16  41101.90 2 
 40451.05 8.9412e-16  41198.70 2 
 40545.99 7.9347e-16  41295.40 2 
 40641.03 7.4572e-16  41392.20 2 
 40735.98 7.2268e-16  41488.90 2 
 40831.02 6.9347e-16  41585.70 2 
 40926.06 6.7076e-16  41682.50 2 
 41021.01 7.0470e-16  41779.20 2 
 41116.05 6.8388e-16  41876.00 2 
 41211.10 6.8745e-16  41972.80 2 
 41306.04 6.8877e-16  42069.50 2 
 41401.08 7.1535e-16  42166.30 2 
 41496.03 6.7924e-16  42263.00 2 
 41591.07 6.8970e-16  42359.80 2 
 41686.11 6.6994e-16  42456.60 2 
 41781.06 6.4895e-16  42553.30 2 
 41876.10 6.5222e-16  42650.10 2 
 41971.15 6.5134e-16  42746.90 2 
 42066.09 6.2537e-16  42843.60 2 
 42161.14 6.2139e-16  42940.40 2 
 42256.08 6.0549e-16  43037.10 2 
 42351.12 5.7522e-16  43133.90 2 
 42446.17 5.9692e-16  43230.70 2 
 42541.11 5.6782e-16  43327.40 2 
 42636.16 5.8012e-16  43424.20 2 
 42731.20 6.1560e-16  43521.00 2 
 42826.15 6.1867e-16  43617.70 2 
 42921.19 5.9484e-16  43714.50 2 
 43016.14 6.1026e-16  43811.20 2 
 43111.18 5.7758e-16  43908.00 2 
 43206.22 6.0625e-16  44004.80 2 
 43301.16 6.0900e-16  44101.50 2 
 43396.20 6.1163e-16  44198.30 2 
 43491.25 5.5853e-16  44295.10 2 
 43586.20 5.6922e-16  44391.80 2 
 43681.24 5.7800e-16  44488.60 2 
 43776.19 5.5089e-16  44585.30 2 
 43871.23 5.5626e-16  44682.10 2 
 43966.27 5.1089e-16  44778.90 2 
 44061.21 5.5236e-16  44875.60 2 
 44156.26 4.9647e-16  44972.40 2 
 44251.30 4.9412e-16  45069.20 2 
 44346.25 4.9347e-16  45165.90 2 
 44441.29 4.9391e-16  45262.70 2 
 44536.24 4.5704e-16  45359.40 2 
 44631.28 4.6699e-16  45456.20 2 
 44726.33 4.5180e-16  45553.00 2 
 44821.27 4.7946e-16  45649.70 2 
 44916.31 4.8653e-16  45746.50 2 
 45011.36 4.4907e-16  45843.30 2 
 45106.30 4.5502e-16  45940.00 2 
 45201.34 4.1103e-16  46036.80 2 
 45296.29 4.3095e-16  46133.50 2 
 45391.33 4.4619e-16  46230.30 2 
 45486.38 4.7088e-16  46327.10 2 
 45581.32 4.6562e-16  46423.80 2 
 45676.37 4.6600e-16  46520.60 2 
 45771.41 4.5511e-16  46617.40 2 
 45866.35 4.5184e-16  46714.10 2 
 45961.39 4.5913e-16  46810.90 2 
 46056.34 4.7338e-16  46907.60 2 
 46151.38 5.0359e-16  47004.40 2 
 46246.43 4.9569e-16  47101.20 2 
 46341.37 5.6269e-16  47197.90 2 
 46436.41 4.9713e-16  47294.70 2 
 46531.46 4.9317e-16  47391.50 2 
 46626.40 5.2199e-16  47488.20 2 
 46721.45 4.8692e-16  47585.00 2 
 46816.39 4.9805e-16  47681.70 2 
 46911.44 4.7456e-16  47778.50 2 
 47006.48 4.9732e-16  47875.30 2 
 47101.43 4.7953e-16  47972.00 2 
 47196.47 4.5512e-16  48068.80 2 
 47291.51 4.5251e-16  48165.60 2 
 47386.46 4.5091e-16  48262.30 2 
 47481.50 3.8797e-16  48359.10 2 
 47576.45 3.7687e-16  48455.80 2 
 47671.49 4.1496e-16  48552.60 2 
 47766.53 4.2387e-16  48649.40 2 
 47861.47 4.2122e-16  48746.10 2 
 47956.52 4.3358e-16  48842.90 2 
 48051.56 4.2847e-16  48939.70 2 
 48146.51 4.1223e-16  49036.40 2 
 48241.55 4.1451e-16  49133.20 2 
 48336.50 3.9515e-16  49229.90 2 
 48431.54 4.0824e-16  49326.70 2 
 48526.58 3.8755e-16  49423.50 2 
 48622.51 4.0882e-16  49521.20 2 
 49108.74 4.1969e-16  50016.41 0 
 49599.82 4.3065e-16  50516.58 0 
 50095.82 4.4173e-16  51021.74 0 
 50596.78 4.5292e-16  51531.96 0 
 51102.75 4.6423e-16  52047.28 0 
 51225.70 4.6697e-16  52172.50 3 
 51522.61 4.9030e-16  52474.90 3 
 51819.52 5.7295e-16  52777.30 3 
 52116.43 6.2974e-16  53079.70 3 
 52413.35 7.8461e-16  53382.10 3 
 52710.36 7.0721e-16  53684.60 3 
 53007.27 6.4443e-16  53987.00 3 
 53304.18 6.7864e-16  54289.40 3 
 53601.09 5.9268e-16  54591.80 3 
 53898.00 5.1313e-16  54894.20 3 
 54195.01 5.0723e-16  55196.70 3 
 54491.93 4.9532e-16  55499.10 3 
 54788.84 5.3377e-16  55801.50 3 
 55085.75 5.8061e-16  56103.90 3 
 55382.66 5.9534e-16  56406.30 3 
 55679.67 6.0440e-16  56708.80 3 
 55976.58 7.0165e-16  57011.20 3 
 56273.49 8.4382e-16  57313.60 3 
 56570.41 8.9715e-16  57616.00 3 
 56867.32 8.9680e-16  57918.40 3 
 57164.33 8.9710e-16  58220.90 3 
 57461.24 8.7534e-16  58523.30 3 
 57758.16 8.2844e-16  58825.70 3 
 58055.07 8.0006e-16  59128.10 3 
 58351.98 8.1991e-16  59430.50 3 
 58648.99 8.5669e-16  59733.00 3 
 58945.90 8.6840e-16  60035.40 3 
 59242.82 8.5882e-16  60337.80 3 
 59539.73 9.1962e-16  60640.20 3 
 59836.64 1.0858e-15  60942.60 3 
 60133.65 1.2229e-15  61245.10 3 
 60430.56 1.2789e-15  61547.50 3 
 60727.47 1.3402e-15  61849.90 3 
 61024.39 1.5433e-15  62152.30 3 
 61321.30 2.0805e-15  62454.70 3 
 61618.31 3.0480e-15  62757.20 3 
 61915.22 3.9785e-15  63059.60 3 
 62212.14 4.0702e-15  63362.00 3 
 62509.04 3.5848e-15  63664.40 3 
 62805.95 2.9916e-15  63966.80 3 
 63102.97 2.4760e-15  64269.30 3 
 63399.88 2.0645e-15  64571.70 3 
 63696.79 1.8487e-15  64874.10 3 
 63993.70 1.6329e-15  65176.50 3 
 64290.62 1.4621e-15  65478.90 3 
 64587.63 1.3782e-15  65781.40 3 
 64884.54 1.2672e-15  66083.80 3 
 65181.45 1.2357e-15  66386.20 3 
 65478.36 1.2094e-15  66688.60 3 
 65775.28 1.2144e-15  66991.00 3 
 66072.29 1.2464e-15  67293.50 3 
 66369.20 1.2846e-15  67595.90 3 
 66666.11 1.2850e-15  67898.30 3 
 66963.02 1.2722e-15  68200.70 3 
 67259.94 1.2621e-15  68503.10 3 
 67556.95 1.2729e-15  68805.60 3 
 67853.86 1.2413e-15  69108.00 3 
 68150.77 1.2173e-15  69410.40 3 
 68447.69 1.2641e-15  69712.80 3 
 68744.60 1.3157e-15  70015.20 3 
 69041.61 1.4008e-15  70317.70 3 
 69338.52 1.4724e-15  70620.10 3 
 69635.43 1.9227e-15  70922.50 3 
 69932.34 2.0885e-15  71224.90 3 
 70229.25 1.7892e-15  71527.30 3 
 70526.26 1.7104e-15  71829.80 3 
 70823.18 1.6914e-15  72132.20 3 
 71120.09 1.7158e-15  72434.60 3 
 71417.00 1.7493e-15  72737.00 3 
 71713.91 1.7675e-15  73039.40 3 
 72010.92 1.7805e-15  73341.90 3 
 72307.83 1.8756e-15  73644.30 3 
 72604.75 1.9483e-15  73946.70 3 
 72901.66 2.0634e-15  74249.10 3 
 73198.57 2.1724e-15  74551.50 3 
 73495.58 2.3525e-15  74854.00 3 
 73792.49 2.5544e-15  75156.40 3 
 74089.40 2.7251e-15  75458.80 3 
 74386.31 2.9385e-15  75761.20 3 
 74980.14 3.5466e-15  76366.00 3 
 75574.06 4.1020e-15  76970.90 3 
 76167.88 4.3177e-15  77575.70 3 
 76761.71 4.1397e-15  78180.50 3 
 77355.63 4.0015e-15  78785.40 3 
 77949.46 3.9241e-15  79390.20 3 
 78543.38 3.6613e-15  79995.10 3 
 79137.21 3.2459e-15  80599.90 3 
 79731.03 2.7955e-15  81204.70 3 
 80324.95 2.4265e-15  81809.59 3 
 80918.78 2.1124e-15  82414.40 3 
 81512.61 1.9143e-15  83019.20 3 
 82106.52 1.8380e-15  83624.09 3 
 82700.35 1.8221e-15  84228.90 3 
 83294.17 1.8250e-15  84833.70 3 
 83888.10 1.8119e-15  85438.60 3 
 84481.92 1.8606e-15  86043.40 3 
 85075.85 1.9881e-15  86648.30 3 
 85669.67 2.0338e-15  87253.10 3 
 86263.50 1.9031e-15  87857.91 3 
 86857.42 1.6811e-15  88462.80 3 
 87451.24 1.3680e-15  89067.60 3 
 88045.07 1.0814e-15  89672.41 3 
 88638.98 8.8588e-16  90277.30 3 
 89232.81 7.6171e-16  90882.10 3 
 89826.63 6.8398e-16  91486.90 3 
 90420.55 6.0027e-16  92091.80 3 
 91014.38 5.4501e-16  92696.60 3 
 91608.30 5.1257e-16  93301.50 3 
 92202.12 4.8801e-16  93906.30 3 
 92795.95 4.6658e-16  94511.10 3 
 93389.87 4.4510e-16  95115.99 3 
 93983.70 4.3224e-16  95720.80 3 
 94577.53 4.2706e-16  96325.60 3 
 95171.45 4.1585e-16  96930.50 3 
 95765.27 4.1084e-16  97535.30 3 
 96359.09 4.3045e-16  98140.09 3 
 96953.02 4.2328e-16  98745.00 3 
 97546.85 3.8573e-16  99349.80 3 
 98140.77 3.6769e-16  99954.70 3 
 98734.59 3.5539e-16 100559.50 3 
 99328.42 3.5187e-16 101164.30 3 
 99922.34 3.4681e-16 101769.20 3 
100516.16 3.4803e-16 102374.00 3 
101109.99 3.4713e-16 102978.80 3 
101703.90 3.5549e-16 103583.70 3 
102297.73 3.4987e-16 104188.50 3 
102891.55 3.5127e-16 104793.30 3 
103485.47 3.6104e-16 105398.20 3 
104079.30 3.8333e-16 106003.00 3 
104673.23 4.1830e-16 106607.91 3 
105267.04 4.6343e-16 107212.70 3 
105860.87 4.9587e-16 107817.50 3 
106454.80 4.9530e-16 108422.41 3 
107048.62 5.0455e-16 109027.20 3 
107642.44 5.1064e-16 109632.00 3 
108236.37 5.1791e-16 110236.90 3 
108830.19 5.5216e-16 110841.70 3 
109424.02 6.4384e-16 111446.51 3 
110017.94 7.7377e-16 112051.40 3 
110611.77 8.7542e-16 112656.20 3 
111205.69 1.1951e-15 113261.10 3 
111799.51 1.8726e-15 113865.90 3 
112393.34 2.3118e-15 114470.70 3 
112987.26 2.0268e-15 115075.60 3 
113581.08 1.6431e-15 115680.40 3 
114174.91 1.3622e-15 116285.20 3 
114768.82 1.1547e-15 116890.09 3 
115362.65 1.0126e-15 117494.90 3 
115956.47 9.2365e-16 118099.70 3 
116550.39 8.5405e-16 118704.59 3 
117144.22 8.2852e-16 119309.40 3 
117738.15 8.2998e-16 119914.30 3 
118331.97 8.6914e-16 120519.10 3 
118925.79 9.0521e-16 121123.90 3 
119519.72 9.4981e-16 121728.80 3 
120113.54 9.4962e-16 122333.60 3 
120707.37 9.3305e-16 122938.41 3 
121301.29 9.0482e-16 123543.30 3 
121895.11 9.0963e-16 124148.10 3 
122488.94 9.6964e-16 124752.91 3 
123082.86 1.0208e-15 125357.80 3 
123676.69 1.0479e-15 125962.60 3 
124270.61 1.0860e-15 126567.50 3 
124864.43 1.1402e-15 127172.30 3 
125458.26 1.2141e-15 127777.10 3 
126052.18 1.2816e-15 128382.00 3 
126646.00 1.3413e-15 128986.80 3 
127239.83 1.5448e-15 129591.60 3 
127833.76 2.1432e-15 130196.51 3 
128427.57 2.0020e-15 130801.30 3 
129021.39 1.0497e-15 131406.09 3 
129615.32 8.5247e-16 132011.00 3 
130209.14 7.9442e-16 132615.80 3 
130802.96 7.8433e-16 133220.59 3 
131396.89 7.8194e-16 133825.50 3 
131990.71 7.6467e-16 134430.30 3 
132584.64 7.6271e-16 135035.20 3 
133178.46 7.5208e-16 135640.00 3 
133772.28 7.4475e-16 136244.80 3 
134366.21 7.4493e-16 136849.70 3 
134960.03 7.4171e-16 137454.50 3 
135553.85 7.4387e-16 138059.30 3 
136147.78 7.1697e-16 138664.20 3 
136741.60 7.0083e-16 139269.00 3 
137335.43 6.7916e-16 139873.80 3 
137929.35 6.7474e-16 140478.70 3 
138523.18 6.7898e-16 141083.50 3 
139117.10 6.6859e-16 141688.41 3 
139710.93 6.6219e-16 142293.20 3 
140304.75 6.5361e-16 142898.00 3 
140898.68 6.4279e-16 143502.91 3 
141492.50 6.5249e-16 144107.70 3 
142086.32 6.4860e-16 144712.50 3 
143128.65 6.8497e-16 145774.09 3 
143960.09 6.6355e-16 146620.91 3 
144791.52 6.3037e-16 147467.70 3 
145622.95 6.1714e-16 148314.50 3 
146454.29 6.1288e-16 149161.20 3 
147285.72 6.0295e-16 150008.00 3 
148117.15 6.0023e-16 150854.80 3 
148948.49 6.1239e-16 151701.50 3 
149779.91 6.0488e-16 152548.30 3 
150611.34 6.0001e-16 153395.09 3 
151442.68 5.9489e-16 154241.80 3 
152274.11 5.9521e-16 155088.59 3 
153105.56 5.9652e-16 155935.41 3 
153936.89 6.0512e-16 156782.11 3 
154768.32 6.4168e-16 157628.91 3 
155599.75 7.1051e-16 158475.70 3 
156431.08 6.7284e-16 159322.39 3 
157262.52 6.3470e-16 160169.20 3 
158093.95 6.4103e-16 161016.00 3 
158925.38 6.5248e-16 161862.80 3 
159756.72 6.5626e-16 162709.50 3 
160588.16 6.5737e-16 163556.31 3 
161419.58 6.5958e-16 164403.09 3 
162250.93 6.7696e-16 165249.81 3 
163082.34 7.4554e-16 166096.59 3 
163913.77 8.2920e-16 166943.39 3 
164745.13 8.7451e-16 167790.11 3 
165576.54 8.2623e-16 168636.89 3 
166407.98 7.9150e-16 169483.70 3 
167239.31 7.9479e-16 170330.39 3 
168070.75 7.9752e-16 171177.20 3 
168902.18 8.0327e-16 172024.00 3 
169733.50 9.0081e-16 172870.69 3 
170564.95 9.3831e-16 173717.50 3 
171396.38 8.4224e-16 174564.30 3 
172227.81 8.2842e-16 175411.09 3 
173059.14 8.2850e-16 176257.80 3 
173890.59 8.3301e-16 177104.61 3 
174722.00 7.8305e-16 177951.39 3 
175553.36 7.4793e-16 178798.11 3 
176384.79 7.2730e-16 179644.91 3 
177216.22 7.2511e-16 180491.70 3 
178047.55 7.2137e-16 181338.41 3 
178878.97 7.2505e-16 182185.19 3 
179710.41 7.0976e-16 183032.00 3 
180541.75 7.0039e-16 183878.70 3 
181373.18 7.0136e-16 184725.50 3 
182204.61 6.9888e-16 185572.30 3 
183035.93 6.9236e-16 186418.98 3 
183867.38 6.9303e-16 187265.80 3 
184698.82 7.0103e-16 188112.61 3 
185530.25 7.2740e-16 188959.41 3 
186361.57 8.2968e-16 189806.09 3 
187193.02 9.5699e-16 190652.91 3 
188024.43 8.4131e-16 191499.69 3 
188855.78 7.5036e-16 192346.41 3 
189687.21 7.5806e-16 193193.20 3 
190518.64 7.3871e-16 194040.00 3 
191349.98 7.4612e-16 194886.70 3 
192181.43 7.5212e-16 195733.52 3 
193012.84 7.6568e-16 196580.30 3 
193844.18 7.5413e-16 197427.00 3 
194675.61 7.5690e-16 198273.80 3 
195507.04 7.6250e-16 199120.59 3 
196338.39 7.7314e-16 199967.31 3 
197169.80 7.8006e-16 200814.09 3 
198001.25 7.8387e-16 201660.91 3 
198832.68 7.8900e-16 202507.70 3 
199664.00 8.0036e-16 203354.39 3 
200495.45 8.0093e-16 204201.20 3 
202158.21 8.1523e-16 205894.70 3 
203821.07 8.3563e-16 207588.30 3 
205483.85 8.4734e-16 209281.81 3 
207146.61 8.5468e-16 210975.30 3 
208809.47 8.7114e-16 212668.89 3 
210472.23 8.8782e-16 214362.39 3 
212135.11 8.8919e-16 216056.00 3 
213797.87 9.0770e-16 217749.50 3 
215460.64 9.2582e-16 219443.00 3 
217123.52 9.2128e-16 221136.61 3 
218786.28 9.3735e-16 222830.11 3 
220449.03 9.5803e-16 224523.59 3 
222111.89 9.7255e-16 226217.19 3 
223774.68 9.7010e-16 227910.70 3 
225437.53 9.9158e-16 229604.30 3 
227100.30 9.9958e-16 231297.80 3 
228763.07 1.0121e-15 232991.30 3 
230425.94 1.0451e-15 234684.91 3 
232088.71 1.0562e-15 236378.41 3 
233751.48 1.0587e-15 238071.91 3 
235414.32 1.0695e-15 239765.48 3 
237077.10 1.0925e-15 241459.00 3 
238739.96 1.1090e-15 243152.59 3 
240402.73 1.1100e-15 244846.09 3 
242065.50 1.1244e-15 246539.59 3 
243728.37 1.1428e-15 248233.20 3 
245391.14 1.1484e-15 249926.70 3 
247053.91 1.1608e-15 251620.20 3 
248716.78 1.1734e-15 253313.81 3 
250379.55 1.1826e-15 255007.31 3 
252042.39 1.1965e-15 256700.89 3 
253705.16 1.2079e-15 258394.39 3 
255367.93 1.2234e-15 260087.89 3 
257030.80 1.2259e-15 261781.50 3 
258693.57 1.2472e-15 263475.00 3 
260356.33 1.2582e-15 265168.50 3 
262019.19 1.2611e-15 266862.09 3 
263681.96 1.2785e-15 268555.59 3 
265344.82 1.2832e-15 270249.19 3 
267007.59 1.2863e-15 271942.69 3 
268670.38 1.3033e-15 273636.22 3 
270333.24 1.3049e-15 275329.81 3 
271995.98 1.3138e-15 277023.28 3 
273658.75 1.3355e-15 278716.78 3 
275321.64 1.3430e-15 280410.41 3 
276984.40 1.3603e-15 282103.91 3 
278647.26 1.3591e-15 283797.50 3 
280310.03 1.3723e-15 285491.00 3 
281972.80 1.3896e-15 287184.50 3 
283635.66 1.3823e-15 288878.09 3 
285298.42 1.3883e-15 290571.59 3 
286961.19 1.3873e-15 292265.09 3 
288624.05 1.4057e-15 293958.69 3 
290286.82 1.4133e-15 295652.19 3 
291949.68 1.4295e-15 297345.78 3 
293612.47 1.4372e-15 299039.31 3 
295275.24 1.4398e-15 300732.81 3 
296938.10 1.4521e-15 302426.41 3 
298600.87 1.4592e-15 304119.91 3 
300263.63 1.4620e-15 305813.41 3 
301926.49 1.4821e-15 307507.00 3 
303589.26 1.4832e-15 309200.50 3 
305252.12 1.4720e-15 310894.09 3 
306914.89 1.4673e-15 312587.59 3 
308577.65 1.4869e-15 314281.09 3 
310240.51 1.5003e-15 315974.69 3 
311903.31 1.5020e-15 317668.22 3 
313566.08 1.4919e-15 319361.72 3 
315228.94 1.4954e-15 321055.31 3 
316891.67 1.5197e-15 322748.78 3 
318554.56 1.5492e-15 324442.41 3 
320217.33 1.5643e-15 326135.91 3 
321880.10 1.5389e-15 327829.41 3 
323542.96 1.5383e-15 329523.00 3 
325205.72 1.5643e-15 331216.50 3 
326868.49 1.5977e-15 332910.00 3 
328531.38 1.6100e-15 334603.62 3 
330194.15 1.6017e-15 336297.12 3 
331856.98 1.6230e-15 337990.69 3 
333519.74 1.9153e-15 339684.19 3 
335182.54 1.7685e-15 341377.72 3 
336845.37 1.6560e-15 343071.28 3 
338508.14 1.6731e-15 344764.78 3 
340170.90 1.6221e-15 346458.28 3 
341833.79 1.6517e-15 348151.91 3 
343496.53 1.6424e-15 349845.38 3 
