# An Atlas of Galaxy Spectral Energy Distributions from the Ultraviolet to the Mid-Infrared
# Brown et al. (2014)
# http://dx.doi.org/10.5072/03/529D3551F0117
# 
# Column 1 : Restframe Wavelength (Angstrom)
# Column 2 : Flux per unit wavelength (ergs/s/cm^2/Angstrom)
# Column 3 : Observed wavelength (Angstrom)
# Column 4 : Source (0 = model, 1 = Optical Spectrum, 2 = Akari, 3 = Spitzer IRS)
# 
   102.08 2.3363e-20    102.33 0 
   103.98 3.0236e-20    104.23 0 
   105.91 3.9767e-20    106.17 0 
   107.88 5.3275e-20    108.14 0 
   109.89 7.9896e-20    110.15 0 
   114.01 1.2663e-19    114.29 0 
   118.02 1.8773e-19    118.30 0 
   121.05 7.3371e-19    121.34 0 
   125.01 1.0012e-18    125.31 0 
   127.04 1.1338e-18    127.35 0 
   127.92 1.2261e-18    128.23 0 
   130.90 1.4472e-18    131.22 0 
   132.11 1.7479e-18    132.43 0 
   133.95 1.9343e-18    134.28 0 
   137.07 2.5973e-18    137.40 0 
   139.94 3.0028e-18    140.28 0 
   142.87 8.9645e-18    143.22 0 
   146.88 2.4747e-17    147.23 0 
   150.99 2.8218e-17    151.36 0 
   154.86 3.2473e-17    155.24 0 
   158.84 3.7370e-17    159.22 0 
   162.16 4.1260e-17    162.55 0 
   165.94 4.7482e-17    166.34 0 
   170.20 5.3398e-17    170.61 0 
   172.96 5.8415e-17    173.38 0 
   176.99 6.5242e-17    177.42 0 
   179.87 7.0555e-17    180.30 0 
   181.95 7.4563e-17    182.39 0 
   186.19 8.2514e-17    186.64 0 
   190.96 9.3224e-17    191.43 0 
   194.07 1.0082e-16    194.54 0 
   198.13 1.1003e-16    198.61 0 
   201.81 1.2065e-16    202.30 0 
   205.09 1.2868e-16    205.59 0 
   209.87 1.3600e-16    210.38 0 
   216.25 1.6015e-16    216.77 0 
   219.76 1.7359e-16    220.29 0 
   222.82 1.8094e-16    223.36 0 
   226.96 1.9612e-16    227.51 0 
   230.12 3.0727e-16    230.67 0 
   233.86 5.4016e-16    234.42 0 
   239.85 6.8790e-16    240.44 0 
   246.01 6.7846e-16    246.60 0 
   251.74 7.4392e-16    252.35 0 
   257.01 6.4942e-16    257.63 0 
   259.98 7.5601e-16    260.62 0 
   264.21 8.1008e-16    264.85 0 
   269.12 8.2895e-16    269.77 0 
   274.12 8.4630e-16    274.79 0 
   279.22 8.6402e-16    279.90 0 
   283.76 8.8212e-16    284.45 0 
   289.70 8.6204e-16    290.40 0 
   295.77 8.9645e-16    296.48 0 
   301.26 9.0474e-16    302.00 0 
   308.28 9.3654e-16    309.03 0 
   317.65 9.8294e-16    318.42 0 
   328.06 1.0082e-15    328.85 0 
   338.02 1.0245e-15    338.84 0 
   348.30 1.0364e-15    349.14 0 
   357.23 1.0484e-15    358.10 0 
   366.39 1.0630e-15    367.28 0 
   374.93 1.0679e-15    375.84 0 
   385.43 1.0412e-15    386.37 0 
   395.32 1.0753e-15    396.28 0 
   405.46 1.0803e-15    406.44 0 
   413.95 1.0778e-15    414.95 0 
   421.65 1.0704e-15    422.67 0 
   430.48 1.0654e-15    431.52 0 
   440.50 1.0654e-15    441.57 0 
   450.76 1.0508e-15    451.86 0 
   460.20 1.0436e-15    461.32 0 
   469.84 1.0340e-15    470.98 0 
   479.68 1.0293e-15    480.84 0 
   489.72 1.0105e-15    490.91 0 
   499.97 1.0082e-15    501.19 0 
   505.76 9.9891e-16    506.99 0 
   511.62 1.0340e-15    512.86 0 
   519.93 1.0269e-15    521.19 0 
   529.60 1.0105e-15    530.88 0 
   539.45 9.8294e-16    540.75 0 
   549.48 9.8294e-16    550.81 0 
   559.69 9.9661e-16    561.05 0 
   570.10 1.0058e-15    571.48 0 
   579.36 9.8294e-16    580.76 0 
   590.13 9.9661e-16    591.56 0 
   599.72 9.7393e-16    601.17 0 
   609.46 8.9645e-16    610.94 0 
   619.37 1.0082e-15    620.87 0 
   629.43 1.0012e-15    630.96 0 
   639.66 1.0082e-15    641.21 0 
   650.05 1.0175e-15    651.63 0 
   657.58 1.0128e-15    659.17 0 
   665.19 1.0364e-15    666.81 0 
   674.45 1.0436e-15    676.08 0 
   685.41 1.0105e-15    687.07 0 
   694.94 1.0928e-15    696.63 0 
   704.61 1.0436e-15    706.32 0 
   716.06 1.1390e-15    717.79 0 
   726.02 1.1575e-15    727.78 0 
   734.43 1.1763e-15    736.21 0 
   744.64 1.2149e-15    746.45 0 
   755.00 1.2460e-15    756.83 0 
   765.51 1.2065e-15    767.36 0 
   774.37 1.3290e-15    776.25 0 
   785.14 1.3413e-15    787.05 0 
   794.23 1.4045e-15    796.16 0 
   805.28 1.4539e-15    807.24 0 
   814.61 1.4946e-15    816.58 0 
   825.94 1.5759e-15    827.94 0 
   835.50 1.3789e-15    837.53 0 
   845.18 1.6464e-15    847.23 0 
   854.96 1.6808e-15    857.04 0 
   864.86 1.7763e-15    866.96 0 
   874.88 1.8643e-15    877.00 0 
   885.01 1.9657e-15    887.16 0 
   895.26 2.0489e-15    897.43 0 
   905.62 2.0679e-15    907.82 0 
   914.00 2.6395e-15    916.22 0 
   924.59 1.2149e-14    926.83 0 
   935.29 2.5324e-14    937.56 0 
   943.95 4.6508e-14    946.24 0 
   954.88 6.5092e-14    957.19 0 
   965.94 7.3034e-14    968.28 0 
   974.87 1.3290e-14    977.24 0 
   983.89 6.1028e-14    986.28 0 
   995.29 6.4942e-14    997.70 0 
  1004.50 9.5395e-14   1006.93 0 
  1016.13 9.2582e-14   1018.59 0 
  1025.53 4.1930e-14   1028.02 0 
  1035.02 6.5845e-14   1037.53 0 
  1044.60 1.2460e-13   1047.13 0 
  1054.26 1.2205e-13   1056.82 0 
  1064.02 9.6278e-14   1066.60 0 
  1073.86 1.1495e-13   1076.47 0 
  1083.80 9.1102e-14   1086.43 0 
  1093.83 1.2121e-13   1096.48 0 
  1103.95 1.1629e-13   1106.62 0 
  1114.16 1.1182e-13   1116.86 0 
  1124.47 9.9891e-14   1127.20 0 
  1134.88 1.2809e-13   1137.63 0 
  1145.38 1.1655e-13   1148.15 0 
  1155.97 1.2403e-13   1158.78 0 
  1163.99 1.2750e-13   1166.81 0 
  1174.76 8.7202e-14   1177.61 0 
  1185.63 1.2403e-13   1188.50 0 
  1193.85 8.6801e-14   1196.74 0 
  1204.89 6.3318e-14   1207.81 0 
  1216.04 4.4517e-14   1218.99 0 
  1224.47 8.6602e-14   1227.44 0 
  1235.80 1.2898e-13   1238.80 0 
  1244.37 1.4110e-13   1247.38 0 
  1255.88 1.3506e-13   1258.93 0 
  1264.58 1.1709e-13   1267.65 0 
  1276.29 1.5015e-13   1279.38 0 
  1285.13 1.5723e-13   1288.25 0 
  1294.04 1.2432e-13   1297.18 0 
  1306.02 1.2346e-13   1309.18 0 
  1315.07 1.5436e-13   1318.26 0 
  1324.18 1.4775e-13   1327.39 0 
  1336.44 1.3138e-13   1339.68 0 
  1345.70 1.5579e-13   1348.96 0 
  1355.03 1.5084e-13   1358.31 0 
  1364.42 1.3506e-13   1367.73 0 
  1373.88 1.4143e-13   1377.21 0 
  1386.59 1.4273e-13   1389.95 0 
  1396.20 1.2177e-13   1399.59 0 
  1405.88 1.2605e-13   1409.29 0 
  1415.62 1.3259e-13   1419.06 0 
  1425.44 1.3568e-13   1428.89 0 
  1435.32 1.3568e-13   1438.80 0 
  1441.94 1.4273e-13   1445.44 0 
  1448.60 1.4505e-13   1452.11 0 
  1455.29 1.4078e-13   1458.81 0 
  1465.37 1.3017e-13   1468.93 0 
  1475.53 1.3017e-13   1479.11 0 
  1485.76 1.3259e-13   1489.36 0 
  1496.06 1.3475e-13   1499.69 0 
  1506.43 1.2750e-13   1510.08 0 
  1513.38 1.1390e-13   1517.05 0 
  1516.87 1.2149e-13   1520.55 0 
  1523.87 1.1818e-13   1527.57 0 
  1534.43 1.0245e-13   1538.15 0 
  1545.07 1.1003e-13   1548.82 0 
  1555.78 1.0484e-13   1559.55 0 
  1566.56 1.0852e-13   1570.36 0 
  1573.79 1.1602e-13   1577.61 0 
  1584.70 1.2149e-13   1588.55 0 
  1595.69 1.2374e-13   1599.56 0 
  1606.75 1.2149e-13   1610.65 0 
  1614.17 1.2177e-13   1618.08 0 
  1625.35 1.1575e-13   1629.30 0 
  1636.62 1.2318e-13   1640.59 0 
  1644.18 1.2489e-13   1648.16 0 
  1655.57 1.1655e-13   1659.59 0 
  1663.21 1.2634e-13   1667.25 0 
  1670.89 1.1338e-13   1674.94 0 
  1678.60 1.2780e-13   1682.67 0 
  1686.35 1.3259e-13   1690.44 0 
  1694.14 1.2460e-13   1698.24 0 
  1705.88 1.2010e-13   1710.02 0 
  1713.75 1.1390e-13   1717.91 0 
  1725.63 1.1312e-13   1729.82 0 
  1733.60 1.2065e-13   1737.80 0 
  1745.61 1.1818e-13   1749.85 0 
  1753.67 1.2518e-13   1757.92 0 
  1765.83 1.1575e-13   1770.11 0 
  1773.98 1.1763e-13   1778.28 0 
  1786.27 1.2010e-13   1790.61 0 
  1794.52 1.2780e-13   1798.87 0 
  1806.96 1.2692e-13   1811.34 0 
  1815.30 1.1709e-13   1819.70 0 
  1823.68 1.1982e-13   1828.10 0 
  1836.32 1.1549e-13   1840.77 0 
  1844.79 1.0630e-13   1849.27 0 
  1853.31 1.0704e-13   1857.80 0 
  1866.16 1.1054e-13   1870.68 0 
  1874.77 1.1872e-13   1879.32 0 
  1883.42 1.0953e-13   1887.99 0 
  1896.48 1.0557e-13   1901.08 0 
  1905.23 1.1182e-13   1909.85 0 
  1914.03 1.0778e-13   1918.67 0 
  1922.86 1.0484e-13   1927.53 0 
  1936.19 1.0803e-13   1940.89 0 
  1945.13 1.1364e-13   1949.84 0 
  1954.11 1.0605e-13   1958.84 0 
  1967.65 1.1629e-13   1972.42 0 
  1976.73 1.1899e-13   1981.53 0 
  1985.86 1.1338e-13   1990.67 0 
  1995.02 1.1054e-13   1999.86 0 
  2004.23 1.1364e-13   2009.09 0 
  2013.48 1.1029e-13   2018.37 0 
  2022.78 1.1443e-13   2027.68 0 
  2036.80 1.0953e-13   2041.74 0 
  2046.20 1.1364e-13   2051.16 0 
  2055.64 1.0679e-13   2060.63 0 
  2065.13 1.0803e-13   2070.14 0 
  2074.67 1.1682e-13   2079.70 0 
  2079.45 1.1575e-13   2084.49 0 
  2084.24 1.2205e-13   2089.30 0 
  2093.86 1.1549e-13   2098.94 0 
  2103.53 1.1549e-13   2108.63 0 
  2113.24 1.1790e-13   2118.36 0 
  2122.99 1.1763e-13   2128.14 0 
  2132.79 1.1029e-13   2137.96 0 
  2142.63 1.1469e-13   2147.83 0 
  2152.52 1.1872e-13   2157.74 0 
  2167.44 1.1390e-13   2172.70 0 
  2177.45 1.1338e-13   2182.73 0 
  2187.50 1.1443e-13   2192.81 0 
  2192.54 1.1872e-13   2197.86 0 
  2202.66 1.1549e-13   2208.01 0 
  2212.83 1.0778e-13   2218.20 0 
  2223.04 1.0654e-13   2228.44 0 
  2233.30 1.1575e-13   2238.72 0 
  2243.61 1.1131e-13   2249.05 0 
  2253.97 1.0388e-13   2259.44 0 
  2264.37 1.0532e-13   2269.86 0 
  2274.83 1.0877e-13   2280.34 0 
  2285.33 1.1443e-13   2290.87 0 
  2295.87 1.0606e-13   2301.44 0 
  2306.47 1.0980e-13   2312.07 0 
  2317.12 1.0343e-13   2322.74 0 
  2322.46 8.3502e-14   2328.09 0 
  2333.18 9.3274e-14   2338.84 0 
  2343.95 8.8070e-14   2349.63 0 
  2354.77 9.9287e-14   2360.48 0 
  2365.64 8.8096e-14   2371.37 0 
  2376.56 9.2050e-14   2382.32 0 
  2387.53 8.3002e-14   2393.32 0 
  2393.03 8.8741e-14   2398.83 0 
  2404.08 8.5939e-14   2409.91 0 
  2415.17 8.8973e-14   2421.03 0 
  2426.32 9.9157e-14   2432.20 0 
  2437.52 9.6248e-14   2443.43 0 
  2443.14 1.0290e-13   2449.06 0 
  2454.42 1.0292e-13   2460.37 0 
  2465.74 9.9899e-14   2471.72 0 
  2477.13 9.5418e-14   2483.13 0 
  2482.84 9.1763e-14   2488.86 0 
  2494.30 8.6643e-14   2500.35 0 
  2505.81 1.0299e-13   2511.89 0 
  2511.59 8.3915e-14   2517.68 0 
  2517.38 8.4698e-14   2523.48 0 
  2523.18 8.2777e-14   2529.30 0 
  2534.83 8.7696e-14   2540.97 0 
  2546.53 8.7307e-14   2552.70 0 
  2552.40 1.0002e-13   2558.59 0 
  2564.18 9.3145e-14   2570.40 0 
  2576.01 1.0051e-13   2582.26 0 
  2587.90 9.7342e-14   2594.18 0 
  2593.87 9.4479e-14   2600.16 0 
  2605.84 8.9827e-14   2612.16 0 
  2617.87 8.7595e-14   2624.22 0 
  2623.91 9.4955e-14   2630.27 0 
  2636.02 1.0779e-13   2642.41 0 
  2642.09 1.2377e-13   2648.50 0 
  2654.29 1.3668e-13   2660.72 0 
  2666.54 1.1240e-13   2673.01 0 
  2672.69 1.2017e-13   2679.17 0 
  2685.02 1.2471e-13   2691.54 0 
  2697.42 1.1142e-13   2703.96 0 
  2703.64 1.1995e-13   2710.19 0 
  2716.11 1.0643e-13   2722.70 0 
  2722.38 1.0283e-13   2728.98 0 
  2734.94 1.1097e-13   2741.57 0 
  2747.57 8.7551e-14   2754.23 0 
  2753.90 9.4471e-14   2760.58 0 
  2766.61 1.0313e-13   2773.32 0 
  2772.99 1.0875e-13   2779.71 0 
  2785.79 9.2362e-14   2792.54 0 
  2792.21 7.0393e-14   2798.98 0 
  2805.10 7.5790e-14   2811.90 0 
  2818.05 1.0392e-13   2824.88 0 
  2824.54 1.2126e-13   2831.39 0 
  2837.58 1.1798e-13   2844.46 0 
  2844.12 1.0910e-13   2851.02 0 
  2857.25 9.2880e-14   2864.18 0 
  2863.84 1.2330e-13   2870.78 0 
  2877.05 1.3245e-13   2884.03 0 
  2883.69 1.2621e-13   2890.68 0 
  2897.00 1.3248e-13   2904.02 0 
  2910.37 1.5461e-13   2917.43 0 
  2930.54 1.4334e-13   2937.65 0 
  2950.86 1.3915e-13   2958.01 0 
  2971.31 1.4508e-13   2978.52 0 
  2991.91 1.4579e-13   2999.16 0 
  3012.65 1.4957e-13   3019.95 0 
  3026.55 1.5099e-13   3033.89 0 
  3047.53 1.5384e-13   3054.92 0 
  3068.65 1.5783e-13   3076.10 0 
  3089.93 1.5861e-13   3097.42 0 
  3111.34 1.6537e-13   3118.89 0 
  3132.91 1.6054e-13   3140.51 0 
  3147.37 1.5983e-13   3155.01 0 
  3169.19 1.6588e-13   3176.87 0 
  3191.16 1.5168e-13   3198.90 0 
  3213.28 1.6295e-13   3221.07 0 
  3228.11 1.4627e-13   3235.94 0 
  3250.48 1.7389e-13   3258.37 0 
  3273.02 1.8985e-13   3280.95 0 
  3288.12 1.8686e-13   3296.10 0 
  3310.91 1.8393e-13   3318.94 0 
  3318.55 1.8394e-13   3326.60 0 
  3326.20 1.8102e-13   3334.26 0 
  3333.87 1.9897e-13   3341.95 0 
  3341.55 1.8106e-13   3349.66 0 
  3349.25 2.0364e-13   3357.38 0 
  3356.97 1.9585e-13   3365.12 0 
  3364.71 1.5380e-13   3372.87 0 
  3372.47 1.6033e-13   3380.65 0 
  3380.24 1.9367e-13   3388.44 0 
  3388.04 1.9548e-13   3396.25 0 
  3395.85 1.8161e-13   3404.08 0 
  3403.68 2.0854e-13   3411.93 0 
  3411.52 1.8082e-13   3419.79 0 
  3419.39 1.8335e-13   3427.68 0 
  3427.27 1.8851e-13   3435.58 0 
  3435.17 1.9651e-13   3443.50 0 
  3443.09 1.6612e-13   3451.44 0 
  3451.03 1.9386e-13   3459.39 0 
  3458.98 1.9122e-13   3467.37 0 
  3466.95 1.8432e-13   3475.36 0 
  3474.95 1.9798e-13   3483.37 0 
  3482.96 1.8736e-13   3491.40 0 
  3490.99 1.9711e-13   3499.45 0 
  3499.03 1.6934e-13   3507.52 0 
  3507.10 2.0082e-13   3515.60 0 
  3515.18 1.7983e-13   3523.71 0 
  3523.29 1.9449e-13   3531.83 0 
  3531.41 1.9053e-13   3539.97 0 
  3539.55 2.0465e-13   3548.13 0 
  3547.71 2.1235e-13   3556.31 0 
  3555.89 2.0469e-13   3564.51 0 
  3564.09 2.0098e-13   3572.73 0 
  3572.30 1.7386e-13   3580.96 0 
  3580.54 1.8166e-13   3589.22 0 
  3588.79 1.5146e-13   3597.49 0 
  3597.06 1.8982e-13   3605.79 0 
  3605.36 1.9561e-13   3614.10 0 
  3613.67 1.7638e-13   3622.43 0 
  3622.00 1.7398e-13   3630.78 0 
  3626.29 1.9006e-13   3635.08 1 
  3629.03 1.8784e-13   3637.83 1 
  3631.77 1.8957e-13   3640.58 1 
  3634.52 1.8453e-13   3643.33 1 
  3637.26 1.9251e-13   3646.08 1 
  3640.00 2.0145e-13   3648.83 1 
  3642.75 2.0059e-13   3651.58 1 
  3645.49 1.8780e-13   3654.33 1 
  3648.23 1.8860e-13   3657.08 1 
  3650.98 1.9653e-13   3659.83 1 
  3653.72 2.1022e-13   3662.58 1 
  3656.46 2.1763e-13   3665.33 1 
  3659.21 2.1171e-13   3668.08 1 
  3661.95 2.1898e-13   3670.83 1 
  3664.69 2.1884e-13   3673.58 1 
  3667.44 2.1548e-13   3676.33 1 
  3670.18 2.1562e-13   3679.08 1 
  3672.92 2.1214e-13   3681.83 1 
  3675.67 2.1443e-13   3684.58 1 
  3678.41 2.1156e-13   3687.33 1 
  3681.15 2.0736e-13   3690.08 1 
  3683.90 2.0291e-13   3692.83 1 
  3686.64 2.0255e-13   3695.58 1 
  3689.38 2.0640e-13   3698.33 1 
  3692.13 2.2048e-13   3701.08 1 
  3694.87 2.2352e-13   3703.83 1 
  3697.61 2.2376e-13   3706.58 1 
  3700.36 2.1632e-13   3709.33 1 
  3703.10 1.9987e-13   3712.08 1 
  3705.84 1.9670e-13   3714.83 1 
  3708.59 2.0705e-13   3717.58 1 
  3711.33 2.1740e-13   3720.33 1 
  3714.07 2.1201e-13   3723.08 1 
  3716.82 2.1851e-13   3725.83 1 
  3719.56 2.2783e-13   3728.58 1 
  3722.30 2.5178e-13   3731.33 1 
  3725.05 2.8577e-13   3734.08 1 
  3727.79 2.9438e-13   3736.83 1 
  3730.53 2.7122e-13   3739.58 1 
  3733.28 2.2191e-13   3742.33 1 
  3736.02 2.1111e-13   3745.08 1 
  3738.76 2.1373e-13   3747.83 1 
  3741.51 2.0986e-13   3750.58 1 
  3744.25 1.9834e-13   3753.33 1 
  3746.99 1.9773e-13   3756.08 1 
  3749.74 1.9477e-13   3758.83 1 
  3752.48 2.0809e-13   3761.58 1 
  3755.22 2.2179e-13   3764.33 1 
  3757.97 2.3124e-13   3767.08 1 
  3760.71 2.2288e-13   3769.83 1 
  3763.45 2.2243e-13   3772.58 1 
  3766.20 2.2256e-13   3775.33 1 
  3768.94 2.3018e-13   3778.08 1 
  3771.68 2.2699e-13   3780.83 1 
  3774.43 2.4374e-13   3783.58 1 
  3777.17 2.6655e-13   3786.33 1 
  3779.91 2.8130e-13   3789.08 1 
  3782.66 2.7799e-13   3791.83 1 
  3785.40 2.6778e-13   3794.58 1 
  3788.14 2.6249e-13   3797.33 1 
  3790.89 2.4168e-13   3800.08 1 
  3793.63 2.2272e-13   3802.83 1 
  3796.37 2.1706e-13   3805.58 1 
  3799.12 2.2179e-13   3808.33 1 
  3801.86 2.3137e-13   3811.08 1 
  3804.60 2.5098e-13   3813.83 1 
  3807.35 2.6849e-13   3816.58 1 
  3810.09 2.7478e-13   3819.33 1 
  3812.83 2.7973e-13   3822.08 1 
  3815.58 2.6736e-13   3824.83 1 
  3818.32 2.5255e-13   3827.58 1 
  3821.06 2.4756e-13   3830.33 1 
  3823.81 2.3617e-13   3833.08 1 
  3826.55 2.1556e-13   3835.83 1 
  3829.29 1.9563e-13   3838.58 1 
  3832.04 1.8473e-13   3841.33 1 
  3834.78 1.7659e-13   3844.08 1 
  3837.52 1.9241e-13   3846.83 1 
  3840.27 2.1419e-13   3849.58 1 
  3843.01 2.3463e-13   3852.33 1 
  3845.75 2.4734e-13   3855.08 1 
  3848.50 2.6640e-13   3857.83 1 
  3851.24 2.6615e-13   3860.58 1 
  3853.98 2.6142e-13   3863.33 1 
  3856.73 2.6157e-13   3866.08 1 
  3859.47 2.6342e-13   3868.83 1 
  3862.21 2.7392e-13   3871.58 1 
  3864.96 2.8727e-13   3874.33 1 
  3867.70 2.8474e-13   3877.08 1 
  3870.44 2.7835e-13   3879.83 1 
  3873.19 2.6960e-13   3882.58 1 
  3875.93 2.6574e-13   3885.33 1 
  3878.67 2.5989e-13   3888.08 1 
  3881.42 2.3906e-13   3890.83 1 
  3884.16 2.3145e-13   3893.58 1 
  3886.90 2.1664e-13   3896.33 1 
  3889.65 2.1444e-13   3899.08 1 
  3892.39 2.3754e-13   3901.83 1 
  3895.13 2.6286e-13   3904.58 1 
  3897.88 2.7035e-13   3907.33 1 
  3900.62 2.8206e-13   3910.08 1 
  3903.36 2.8813e-13   3912.83 1 
  3906.11 2.9387e-13   3915.58 1 
  3908.85 3.0021e-13   3918.33 1 
  3911.59 3.1338e-13   3921.08 1 
  3914.34 3.0475e-13   3923.83 1 
  3917.08 2.9790e-13   3926.58 1 
  3919.82 2.9205e-13   3929.33 1 
  3922.57 2.7492e-13   3932.08 1 
  3925.31 2.5667e-13   3934.83 1 
  3928.05 2.2455e-13   3937.58 1 
  3930.80 1.8942e-13   3940.33 1 
  3933.54 1.8246e-13   3943.08 1 
  3936.28 2.0526e-13   3945.83 1 
  3939.03 2.4212e-13   3948.58 1 
  3941.77 2.6224e-13   3951.33 1 
  3944.51 2.7474e-13   3954.08 1 
  3947.26 2.8628e-13   3956.83 1 
  3950.00 2.9489e-13   3959.58 1 
  3952.74 2.9503e-13   3962.33 1 
  3955.49 2.8179e-13   3965.08 1 
  3958.23 2.6220e-13   3967.83 1 
  3960.97 2.3426e-13   3970.58 1 
  3963.72 1.9742e-13   3973.33 1 
  3966.46 1.7588e-13   3976.08 1 
  3969.20 1.7237e-13   3978.83 1 
  3971.95 1.9432e-13   3981.58 1 
  3974.69 2.3109e-13   3984.33 1 
  3977.43 2.6334e-13   3987.08 1 
  3980.18 2.8783e-13   3989.83 1 
  3982.92 3.0305e-13   3992.58 1 
  3985.66 3.1908e-13   3995.33 1 
  3988.41 3.2799e-13   3998.08 1 
  3991.15 3.3762e-13   4000.83 1 
  3993.89 3.3801e-13   4003.58 1 
  3996.64 3.4788e-13   4006.33 1 
  3999.38 3.5298e-13   4009.08 1 
  4002.12 3.4669e-13   4011.83 1 
  4004.87 3.5564e-13   4014.58 1 
  4007.61 3.5492e-13   4017.33 1 
  4010.35 3.5925e-13   4020.08 1 
  4013.10 3.6447e-13   4022.83 1 
  4015.84 3.6900e-13   4025.58 1 
  4018.59 3.6354e-13   4028.33 1 
  4021.33 3.5792e-13   4031.08 1 
  4024.07 3.5520e-13   4033.83 1 
  4026.82 3.5289e-13   4036.58 1 
  4029.56 3.5016e-13   4039.33 1 
  4032.30 3.4764e-13   4042.08 1 
  4035.05 3.5636e-13   4044.83 1 
  4037.79 3.6635e-13   4047.58 1 
  4040.53 3.6433e-13   4050.33 1 
  4043.28 3.5531e-13   4053.08 1 
  4046.02 3.5277e-13   4055.83 1 
  4048.76 3.5513e-13   4058.58 1 
  4051.51 3.6147e-13   4061.33 1 
  4054.25 3.4990e-13   4064.08 1 
  4056.99 3.4849e-13   4066.83 1 
  4059.74 3.4685e-13   4069.58 1 
  4062.48 3.4675e-13   4072.33 1 
  4065.22 3.4399e-13   4075.08 1 
  4067.97 3.5052e-13   4077.83 1 
  4070.71 3.4644e-13   4080.58 1 
  4073.45 3.3862e-13   4083.33 1 
  4076.20 3.3972e-13   4086.08 1 
  4078.94 3.4705e-13   4088.83 1 
  4081.68 3.4989e-13   4091.58 1 
  4084.43 3.6050e-13   4094.33 1 
  4087.17 3.5881e-13   4097.08 1 
  4089.91 3.4786e-13   4099.83 1 
  4092.66 3.3045e-13   4102.58 1 
  4095.40 3.0611e-13   4105.33 1 
  4098.14 2.8856e-13   4108.08 1 
  4100.89 2.8273e-13   4110.83 1 
  4103.63 2.9082e-13   4113.58 1 
  4106.37 3.0688e-13   4116.33 1 
  4109.12 3.2484e-13   4119.08 1 
  4111.86 3.3574e-13   4121.83 1 
  4114.60 3.4158e-13   4124.58 1 
  4117.35 3.4152e-13   4127.33 1 
  4120.09 3.5061e-13   4130.08 1 
  4122.83 3.5243e-13   4132.83 1 
  4125.58 3.4911e-13   4135.58 1 
  4128.32 3.4609e-13   4138.33 1 
  4131.06 3.5013e-13   4141.08 1 
  4133.81 3.5331e-13   4143.83 1 
  4136.55 3.5742e-13   4146.58 1 
  4139.29 3.5981e-13   4149.33 1 
  4142.04 3.5319e-13   4152.08 1 
  4144.78 3.5315e-13   4154.83 1 
  4147.52 3.5948e-13   4157.58 1 
  4150.27 3.5734e-13   4160.33 1 
  4153.01 3.4939e-13   4163.08 1 
  4155.75 3.4985e-13   4165.83 1 
  4158.50 3.5282e-13   4168.58 1 
  4161.24 3.6050e-13   4171.33 1 
  4163.98 3.6834e-13   4174.08 1 
  4166.73 3.6529e-13   4176.83 1 
  4169.47 3.5134e-13   4179.58 1 
  4172.21 3.3981e-13   4182.33 1 
  4174.96 3.4310e-13   4185.08 1 
  4177.70 3.4533e-13   4187.83 1 
  4180.44 3.4765e-13   4190.58 1 
  4183.19 3.5058e-13   4193.33 1 
  4185.93 3.5585e-13   4196.08 1 
  4188.67 3.5924e-13   4198.83 1 
  4191.42 3.6209e-13   4201.58 1 
  4194.16 3.5714e-13   4204.33 1 
  4196.90 3.4974e-13   4207.08 1 
  4199.65 3.4561e-13   4209.83 1 
  4202.39 3.5243e-13   4212.58 1 
  4205.13 3.5493e-13   4215.33 1 
  4207.88 3.6262e-13   4218.08 1 
  4210.62 3.6957e-13   4220.83 1 
  4213.36 3.6925e-13   4223.58 1 
  4216.11 3.7144e-13   4226.33 1 
  4218.85 3.7565e-13   4229.08 1 
  4221.59 3.6874e-13   4231.83 1 
  4224.34 3.4657e-13   4234.58 1 
  4227.08 3.4379e-13   4237.33 1 
  4229.82 3.4891e-13   4240.08 1 
  4232.57 3.5788e-13   4242.83 1 
  4235.31 3.6136e-13   4245.58 1 
  4238.05 3.6349e-13   4248.33 1 
  4240.80 3.7090e-13   4251.08 1 
  4243.54 3.7629e-13   4253.83 1 
  4246.28 3.7432e-13   4256.58 1 
  4249.03 3.6775e-13   4259.33 1 
  4251.77 3.6054e-13   4262.08 1 
  4254.51 3.6106e-13   4264.83 1 
  4257.26 3.6637e-13   4267.58 1 
  4260.00 3.6696e-13   4270.33 1 
  4262.74 3.7465e-13   4273.08 1 
  4265.49 3.7558e-13   4275.83 1 
  4268.23 3.5633e-13   4278.58 1 
  4270.97 3.4961e-13   4281.33 1 
  4273.72 3.4857e-13   4284.08 1 
  4276.46 3.5737e-13   4286.83 1 
  4279.20 3.6205e-13   4289.58 1 
  4281.95 3.6470e-13   4292.33 1 
  4284.69 3.5273e-13   4295.08 1 
  4287.43 3.5180e-13   4297.83 1 
  4290.18 3.4223e-13   4300.58 1 
  4292.92 3.4152e-13   4303.33 1 
  4295.66 3.3057e-13   4306.08 1 
  4298.41 3.1651e-13   4308.83 1 
  4301.15 3.0539e-13   4311.58 1 
  4303.89 3.0650e-13   4314.33 1 
  4306.64 3.0680e-13   4317.08 1 
  4309.38 3.1794e-13   4319.83 1 
  4312.12 3.4299e-13   4322.58 1 
  4314.87 3.6344e-13   4325.33 1 
  4317.61 3.7799e-13   4328.08 1 
  4320.35 3.6832e-13   4330.83 1 
  4323.10 3.5962e-13   4333.58 1 
  4325.84 3.5478e-13   4336.33 1 
  4328.58 3.5490e-13   4339.08 1 
  4331.33 3.5389e-13   4341.83 1 
  4334.07 3.4173e-13   4344.58 1 
  4336.81 3.3377e-13   4347.33 1 
  4339.56 3.1883e-13   4350.08 1 
  4342.30 3.3237e-13   4352.83 1 
  4345.04 3.3520e-13   4355.58 1 
  4347.79 3.4668e-13   4358.33 1 
  4350.53 3.5439e-13   4361.08 1 
  4353.27 3.6329e-13   4363.83 1 
  4356.02 3.7453e-13   4366.58 1 
  4358.76 3.8407e-13   4369.33 1 
  4361.50 3.9800e-13   4372.08 1 
  4364.25 3.9786e-13   4374.83 1 
  4366.99 3.9587e-13   4377.58 1 
  4369.73 3.8835e-13   4380.33 1 
  4372.48 3.7352e-13   4383.08 1 
  4375.22 3.7764e-13   4385.83 1 
  4377.96 3.7421e-13   4388.58 1 
  4380.71 3.5880e-13   4391.33 1 
  4383.45 3.5355e-13   4394.08 1 
  4386.19 3.5515e-13   4396.83 1 
  4388.94 3.5746e-13   4399.58 1 
  4391.68 3.7197e-13   4402.33 1 
  4394.42 3.7423e-13   4405.08 1 
  4397.17 3.8085e-13   4407.83 1 
  4399.91 3.7834e-13   4410.58 1 
  4402.65 3.6894e-13   4413.33 1 
  4405.40 3.7511e-13   4416.08 1 
  4408.14 3.7676e-13   4418.83 1 
  4410.88 3.8723e-13   4421.58 1 
  4413.63 3.9071e-13   4424.33 1 
  4416.37 3.8813e-13   4427.08 1 
  4419.11 3.8974e-13   4429.83 1 
  4421.86 3.9648e-13   4432.58 1 
  4424.60 4.0034e-13   4435.33 1 
  4427.34 3.9058e-13   4438.08 1 
  4430.09 3.9549e-13   4440.83 1 
  4432.83 3.8987e-13   4443.58 1 
  4435.57 3.9378e-13   4446.33 1 
  4438.32 3.9659e-13   4449.08 1 
  4441.06 4.0005e-13   4451.83 1 
  4443.80 4.0214e-13   4454.58 1 
  4446.55 4.1548e-13   4457.33 1 
  4449.29 4.0927e-13   4460.08 1 
  4452.03 3.9661e-13   4462.83 1 
  4454.78 3.8936e-13   4465.58 1 
  4457.52 3.8834e-13   4468.33 1 
  4460.26 3.8635e-13   4471.08 1 
  4463.01 3.9678e-13   4473.83 1 
  4465.75 3.9614e-13   4476.58 1 
  4468.49 4.0388e-13   4479.33 1 
  4471.24 4.1463e-13   4482.08 1 
  4473.98 4.2506e-13   4484.83 1 
  4476.72 4.1654e-13   4487.58 1 
  4479.47 4.1352e-13   4490.33 1 
  4482.21 4.1129e-13   4493.08 1 
  4484.95 4.1585e-13   4495.83 1 
  4487.70 4.1703e-13   4498.58 1 
  4490.44 4.1227e-13   4501.33 1 
  4493.18 4.1719e-13   4504.08 1 
  4495.93 4.1454e-13   4506.83 1 
  4498.67 4.2132e-13   4509.58 1 
  4501.41 4.3105e-13   4512.33 1 
  4504.16 4.4134e-13   4515.08 1 
  4506.90 4.3794e-13   4517.83 1 
  4509.64 4.3672e-13   4520.58 1 
  4512.39 4.2894e-13   4523.33 1 
  4515.13 4.2396e-13   4526.08 1 
  4517.87 4.2255e-13   4528.83 1 
  4520.62 4.2122e-13   4531.58 1 
  4523.36 4.0858e-13   4534.33 1 
  4526.10 4.0130e-13   4537.08 1 
  4528.85 3.9542e-13   4539.83 1 
  4531.59 3.9565e-13   4542.58 1 
  4534.33 4.0149e-13   4545.33 1 
  4537.08 4.1090e-13   4548.08 1 
  4539.82 4.1538e-13   4550.83 1 
  4542.56 4.2340e-13   4553.58 1 
  4545.31 4.1635e-13   4556.33 1 
  4548.05 4.1123e-13   4559.08 1 
  4550.79 4.0891e-13   4561.83 1 
  4553.54 4.0904e-13   4564.58 1 
  4556.28 4.1703e-13   4567.33 1 
  4559.02 4.2745e-13   4570.08 1 
  4561.77 4.3310e-13   4572.83 1 
  4564.51 4.2901e-13   4575.58 1 
  4567.25 4.3026e-13   4578.33 1 
  4570.00 4.2951e-13   4581.08 1 
  4572.74 4.3061e-13   4583.83 1 
  4575.48 4.3015e-13   4586.58 1 
  4578.23 4.2569e-13   4589.33 1 
  4580.97 4.1838e-13   4592.08 1 
  4583.71 4.1849e-13   4594.83 1 
  4586.46 4.2264e-13   4597.58 1 
  4589.20 4.2528e-13   4600.33 1 
  4591.94 4.2571e-13   4603.08 1 
  4594.69 4.2143e-13   4605.83 1 
  4597.43 4.2106e-13   4608.58 1 
  4600.17 4.2529e-13   4611.33 1 
  4602.92 4.2983e-13   4614.08 1 
  4605.66 4.3935e-13   4616.83 1 
  4608.40 4.3750e-13   4619.58 1 
  4611.15 4.4277e-13   4622.33 1 
  4613.89 4.4016e-13   4625.08 1 
  4616.63 4.3985e-13   4627.83 1 
  4619.38 4.3970e-13   4630.58 1 
  4622.12 4.4007e-13   4633.33 1 
  4624.86 4.4181e-13   4636.08 1 
  4627.61 4.4065e-13   4638.83 1 
  4630.35 4.3635e-13   4641.58 1 
  4633.09 4.3256e-13   4644.33 1 
  4635.84 4.2737e-13   4647.08 1 
  4638.58 4.2584e-13   4649.83 1 
  4641.32 4.1792e-13   4652.58 1 
  4644.07 4.1741e-13   4655.33 1 
  4646.81 4.1393e-13   4658.08 1 
  4649.55 4.1911e-13   4660.83 1 
  4652.30 4.2292e-13   4663.58 1 
  4655.04 4.2926e-13   4666.33 1 
  4657.78 4.3022e-13   4669.08 1 
  4660.53 4.3135e-13   4671.83 1 
  4663.27 4.2034e-13   4674.58 1 
  4666.01 4.0896e-13   4677.33 1 
  4668.76 4.0589e-13   4680.08 1 
  4671.50 4.1163e-13   4682.83 1 
  4674.25 4.1815e-13   4685.58 1 
  4676.99 4.2270e-13   4688.33 1 
  4679.73 4.1980e-13   4691.08 1 
  4682.48 4.2080e-13   4693.83 1 
  4685.22 4.2446e-13   4696.58 1 
  4687.96 4.2609e-13   4699.33 1 
  4690.71 4.2533e-13   4702.08 1 
  4693.45 4.2648e-13   4704.83 1 
  4696.19 4.2165e-13   4707.58 1 
  4698.94 4.1408e-13   4710.33 1 
  4701.68 4.0725e-13   4713.08 1 
  4704.42 4.1034e-13   4715.83 1 
  4707.17 4.1366e-13   4718.58 1 
  4709.91 4.1761e-13   4721.33 1 
  4712.65 4.2200e-13   4724.08 1 
  4715.40 4.2643e-13   4726.83 1 
  4718.14 4.3230e-13   4729.58 1 
  4720.88 4.3257e-13   4732.33 1 
  4723.63 4.3518e-13   4735.08 1 
  4726.37 4.2212e-13   4737.83 1 
  4729.11 4.1230e-13   4740.58 1 
  4731.86 4.1503e-13   4743.33 1 
  4734.60 4.1413e-13   4746.08 1 
  4737.34 4.2360e-13   4748.83 1 
  4740.09 4.3146e-13   4751.58 1 
  4742.83 4.3183e-13   4754.33 1 
  4745.57 4.3897e-13   4757.08 1 
  4748.32 4.4014e-13   4759.83 1 
  4751.06 4.3729e-13   4762.58 1 
  4753.80 4.3431e-13   4765.33 1 
  4756.55 4.3066e-13   4768.08 1 
  4759.29 4.2480e-13   4770.83 1 
  4762.03 4.1763e-13   4773.58 1 
  4764.78 4.1179e-13   4776.33 1 
  4767.52 4.1591e-13   4779.08 1 
  4770.26 4.2250e-13   4781.83 1 
  4773.01 4.2960e-13   4784.58 1 
  4775.75 4.3472e-13   4787.33 1 
  4778.49 4.3785e-13   4790.08 1 
  4781.24 4.3376e-13   4792.83 1 
  4783.98 4.2988e-13   4795.58 1 
  4786.72 4.3028e-13   4798.33 1 
  4789.47 4.3219e-13   4801.08 1 
  4792.21 4.4030e-13   4803.83 1 
  4794.95 4.4215e-13   4806.58 1 
  4797.70 4.3968e-13   4809.33 1 
  4800.44 4.4538e-13   4812.08 1 
  4803.18 4.3818e-13   4814.83 1 
  4805.93 4.3697e-13   4817.58 1 
  4808.67 4.3855e-13   4820.33 1 
  4811.41 4.4170e-13   4823.08 1 
  4814.16 4.4546e-13   4825.83 1 
  4816.90 4.4826e-13   4828.58 1 
  4819.64 4.4658e-13   4831.33 1 
  4822.39 4.4469e-13   4834.08 1 
  4825.13 4.3654e-13   4836.83 1 
  4827.87 4.3387e-13   4839.58 1 
  4830.62 4.2965e-13   4842.33 1 
  4833.36 4.2849e-13   4845.08 1 
  4836.10 4.3368e-13   4847.83 1 
  4838.85 4.2977e-13   4850.58 1 
  4841.59 4.2429e-13   4853.33 1 
  4844.33 4.2387e-13   4856.08 1 
  4847.08 4.1725e-13   4858.83 1 
  4849.82 4.0982e-13   4861.58 1 
  4852.56 3.9466e-13   4864.33 1 
  4855.31 3.8894e-13   4867.08 1 
  4858.05 4.0289e-13   4869.83 1 
  4860.79 4.0919e-13   4872.58 1 
  4863.54 4.0331e-13   4875.33 1 
  4866.28 3.8946e-13   4878.08 1 
  4869.02 3.8006e-13   4880.83 1 
  4871.77 3.8069e-13   4883.58 1 
  4874.51 3.9244e-13   4886.33 1 
  4877.25 4.0440e-13   4889.08 1 
  4880.00 4.0544e-13   4891.83 1 
  4882.74 4.0099e-13   4894.58 1 
  4885.48 3.9946e-13   4897.33 1 
  4888.23 4.0423e-13   4900.08 1 
  4890.97 4.1624e-13   4902.83 1 
  4893.71 4.2711e-13   4905.58 1 
  4896.46 4.3457e-13   4908.33 1 
  4899.20 4.3791e-13   4911.08 1 
  4901.94 4.3662e-13   4913.83 1 
  4904.69 4.3603e-13   4916.58 1 
  4907.43 4.2947e-13   4919.33 1 
  4910.17 4.2888e-13   4922.08 1 
  4912.92 4.2201e-13   4924.83 1 
  4915.66 4.1547e-13   4927.58 1 
  4918.40 4.0712e-13   4930.33 1 
  4921.15 4.0333e-13   4933.08 1 
  4923.89 4.1522e-13   4935.83 1 
  4926.63 4.2755e-13   4938.58 1 
  4929.38 4.3379e-13   4941.33 1 
  4932.12 4.2901e-13   4944.08 1 
  4934.86 4.2365e-13   4946.83 1 
  4937.61 4.2077e-13   4949.58 1 
  4940.35 4.2806e-13   4952.33 1 
  4943.09 4.3461e-13   4955.08 1 
  4945.84 4.4518e-13   4957.83 1 
  4948.58 4.4497e-13   4960.58 1 
  4951.32 4.4931e-13   4963.33 1 
  4954.07 4.4410e-13   4966.08 1 
  4956.81 4.3656e-13   4968.83 1 
  4959.55 4.3625e-13   4971.58 1 
  4962.30 4.3706e-13   4974.33 1 
  4965.04 4.3259e-13   4977.08 1 
  4967.78 4.3090e-13   4979.83 1 
  4970.53 4.3047e-13   4982.58 1 
  4973.27 4.3176e-13   4985.33 1 
  4976.01 4.2942e-13   4988.08 1 
  4978.76 4.1898e-13   4990.83 1 
  4981.50 4.0891e-13   4993.58 1 
  4984.24 4.0587e-13   4996.33 1 
  4986.99 4.1050e-13   4999.08 1 
  4989.73 4.1665e-13   5001.83 1 
  4992.47 4.2500e-13   5004.58 1 
  4995.22 4.2583e-13   5007.33 1 
  4997.96 4.2008e-13   5010.08 1 
  5000.70 4.2199e-13   5012.83 1 
  5003.45 4.2403e-13   5015.58 1 
  5006.19 4.2730e-13   5018.33 1 
  5008.93 4.2510e-13   5021.08 1 
  5011.68 4.0905e-13   5023.83 1 
  5014.42 3.9726e-13   5026.58 1 
  5017.16 3.9508e-13   5029.33 1 
  5019.91 3.9804e-13   5032.08 1 
  5022.65 4.0598e-13   5034.83 1 
  5025.39 4.1091e-13   5037.58 1 
  5028.14 4.1809e-13   5040.33 1 
  5030.88 4.1681e-13   5043.08 1 
  5033.62 4.1295e-13   5045.83 1 
  5036.37 4.0733e-13   5048.58 1 
  5039.11 4.0402e-13   5051.33 1 
  5041.85 4.0793e-13   5054.08 1 
  5044.60 4.1540e-13   5056.83 1 
  5047.34 4.1529e-13   5059.58 1 
  5050.08 4.1804e-13   5062.33 1 
  5052.83 4.2531e-13   5065.08 1 
  5055.57 4.2791e-13   5067.83 1 
  5058.31 4.3439e-13   5070.58 1 
  5061.06 4.3652e-13   5073.33 1 
  5063.80 4.2444e-13   5076.08 1 
  5066.54 4.1967e-13   5078.83 1 
  5069.29 4.1771e-13   5081.58 1 
  5072.03 4.1750e-13   5084.33 1 
  5074.77 4.1046e-13   5087.08 1 
  5077.52 4.0821e-13   5089.83 1 
  5080.26 4.0247e-13   5092.58 1 
  5083.00 4.0521e-13   5095.33 1 
  5085.75 4.1373e-13   5098.08 1 
  5088.49 4.2597e-13   5100.83 1 
  5091.23 4.2401e-13   5103.58 1 
  5093.98 4.2139e-13   5106.33 1 
  5096.72 4.1327e-13   5109.08 1 
  5099.46 4.1126e-13   5111.83 1 
  5102.21 4.0854e-13   5114.58 1 
  5104.95 4.0761e-13   5117.33 1 
  5107.69 4.1062e-13   5120.08 1 
  5110.44 4.1657e-13   5122.83 1 
  5113.18 4.2099e-13   5125.58 1 
  5115.92 4.2793e-13   5128.33 1 
  5118.67 4.2163e-13   5131.08 1 
  5121.41 4.1780e-13   5133.83 1 
  5124.15 4.0260e-13   5136.58 1 
  5126.90 4.0550e-13   5139.33 1 
  5129.64 4.0396e-13   5142.08 1 
  5132.38 4.0761e-13   5144.83 1 
  5135.13 4.0468e-13   5147.58 1 
  5137.87 4.0293e-13   5150.33 1 
  5140.61 4.0073e-13   5153.08 1 
  5143.36 3.9960e-13   5155.83 1 
  5146.10 3.9852e-13   5158.58 1 
  5148.84 4.0159e-13   5161.33 1 
  5151.59 3.9949e-13   5164.08 1 
  5154.33 4.0514e-13   5166.83 1 
  5157.07 4.0843e-13   5169.58 1 
  5159.82 4.0494e-13   5172.33 1 
  5162.56 3.8782e-13   5175.08 1 
  5165.30 3.7162e-13   5177.83 1 
  5168.05 3.5197e-13   5180.58 1 
  5170.79 3.4769e-13   5183.33 1 
  5173.53 3.5614e-13   5186.08 1 
  5176.28 3.7096e-13   5188.83 1 
  5179.02 3.7144e-13   5191.58 1 
  5181.76 3.6854e-13   5194.33 1 
  5184.51 3.6676e-13   5197.08 1 
  5187.25 3.8388e-13   5199.83 1 
  5189.99 3.9332e-13   5202.58 1 
  5192.74 3.9772e-13   5205.33 1 
  5195.48 4.0403e-13   5208.08 1 
  5198.22 4.1373e-13   5210.83 1 
  5200.97 4.0878e-13   5213.58 1 
  5203.71 4.0087e-13   5216.33 1 
  5206.45 3.9287e-13   5219.08 1 
  5209.20 3.9118e-13   5221.83 1 
  5211.94 3.9976e-13   5224.58 1 
  5214.68 4.0483e-13   5227.33 1 
  5217.43 4.1338e-13   5230.08 1 
  5220.17 4.1299e-13   5232.83 1 
  5222.91 4.0159e-13   5235.58 1 
  5225.66 3.9984e-13   5238.33 1 
  5228.40 3.9930e-13   5241.08 1 
  5231.14 4.0511e-13   5243.83 1 
  5233.89 4.1448e-13   5246.58 1 
  5236.63 4.2642e-13   5249.33 1 
  5239.37 4.3116e-13   5252.08 1 
  5242.12 4.2913e-13   5254.83 1 
  5244.86 4.2494e-13   5257.58 1 
  5247.60 4.1972e-13   5260.33 1 
  5250.35 4.1879e-13   5263.08 1 
  5253.09 4.2231e-13   5265.83 1 
  5255.83 4.2100e-13   5268.58 1 
  5258.58 4.1966e-13   5271.33 1 
  5261.32 4.0174e-13   5274.08 1 
  5264.06 3.8494e-13   5276.83 1 
  5266.81 3.7801e-13   5279.58 1 
  5269.55 3.8421e-13   5282.33 1 
  5272.29 3.9297e-13   5285.08 1 
  5275.04 4.1215e-13   5287.83 1 
  5277.78 4.1975e-13   5290.58 1 
  5280.52 4.2962e-13   5293.33 1 
  5283.27 4.3443e-13   5296.08 1 
  5286.01 4.4397e-13   5298.83 1 
  5288.75 4.4978e-13   5301.58 1 
  5291.50 4.5204e-13   5304.33 1 
  5294.24 4.4205e-13   5307.08 1 
  5296.98 4.3243e-13   5309.83 1 
  5299.73 4.3114e-13   5312.58 1 
  5302.47 4.4180e-13   5315.33 1 
  5305.21 4.5325e-13   5318.08 1 
  5307.96 4.5487e-13   5320.83 1 
  5310.70 4.5091e-13   5323.58 1 
  5313.44 4.5744e-13   5326.33 1 
  5316.19 4.4596e-13   5329.08 1 
  5318.93 4.3977e-13   5331.83 1 
  5321.68 4.3303e-13   5334.58 1 
  5324.42 4.2273e-13   5337.33 1 
  5327.16 4.1492e-13   5340.08 1 
  5329.91 4.1936e-13   5342.83 1 
  5332.65 4.2894e-13   5345.58 1 
  5335.39 4.3702e-13   5348.33 1 
  5338.14 4.3747e-13   5351.08 1 
  5340.88 4.3149e-13   5353.83 1 
  5343.62 4.3251e-13   5356.58 1 
  5346.37 4.3767e-13   5359.33 1 
  5349.11 4.4360e-13   5362.08 1 
  5351.85 4.5680e-13   5364.83 1 
  5354.60 4.6174e-13   5367.58 1 
  5357.34 4.6341e-13   5370.33 1 
  5360.08 4.5809e-13   5373.08 1 
  5362.83 4.4445e-13   5375.83 1 
  5365.57 4.3711e-13   5378.58 1 
  5368.31 4.3171e-13   5381.33 1 
  5371.06 4.3466e-13   5384.08 1 
  5373.80 4.4067e-13   5386.83 1 
  5376.54 4.4907e-13   5389.58 1 
  5379.29 4.5058e-13   5392.33 1 
  5382.03 4.5109e-13   5395.08 1 
  5384.77 4.4854e-13   5397.83 1 
  5387.52 4.4425e-13   5400.58 1 
  5390.26 4.3632e-13   5403.33 1 
  5393.00 4.2933e-13   5406.08 1 
  5395.75 4.2641e-13   5408.83 1 
  5398.49 4.2155e-13   5411.58 1 
  5401.23 4.1479e-13   5414.33 1 
  5403.98 4.1342e-13   5417.08 1 
  5406.72 4.1534e-13   5419.83 1 
  5409.46 4.1921e-13   5422.58 1 
  5412.21 4.3110e-13   5425.33 1 
  5414.95 4.4147e-13   5428.08 1 
  5417.69 4.4185e-13   5430.83 1 
  5420.44 4.4012e-13   5433.58 1 
  5423.18 4.3809e-13   5436.33 1 
  5425.92 4.3778e-13   5439.08 1 
  5428.67 4.3308e-13   5441.83 1 
  5431.41 4.3068e-13   5444.58 1 
  5434.15 4.3565e-13   5447.33 1 
  5436.90 4.4257e-13   5450.08 1 
  5439.64 4.4741e-13   5452.83 1 
  5442.38 4.4505e-13   5455.58 1 
  5445.13 4.4042e-13   5458.33 1 
  5447.87 4.3538e-13   5461.08 1 
  5450.61 4.3143e-13   5463.83 1 
  5453.36 4.2866e-13   5466.58 1 
  5456.10 4.3259e-13   5469.33 1 
  5458.84 4.3484e-13   5472.08 1 
  5461.59 4.3678e-13   5474.83 1 
  5464.33 4.4059e-13   5477.58 1 
  5467.07 4.3923e-13   5480.33 1 
  5469.82 4.3473e-13   5483.08 1 
  5472.56 4.3020e-13   5485.83 1 
  5475.30 4.2532e-13   5488.58 1 
  5478.05 4.2777e-13   5491.33 1 
  5480.79 4.3447e-13   5494.08 1 
  5483.53 4.3298e-13   5496.83 1 
  5486.28 4.3389e-13   5499.58 1 
  5489.02 4.3664e-13   5502.33 1 
  5491.76 4.4329e-13   5505.08 1 
  5494.51 4.4355e-13   5507.83 1 
  5497.25 4.4030e-13   5510.58 1 
  5499.99 4.3665e-13   5513.33 1 
  5502.74 4.3245e-13   5516.08 1 
  5505.48 4.3318e-13   5518.83 1 
  5508.22 4.3102e-13   5521.58 1 
  5510.97 4.3212e-13   5524.33 1 
  5513.71 4.3503e-13   5527.08 1 
  5516.45 4.3948e-13   5529.83 1 
  5519.20 4.4483e-13   5532.58 1 
  5521.94 4.4319e-13   5535.33 1 
  5524.68 4.4508e-13   5538.08 1 
  5527.43 4.4245e-13   5540.83 1 
  5530.17 4.4053e-13   5543.58 1 
  5532.91 4.4475e-13   5546.33 1 
  5535.66 4.3112e-13   5549.08 1 
  5538.40 4.4239e-13   5551.83 1 
  5541.14 4.3779e-13   5554.58 1 
  5543.89 4.4634e-13   5557.33 1 
  5546.63 4.5242e-13   5560.08 1 
  5549.37 4.4751e-13   5562.83 1 
  5552.12 4.5180e-13   5565.58 1 
  5554.86 4.4937e-13   5568.33 1 
  5557.60 4.4079e-13   5571.08 1 
  5560.35 4.3647e-13   5573.83 1 
  5563.09 4.3605e-13   5576.58 1 
  5565.83 4.3680e-13   5579.33 1 
  5568.58 4.3600e-13   5582.08 1 
  5571.32 4.3878e-13   5584.83 1 
  5574.06 4.4208e-13   5587.58 1 
  5576.81 4.3362e-13   5590.33 1 
  5579.55 4.4439e-13   5593.08 1 
  5582.29 4.2947e-13   5595.83 1 
  5585.04 4.1450e-13   5598.58 1 
  5587.78 4.2193e-13   5601.33 1 
  5590.52 4.1891e-13   5604.08 1 
  5593.27 4.2803e-13   5606.83 1 
  5596.01 4.2965e-13   5609.58 1 
  5598.75 4.2428e-13   5612.33 1 
  5601.50 4.3163e-13   5615.08 1 
  5604.24 4.4107e-13   5617.83 1 
  5606.98 4.4804e-13   5620.58 1 
  5609.73 4.4681e-13   5623.33 1 
  5612.47 4.4321e-13   5626.08 1 
  5615.21 4.3712e-13   5628.83 1 
  5617.96 4.3034e-13   5631.58 1 
  5620.70 4.3078e-13   5634.33 1 
  5623.44 4.3204e-13   5637.08 1 
  5626.19 4.3428e-13   5639.83 1 
  5628.93 4.4369e-13   5642.58 1 
  5631.67 4.4124e-13   5645.33 1 
  5634.42 4.3635e-13   5648.08 1 
  5637.16 4.3581e-13   5650.83 1 
  5639.90 4.3574e-13   5653.58 1 
  5642.65 4.3872e-13   5656.33 1 
  5645.39 4.4253e-13   5659.08 1 
  5648.13 4.4678e-13   5661.83 1 
  5650.88 4.4123e-13   5664.58 1 
  5653.62 4.4033e-13   5667.33 1 
  5656.36 4.3294e-13   5670.08 1 
  5659.11 4.3005e-13   5672.83 1 
  5661.85 4.2919e-13   5675.58 1 
  5664.59 4.3964e-13   5678.33 1 
  5667.34 4.3746e-13   5681.08 1 
  5670.08 4.3926e-13   5683.83 1 
  5672.82 4.4294e-13   5686.58 1 
  5675.57 4.5383e-13   5689.33 1 
  5678.31 4.4818e-13   5692.08 1 
  5681.05 4.4003e-13   5694.83 1 
  5683.80 4.3949e-13   5697.58 1 
  5686.54 4.3683e-13   5700.33 1 
  5689.28 4.4330e-13   5703.08 1 
  5692.03 4.4851e-13   5705.83 1 
  5694.77 4.4087e-13   5708.58 1 
  5697.51 4.4136e-13   5711.33 1 
  5700.26 4.3710e-13   5714.08 1 
  5703.00 4.3218e-13   5716.83 1 
  5705.74 4.2338e-13   5719.58 1 
  5708.49 4.2642e-13   5722.33 1 
  5711.23 4.3025e-13   5725.08 1 
  5713.97 4.3762e-13   5727.83 1 
  5716.72 4.5096e-13   5730.58 1 
  5719.46 4.5564e-13   5733.33 1 
  5722.20 4.5762e-13   5736.08 1 
  5724.95 4.5531e-13   5738.83 1 
  5727.69 4.5586e-13   5741.58 1 
  5730.43 4.5062e-13   5744.33 1 
  5733.18 4.5049e-13   5747.08 1 
  5735.92 4.5628e-13   5749.83 1 
  5738.66 4.6510e-13   5752.58 1 
  5741.41 4.5150e-13   5755.33 1 
  5744.15 4.4980e-13   5758.08 1 
  5746.89 4.4626e-13   5760.83 1 
  5749.64 4.4536e-13   5763.58 1 
  5752.38 4.4043e-13   5766.33 1 
  5755.12 4.4952e-13   5769.08 1 
  5757.87 4.4332e-13   5771.83 1 
  5760.61 4.4089e-13   5774.58 1 
  5763.35 4.5032e-13   5777.33 1 
  5766.10 4.4569e-13   5780.08 1 
  5768.84 4.5572e-13   5782.83 1 
  5771.58 4.4504e-13   5785.58 1 
  5774.33 4.5231e-13   5788.33 1 
  5777.07 4.3596e-13   5791.08 1 
  5779.81 4.3467e-13   5793.83 1 
  5782.56 4.2480e-13   5796.58 1 
  5785.30 4.3150e-13   5799.33 1 
  5788.04 4.3433e-13   5802.08 1 
  5790.79 4.4243e-13   5804.83 1 
  5793.53 4.4795e-13   5807.58 1 
  5796.27 4.5137e-13   5810.33 1 
  5799.02 4.4685e-13   5813.08 1 
  5801.76 4.5766e-13   5815.83 1 
  5804.50 4.5164e-13   5818.58 1 
  5807.25 4.5058e-13   5821.33 1 
  5809.99 4.4858e-13   5824.08 1 
  5812.73 4.5627e-13   5826.83 1 
  5815.48 4.5238e-13   5829.58 1 
  5818.22 4.5206e-13   5832.33 1 
  5820.96 4.5550e-13   5835.08 1 
  5823.71 4.5442e-13   5837.83 1 
  5826.45 4.5861e-13   5840.58 1 
  5829.19 4.5954e-13   5843.33 1 
  5831.94 4.5663e-13   5846.08 1 
  5834.68 4.5115e-13   5848.83 1 
  5837.42 4.6090e-13   5851.58 1 
  5840.17 4.5258e-13   5854.33 1 
  5842.91 4.4954e-13   5857.08 1 
  5845.65 4.5444e-13   5859.83 1 
  5848.40 4.5040e-13   5862.58 1 
  5851.14 4.3803e-13   5865.33 1 
  5853.88 4.4140e-13   5868.08 1 
  5856.63 4.2964e-13   5870.83 1 
  5859.37 4.2751e-13   5873.58 1 
  5862.11 4.3735e-13   5876.33 1 
  5864.86 4.4063e-13   5879.08 1 
  5867.60 4.5168e-13   5881.83 1 
  5870.34 4.4252e-13   5884.58 1 
  5873.09 4.4871e-13   5887.33 1 
  5875.83 4.3885e-13   5890.08 1 
  5878.57 4.2129e-13   5892.83 1 
  5881.32 4.3093e-13   5895.58 1 
  5884.06 4.1450e-13   5898.33 1 
  5886.80 3.9291e-13   5901.08 1 
  5889.55 3.8065e-13   5903.83 1 
  5892.29 3.7841e-13   5906.58 1 
  5895.03 3.8861e-13   5909.33 1 
  5897.78 4.0319e-13   5912.08 1 
  5900.52 4.1535e-13   5914.83 1 
  5903.26 4.2685e-13   5917.58 1 
  5906.01 4.3789e-13   5920.33 1 
  5908.75 4.4064e-13   5923.08 1 
  5911.49 4.3185e-13   5925.83 1 
  5914.24 4.4018e-13   5928.58 1 
  5916.98 4.4231e-13   5931.33 1 
  5919.72 4.4335e-13   5934.08 1 
  5922.47 4.3893e-13   5936.83 1 
  5925.21 4.3384e-13   5939.58 1 
  5927.95 4.3632e-13   5942.33 1 
  5930.70 4.3875e-13   5945.08 1 
  5933.44 4.3671e-13   5947.83 1 
  5936.18 4.4093e-13   5950.58 1 
  5938.93 4.4321e-13   5953.33 1 
  5941.67 4.4356e-13   5956.08 1 
  5944.41 4.4150e-13   5958.83 1 
  5947.16 4.3946e-13   5961.58 1 
  5949.90 4.3810e-13   5964.33 1 
  5952.64 4.3971e-13   5967.08 1 
  5955.39 4.3856e-13   5969.83 1 
  5958.13 4.4285e-13   5972.58 1 
  5960.87 4.4553e-13   5975.33 1 
  5963.62 4.4575e-13   5978.08 1 
  5966.36 4.4442e-13   5980.83 1 
  5969.10 4.3897e-13   5983.58 1 
  5971.85 4.3948e-13   5986.33 1 
  5974.59 4.4032e-13   5989.08 1 
  5977.34 4.3743e-13   5991.83 1 
  5980.08 4.3356e-13   5994.58 1 
  5982.82 4.3382e-13   5997.33 1 
  5985.57 4.3354e-13   6000.08 1 
  5988.31 4.3617e-13   6002.83 1 
  5991.05 4.3923e-13   6005.58 1 
  5993.80 4.4172e-13   6008.33 1 
  5996.54 4.3899e-13   6011.08 1 
  5999.28 4.3779e-13   6013.83 1 
  6002.03 4.3532e-13   6016.58 1 
  6004.77 4.3245e-13   6019.33 1 
  6007.51 4.3450e-13   6022.08 1 
  6010.26 4.2616e-13   6024.83 1 
  6013.00 4.2380e-13   6027.58 1 
  6015.74 4.2829e-13   6030.33 1 
  6018.49 4.2686e-13   6033.08 1 
  6021.23 4.3195e-13   6035.83 1 
  6023.97 4.3275e-13   6038.58 1 
  6026.72 4.3641e-13   6041.33 1 
  6029.46 4.4134e-13   6044.08 1 
  6032.20 4.4348e-13   6046.83 1 
  6034.95 4.4672e-13   6049.58 1 
  6037.69 4.4686e-13   6052.33 1 
  6040.43 4.4993e-13   6055.08 1 
  6043.18 4.4685e-13   6057.83 1 
  6045.92 4.4689e-13   6060.58 1 
  6048.66 4.4786e-13   6063.33 1 
  6051.41 4.4929e-13   6066.08 1 
  6054.15 4.4557e-13   6068.83 1 
  6056.89 4.4728e-13   6071.58 1 
  6059.64 4.4235e-13   6074.33 1 
  6062.38 4.4072e-13   6077.08 1 
  6065.12 4.4120e-13   6079.83 1 
  6067.87 4.4546e-13   6082.58 1 
  6070.61 4.4747e-13   6085.33 1 
  6073.35 4.5242e-13   6088.08 1 
  6076.10 4.4250e-13   6090.83 1 
  6078.84 4.4133e-13   6093.58 1 
  6081.58 4.4478e-13   6096.33 1 
  6084.33 4.3750e-13   6099.08 1 
  6087.07 4.3682e-13   6101.83 1 
  6089.81 4.3527e-13   6104.58 1 
  6092.56 4.3564e-13   6107.33 1 
  6095.30 4.3988e-13   6110.08 1 
  6098.04 4.3823e-13   6112.83 1 
  6100.79 4.3546e-13   6115.58 1 
  6103.53 4.3271e-13   6118.33 1 
  6106.27 4.3537e-13   6121.08 1 
  6109.02 4.3783e-13   6123.83 1 
  6111.76 4.4462e-13   6126.58 1 
  6114.50 4.3858e-13   6129.33 1 
  6117.25 4.3784e-13   6132.08 1 
  6119.99 4.3363e-13   6134.83 1 
  6122.73 4.3357e-13   6137.58 1 
  6125.48 4.3903e-13   6140.33 1 
  6128.22 4.3362e-13   6143.08 1 
  6130.96 4.3143e-13   6145.83 1 
  6133.71 4.3128e-13   6148.58 1 
  6136.45 4.2021e-13   6151.33 1 
  6139.19 4.2275e-13   6154.08 1 
  6141.94 4.3372e-13   6156.83 1 
  6144.68 4.3615e-13   6159.58 1 
  6147.42 4.3182e-13   6162.33 1 
  6150.17 4.3217e-13   6165.08 1 
  6152.91 4.2813e-13   6167.83 1 
  6155.65 4.2404e-13   6170.58 1 
  6158.40 4.0706e-13   6173.33 1 
  6161.14 4.0873e-13   6176.08 1 
  6163.88 4.0400e-13   6178.83 1 
  6166.63 4.0871e-13   6181.58 1 
  6169.37 4.1711e-13   6184.33 1 
  6172.11 4.1717e-13   6187.08 1 
  6174.86 4.1789e-13   6189.83 1 
  6177.60 4.1698e-13   6192.58 1 
  6180.34 4.2620e-13   6195.33 1 
  6183.09 4.2465e-13   6198.08 1 
  6185.83 4.1672e-13   6200.83 1 
  6188.57 4.1420e-13   6203.58 1 
  6191.32 4.1640e-13   6206.33 1 
  6194.06 4.1862e-13   6209.08 1 
  6196.80 4.1917e-13   6211.83 1 
  6199.55 4.2483e-13   6214.58 1 
  6202.29 4.2857e-13   6217.33 1 
  6205.03 4.2623e-13   6220.08 1 
  6207.78 4.2470e-13   6222.83 1 
  6210.52 4.1119e-13   6225.58 1 
  6213.26 4.0876e-13   6228.33 1 
  6216.01 4.1158e-13   6231.08 1 
  6218.75 4.1344e-13   6233.83 1 
  6221.49 4.1126e-13   6236.58 1 
  6224.24 4.1070e-13   6239.33 1 
  6226.98 4.1301e-13   6242.08 1 
  6229.72 4.0982e-13   6244.83 1 
  6232.47 4.1043e-13   6247.58 1 
  6235.21 4.1470e-13   6250.33 1 
  6237.95 4.1723e-13   6253.08 1 
  6240.70 4.1010e-13   6255.83 1 
  6243.44 4.0373e-13   6258.58 1 
  6246.18 4.0550e-13   6261.33 1 
  6248.93 4.1227e-13   6264.08 1 
  6251.67 4.0804e-13   6266.83 1 
  6254.41 4.0134e-13   6269.58 1 
  6257.16 4.0748e-13   6272.33 1 
  6259.90 4.0424e-13   6275.08 1 
  6262.64 4.1758e-13   6277.83 1 
  6265.39 4.1614e-13   6280.58 1 
  6268.13 4.1447e-13   6283.33 1 
  6270.87 4.2457e-13   6286.08 1 
  6273.62 4.1375e-13   6288.83 1 
  6276.36 4.1182e-13   6291.58 1 
  6279.10 4.1078e-13   6294.33 1 
  6281.85 4.1335e-13   6297.08 1 
  6284.59 4.1635e-13   6299.83 1 
  6287.33 4.2300e-13   6302.58 1 
  6290.08 4.1701e-13   6305.33 1 
  6292.82 4.1821e-13   6308.08 1 
  6295.56 4.2274e-13   6310.83 1 
  6298.31 4.2684e-13   6313.58 1 
  6301.05 4.2726e-13   6316.33 1 
  6303.79 4.2630e-13   6319.08 1 
  6306.54 4.2254e-13   6321.83 1 
  6309.28 4.2163e-13   6324.58 1 
  6312.02 4.2019e-13   6327.33 1 
  6314.77 4.1380e-13   6330.08 1 
  6317.51 4.1435e-13   6332.83 1 
  6320.25 4.1336e-13   6335.58 1 
  6323.00 4.2075e-13   6338.33 1 
  6325.74 4.3030e-13   6341.08 1 
  6328.48 4.1981e-13   6343.83 1 
  6331.23 4.2014e-13   6346.58 1 
  6333.97 4.0897e-13   6349.33 1 
  6336.71 4.3405e-13   6352.08 1 
  6339.46 4.1854e-13   6354.83 1 
  6342.20 4.2651e-13   6357.58 1 
  6344.94 4.2541e-13   6360.33 1 
  6347.69 4.2629e-13   6363.08 1 
  6350.43 4.2605e-13   6365.83 1 
  6353.17 4.1904e-13   6368.58 1 
  6355.92 4.2642e-13   6371.33 1 
  6358.66 4.1818e-13   6374.08 1 
  6361.40 4.1474e-13   6376.83 1 
  6364.15 4.2238e-13   6379.58 1 
  6366.89 4.2638e-13   6382.33 1 
  6369.63 4.3641e-13   6385.08 1 
  6372.38 4.3190e-13   6387.83 1 
  6375.12 4.2839e-13   6390.58 1 
  6377.86 4.3152e-13   6393.33 1 
  6380.61 4.2703e-13   6396.08 1 
  6383.35 4.2718e-13   6398.83 1 
  6386.09 4.2999e-13   6401.58 1 
  6388.84 4.3371e-13   6404.33 1 
  6391.58 4.3162e-13   6407.08 1 
  6394.32 4.1969e-13   6409.83 1 
  6397.07 4.2376e-13   6412.58 1 
  6399.81 4.2535e-13   6415.33 1 
  6402.55 4.2515e-13   6418.08 1 
  6405.30 4.2443e-13   6420.83 1 
  6408.04 4.2357e-13   6423.58 1 
  6410.78 4.1923e-13   6426.33 1 
  6413.53 4.1825e-13   6429.08 1 
  6416.27 4.2909e-13   6431.83 1 
  6419.01 4.3106e-13   6434.58 1 
  6421.76 4.2828e-13   6437.33 1 
  6424.50 4.3166e-13   6440.08 1 
  6427.24 4.2611e-13   6442.83 1 
  6429.99 4.2634e-13   6445.58 1 
  6432.73 4.2184e-13   6448.33 1 
  6435.47 4.2202e-13   6451.08 1 
  6438.22 4.3254e-13   6453.83 1 
  6440.96 4.3091e-13   6456.58 1 
  6443.70 4.2514e-13   6459.33 1 
  6446.45 4.2648e-13   6462.08 1 
  6449.19 4.2118e-13   6464.83 1 
  6451.93 4.2321e-13   6467.58 1 
  6454.68 4.2265e-13   6470.33 1 
  6457.42 4.2674e-13   6473.08 1 
  6460.16 4.2503e-13   6475.83 1 
  6462.91 4.2478e-13   6478.58 1 
  6465.65 4.2937e-13   6481.33 1 
  6468.39 4.2843e-13   6484.08 1 
  6471.14 4.3417e-13   6486.83 1 
  6473.88 4.3187e-13   6489.58 1 
  6476.62 4.3011e-13   6492.33 1 
  6479.37 4.3940e-13   6495.08 1 
  6482.11 4.3488e-13   6497.83 1 
  6484.85 4.2820e-13   6500.58 1 
  6487.60 4.2467e-13   6503.33 1 
  6490.34 4.1663e-13   6506.08 1 
  6493.08 4.0575e-13   6508.83 1 
  6495.83 4.0340e-13   6511.58 1 
  6498.57 4.0569e-13   6514.33 1 
  6501.31 4.1471e-13   6517.08 1 
  6504.06 4.2736e-13   6519.83 1 
  6506.80 4.3323e-13   6522.58 1 
  6509.54 4.3093e-13   6525.33 1 
  6512.29 4.2566e-13   6528.08 1 
  6515.03 4.2768e-13   6530.83 1 
  6517.77 4.3247e-13   6533.58 1 
  6520.52 4.3551e-13   6536.33 1 
  6523.26 4.3657e-13   6539.08 1 
  6526.00 4.3411e-13   6541.83 1 
  6528.75 4.2865e-13   6544.58 1 
  6531.49 4.2807e-13   6547.33 1 
  6534.23 4.2927e-13   6550.08 1 
  6536.98 4.3094e-13   6552.83 1 
  6539.72 4.3751e-13   6555.58 1 
  6542.46 4.5552e-13   6558.33 1 
  6545.21 4.7288e-13   6561.08 1 
  6547.95 4.7203e-13   6563.83 1 
  6550.69 4.5714e-13   6566.58 1 
  6553.44 4.5178e-13   6569.33 1 
  6556.18 4.8847e-13   6572.08 1 
  6558.92 6.0018e-13   6574.83 1 
  6561.67 6.8982e-13   6577.58 1 
  6564.41 6.6635e-13   6580.33 1 
  6567.15 5.4382e-13   6583.08 1 
  6569.90 4.5111e-13   6585.83 1 
  6572.64 4.1819e-13   6588.58 1 
  6575.38 4.4115e-13   6591.33 1 
  6578.13 4.9115e-13   6594.08 1 
  6580.87 5.5783e-13   6596.83 1 
  6583.61 5.7799e-13   6599.58 1 
  6586.36 5.3219e-13   6602.33 1 
  6589.10 4.6410e-13   6605.08 1 
  6591.84 4.2899e-13   6607.83 1 
  6594.59 4.1795e-13   6610.58 1 
  6597.33 4.2305e-13   6613.33 1 
  6600.07 4.2394e-13   6616.08 1 
  6602.82 4.2640e-13   6618.83 1 
  6605.56 4.1968e-13   6621.58 1 
  6608.30 4.1815e-13   6624.33 1 
  6611.05 4.2707e-13   6627.08 1 
  6613.79 4.2468e-13   6629.83 1 
  6616.53 4.3267e-13   6632.58 1 
  6619.28 4.2801e-13   6635.33 1 
  6622.02 4.2265e-13   6638.08 1 
  6624.77 4.2824e-13   6640.83 1 
  6627.51 4.2011e-13   6643.58 1 
  6630.25 4.1302e-13   6646.33 1 
  6633.00 4.2109e-13   6649.08 1 
  6635.74 4.1892e-13   6651.83 1 
  6638.48 4.2049e-13   6654.58 1 
  6641.23 4.2145e-13   6657.33 1 
  6643.97 4.2483e-13   6660.08 1 
  6646.71 4.2004e-13   6662.83 1 
  6649.46 4.2587e-13   6665.58 1 
  6652.20 4.2733e-13   6668.33 1 
  6654.94 4.2007e-13   6671.08 1 
  6657.69 4.1792e-13   6673.83 1 
  6660.43 4.1523e-13   6676.58 1 
  6663.17 4.1516e-13   6679.33 1 
  6665.92 4.1861e-13   6682.08 1 
  6668.66 4.1744e-13   6684.83 1 
  6671.40 4.1439e-13   6687.58 1 
  6674.15 4.1724e-13   6690.33 1 
  6676.89 4.2362e-13   6693.08 1 
  6679.63 4.2170e-13   6695.83 1 
  6682.38 4.1563e-13   6698.58 1 
  6685.12 4.1411e-13   6701.33 1 
  6687.86 4.1746e-13   6704.08 1 
  6690.61 4.2322e-13   6706.83 1 
  6693.35 4.1925e-13   6709.58 1 
  6696.09 4.1362e-13   6712.33 1 
  6698.84 4.1507e-13   6715.08 1 
  6701.58 4.1783e-13   6717.83 1 
  6704.32 4.1340e-13   6720.58 1 
  6707.07 4.1983e-13   6723.33 1 
  6709.81 4.3385e-13   6726.08 1 
  6712.55 4.5641e-13   6728.83 1 
  6715.30 4.7006e-13   6731.58 1 
  6718.04 4.5888e-13   6734.33 1 
  6720.78 4.4162e-13   6737.08 1 
  6723.53 4.3684e-13   6739.83 1 
  6726.27 4.4891e-13   6742.58 1 
  6729.01 4.5722e-13   6745.33 1 
  6731.76 4.5473e-13   6748.08 1 
  6734.50 4.2991e-13   6750.83 1 
  6737.24 4.1926e-13   6753.58 1 
  6739.99 4.0431e-13   6756.33 1 
  6742.73 4.0812e-13   6759.08 1 
  6745.47 4.0454e-13   6761.83 1 
  6748.22 4.0393e-13   6764.58 1 
  6750.96 4.0336e-13   6767.33 1 
  6753.70 4.0315e-13   6770.08 1 
  6756.45 4.0949e-13   6772.83 1 
  6759.19 4.0855e-13   6775.58 1 
  6761.93 4.1363e-13   6778.33 1 
  6764.68 4.0702e-13   6781.08 1 
  6767.42 4.0103e-13   6783.83 1 
  6770.16 4.0648e-13   6786.58 1 
  6772.91 4.1254e-13   6789.33 1 
  6775.65 4.1419e-13   6792.08 1 
  6778.39 4.1456e-13   6794.83 1 
  6781.14 4.0725e-13   6797.58 1 
  6783.88 4.0512e-13   6800.33 1 
  6786.62 4.0798e-13   6803.08 1 
  6789.37 4.0679e-13   6805.83 1 
  6792.11 4.0508e-13   6808.58 1 
  6794.85 4.0046e-13   6811.33 1 
  6797.60 3.9922e-13   6814.08 1 
  6800.34 4.0090e-13   6816.83 1 
  6803.08 4.0183e-13   6819.58 1 
  6805.83 4.0859e-13   6822.33 1 
  6808.57 4.1376e-13   6825.08 1 
  6811.31 4.0676e-13   6827.83 1 
  6822.57 4.1288e-13   6839.12 0 
  6838.30 4.1864e-13   6854.88 0 
  6854.06 4.1769e-13   6870.68 0 
  6869.86 3.9982e-13   6886.52 0 
  6885.70 4.0821e-13   6902.40 0 
  6901.57 4.1011e-13   6918.31 0 
  6917.48 4.1202e-13   6934.26 0 
  6933.43 4.0544e-13   6950.24 0 
  6949.41 4.1874e-13   6966.26 0 
  6965.43 4.1683e-13   6982.33 0 
  6981.49 4.1589e-13   6998.42 0 
  6997.58 4.1590e-13   7014.55 0 
  7013.71 4.0739e-13   7030.72 0 
  7029.88 4.0740e-13   7046.93 0 
  7046.09 4.0930e-13   7063.18 0 
  7062.33 4.0556e-13   7079.46 0 
  7078.61 4.0839e-13   7095.78 0 
  7094.93 3.9454e-13   7112.14 0 
  7111.28 3.9546e-13   7128.53 0 
  7127.68 3.9005e-13   7144.96 0 
  7144.11 3.9096e-13   7161.43 0 
  7160.58 3.9098e-13   7177.94 0 
  7177.09 3.8830e-13   7194.49 0 
  7193.63 3.5742e-13   7211.08 0 
  7210.21 3.7601e-13   7227.70 0 
  7226.83 3.9647e-13   7244.36 0 
  7243.50 3.9105e-13   7261.06 0 
  7260.19 3.8304e-13   7277.80 0 
  7276.93 4.0575e-13   7294.57 0 
  7293.70 3.9653e-13   7311.39 0 
  7310.52 4.0114e-13   7328.25 0 
  7327.37 4.0767e-13   7345.14 0 
  7344.26 4.2201e-13   7362.07 0 
  7361.19 4.0676e-13   7379.04 0 
  7378.16 4.2302e-13   7396.05 0 
  7395.17 4.0121e-13   7413.10 0 
  7412.22 4.2696e-13   7430.19 0 
  7429.30 4.0683e-13   7447.32 0 
  7446.43 4.2211e-13   7464.49 0 
  7463.60 4.2603e-13   7481.70 0 
  7480.80 4.1827e-13   7498.94 0 
  7498.04 4.2022e-13   7516.23 0 
  7515.33 4.2510e-13   7533.56 0 
  7532.66 4.2219e-13   7550.92 0 
  7550.02 4.3304e-13   7568.33 0 
  7567.43 4.2125e-13   7585.78 0 
  7584.87 4.2321e-13   7603.26 0 
  7602.35 4.1742e-13   7620.79 0 
  7619.88 4.0982e-13   7638.36 0 
  7637.45 4.1458e-13   7655.97 0 
  7655.05 4.0703e-13   7673.61 0 
  7672.70 3.8075e-13   7691.30 0 
  7690.39 3.9963e-13   7709.04 0 
  7708.11 3.7383e-13   7726.81 0 
  7725.88 3.9147e-13   7744.62 0 
  7743.69 3.9876e-13   7762.47 0 
  7761.54 3.9150e-13   7780.37 0 
  7779.44 3.8792e-13   7798.30 0 
  7797.37 3.8527e-13   7816.28 0 
  7815.35 3.9154e-13   7834.30 0 
  7833.36 4.0160e-13   7852.36 0 
  7851.42 3.9977e-13   7870.46 0 
  7869.52 4.0164e-13   7888.60 0 
  7887.66 3.9432e-13   7906.79 0 
  7905.84 3.8714e-13   7925.01 0 
  7924.07 3.8009e-13   7943.28 0 
  7942.33 3.8362e-13   7961.59 0 
  7960.64 3.9077e-13   7979.95 0 
  7979.00 3.8989e-13   7998.34 0 
  7997.39 3.9260e-13   8016.78 0 
  8015.82 3.9172e-13   8035.26 0 
  8034.30 3.7410e-13   8053.78 0 
  8052.82 3.9085e-13   8072.35 0 
  8071.39 4.0182e-13   8090.96 0 
  8089.99 3.8730e-13   8109.61 0 
  8108.64 3.9000e-13   8128.31 0 
  8127.33 3.9272e-13   8147.04 0 
  8146.07 3.9728e-13   8165.82 0 
  8164.85 3.9366e-13   8184.65 0 
  8183.67 3.9186e-13   8203.52 0 
  8202.53 3.6572e-13   8222.43 0 
  8221.44 3.9100e-13   8241.38 0 
  8240.40 3.5579e-13   8260.38 0 
  8259.39 4.0758e-13   8279.42 0 
  8278.43 4.0759e-13   8298.51 0 
  8297.52 3.7346e-13   8317.64 0 
  8316.64 3.8218e-13   8336.81 0 
  8335.81 3.7435e-13   8356.03 0 
  8355.03 3.8133e-13   8375.29 0 
  8374.29 3.8222e-13   8394.60 0 
  8393.60 3.7440e-13   8413.95 0 
  8412.95 3.9116e-13   8433.35 0 
  8432.34 3.8227e-13   8452.79 0 
  8451.78 3.7531e-13   8472.27 0 
  8471.26 3.8231e-13   8491.80 0 
  8490.79 3.7535e-13   8511.38 0 
  8510.36 3.4710e-13   8531.00 0 
  8529.98 3.7451e-13   8550.67 0 
  8549.65 2.5089e-13   8570.38 0 
  8569.36 3.7541e-13   8590.14 0 
  8589.11 3.7716e-13   8609.94 0 
  8608.91 3.7115e-13   8629.79 0 
  8628.75 3.7633e-13   8649.68 0 
  8648.65 3.8070e-13   8669.62 0 
  8668.58 3.0804e-13   8689.60 0 
  8688.57 3.6109e-13   8709.64 0 
  8708.59 3.6278e-13   8729.71 0 
  8728.67 3.7989e-13   8749.84 0 
  8748.79 3.7729e-13   8770.01 0 
  8768.96 3.8168e-13   8790.23 0 
  8789.17 3.8082e-13   8810.49 0 
  8809.44 3.8259e-13   8830.80 0 
  8829.74 3.7910e-13   8851.16 0 
  8850.10 3.7306e-13   8871.56 0 
  8870.50 3.4103e-13   8892.01 0 
  8890.95 3.5630e-13   8912.51 0 
  8911.44 3.6462e-13   8933.05 0 
  8931.99 3.6379e-13   8953.65 0 
  8952.58 3.5471e-13   8974.29 0 
  8973.22 3.3876e-13   8994.98 0 
  8993.90 3.5803e-13   9015.71 0 
  9014.64 3.4989e-13   9036.50 0 
  9035.42 3.4037e-13   9057.33 0 
  9056.24 3.8368e-13   9078.20 0 
  9077.12 3.6897e-13   9099.13 0 
  9098.05 3.2286e-13   9120.11 0 
  9119.02 3.6227e-13   9141.13 0 
  9140.04 3.3655e-13   9162.20 0 
  9161.11 3.4047e-13   9183.33 0 
  9182.23 3.2591e-13   9204.50 0 
  9203.39 3.4923e-13   9225.71 0 
  9224.61 3.3973e-13   9246.98 0 
  9245.88 3.4606e-13   9268.30 0 
  9267.19 3.4449e-13   9289.66 0 
  9288.56 3.2976e-13   9311.08 0 
  9309.97 3.1785e-13   9332.54 0 
  9331.43 3.6244e-13   9354.06 0 
  9352.94 3.6163e-13   9375.62 0 
  9374.50 3.5586e-13   9397.23 0 
  9396.11 3.6083e-13   9418.90 0 
  9417.77 3.5344e-13   9440.61 0 
  9439.48 3.6253e-13   9462.37 0 
  9461.24 3.6506e-13   9484.18 0 
  9483.05 3.6508e-13   9506.05 0 
  9504.91 3.5761e-13   9527.96 0 
  9526.82 3.5927e-13   9549.93 0 
  9548.78 3.4950e-13   9571.94 0 
  9570.80 3.5684e-13   9594.01 0 
  9592.86 3.6349e-13   9616.12 0 
  9614.97 3.5934e-13   9638.29 0 
  9637.14 3.6019e-13   9660.51 0 
  9659.36 3.5608e-13   9682.78 0 
  9681.62 3.5940e-13   9705.10 0 
  9703.94 3.5448e-13   9727.47 0 
  9726.31 3.5125e-13   9749.90 0 
  9748.73 3.4965e-13   9772.37 0 
  9771.20 3.5129e-13   9794.90 0 
  9793.73 3.4648e-13   9817.48 0 
  9816.31 3.5376e-13   9840.11 0 
  9838.93 3.5134e-13   9862.79 0 
  9861.61 3.4974e-13   9885.53 0 
  9884.35 3.4976e-13   9908.32 0 
  9907.14 3.4657e-13   9931.16 0 
  9929.97 3.4899e-13   9954.05 0 
  9952.87 3.4981e-13   9977.00 0 
  9975.81 3.4983e-13  10000.00 0 
  9998.80 3.4824e-13  10023.05 0 
 10021.85 3.4826e-13  10046.15 0 
 10068.12 3.4272e-13  10092.53 0 
 10114.59 3.4833e-13  10139.12 0 
 10184.69 3.4440e-13  10209.39 0 
 10231.71 3.4602e-13  10256.52 0 
 10278.93 3.4606e-13  10303.86 0 
 10302.63 3.4448e-13  10327.61 0 
 10494.17 3.3447e-13  10519.62 0 
 10689.28 3.2102e-13  10715.20 0 
 10888.00 3.1012e-13  10914.41 0 
 11090.42 2.9684e-13  11117.32 0 
 11296.61 2.9142e-13  11324.00 0 
 11506.62 2.8942e-13  11534.53 0 
 11693.59 2.8153e-13  11721.95 0 
 11911.00 2.7197e-13  11939.88 0 
 12104.54 2.6639e-13  12133.89 0 
 12301.22 2.6214e-13  12331.05 0 
 12501.10 2.5499e-13  12531.41 0 
 12704.22 2.4919e-13  12735.03 0 
 12910.65 2.4352e-13  12941.96 0 
 13090.26 2.3907e-13  13122.00 0 
 13302.95 2.3202e-13  13335.21 0 
 13488.02 2.2726e-13  13520.73 0 
 13707.18 2.2311e-13  13740.42 0 
 13897.87 2.1504e-13  13931.57 0 
 14091.21 2.0584e-13  14125.38 0 
 14287.24 2.0255e-13  14321.88 0 
 14485.99 2.0348e-13  14521.12 0 
 14687.52 1.9657e-13  14723.13 0 
 14891.82 1.9839e-13  14927.94 0 
 15098.99 1.9885e-13  15135.61 0 
 15309.04 2.0162e-13  15346.17 0 
 15486.31 1.9977e-13  15523.87 0 
 15701.75 1.9612e-13  15739.83 0 
 15883.58 1.8946e-13  15922.09 0 
 16104.54 1.8990e-13  16143.59 0 
 16291.01 1.8816e-13  16330.51 0 
 16517.64 1.8558e-13  16557.70 0 
 16708.91 1.8345e-13  16749.43 0 
 16902.39 1.8010e-13  16943.38 0 
 17098.12 1.7641e-13  17139.58 0 
 17296.09 1.6925e-13  17338.03 0 
 17496.37 1.6426e-13  17538.80 0 
 17698.98 1.5759e-13  17741.90 0 
 17903.93 1.5154e-13  17947.34 0 
 18111.23 1.4439e-13  18155.15 0 
 18320.95 1.4045e-13  18365.38 0 
 18490.48 1.3537e-13  18535.32 0 
 18704.58 1.2928e-13  18749.94 0 
 18921.17 1.2576e-13  18967.05 0 
 19096.25 1.2346e-13  19142.56 0 
 19317.38 1.1954e-13  19364.23 0 
 19496.11 1.1469e-13  19543.39 0 
 19721.87 1.1105e-13  19769.70 0 
 19904.36 1.0753e-13  19952.63 0 
 20088.52 1.0557e-13  20137.24 0 
 20321.14 1.0175e-13  20370.42 0 
 20509.18 1.0012e-13  20558.92 0 
 20698.94 9.7617e-14  20749.13 0 
 20890.47 9.5176e-14  20941.13 0 
 21083.75 9.3439e-14  21134.88 0 
 21278.85 9.1102e-14  21330.45 0 
 21475.75 8.9233e-14  21527.83 0 
 21724.41 8.6204e-14  21777.09 0 
 21875.01 8.4630e-14  21928.05 0 
 22077.40 8.2135e-14  22130.94 0 
 22281.69 7.9896e-14  22335.72 0 
 22487.87 7.7898e-14  22542.40 0 
 22695.93 7.5775e-14  22750.97 0 
 22905.94 6.8003e-14  22961.49 0 
 23117.87 6.7379e-14  23173.93 0 
 23278.13 5.8956e-14  23334.58 0 
 23493.53 5.5530e-14  23550.50 0 
 23710.90 5.6302e-14  23768.40 0 
 23875.27 5.1704e-14  23933.17 0 
 24096.17 5.0064e-14  24154.60 0 
 24319.14 4.9491e-14  24378.11 0 
 24487.70 4.6081e-14  24547.08 0 
 24714.29 4.5449e-14  24774.22 0 
 24885.59 3.8595e-14  24945.94 0 
 25115.87 3.8065e-14  25176.77 0 
 25289.95 3.8417e-14  25351.28 0 
 25523.96 3.8153e-14  25585.86 0 
 25700.87 3.8773e-14  25763.20 0 
 25879.04 3.8065e-14  25941.79 0 
 26118.51 3.7890e-14  26181.84 0 
 26299.54 3.6858e-14  26363.31 0 
 26481.82 3.6436e-14  26546.04 0 
 26726.87 3.5688e-14  26791.68 0 
 26912.15 3.5199e-14  26977.41 0 
 27098.68 3.4636e-14  27164.39 0 
 27286.50 3.3847e-14  27352.67 0 
 27475.66 3.3306e-14  27542.29 0 
 27729.87 3.2548e-14  27797.12 0 
 27922.10 3.2102e-14  27989.81 0 
 28115.64 3.1443e-14  28183.82 0 
 28310.54 3.0940e-14  28379.20 0 
 28506.77 3.0306e-14  28575.90 0 
 28704.38 2.9684e-14  28773.99 0 
 28903.34 2.9142e-14  28973.43 0 
 29103.70 2.8611e-14  29174.28 0 
 29305.43 2.8024e-14  29376.49 0 
 29508.58 2.7449e-14  29580.14 0 
 29713.11 2.7010e-14  29785.16 0 
 29919.09 2.6456e-14  29991.64 0 
 30126.46 2.5973e-14  30199.52 0 
 30265.51 2.5499e-14  30338.90 0 
 30475.32 2.5149e-14  30549.22 0 
 30686.55 2.4804e-14  30760.96 0 
 30899.27 2.4352e-14  30974.21 0 
 31113.44 2.4017e-14  31188.89 0 
 31329.13 2.3688e-14  31405.10 0 
 31473.73 2.3309e-14  31550.05 0 
 31691.88 2.2936e-14  31768.73 0 
 31911.57 2.2622e-14  31988.96 0 
 32132.76 2.2363e-14  32210.68 0 
 32281.10 2.2158e-14  32359.38 0 
 32504.85 2.2107e-14  32583.67 0 
 32730.15 2.2518e-14  32809.52 0 
 32881.24 2.4240e-14  32960.98 0 
 33109.15 2.3907e-14  33189.44 0 
 33261.96 2.1455e-14  33342.62 0 
 33492.54 2.0395e-14  33573.76 0 
 33724.69 1.9748e-14  33806.47 0 
 33880.38 1.9254e-14  33962.54 0 
 34115.21 1.8816e-14  34197.94 0 
 34272.67 1.8515e-14  34355.78 0 
 34510.25 1.8135e-14  34593.94 0 
 34669.53 1.7804e-14  34753.61 0 
 34909.87 1.7479e-14  34994.53 0 
 35071.00 1.7160e-14  35156.04 0 
 35314.08 1.6847e-14  35399.71 0 
 35477.11 1.6540e-14  35563.14 0 
 35723.01 1.6238e-14  35809.64 0 
 35887.92 1.5941e-14  35974.95 0 
 36136.67 1.5686e-14  36224.30 0 
 36303.46 1.5400e-14  36391.49 0 
 36471.05 1.5084e-14  36559.50 0 
 36723.84 1.4809e-14  36812.89 0 
 36893.34 1.4505e-14  36982.80 0 
 37063.66 1.4241e-14  37153.54 0 
 37320.55 1.4013e-14  37411.05 0 
 37492.80 1.3694e-14  37583.72 0 
 37665.89 1.3537e-14  37757.23 0 
 37926.96 1.3290e-14  38018.93 0 
 38102.01 1.3047e-14  38194.41 0 
 38277.91 1.2839e-14  38370.73 0 
 38543.22 1.2634e-14  38636.69 0 
 38721.16 1.2374e-14  38815.06 0 
 38899.87 1.2177e-14  38994.21 0 
 39079.42 1.1954e-14  39174.18 0 
 39259.78 1.1763e-14  39354.99 0 
 39531.94 1.1522e-14  39627.81 0 
 39714.40 1.1338e-14  39810.71 0 
 39897.74 1.1105e-14  39994.50 0 
 40081.89 1.0928e-14  40179.09 0 
 40266.89 1.0778e-14  40364.54 0 
 40546.03 1.0557e-14  40644.35 0 
 40733.17 1.0388e-14  40831.95 0 
 40921.17 1.0245e-14  41020.40 0 
 41110.04 1.0082e-14  41209.73 0 
 41299.82 9.9203e-15  41399.98 0 
 41490.44 9.7617e-15  41591.06 0 
 41681.94 9.6056e-15  41783.02 0 
 41874.37 9.4520e-15  41975.91 0 
 42067.63 9.2795e-15  42169.65 0 
 42261.80 9.1733e-15  42364.28 0 
 42456.90 9.0266e-15  42559.86 0 
 42652.86 8.9028e-15  42756.29 0 
 42948.49 8.5808e-15  43052.64 0 
 43146.77 8.2514e-15  43251.40 0 
 43345.91 8.2135e-15  43451.02 0 
 43545.97 7.9346e-15  43651.57 0 
 43747.00 7.7719e-15  43853.09 0 
 43948.92 7.6476e-15  44055.49 0 
 44050.22 7.4050e-15  44157.04 0 
 44253.53 7.3034e-15  44360.85 0 
 44457.83 7.2032e-15  44565.64 0 
 44663.02 7.0231e-15  44771.33 0 
 44869.16 6.9908e-15  44977.97 0 
 45076.31 6.8632e-15  45185.62 0 
 45284.35 6.7379e-15  45394.17 0 
 45493.36 6.6915e-15  45603.68 0 
 45703.33 6.5997e-15  45814.16 0 
 45914.33 6.4495e-15  46025.67 0 
 46126.24 6.4347e-15  46238.10 0 
 46339.14 6.3318e-15  46451.51 0 
 46553.06 6.2593e-15  46665.95 0 
 46660.37 6.2162e-15  46773.52 0 
 46875.73 6.1309e-15  46989.40 0 
 47092.08 6.0468e-15  47206.28 0 
 47309.49 6.0329e-15  47424.21 0 
 47527.84 5.9364e-15  47643.10 0 
 47747.21 5.8685e-15  47862.99 0 
 47857.32 5.8147e-15  47973.37 0 
 48078.20 5.7217e-15  48194.79 0 
 48300.10 5.7217e-15  48417.23 0 
 48523.03 5.6302e-15  48640.70 0 
 48747.04 5.5530e-15  48865.25 0 
 48859.40 5.4894e-15  48977.89 0 
 49084.91 5.4266e-15  49203.95 0 
 49311.46 5.3892e-15  49431.04 0 
 49539.11 5.3153e-15  49659.24 0 
 49653.30 5.2909e-15  49773.71 0 
 49882.48 5.2192e-15  50003.44 0 
 50112.76 5.2321e-15  50234.29 0 
 50344.05 5.2446e-15  50466.14 0 
 50460.10 5.2026e-15  50582.46 0 
 50693.00 5.2264e-15  50815.93 0 
 50809.85 5.2322e-15  50933.06 0 
 50927.03 5.2379e-15  51050.52 0 
 51044.41 5.2434e-15  51168.20 0 
 51162.08 5.2369e-15  51286.14 0 
 51280.01 5.2422e-15  51404.36 0 
 51398.21 5.2475e-15  51522.85 0 
 51516.69 5.2407e-15  51641.62 0 
 51635.49 5.2579e-15  51760.71 0 
 51754.52 5.2750e-15  51880.02 0 
 51873.82 5.2678e-15  51999.61 0 
 51993.39 5.2605e-15  52119.47 0 
 52113.23 5.2774e-15  52239.61 0 
 52233.36 5.2699e-15  52360.03 0 
 52353.76 5.2745e-15  52480.72 0 
 52474.50 5.2789e-15  52601.75 0 
 52595.46 5.3077e-15  52723.00 0 
 52716.69 5.3243e-15  52844.53 0 
 52838.21 5.3163e-15  52966.34 0 
 52960.01 5.3082e-15  53088.43 0 
 53082.08 5.3123e-15  53210.80 0 
 53204.50 5.3162e-15  53333.52 0 
 53327.14 5.3324e-15  53456.46 0 
 53450.06 5.3485e-15  53579.68 0 
 53573.27 5.3522e-15  53703.18 0 
 53696.76 5.3683e-15  53826.97 0 
 53820.53 5.3718e-15  53951.05 0 
 53944.59 5.3877e-15  54075.41 0 
 54069.00 5.4036e-15  54200.11 0 
 54193.63 5.4070e-15  54325.05 0 
 54318.55 5.3978e-15  54450.27 0 
 54443.76 5.4134e-15  54575.79 0 
 54569.26 5.4416e-15  54701.59 0 
 54695.04 5.4446e-15  54827.68 0 
 54821.12 5.4476e-15  54954.06 0 
 54947.55 5.4631e-15  55080.79 0 
 55074.20 5.4785e-15  55207.76 0 
 55201.15 5.4939e-15  55335.02 0 
 55328.40 5.5347e-15  55462.57 0 
 55455.93 5.5373e-15  55590.41 0 
 55583.76 5.5398e-15  55718.55 0 
 55711.95 5.5807e-15  55847.05 0 
 55840.36 5.5960e-15  55975.78 0 
 55969.08 5.6113e-15  56104.81 0 
 56098.09 5.6395e-15  56234.13 0 
 56227.41 5.6547e-15  56363.76 0 
 56357.01 5.6699e-15  56493.68 0 
 56486.92 5.7112e-15  56623.90 0 
 56617.19 5.7396e-15  56754.48 0 
 56747.70 5.7681e-15  56885.31 0 
 56878.50 5.7966e-15  57016.43 0 
 57009.61 5.8252e-15  57147.86 0 
 57141.02 5.8808e-15  57279.59 0 
 57272.73 5.9233e-15  57411.62 0 
 57404.82 5.9523e-15  57544.02 0 
 57537.14 5.9951e-15  57676.67 0 
 57669.77 6.0521e-15  57809.62 0 
 57802.70 6.0955e-15  57942.87 0 
 57935.94 6.1675e-15  58076.43 0 
 58069.49 6.2258e-15  58210.30 0 
 58203.34 6.2847e-15  58344.48 0 
 58337.57 6.3587e-15  58479.04 0 
 58472.04 6.4335e-15  58613.83 0 
 58606.82 6.5090e-15  58748.94 0 
 58741.91 6.6006e-15  58884.36 0 
 58877.32 6.6934e-15  59020.09 0 
 59101.63 6.6871e-15  59244.95 3 
 59410.74 7.3506e-15  59554.81 3 
 59719.84 7.7510e-15  59864.66 3 
 60028.94 8.5568e-15  60174.51 3 
 60338.05 9.0135e-15  60484.37 3 
 60647.15 9.1876e-15  60794.22 3 
 60956.25 9.5171e-15  61104.07 3 
 61265.37 1.0581e-14  61413.93 3 
 61574.46 1.2918e-14  61723.78 3 
 61883.56 1.5569e-14  62033.63 3 
 62192.67 1.5789e-14  62343.49 3 
 62501.77 1.4247e-14  62653.34 3 
 62810.88 1.2659e-14  62963.19 3 
 63119.98 1.0674e-14  63273.05 3 
 63429.09 1.0365e-14  63582.90 3 
 63738.20 9.4328e-15  63892.76 3 
 64047.29 8.5046e-15  64202.61 3 
 64356.39 8.2543e-15  64512.46 3 
 64665.51 7.5103e-15  64822.32 3 
 64974.60 7.0782e-15  65132.17 3 
 65283.71 7.2074e-15  65442.02 3 
 65592.82 7.1933e-15  65751.88 3 
 65901.91 6.5357e-15  66061.73 3 
 66211.02 6.6081e-15  66371.58 3 
 66520.13 6.2408e-15  66681.45 3 
 66829.23 6.0750e-15  66991.29 3 
 67138.33 6.2410e-15  67301.14 3 
 67447.44 6.6689e-15  67611.00 3 
 67756.54 6.8301e-15  67920.85 3 
 68065.65 6.9790e-15  68230.71 3 
 68374.75 6.7610e-15  68540.56 3 
 68683.86 7.0392e-15  68850.41 3 
 68992.97 7.7678e-15  69160.27 3 
 69302.06 7.7591e-15  69470.12 3 
 69611.17 7.7725e-15  69779.98 3 
 69920.27 7.6761e-15  70089.83 3 
 70229.37 7.3892e-15  70399.68 3 
 70538.48 7.3520e-15  70709.54 3 
 70847.59 7.6274e-15  71019.39 3 
 71156.69 7.2757e-15  71329.24 3 
 71465.80 7.8544e-15  71639.10 3 
 71774.89 8.3029e-15  71948.95 3 
 72084.01 7.9226e-15  72258.81 3 
 72393.10 8.1572e-15  72568.66 3 
 72702.20 8.6595e-15  72878.51 3 
 73011.32 8.8922e-15  73188.38 3 
 73320.42 8.4830e-15  73498.22 3 
 73629.52 9.5787e-15  73808.07 3 
 73938.63 1.0540e-14  74117.93 3 
 74247.73 1.0644e-14  74427.78 3 
 74556.83 1.2477e-14  74737.63 3 
 74865.93 1.3048e-14  75047.48 3 
 75154.81 1.4276e-14  75337.06 3 
 75175.04 1.3527e-14  75357.34 3 
 75484.15 1.3701e-14  75667.20 3 
 75774.24 1.6789e-14  75957.99 3 
 75793.25 1.3592e-14  75977.05 3 
 76393.68 1.6395e-14  76578.94 3 
 77013.12 1.6008e-14  77199.88 3 
 77632.56 1.5884e-14  77820.82 3 
 78252.00 1.5169e-14  78441.76 3 
 78871.45 1.4621e-14  79062.71 3 
 79490.88 1.3043e-14  79683.65 3 
 80110.32 1.2188e-14  80304.59 3 
 80729.77 1.0365e-14  80925.54 3 
 81349.20 9.3306e-15  81546.48 3 
 81968.64 9.1379e-15  82167.41 3 
 82588.08 9.0839e-15  82788.36 3 
 83207.52 8.5708e-15  83409.30 3 
 83826.97 8.2034e-15  84030.25 3 
 84446.40 8.6136e-15  84651.19 3 
 85065.85 8.9078e-15  85272.13 3 
 85685.28 9.3312e-15  85893.07 3 
 86304.73 8.7824e-15  86514.02 3 
 86924.16 7.7784e-15  87134.95 3 
 87543.61 6.8342e-15  87755.90 3 
 88163.05 5.5999e-15  88376.84 3 
 88782.48 5.0238e-15  88997.78 3 
 89401.92 4.2793e-15  89618.72 3 
 90021.36 4.0911e-15  90239.66 3 
 90640.80 3.9311e-15  90860.60 3 
 91260.25 3.8537e-15  91481.55 3 
 91879.68 3.6104e-15  92102.49 3 
 92499.13 3.4700e-15  92723.44 3 
 93118.57 3.3744e-15  93344.38 3 
 93738.01 3.3952e-15  93965.32 3 
 94357.44 3.4667e-15  94586.26 3 
 94976.88 3.3978e-15  95207.20 3 
 95596.33 3.5233e-15  95828.15 3 
 96215.76 3.8428e-15  96449.09 3 
 96835.20 4.1605e-15  97070.02 3 
 97454.65 3.3249e-15  97690.98 3 
 98074.09 3.0668e-15  98311.92 3 
 98693.53 2.8144e-15  98932.86 3 
 99312.97 2.6861e-15  99553.80 3 
 99932.37 2.7299e-15 100174.70 3 
100551.86 2.8703e-15 100795.70 3 
101171.25 2.7486e-15 101416.59 3 
101790.76 2.5582e-15 102037.60 3 
102410.16 2.5955e-15 102658.50 3 
103029.65 2.6975e-15 103279.49 3 
103649.06 2.8339e-15 103900.41 3 
104268.45 2.8659e-15 104521.30 3 
104887.94 2.8958e-15 105142.30 3 
105507.34 3.2557e-15 105763.20 3 
106126.85 3.2622e-15 106384.20 3 
106746.24 3.1949e-15 107005.10 3 
107365.64 3.3544e-15 107626.00 3 
107985.14 3.3192e-15 108247.00 3 
108604.54 3.3775e-15 108867.91 3 
109224.03 3.6768e-15 109488.90 3 
109843.43 4.1737e-15 110109.80 3 
110462.92 4.7129e-15 110730.80 3 
111082.33 6.0625e-15 111351.70 3 
111701.72 9.5664e-15 111972.60 3 
112321.22 1.2555e-14 112593.60 3 
112940.62 1.1967e-14 113214.50 3 
113560.12 9.7551e-15 113835.50 3 
114179.51 7.9724e-15 114456.40 3 
114799.01 6.6644e-15 115077.40 3 
115418.41 5.8545e-15 115698.30 3 
116037.80 5.0142e-15 116319.20 3 
116657.31 4.5950e-15 116940.20 3 
117276.71 4.4058e-15 117561.10 3 
117896.20 4.3838e-15 118182.09 3 
118515.59 4.4542e-15 118802.99 3 
119135.10 4.8469e-15 119424.00 3 
119754.49 4.9733e-15 120044.90 3 
120373.89 4.9789e-15 120665.80 3 
120993.40 4.6178e-15 121286.80 3 
121612.79 4.4279e-15 121907.70 3 
122232.28 4.6880e-15 122528.70 3 
122851.68 5.0337e-15 123149.59 3 
123471.09 4.9408e-15 123770.51 3 
124090.58 4.8532e-15 124391.50 3 
124709.98 5.1088e-15 125012.40 3 
125329.47 5.2900e-15 125633.40 3 
125948.88 5.5404e-15 126254.30 3 
126568.37 5.7642e-15 126875.30 3 
127187.77 5.9417e-15 127496.20 3 
127807.17 6.4588e-15 128117.10 3 
128426.67 5.7943e-15 128738.10 3 
129046.06 4.1591e-15 129359.00 3 
129665.56 3.6028e-15 129980.00 3 
130284.96 3.4870e-15 130600.90 3 
130904.35 3.2994e-15 131221.80 3 
131523.85 3.2009e-15 131842.80 3 
132143.26 3.2572e-15 132463.70 3 
132762.75 3.1254e-15 133084.70 3 
133382.14 3.0993e-15 133705.59 3 
134001.64 2.9347e-15 134326.59 3 
134621.04 2.9335e-15 134947.50 3 
135240.45 2.8809e-15 135568.41 3 
135859.95 2.7899e-15 136189.41 3 
136479.33 2.7705e-15 136810.30 3 
137098.83 2.5919e-15 137431.30 3 
137718.24 2.4754e-15 138052.20 3 
138337.73 2.3129e-15 138673.20 3 
138957.12 2.2373e-15 139294.09 3 
139576.53 2.2552e-15 139915.00 3 
140196.02 2.2740e-15 140536.00 3 
140815.43 2.3518e-15 141156.91 3 
141434.91 2.2381e-15 141777.89 3 
142054.32 2.3102e-15 142398.80 3 
142673.81 2.2264e-15 143019.80 3 
143293.22 2.0660e-15 143640.70 3 
143912.61 2.0896e-15 144261.59 3 
144532.12 1.8927e-15 144882.61 3 
145065.12 1.8801e-15 145416.91 3 
145979.80 1.8192e-15 146333.80 3 
146894.58 1.7883e-15 147250.80 3 
147809.27 1.7324e-15 148167.70 3 
148723.94 1.6978e-15 149084.59 3 
149638.63 1.6727e-15 150001.50 3 
150553.41 1.6482e-15 150918.50 3 
151468.10 1.6394e-15 151835.41 3 
152382.77 1.6557e-15 152752.30 3 
153297.55 1.6162e-15 153669.30 3 
154212.24 1.6672e-15 154586.20 3 
155126.91 1.9264e-15 155503.09 3 
156041.60 1.9967e-15 156420.00 3 
156956.38 1.7861e-15 157337.00 3 
157871.07 1.7585e-15 158253.91 3 
158785.74 1.8237e-15 159170.80 3 
159700.52 1.8478e-15 160087.80 3 
160615.21 1.8254e-15 161004.70 3 
161529.88 1.8512e-15 161921.59 3 
162444.67 2.0012e-15 162838.59 3 
163359.35 2.4660e-15 163755.50 3 
164274.03 2.9442e-15 164672.39 3 
165188.71 2.8642e-15 165589.30 3 
166103.51 2.6203e-15 166506.31 3 
167018.17 2.6147e-15 167423.19 3 
167932.86 2.6208e-15 168340.09 3 
168847.54 2.7601e-15 169257.00 3 
169762.33 3.3712e-15 170174.00 3 
170677.01 3.6617e-15 171090.91 3 
171591.70 2.9786e-15 172007.81 3 
172506.48 2.7350e-15 172924.81 3 
173421.16 2.7222e-15 173841.70 3 
174335.84 2.5593e-15 174758.61 3 
175250.63 2.2069e-15 175675.61 3 
176165.30 1.9782e-15 176592.50 3 
177079.99 1.9491e-15 177509.41 3 
177994.66 1.9019e-15 178426.30 3 
178909.44 1.8086e-15 179343.30 3 
179824.13 1.7060e-15 180260.20 3 
180738.80 1.6017e-15 181177.09 3 
181653.58 1.5714e-15 182094.09 3 
182568.27 1.5447e-15 183011.00 3 
183482.94 1.5608e-15 183927.89 3 
184397.73 1.5288e-15 184844.89 3 
185312.41 1.5811e-15 185761.80 3 
186227.10 1.8536e-15 186678.70 3 
187141.77 2.2676e-15 187595.59 3 
188056.56 1.9573e-15 188512.59 3 
188971.24 1.6094e-15 189429.50 3 
189885.92 1.5348e-15 190346.39 3 
190800.71 1.5207e-15 191263.41 3 
191715.40 1.4595e-15 192180.31 3 
192630.06 1.4490e-15 193097.19 3 
193544.75 1.4133e-15 194014.09 3 
194459.54 1.4078e-15 194931.11 3 
195374.22 1.4109e-15 195848.00 3 
196288.91 1.4047e-15 196764.91 3 
197203.69 1.3986e-15 197681.91 3 
198118.36 1.3843e-15 198598.80 3 
199033.05 1.3574e-15 199515.70 3 
199947.74 1.3156e-15 200432.61 3 
200862.52 1.3469e-15 201349.61 3 
201777.19 1.3444e-15 202266.50 3 
202691.88 1.3195e-15 203183.41 3 
203606.66 1.3442e-15 204100.41 3 
204704.09 1.2557e-15 205200.50 3 
206465.13 1.3661e-15 206965.81 3 
208227.25 1.2888e-15 208732.20 3 
209990.27 1.2531e-15 210499.50 3 
211754.39 1.3023e-15 212267.89 3 
213519.51 1.2912e-15 214037.30 3 
215285.73 1.2365e-15 215807.80 3 
217052.83 1.2755e-15 217579.19 3 
218821.05 1.3218e-15 219351.69 3 
220590.27 1.2835e-15 221125.20 3 
222360.57 1.2357e-15 222899.80 3 
224131.89 1.3035e-15 224675.41 3 
225904.18 1.3439e-15 226452.00 3 
227677.57 1.3262e-15 228229.69 3 
229451.97 1.2984e-15 230008.39 3 
231227.37 1.3238e-15 231788.09 3 
233003.86 1.3623e-15 233568.89 3 
234781.36 1.3772e-15 235350.70 3 
236559.94 1.3617e-15 237133.59 3 
238339.62 1.3403e-15 238917.59 3 
240120.30 1.3600e-15 240702.59 3 
241901.98 1.3478e-15 242488.59 3 
243684.77 1.3433e-15 244275.70 3 
245468.54 1.3272e-15 246063.80 3 
247253.52 1.3342e-15 247853.11 3 
249039.39 1.3366e-15 249643.31 3 
250826.34 1.3862e-15 251434.59 3 
252614.41 1.3709e-15 253227.00 3 
254403.57 1.3561e-15 255020.50 3 
256193.73 1.3969e-15 256815.00 3 
257984.98 1.4761e-15 258610.59 3 
259777.34 1.4984e-15 260407.30 3 
261570.78 1.4217e-15 262205.09 3 
263365.25 1.3555e-15 264003.91 3 
265160.77 1.3589e-15 265803.78 3 
266957.44 1.3684e-15 267604.81 3 
268755.05 1.3665e-15 269406.78 3 
270553.91 1.3682e-15 271210.00 3 
272353.73 1.3777e-15 273014.19 3 
274154.67 1.3608e-15 274819.50 3 
275956.71 1.3609e-15 276625.91 3 
277759.84 1.3694e-15 278433.41 3 
279564.06 1.4079e-15 280242.00 3 
281369.37 1.5174e-15 282051.69 3 
283175.80 1.5172e-15 283862.50 3 
284983.32 1.4027e-15 285674.41 3 
286791.94 1.3720e-15 287487.41 3 
288601.64 1.3852e-15 289301.50 3 
290412.44 1.3979e-15 291116.69 3 
292224.36 1.4144e-15 292933.00 3 
294037.37 1.4227e-15 294750.41 3 
295851.47 1.4245e-15 296568.91 3 
297666.75 1.4247e-15 298388.59 3 
299483.16 1.4200e-15 300209.41 3 
301300.53 1.4221e-15 302031.19 3 
303119.12 1.4578e-15 303854.19 3 
304938.80 1.4601e-15 305678.28 3 
306759.70 1.4886e-15 307503.59 3 
308581.60 1.4861e-15 309329.91 3 
310404.67 1.5085e-15 311157.41 3 
312228.94 1.4986e-15 312986.09 3 
314054.23 1.4851e-15 314815.81 3 
315880.71 1.5258e-15 316646.72 3 
317708.34 1.5513e-15 318478.78 3 
319537.00 1.5605e-15 320311.88 3 
321366.87 1.5861e-15 322146.19 3 
323197.96 1.6439e-15 323981.72 3 
325030.08 1.6252e-15 325818.28 3 
326863.33 1.6395e-15 327655.97 3 
328697.81 1.6543e-15 329494.91 3 
330533.46 1.6876e-15 331335.00 3 
332370.19 1.7951e-15 333176.19 3 
334208.05 2.1872e-15 335018.50 3 
336047.09 2.2337e-15 336862.00 3 
337887.34 1.8076e-15 338706.72 3 
339728.75 1.7495e-15 340552.59 3 
341571.28 1.6558e-15 342399.59 3 
343414.94 1.6875e-15 344247.72 3 
345259.84 1.8091e-15 346097.09 3 
347105.89 2.4957e-15 347947.62 3 
348953.10 3.1113e-15 349799.31 3 
