# An Atlas of Galaxy Spectral Energy Distributions from the Ultraviolet to the Mid-Infrared
# Brown et al. (2014)
# http://dx.doi.org/10.5072/03/529D3551F0117
# 
# Column 1 : Restframe Wavelength (Angstrom)
# Column 2 : Flux per unit wavelength (ergs/s/cm^2/Angstrom)
# Column 3 : Observed wavelength (Angstrom)
# Column 4 : Source (0 = model, 1 = Optical Spectrum, 2 = Akari, 3 = Spitzer IRS)
# 
   100.08 6.0321e-23    100.46 0 
   101.94 9.3641e-23    102.33 0 
   104.08 1.3136e-22    104.47 0 
   106.01 1.8727e-22    106.41 0 
   107.98 2.7131e-22    108.39 0 
   109.99 4.3900e-22    110.41 0 
   114.12 7.9518e-22    114.55 0 
   118.13 1.3380e-21    118.58 0 
   120.88 5.9493e-21    121.34 0 
   125.13 9.1299e-21    125.60 0 
   126.87 1.0876e-20    127.35 0 
   128.04 1.2091e-20    128.53 0 
   131.03 1.5398e-20    131.52 0 
   131.93 1.9119e-20    132.43 0 
   134.08 2.2104e-20    134.59 0 
   136.89 3.1950e-20    137.40 0 
   140.07 3.9488e-20    140.60 0 
   143.01 1.2430e-19    143.55 0 
   147.01 3.7538e-19    147.57 0 
   151.13 4.6609e-19    151.71 0 
   155.01 5.8273e-19    155.60 0 
   158.98 7.3024e-19    159.59 0 
   161.94 8.5402e-19    162.55 0 
   166.09 1.0604e-18    166.72 0 
   169.96 1.2749e-18    170.61 0 
   173.12 1.4705e-18    173.78 0 
   177.16 1.7517e-18    177.83 0 
   180.03 1.9837e-18    180.72 0 
   182.12 2.1551e-18    182.81 0 
   185.93 2.5262e-18    186.64 0 
   191.14 3.0582e-18    191.87 0 
   193.80 3.4393e-18    194.54 0 
   197.86 3.9488e-18    198.61 0 
   202.00 4.5548e-18    202.77 0 
   204.81 5.0404e-18    205.59 0 
   210.07 5.6425e-18    210.86 0 
   215.95 7.1034e-18    216.77 0 
   219.97 8.0254e-18    220.80 0 
   223.03 8.6391e-18    223.87 0 
   227.17 9.7604e-18    228.03 0 
   229.80 1.5903e-17    230.67 0 
   234.08 2.7256e-17    234.96 0 
   240.08 3.7194e-17    240.99 0 
   246.24 3.8501e-17    247.17 0 
   251.97 4.4923e-17    252.93 0 
   257.25 4.0688e-17    258.23 0 
   260.23 4.8918e-17    261.22 0 
   263.85 5.4134e-17    264.85 0 
   268.75 5.7739e-17    269.77 0 
   273.75 6.1019e-17    274.79 0 
   278.84 6.4784e-17    279.90 0 
   284.02 6.8623e-17    285.10 0 
   289.97 6.9898e-17    291.07 0 
   296.04 7.5591e-17    297.17 0 
   300.85 7.8427e-17    302.00 0 
   307.86 8.5010e-17    309.03 0 
   317.95 9.4726e-17    319.15 0 
   328.36 1.0291e-16    329.61 0 
   338.34 1.1027e-16    339.63 0 
   347.82 1.1735e-16    349.14 0 
   356.74 1.2459e-16    358.10 0 
   365.89 1.3319e-16    367.28 0 
   375.28 1.3915e-16    376.70 0 
   384.91 1.4141e-16    386.37 0 
   394.78 1.5398e-16    396.28 0 
   404.91 1.6386e-16    406.44 0 
   414.34 1.6923e-16    415.91 0 
   422.04 1.7158e-16    423.64 0 
   429.89 1.7558e-16    431.52 0 
   440.92 1.8428e-16    442.59 0 
   451.19 1.8857e-16    452.90 0 
   459.57 1.9075e-16    461.32 0 
   470.28 1.9564e-16    472.06 0 
   480.13 2.0299e-16    481.95 0 
   490.18 2.0205e-16    492.04 0 
   500.44 2.1206e-16    502.34 0 
   506.24 2.0867e-16    508.16 0 
   512.10 2.3252e-16    514.04 0 
   520.42 2.3576e-16    522.40 0 
   530.10 2.3739e-16    532.11 0 
   539.95 2.3252e-16    542.00 0 
   549.99 2.4404e-16    552.08 0 
   560.22 2.6210e-16    562.34 0 
   570.63 2.7956e-16    572.80 0 
   579.90 2.7763e-16    582.10 0 
   589.33 2.9749e-16    591.56 0 
   600.28 2.9612e-16    602.56 0 
   610.04 2.9005e-16    612.35 0 
   619.95 3.3999e-16    622.30 0 
   630.02 3.5113e-16    632.41 0 
   640.26 3.6014e-16    642.69 0 
   650.66 3.8236e-16    653.13 0 
   658.20 3.9671e-16    660.69 0 
   664.29 4.1540e-16    666.81 0 
   675.08 4.2021e-16    677.64 0 
   684.47 4.1349e-16    687.07 0 
   695.59 4.9371e-16    698.23 0 
   705.27 4.7694e-16    707.95 0 
   716.73 5.4509e-16    719.45 0 
   726.70 5.6685e-16    729.46 0 
   735.12 5.8812e-16    737.90 0 
   745.34 6.4784e-16    748.17 0 
   755.71 6.8781e-16    758.58 0 
   764.46 7.0708e-16    767.36 0 
   775.10 7.8427e-16    778.04 0 
   785.88 8.3266e-16    788.86 0 
   794.98 8.7593e-16    797.99 0 
   804.18 9.2144e-16    807.24 0 
   815.37 9.5823e-16    818.46 0 
   824.81 1.0531e-15    827.94 0 
   834.36 8.6391e-16    837.53 0 
   845.97 1.1155e-15    849.18 0 
   855.77 1.1494e-15    859.01 0 
   865.68 1.2459e-15    868.96 0 
   875.70 1.3473e-15    879.02 0 
   885.84 1.4841e-15    889.20 0 
   894.04 1.5757e-15    897.43 0 
   904.39 1.5612e-15    907.82 0 
   914.86 2.5970e-15    918.33 0 
   925.46 2.0205e-14    928.97 0 
   934.02 4.4923e-14    937.56 0 
   944.83 8.9016e-14    948.42 0 
   955.78 1.3442e-13    959.40 0 
   964.62 1.3755e-13    968.28 0 
   975.79 1.8470e-14    979.49 0 
   984.82 9.5823e-14    988.55 0 
   993.93 1.1870e-13    997.70 0 
  1005.44 2.0439e-13   1009.25 0 
  1014.74 2.0771e-13   1018.59 0 
  1024.13 9.2997e-14   1028.02 0 
  1035.99 1.2986e-13   1039.92 0 
  1045.58 2.9341e-13   1049.54 0 
  1055.25 2.9139e-13   1059.25 0 
  1065.02 2.0867e-13   1069.05 0 
  1074.87 2.6697e-13   1078.95 0 
  1084.82 1.9207e-13   1088.93 0 
  1094.85 2.9206e-13   1099.01 0 
  1104.98 2.8085e-13   1109.18 0 
  1115.21 2.6150e-13   1119.44 0 
  1125.53 2.2986e-13   1129.80 0 
  1135.94 3.2769e-13   1140.25 0 
  1143.81 2.9206e-13   1148.15 0 
  1154.40 3.2394e-13   1158.78 0 
  1165.08 3.3533e-13   1169.50 0 
  1175.86 2.1060e-13   1180.32 0 
  1184.01 3.2921e-13   1188.50 0 
  1194.97 1.9610e-13   1199.50 0 
  1206.02 1.2401e-13   1210.60 0 
  1214.38 1.0628e-13   1218.99 0 
  1225.62 2.2723e-13   1230.27 0 
  1234.12 3.8060e-13   1238.80 0 
  1245.53 4.2410e-13   1250.26 0 
  1254.17 3.9397e-13   1258.93 0 
  1265.77 3.2544e-13   1270.57 0 
  1274.55 4.6075e-13   1279.38 0 
  1286.34 4.9371e-13   1291.22 0 
  1295.26 3.4871e-13   1300.17 0 
  1304.24 3.4472e-13   1309.18 0 
  1316.30 4.7915e-13   1321.30 0 
  1325.43 4.5443e-13   1330.45 0 
  1334.61 3.7885e-13   1339.68 0 
  1343.87 4.9827e-13   1348.96 0 
  1356.30 4.8136e-13   1361.44 0 
  1365.70 4.1254e-13   1370.88 0 
  1375.17 4.4716e-13   1380.38 0 
  1384.70 4.5443e-13   1389.95 0 
  1394.30 3.9126e-13   1399.59 0 
  1403.96 4.0876e-13   1409.29 0 
  1413.70 4.1445e-13   1419.06 0 
  1423.49 4.3900e-13   1428.89 0 
  1433.36 4.3298e-13   1438.80 0 
  1443.30 4.6716e-13   1448.77 0 
  1446.62 4.8136e-13   1452.11 0 
  1456.65 4.6288e-13   1462.18 0 
  1463.38 4.1636e-13   1468.93 0 
  1473.52 4.2021e-13   1479.11 0 
  1483.73 4.3699e-13   1489.36 0 
  1494.02 4.5026e-13   1499.69 0 
  1504.37 4.1924e-13   1510.08 0 
  1511.32 3.5931e-13   1517.05 0 
  1518.29 3.9671e-13   1524.05 0 
  1525.30 3.7885e-13   1531.09 0 
  1535.87 3.1657e-13   1541.70 0 
  1546.52 3.6853e-13   1552.39 0 
  1553.66 3.4631e-13   1559.55 0 
  1564.43 3.5032e-13   1570.36 0 
  1575.27 3.7885e-13   1581.25 0 
  1586.19 4.0876e-13   1592.21 0 
  1593.51 4.1732e-13   1599.56 0 
  1604.56 4.1349e-13   1610.65 0 
  1615.68 4.2021e-13   1621.81 0 
  1623.14 3.9036e-13   1629.30 0 
  1634.39 4.2606e-13   1640.59 0 
  1645.72 4.3498e-13   1651.96 0 
  1653.32 3.9488e-13   1659.59 0 
  1664.78 4.4205e-13   1671.09 0 
  1672.46 3.7798e-13   1678.80 0 
  1676.32 4.4409e-13   1682.67 0 
  1684.05 4.7585e-13   1690.44 0 
  1695.73 4.4205e-13   1702.16 0 
  1703.55 4.2021e-13   1710.02 0 
  1715.36 3.9036e-13   1721.87 0 
  1723.28 3.9036e-13   1729.82 0 
  1735.22 4.2606e-13   1741.81 0 
  1743.23 4.1636e-13   1749.85 0 
  1755.32 4.5443e-13   1761.98 0 
  1763.42 4.0688e-13   1770.11 0 
  1775.64 4.2021e-13   1782.38 0 
  1783.84 4.3198e-13   1790.61 0 
  1796.20 4.7366e-13   1803.02 0 
  1804.50 4.7148e-13   1811.34 0 
  1817.00 4.2410e-13   1823.90 0 
  1825.39 4.3900e-13   1832.31 0 
  1833.82 4.1732e-13   1840.77 0 
  1846.53 3.7798e-13   1853.53 0 
  1855.05 3.7624e-13   1862.09 0 
  1863.61 3.9307e-13   1870.68 0 
  1876.53 4.4103e-13   1883.65 0 
  1885.19 3.9854e-13   1892.34 0 
  1893.89 3.8148e-13   1901.08 0 
  1907.02 4.1159e-13   1914.26 0 
  1915.82 3.9126e-13   1923.09 0 
  1924.67 3.8678e-13   1931.97 0 
  1933.55 4.0222e-13   1940.89 0 
  1946.95 4.2118e-13   1954.34 0 
  1955.94 3.9216e-13   1963.36 0 
  1964.97 4.4205e-13   1972.42 0 
  1974.04 4.5758e-13   1981.53 0 
  1983.15 4.2802e-13   1990.67 0 
  1996.90 4.1445e-13   2004.47 0 
  2006.11 4.3298e-13   2013.72 0 
  2015.37 4.1159e-13   2023.02 0 
  2024.68 4.3900e-13   2032.36 0 
  2034.02 4.1065e-13   2041.74 0 
  2043.41 4.3498e-13   2051.16 0 
  2052.84 4.1254e-13   2060.63 0 
  2067.07 4.1254e-13   2074.91 0 
  2071.84 4.5026e-13   2079.70 0 
  2076.61 4.2606e-13   2084.49 0 
  2086.20 4.4820e-13   2094.11 0 
  2095.83 4.2021e-13   2103.78 0 
  2105.50 4.2215e-13   2113.49 0 
  2115.22 4.2901e-13   2123.24 0 
  2124.98 4.3699e-13   2133.04 0 
  2134.79 3.9854e-13   2142.89 0 
  2144.65 4.1540e-13   2152.78 0 
  2154.55 4.3598e-13   2162.72 0 
  2164.49 4.2021e-13   2172.70 0 
  2174.48 4.1636e-13   2182.73 0 
  2184.52 4.0876e-13   2192.81 0 
  2194.60 4.3198e-13   2202.93 0 
  2204.73 4.1828e-13   2213.09 0 
  2214.91 3.9307e-13   2223.31 0 
  2225.13 3.7885e-13   2233.57 0 
  2235.40 4.1254e-13   2243.88 0 
  2245.72 3.9216e-13   2254.24 0 
  2256.09 3.6938e-13   2264.64 0 
  2266.50 3.8236e-13   2275.10 0 
  2276.96 3.9579e-13   2285.60 0 
  2287.47 4.1065e-13   2296.15 0 
  2292.75 3.8498e-13   2301.44 0 
  2303.33 3.8475e-13   2312.07 0 
  2313.96 3.6052e-13   2322.74 0 
  2324.64 2.6404e-13   2333.46 0 
  2335.37 3.2765e-13   2344.23 0 
  2346.15 3.1707e-13   2355.05 0 
  2356.98 3.4986e-13   2365.92 0 
  2362.41 3.1460e-13   2371.37 0 
  2373.32 3.2621e-13   2382.32 0 
  2384.27 2.9938e-13   2393.32 0 
  2395.28 3.2506e-13   2404.36 0 
  2406.33 3.0953e-13   2415.46 0 
  2417.44 3.2094e-13   2426.61 0 
  2423.01 3.4617e-13   2432.20 0 
  2434.20 3.3115e-13   2443.43 0 
  2445.43 3.5543e-13   2454.71 0 
  2456.72 3.5033e-13   2466.04 0 
  2462.38 3.4621e-13   2471.72 0 
  2473.75 3.3194e-13   2483.13 0 
  2485.17 3.4103e-13   2494.60 0 
  2496.64 3.2026e-13   2506.11 0 
  2502.40 3.6339e-13   2511.89 0 
  2513.95 3.1411e-13   2523.48 0 
  2519.74 3.2580e-13   2529.30 0 
  2525.55 3.0960e-13   2535.13 0 
  2537.21 3.1734e-13   2546.83 0 
  2543.06 3.1001e-13   2552.70 0 
  2554.79 3.3970e-13   2564.48 0 
  2566.59 3.2720e-13   2576.32 0 
  2572.50 3.5129e-13   2582.26 0 
  2584.38 3.4465e-13   2594.18 0 
  2596.31 3.3813e-13   2606.15 0 
  2602.29 3.2429e-13   2612.16 0 
  2614.30 3.1963e-13   2624.22 0 
  2626.37 3.3833e-13   2636.33 0 
  2632.42 3.5498e-13   2642.41 0 
  2644.57 3.9256e-13   2654.61 0 
  2656.78 4.0607e-13   2666.86 0 
  2662.91 3.5518e-13   2673.01 0 
  2675.20 3.7770e-13   2685.34 0 
  2687.55 3.7571e-13   2697.74 0 
  2693.74 3.5620e-13   2703.96 0 
  2706.17 3.7101e-13   2716.44 0 
  2712.41 3.4693e-13   2722.70 0 
  2724.93 3.4509e-13   2735.27 0 
  2737.51 3.6612e-13   2747.89 0 
  2743.82 3.0652e-13   2754.23 0 
  2756.49 3.1561e-13   2766.94 0 
  2762.84 3.3113e-13   2773.32 0 
  2775.59 3.4969e-13   2786.12 0 
  2781.99 3.2623e-13   2792.54 0 
  2794.83 2.5716e-13   2805.43 0 
  2807.73 2.7918e-13   2818.38 0 
  2814.21 3.4493e-13   2824.88 0 
  2827.20 3.7017e-13   2837.92 0 
  2833.71 3.5501e-13   2844.46 0 
  2846.79 3.4508e-13   2857.59 0 
  2853.36 3.2716e-13   2864.18 0 
  2866.53 3.7276e-13   2877.40 0 
  2873.13 3.7607e-13   2884.03 0 
  2886.39 3.7063e-13   2897.34 0 
  2893.05 3.6794e-13   2904.02 0 
  2913.10 4.0858e-13   2924.15 0 
  2933.30 3.8974e-13   2944.42 0 
  2946.83 3.8233e-13   2958.01 0 
  2967.26 3.9348e-13   2978.52 0 
  2987.83 3.9392e-13   2999.16 0 
  3008.54 4.0262e-13   3019.95 0 
  3029.39 4.0121e-13   3040.89 0 
  3050.39 4.0072e-13   3061.96 0 
  3071.54 4.0394e-13   3083.19 0 
  3092.83 4.0811e-13   3104.56 0 
  3107.10 4.0778e-13   3118.89 0 
  3128.64 4.0168e-13   3140.51 0 
  3150.33 4.0303e-13   3162.28 0 
  3172.17 4.0437e-13   3184.20 0 
  3186.81 3.7968e-13   3198.90 0 
  3208.90 3.9797e-13   3221.07 0 
  3231.14 3.7350e-13   3243.40 0 
  3253.54 4.0339e-13   3265.88 0 
  3268.56 4.2009e-13   3280.95 0 
  3291.21 4.1569e-13   3303.70 0 
  3306.40 4.1532e-13   3318.94 0 
  3321.67 4.1020e-13   3334.26 0 
  3329.32 4.2736e-13   3341.95 0 
  3337.00 4.1649e-13   3349.66 0 
  3344.69 4.0589e-13   3357.38 0 
  3352.40 3.9922e-13   3365.12 0 
  3360.13 4.1497e-13   3372.87 0 
  3367.87 4.1097e-13   3380.65 0 
  3375.64 3.7551e-13   3388.44 0 
  3383.42 3.8143e-13   3396.25 0 
  3391.22 4.1900e-13   3404.08 0 
  3399.04 4.2857e-13   3411.93 0 
  3406.87 4.0909e-13   3419.79 0 
  3414.73 4.1363e-13   3427.68 0 
  3422.60 4.3593e-13   3435.58 0 
  3430.49 4.2483e-13   3443.50 0 
  3438.40 4.2955e-13   3451.44 0 
  3446.32 3.7481e-13   3459.39 0 
  3454.27 4.1649e-13   3467.37 0 
  3462.23 3.8495e-13   3475.36 0 
  3470.21 4.0756e-13   3483.37 0 
  3478.21 3.7496e-13   3491.40 0 
  3486.23 3.9791e-13   3499.45 0 
  3494.27 3.9317e-13   3507.52 0 
  3502.32 4.1435e-13   3515.60 0 
  3510.39 4.0566e-13   3523.71 0 
  3518.49 3.9898e-13   3531.83 0 
  3526.60 3.9332e-13   3539.97 0 
  3534.73 4.1834e-13   3548.13 0 
  3542.88 4.3987e-13   3556.31 0 
  3551.04 4.3864e-13   3564.51 0 
  3559.23 4.2944e-13   3572.73 0 
  3567.43 4.2043e-13   3580.96 0 
  3575.66 3.8325e-13   3589.22 0 
  3583.90 3.7434e-13   3597.49 0 
  3592.16 3.7415e-13   3605.79 0 
  3600.44 4.2740e-13   3614.10 0 
  3608.74 3.9593e-13   3622.43 0 
  3617.06 4.0217e-13   3630.78 0 
  3625.40 4.2578e-13   3639.15 0 
  3633.76 4.2459e-13   3647.54 0 
  3642.13 4.4234e-13   3655.95 0 
  3650.53 4.1451e-13   3664.37 0 
  3658.95 4.5953e-13   3672.82 0 
  3664.59 4.1945e-13   3678.49 1 
  3667.33 4.5782e-13   3681.24 1 
  3670.07 4.9195e-13   3683.99 1 
  3672.81 4.6172e-13   3686.74 1 
  3675.55 4.2462e-13   3689.49 1 
  3678.29 4.3240e-13   3692.24 1 
  3681.03 4.5632e-13   3694.99 1 
  3683.77 3.9472e-13   3697.74 1 
  3686.51 4.1271e-13   3700.49 1 
  3689.25 4.3108e-13   3703.24 1 
  3691.99 4.1633e-13   3705.99 1 
  3694.73 4.1936e-13   3708.74 1 
  3697.47 4.4715e-13   3711.49 1 
  3700.21 4.6712e-13   3714.24 1 
  3702.94 4.5465e-13   3716.99 1 
  3705.68 4.3616e-13   3719.74 1 
  3708.42 4.2180e-13   3722.49 1 
  3711.16 4.2365e-13   3725.24 1 
  3713.90 4.4224e-13   3727.99 1 
  3716.64 4.9031e-13   3730.74 1 
  3719.38 5.2827e-13   3733.49 1 
  3722.12 5.6349e-13   3736.24 1 
  3724.86 6.9565e-13   3738.99 1 
  3727.60 8.3863e-13   3741.74 1 
  3730.34 8.9687e-13   3744.49 1 
  3733.08 8.2266e-13   3747.24 1 
  3735.82 6.7600e-13   3749.99 1 
  3738.56 5.5389e-13   3752.74 1 
  3741.30 4.8653e-13   3755.49 1 
  3744.04 4.6909e-13   3758.24 1 
  3746.78 4.5699e-13   3760.99 1 
  3749.52 4.4661e-13   3763.74 1 
  3752.26 4.4465e-13   3766.49 1 
  3755.00 4.5493e-13   3769.24 1 
  3757.74 4.7632e-13   3771.99 1 
  3760.48 4.9035e-13   3774.74 1 
  3763.22 5.0497e-13   3777.49 1 
  3765.96 4.9160e-13   3780.24 1 
  3768.70 4.8093e-13   3782.99 1 
  3771.43 4.7970e-13   3785.74 1 
  3774.17 4.5723e-13   3788.49 1 
  3776.91 4.6688e-13   3791.24 1 
  3779.65 5.2765e-13   3793.99 1 
  3782.39 5.3451e-13   3796.74 1 
  3785.13 5.5712e-13   3799.49 1 
  3787.87 5.6250e-13   3802.24 1 
  3790.61 5.5053e-13   3804.99 1 
  3793.35 5.1702e-13   3807.74 1 
  3796.09 4.7496e-13   3810.49 1 
  3798.83 4.6174e-13   3813.24 1 
  3801.57 4.8236e-13   3815.99 1 
  3804.31 4.8602e-13   3818.74 1 
  3807.05 4.9109e-13   3821.49 1 
  3809.79 5.5842e-13   3824.24 1 
  3812.53 5.7625e-13   3826.99 1 
  3815.27 5.9077e-13   3829.74 1 
  3818.01 5.8519e-13   3832.49 1 
  3820.75 5.3458e-13   3835.24 1 
  3823.49 5.3742e-13   3837.99 1 
  3826.23 5.2403e-13   3840.74 1 
  3828.97 4.7618e-13   3843.49 1 
  3831.71 4.3648e-13   3846.24 1 
  3834.45 4.3338e-13   3848.99 1 
  3837.19 4.2336e-13   3851.74 1 
  3839.93 4.2085e-13   3854.49 1 
  3842.66 4.5632e-13   3857.24 1 
  3845.40 4.9383e-13   3859.99 1 
  3848.14 5.4545e-13   3862.74 1 
  3850.88 5.8276e-13   3865.49 1 
  3853.62 5.8594e-13   3868.24 1 
  3856.36 6.0786e-13   3870.99 1 
  3859.10 6.5039e-13   3873.74 1 
  3861.84 6.6717e-13   3876.49 1 
  3864.58 6.8074e-13   3879.24 1 
  3867.32 7.6638e-13   3881.99 1 
  3870.06 7.8084e-13   3884.74 1 
  3872.80 7.6306e-13   3887.49 1 
  3875.54 7.1470e-13   3890.24 1 
  3878.28 6.7152e-13   3892.99 1 
  3881.02 6.1599e-13   3895.74 1 
  3883.76 5.7206e-13   3898.49 1 
  3886.50 5.5240e-13   3901.24 1 
  3889.24 5.1621e-13   3903.99 1 
  3891.98 5.2403e-13   3906.74 1 
  3894.72 5.2755e-13   3909.49 1 
  3897.46 5.4380e-13   3912.24 1 
  3900.20 5.6769e-13   3914.99 1 
  3902.94 5.7662e-13   3917.74 1 
  3905.68 5.9766e-13   3920.49 1 
  3908.42 6.3355e-13   3923.24 1 
  3911.15 6.2714e-13   3925.99 1 
  3913.89 6.4132e-13   3928.74 1 
  3916.63 6.4965e-13   3931.49 1 
  3919.37 6.2959e-13   3934.24 1 
  3922.11 6.0886e-13   3936.99 1 
  3924.85 6.0763e-13   3939.74 1 
  3927.59 5.5447e-13   3942.49 1 
  3930.33 5.4062e-13   3945.24 1 
  3933.07 4.9019e-13   3947.99 1 
  3935.81 4.4183e-13   3950.74 1 
  3938.55 4.5040e-13   3953.49 1 
  3941.29 4.9160e-13   3956.24 1 
  3944.03 5.3667e-13   3958.99 1 
  3946.77 5.6069e-13   3961.74 1 
  3949.51 5.8155e-13   3964.49 1 
  3952.25 6.1181e-13   3967.24 1 
  3954.99 6.3460e-13   3969.99 1 
  3957.73 6.2685e-13   3972.74 1 
  3960.47 6.1789e-13   3975.49 1 
  3963.21 5.9608e-13   3978.24 1 
  3965.95 5.5058e-13   3980.99 1 
  3968.69 5.1367e-13   3983.74 1 
  3971.43 4.7245e-13   3986.49 1 
  3974.17 4.8095e-13   3989.24 1 
  3976.91 5.3386e-13   3991.99 1 
  3979.65 5.6654e-13   3994.74 1 
  3982.38 6.0277e-13   3997.49 1 
  3985.12 6.4396e-13   4000.24 1 
  3987.86 6.6607e-13   4002.99 1 
  3990.60 6.8643e-13   4005.74 1 
  3993.34 7.1872e-13   4008.49 1 
  3996.08 7.3241e-13   4011.24 1 
  3998.82 7.3067e-13   4013.99 1 
  4001.56 7.4776e-13   4016.74 1 
  4004.30 7.5113e-13   4019.49 1 
  4007.04 7.4265e-13   4022.24 1 
  4009.78 7.4824e-13   4024.99 1 
  4012.52 7.7068e-13   4027.74 1 
  4015.26 7.7931e-13   4030.49 1 
  4018.00 7.7496e-13   4033.24 1 
  4020.74 8.0955e-13   4035.99 1 
  4023.48 7.9652e-13   4038.74 1 
  4026.22 8.0174e-13   4041.49 1 
  4028.96 7.8547e-13   4044.24 1 
  4031.70 7.7225e-13   4046.99 1 
  4034.44 7.5294e-13   4049.74 1 
  4037.18 7.6203e-13   4052.49 1 
  4039.92 7.8306e-13   4055.24 1 
  4042.66 7.7915e-13   4057.99 1 
  4045.40 7.7117e-13   4060.74 1 
  4048.14 7.5905e-13   4063.49 1 
  4050.88 7.6029e-13   4066.24 1 
  4053.61 7.7163e-13   4068.99 1 
  4056.35 7.5655e-13   4071.74 1 
  4059.09 7.4699e-13   4074.49 1 
  4061.83 7.3659e-13   4077.24 1 
  4064.57 7.2147e-13   4079.99 1 
  4067.31 7.3925e-13   4082.74 1 
  4070.05 7.3890e-13   4085.49 1 
  4072.79 7.5586e-13   4088.24 1 
  4075.53 7.2993e-13   4090.99 1 
  4078.27 7.2545e-13   4093.74 1 
  4081.01 7.2150e-13   4096.49 1 
  4083.75 7.1595e-13   4099.24 1 
  4086.49 7.0596e-13   4101.99 1 
  4089.23 7.0203e-13   4104.74 1 
  4091.97 7.0277e-13   4107.49 1 
  4094.71 6.8264e-13   4110.24 1 
  4097.45 6.4616e-13   4112.99 1 
  4100.19 6.1094e-13   4115.74 1 
  4102.93 6.1865e-13   4118.49 1 
  4105.67 6.1224e-13   4121.24 1 
  4108.41 6.2249e-13   4123.99 1 
  4111.15 6.2332e-13   4126.74 1 
  4113.89 6.5533e-13   4129.49 1 
  4116.63 6.6825e-13   4132.24 1 
  4119.37 6.6871e-13   4134.99 1 
  4122.11 6.9597e-13   4137.74 1 
  4124.84 6.9179e-13   4140.49 1 
  4127.58 6.8034e-13   4143.24 1 
  4130.32 6.8022e-13   4145.99 1 
  4133.06 6.8418e-13   4148.74 1 
  4135.80 6.8344e-13   4151.49 1 
  4138.54 7.0950e-13   4154.24 1 
  4141.28 7.3361e-13   4156.99 1 
  4144.02 7.2144e-13   4159.74 1 
  4146.76 7.2441e-13   4162.49 1 
  4149.50 7.1217e-13   4165.24 1 
  4152.24 7.0201e-13   4167.99 1 
  4154.98 6.7979e-13   4170.74 1 
  4157.72 7.0303e-13   4173.49 1 
  4160.46 7.1223e-13   4176.24 1 
  4163.20 7.2890e-13   4178.99 1 
  4165.94 7.2829e-13   4181.74 1 
  4168.68 7.1593e-13   4184.49 1 
  4171.42 7.2957e-13   4187.24 1 
  4174.16 7.2291e-13   4189.99 1 
  4176.90 7.2014e-13   4192.74 1 
  4179.64 7.1561e-13   4195.49 1 
  4182.38 7.3263e-13   4198.24 1 
  4185.12 7.3907e-13   4200.99 1 
  4187.86 7.3020e-13   4203.74 1 
  4190.60 7.5378e-13   4206.49 1 
  4193.33 7.5115e-13   4209.24 1 
  4196.07 7.4530e-13   4211.99 1 
  4198.81 7.5305e-13   4214.74 1 
  4201.55 7.4232e-13   4217.49 1 
  4204.29 7.3869e-13   4220.24 1 
  4207.03 7.5766e-13   4222.99 1 
  4209.77 7.5839e-13   4225.74 1 
  4212.51 7.6983e-13   4228.49 1 
  4215.25 7.8161e-13   4231.24 1 
  4217.99 7.7898e-13   4233.99 1 
  4220.73 7.6645e-13   4236.74 1 
  4223.47 7.6827e-13   4239.49 1 
  4226.21 7.6448e-13   4242.24 1 
  4228.95 7.3501e-13   4244.99 1 
  4231.69 7.2560e-13   4247.74 1 
  4234.43 7.4557e-13   4250.49 1 
  4237.17 7.6141e-13   4253.24 1 
  4239.91 7.5467e-13   4255.99 1 
  4242.65 7.6455e-13   4258.74 1 
  4245.39 7.6862e-13   4261.49 1 
  4248.13 7.5991e-13   4264.24 1 
  4250.87 7.5296e-13   4266.99 1 
  4253.61 7.5078e-13   4269.74 1 
  4256.35 7.6164e-13   4272.49 1 
  4259.09 7.5241e-13   4275.24 1 
  4261.83 7.4885e-13   4277.99 1 
  4264.56 7.5537e-13   4280.74 1 
  4267.30 7.5945e-13   4283.49 1 
  4270.04 7.3417e-13   4286.24 1 
  4272.78 7.1001e-13   4288.99 1 
  4275.52 7.1505e-13   4291.74 1 
  4278.26 7.2765e-13   4294.49 1 
  4281.00 7.2418e-13   4297.24 1 
  4283.74 7.2980e-13   4299.99 1 
  4286.48 7.2600e-13   4302.74 1 
  4289.22 7.1564e-13   4305.49 1 
  4291.96 7.0518e-13   4308.24 1 
  4294.70 6.9901e-13   4310.99 1 
  4297.44 6.8592e-13   4313.74 1 
  4300.18 6.5531e-13   4316.49 1 
  4302.92 6.4712e-13   4319.24 1 
  4305.66 6.3462e-13   4321.99 1 
  4308.40 6.2952e-13   4324.74 1 
  4311.14 6.3018e-13   4327.49 1 
  4313.88 6.5801e-13   4330.24 1 
  4316.62 6.9379e-13   4332.99 1 
  4319.36 7.1709e-13   4335.74 1 
  4322.10 7.4309e-13   4338.49 1 
  4324.84 7.3168e-13   4341.24 1 
  4327.58 7.0933e-13   4343.99 1 
  4330.32 7.2412e-13   4346.74 1 
  4333.05 7.2139e-13   4349.49 1 
  4335.79 7.2942e-13   4352.24 1 
  4338.53 7.3498e-13   4354.99 1 
  4341.27 7.4079e-13   4357.74 1 
  4344.01 7.4325e-13   4360.49 1 
  4346.75 7.5971e-13   4363.24 1 
  4349.49 7.3577e-13   4365.99 1 
  4352.23 7.1989e-13   4368.74 1 
  4354.97 7.1320e-13   4371.49 1 
  4357.71 7.3747e-13   4374.24 1 
  4360.45 7.7072e-13   4376.99 1 
  4363.19 7.9296e-13   4379.74 1 
  4365.93 8.1288e-13   4382.49 1 
  4368.67 8.0745e-13   4385.24 1 
  4371.41 7.9294e-13   4387.99 1 
  4374.15 7.7308e-13   4390.74 1 
  4376.89 7.6114e-13   4393.49 1 
  4379.63 7.6244e-13   4396.24 1 
  4382.37 7.4938e-13   4398.99 1 
  4385.11 7.3983e-13   4401.74 1 
  4387.85 7.3694e-13   4404.49 1 
  4390.59 7.1987e-13   4407.24 1 
  4393.33 7.3702e-13   4409.99 1 
  4396.07 7.6115e-13   4412.74 1 
  4398.81 7.6455e-13   4415.49 1 
  4401.55 7.8134e-13   4418.24 1 
  4404.28 7.7975e-13   4420.99 1 
  4407.02 7.7263e-13   4423.74 1 
  4409.76 7.7847e-13   4426.49 1 
  4412.50 7.9893e-13   4429.24 1 
  4415.24 8.0722e-13   4431.99 1 
  4417.98 7.8141e-13   4434.74 1 
  4420.72 7.7874e-13   4437.49 1 
  4423.46 8.0106e-13   4440.24 1 
  4426.20 8.1785e-13   4442.99 1 
  4428.94 8.0806e-13   4445.74 1 
  4431.68 8.0997e-13   4448.49 1 
  4434.42 8.0260e-13   4451.24 1 
  4437.16 7.9526e-13   4453.99 1 
  4439.90 7.9348e-13   4456.74 1 
  4442.64 8.0719e-13   4459.49 1 
  4445.38 7.9823e-13   4462.24 1 
  4448.12 7.9619e-13   4464.99 1 
  4450.86 8.1524e-13   4467.74 1 
  4453.60 8.0903e-13   4470.49 1 
  4456.34 7.9740e-13   4473.24 1 
  4459.08 7.7036e-13   4475.99 1 
  4461.82 7.7797e-13   4478.74 1 
  4464.56 7.6848e-13   4481.49 1 
  4467.30 7.7068e-13   4484.24 1 
  4470.04 7.9146e-13   4486.99 1 
  4472.77 7.9949e-13   4489.74 1 
  4475.51 8.2017e-13   4492.49 1 
  4478.25 8.2586e-13   4495.24 1 
  4480.99 8.2001e-13   4497.99 1 
  4483.73 8.0481e-13   4500.74 1 
  4486.47 8.1472e-13   4503.49 1 
  4489.21 8.1522e-13   4506.24 1 
  4491.95 8.1018e-13   4508.99 1 
  4494.69 8.0412e-13   4511.74 1 
  4497.43 8.0424e-13   4514.49 1 
  4500.17 8.1859e-13   4517.24 1 
  4502.91 8.3253e-13   4519.99 1 
  4505.65 8.5443e-13   4522.74 1 
  4508.39 8.5862e-13   4525.49 1 
  4511.13 8.6497e-13   4528.24 1 
  4513.87 8.5577e-13   4530.99 1 
  4516.61 8.5112e-13   4533.74 1 
  4519.35 8.3383e-13   4536.49 1 
  4522.09 8.3147e-13   4539.24 1 
  4524.83 8.2274e-13   4541.99 1 
  4527.57 8.0223e-13   4544.74 1 
  4530.31 7.9444e-13   4547.49 1 
  4533.05 7.7476e-13   4550.24 1 
  4535.79 7.7937e-13   4552.99 1 
  4538.53 7.9721e-13   4555.74 1 
  4541.27 8.0952e-13   4558.49 1 
  4544.00 8.1484e-13   4561.24 1 
  4546.74 8.1220e-13   4563.99 1 
  4549.48 8.0903e-13   4566.74 1 
  4552.22 7.8431e-13   4569.49 1 
  4554.96 7.8856e-13   4572.24 1 
  4557.70 7.9548e-13   4574.99 1 
  4560.44 8.2729e-13   4577.74 1 
  4563.18 8.3413e-13   4580.49 1 
  4565.92 8.4944e-13   4583.24 1 
  4568.66 8.2911e-13   4585.99 1 
  4571.40 8.3919e-13   4588.74 1 
  4574.14 8.4903e-13   4591.49 1 
  4576.88 8.4764e-13   4594.24 1 
  4579.62 8.3367e-13   4596.99 1 
  4582.36 8.2913e-13   4599.74 1 
  4585.10 8.2069e-13   4602.49 1 
  4587.84 8.1040e-13   4605.24 1 
  4590.58 8.1945e-13   4607.99 1 
  4593.32 8.3541e-13   4610.74 1 
  4596.06 8.2494e-13   4613.49 1 
  4598.80 8.3255e-13   4616.24 1 
  4601.54 8.3639e-13   4618.99 1 
  4604.28 8.3023e-13   4621.74 1 
  4607.02 8.5294e-13   4624.49 1 
  4609.76 8.5267e-13   4627.24 1 
  4612.50 8.5346e-13   4629.99 1 
  4615.23 8.5514e-13   4632.74 1 
  4617.97 8.7514e-13   4635.49 1 
  4620.71 8.6877e-13   4638.24 1 
  4623.45 8.8054e-13   4640.99 1 
  4626.19 8.5929e-13   4643.74 1 
  4628.93 8.5916e-13   4646.49 1 
  4631.67 8.7329e-13   4649.24 1 
  4634.41 8.7195e-13   4651.99 1 
  4637.15 8.6093e-13   4654.74 1 
  4639.89 8.5108e-13   4657.49 1 
  4642.63 8.3531e-13   4660.24 1 
  4645.37 8.3303e-13   4662.99 1 
  4648.11 8.1898e-13   4665.74 1 
  4650.85 8.2610e-13   4668.49 1 
  4653.59 8.2350e-13   4671.24 1 
  4656.33 8.3177e-13   4673.99 1 
  4659.07 8.4245e-13   4676.74 1 
  4661.81 8.4320e-13   4679.49 1 
  4664.55 8.3752e-13   4682.24 1 
  4667.29 8.2427e-13   4684.99 1 
  4670.03 8.0792e-13   4687.74 1 
  4672.77 8.0823e-13   4690.49 1 
  4675.51 8.3006e-13   4693.24 1 
  4678.25 8.5076e-13   4695.99 1 
  4680.99 8.6942e-13   4698.74 1 
  4683.72 8.8211e-13   4701.49 1 
  4686.46 8.9470e-13   4704.24 1 
  4689.20 9.0667e-13   4706.99 1 
  4691.94 8.9688e-13   4709.74 1 
  4694.68 8.7312e-13   4712.49 1 
  4697.42 8.5368e-13   4715.24 1 
  4700.16 8.4064e-13   4717.99 1 
  4702.90 8.2632e-13   4720.74 1 
  4705.64 8.2527e-13   4723.49 1 
  4708.38 8.2666e-13   4726.24 1 
  4711.12 8.3582e-13   4728.99 1 
  4713.86 8.3895e-13   4731.74 1 
  4716.60 8.4248e-13   4734.49 1 
  4719.34 8.6835e-13   4737.24 1 
  4722.08 8.8482e-13   4739.99 1 
  4724.82 8.8712e-13   4742.74 1 
  4727.56 8.8690e-13   4745.49 1 
  4730.30 8.6736e-13   4748.24 1 
  4733.04 8.5785e-13   4750.99 1 
  4735.78 8.5777e-13   4753.74 1 
  4738.52 8.6139e-13   4756.49 1 
  4741.26 8.7070e-13   4759.24 1 
  4744.00 8.7945e-13   4761.99 1 
  4746.74 8.9026e-13   4764.74 1 
  4749.48 8.9415e-13   4767.49 1 
  4752.22 8.8648e-13   4770.24 1 
  4754.95 8.7974e-13   4772.99 1 
  4757.69 8.7102e-13   4775.74 1 
  4760.43 8.6057e-13   4778.49 1 
  4763.17 8.5515e-13   4781.24 1 
  4765.91 8.5018e-13   4783.99 1 
  4768.65 8.4394e-13   4786.74 1 
  4771.39 8.4315e-13   4789.49 1 
  4774.13 8.5979e-13   4792.24 1 
  4776.87 8.5823e-13   4794.99 1 
  4779.61 8.5496e-13   4797.74 1 
  4782.35 8.6081e-13   4800.49 1 
  4785.09 8.5539e-13   4803.24 1 
  4787.83 8.4771e-13   4805.99 1 
  4790.57 8.4641e-13   4808.74 1 
  4793.31 8.4309e-13   4811.49 1 
  4796.05 8.4785e-13   4814.24 1 
  4798.79 8.5011e-13   4816.99 1 
  4801.53 8.5638e-13   4819.74 1 
  4804.27 8.5244e-13   4822.49 1 
  4807.01 8.4343e-13   4825.24 1 
  4809.75 8.2999e-13   4827.99 1 
  4812.49 8.2513e-13   4830.74 1 
  4815.23 8.3450e-13   4833.49 1 
  4817.97 8.3245e-13   4836.24 1 
  4820.71 8.3936e-13   4838.99 1 
  4823.44 8.4334e-13   4841.74 1 
  4826.18 8.3391e-13   4844.49 1 
  4828.92 8.2658e-13   4847.24 1 
  4831.66 8.1596e-13   4849.99 1 
  4834.40 8.1493e-13   4852.74 1 
  4837.14 8.0805e-13   4855.49 1 
  4839.88 8.0566e-13   4858.24 1 
  4842.62 8.0704e-13   4860.99 1 
  4845.36 8.2013e-13   4863.74 1 
  4848.10 8.0975e-13   4866.49 1 
  4850.84 8.1907e-13   4869.24 1 
  4853.58 8.3002e-13   4871.99 1 
  4856.32 8.4268e-13   4874.74 1 
  4859.06 8.7914e-13   4877.49 1 
  4861.80 9.7240e-13   4880.24 1 
  4864.54 1.0319e-12   4882.99 1 
  4867.28 9.8717e-13   4885.74 1 
  4870.02 8.8848e-13   4888.49 1 
  4872.76 8.1068e-13   4891.24 1 
  4875.50 7.7933e-13   4893.99 1 
  4878.24 7.7401e-13   4896.74 1 
  4880.98 7.8280e-13   4899.49 1 
  4883.72 7.9405e-13   4902.24 1 
  4886.46 7.9301e-13   4904.99 1 
  4889.20 7.8346e-13   4907.74 1 
  4891.94 7.9417e-13   4910.49 1 
  4894.67 7.9911e-13   4913.24 1 
  4897.41 8.1752e-13   4915.99 1 
  4900.15 8.3352e-13   4918.74 1 
  4902.89 8.4070e-13   4921.49 1 
  4905.63 8.4525e-13   4924.24 1 
  4908.37 8.3326e-13   4926.99 1 
  4911.11 8.2755e-13   4929.74 1 
  4913.85 8.1483e-13   4932.49 1 
  4916.59 8.0833e-13   4935.24 1 
  4919.33 8.0068e-13   4937.99 1 
  4922.07 7.9753e-13   4940.74 1 
  4924.81 7.9738e-13   4943.49 1 
  4927.55 8.0600e-13   4946.24 1 
  4930.29 8.3640e-13   4948.99 1 
  4933.03 8.5597e-13   4951.74 1 
  4935.77 8.7948e-13   4954.49 1 
  4938.51 8.8285e-13   4957.24 1 
  4941.25 9.0575e-13   4959.99 1 
  4943.99 9.5284e-13   4962.74 1 
  4946.73 1.0107e-12   4965.49 1 
  4949.47 1.0677e-12   4968.24 1 
  4952.21 1.1342e-12   4970.99 1 
  4954.95 1.2142e-12   4973.74 1 
  4957.69 1.2977e-12   4976.49 1 
  4960.43 1.3434e-12   4979.24 1 
  4963.16 1.3250e-12   4981.99 1 
  4965.90 1.2468e-12   4984.74 1 
  4968.64 1.1403e-12   4987.49 1 
  4971.38 1.0501e-12   4990.24 1 
  4974.12 9.9546e-13   4992.99 1 
  4976.86 9.6490e-13   4995.74 1 
  4979.60 9.3220e-13   4998.49 1 
  4982.34 9.2266e-13   5001.24 1 
  4985.08 9.4365e-13   5003.99 1 
  4987.82 9.9962e-13   5006.74 1 
  4990.56 1.1180e-12   5009.49 1 
  4993.30 1.2479e-12   5012.24 1 
  4996.04 1.3936e-12   5014.99 1 
  4998.78 1.5285e-12   5017.74 1 
  5001.52 1.7319e-12   5020.49 1 
  5004.26 1.9810e-12   5023.24 1 
  5007.00 2.2498e-12   5025.99 1 
  5009.74 2.3399e-12   5028.74 1 
  5012.48 2.1474e-12   5031.49 1 
  5015.22 1.7864e-12   5034.24 1 
  5017.96 1.4658e-12   5036.99 1 
  5020.70 1.2464e-12   5039.74 1 
  5023.44 1.0684e-12   5042.49 1 
  5026.18 9.5010e-13   5045.24 1 
  5028.92 8.9602e-13   5047.99 1 
  5031.66 8.4686e-13   5050.74 1 
  5034.39 8.2823e-13   5053.49 1 
  5037.13 8.1720e-13   5056.24 1 
  5039.87 8.0270e-13   5058.99 1 
  5042.61 7.7556e-13   5061.74 1 
  5045.35 7.6961e-13   5064.49 1 
  5048.09 7.8991e-13   5067.24 1 
  5050.83 7.9520e-13   5069.99 1 
  5053.57 8.0075e-13   5072.74 1 
  5056.31 7.9772e-13   5075.49 1 
  5059.05 8.1035e-13   5078.24 1 
  5061.79 8.2334e-13   5080.99 1 
  5064.53 8.2112e-13   5083.74 1 
  5067.27 8.1321e-13   5086.49 1 
  5070.01 8.0166e-13   5089.24 1 
  5072.75 7.7738e-13   5091.99 1 
  5075.49 7.9111e-13   5094.74 1 
  5078.23 7.7801e-13   5097.49 1 
  5080.97 7.7410e-13   5100.24 1 
  5083.71 7.7137e-13   5102.99 1 
  5086.45 7.8029e-13   5105.74 1 
  5089.19 7.8671e-13   5108.49 1 
  5091.93 7.9539e-13   5111.24 1 
  5094.67 8.0276e-13   5113.99 1 
  5097.41 8.0534e-13   5116.74 1 
  5100.15 7.9319e-13   5119.49 1 
  5102.88 7.9169e-13   5122.24 1 
  5105.62 7.8439e-13   5124.99 1 
  5108.36 7.8523e-13   5127.74 1 
  5111.10 7.9011e-13   5130.49 1 
  5113.84 7.9889e-13   5133.24 1 
  5116.58 8.0152e-13   5135.99 1 
  5119.32 8.0891e-13   5138.74 1 
  5122.06 8.1580e-13   5141.49 1 
  5124.80 7.9307e-13   5144.24 1 
  5127.54 7.7771e-13   5146.99 1 
  5130.28 7.7091e-13   5149.74 1 
  5133.02 7.6962e-13   5152.49 1 
  5135.76 7.7359e-13   5155.24 1 
  5138.50 7.8015e-13   5157.99 1 
  5141.24 7.7986e-13   5160.74 1 
  5143.98 7.7921e-13   5163.49 1 
  5146.72 7.7790e-13   5166.24 1 
  5149.46 7.7583e-13   5168.99 1 
  5152.20 7.7584e-13   5171.74 1 
  5154.94 7.7781e-13   5174.49 1 
  5157.68 7.8724e-13   5177.24 1 
  5160.42 7.8913e-13   5179.99 1 
  5163.16 7.7895e-13   5182.74 1 
  5165.90 7.5646e-13   5185.49 1 
  5168.64 7.2161e-13   5188.24 1 
  5171.38 6.8881e-13   5190.99 1 
  5174.11 6.8427e-13   5193.74 1 
  5176.85 6.9723e-13   5196.49 1 
  5179.59 7.2892e-13   5199.24 1 
  5182.33 7.4632e-13   5201.99 1 
  5185.07 7.3327e-13   5204.74 1 
  5187.81 7.3088e-13   5207.49 1 
  5190.55 7.3294e-13   5210.24 1 
  5193.29 7.5440e-13   5212.99 1 
  5196.03 7.8966e-13   5215.74 1 
  5198.77 8.0783e-13   5218.49 1 
  5201.51 8.2564e-13   5221.24 1 
  5204.25 8.2176e-13   5223.99 1 
  5206.99 7.9996e-13   5226.74 1 
  5209.73 7.7954e-13   5229.49 1 
  5212.47 7.6198e-13   5232.24 1 
  5215.21 7.6111e-13   5234.99 1 
  5217.95 7.9438e-13   5237.74 1 
  5220.69 7.9570e-13   5240.49 1 
  5223.43 7.8721e-13   5243.24 1 
  5226.17 7.8300e-13   5245.99 1 
  5228.91 7.7481e-13   5248.74 1 
  5231.65 7.7678e-13   5251.49 1 
  5234.39 7.8596e-13   5254.24 1 
  5237.13 7.9220e-13   5256.99 1 
  5239.87 8.1663e-13   5259.74 1 
  5242.61 8.2045e-13   5262.49 1 
  5245.34 8.1875e-13   5265.24 1 
  5248.08 8.1042e-13   5267.99 1 
  5250.82 7.9924e-13   5270.74 1 
  5253.56 7.9341e-13   5273.49 1 
  5256.30 8.0072e-13   5276.24 1 
  5259.04 8.0516e-13   5278.99 1 
  5261.78 7.9148e-13   5281.74 1 
  5264.52 7.8241e-13   5284.49 1 
  5267.26 7.5645e-13   5287.24 1 
  5270.00 7.3437e-13   5289.99 1 
  5272.74 7.2910e-13   5292.74 1 
  5275.48 7.4463e-13   5295.49 1 
  5278.22 7.7420e-13   5298.24 1 
  5280.96 8.0984e-13   5300.99 1 
  5283.70 8.1667e-13   5303.74 1 
  5286.44 8.2828e-13   5306.49 1 
  5289.18 8.5000e-13   5309.24 1 
  5291.92 8.5935e-13   5311.99 1 
  5294.66 8.5908e-13   5314.74 1 
  5297.40 8.5001e-13   5317.49 1 
  5300.14 8.3690e-13   5320.24 1 
  5302.88 8.2768e-13   5322.99 1 
  5305.62 8.3495e-13   5325.74 1 
  5308.36 8.5845e-13   5328.49 1 
  5311.10 8.5821e-13   5331.24 1 
  5313.83 8.6841e-13   5333.99 1 
  5316.57 8.6480e-13   5336.74 1 
  5319.31 8.5605e-13   5339.49 1 
  5322.05 8.3183e-13   5342.24 1 
  5324.79 8.3309e-13   5344.99 1 
  5327.53 8.3007e-13   5347.74 1 
  5330.27 7.9380e-13   5350.49 1 
  5333.01 7.9104e-13   5353.24 1 
  5335.75 8.1436e-13   5355.99 1 
  5338.49 8.3102e-13   5358.74 1 
  5341.23 8.2692e-13   5361.49 1 
  5343.97 8.2075e-13   5364.24 1 
  5346.71 8.2560e-13   5366.99 1 
  5349.45 8.3363e-13   5369.74 1 
  5352.19 8.3420e-13   5372.49 1 
  5354.93 8.6055e-13   5375.24 1 
  5357.67 8.7195e-13   5377.99 1 
  5360.41 8.6808e-13   5380.74 1 
  5363.15 8.6095e-13   5383.49 1 
  5365.89 8.5604e-13   5386.24 1 
  5368.63 8.2944e-13   5388.99 1 
  5371.37 8.1206e-13   5391.74 1 
  5374.11 8.1738e-13   5394.49 1 
  5376.85 8.2100e-13   5397.24 1 
  5379.59 8.3645e-13   5399.99 1 
  5382.33 8.3522e-13   5402.74 1 
  5385.06 8.3212e-13   5405.49 1 
  5387.80 8.3382e-13   5408.24 1 
  5390.54 8.2287e-13   5410.99 1 
  5393.28 8.2333e-13   5413.74 1 
  5396.02 8.1546e-13   5416.49 1 
  5398.76 7.9565e-13   5419.24 1 
  5401.50 8.0123e-13   5421.99 1 
  5404.24 8.1977e-13   5424.74 1 
  5406.98 8.0202e-13   5427.49 1 
  5409.72 7.8770e-13   5430.24 1 
  5412.46 7.9197e-13   5432.99 1 
  5415.20 8.1194e-13   5435.74 1 
  5417.94 8.1792e-13   5438.49 1 
  5420.68 8.2334e-13   5441.24 1 
  5423.42 8.3569e-13   5443.99 1 
  5426.16 8.3094e-13   5446.74 1 
  5428.90 8.2504e-13   5449.49 1 
  5431.64 8.2602e-13   5452.24 1 
  5434.38 8.1442e-13   5454.99 1 
  5437.12 8.1886e-13   5457.74 1 
  5439.86 8.3047e-13   5460.49 1 
  5442.60 8.3972e-13   5463.24 1 
  5445.34 8.4896e-13   5465.99 1 
  5448.08 8.2914e-13   5468.74 1 
  5450.82 8.3427e-13   5471.49 1 
  5453.55 8.2210e-13   5474.24 1 
  5456.29 8.1291e-13   5476.99 1 
  5459.03 8.1821e-13   5479.74 1 
  5461.77 8.1644e-13   5482.49 1 
  5464.51 8.1769e-13   5485.24 1 
  5467.25 8.1283e-13   5487.99 1 
  5469.99 8.2360e-13   5490.74 1 
  5472.73 8.1452e-13   5493.49 1 
  5475.47 8.1181e-13   5496.24 1 
  5478.21 8.0865e-13   5498.99 1 
  5480.95 7.9075e-13   5501.74 1 
  5483.69 7.9415e-13   5504.49 1 
  5486.43 8.1436e-13   5507.24 1 
  5489.17 8.2243e-13   5509.99 1 
  5491.91 8.2743e-13   5512.74 1 
  5494.65 8.2105e-13   5515.49 1 
  5497.39 8.2030e-13   5518.24 1 
  5500.13 8.3044e-13   5520.99 1 
  5502.87 8.2722e-13   5523.74 1 
  5505.61 8.1893e-13   5526.49 1 
  5508.35 8.1429e-13   5529.24 1 
  5511.09 8.1227e-13   5531.99 1 
  5513.83 8.0757e-13   5534.74 1 
  5516.57 8.0692e-13   5537.49 1 
  5519.31 8.2388e-13   5540.24 1 
  5522.05 8.3839e-13   5542.99 1 
  5524.78 8.3198e-13   5545.74 1 
  5527.52 8.1457e-13   5548.49 1 
  5530.26 8.2217e-13   5551.24 1 
  5533.00 8.2118e-13   5553.99 1 
  5535.74 8.1429e-13   5556.74 1 
  5538.48 8.1126e-13   5559.49 1 
  5541.22 8.2380e-13   5562.24 1 
  5543.96 8.2420e-13   5564.99 1 
  5546.70 8.3787e-13   5567.74 1 
  5549.44 8.3435e-13   5570.49 1 
  5552.18 8.5241e-13   5573.24 1 
  5554.92 8.4379e-13   5575.99 1 
  5557.66 8.4715e-13   5578.74 1 
  5560.40 8.2908e-13   5581.49 1 
  5563.14 8.3388e-13   5584.24 1 
  5565.88 8.2786e-13   5586.99 1 
  5568.62 8.3315e-13   5589.74 1 
  5571.36 8.1497e-13   5592.49 1 
  5574.10 8.1244e-13   5595.24 1 
  5576.84 8.2881e-13   5597.99 1 
  5579.58 8.3614e-13   5600.74 1 
  5582.32 8.2371e-13   5603.49 1 
  5585.06 8.1259e-13   5606.24 1 
  5587.80 8.0700e-13   5608.99 1 
  5590.54 7.9457e-13   5611.74 1 
  5593.27 7.8435e-13   5614.49 1 
  5596.01 7.8953e-13   5617.24 1 
  5598.75 8.0438e-13   5619.99 1 
  5601.49 7.9532e-13   5622.74 1 
  5604.23 8.0331e-13   5625.49 1 
  5606.97 8.2542e-13   5628.24 1 
  5609.71 8.4314e-13   5630.99 1 
  5612.45 8.4683e-13   5633.74 1 
  5615.19 8.4616e-13   5636.49 1 
  5617.93 8.3112e-13   5639.24 1 
  5620.67 8.2013e-13   5641.99 1 
  5623.41 8.1548e-13   5644.74 1 
  5626.15 8.1492e-13   5647.49 1 
  5628.89 8.2007e-13   5650.24 1 
  5631.63 8.1987e-13   5652.99 1 
  5634.37 8.3713e-13   5655.74 1 
  5637.11 8.3009e-13   5658.49 1 
  5639.85 8.1465e-13   5661.24 1 
  5642.59 8.0490e-13   5663.99 1 
  5645.33 8.0830e-13   5666.74 1 
  5648.07 8.1690e-13   5669.49 1 
  5650.81 8.2149e-13   5672.24 1 
  5653.55 8.2476e-13   5674.99 1 
  5656.29 8.1543e-13   5677.74 1 
  5659.03 8.1160e-13   5680.49 1 
  5661.77 8.0289e-13   5683.24 1 
  5664.50 8.0266e-13   5685.99 1 
  5667.24 7.9818e-13   5688.74 1 
  5669.98 8.1291e-13   5691.49 1 
  5672.72 8.2716e-13   5694.24 1 
  5675.46 8.2923e-13   5696.99 1 
  5678.20 8.3196e-13   5699.74 1 
  5680.94 8.3366e-13   5702.49 1 
  5683.68 8.2503e-13   5705.24 1 
  5686.42 8.0802e-13   5707.99 1 
  5689.16 8.0031e-13   5710.74 1 
  5691.90 8.0640e-13   5713.49 1 
  5694.64 8.2309e-13   5716.24 1 
  5697.38 8.3482e-13   5718.99 1 
  5700.12 8.2874e-13   5721.74 1 
  5702.86 8.2921e-13   5724.49 1 
  5705.60 8.1388e-13   5727.24 1 
  5708.34 8.0803e-13   5729.99 1 
  5711.08 8.0253e-13   5732.74 1 
  5713.82 8.0580e-13   5735.49 1 
  5716.56 8.1448e-13   5738.24 1 
  5719.30 8.1975e-13   5740.99 1 
  5722.04 8.3593e-13   5743.74 1 
  5724.78 8.4594e-13   5746.49 1 
  5727.52 8.4704e-13   5749.24 1 
  5730.26 8.4538e-13   5751.99 1 
  5732.99 8.6024e-13   5754.74 1 
  5735.73 8.4460e-13   5757.49 1 
  5738.47 8.4359e-13   5760.24 1 
  5741.21 8.5083e-13   5762.99 1 
  5743.95 8.5019e-13   5765.74 1 
  5746.69 8.4955e-13   5768.49 1 
  5749.43 8.5754e-13   5771.24 1 
  5752.17 8.4795e-13   5773.99 1 
  5754.91 8.5167e-13   5776.74 1 
  5757.65 8.3407e-13   5779.49 1 
  5760.39 8.3903e-13   5782.24 1 
  5763.13 8.3222e-13   5784.99 1 
  5765.87 8.3658e-13   5787.74 1 
  5768.61 8.2920e-13   5790.49 1 
  5771.35 8.4739e-13   5793.24 1 
  5774.09 8.3276e-13   5795.99 1 
  5776.83 8.2426e-13   5798.74 1 
  5779.57 8.2006e-13   5801.49 1 
  5782.31 8.1606e-13   5804.24 1 
  5785.05 7.8954e-13   5806.99 1 
  5787.79 7.7760e-13   5809.74 1 
  5790.53 7.9236e-13   5812.49 1 
  5793.27 8.1630e-13   5815.24 1 
  5796.01 8.2153e-13   5817.99 1 
  5798.75 8.3780e-13   5820.74 1 
  5801.49 8.4431e-13   5823.49 1 
  5804.22 8.4557e-13   5826.24 1 
  5806.96 8.5467e-13   5828.99 1 
  5809.70 8.4232e-13   5831.74 1 
  5812.44 8.5674e-13   5834.49 1 
  5815.18 8.3385e-13   5837.24 1 
  5817.92 8.4777e-13   5839.99 1 
  5820.66 8.3809e-13   5842.74 1 
  5823.40 8.5580e-13   5845.49 1 
  5826.14 8.4868e-13   5848.24 1 
  5828.88 8.4432e-13   5850.99 1 
  5831.62 8.5226e-13   5853.74 1 
  5834.36 8.4742e-13   5856.49 1 
  5837.10 8.5385e-13   5859.24 1 
  5839.84 8.6006e-13   5861.99 1 
  5842.58 8.4853e-13   5864.74 1 
  5845.32 8.5746e-13   5867.49 1 
  5848.06 8.4265e-13   5870.24 1 
  5850.80 8.5200e-13   5872.99 1 
  5853.54 8.4530e-13   5875.74 1 
  5856.28 8.2715e-13   5878.49 1 
  5859.02 8.3419e-13   5881.24 1 
  5861.76 8.1515e-13   5883.99 1 
  5864.50 8.2260e-13   5886.74 1 
  5867.24 8.2884e-13   5889.49 1 
  5869.98 8.5845e-13   5892.24 1 
  5872.72 8.4707e-13   5894.99 1 
  5875.45 7.9027e-13   5897.74 1 
  5878.19 8.5360e-13   5900.49 1 
  5880.93 7.9042e-13   5903.24 1 
  5883.67 8.2639e-13   5905.99 1 
  5886.41 7.6938e-13   5908.74 1 
  5889.15 7.9460e-13   5911.49 1 
  5891.89 7.3343e-13   5914.24 1 
  5894.63 7.3101e-13   5916.99 1 
  5897.37 7.2136e-13   5919.74 1 
  5900.11 7.3032e-13   5922.49 1 
  5902.85 7.5020e-13   5925.24 1 
  5905.59 7.8574e-13   5927.99 1 
  5908.33 7.9543e-13   5930.74 1 
  5911.07 8.0468e-13   5933.49 1 
  5913.81 8.1281e-13   5936.24 1 
  5916.55 8.1827e-13   5938.99 1 
  5919.29 8.1596e-13   5941.74 1 
  5922.03 8.2143e-13   5944.49 1 
  5924.77 8.2071e-13   5947.24 1 
  5927.51 8.2100e-13   5949.99 1 
  5930.25 8.2441e-13   5952.74 1 
  5932.99 8.0848e-13   5955.49 1 
  5935.73 8.3033e-13   5958.24 1 
  5938.47 8.0484e-13   5960.99 1 
  5941.21 8.0567e-13   5963.74 1 
  5943.94 8.1915e-13   5966.49 1 
  5946.68 8.2873e-13   5969.24 1 
  5949.42 8.1886e-13   5971.99 1 
  5952.16 8.1653e-13   5974.74 1 
  5954.90 8.0536e-13   5977.49 1 
  5957.64 8.0760e-13   5980.24 1 
  5960.38 8.0732e-13   5982.99 1 
  5963.12 8.0780e-13   5985.74 1 
  5965.86 8.0895e-13   5988.49 1 
  5968.60 8.1474e-13   5991.24 1 
  5971.34 8.1954e-13   5993.99 1 
  5974.08 8.3524e-13   5996.74 1 
  5976.82 8.3255e-13   5999.49 1 
  5979.56 8.2718e-13   6002.24 1 
  5982.30 8.1444e-13   6004.99 1 
  5985.04 8.1324e-13   6007.74 1 
  5987.78 8.0468e-13   6010.49 1 
  5990.52 7.9793e-13   6013.24 1 
  5993.26 8.0575e-13   6015.99 1 
  5996.00 8.0862e-13   6018.74 1 
  5998.74 8.0508e-13   6021.49 1 
  6001.48 8.0700e-13   6024.24 1 
  6004.22 8.0302e-13   6026.99 1 
  6006.96 7.9493e-13   6029.74 1 
  6009.70 8.0169e-13   6032.49 1 
  6012.44 7.8468e-13   6035.24 1 
  6015.17 7.9260e-13   6037.99 1 
  6017.91 7.8988e-13   6040.74 1 
  6020.65 7.8363e-13   6043.49 1 
  6023.39 7.8745e-13   6046.24 1 
  6026.13 8.0032e-13   6048.99 1 
  6028.87 8.1096e-13   6051.74 1 
  6031.61 8.2732e-13   6054.49 1 
  6034.35 8.2915e-13   6057.24 1 
  6037.09 8.3343e-13   6059.99 1 
  6039.83 8.3501e-13   6062.74 1 
  6042.57 8.2277e-13   6065.49 1 
  6045.31 8.2956e-13   6068.24 1 
  6048.05 8.2791e-13   6070.99 1 
  6050.79 8.2810e-13   6073.74 1 
  6053.53 8.2536e-13   6076.49 1 
  6056.27 8.2383e-13   6079.24 1 
  6059.01 8.3387e-13   6081.99 1 
  6061.75 8.2120e-13   6084.74 1 
  6064.49 8.1775e-13   6087.49 1 
  6067.23 8.2011e-13   6090.24 1 
  6069.97 8.3345e-13   6092.99 1 
  6072.71 8.3871e-13   6095.74 1 
  6075.45 8.2192e-13   6098.49 1 
  6078.19 8.3257e-13   6101.24 1 
  6080.93 8.2927e-13   6103.99 1 
  6083.66 8.2376e-13   6106.74 1 
  6086.40 8.2720e-13   6109.49 1 
  6089.14 8.3521e-13   6112.24 1 
  6091.88 8.1660e-13   6114.99 1 
  6094.62 8.1702e-13   6117.74 1 
  6097.36 8.2481e-13   6120.49 1 
  6100.10 8.2662e-13   6123.24 1 
  6102.84 8.1940e-13   6125.99 1 
  6105.58 8.0127e-13   6128.74 1 
  6108.32 8.0197e-13   6131.49 1 
  6111.06 8.0836e-13   6134.24 1 
  6113.80 8.1625e-13   6136.99 1 
  6116.54 8.1362e-13   6139.74 1 
  6119.28 8.1371e-13   6142.49 1 
  6122.02 8.0435e-13   6145.24 1 
  6124.76 8.0340e-13   6147.99 1 
  6127.50 7.9783e-13   6150.74 1 
  6130.24 8.0987e-13   6153.49 1 
  6132.98 7.9062e-13   6156.24 1 
  6135.72 8.0102e-13   6158.99 1 
  6138.46 8.0350e-13   6161.74 1 
  6141.20 7.8974e-13   6164.49 1 
  6143.94 7.8579e-13   6167.24 1 
  6146.68 8.1123e-13   6169.99 1 
  6149.42 7.9794e-13   6172.74 1 
  6152.16 7.9121e-13   6175.49 1 
  6154.89 7.9957e-13   6178.24 1 
  6157.63 7.7383e-13   6180.99 1 
  6160.37 7.7471e-13   6183.74 1 
  6163.11 7.5094e-13   6186.49 1 
  6165.85 7.7232e-13   6189.24 1 
  6168.59 7.6062e-13   6191.99 1 
  6171.33 7.4504e-13   6194.74 1 
  6174.07 7.6188e-13   6197.49 1 
  6176.81 7.7388e-13   6200.24 1 
  6179.55 7.7410e-13   6202.99 1 
  6182.29 7.8642e-13   6205.74 1 
  6185.03 7.9389e-13   6208.49 1 
  6187.77 7.8045e-13   6211.24 1 
  6190.51 7.7207e-13   6213.99 1 
  6193.25 7.7146e-13   6216.74 1 
  6195.99 7.8253e-13   6219.49 1 
  6198.73 7.8421e-13   6222.24 1 
  6201.47 7.8167e-13   6224.99 1 
  6204.21 7.7753e-13   6227.74 1 
  6206.95 7.7513e-13   6230.49 1 
  6209.69 7.7975e-13   6233.24 1 
  6212.43 7.8601e-13   6235.99 1 
  6215.17 7.8044e-13   6238.74 1 
  6217.91 7.6629e-13   6241.49 1 
  6220.65 7.6353e-13   6244.24 1 
  6223.38 7.5534e-13   6246.99 1 
  6226.12 7.5524e-13   6249.74 1 
  6228.86 7.5932e-13   6252.49 1 
  6231.60 7.7046e-13   6255.24 1 
  6234.34 7.6987e-13   6257.99 1 
  6237.08 7.6975e-13   6260.74 1 
  6239.82 7.5973e-13   6263.49 1 
  6242.56 7.5355e-13   6266.24 1 
  6245.30 7.3566e-13   6268.99 1 
  6248.04 7.6473e-13   6271.74 1 
  6250.78 7.6598e-13   6274.49 1 
  6253.52 7.6634e-13   6277.24 1 
  6256.26 7.4630e-13   6279.99 1 
  6259.00 7.7287e-13   6282.74 1 
  6261.74 7.7119e-13   6285.49 1 
  6264.48 7.6945e-13   6288.24 1 
  6267.22 7.7877e-13   6290.99 1 
  6269.96 7.9101e-13   6293.74 1 
  6272.70 7.8821e-13   6296.49 1 
  6275.44 7.9187e-13   6299.24 1 
  6278.18 7.8570e-13   6301.99 1 
  6280.92 7.8937e-13   6304.74 1 
  6283.66 7.8628e-13   6307.49 1 
  6286.40 8.0458e-13   6310.24 1 
  6289.14 8.1636e-13   6312.99 1 
  6291.88 7.9172e-13   6315.74 1 
  6294.61 8.0446e-13   6318.49 1 
  6297.35 8.3054e-13   6321.24 1 
  6300.09 8.5866e-13   6323.99 1 
  6302.83 8.6481e-13   6326.74 1 
  6305.57 8.5607e-13   6329.49 1 
  6308.31 8.4432e-13   6332.24 1 
  6311.05 8.1899e-13   6334.99 1 
  6313.79 7.9570e-13   6337.74 1 
  6316.53 7.9225e-13   6340.49 1 
  6319.27 7.8518e-13   6343.24 1 
  6322.01 7.9305e-13   6345.99 1 
  6324.75 7.9729e-13   6348.74 1 
  6327.49 8.0416e-13   6351.49 1 
  6330.23 8.0485e-13   6354.24 1 
  6332.97 7.9578e-13   6356.99 1 
  6335.71 7.9660e-13   6359.74 1 
  6338.45 7.9422e-13   6362.49 1 
  6341.19 7.8980e-13   6365.24 1 
  6343.93 7.8621e-13   6367.99 1 
  6346.67 8.0376e-13   6370.74 1 
  6349.41 7.9709e-13   6373.49 1 
  6352.15 8.1012e-13   6376.24 1 
  6354.89 7.9940e-13   6378.99 1 
  6357.63 7.9058e-13   6381.74 1 
  6360.37 7.8583e-13   6384.49 1 
  6363.10 7.8540e-13   6387.24 1 
  6365.84 7.8463e-13   6389.99 1 
  6368.58 8.0582e-13   6392.74 1 
  6371.32 8.1419e-13   6395.49 1 
  6374.06 8.1120e-13   6398.24 1 
  6376.80 8.1141e-13   6400.99 1 
  6379.54 8.1053e-13   6403.74 1 
  6382.28 8.0450e-13   6406.49 1 
  6385.02 8.0550e-13   6409.24 1 
  6387.76 8.0545e-13   6411.99 1 
  6390.50 8.0806e-13   6414.74 1 
  6393.24 7.9932e-13   6417.49 1 
  6395.98 8.0415e-13   6420.24 1 
  6398.72 8.0460e-13   6422.99 1 
  6401.46 7.9445e-13   6425.74 1 
  6404.20 8.0359e-13   6428.49 1 
  6406.94 7.9459e-13   6431.24 1 
  6409.68 8.0543e-13   6433.99 1 
  6412.42 7.9929e-13   6436.74 1 
  6415.16 8.1128e-13   6439.49 1 
  6417.90 8.0072e-13   6442.24 1 
  6420.64 7.8094e-13   6444.99 1 
  6423.38 8.1508e-13   6447.74 1 
  6426.12 8.0923e-13   6450.49 1 
  6428.86 8.2074e-13   6453.24 1 
  6431.60 8.1438e-13   6455.99 1 
  6434.33 7.9263e-13   6458.74 1 
  6437.07 8.0960e-13   6461.49 1 
  6439.81 8.1410e-13   6464.24 1 
  6442.55 8.1423e-13   6466.99 1 
  6445.29 8.1213e-13   6469.74 1 
  6448.03 8.0655e-13   6472.49 1 
  6450.77 7.8152e-13   6475.24 1 
  6453.51 8.0505e-13   6477.99 1 
  6456.25 7.7800e-13   6480.74 1 
  6458.99 7.9995e-13   6483.49 1 
  6461.73 7.9971e-13   6486.24 1 
  6464.47 7.9325e-13   6488.99 1 
  6467.21 8.1530e-13   6491.74 1 
  6469.95 8.0614e-13   6494.49 1 
  6472.69 8.0137e-13   6497.24 1 
  6475.43 8.1766e-13   6499.99 1 
  6478.17 8.0845e-13   6502.74 1 
  6480.91 7.9916e-13   6505.49 1 
  6483.65 8.0027e-13   6508.24 1 
  6486.39 7.8928e-13   6510.99 1 
  6489.13 7.9161e-13   6513.74 1 
  6491.87 7.8649e-13   6516.49 1 
  6494.61 7.5590e-13   6519.24 1 
  6497.35 7.4516e-13   6521.99 1 
  6500.09 7.3526e-13   6524.74 1 
  6502.83 7.4657e-13   6527.49 1 
  6505.56 7.7777e-13   6530.24 1 
  6508.30 7.7824e-13   6532.99 1 
  6511.04 7.8459e-13   6535.74 1 
  6513.78 7.8997e-13   6538.49 1 
  6516.52 7.7902e-13   6541.24 1 
  6519.26 8.0270e-13   6543.99 1 
  6522.00 8.1238e-13   6546.74 1 
  6524.74 8.0985e-13   6549.49 1 
  6527.48 8.1473e-13   6552.24 1 
  6530.22 8.4276e-13   6554.99 1 
  6532.96 8.6788e-13   6557.74 1 
  6535.70 8.8128e-13   6560.49 1 
  6538.44 9.3624e-13   6563.24 1 
  6541.18 1.0009e-12   6565.99 1 
  6543.92 1.0800e-12   6568.74 1 
  6546.66 1.2142e-12   6571.49 1 
  6549.40 1.3491e-12   6574.24 1 
  6552.14 1.4122e-12   6576.99 1 
  6554.88 1.4017e-12   6579.74 1 
  6557.62 1.4472e-12   6582.49 1 
  6560.36 1.7005e-12   6585.24 1 
  6563.10 2.1391e-12   6587.99 1 
  6565.84 2.4386e-12   6590.74 1 
  6568.58 2.3215e-12   6593.49 1 
  6571.32 1.9299e-12   6596.24 1 
  6574.05 1.6027e-12   6598.99 1 
  6576.79 1.4962e-12   6601.74 1 
  6579.53 1.6307e-12   6604.49 1 
  6582.27 1.9413e-12   6607.24 1 
  6585.01 2.2329e-12   6609.99 1 
  6587.75 2.2518e-12   6612.74 1 
  6590.49 1.9462e-12   6615.49 1 
  6593.23 1.5301e-12   6618.24 1 
  6595.97 1.2373e-12   6620.99 1 
  6598.71 1.0820e-12   6623.74 1 
  6601.45 1.0008e-12   6626.49 1 
  6604.19 9.3616e-13   6629.24 1 
  6606.93 8.9459e-13   6631.99 1 
  6609.67 8.5108e-13   6634.74 1 
  6612.41 8.3404e-13   6637.49 1 
  6615.15 8.3727e-13   6640.24 1 
  6617.89 8.2363e-13   6642.99 1 
  6620.63 8.2953e-13   6645.74 1 
  6623.37 8.2257e-13   6648.49 1 
  6626.11 8.1005e-13   6651.24 1 
  6628.85 8.1920e-13   6653.99 1 
  6631.59 8.1058e-13   6656.74 1 
  6634.33 7.9775e-13   6659.49 1 
  6637.07 7.9441e-13   6662.24 1 
  6639.81 8.0226e-13   6664.99 1 
  6642.55 8.1200e-13   6667.74 1 
  6645.28 7.9633e-13   6670.49 1 
  6648.02 8.1632e-13   6673.24 1 
  6650.76 7.8794e-13   6675.99 1 
  6653.50 8.2944e-13   6678.74 1 
  6656.24 7.9523e-13   6681.49 1 
  6658.98 8.1505e-13   6684.24 1 
  6661.72 7.6527e-13   6686.99 1 
  6664.46 8.1879e-13   6689.74 1 
  6667.20 7.6953e-13   6692.49 1 
  6669.94 8.1420e-13   6695.24 1 
  6672.68 7.8405e-13   6697.99 1 
  6675.42 8.1156e-13   6700.74 1 
  6678.16 7.8936e-13   6703.49 1 
  6680.90 8.0346e-13   6706.24 1 
  6683.64 7.9609e-13   6708.99 1 
  6686.38 8.1454e-13   6711.74 1 
  6689.12 7.8727e-13   6714.49 1 
  6691.86 7.9055e-13   6717.24 1 
  6694.60 7.9831e-13   6719.99 1 
  6697.34 8.0424e-13   6722.74 1 
  6700.08 8.1788e-13   6725.49 1 
  6702.82 8.0625e-13   6728.24 1 
  6705.56 8.2009e-13   6730.99 1 
  6708.30 8.2774e-13   6733.74 1 
  6711.04 8.8227e-13   6736.49 1 
  6713.77 9.2665e-13   6739.24 1 
  6716.51 1.0364e-12   6741.99 1 
  6719.25 1.0990e-12   6744.74 1 
  6721.99 1.0959e-12   6747.49 1 
  6724.73 1.0294e-12   6750.24 1 
  6727.47 9.9810e-13   6752.99 1 
  6730.21 1.0267e-12   6755.74 1 
  6732.95 1.0564e-12   6758.49 1 
  6735.69 1.0578e-12   6761.24 1 
  6738.43 9.7579e-13   6763.99 1 
  6741.17 8.9058e-13   6766.74 1 
  6743.91 8.4135e-13   6769.49 1 
  6746.65 8.2404e-13   6772.24 1 
  6749.39 8.2253e-13   6774.99 1 
  6752.13 8.0772e-13   6777.74 1 
  6754.87 7.9865e-13   6780.49 1 
  6757.61 7.9285e-13   6783.24 1 
  6760.35 7.9311e-13   6785.99 1 
  6763.09 8.0467e-13   6788.74 1 
  6765.83 8.0606e-13   6791.49 1 
  6768.57 8.0715e-13   6794.24 1 
  6771.31 7.8862e-13   6796.99 1 
  6774.05 8.0736e-13   6799.74 1 
  6776.79 8.0728e-13   6802.49 1 
  6779.53 8.0065e-13   6805.24 1 
  6782.27 7.9605e-13   6807.99 1 
  6785.00 7.9435e-13   6810.74 1 
  6787.74 8.0534e-13   6813.49 1 
  6790.48 7.9415e-13   6816.24 1 
  6793.22 7.9110e-13   6818.99 1 
  6795.96 7.8617e-13   6821.74 1 
  6798.70 7.9156e-13   6824.49 1 
  6801.44 7.9708e-13   6827.24 1 
  6804.18 8.0948e-13   6829.99 1 
  6813.27 7.7932e-13   6839.12 0 
  6828.98 7.8641e-13   6854.88 0 
  6844.72 7.7908e-13   6870.68 0 
  6860.50 7.6826e-13   6886.52 0 
  6876.32 7.6814e-13   6902.40 0 
  6892.17 7.4881e-13   6918.31 0 
  6908.06 7.6261e-13   6934.26 0 
  6923.98 7.6073e-13   6950.24 0 
  6939.94 7.8192e-13   6966.26 0 
  6955.94 7.8359e-13   6982.33 0 
  6971.98 7.8527e-13   6998.42 0 
  6988.05 7.7437e-13   7014.55 0 
  7004.15 7.7961e-13   7030.72 0 
  7020.30 7.7412e-13   7046.93 0 
  7036.49 7.7936e-13   7063.18 0 
  7052.71 8.0106e-13   7079.46 0 
  7068.97 7.4919e-13   7095.78 0 
  7085.26 7.7361e-13   7112.14 0 
  7101.59 7.3358e-13   7128.53 0 
  7117.97 7.2506e-13   7144.96 0 
  7134.37 7.1500e-13   7161.43 0 
  7150.82 7.2649e-13   7177.94 0 
  7167.31 7.2805e-13   7194.49 0 
  7183.83 7.1464e-13   7211.08 0 
  7200.39 6.9825e-13   7227.70 0 
  7216.98 7.1604e-13   7244.36 0 
  7233.62 7.4622e-13   7261.06 0 
  7250.30 7.3247e-13   7277.80 0 
  7267.01 7.4425e-13   7294.57 0 
  7283.76 7.3730e-13   7311.39 0 
  7300.55 7.2706e-13   7328.25 0 
  7317.38 7.4216e-13   7345.14 0 
  7334.25 7.4717e-13   7362.07 0 
  7351.16 7.6269e-13   7379.04 0 
  7368.11 7.6431e-13   7396.05 0 
  7385.09 7.8559e-13   7413.10 0 
  7402.12 7.7112e-13   7430.19 0 
  7419.18 7.6392e-13   7447.32 0 
  7436.28 7.8699e-13   7464.49 0 
  7453.43 7.6014e-13   7481.70 0 
  7470.61 7.5652e-13   7498.94 0 
  7487.83 7.7579e-13   7516.23 0 
  7505.09 7.7387e-13   7533.56 0 
  7522.39 7.8089e-13   7550.92 0 
  7539.73 7.7895e-13   7568.33 0 
  7557.11 7.8783e-13   7585.78 0 
  7574.53 7.7689e-13   7603.26 0 
  7591.99 7.7318e-13   7620.79 0 
  7609.49 7.6949e-13   7638.36 0 
  7627.04 7.3642e-13   7655.97 0 
  7644.62 7.5344e-13   7673.61 0 
  7662.24 7.4812e-13   7691.30 0 
  7679.91 7.2927e-13   7709.04 0 
  7697.61 7.3082e-13   7726.81 0 
  7715.35 7.2566e-13   7744.62 0 
  7733.14 7.2053e-13   7762.47 0 
  7750.97 7.1709e-13   7780.37 0 
  7768.83 7.2027e-13   7798.30 0 
  7786.74 7.1190e-13   7816.28 0 
  7804.69 7.1013e-13   7834.30 0 
  7822.68 7.3326e-13   7852.36 0 
  7840.72 7.0174e-13   7870.46 0 
  7858.79 7.1795e-13   7888.60 0 
  7876.91 7.2781e-13   7906.79 0 
  7895.07 7.2935e-13   7925.01 0 
  7913.27 7.1921e-13   7943.28 0 
  7931.51 7.0270e-13   7961.59 0 
  7949.79 6.9293e-13   7979.95 0 
  7968.12 7.0894e-13   7998.34 0 
  7986.49 7.0718e-13   8016.78 0 
  8004.90 6.9895e-13   8035.26 0 
  8023.35 7.3007e-13   8053.78 0 
  8041.85 7.3669e-13   8072.35 0 
  8060.39 7.3316e-13   8090.96 0 
  8078.97 7.0326e-13   8109.61 0 
  8097.59 7.1291e-13   8128.31 0 
  8116.26 7.2103e-13   8147.04 0 
  8134.97 7.2588e-13   8165.82 0 
  8153.72 7.1579e-13   8184.65 0 
  8172.52 6.7406e-13   8203.52 0 
  8191.36 6.8174e-13   8222.43 0 
  8210.24 6.8791e-13   8241.38 0 
  8229.17 6.9734e-13   8260.38 0 
  8248.14 7.3175e-13   8279.42 0 
  8267.15 7.0352e-13   8298.51 0 
  8286.21 6.9694e-13   8317.64 0 
  8305.31 6.9360e-13   8336.81 0 
  8324.45 7.0798e-13   8356.03 0 
  8343.65 6.8539e-13   8375.29 0 
  8362.88 7.0445e-13   8394.60 0 
  8382.16 6.9946e-13   8413.95 0 
  8401.48 7.0579e-13   8433.35 0 
  8420.85 6.8327e-13   8452.79 0 
  8440.26 7.1698e-13   8472.27 0 
  8459.72 6.8457e-13   8491.80 0 
  8479.22 6.6578e-13   8511.38 0 
  8498.77 6.9702e-13   8531.00 0 
  8518.36 6.9208e-13   8550.67 0 
  8538.00 6.8244e-13   8570.38 0 
  8557.68 6.2514e-13   8590.14 0 
  8577.40 6.9166e-13   8609.94 0 
  8597.18 6.8203e-13   8629.79 0 
  8617.00 6.7719e-13   8649.68 0 
  8636.86 6.8647e-13   8669.62 0 
  8656.77 6.6303e-13   8689.60 0 
  8676.73 6.1157e-13   8709.64 0 
  8696.73 6.3002e-13   8729.71 0 
  8716.77 6.7339e-13   8749.84 0 
  8736.87 6.7480e-13   8770.01 0 
  8757.01 6.5326e-13   8790.23 0 
  8777.20 6.7452e-13   8810.49 0 
  8797.43 6.8692e-13   8830.80 0 
  8817.71 6.2347e-13   8851.16 0 
  8838.04 6.7565e-13   8871.56 0 
  8858.41 6.6932e-13   8892.01 0 
  8878.83 6.2884e-13   8912.51 0 
  8899.30 6.5380e-13   8933.05 0 
  8919.81 6.5820e-13   8953.65 0 
  8940.38 6.5202e-13   8974.29 0 
  8960.99 6.5640e-13   8994.98 0 
  8981.64 6.2241e-13   9015.71 0 
  9002.35 5.7808e-13   9036.50 0 
  9023.10 5.8870e-13   9057.33 0 
  9043.90 6.8045e-13   9078.20 0 
  9064.75 6.9295e-13   9099.13 0 
  9085.65 6.7392e-13   9120.11 0 
  9106.59 6.6148e-13   9141.13 0 
  9127.58 5.8806e-13   9162.20 0 
  9148.63 6.3874e-13   9183.33 0 
  9169.71 6.5348e-13   9204.50 0 
  9190.85 6.4735e-13   9225.71 0 
  9212.04 6.5019e-13   9246.98 0 
  9233.28 6.1794e-13   9268.30 0 
  9254.56 6.2208e-13   9289.66 0 
  9275.90 6.7882e-13   9311.08 0 
  9297.28 6.0905e-13   9332.54 0 
  9318.71 6.5548e-13   9354.06 0 
  9340.19 6.5836e-13   9375.62 0 
  9361.73 6.4769e-13   9397.23 0 
  9383.30 6.5655e-13   9418.90 0 
  9404.93 6.4146e-13   9440.61 0 
  9426.62 6.6385e-13   9462.37 0 
  9448.35 6.5460e-13   9484.18 0 
  9470.13 6.7278e-13   9506.05 0 
  9491.96 6.7263e-13   9527.96 0 
  9513.84 6.5115e-13   9549.93 0 
  9535.77 6.5250e-13   9571.94 0 
  9557.76 6.2586e-13   9594.01 0 
  9579.79 6.5220e-13   9616.12 0 
  9601.87 6.5808e-13   9638.29 0 
  9624.00 6.6249e-13   9660.51 0 
  9646.19 6.5476e-13   9682.78 0 
  9668.43 6.5310e-13   9705.10 0 
  9690.71 6.6203e-13   9727.47 0 
  9713.06 6.4830e-13   9749.90 0 
  9735.45 6.4073e-13   9772.37 0 
  9757.89 6.3764e-13   9794.90 0 
  9780.38 6.4191e-13   9817.48 0 
  9802.93 6.5068e-13   9840.11 0 
  9825.53 6.4308e-13   9862.79 0 
  9848.17 6.4590e-13   9885.53 0 
  9870.88 6.4278e-13   9908.32 0 
  9893.63 6.4263e-13   9931.16 0 
  9916.44 6.3952e-13   9954.05 0 
  9939.30 6.4677e-13   9977.00 0 
  9962.21 6.4960e-13  10000.00 0 
  9985.18 6.4795e-13  10023.05 0 
 10031.26 6.5213e-13  10069.31 0 
 10077.57 6.4139e-13  10115.80 0 
 10124.09 6.6667e-13  10162.49 0 
 10170.81 6.6328e-13  10209.39 0 
 10217.77 6.7684e-13  10256.52 0 
 10264.93 6.8434e-13  10303.86 0 
 10288.59 6.8574e-13  10327.61 0 
 10504.02 6.5642e-13  10543.86 0 
 10699.31 6.2011e-13  10739.90 0 
 10898.23 6.0879e-13  10939.56 0 
 11100.84 5.6425e-13  11142.94 0 
 11307.22 5.7209e-13  11350.10 0 
 11490.94 5.8273e-13  11534.53 0 
 11704.58 5.7209e-13  11748.98 0 
 11894.77 5.3023e-13  11939.88 0 
 12088.04 5.3885e-13  12133.89 0 
 12312.77 5.3637e-13  12359.47 0 
 12512.84 5.1460e-13  12560.30 0 
 12686.91 5.0521e-13  12735.03 0 
 12893.05 4.9827e-13  12941.96 0 
 13102.55 4.9257e-13  13152.25 0 
 13284.82 4.7366e-13  13335.21 0 
 13500.69 4.5969e-13  13551.89 0 
 13688.50 4.5130e-13  13740.42 0 
 13910.92 4.2704e-13  13963.68 0 
 14104.44 3.9945e-13  14157.94 0 
 14300.65 3.9671e-13  14354.90 0 
 14499.60 4.0315e-13  14554.59 0 
 14701.31 3.8589e-13  14757.07 0 
 14905.83 3.9671e-13  14962.36 0 
 15113.19 4.0501e-13  15170.51 0 
 15288.18 4.1636e-13  15346.17 0 
 15500.86 4.1254e-13  15559.65 0 
 15716.50 4.0222e-13  15776.11 0 
 15898.49 3.8324e-13  15958.79 0 
 16082.59 3.8060e-13  16143.59 0 
 16306.32 3.8148e-13  16368.17 0 
 16495.13 3.7972e-13  16557.70 0 
 16686.14 3.8501e-13  16749.43 0 
 16918.27 3.8678e-13  16982.44 0 
 17114.18 3.8589e-13  17179.09 0 
 17312.33 3.7365e-13  17378.00 0 
 17512.81 3.6097e-13  17579.23 0 
 17715.60 3.4235e-13  17782.79 0 
 17879.53 3.2394e-13  17947.34 0 
 18086.55 3.0302e-13  18155.15 0 
 18295.98 2.9476e-13  18365.38 0 
 18507.85 2.8279e-13  18578.05 0 
 18679.09 2.6636e-13  18749.94 0 
 18895.38 2.6150e-13  18967.05 0 
 19114.19 2.6030e-13  19186.69 0 
 19291.06 2.5496e-13  19364.23 0 
 19514.42 2.4574e-13  19588.44 0 
 19694.99 2.3576e-13  19769.70 0 
 19877.24 2.2828e-13  19952.63 0 
 20107.39 2.2515e-13  20183.66 0 
 20293.45 2.1952e-13  20370.42 0 
 20481.23 2.1952e-13  20558.92 0 
 20718.37 2.1700e-13  20796.96 0 
 20910.09 2.1452e-13  20989.40 0 
 21103.58 2.1304e-13  21183.62 0 
 21298.83 2.0964e-13  21379.62 0 
 21495.92 2.0676e-13  21577.45 0 
 21694.80 2.0113e-13  21777.09 0 
 21895.55 1.9791e-13  21978.60 0 
 22098.16 1.9296e-13  22181.97 0 
 22302.61 1.8813e-13  22387.21 0 
 22508.99 1.8385e-13  22594.36 0 
 22717.24 1.7925e-13  22803.41 0 
 22874.73 1.6050e-13  22961.49 0 
 23086.37 1.6032e-13  23173.93 0 
 23299.99 1.4134e-13  23388.37 0 
 23515.60 1.3290e-13  23604.79 0 
 23678.59 1.3544e-13  23768.40 0 
 23897.69 1.2561e-13  23988.34 0 
 24118.80 1.2087e-13  24210.28 0 
 24286.00 1.1790e-13  24378.11 0 
 24510.69 1.0784e-13  24603.66 0 
 24680.61 1.0375e-13  24774.22 0 
 24908.96 8.6744e-14  25003.44 0 
 25081.64 8.5003e-14  25176.77 0 
 25313.73 8.5644e-14  25409.74 0 
 25454.95 8.4697e-14  25551.50 2 
 25551.38 8.1099e-14  25648.30 2 
 25647.72 8.1379e-14  25745.00 2 
 25744.15 7.8136e-14  25841.80 2 
 25840.49 7.9276e-14  25938.50 2 
 25936.92 7.7866e-14  26035.30 2 
 26033.36 8.0964e-14  26132.10 2 
 26129.69 8.0790e-14  26228.80 2 
 26226.12 8.2617e-14  26325.60 2 
 26322.56 7.9761e-14  26422.40 2 
 26418.89 8.2186e-14  26519.10 2 
 26515.33 7.8982e-14  26615.90 2 
 26611.66 8.1910e-14  26712.60 2 
 26708.09 8.0218e-14  26809.40 2 
 26804.53 8.2589e-14  26906.20 2 
 26900.87 8.1367e-14  27002.90 2 
 26997.30 8.3506e-14  27099.70 2 
 27093.73 8.2141e-14  27196.50 2 
 27190.07 8.2373e-14  27293.20 2 
 27286.50 7.9731e-14  27390.00 2 
 27382.84 8.2345e-14  27486.70 2 
 27479.27 7.9574e-14  27583.50 2 
 27575.70 8.0829e-14  27680.30 2 
 27672.04 7.9208e-14  27777.00 2 
 27768.47 8.1103e-14  27873.80 2 
 27864.91 7.9847e-14  27970.60 2 
 27961.24 8.1759e-14  28067.30 2 
 28057.68 7.9703e-14  28164.10 2 
 28154.01 8.2034e-14  28260.80 2 
 28250.45 8.0295e-14  28357.60 2 
 28346.88 8.3050e-14  28454.40 2 
 28443.21 8.1741e-14  28551.10 2 
 28539.65 8.2251e-14  28647.90 2 
 28636.08 8.0402e-14  28744.70 2 
 28732.42 8.0050e-14  28841.40 2 
 28828.85 7.9102e-14  28938.20 2 
 28925.19 8.0282e-14  29034.90 2 
 29021.62 8.0130e-14  29131.70 2 
 29118.05 8.1052e-14  29228.50 2 
 29214.39 8.0368e-14  29325.20 2 
 29310.82 8.1889e-14  29422.00 2 
 29407.26 7.8593e-14  29518.80 2 
 29503.59 8.1421e-14  29615.50 2 
 29600.03 8.1044e-14  29712.30 2 
 29696.36 8.2379e-14  29809.00 2 
 29792.80 7.9984e-14  29905.80 2 
 29889.23 8.2443e-14  30002.60 2 
 29985.56 8.1033e-14  30099.30 2 
 30082.00 8.4284e-14  30196.10 2 
 30178.43 8.6220e-14  30292.90 2 
 30274.77 8.9934e-14  30389.60 2 
 30371.20 8.5141e-14  30486.40 2 
 30467.54 8.5312e-14  30583.10 2 
 30563.97 8.1883e-14  30679.90 2 
 30660.41 8.3976e-14  30776.70 2 
 30756.74 8.3166e-14  30873.40 2 
 30853.17 8.6224e-14  30970.20 2 
 30949.61 8.3970e-14  31067.00 2 
 31045.94 8.6195e-14  31163.70 2 
 31142.38 8.4593e-14  31260.50 2 
 31238.71 8.7270e-14  31357.20 2 
 31335.15 8.5929e-14  31454.00 2 
 31431.58 8.9383e-14  31550.80 2 
 31527.92 8.6833e-14  31647.50 2 
 31624.35 8.8262e-14  31744.30 2 
 31720.78 8.6024e-14  31841.10 2 
 31817.12 8.8468e-14  31937.80 2 
 31913.55 8.6759e-14  32034.60 2 
 32009.89 8.8566e-14  32131.30 2 
 32106.32 8.4281e-14  32228.10 2 
 32202.76 8.9254e-14  32324.90 2 
 32299.09 9.1541e-14  32421.60 2 
 32395.52 9.2434e-14  32518.40 2 
 32491.96 9.0551e-14  32615.20 2 
 32588.29 9.2741e-14  32711.90 2 
 32684.73 9.1064e-14  32808.70 2 
 32781.06 9.3968e-14  32905.40 2 
 32877.49 9.4085e-14  33002.20 2 
 32973.93 9.4966e-14  33099.00 2 
 33070.26 9.5154e-14  33195.70 2 
 33166.70 9.5514e-14  33292.50 2 
 33263.13 9.3811e-14  33389.30 2 
 33359.47 9.2819e-14  33486.00 2 
 33455.90 9.1849e-14  33582.80 2 
 33552.24 9.2264e-14  33679.50 2 
 33648.67 9.0459e-14  33776.30 2 
 33745.11 9.0688e-14  33873.10 2 
 33841.44 8.9083e-14  33969.80 2 
 33937.88 8.9776e-14  34066.60 2 
 34034.31 8.8524e-14  34163.40 2 
 34130.64 9.0159e-14  34260.10 2 
 34227.08 8.8083e-14  34356.90 2 
 34323.41 9.0752e-14  34453.60 2 
 34419.84 8.9102e-14  34550.40 2 
 34516.28 9.2285e-14  34647.20 2 
 34612.61 9.0881e-14  34743.90 2 
 34709.05 9.5096e-14  34840.70 2 
 34805.48 9.3031e-14  34937.50 2 
 34901.82 9.2896e-14  35034.20 2 
 34998.25 8.9794e-14  35131.00 2 
 35094.59 9.4044e-14  35227.70 2 
 35191.02 9.2884e-14  35324.50 2 
 35287.46 9.5759e-14  35421.30 2 
 35383.79 9.2252e-14  35518.00 2 
 35480.22 9.2528e-14  35614.80 2 
 35576.66 9.2708e-14  35711.60 2 
 35672.99 9.4634e-14  35808.30 2 
 35769.42 9.1266e-14  35905.10 2 
 35865.76 9.3094e-14  36001.80 2 
 35962.19 9.2312e-14  36098.60 2 
 36058.63 9.4325e-14  36195.40 2 
 36154.97 9.3518e-14  36292.10 2 
 36251.40 9.6247e-14  36388.90 2 
 36347.83 9.6895e-14  36485.70 2 
 36444.17 9.8810e-14  36582.40 2 
 36540.60 9.6240e-14  36679.20 2 
 36636.93 9.8313e-14  36775.90 2 
 36733.37 9.5891e-14  36872.70 2 
 36829.80 9.8500e-14  36969.50 2 
 36926.14 9.5830e-14  37066.20 2 
 37022.57 9.7315e-14  37163.00 2 
 37119.01 9.4378e-14  37259.80 2 
 37215.34 9.6371e-14  37356.50 2 
 37311.78 9.3915e-14  37453.30 2 
 37408.11 9.4134e-14  37550.00 2 
 37504.55 9.4918e-14  37646.80 2 
 37600.98 9.2669e-14  37743.60 2 
 37697.31 9.4765e-14  37840.30 2 
 37793.75 9.4959e-14  37937.10 2 
 37890.18 9.5309e-14  38033.90 2 
 37986.52 9.4788e-14  38130.60 2 
 38082.95 9.8406e-14  38227.40 2 
 38179.29 9.5966e-14  38324.10 2 
 38275.72 9.8914e-14  38420.90 2 
 38372.15 9.7966e-14  38517.70 2 
 38468.49 9.8315e-14  38614.40 2 
 38564.92 9.5800e-14  38711.20 2 
 38661.36 9.5124e-14  38808.00 2 
 38757.69 9.4192e-14  38904.70 2 
 38854.13 9.6245e-14  39001.50 2 
 38950.46 9.3427e-14  39098.20 2 
 39046.90 9.6379e-14  39195.00 2 
 39143.33 9.3956e-14  39291.80 2 
 39239.66 9.5339e-14  39388.50 2 
 39336.10 9.6885e-14  39485.30 2 
 39432.53 9.3678e-14  39582.10 2 
 39528.87 9.5474e-14  39678.80 2 
 39625.30 9.6488e-14  39775.60 2 
 39721.64 9.5658e-14  39872.30 2 
 39818.07 9.1855e-14  39969.10 2 
 39914.50 9.2736e-14  40065.90 2 
 40010.84 9.3526e-14  40162.60 2 
 40107.27 9.4570e-14  40259.40 2 
 40203.71 9.5101e-14  40356.20 2 
 40300.04 9.9425e-14  40452.90 2 
 40396.48 9.6422e-14  40549.70 2 
 40492.81 9.8311e-14  40646.40 2 
 40589.24 9.9412e-14  40743.20 2 
 40685.68 9.7465e-14  40840.00 2 
 40782.01 9.5578e-14  40936.70 2 
 40878.45 9.5221e-14  41033.50 2 
 40974.88 9.5716e-14  41130.30 2 
 41071.22 9.6303e-14  41227.00 2 
 41167.65 9.4296e-14  41323.80 2 
 41263.98 8.6482e-14  41420.50 2 
 41360.42 9.6649e-14  41517.30 2 
 41456.85 8.9293e-14  41614.10 2 
 41553.19 9.5303e-14  41710.80 2 
 41649.62 9.4868e-14  41807.60 2 
 41746.06 9.6324e-14  41904.40 2 
 41842.39 8.8578e-14  42001.10 2 
 41938.83 9.2593e-14  42097.90 2 
 42035.16 9.2958e-14  42194.60 2 
 42131.59 9.1572e-14  42291.40 2 
 42228.03 8.3896e-14  42388.20 2 
 42324.36 9.0388e-14  42484.90 2 
 42420.80 8.5860e-14  42581.70 2 
 42517.23 9.1798e-14  42678.50 2 
 42613.57 8.5083e-14  42775.20 2 
 42710.00 9.1917e-14  42872.00 2 
 42806.34 9.3728e-14  42968.70 2 
 42902.77 9.4041e-14  43065.50 2 
 42999.20 9.5507e-14  43162.30 2 
 43095.54 9.4181e-14  43259.00 2 
 43191.97 9.4394e-14  43355.80 2 
 43288.41 9.4445e-14  43452.60 2 
 43384.74 9.6003e-14  43549.30 2 
 43481.18 9.4754e-14  43646.10 2 
 43577.51 9.0397e-14  43742.80 2 
 43673.94 9.7301e-14  43839.60 2 
 43770.38 9.6943e-14  43936.40 2 
 43866.71 9.6658e-14  44033.10 2 
 43963.15 9.6275e-14  44129.90 2 
 44059.58 9.7051e-14  44226.70 2 
 44155.92 9.7777e-14  44323.40 2 
 44252.35 9.6648e-14  44420.20 2 
 44348.69 9.3350e-14  44516.90 2 
 44445.12 9.4294e-14  44613.70 2 
 44541.55 9.6191e-14  44710.50 2 
 44637.89 9.4428e-14  44807.20 2 
 44734.32 9.9693e-14  44904.00 2 
 44830.76 9.5775e-14  45000.80 2 
 44927.09 9.4038e-14  45097.50 2 
 45023.53 9.7227e-14  45194.30 2 
 45119.86 1.0031e-13  45291.00 2 
 45216.30 1.0192e-13  45387.80 2 
 45312.73 9.9679e-14  45484.60 2 
 45409.06 9.7000e-14  45581.30 2 
 45505.50 9.7633e-14  45678.10 2 
 45601.93 9.8555e-14  45774.90 2 
 45698.27 9.7593e-14  45871.60 2 
 45794.70 9.5249e-14  45968.40 2 
 45891.04 9.5777e-14  46065.10 2 
 45987.47 9.7692e-14  46161.90 2 
 46083.91 9.6920e-14  46258.70 2 
 46180.24 9.5894e-14  46355.40 2 
 46276.67 9.6383e-14  46452.20 2 
 46373.11 9.5547e-14  46549.00 2 
 46469.44 9.8892e-14  46645.70 2 
 46565.88 1.0135e-13  46742.50 2 
 46662.21 1.0348e-13  46839.20 2 
 46758.64 1.0215e-13  46936.00 2 
 46855.08 1.0487e-13  47032.80 2 
 46951.42 1.0175e-13  47129.50 2 
 47047.85 9.8947e-14  47226.30 2 
 47144.28 1.0101e-13  47323.10 2 
 47240.62 1.0188e-13  47419.80 2 
 47337.05 1.0116e-13  47516.60 2 
 47433.39 1.0301e-13  47613.30 2 
 47529.82 1.0071e-13  47710.10 2 
 47626.26 1.0340e-13  47806.90 2 
 47722.59 1.0129e-13  47903.60 2 
 47819.02 1.0364e-13  48000.40 2 
 47915.46 1.0338e-13  48097.20 2 
 48011.79 1.0163e-13  48193.90 2 
 48108.22 1.0144e-13  48290.70 2 
 48204.56 1.0365e-13  48387.40 2 
 48301.00 1.1077e-13  48484.20 2 
 48397.43 1.1374e-13  48581.00 2 
 48493.77 1.0116e-13  48677.70 2 
 48590.20 1.1202e-13  48774.50 2 
 48686.63 1.0886e-13  48871.30 2 
 48782.97 1.0853e-13  48968.00 2 
 48879.40 1.0808e-13  49064.80 2 
 48975.74 1.0808e-13  49161.50 2 
 49072.17 1.0513e-13  49258.30 2 
 49168.61 1.0554e-13  49355.10 2 
 49265.94 9.8432e-14  49452.80 2 
 49758.59 1.0140e-13  49947.33 0 
 50256.18 1.0439e-13  50446.80 0 
 50758.74 1.0741e-13  50951.27 0 
 51266.33 1.1047e-13  51460.78 0 
 51778.99 1.1355e-13  51975.39 0 
 52296.78 1.1667e-13  52495.14 0 
 52819.75 1.1981e-13  53020.10 0 
 53156.11 1.2184e-13  53357.73 3 
 53464.79 1.2276e-13  53667.58 3 
 53773.48 1.2103e-13  53977.44 3 
 54082.16 1.2184e-13  54287.29 3 
 54390.84 1.2102e-13  54597.14 3 
 54699.52 1.2065e-13  54907.00 3 
 55008.21 1.2139e-13  55216.85 3 
 55316.88 1.1989e-13  55526.70 3 
 55625.57 1.1927e-13  55836.56 3 
 55934.25 1.2411e-13  56146.41 3 
 56242.94 1.2435e-13  56456.27 3 
 56551.62 1.1977e-13  56766.12 3 
 56860.31 1.1950e-13  57075.98 3 
 57168.99 1.2062e-13  57385.83 3 
 57477.67 1.2092e-13  57695.68 3 
 57786.34 1.2104e-13  58005.53 3 
 58095.04 1.2069e-13  58315.39 3 
 58403.72 1.2055e-13  58625.25 3 
 58712.40 1.2089e-13  58935.10 3 
 59021.09 1.2089e-13  59244.95 3 
 59329.77 1.2151e-13  59554.81 3 
 59638.45 1.2173e-13  59864.66 3 
 59947.13 1.2289e-13  60174.51 3 
 60255.82 1.2261e-13  60484.37 3 
 60564.50 1.2298e-13  60794.22 3 
 60873.18 1.2380e-13  61104.07 3 
 61181.87 1.2667e-13  61413.93 3 
 61490.55 1.3195e-13  61723.78 3 
 61799.22 1.3865e-13  62033.63 3 
 62107.91 1.4059e-13  62343.49 3 
 62416.59 1.3873e-13  62653.34 3 
 62725.27 1.3499e-13  62963.19 3 
 63033.96 1.3161e-13  63273.05 3 
 63342.64 1.2956e-13  63582.90 3 
 63651.33 1.2752e-13  63892.76 3 
 63960.01 1.2528e-13  64202.61 3 
 64268.69 1.2245e-13  64512.46 3 
 64577.38 1.2177e-13  64822.32 3 
 64886.06 1.2105e-13  65132.17 3 
 65194.74 1.2093e-13  65442.02 3 
 65503.43 1.2127e-13  65751.88 3 
 65812.10 1.2162e-13  66061.73 3 
 66120.78 1.2115e-13  66371.58 3 
 66429.48 1.2092e-13  66681.45 3 
 66738.15 1.1942e-13  66991.29 3 
 67046.83 1.1898e-13  67301.14 3 
 67355.52 1.1897e-13  67611.00 3 
 67664.20 1.1925e-13  67920.85 3 
 67972.89 1.1855e-13  68230.71 3 
 68281.57 1.1797e-13  68540.56 3 
 68590.25 1.1787e-13  68850.41 3 
 68898.94 1.1804e-13  69160.27 3 
 69207.61 1.1918e-13  69470.12 3 
 69516.30 1.2048e-13  69779.98 3 
 69824.98 1.2403e-13  70089.83 3 
 70133.66 1.2185e-13  70399.68 3 
 70442.35 1.1906e-13  70709.54 3 
 70751.03 1.1965e-13  71019.39 3 
 71059.71 1.2166e-13  71329.24 3 
 71368.40 1.2357e-13  71639.10 3 
 71677.07 1.2311e-13  71948.95 3 
 71985.77 1.2368e-13  72258.81 3 
 72294.44 1.2449e-13  72568.66 3 
 72603.12 1.2551e-13  72878.51 3 
 72911.82 1.2664e-13  73188.38 3 
 73220.49 1.2740e-13  73498.22 3 
 73529.17 1.2686e-13  73808.07 3 
 73837.86 1.2762e-13  74117.93 3 
 74146.54 1.2942e-13  74427.78 3 
 74455.22 1.3278e-13  74737.63 3 
 74763.90 1.3520e-13  75047.48 3 
 75052.39 1.3527e-13  75337.06 3 
 75072.59 1.3663e-13  75357.34 3 
 75381.28 1.3855e-13  75667.20 3 
 75670.97 1.4520e-13  75957.99 3 
 75689.95 1.4198e-13  75977.05 3 
 76289.57 1.5781e-13  76578.94 3 
 76908.16 1.5265e-13  77199.88 3 
 77526.76 1.4019e-13  77820.82 3 
 78145.35 1.3809e-13  78441.76 3 
 78763.96 1.3641e-13  79062.71 3 
 79382.55 1.3220e-13  79683.65 3 
 80001.14 1.2690e-13  80304.59 3 
 80619.75 1.2260e-13  80925.54 3 
 81238.34 1.1960e-13  81546.48 3 
 81856.93 1.1814e-13  82167.41 3 
 82475.53 1.1612e-13  82788.36 3 
 83094.12 1.1412e-13  83409.30 3 
 83712.73 1.1303e-13  84030.25 3 
 84331.32 1.1238e-13  84651.19 3 
 84949.92 9.9910e-14  85272.13 3 
 85568.51 1.0034e-13  85893.07 3 
 86187.12 9.8626e-14  86514.02 3 
 86805.70 9.3675e-14  87134.95 3 
 87424.30 8.9123e-14  87755.90 3 
 88042.90 8.5082e-14  88376.84 3 
 88661.49 8.2227e-14  88997.78 3 
 89280.08 8.1059e-14  89618.72 3 
 89898.68 8.0862e-14  90239.66 3 
 90517.27 7.7738e-14  90860.60 3 
 91135.88 7.4862e-14  91481.55 3 
 91754.47 8.2836e-14  92102.49 3 
 92373.07 8.1237e-14  92723.44 3 
 92991.67 8.0107e-14  93344.38 3 
 93610.26 7.9764e-14  93965.32 3 
 94228.85 7.9086e-14  94586.26 3 
 94847.44 7.9895e-14  95207.20 3 
 95466.05 7.9994e-14  95828.15 3 
 96084.64 7.9766e-14  96449.09 3 
 96703.23 7.4143e-14  97070.02 3 
 97321.83 7.3698e-14  97690.98 3 
 97940.43 7.2737e-14  98311.92 3 
 98559.02 7.3149e-14  98932.86 3 
 99177.62 7.3791e-14  99553.80 3 
 99796.18 7.4694e-14 100174.70 3 
100414.82 7.5311e-14 100795.70 3 
101033.37 7.6004e-14 101416.59 3 
101652.04 7.6263e-14 102037.60 3 
102270.59 7.7084e-14 102658.50 3 
102889.23 7.7576e-14 103279.49 3 
103507.80 7.8125e-14 103900.41 3 
104126.35 7.9327e-14 104521.30 3 
104745.00 8.4463e-14 105142.30 3 
105363.55 8.0678e-14 105763.20 3 
105982.21 8.2036e-14 106384.20 3 
106600.76 8.1725e-14 107005.10 3 
107219.32 8.2507e-14 107626.00 3 
107837.97 7.5924e-14 108247.00 3 
108456.53 7.6079e-14 108867.91 3 
109075.18 7.6708e-14 109488.90 3 
109693.73 7.7701e-14 110109.80 3 
110312.38 7.9238e-14 110730.80 3 
110930.94 8.1269e-14 111351.70 3 
111549.49 8.6819e-14 111972.60 3 
112168.15 9.3899e-14 112593.60 3 
112786.70 8.9699e-14 113214.50 3 
113405.35 8.3964e-14 113835.50 3 
114023.91 8.9006e-14 114456.40 3 
114642.56 8.6898e-14 115077.40 3 
115261.11 8.4526e-14 115698.30 3 
115879.66 8.2508e-14 116319.20 3 
116498.32 8.1704e-14 116940.20 3 
117116.88 8.1182e-14 117561.10 3 
117735.52 8.0997e-14 118182.09 3 
118354.08 8.1076e-14 118802.99 3 
118972.74 8.2841e-14 119424.00 3 
119591.29 8.3854e-14 120044.90 3 
120209.84 8.4455e-14 120665.80 3 
120828.50 7.7827e-14 121286.80 3 
121447.05 7.7369e-14 121907.70 3 
122065.70 8.2331e-14 122528.70 3 
122684.25 8.2483e-14 123149.59 3 
123302.82 8.2800e-14 123770.51 3 
123921.47 8.2619e-14 124391.50 3 
124540.02 8.2886e-14 125012.40 3 
125158.67 8.3074e-14 125633.40 3 
125777.23 8.0474e-14 126254.30 3 
126395.88 8.0119e-14 126875.30 3 
127014.44 8.0805e-14 127496.20 3 
127632.99 8.5187e-14 128117.10 3 
128251.64 8.6889e-14 128738.10 3 
128870.20 7.9660e-14 129359.00 3 
129488.85 8.0638e-14 129980.00 3 
130107.40 7.8860e-14 130600.90 3 
130725.95 7.7942e-14 131221.80 3 
131344.61 7.8052e-14 131842.80 3 
131963.17 7.8290e-14 132463.70 3 
132581.82 7.7984e-14 133084.70 3 
133200.36 7.8857e-14 133705.59 3 
133819.02 7.9187e-14 134326.59 3 
134437.58 7.9865e-14 134947.50 3 
135056.14 8.0709e-14 135568.41 3 
135674.79 7.9213e-14 136189.41 3 
136293.34 7.9377e-14 136810.30 3 
136911.99 7.9797e-14 137431.30 3 
137530.55 8.0398e-14 138052.20 3 
138149.20 8.0865e-14 138673.20 3 
138767.75 8.1651e-14 139294.09 3 
139386.31 8.2812e-14 139915.00 3 
140004.96 8.4118e-14 140536.00 3 
140623.52 8.4674e-14 141156.91 3 
141242.16 8.5160e-14 141777.89 3 
141860.72 8.9988e-14 142398.80 3 
142479.37 8.9409e-14 143019.80 3 
143097.93 8.9264e-14 143640.70 3 
143716.48 8.2971e-14 144261.59 3 
144335.15 7.7919e-14 144882.61 3 
144867.42 7.8075e-14 145416.91 3 
145780.85 9.1640e-14 146333.80 3 
146694.39 9.2666e-14 147250.80 3 
147607.83 7.8306e-14 148167.70 3 
148521.25 7.3816e-14 149084.59 3 
149434.69 7.3234e-14 150001.50 3 
150348.23 7.2863e-14 150918.50 3 
151261.67 6.6026e-14 151835.41 3 
152175.10 7.5372e-14 152752.30 3 
153088.63 8.1384e-14 153669.30 3 
154002.07 6.6667e-14 154586.20 3 
154915.50 5.7585e-14 155503.09 3 
155828.94 5.9626e-14 156420.00 3 
156742.48 6.7746e-14 157337.00 3 
157655.92 6.5309e-14 158253.91 3 
158569.34 6.6879e-14 159170.80 3 
159482.88 7.4497e-14 160087.80 3 
160396.32 7.3244e-14 161004.70 3 
161309.75 7.4104e-14 161921.59 3 
162223.28 8.7439e-14 162838.59 3 
163136.72 8.8705e-14 163755.50 3 
164050.15 7.6438e-14 164672.39 3 
164963.59 7.5898e-14 165589.30 3 
165877.14 7.5816e-14 166506.31 3 
166790.55 7.5580e-14 167423.19 3 
167703.99 7.9733e-14 168340.09 3 
168617.43 7.9064e-14 169257.00 3 
169530.97 6.7141e-14 170174.00 3 
170444.41 6.7424e-14 171090.91 3 
171357.85 6.9313e-14 172007.81 3 
172271.39 6.8288e-14 172924.81 3 
173184.81 6.7622e-14 173841.70 3 
174098.25 6.5964e-14 174758.61 3 
175011.79 6.3818e-14 175675.61 3 
175925.22 6.2600e-14 176592.50 3 
176838.66 6.1865e-14 177509.41 3 
177752.08 6.1547e-14 178426.30 3 
178665.62 6.1078e-14 179343.30 3 
179579.06 6.7706e-14 180260.20 3 
180492.49 6.7180e-14 181177.09 3 
181406.02 6.6890e-14 182094.09 3 
182319.46 6.7167e-14 183011.00 3 
183232.89 6.7983e-14 183927.89 3 
184146.42 6.7494e-14 184844.89 3 
185059.86 6.8551e-14 185761.80 3 
185973.31 7.9366e-14 186678.70 3 
186886.73 8.3829e-14 187595.59 3 
187800.27 8.2983e-14 188512.59 3 
188713.71 7.8464e-14 189429.50 3 
189627.13 7.7417e-14 190346.39 3 
190540.69 8.0770e-14 191263.41 3 
191454.13 7.9712e-14 192180.31 3 
192367.54 8.3012e-14 193097.19 3 
193280.98 7.8263e-14 194014.09 3 
194194.53 7.6591e-14 194931.11 3 
195107.96 7.4488e-14 195848.00 3 
196021.40 7.2153e-14 196764.91 3 
196934.93 6.9210e-14 197681.91 3 
197848.36 6.6904e-14 198598.80 3 
198761.80 6.5653e-14 199515.70 3 
199675.24 6.3647e-14 200432.61 3 
200588.78 6.2729e-14 201349.61 3 
201502.20 6.2664e-14 202266.50 3 
202415.64 6.1345e-14 203183.41 3 
203329.18 6.5659e-14 204100.41 3 
204775.69 5.7873e-14 205552.41 3 
206524.04 6.7820e-14 207307.39 3 
208273.41 6.4479e-14 209063.39 3 
210023.79 5.4170e-14 210820.41 3 
211775.03 6.0468e-14 212578.30 3 
213527.19 5.9282e-14 214337.09 3 
215280.33 5.2613e-14 216096.89 3 
217034.40 5.5803e-14 217857.61 3 
218789.43 6.2849e-14 219619.30 3 
220545.47 4.6280e-14 221382.00 3 
222302.40 3.9020e-14 223145.59 3 
224060.34 4.2869e-14 224910.20 3 
225819.17 4.7693e-14 226675.70 3 
227578.98 4.1834e-14 228442.19 3 
229339.80 3.7272e-14 230209.69 3 
231101.53 4.0370e-14 231978.09 3 
232864.25 4.1208e-14 233747.50 3 
234627.96 4.0738e-14 235517.91 3 
236392.57 3.7812e-14 237289.20 3 
238158.28 3.6381e-14 239061.61 3 
239924.78 3.7366e-14 240834.81 3 
241692.35 3.9248e-14 242609.09 3 
243460.96 3.3105e-14 244384.41 3 
245230.45 3.0421e-14 246160.61 3 
247000.92 3.5608e-14 247937.80 3 
248772.41 3.6356e-14 249716.00 3 
250544.78 3.6755e-14 251495.09 3 
252318.25 2.9737e-14 253275.30 3 
254092.63 3.2017e-14 255056.41 3 
255868.10 3.6728e-14 256838.61 3 
257644.44 4.1156e-14 258621.69 3 
259421.83 4.2141e-14 260405.81 3 
261200.17 3.7113e-14 262190.91 3 
262979.52 3.1145e-14 263977.00 3 
264759.86 3.0429e-14 265764.09 3 
266541.23 3.3580e-14 267552.22 3 
268323.56 3.5760e-14 269341.31 3 
270106.89 3.3183e-14 271131.41 3 
271891.22 3.2556e-14 272922.50 3 
273676.54 3.0581e-14 274714.59 3 
275462.98 2.9656e-14 276507.81 3 
277250.30 2.9822e-14 278301.91 3 
279038.61 3.4707e-14 280097.00 3 
280828.01 3.4945e-14 281893.19 3 
282618.43 3.3766e-14 283690.41 3 
284409.73 2.8831e-14 285488.50 3 
286202.12 2.8286e-14 287287.69 3 
287995.54 2.6596e-14 289087.91 3 
289790.05 3.1580e-14 290889.22 3 
291585.52 3.4101e-14 292691.50 3 
293381.92 3.2669e-14 294494.72 3 
295179.48 3.2877e-14 296299.09 3 
296977.97 3.0710e-14 298104.41 3 
298777.52 3.0110e-14 299910.78 3 
300578.09 2.9201e-14 301718.19 3 
302379.67 3.2358e-14 303526.59 3 
304182.33 3.1278e-14 305336.09 3 
305985.99 3.1250e-14 307146.59 3 
307790.64 3.0583e-14 308958.09 3 
309596.39 3.0780e-14 310770.69 3 
311403.25 2.9998e-14 312584.41 3 
313211.08 2.9129e-14 314399.09 3 
315019.94 2.9817e-14 316214.81 3 
316829.76 3.0404e-14 318031.50 3 
318640.80 2.9592e-14 319849.41 3 
320452.74 3.2823e-14 321668.22 3 
322265.83 3.3749e-14 323488.19 3 
324079.86 3.1723e-14 325309.09 3 
325895.07 3.2548e-14 327131.19 3 
327711.30 3.1716e-14 328954.31 3 
329528.47 3.1508e-14 330778.38 3 
331346.80 3.1818e-14 332603.59 3 
333166.21 3.2574e-14 334429.91 3 
334986.68 3.6264e-14 336257.28 3 
336808.21 3.2016e-14 338085.72 3 
338630.76 3.2539e-14 339915.19 3 
340454.34 3.1268e-14 341745.69 3 
342279.05 2.9192e-14 343577.31 3 
344104.93 2.9776e-14 345410.12 3 
345931.69 3.2811e-14 347243.81 3 
347759.67 3.9137e-14 349078.72 3 
