# An Atlas of Galaxy Spectral Energy Distributions from the Ultraviolet to the Mid-Infrared
# Brown et al. (2014)
# http://dx.doi.org/10.5072/03/529D3551F0117
# 
# Column 1 : Restframe Wavelength (Angstrom)
# Column 2 : Flux per unit wavelength (ergs/s/cm^2/Angstrom)
# Column 3 : Observed wavelength (Angstrom)
# Column 4 : Source (0 = model, 1 = Optical Spectrum, 2 = Akari, 3 = Spitzer IRS)
# 
   100.00 2.7026e-25    101.86 0 
   102.10 4.2052e-25    103.99 0 
   104.00 5.9264e-25    105.93 0 
   105.93 8.5662e-25    107.89 0 
   107.90 1.2525e-24    109.90 0 
   109.90 2.0691e-24    111.94 0 
   114.03 3.9791e-24    116.14 0 
   118.04 7.1251e-24    120.23 0 
   121.06 2.3109e-23    123.31 0 
   125.03 3.8000e-23    127.35 0 
   127.06 4.7950e-23    129.42 0 
   127.94 5.4424e-23    130.32 0 
   130.92 7.4437e-23    133.35 0 
   132.13 8.9906e-23    134.59 0 
   133.97 1.0884e-22    136.46 0 
   137.09 1.6474e-22    139.64 0 
   139.96 2.2222e-22    142.56 0 
   142.89 5.1143e-22    145.55 0 
   146.90 1.2100e-21    149.62 0 
   151.01 1.5805e-21    153.82 0 
   154.89 2.2222e-21    157.76 0 
   158.86 3.0046e-21    161.81 0 
   162.19 3.7393e-21    165.20 0 
   165.96 5.0094e-21    169.04 0 
   169.83 6.6037e-21    172.98 0 
   172.99 7.3925e-21    176.20 0 
   177.02 1.0563e-20    180.30 0 
   179.89 1.2817e-20    183.23 0 
   181.98 1.4548e-20    185.35 0 
   185.79 1.8655e-20    189.23 0 
   190.99 2.5165e-20    194.54 0 
   194.09 3.0115e-20    197.70 0 
   198.16 3.7652e-20    201.84 0 
   201.84 4.7075e-20    205.59 0 
   205.12 5.5181e-20    208.93 0 
   209.90 6.9309e-20    213.80 0 
   215.78 9.6115e-20    219.79 0 
   219.79 1.1662e-19    223.87 0 
   222.85 1.3267e-19    226.99 0 
   226.99 1.6099e-19    231.21 0 
   230.15 2.3757e-19    234.42 0 
   233.89 4.2344e-19    238.23 0 
   239.89 6.0227e-19    244.34 0 
   246.04 7.1745e-19    250.61 0 
   251.78 9.5673e-19    256.45 0 
   257.05 1.0490e-18    261.82 0 
   260.02 1.2700e-18    264.85 0 
   264.25 1.9399e-18    269.15 0 
   269.16 2.3757e-18    274.16 0 
   274.17 2.8496e-18    279.25 0 
   279.26 2.8562e-18    284.45 0 
   283.80 4.0067e-18    289.07 0 
   289.74 4.9635e-18    295.12 0 
   295.81 5.3801e-18    301.30 0 
   301.31 5.3677e-18    306.90 0 
   308.33 7.1910e-18    314.05 0 
   317.70 9.5453e-18    323.59 0 
   328.11 1.2468e-17    334.19 0 
   338.08 1.4750e-17    344.35 0 
   348.35 1.7210e-17    354.81 0 
   357.28 2.7026e-17    363.92 0 
   365.61 4.6536e-17    372.39 0 
   374.98 5.3554e-17    381.94 0 
   384.60 5.1261e-17    391.74 0 
   395.38 8.5073e-17    402.72 0 
   404.59 1.1907e-16    412.10 0 
   414.01 1.3390e-16    421.70 0 
   421.71 1.3671e-16    429.54 0 
   429.55 1.4481e-16    437.52 0 
   440.57 1.9045e-16    448.75 0 
   450.83 2.1716e-16    459.20 0 
   460.27 2.1419e-16    468.81 0 
   469.91 2.4143e-16    478.63 0 
   479.75 2.9566e-16    488.65 0 
   489.79 2.8041e-16    498.88 0 
   500.05 3.7050e-16    509.33 0 
   505.84 3.4418e-16    515.23 0 
   511.70 5.5308e-16    521.19 0 
   520.01 5.6336e-16    529.66 0 
   529.68 5.6596e-16    539.51 0 
   539.53 5.1143e-16    549.54 0 
   549.56 5.3430e-16    559.76 0 
   559.78 7.3416e-16    570.16 0 
   570.18 8.6455e-16    580.76 0 
   579.45 9.0113e-16    590.20 0 
   590.22 9.7227e-16    601.17 0 
   599.81 8.8265e-16    610.94 0 
   609.56 8.9493e-16    620.87 0 
   619.46 1.1852e-15    630.96 0 
   629.53 1.1770e-15    641.21 0 
   639.76 1.3514e-15    651.63 0 
   650.15 1.3639e-15    662.22 0 
   657.68 1.3085e-15    669.88 0 
   665.29 1.5059e-15    677.64 0 
   674.55 1.6436e-15    687.07 0 
   685.51 1.4886e-15    698.23 0 
   695.05 1.7733e-15    707.95 0 
   704.72 1.5198e-15    717.79 0 
   716.17 1.9760e-15    729.46 0 
   726.13 2.0644e-15    739.61 0 
   734.54 2.1369e-15    748.17 0 
   744.76 2.1468e-15    758.58 0 
   755.12 2.2019e-15    769.13 0 
   765.62 2.0502e-15    779.83 0 
   774.49 2.3431e-15    788.86 0 
   785.26 2.2376e-15    799.83 0 
   794.35 2.4535e-15    809.10 0 
   805.40 2.5810e-15    820.35 0 
   814.73 2.6594e-15    829.85 0 
   824.16 2.7720e-15    839.46 0 
   835.63 2.3056e-15    851.14 0 
   845.31 2.8562e-15    860.99 0 
   855.09 2.8826e-15    870.96 0 
   865.00 3.0464e-15    881.05 0 
   875.01 3.1246e-15    891.25 0 
   885.14 3.1973e-15    901.57 0 
   895.39 3.2718e-15    912.01 0 
   905.76 3.2794e-15    922.57 0 
   914.14 3.2493e-15    931.11 0 
   924.73 7.5299e-15    941.89 0 
   935.44 1.2100e-14    952.80 0 
   944.09 1.6896e-14    961.61 0 
   955.02 2.0267e-14    972.75 0 
   966.08 2.2531e-14    984.01 0 
   975.02 8.8877e-15    993.12 0 
   984.04 1.9133e-14   1002.31 0 
   995.44 1.8914e-14   1013.91 0 
  1004.65 2.4087e-14   1023.29 0 
  1013.94 2.4592e-14   1032.76 0 
  1025.68 1.6360e-14   1044.72 0 
  1035.18 2.1716e-14   1054.39 0 
  1044.75 3.0959e-14   1064.14 0 
  1054.42 3.0324e-14   1073.99 0 
  1064.18 2.5989e-14   1083.93 0 
  1074.02 2.9093e-14   1093.96 0 
  1083.96 2.5456e-14   1104.08 0 
  1093.99 3.0534e-14   1114.29 0 
  1104.11 2.9634e-14   1124.61 0 
  1114.33 2.9227e-14   1135.01 0 
  1124.64 2.6351e-14   1145.51 0 
  1135.05 3.1462e-14   1156.11 0 
  1145.55 2.9908e-14   1166.81 0 
  1156.15 3.0675e-14   1177.61 0 
  1164.16 3.0817e-14   1185.77 0 
  1174.94 2.1968e-14   1196.74 0 
  1185.81 3.0115e-14   1207.81 0 
  1194.03 2.5223e-14   1216.19 0 
  1205.07 2.1517e-14   1227.44 0 
  1216.22 1.6857e-14   1238.80 0 
  1224.66 2.5049e-14   1247.38 0 
  1235.99 3.1390e-14   1258.93 0 
  1244.55 3.3021e-14   1267.65 0 
  1256.07 3.2344e-14   1279.38 0 
  1264.78 3.0605e-14   1288.25 0 
  1273.54 3.5220e-14   1297.18 0 
  1285.33 3.6290e-14   1309.18 0 
  1294.24 3.1246e-14   1318.26 0 
  1306.21 3.1535e-14   1330.45 0 
  1315.27 3.6374e-14   1339.68 0 
  1324.38 3.5139e-14   1348.96 0 
  1333.56 3.2869e-14   1358.31 0 
  1345.90 3.6290e-14   1370.88 0 
  1355.23 3.5546e-14   1380.38 0 
  1364.63 3.3097e-14   1389.95 0 
  1374.09 3.3635e-14   1399.59 0 
  1383.61 3.3790e-14   1409.29 0 
  1396.41 2.7214e-14   1422.33 0 
  1406.09 2.7151e-14   1432.19 0 
  1415.84 3.2269e-14   1442.12 0 
  1425.65 3.1973e-14   1452.11 0 
  1435.53 3.2869e-14   1462.18 0 
  1442.16 3.3790e-14   1468.93 0 
  1445.49 3.3946e-14   1472.31 0 
  1455.51 3.3097e-14   1482.52 0 
  1465.59 3.1462e-14   1492.79 0 
  1475.75 3.1753e-14   1503.14 0 
  1485.98 3.2195e-14   1513.56 0 
  1496.28 3.2269e-14   1524.05 0 
  1506.66 3.0888e-14   1534.62 0 
  1513.61 2.8562e-14   1541.70 0 
  1517.10 2.9839e-14   1545.25 0 
  1524.10 2.9430e-14   1552.39 0 
  1534.67 2.5929e-14   1563.15 0 
  1545.30 2.5049e-14   1573.98 0 
  1556.02 2.4705e-14   1584.89 0 
  1566.80 2.6779e-14   1595.88 0 
  1574.03 2.8431e-14   1603.25 0 
  1584.94 2.9295e-14   1614.36 0 
  1595.93 2.9634e-14   1625.55 0 
  1603.30 2.9093e-14   1633.05 0 
  1614.41 2.8959e-14   1644.37 0 
  1625.60 2.8365e-14   1655.77 0 
  1636.87 2.9771e-14   1667.25 0 
  1644.42 2.9908e-14   1674.94 0 
  1655.82 2.9093e-14   1686.55 0 
  1663.47 3.0464e-14   1694.34 0 
  1671.14 2.8235e-14   1702.16 0 
  1678.86 3.1246e-14   1710.02 0 
  1686.61 3.1462e-14   1717.91 0 
  1694.39 3.0185e-14   1725.84 0 
  1706.14 2.9430e-14   1737.80 0 
  1714.01 2.8041e-14   1745.82 0 
  1725.89 2.7784e-14   1757.92 0 
  1733.86 2.9295e-14   1766.04 0 
  1745.88 2.8826e-14   1778.28 0 
  1753.94 2.9771e-14   1786.49 0 
  1766.09 2.8562e-14   1798.87 0 
  1774.25 2.8365e-14   1807.17 0 
  1786.54 2.8959e-14   1819.70 0 
  1794.79 2.9839e-14   1828.10 0 
  1803.07 2.9977e-14   1836.54 0 
  1815.57 2.7976e-14   1849.27 0 
  1823.95 2.8562e-14   1857.80 0 
  1836.60 2.7976e-14   1870.68 0 
  1845.07 2.6229e-14   1879.32 0 
  1853.59 2.6290e-14   1887.99 0 
  1866.44 2.6779e-14   1901.08 0 
  1875.05 2.8235e-14   1909.85 0 
  1883.71 2.6169e-14   1918.67 0 
  1896.77 2.5165e-14   1931.97 0 
  1905.52 2.6779e-14   1940.89 0 
  1914.32 2.5691e-14   1949.84 0 
  1923.15 2.4934e-14   1958.84 0 
  1936.48 2.6229e-14   1972.42 0 
  1945.42 2.6840e-14   1981.53 0 
  1954.40 2.4934e-14   1990.67 0 
  1967.95 2.6840e-14   2004.47 0 
  1977.03 2.7656e-14   2013.72 0 
  1986.16 2.6351e-14   2023.02 0 
  1995.33 2.5751e-14   2032.36 0 
  2004.54 2.6594e-14   2041.74 0 
  2013.79 2.6109e-14   2051.16 0 
  2023.08 2.7026e-14   2060.63 0 
  2037.11 2.5515e-14   2074.91 0 
  2046.51 2.5989e-14   2084.49 0 
  2055.96 2.3702e-14   2094.11 0 
  2065.45 2.4592e-14   2103.78 0 
  2074.98 2.6717e-14   2113.49 0 
  2079.76 2.5165e-14   2118.36 0 
  2084.56 2.6049e-14   2123.24 0 
  2094.18 2.4876e-14   2133.04 0 
  2103.85 2.5339e-14   2142.89 0 
  2113.56 2.5573e-14   2152.78 0 
  2123.31 2.5751e-14   2162.72 0 
  2133.11 2.4934e-14   2172.70 0 
  2142.96 2.4705e-14   2182.73 0 
  2152.85 2.5515e-14   2192.81 0 
  2162.79 2.4934e-14   2202.93 0 
  2172.77 2.4876e-14   2213.09 0 
  2182.80 2.4310e-14   2223.31 0 
  2192.87 2.5049e-14   2233.57 0 
  2203.00 2.4705e-14   2243.88 0 
  2213.16 2.3977e-14   2254.24 0 
  2223.38 2.3485e-14   2264.64 0 
  2233.64 2.4087e-14   2275.10 0 
  2243.95 2.3593e-14   2285.60 0 
  2254.31 2.3003e-14   2296.15 0 
  2264.72 2.3384e-14   2306.75 0 
  2275.17 2.3558e-14   2317.39 0 
  2285.67 2.3678e-14   2328.09 0 
  2296.22 2.2571e-14   2338.84 0 
  2306.82 2.2739e-14   2349.63 0 
  2317.47 2.2181e-14   2360.48 0 
  2322.81 1.9235e-14   2365.92 0 
  2333.53 2.1395e-14   2376.84 0 
  2344.30 2.1258e-14   2387.81 0 
  2355.12 2.1714e-14   2398.83 0 
  2365.99 2.1036e-14   2409.91 0 
  2376.92 2.1047e-14   2421.03 0 
  2382.40 2.0291e-14   2426.61 0 
  2393.39 2.0966e-14   2437.81 0 
  2404.44 2.0452e-14   2449.06 0 
  2415.54 2.0605e-14   2460.37 0 
  2426.69 2.0950e-14   2471.72 0 
  2432.28 2.0385e-14   2477.42 0 
  2443.51 2.0918e-14   2488.86 0 
  2454.79 2.0690e-14   2500.35 0 
  2466.12 2.0558e-14   2511.89 0 
  2477.50 2.0147e-14   2523.48 0 
  2483.21 2.0386e-14   2529.30 0 
  2494.67 1.8220e-14   2540.97 0 
  2506.19 2.0313e-14   2552.70 0 
  2511.97 1.9226e-14   2558.59 0 
  2517.76 1.9953e-14   2564.48 0 
  2523.56 1.9504e-14   2570.40 0 
  2535.21 1.9515e-14   2582.26 0 
  2546.91 1.9169e-14   2594.18 0 
  2552.78 1.9621e-14   2600.16 0 
  2564.57 1.9451e-14   2612.16 0 
  2576.40 1.9915e-14   2624.22 0 
  2582.34 1.9738e-14   2630.27 0 
  2594.26 1.9613e-14   2642.41 0 
  2606.24 1.9265e-14   2654.61 0 
  2612.24 1.9094e-14   2660.72 0 
  2624.30 1.9281e-14   2673.01 0 
  2636.41 1.9337e-14   2685.34 0 
  2642.49 1.9792e-14   2691.54 0 
  2654.69 1.9758e-14   2703.96 0 
  2666.94 1.8966e-14   2716.44 0 
  2673.09 1.9236e-14   2722.70 0 
  2685.43 1.9202e-14   2735.27 0 
  2697.82 1.8733e-14   2747.89 0 
  2704.04 1.8781e-14   2754.23 0 
  2716.53 1.8449e-14   2766.94 0 
  2722.79 1.8454e-14   2773.32 0 
  2735.36 1.8679e-14   2786.12 0 
  2747.98 1.7807e-14   2798.98 0 
  2754.32 1.7812e-14   2805.43 0 
  2767.03 1.7946e-14   2818.38 0 
  2773.41 1.8285e-14   2824.88 0 
  2786.21 1.8045e-14   2837.92 0 
  2792.63 1.6576e-14   2844.46 0 
  2805.52 1.7129e-14   2857.59 0 
  2811.99 1.8024e-14   2864.18 0 
  2824.97 1.8035e-14   2877.40 0 
  2838.01 1.7473e-14   2890.68 0 
  2844.55 1.7358e-14   2897.34 0 
  2857.68 1.7249e-14   2910.72 0 
  2864.27 1.7615e-14   2917.43 0 
  2877.49 1.7424e-14   2930.89 0 
  2884.12 1.7429e-14   2937.65 0 
  2897.44 1.7280e-14   2951.21 0 
  2910.81 1.7531e-14   2964.83 0 
  2930.99 1.7266e-14   2985.38 0 
  2951.30 1.6967e-14   3006.08 0 
  2971.76 1.6943e-14   3026.91 0 
  2992.36 1.6765e-14   3047.89 0 
  3013.10 1.6665e-14   3069.02 0 
  3027.01 1.6561e-14   3083.19 0 
  3047.99 1.6424e-14   3104.56 0 
  3069.12 1.6289e-14   3126.08 0 
  3090.39 1.6118e-14   3147.75 0 
  3111.81 1.6023e-14   3169.57 0 
  3133.39 1.5782e-14   3191.54 0 
  3147.85 1.5719e-14   3206.27 0 
  3169.67 1.5519e-14   3228.49 0 
  3191.64 1.5146e-14   3250.87 0 
  3206.37 1.5190e-14   3265.88 0 
  3228.60 1.4962e-14   3288.52 0 
  3250.98 1.5012e-14   3311.31 0 
  3273.51 1.4958e-14   3334.26 0 
  3288.62 1.4831e-14   3349.66 0 
  3311.42 1.4710e-14   3372.87 0 
  3319.05 1.5057e-14   3380.65 0 
  3326.70 1.5202e-14   3388.44 0 
  3334.37 1.5102e-14   3396.25 0 
  3342.06 1.4494e-14   3404.08 0 
  3349.76 1.5043e-14   3411.93 0 
  3357.48 1.4338e-14   3419.79 0 
  3365.22 1.4343e-14   3427.68 0 
  3372.98 1.4184e-14   3435.58 0 
  3380.76 1.4287e-14   3443.50 0 
  3388.55 1.4726e-14   3451.44 0 
  3396.36 1.4663e-14   3459.39 0 
  3404.19 1.4203e-14   3467.37 0 
  3412.04 1.4175e-14   3475.36 0 
  3419.90 1.4345e-14   3483.37 0 
  3427.79 1.4482e-14   3491.40 0 
  3435.69 1.4454e-14   3499.45 0 
  3443.61 1.4033e-14   3507.52 0 
  3451.55 1.4398e-14   3515.60 0 
  3459.50 1.3850e-14   3523.71 0 
  3467.48 1.3823e-14   3531.83 0 
  3475.47 1.3892e-14   3539.97 0 
  3483.48 1.3643e-14   3548.13 0 
  3491.52 1.4062e-14   3556.31 0 
  3499.56 1.3747e-14   3564.51 0 
  3507.63 1.3626e-14   3572.73 0 
  3515.72 1.3475e-14   3580.96 0 
  3523.82 1.3762e-14   3589.22 0 
  3531.94 1.3641e-14   3597.49 0 
  3540.09 1.3835e-14   3605.79 0 
  3548.25 1.4033e-14   3614.10 0 
  3556.43 1.3845e-14   3622.43 0 
  3564.62 1.3882e-14   3630.78 0 
  3572.84 1.3634e-14   3639.15 0 
  3576.45 1.0673e-14   3642.83 1 
  3579.15 1.2011e-14   3645.58 1 
  3581.85 1.4032e-14   3648.33 1 
  3584.55 9.6919e-15   3651.08 1 
  3587.25 5.3385e-15   3653.83 1 
  3589.95 1.0339e-14   3656.58 1 
  3592.65 2.0512e-14   3659.33 1 
  3595.35 1.8977e-14   3662.08 1 
  3598.05 1.7929e-14   3664.83 1 
  3600.75 1.1762e-14   3667.58 1 
  3603.45 1.0891e-14   3670.33 1 
  3606.15 1.3203e-14   3673.08 1 
  3608.85 1.3598e-14   3675.83 1 
  3611.55 1.4006e-14   3678.58 1 
  3614.25 8.4153e-15   3681.33 1 
  3616.95 1.7451e-14   3684.08 1 
  3619.65 1.3920e-14   3686.83 1 
  3622.35 1.0959e-14   3689.58 1 
  3625.05 1.5283e-14   3692.33 1 
  3627.75 1.2835e-14   3695.08 1 
  3630.45 1.4669e-14   3697.83 1 
  3633.15 1.2887e-14   3700.58 1 
  3635.85 1.3612e-14   3703.33 1 
  3638.55 6.0086e-15   3706.08 1 
  3641.25 5.9678e-15   3708.83 1 
  3643.95 1.5030e-14   3711.58 1 
  3646.65 1.5072e-14   3714.33 1 
  3649.35 1.6244e-14   3717.08 1 
  3652.05 1.3652e-14   3719.83 1 
  3654.75 1.1060e-14   3722.58 1 
  3657.45 1.3676e-14   3725.33 1 
  3660.15 9.4117e-15   3728.08 1 
  3662.85 1.4971e-14   3730.83 1 
  3665.55 1.4357e-14   3733.58 1 
  3668.25 1.5747e-14   3736.33 1 
  3670.95 1.6917e-14   3739.08 1 
  3673.65 1.5333e-14   3741.83 1 
  3676.35 9.6088e-15   3744.58 1 
  3679.05 1.6257e-14   3747.33 1 
  3681.75 1.1500e-14   3750.08 1 
  3684.45 1.1252e-14   3752.83 1 
  3687.15 1.3308e-14   3755.58 1 
  3689.85 1.5117e-14   3758.33 1 
  3692.55 1.0681e-14   3761.08 1 
  3695.25 1.3628e-14   3763.83 1 
  3697.95 1.0813e-14   3766.58 1 
  3700.65 1.0081e-14   3769.33 1 
  3703.35 1.1393e-14   3772.08 1 
  3706.05 1.1437e-14   3774.83 1 
  3708.75 1.1709e-14   3777.58 1 
  3711.45 1.1561e-14   3780.33 1 
  3714.15 1.7468e-14   3783.08 1 
  3716.85 1.7824e-14   3785.83 1 
  3719.55 2.6524e-14   3788.58 1 
  3722.25 5.9804e-14   3791.33 1 
  3724.95 8.9840e-14   3794.08 1 
  3727.65 1.1330e-13   3796.83 1 
  3730.35 9.5876e-14   3799.58 1 
  3733.05 5.4216e-14   3802.33 1 
  3735.75 2.9934e-14   3805.08 1 
  3738.45 1.7090e-14   3807.83 1 
  3741.15 1.3662e-14   3810.58 1 
  3743.85 1.0476e-14   3813.33 1 
  3746.55 1.2949e-14   3816.08 1 
  3749.25 1.3467e-14   3818.83 1 
  3751.95 1.2829e-14   3821.58 1 
  3754.65 1.1833e-14   3824.33 1 
  3757.35 1.2354e-14   3827.08 1 
  3760.05 1.4994e-14   3829.83 1 
  3762.75 1.7307e-14   3832.58 1 
  3765.45 1.5772e-14   3835.33 1 
  3768.15 1.3986e-14   3838.08 1 
  3770.85 1.2564e-14   3840.83 1 
  3773.55 1.6070e-14   3843.58 1 
  3776.25 1.5206e-14   3846.33 1 
  3778.95 1.3950e-14   3849.08 1 
  3781.65 1.5747e-14   3851.83 1 
  3784.35 1.6519e-14   3854.58 1 
  3787.05 1.7859e-14   3857.33 1 
  3789.75 1.6950e-14   3860.08 1 
  3792.45 1.4679e-14   3862.83 1 
  3795.15 1.5869e-14   3865.58 1 
  3797.85 1.4151e-14   3868.33 1 
  3800.55 1.3276e-14   3871.08 1 
  3803.25 1.3676e-14   3873.83 1 
  3805.95 1.4180e-14   3876.58 1 
  3808.65 1.3838e-14   3879.33 1 
  3811.35 1.5734e-14   3882.08 1 
  3814.05 1.5476e-14   3884.83 1 
  3816.75 1.6990e-14   3887.58 1 
  3819.44 1.7052e-14   3890.33 1 
  3822.14 1.6092e-14   3893.08 1 
  3824.84 1.5638e-14   3895.83 1 
  3827.54 1.8039e-14   3898.58 1 
  3830.24 1.6547e-14   3901.33 1 
  3832.94 1.4933e-14   3904.08 1 
  3835.64 1.2061e-14   3906.83 1 
  3838.34 1.1710e-14   3909.58 1 
  3841.04 1.5058e-14   3912.33 1 
  3843.74 1.4249e-14   3915.08 1 
  3846.44 1.3512e-14   3917.83 1 
  3849.14 1.3631e-14   3920.58 1 
  3851.84 1.3660e-14   3923.33 1 
  3854.54 1.6119e-14   3926.08 1 
  3857.24 1.4921e-14   3928.83 1 
  3859.94 1.5706e-14   3931.58 1 
  3862.64 1.7335e-14   3934.33 1 
  3865.34 1.9069e-14   3937.08 1 
  3868.04 2.2786e-14   3939.83 1 
  3870.74 2.0043e-14   3942.58 1 
  3873.44 1.6871e-14   3945.33 1 
  3876.14 1.7313e-14   3948.08 1 
  3878.84 1.3378e-14   3950.83 1 
  3881.54 1.3716e-14   3953.58 1 
  3884.24 1.6465e-14   3956.33 1 
  3886.94 1.8806e-14   3959.08 1 
  3889.64 1.8068e-14   3961.83 1 
  3892.34 1.7007e-14   3964.58 1 
  3895.04 1.6981e-14   3967.33 1 
  3897.74 1.6669e-14   3970.08 1 
  3900.44 1.4651e-14   3972.83 1 
  3903.14 1.5314e-14   3975.58 1 
  3905.84 1.6763e-14   3978.33 1 
  3908.54 1.6773e-14   3981.08 1 
  3911.24 1.9317e-14   3983.83 1 
  3913.94 1.8625e-14   3986.58 1 
  3916.64 2.0746e-14   3989.33 1 
  3919.34 1.7845e-14   3992.08 1 
  3922.04 1.6311e-14   3994.83 1 
  3924.74 1.4979e-14   3997.58 1 
  3927.44 1.3388e-14   4000.33 1 
  3930.14 1.3991e-14   4003.08 1 
  3932.84 1.4513e-14   4005.83 1 
  3935.54 1.3365e-14   4008.58 1 
  3938.24 1.2513e-14   4011.33 1 
  3940.94 1.4048e-14   4014.08 1 
  3943.64 1.3245e-14   4016.83 1 
  3946.34 1.4172e-14   4019.58 1 
  3949.04 1.3475e-14   4022.33 1 
  3951.74 1.7074e-14   4025.08 1 
  3954.44 1.6447e-14   4027.83 1 
  3957.14 1.5952e-14   4030.58 1 
  3959.84 1.4600e-14   4033.33 1 
  3962.54 1.3717e-14   4036.08 1 
  3965.24 1.6422e-14   4038.83 1 
  3967.94 1.7970e-14   4041.58 1 
  3970.64 1.6479e-14   4044.33 1 
  3973.34 1.7492e-14   4047.08 1 
  3976.04 1.5274e-14   4049.83 1 
  3978.74 1.4432e-14   4052.58 1 
  3981.44 1.3513e-14   4055.33 1 
  3984.14 1.5659e-14   4058.08 1 
  3986.84 1.4352e-14   4060.83 1 
  3989.54 1.4796e-14   4063.58 1 
  3992.24 1.3369e-14   4066.33 1 
  3994.94 1.4523e-14   4069.08 1 
  3997.64 1.4242e-14   4071.83 1 
  4000.34 1.5357e-14   4074.58 1 
  4003.04 1.6271e-14   4077.33 1 
  4005.74 1.4703e-14   4080.08 1 
  4008.44 1.4880e-14   4082.83 1 
  4011.14 1.5950e-14   4085.58 1 
  4013.84 1.5369e-14   4088.33 1 
  4016.54 1.6257e-14   4091.08 1 
  4019.24 1.3436e-14   4093.83 1 
  4021.94 1.6179e-14   4096.58 1 
  4024.64 2.0828e-14   4099.33 1 
  4027.34 1.8077e-14   4102.08 1 
  4030.04 1.7342e-14   4104.83 1 
  4032.74 2.0605e-14   4107.58 1 
  4035.44 1.7015e-14   4110.33 1 
  4038.14 1.6712e-14   4113.08 1 
  4040.84 1.6103e-14   4115.83 1 
  4043.54 1.6188e-14   4118.58 1 
  4046.24 1.5277e-14   4121.33 1 
  4048.94 1.7609e-14   4124.08 1 
  4051.64 1.3509e-14   4126.83 1 
  4054.34 1.5709e-14   4129.58 1 
  4057.04 1.5866e-14   4132.33 1 
  4059.74 1.2986e-14   4135.08 1 
  4062.44 1.2022e-14   4137.83 1 
  4065.14 1.4588e-14   4140.58 1 
  4067.84 1.7217e-14   4143.33 1 
  4070.54 1.5238e-14   4146.08 1 
  4073.23 1.6303e-14   4148.83 1 
  4075.93 1.4279e-14   4151.58 1 
  4078.63 1.3298e-14   4154.33 1 
  4081.33 1.5881e-14   4157.08 1 
  4084.03 1.3344e-14   4159.83 1 
  4086.73 1.3242e-14   4162.58 1 
  4089.43 1.3749e-14   4165.33 1 
  4092.13 1.2849e-14   4168.08 1 
  4094.83 1.4294e-14   4170.83 1 
  4097.53 1.7994e-14   4173.58 1 
  4100.23 1.8326e-14   4176.33 1 
  4102.93 1.9343e-14   4179.08 1 
  4105.63 1.5005e-14   4181.83 1 
  4108.33 1.3729e-14   4184.58 1 
  4111.03 1.3890e-14   4187.33 1 
  4113.73 1.3063e-14   4190.08 1 
  4116.43 1.5657e-14   4192.83 1 
  4119.13 1.3404e-14   4195.58 1 
  4121.83 1.5553e-14   4198.33 1 
  4124.53 1.6836e-14   4201.08 1 
  4127.23 1.2048e-14   4203.83 1 
  4129.93 1.6596e-14   4206.58 1 
  4132.63 1.4554e-14   4209.33 1 
  4135.33 1.3340e-14   4212.08 1 
  4138.03 1.3037e-14   4214.83 1 
  4140.73 1.5208e-14   4217.58 1 
  4143.43 1.4884e-14   4220.33 1 
  4146.13 1.1736e-14   4223.08 1 
  4148.83 1.3818e-14   4225.83 1 
  4151.53 1.4361e-14   4228.58 1 
  4154.23 1.4638e-14   4231.33 1 
  4156.93 1.4665e-14   4234.08 1 
  4159.63 1.4180e-14   4236.83 1 
  4162.33 1.5827e-14   4239.58 1 
  4165.03 1.2744e-14   4242.33 1 
  4167.73 1.4900e-14   4245.08 1 
  4170.43 1.2055e-14   4247.83 1 
  4173.13 1.4081e-14   4250.58 1 
  4175.83 1.5033e-14   4253.33 1 
  4178.53 1.4171e-14   4256.08 1 
  4181.23 1.5557e-14   4258.83 1 
  4183.93 1.2478e-14   4261.58 1 
  4186.63 1.3168e-14   4264.33 1 
  4189.33 1.3188e-14   4267.08 1 
  4192.03 1.3741e-14   4269.83 1 
  4194.73 1.2352e-14   4272.58 1 
  4197.43 1.3128e-14   4275.33 1 
  4200.13 1.4496e-14   4278.08 1 
  4202.83 1.1823e-14   4280.83 1 
  4205.53 1.2126e-14   4283.58 1 
  4208.23 1.3024e-14   4286.33 1 
  4210.93 1.3734e-14   4289.08 1 
  4213.63 1.3495e-14   4291.83 1 
  4216.33 1.3918e-14   4294.58 1 
  4219.03 1.3661e-14   4297.33 1 
  4221.73 1.4669e-14   4300.08 1 
  4224.43 1.5127e-14   4302.83 1 
  4227.13 1.4627e-14   4305.58 1 
  4229.83 1.2582e-14   4308.33 1 
  4232.53 1.3132e-14   4311.08 1 
  4235.23 1.3162e-14   4313.83 1 
  4237.93 1.2961e-14   4316.58 1 
  4240.63 1.4482e-14   4319.33 1 
  4243.33 1.3325e-14   4322.08 1 
  4246.03 1.3457e-14   4324.83 1 
  4248.73 1.2529e-14   4327.58 1 
  4251.43 1.2565e-14   4330.33 1 
  4254.13 1.3559e-14   4333.08 1 
  4256.83 1.2550e-14   4335.83 1 
  4259.53 1.3966e-14   4338.58 1 
  4262.23 1.3526e-14   4341.33 1 
  4264.93 1.4066e-14   4344.08 1 
  4267.63 1.2476e-14   4346.83 1 
  4270.33 1.2144e-14   4349.58 1 
  4273.03 1.1812e-14   4352.33 1 
  4275.73 1.3619e-14   4355.08 1 
  4278.43 1.3169e-14   4357.83 1 
  4281.13 1.2720e-14   4360.58 1 
  4283.83 1.4083e-14   4363.33 1 
  4286.53 1.1777e-14   4366.08 1 
  4289.23 1.2100e-14   4368.83 1 
  4291.93 1.3025e-14   4371.58 1 
  4294.63 1.4348e-14   4374.33 1 
  4297.33 1.2226e-14   4377.08 1 
  4300.03 1.3828e-14   4379.83 1 
  4302.73 1.2876e-14   4382.58 1 
  4305.43 1.2411e-14   4385.33 1 
  4308.13 1.2927e-14   4388.08 1 
  4310.83 1.2689e-14   4390.83 1 
  4313.53 1.2590e-14   4393.58 1 
  4316.23 1.2829e-14   4396.33 1 
  4318.93 1.1748e-14   4399.08 1 
  4321.63 1.2547e-14   4401.83 1 
  4324.32 1.2705e-14   4404.58 1 
  4327.02 1.1932e-14   4407.33 1 
  4329.72 1.3237e-14   4410.08 1 
  4332.42 1.3980e-14   4412.83 1 
  4335.12 1.8750e-14   4415.58 1 
  4337.82 2.5066e-14   4418.33 1 
  4340.52 2.6312e-14   4421.08 1 
  4343.22 2.4062e-14   4423.83 1 
  4345.92 1.5866e-14   4426.58 1 
  4348.62 1.3307e-14   4429.33 1 
  4351.32 1.1817e-14   4432.08 1 
  4354.02 1.2719e-14   4434.83 1 
  4356.72 1.3529e-14   4437.58 1 
  4359.42 1.2285e-14   4440.33 1 
  4362.12 1.2855e-14   4443.08 1 
  4364.82 1.3511e-14   4445.83 1 
  4367.52 1.2847e-14   4448.58 1 
  4370.22 1.2952e-14   4451.33 1 
  4372.92 1.2001e-14   4454.08 1 
  4375.62 1.1293e-14   4456.83 1 
  4378.32 1.0951e-14   4459.58 1 
  4381.02 1.1988e-14   4462.33 1 
  4383.72 1.1637e-14   4465.08 1 
  4386.42 1.3084e-14   4467.83 1 
  4389.12 1.1562e-14   4470.58 1 
  4391.82 1.1996e-14   4473.33 1 
  4394.52 1.2895e-14   4476.08 1 
  4397.22 1.2363e-14   4478.83 1 
  4399.92 1.3104e-14   4481.58 1 
  4402.62 1.2675e-14   4484.33 1 
  4405.32 1.3106e-14   4487.08 1 
  4408.02 1.3358e-14   4489.83 1 
  4410.72 1.2488e-14   4492.58 1 
  4413.42 1.4531e-14   4495.33 1 
  4416.12 1.3211e-14   4498.08 1 
  4418.82 1.3043e-14   4500.83 1 
  4421.52 1.3243e-14   4503.58 1 
  4424.22 1.3280e-14   4506.33 1 
  4426.92 1.1472e-14   4509.08 1 
  4429.62 1.2019e-14   4511.83 1 
  4432.32 1.1909e-14   4514.58 1 
  4435.02 1.2955e-14   4517.33 1 
  4437.72 1.2690e-14   4520.08 1 
  4440.42 1.3112e-14   4522.83 1 
  4443.12 1.1983e-14   4525.58 1 
  4445.82 1.2242e-14   4528.33 1 
  4448.52 1.2051e-14   4531.08 1 
  4451.22 1.2072e-14   4533.83 1 
  4453.92 1.2531e-14   4536.58 1 
  4456.62 1.3243e-14   4539.33 1 
  4459.32 1.3352e-14   4542.08 1 
  4462.02 1.3430e-14   4544.83 1 
  4464.72 1.3352e-14   4547.58 1 
  4467.42 1.2841e-14   4550.33 1 
  4470.12 1.3594e-14   4553.08 1 
  4472.82 1.3529e-14   4555.83 1 
  4475.52 1.4391e-14   4558.58 1 
  4478.22 1.3846e-14   4561.33 1 
  4480.92 1.2965e-14   4564.08 1 
  4483.62 1.1491e-14   4566.83 1 
  4486.32 1.1671e-14   4569.58 1 
  4489.02 1.2184e-14   4572.33 1 
  4491.72 1.3151e-14   4575.08 1 
  4494.42 1.2857e-14   4577.83 1 
  4497.12 1.2026e-14   4580.58 1 
  4499.82 1.3238e-14   4583.33 1 
  4502.52 1.2645e-14   4586.08 1 
  4505.22 1.3363e-14   4588.83 1 
  4507.92 1.3714e-14   4591.58 1 
  4510.62 1.2339e-14   4594.33 1 
  4513.32 1.1828e-14   4597.08 1 
  4516.02 1.2004e-14   4599.83 1 
  4518.72 1.2408e-14   4602.58 1 
  4521.42 1.2091e-14   4605.33 1 
  4524.12 1.1962e-14   4608.08 1 
  4526.82 1.1278e-14   4610.83 1 
  4529.52 1.0827e-14   4613.58 1 
  4532.22 1.0725e-14   4616.33 1 
  4534.92 1.0598e-14   4619.08 1 
  4537.62 1.1538e-14   4621.83 1 
  4540.32 1.2322e-14   4624.58 1 
  4543.02 1.2083e-14   4627.33 1 
  4545.72 1.2821e-14   4630.08 1 
  4548.42 1.2132e-14   4632.83 1 
  4551.12 1.1853e-14   4635.58 1 
  4553.82 1.2713e-14   4638.33 1 
  4556.52 1.3349e-14   4641.08 1 
  4559.22 1.2141e-14   4643.83 1 
  4561.92 1.2437e-14   4646.58 1 
  4564.62 1.1662e-14   4649.33 1 
  4567.32 1.2562e-14   4652.08 1 
  4570.02 1.3622e-14   4654.83 1 
  4572.72 1.2384e-14   4657.58 1 
  4575.41 1.3084e-14   4660.33 1 
  4578.11 1.2042e-14   4663.08 1 
  4580.81 1.1199e-14   4665.83 1 
  4583.51 1.1745e-14   4668.58 1 
  4586.21 1.1578e-14   4671.33 1 
  4588.91 1.1997e-14   4674.08 1 
  4591.61 1.1803e-14   4676.83 1 
  4594.31 1.3161e-14   4679.58 1 
  4597.01 1.2595e-14   4682.33 1 
  4599.71 1.2710e-14   4685.08 1 
  4602.41 1.2858e-14   4687.83 1 
  4605.11 1.2587e-14   4690.58 1 
  4607.81 1.3556e-14   4693.33 1 
  4610.51 1.6528e-14   4696.08 1 
  4613.21 1.9334e-14   4698.83 1 
  4615.91 1.8346e-14   4701.58 1 
  4618.61 1.6310e-14   4704.33 1 
  4621.31 1.4326e-14   4707.08 1 
  4624.01 1.2421e-14   4709.83 1 
  4626.71 1.1193e-14   4712.58 1 
  4629.41 1.2387e-14   4715.33 1 
  4632.11 1.3472e-14   4718.08 1 
  4634.81 1.3013e-14   4720.83 1 
  4637.51 1.3058e-14   4723.58 1 
  4640.21 1.1938e-14   4726.33 1 
  4642.91 1.1088e-14   4729.08 1 
  4645.61 1.2745e-14   4731.83 1 
  4648.31 1.1398e-14   4734.58 1 
  4651.01 1.2399e-14   4737.33 1 
  4653.71 1.3273e-14   4740.08 1 
  4656.41 1.3942e-14   4742.83 1 
  4659.11 1.3161e-14   4745.58 1 
  4661.81 1.2710e-14   4748.33 1 
  4664.51 1.2628e-14   4751.08 1 
  4667.21 1.2945e-14   4753.83 1 
  4669.91 1.3657e-14   4756.58 1 
  4672.61 1.1675e-14   4759.33 1 
  4675.31 1.2323e-14   4762.08 1 
  4678.01 1.2615e-14   4764.83 1 
  4680.71 1.1799e-14   4767.58 1 
  4683.41 1.2395e-14   4770.33 1 
  4686.11 1.1637e-14   4773.08 1 
  4688.81 1.1602e-14   4775.83 1 
  4691.51 1.2728e-14   4778.58 1 
  4694.21 1.2755e-14   4781.33 1 
  4696.91 1.2048e-14   4784.08 1 
  4699.61 1.2392e-14   4786.83 1 
  4702.31 1.1314e-14   4789.58 1 
  4705.01 1.2415e-14   4792.33 1 
  4707.71 1.1362e-14   4795.08 1 
  4710.41 1.2227e-14   4797.83 1 
  4713.11 1.3228e-14   4800.58 1 
  4715.81 1.2361e-14   4803.33 1 
  4718.51 1.2394e-14   4806.08 1 
  4721.21 1.1756e-14   4808.83 1 
  4723.91 1.1798e-14   4811.58 1 
  4726.61 1.3513e-14   4814.33 1 
  4729.31 1.1300e-14   4817.08 1 
  4732.01 1.1584e-14   4819.83 1 
  4734.71 1.1951e-14   4822.58 1 
  4737.41 1.1426e-14   4825.33 1 
  4740.11 1.1969e-14   4828.08 1 
  4742.81 1.1928e-14   4830.83 1 
  4745.51 1.3619e-14   4833.58 1 
  4748.21 1.2100e-14   4836.33 1 
  4750.91 1.2195e-14   4839.08 1 
  4753.61 1.2302e-14   4841.83 1 
  4756.31 1.2495e-14   4844.58 1 
  4759.01 1.1502e-14   4847.33 1 
  4761.71 1.2194e-14   4850.08 1 
  4764.41 1.1240e-14   4852.83 1 
  4767.11 1.1912e-14   4855.58 1 
  4769.81 1.2340e-14   4858.33 1 
  4772.51 1.2163e-14   4861.08 1 
  4775.21 1.2566e-14   4863.83 1 
  4777.91 1.5215e-14   4866.58 1 
  4780.61 1.4977e-14   4869.33 1 
  4783.31 1.3464e-14   4872.08 1 
  4786.01 1.1890e-14   4874.83 1 
  4788.71 1.1967e-14   4877.58 1 
  4791.41 1.2698e-14   4880.33 1 
  4794.11 1.1567e-14   4883.08 1 
  4796.81 1.2021e-14   4885.83 1 
  4799.51 1.0942e-14   4888.58 1 
  4802.21 1.2140e-14   4891.33 1 
  4804.91 1.2262e-14   4894.08 1 
  4807.61 1.2516e-14   4896.83 1 
  4810.31 1.2614e-14   4899.58 1 
  4813.01 1.3277e-14   4902.33 1 
  4815.71 1.1583e-14   4905.08 1 
  4818.41 1.1381e-14   4907.83 1 
  4821.11 1.1076e-14   4910.58 1 
  4823.81 1.1420e-14   4913.33 1 
  4826.50 1.2652e-14   4916.08 1 
  4829.20 1.1885e-14   4918.83 1 
  4831.90 1.2161e-14   4921.58 1 
  4834.60 1.0333e-14   4924.33 1 
  4837.30 1.2359e-14   4927.08 1 
  4840.00 1.2138e-14   4929.83 1 
  4842.70 1.1163e-14   4932.58 1 
  4845.40 1.2161e-14   4935.33 1 
  4848.10 1.1094e-14   4938.08 1 
  4850.80 1.3017e-14   4940.83 1 
  4853.50 1.7669e-14   4943.58 1 
  4856.20 2.8922e-14   4946.33 1 
  4858.90 4.3602e-14   4949.08 1 
  4861.60 4.9304e-14   4951.83 1 
  4864.30 3.7950e-14   4954.58 1 
  4867.00 2.1948e-14   4957.33 1 
  4869.70 1.3712e-14   4960.08 1 
  4872.40 1.1396e-14   4962.83 1 
  4875.10 1.1515e-14   4965.58 1 
  4877.80 1.0858e-14   4968.33 1 
  4880.50 1.2343e-14   4971.08 1 
  4883.20 1.1538e-14   4973.83 1 
  4885.90 1.1966e-14   4976.58 1 
  4888.60 1.2135e-14   4979.33 1 
  4891.30 1.1751e-14   4982.08 1 
  4894.00 1.1669e-14   4984.83 1 
  4896.70 1.1406e-14   4987.58 1 
  4899.40 1.3208e-14   4990.33 1 
  4902.10 1.1015e-14   4993.08 1 
  4904.80 1.1716e-14   4995.83 1 
  4907.50 1.1764e-14   4998.58 1 
  4910.20 1.1532e-14   5001.33 1 
  4912.90 1.0334e-14   5004.08 1 
  4915.60 1.1264e-14   5006.83 1 
  4918.30 1.1644e-14   5009.58 1 
  4921.00 1.0748e-14   5012.33 1 
  4923.70 1.1217e-14   5015.08 1 
  4926.40 1.2875e-14   5017.83 1 
  4929.10 1.2206e-14   5020.58 1 
  4931.80 1.1547e-14   5023.33 1 
  4934.50 1.1183e-14   5026.08 1 
  4937.20 1.0728e-14   5028.83 1 
  4939.90 1.1516e-14   5031.58 1 
  4942.60 1.1271e-14   5034.33 1 
  4945.30 1.2308e-14   5037.08 1 
  4948.00 1.2607e-14   5039.83 1 
  4950.70 1.4892e-14   5042.58 1 
  4953.40 2.5084e-14   5045.33 1 
  4956.10 4.0464e-14   5048.08 1 
  4958.80 4.4058e-14   5050.83 1 
  4961.50 3.8105e-14   5053.58 1 
  4964.20 2.3108e-14   5056.33 1 
  4966.90 1.5140e-14   5059.08 1 
  4969.60 1.1626e-14   5061.83 1 
  4972.30 1.2666e-14   5064.58 1 
  4975.00 1.1751e-14   5067.33 1 
  4977.70 1.0947e-14   5070.08 1 
  4980.40 1.2572e-14   5072.83 1 
  4983.10 1.1314e-14   5075.58 1 
  4985.80 1.2236e-14   5078.33 1 
  4988.50 1.1982e-14   5081.08 1 
  4991.20 1.1713e-14   5083.83 1 
  4993.90 1.1469e-14   5086.58 1 
  4996.60 1.6457e-14   5089.33 1 
  4999.30 2.9538e-14   5092.08 1 
  5002.00 6.1236e-14   5094.83 1 
  5004.70 1.0365e-13   5097.58 1 
  5007.40 1.1541e-13   5100.33 1 
  5010.10 8.0072e-14   5103.08 1 
  5012.80 4.0047e-14   5105.83 1 
  5015.50 1.9136e-14   5108.58 1 
  5018.20 1.3074e-14   5111.33 1 
  5020.90 1.1796e-14   5114.08 1 
  5023.60 1.0638e-14   5116.83 1 
  5026.30 1.2160e-14   5119.58 1 
  5029.00 1.1894e-14   5122.33 1 
  5031.70 1.2287e-14   5125.08 1 
  5034.40 1.0395e-14   5127.83 1 
  5037.10 1.1946e-14   5130.58 1 
  5039.80 9.7097e-15   5133.33 1 
  5042.50 1.1364e-14   5136.08 1 
  5045.20 1.1535e-14   5138.83 1 
  5047.90 1.1148e-14   5141.58 1 
  5050.60 1.0461e-14   5144.33 1 
  5053.30 1.0837e-14   5147.08 1 
  5056.00 1.2031e-14   5149.83 1 
  5058.70 1.1058e-14   5152.58 1 
  5061.40 1.0098e-14   5155.33 1 
  5064.10 1.0632e-14   5158.08 1 
  5066.80 1.1826e-14   5160.83 1 
  5069.50 1.1407e-14   5163.58 1 
  5072.20 1.2565e-14   5166.33 1 
  5074.90 1.0964e-14   5169.08 1 
  5077.59 9.6470e-15   5171.83 1 
  5080.29 9.9953e-15   5174.58 1 
  5082.99 1.0819e-14   5177.33 1 
  5085.69 1.0934e-14   5180.08 1 
  5088.39 1.0952e-14   5182.83 1 
  5091.09 1.1521e-14   5185.58 1 
  5093.79 1.0924e-14   5188.33 1 
  5096.49 1.1554e-14   5191.08 1 
  5099.19 1.1317e-14   5193.83 1 
  5101.89 1.0624e-14   5196.58 1 
  5104.59 1.1084e-14   5199.33 1 
  5107.29 1.1886e-14   5202.08 1 
  5109.99 1.0820e-14   5204.83 1 
  5112.69 1.1647e-14   5207.58 1 
  5115.39 9.8393e-15   5210.33 1 
  5118.09 1.1123e-14   5213.08 1 
  5120.79 1.1013e-14   5215.83 1 
  5123.49 1.0197e-14   5218.58 1 
  5126.19 1.0446e-14   5221.33 1 
  5128.89 1.1393e-14   5224.08 1 
  5131.59 1.0483e-14   5226.83 1 
  5134.29 9.6590e-15   5229.58 1 
  5136.99 9.5350e-15   5232.33 1 
  5139.69 1.0589e-14   5235.08 1 
  5142.39 1.0347e-14   5237.83 1 
  5145.09 1.0349e-14   5240.58 1 
  5147.79 1.0043e-14   5243.33 1 
  5150.49 1.0759e-14   5246.08 1 
  5153.19 1.0018e-14   5248.83 1 
  5155.89 1.0482e-14   5251.58 1 
  5158.59 9.9698e-15   5254.33 1 
  5161.29 1.1121e-14   5257.08 1 
  5163.99 1.0224e-14   5259.83 1 
  5166.69 9.2029e-15   5262.58 1 
  5169.39 9.6872e-15   5265.33 1 
  5172.09 9.2732e-15   5268.08 1 
  5174.79 8.8795e-15   5270.83 1 
  5177.49 1.0388e-14   5273.58 1 
  5180.19 1.0974e-14   5276.33 1 
  5182.89 1.0883e-14   5279.08 1 
  5185.59 9.8814e-15   5281.83 1 
  5188.29 1.0957e-14   5284.58 1 
  5190.99 1.1261e-14   5287.33 1 
  5193.69 1.1082e-14   5290.08 1 
  5196.39 1.1889e-14   5292.83 1 
  5199.09 1.2760e-14   5295.58 1 
  5201.79 1.2079e-14   5298.33 1 
  5204.49 1.0935e-14   5301.08 1 
  5207.19 1.0551e-14   5303.83 1 
  5209.89 1.1687e-14   5306.58 1 
  5212.59 1.1398e-14   5309.33 1 
  5215.29 1.0868e-14   5312.08 1 
  5217.99 1.0613e-14   5314.83 1 
  5220.69 9.5574e-15   5317.58 1 
  5223.39 1.0100e-14   5320.33 1 
  5226.09 9.9875e-15   5323.08 1 
  5228.79 1.0443e-14   5325.83 1 
  5231.49 9.1511e-15   5328.58 1 
  5234.19 1.0111e-14   5331.33 1 
  5236.89 1.1348e-14   5334.08 1 
  5239.59 9.8365e-15   5336.83 1 
  5242.29 1.1420e-14   5339.58 1 
  5244.99 1.1499e-14   5342.33 1 
  5247.69 1.0823e-14   5345.08 1 
  5250.39 1.1231e-14   5347.83 1 
  5253.09 1.1355e-14   5350.58 1 
  5255.79 1.0322e-14   5353.33 1 
  5258.49 1.1413e-14   5356.08 1 
  5261.19 1.1128e-14   5358.83 1 
  5263.89 1.0601e-14   5361.58 1 
  5266.59 1.0754e-14   5364.33 1 
  5269.29 1.0403e-14   5367.08 1 
  5271.99 1.1378e-14   5369.83 1 
  5274.69 1.0450e-14   5372.58 1 
  5277.39 1.0757e-14   5375.33 1 
  5280.09 1.1568e-14   5378.08 1 
  5282.79 1.1015e-14   5380.83 1 
  5285.49 1.1053e-14   5383.58 1 
  5288.19 1.1020e-14   5386.33 1 
  5290.89 1.0782e-14   5389.08 1 
  5293.59 1.0524e-14   5391.83 1 
  5296.29 1.0404e-14   5394.58 1 
  5298.99 1.0969e-14   5397.33 1 
  5301.69 1.0249e-14   5400.08 1 
  5304.39 1.0867e-14   5402.83 1 
  5307.09 1.1669e-14   5405.58 1 
  5309.79 1.0825e-14   5408.33 1 
  5312.49 9.7401e-15   5411.08 1 
  5315.19 1.1040e-14   5413.83 1 
  5317.89 1.0221e-14   5416.58 1 
  5320.59 1.0489e-14   5419.33 1 
  5323.29 1.0720e-14   5422.08 1 
  5325.99 1.1294e-14   5424.83 1 
  5328.69 1.2880e-14   5427.58 1 
  5331.38 1.0615e-14   5430.33 1 
  5334.08 9.5026e-15   5433.08 1 
  5336.78 1.1010e-14   5435.83 1 
  5339.48 1.1206e-14   5438.58 1 
  5342.18 1.0613e-14   5441.33 1 
  5344.88 1.1174e-14   5444.08 1 
  5347.58 1.1249e-14   5446.83 1 
  5350.28 1.0982e-14   5449.58 1 
  5352.98 1.0535e-14   5452.33 1 
  5355.68 1.0078e-14   5455.08 1 
  5358.38 1.0234e-14   5457.83 1 
  5361.08 1.0788e-14   5460.58 1 
  5363.78 1.1007e-14   5463.33 1 
  5366.48 1.0593e-14   5466.08 1 
  5369.18 1.1022e-14   5468.83 1 
  5371.88 1.0430e-14   5471.58 1 
  5374.58 1.0002e-14   5474.33 1 
  5377.28 1.0777e-14   5477.08 1 
  5379.98 1.0866e-14   5479.83 1 
  5382.68 1.0560e-14   5482.58 1 
  5385.38 9.9741e-15   5485.33 1 
  5388.08 1.0396e-14   5488.08 1 
  5390.78 1.0939e-14   5490.83 1 
  5393.48 1.1116e-14   5493.58 1 
  5396.18 1.1211e-14   5496.33 1 
  5398.88 9.6524e-15   5499.08 1 
  5401.58 9.2670e-15   5501.83 1 
  5404.28 9.0460e-15   5504.58 1 
  5406.98 9.3621e-15   5507.33 1 
  5409.68 1.0813e-14   5510.08 1 
  5412.38 1.0285e-14   5512.83 1 
  5415.08 9.8869e-15   5515.58 1 
  5417.78 1.0415e-14   5518.33 1 
  5420.48 9.8445e-15   5521.08 1 
  5423.18 1.1106e-14   5523.83 1 
  5425.88 1.0882e-14   5526.58 1 
  5428.58 9.7730e-15   5529.33 1 
  5431.28 9.8192e-15   5532.08 1 
  5433.98 1.0211e-14   5534.83 1 
  5436.68 1.1215e-14   5537.58 1 
  5439.38 1.0344e-14   5540.33 1 
  5442.08 1.0329e-14   5543.08 1 
  5444.78 1.0306e-14   5545.83 1 
  5447.48 1.1006e-14   5548.58 1 
  5450.18 1.1049e-14   5551.33 1 
  5452.88 9.7619e-15   5554.08 1 
  5455.58 1.1164e-14   5556.83 1 
  5458.28 9.8168e-15   5559.58 1 
  5460.98 1.0744e-14   5562.33 1 
  5463.68 1.0213e-14   5565.08 1 
  5466.38 9.4269e-15   5567.83 1 
  5469.08 9.7721e-15   5570.58 1 
  5471.78 9.6122e-15   5573.33 1 
  5474.48 1.0206e-14   5576.08 1 
  5477.18 9.8752e-15   5578.83 1 
  5479.88 1.0767e-14   5581.58 1 
  5482.58 9.7532e-15   5584.33 1 
  5485.28 1.2096e-14   5587.08 1 
  5487.98 9.6144e-15   5589.83 1 
  5490.68 1.0854e-14   5592.58 1 
  5493.38 9.8286e-15   5595.33 1 
  5496.08 1.1334e-14   5598.08 1 
  5498.78 9.7665e-15   5600.83 1 
  5501.48 9.9360e-15   5603.58 1 
  5504.18 1.0552e-14   5606.33 1 
  5506.88 1.0115e-14   5609.08 1 
  5509.58 1.0590e-14   5611.83 1 
  5512.28 1.1241e-14   5614.58 1 
  5514.98 1.1069e-14   5617.33 1 
  5517.68 1.0851e-14   5620.08 1 
  5520.38 9.7476e-15   5622.83 1 
  5523.08 1.0137e-14   5625.58 1 
  5525.78 1.0241e-14   5628.33 1 
  5528.48 1.1051e-14   5631.08 1 
  5531.18 1.1073e-14   5633.83 1 
  5533.88 1.0707e-14   5636.58 1 
  5536.58 1.0489e-14   5639.33 1 
  5539.28 1.1511e-14   5642.08 1 
  5541.98 1.1177e-14   5644.83 1 
  5544.68 1.1114e-14   5647.58 1 
  5547.38 1.0219e-14   5650.33 1 
  5550.08 1.0486e-14   5653.08 1 
  5552.78 1.0170e-14   5655.83 1 
  5555.48 1.0382e-14   5658.58 1 
  5558.18 1.0173e-14   5661.33 1 
  5560.88 1.1293e-14   5664.08 1 
  5563.58 1.1577e-14   5666.83 1 
  5566.28 1.0924e-14   5669.58 1 
  5568.98 1.0532e-14   5672.33 1 
  5571.68 1.0038e-14   5675.08 1 
  5574.38 1.0828e-14   5677.83 1 
  5577.08 1.0778e-14   5680.58 1 
  5579.78 1.0428e-14   5683.33 1 
  5582.47 1.0615e-14   5686.08 1 
  5585.17 1.0489e-14   5688.83 1 
  5587.87 9.3308e-15   5691.58 1 
  5590.57 9.4483e-15   5694.33 1 
  5593.27 9.1189e-15   5697.08 1 
  5595.97 9.9396e-15   5699.83 1 
  5598.67 1.0141e-14   5702.58 1 
  5601.37 9.7716e-15   5705.33 1 
  5604.07 1.0222e-14   5708.08 1 
  5606.77 1.0558e-14   5710.83 1 
  5609.47 9.9434e-15   5713.58 1 
  5612.17 9.5055e-15   5716.33 1 
  5614.87 9.5540e-15   5719.08 1 
  5617.57 9.4475e-15   5721.83 1 
  5620.27 9.5443e-15   5724.58 1 
  5622.97 8.9381e-15   5727.33 1 
  5625.67 8.7971e-15   5730.08 1 
  5628.37 1.0343e-14   5732.83 1 
  5631.07 9.5800e-15   5735.58 1 
  5633.77 9.7215e-15   5738.33 1 
  5636.47 9.4518e-15   5741.08 1 
  5639.17 9.2842e-15   5743.83 1 
  5641.87 9.5929e-15   5746.58 1 
  5644.57 9.6035e-15   5749.33 1 
  5647.27 1.0113e-14   5752.08 1 
  5649.97 9.8139e-15   5754.83 1 
  5652.67 1.0316e-14   5757.58 1 
  5655.37 1.0034e-14   5760.33 1 
  5658.07 1.0338e-14   5763.08 1 
  5660.77 1.0024e-14   5765.83 1 
  5663.47 8.9704e-15   5768.58 1 
  5666.17 8.9797e-15   5771.33 1 
  5668.87 9.8649e-15   5774.08 1 
  5671.57 1.1469e-14   5776.83 1 
  5674.27 1.0189e-14   5779.58 1 
  5676.97 9.6889e-15   5782.33 1 
  5679.67 9.4962e-15   5785.08 1 
  5682.37 9.0444e-15   5787.83 1 
  5685.07 1.0513e-14   5790.58 1 
  5687.77 1.0224e-14   5793.33 1 
  5690.47 8.9372e-15   5796.08 1 
  5693.17 1.0264e-14   5798.83 1 
  5695.87 9.8153e-15   5801.58 1 
  5698.57 1.0032e-14   5804.33 1 
  5701.27 1.0096e-14   5807.08 1 
  5703.97 9.6060e-15   5809.83 1 
  5706.67 9.9788e-15   5812.58 1 
  5709.37 1.0093e-14   5815.33 1 
  5712.07 9.8238e-15   5818.08 1 
  5714.77 1.0176e-14   5820.83 1 
  5717.47 1.0655e-14   5823.58 1 
  5720.17 1.1045e-14   5826.33 1 
  5722.87 1.0227e-14   5829.08 1 
  5725.57 9.2817e-15   5831.83 1 
  5728.27 8.5816e-15   5834.58 1 
  5730.97 9.5405e-15   5837.33 1 
  5733.67 8.6186e-15   5840.08 1 
  5736.37 9.7792e-15   5842.83 1 
  5739.07 9.6007e-15   5845.58 1 
  5741.77 9.9384e-15   5848.33 1 
  5744.47 9.6555e-15   5851.08 1 
  5747.17 1.1274e-14   5853.83 1 
  5749.87 1.0498e-14   5856.58 1 
  5752.57 1.0661e-14   5859.33 1 
  5755.27 9.1988e-15   5862.08 1 
  5757.97 9.9736e-15   5864.83 1 
  5760.67 9.2881e-15   5867.58 1 
  5763.37 9.5603e-15   5870.33 1 
  5766.07 1.0571e-14   5873.08 1 
  5768.77 1.0360e-14   5875.83 1 
  5771.47 1.0496e-14   5878.58 1 
  5774.17 1.0653e-14   5881.33 1 
  5776.87 9.0967e-15   5884.08 1 
  5779.57 1.0635e-14   5886.83 1 
  5782.27 9.9535e-15   5889.58 1 
  5784.97 9.7659e-15   5892.33 1 
  5787.67 1.0929e-14   5895.08 1 
  5790.37 1.0135e-14   5897.83 1 
  5793.07 8.9796e-15   5900.58 1 
  5795.77 9.9915e-15   5903.33 1 
  5798.47 9.0598e-15   5906.08 1 
  5801.17 1.1538e-14   5908.83 1 
  5803.87 1.0330e-14   5911.58 1 
  5806.57 9.4536e-15   5914.33 1 
  5809.27 9.8415e-15   5917.08 1 
  5811.97 8.4633e-15   5919.83 1 
  5814.67 9.7759e-15   5922.58 1 
  5817.37 9.7027e-15   5925.33 1 
  5820.07 9.0300e-15   5928.08 1 
  5822.77 1.0082e-14   5930.83 1 
  5825.47 9.8390e-15   5933.58 1 
  5828.17 9.6970e-15   5936.33 1 
  5830.87 9.3377e-15   5939.08 1 
  5833.56 8.8254e-15   5941.83 1 
  5836.26 1.0655e-14   5944.58 1 
  5838.96 1.0943e-14   5947.33 1 
  5841.66 1.0983e-14   5950.08 1 
  5844.36 9.5767e-15   5952.83 1 
  5847.06 1.1022e-14   5955.58 1 
  5849.76 9.9537e-15   5958.33 1 
  5852.46 1.0089e-14   5961.08 1 
  5855.16 9.4973e-15   5963.83 1 
  5857.86 8.8284e-15   5966.58 1 
  5860.56 9.7014e-15   5969.33 1 
  5863.26 9.5325e-15   5972.08 1 
  5865.96 1.0606e-14   5974.83 1 
  5868.66 1.1416e-14   5977.58 1 
  5871.36 1.3325e-14   5980.33 1 
  5874.06 1.4770e-14   5983.08 1 
  5876.76 1.3344e-14   5985.83 1 
  5879.46 1.2270e-14   5988.58 1 
  5882.16 1.0393e-14   5991.33 1 
  5884.86 9.2436e-15   5994.08 1 
  5887.56 9.7939e-15   5996.83 1 
  5890.26 9.6539e-15   5999.58 1 
  5892.96 9.1535e-15   6002.33 1 
  5895.66 8.7926e-15   6005.08 1 
  5898.36 9.0009e-15   6007.83 1 
  5901.06 8.3047e-15   6010.58 1 
  5903.76 9.7398e-15   6013.33 1 
  5906.46 9.9836e-15   6016.08 1 
  5909.16 9.1160e-15   6018.83 1 
  5911.86 9.1753e-15   6021.58 1 
  5914.56 9.8837e-15   6024.33 1 
  5917.26 1.0259e-14   6027.08 1 
  5919.96 9.1305e-15   6029.83 1 
  5922.66 9.4466e-15   6032.58 1 
  5925.36 9.3628e-15   6035.33 1 
  5928.06 9.1353e-15   6038.08 1 
  5930.76 9.1483e-15   6040.83 1 
  5933.46 8.1678e-15   6043.58 1 
  5936.16 8.9711e-15   6046.33 1 
  5938.86 9.6334e-15   6049.08 1 
  5941.56 8.9826e-15   6051.83 1 
  5944.26 8.1314e-15   6054.58 1 
  5946.96 8.8822e-15   6057.33 1 
  5949.66 9.3658e-15   6060.08 1 
  5952.36 8.5191e-15   6062.83 1 
  5955.06 9.8514e-15   6065.58 1 
  5957.76 1.0143e-14   6068.33 1 
  5960.46 9.8866e-15   6071.08 1 
  5963.16 8.7918e-15   6073.83 1 
  5965.86 9.5652e-15   6076.58 1 
  5968.56 1.0410e-14   6079.33 1 
  5971.26 9.1289e-15   6082.08 1 
  5973.96 9.7806e-15   6084.83 1 
  5976.66 1.0207e-14   6087.58 1 
  5979.36 9.3391e-15   6090.33 1 
  5982.06 9.8274e-15   6093.08 1 
  5984.76 9.5265e-15   6095.83 1 
  5987.46 9.3246e-15   6098.58 1 
  5990.16 9.6518e-15   6101.33 1 
  5992.86 9.8768e-15   6104.08 1 
  5995.56 9.9200e-15   6106.83 1 
  5998.26 1.0070e-14   6109.58 1 
  6000.96 9.3334e-15   6112.33 1 
  6003.66 8.9915e-15   6115.08 1 
  6006.36 8.8741e-15   6117.83 1 
  6009.06 1.0022e-14   6120.58 1 
  6011.76 9.5968e-15   6123.33 1 
  6014.46 1.0287e-14   6126.08 1 
  6017.16 9.3718e-15   6128.83 1 
  6019.86 9.4959e-15   6131.58 1 
  6022.56 9.8200e-15   6134.33 1 
  6025.26 8.8466e-15   6137.08 1 
  6027.96 9.2725e-15   6139.83 1 
  6030.66 9.5766e-15   6142.58 1 
  6033.36 1.0003e-14   6145.33 1 
  6036.06 9.8820e-15   6148.08 1 
  6038.76 9.7119e-15   6150.83 1 
  6041.46 9.3958e-15   6153.58 1 
  6044.16 8.9368e-15   6156.33 1 
  6046.86 1.0005e-14   6159.08 1 
  6049.56 9.5626e-15   6161.83 1 
  6052.26 9.1817e-15   6164.58 1 
  6054.96 9.4835e-15   6167.33 1 
  6057.66 8.6643e-15   6170.08 1 
  6060.36 9.2484e-15   6172.83 1 
  6063.06 9.4859e-15   6175.58 1 
  6065.76 9.9988e-15   6178.33 1 
  6068.46 9.7612e-15   6181.08 1 
  6071.16 9.3341e-15   6183.83 1 
  6073.86 8.8558e-15   6186.58 1 
  6076.56 9.6231e-15   6189.33 1 
  6079.26 8.9604e-15   6192.08 1 
  6081.96 8.3817e-15   6194.83 1 
  6084.65 9.1656e-15   6197.58 1 
  6087.35 9.0929e-15   6200.33 1 
  6090.05 8.4589e-15   6203.08 1 
  6092.75 9.9775e-15   6205.83 1 
  6095.45 9.1176e-15   6208.58 1 
  6098.15 9.4152e-15   6211.33 1 
  6100.85 9.1683e-15   6214.08 1 
  6103.55 1.0096e-14   6216.83 1 
  6106.25 9.8193e-15   6219.58 1 
  6108.95 9.6753e-15   6222.33 1 
  6111.65 1.0283e-14   6225.08 1 
  6114.35 9.8008e-15   6227.83 1 
  6117.05 8.4277e-15   6230.58 1 
  6119.75 8.9840e-15   6233.33 1 
  6122.45 8.0246e-15   6236.08 1 
  6125.15 7.9449e-15   6238.83 1 
  6127.85 7.5202e-15   6241.58 1 
  6130.55 9.1726e-15   6244.33 1 
  6133.25 9.4172e-15   6247.08 1 
  6135.95 9.7448e-15   6249.83 1 
  6138.65 8.2609e-15   6252.58 1 
  6141.35 8.3694e-15   6255.33 1 
  6144.05 9.4901e-15   6258.08 1 
  6146.75 8.8563e-15   6260.83 1 
  6149.45 1.0099e-14   6263.58 1 
  6152.15 8.8171e-15   6266.33 1 
  6154.85 8.7129e-15   6269.08 1 
  6157.55 8.5589e-15   6271.83 1 
  6160.25 9.4485e-15   6274.58 1 
  6162.95 8.9551e-15   6277.33 1 
  6165.65 8.7823e-15   6280.08 1 
  6168.35 8.7359e-15   6282.83 1 
  6171.05 9.0817e-15   6285.58 1 
  6173.75 9.0934e-15   6288.33 1 
  6176.45 8.8265e-15   6291.08 1 
  6179.15 8.6549e-15   6293.83 1 
  6181.85 8.8848e-15   6296.58 1 
  6184.55 8.1222e-15   6299.33 1 
  6187.25 9.8583e-15   6302.08 1 
  6189.95 8.4792e-15   6304.83 1 
  6192.65 8.6772e-15   6307.58 1 
  6195.35 9.5338e-15   6310.33 1 
  6198.05 9.3380e-15   6313.08 1 
  6200.75 9.0538e-15   6315.83 1 
  6203.45 9.3120e-15   6318.58 1 
  6206.15 9.6637e-15   6321.33 1 
  6208.85 8.3505e-15   6324.08 1 
  6211.55 7.2096e-15   6326.83 1 
  6214.25 9.0407e-15   6329.58 1 
  6216.95 8.5131e-15   6332.33 1 
  6219.65 9.6952e-15   6335.08 1 
  6222.35 8.9465e-15   6337.83 1 
  6225.05 9.4967e-15   6340.58 1 
  6227.75 8.5438e-15   6343.33 1 
  6230.45 9.3797e-15   6346.08 1 
  6233.15 8.2674e-15   6348.83 1 
  6235.85 8.7731e-15   6351.58 1 
  6238.55 8.4395e-15   6354.33 1 
  6241.25 9.4574e-15   6357.08 1 
  6243.95 9.5746e-15   6359.83 1 
  6246.65 9.1251e-15   6362.58 1 
  6249.35 9.8107e-15   6365.33 1 
  6252.05 8.9389e-15   6368.08 1 
  6254.75 7.6243e-15   6370.83 1 
  6257.45 8.0535e-15   6373.58 1 
  6260.15 9.2848e-15   6376.33 1 
  6262.85 1.0554e-14   6379.08 1 
  6265.55 9.8931e-15   6381.83 1 
  6268.25 8.9801e-15   6384.58 1 
  6270.95 8.9058e-15   6387.33 1 
  6273.65 8.6936e-15   6390.08 1 
  6276.35 9.2523e-15   6392.83 1 
  6279.05 9.0662e-15   6395.58 1 
  6281.75 8.4850e-15   6398.33 1 
  6284.45 9.7225e-15   6401.08 1 
  6287.15 9.5958e-15   6403.83 1 
  6289.85 9.6990e-15   6406.58 1 
  6292.55 1.0558e-14   6409.33 1 
  6295.25 1.2385e-14   6412.08 1 
  6297.95 1.3876e-14   6414.83 1 
  6300.65 1.3264e-14   6417.58 1 
  6303.35 1.2122e-14   6420.33 1 
  6306.05 1.0183e-14   6423.08 1 
  6308.75 1.0056e-14   6425.83 1 
  6311.45 9.6308e-15   6428.58 1 
  6314.15 9.6505e-15   6431.33 1 
  6316.85 1.0027e-14   6434.08 1 
  6319.55 9.2198e-15   6436.83 1 
  6322.25 8.8790e-15   6439.58 1 
  6324.95 9.4237e-15   6442.33 1 
  6327.65 9.0579e-15   6445.08 1 
  6330.35 1.0853e-14   6447.83 1 
  6333.05 9.1147e-15   6450.58 1 
  6335.74 8.1263e-15   6453.33 1 
  6338.44 1.0136e-14   6456.08 1 
  6341.14 9.3136e-15   6458.83 1 
  6343.84 8.7491e-15   6461.58 1 
  6346.54 9.0282e-15   6464.33 1 
  6349.24 8.9506e-15   6467.08 1 
  6351.94 9.1949e-15   6469.83 1 
  6354.64 7.9679e-15   6472.58 1 
  6357.34 1.0139e-14   6475.33 1 
  6360.04 1.1018e-14   6478.08 1 
  6362.74 1.1671e-14   6480.83 1 
  6365.44 9.6213e-15   6483.58 1 
  6368.14 1.0968e-14   6486.33 1 
  6370.84 9.6918e-15   6489.08 1 
  6373.54 9.3833e-15   6491.83 1 
  6376.24 8.8945e-15   6494.58 1 
  6378.94 9.5606e-15   6497.33 1 
  6381.64 9.6615e-15   6500.08 1 
  6384.34 8.0312e-15   6502.83 1 
  6387.04 8.7890e-15   6505.58 1 
  6389.74 9.3437e-15   6508.33 1 
  6392.44 8.9819e-15   6511.08 1 
  6395.14 8.5685e-15   6513.83 1 
  6397.84 9.0526e-15   6516.58 1 
  6400.54 9.1906e-15   6519.33 1 
  6403.24 9.0352e-15   6522.08 1 
  6405.94 8.8901e-15   6524.83 1 
  6408.64 8.7270e-15   6527.58 1 
  6411.34 8.4491e-15   6530.33 1 
  6414.04 6.8695e-15   6533.08 1 
  6416.74 8.1852e-15   6535.83 1 
  6419.44 8.3337e-15   6538.58 1 
  6422.14 9.1333e-15   6541.33 1 
  6424.84 9.5484e-15   6544.08 1 
  6427.54 7.4972e-15   6546.83 1 
  6430.24 7.6247e-15   6549.58 1 
  6432.94 7.7075e-15   6552.33 1 
  6435.64 7.8495e-15   6555.08 1 
  6438.34 8.4221e-15   6557.83 1 
  6441.04 9.4164e-15   6560.58 1 
  6443.74 9.7469e-15   6563.33 1 
  6446.44 8.5950e-15   6566.08 1 
  6449.14 9.6841e-15   6568.83 1 
  6451.84 1.0654e-14   6571.58 1 
  6454.54 9.3665e-15   6574.33 1 
  6457.24 8.7692e-15   6577.08 1 
  6459.94 8.0590e-15   6579.83 1 
  6462.64 8.9108e-15   6582.58 1 
  6465.34 9.2202e-15   6585.33 1 
  6468.04 8.3792e-15   6588.08 1 
  6470.74 9.6051e-15   6590.83 1 
  6473.44 9.6011e-15   6593.58 1 
  6476.14 8.8115e-15   6596.33 1 
  6478.84 9.7996e-15   6599.08 1 
  6481.54 9.7829e-15   6601.83 1 
  6484.24 8.3807e-15   6604.58 1 
  6486.94 8.8201e-15   6607.33 1 
  6489.64 9.3595e-15   6610.08 1 
  6492.34 9.8518e-15   6612.83 1 
  6495.04 8.4460e-15   6615.58 1 
  6497.74 8.8386e-15   6618.33 1 
  6500.44 8.4570e-15   6621.08 1 
  6503.14 8.5399e-15   6623.83 1 
  6505.84 8.0467e-15   6626.58 1 
  6508.54 9.6792e-15   6629.33 1 
  6511.24 9.3683e-15   6632.08 1 
  6513.94 9.2782e-15   6634.83 1 
  6516.64 9.0384e-15   6637.58 1 
  6519.34 9.1968e-15   6640.33 1 
  6522.04 9.1105e-15   6643.08 1 
  6524.74 8.5260e-15   6645.83 1 
  6527.44 9.9348e-15   6648.58 1 
  6530.14 9.5331e-15   6651.33 1 
  6532.84 9.6580e-15   6654.08 1 
  6535.54 9.8974e-15   6656.83 1 
  6538.24 8.9541e-15   6659.58 1 
  6540.94 1.2549e-14   6662.33 1 
  6543.64 1.3766e-14   6665.08 1 
  6546.34 1.6882e-14   6667.83 1 
  6549.04 1.8021e-14   6670.58 1 
  6551.74 1.9589e-14   6673.33 1 
  6554.44 3.4699e-14   6676.08 1 
  6557.14 7.3445e-14   6678.83 1 
  6559.84 1.3196e-13   6681.58 1 
  6562.54 1.4963e-13   6684.33 1 
  6565.24 1.1234e-13   6687.08 1 
  6567.94 5.2707e-14   6689.83 1 
  6570.64 2.2836e-14   6692.58 1 
  6573.34 1.5096e-14   6695.33 1 
  6576.04 1.7312e-14   6698.08 1 
  6578.74 2.3262e-14   6700.83 1 
  6581.44 2.7808e-14   6703.58 1 
  6584.14 2.7331e-14   6706.33 1 
  6586.84 2.0673e-14   6709.08 1 
  6589.53 1.4943e-14   6711.83 1 
  6592.23 1.1263e-14   6714.58 1 
  6594.93 1.0416e-14   6717.33 1 
  6597.63 8.6991e-15   6720.08 1 
  6600.33 8.0491e-15   6722.83 1 
  6603.03 8.6361e-15   6725.58 1 
  6605.73 8.9357e-15   6728.33 1 
  6608.43 9.4001e-15   6731.08 1 
  6611.13 8.6480e-15   6733.83 1 
  6613.83 8.6777e-15   6736.58 1 
  6616.53 9.5647e-15   6739.33 1 
  6619.23 9.5937e-15   6742.08 1 
  6621.93 9.5048e-15   6744.83 1 
  6624.63 8.7780e-15   6747.58 1 
  6627.33 8.4040e-15   6750.33 1 
  6630.03 9.3991e-15   6753.08 1 
  6632.73 8.4028e-15   6755.83 1 
  6635.43 7.9600e-15   6758.58 1 
  6638.13 9.6201e-15   6761.33 1 
  6640.83 9.0295e-15   6764.08 1 
  6643.53 8.2702e-15   6766.83 1 
  6646.23 8.1428e-15   6769.58 1 
  6648.93 8.4531e-15   6772.33 1 
  6651.63 8.3729e-15   6775.08 1 
  6654.33 8.5414e-15   6777.83 1 
  6657.03 9.1311e-15   6780.58 1 
  6659.73 8.4279e-15   6783.33 1 
  6662.43 9.2141e-15   6786.08 1 
  6665.13 9.2841e-15   6788.83 1 
  6667.83 8.8890e-15   6791.58 1 
  6670.53 8.6117e-15   6794.33 1 
  6673.23 8.6978e-15   6797.08 1 
  6675.93 9.2381e-15   6799.83 1 
  6678.63 1.0032e-14   6802.58 1 
  6681.33 9.8964e-15   6805.33 1 
  6684.03 8.5637e-15   6808.08 1 
  6686.73 9.2597e-15   6810.83 1 
  6689.43 8.7982e-15   6813.58 1 
  6692.13 7.9497e-15   6816.33 1 
  6694.83 6.9266e-15   6819.08 1 
  6697.53 8.0609e-15   6821.83 1 
  6700.23 9.7230e-15   6824.58 1 
  6702.93 8.9063e-15   6827.33 1 
  6714.50 8.9319e-15   6839.12 0 
  6729.98 8.8677e-15   6854.88 0 
  6745.49 8.7433e-15   6870.68 0 
  6761.05 8.7004e-15   6886.52 0 
  6776.63 8.6977e-15   6902.40 0 
  6792.25 8.5955e-15   6918.31 0 
  6807.91 8.7727e-15   6934.26 0 
  6823.60 8.7699e-15   6950.24 0 
  6839.33 8.7470e-15   6966.26 0 
  6855.10 8.7443e-15   6982.33 0 
  6870.90 8.4253e-15   6998.42 0 
  6886.74 8.5792e-15   7014.55 0 
  6902.62 8.5371e-15   7030.72 0 
  6918.53 8.5738e-15   7046.93 0 
  6934.48 8.4729e-15   7063.18 0 
  6950.46 8.6675e-15   7079.46 0 
  6966.49 8.5853e-15   7095.78 0 
  6982.55 8.5038e-15   7112.14 0 
  6998.64 8.5600e-15   7128.53 0 
  7014.78 8.4593e-15   7144.96 0 
  7030.95 8.3213e-15   7161.43 0 
  7047.15 8.6507e-15   7177.94 0 
  7063.40 8.3928e-15   7194.49 0 
  7079.68 8.4094e-15   7211.08 0 
  7096.00 8.0840e-15   7227.70 0 
  7112.36 8.1561e-15   7244.36 0 
  7128.76 8.0973e-15   7261.06 0 
  7145.19 8.0204e-15   7277.80 0 
  7161.66 8.0362e-15   7294.57 0 
  7178.17 7.9233e-15   7311.39 0 
  7194.72 7.4090e-15   7328.25 0 
  7211.30 7.7378e-15   7345.14 0 
  7227.93 8.0440e-15   7362.07 0 
  7244.59 7.9676e-15   7379.04 0 
  7261.29 7.8015e-15   7396.05 0 
  7278.03 8.0359e-15   7413.10 0 
  7294.81 7.8684e-15   7430.19 0 
  7311.62 8.0304e-15   7447.32 0 
  7328.48 8.1769e-15   7464.49 0 
  7345.37 8.3070e-15   7481.70 0 
  7362.30 7.9486e-15   7498.94 0 
  7379.28 8.2631e-15   7516.23 0 
  7396.29 7.9249e-15   7533.56 0 
  7413.34 8.2195e-15   7550.92 0 
  7430.43 7.8649e-15   7568.33 0 
  7447.56 8.0268e-15   7585.78 0 
  7464.73 8.1921e-15   7603.26 0 
  7481.93 8.0583e-15   7620.79 0 
  7499.18 8.0000e-15   7638.36 0 
  7516.47 8.0898e-15   7655.97 0 
  7533.80 8.1618e-15   7673.61 0 
  7551.16 8.1589e-15   7691.30 0 
  7568.57 8.0627e-15   7709.04 0 
  7586.02 8.0413e-15   7726.81 0 
  7603.50 7.9464e-15   7744.62 0 
  7621.03 7.8708e-15   7762.47 0 
  7638.60 7.7779e-15   7780.37 0 
  7656.21 7.7751e-15   7798.30 0 
  7673.86 7.1376e-15   7816.28 0 
  7691.55 7.6453e-15   7834.30 0 
  7709.28 7.1653e-15   7852.36 0 
  7727.05 7.5697e-15   7870.46 0 
  7744.87 7.6194e-15   7888.60 0 
  7762.72 7.5121e-15   7906.79 0 
  7780.61 7.1880e-15   7925.01 0 
  7798.55 7.3866e-15   7943.28 0 
  7816.53 7.4180e-15   7961.59 0 
  7834.54 7.5706e-15   7979.95 0 
  7852.61 7.5852e-15   7998.34 0 
  7870.71 7.5824e-15   8016.78 0 
  7888.85 7.4413e-15   8035.26 0 
  7907.04 7.3364e-15   8053.78 0 
  7925.27 7.1338e-15   8072.35 0 
  7943.53 7.2137e-15   8090.96 0 
  7961.85 7.2610e-15   8109.61 0 
  7980.20 7.2918e-15   8128.31 0 
  7998.60 7.3565e-15   8147.04 0 
  8017.03 7.2528e-15   8165.82 0 
  8035.52 6.9557e-15   8184.65 0 
  8054.04 7.1479e-15   8203.52 0 
  8072.61 7.3285e-15   8222.43 0 
  8091.21 7.0933e-15   8241.38 0 
  8109.87 7.2058e-15   8260.38 0 
  8128.56 7.1864e-15   8279.42 0 
  8147.30 7.2002e-15   8298.51 0 
  8166.09 7.1809e-15   8317.64 0 
  8184.91 6.9026e-15   8336.81 0 
  8203.78 6.6810e-15   8356.03 0 
  8222.69 7.0579e-15   8375.29 0 
  8241.64 6.7376e-15   8394.60 0 
  8260.64 7.1340e-15   8413.95 0 
  8279.69 7.1148e-15   8433.35 0 
  8298.77 6.8706e-15   8452.79 0 
  8317.90 6.8679e-15   8472.27 0 
  8337.07 6.8494e-15   8491.80 0 
  8356.30 6.8467e-15   8511.38 0 
  8375.56 6.9391e-15   8531.00 0 
  8394.87 6.6855e-15   8550.67 0 
  8414.22 6.9656e-15   8570.38 0 
  8433.62 6.7731e-15   8590.14 0 
  8453.06 6.7083e-15   8609.94 0 
  8472.55 6.7676e-15   8629.79 0 
  8492.08 6.8590e-15   8649.68 0 
  8511.65 6.3545e-15   8669.62 0 
  8531.27 6.8534e-15   8689.60 0 
  8550.94 4.3725e-15   8709.64 0 
  8570.65 6.7695e-15   8729.71 0 
  8590.41 6.6892e-15   8749.84 0 
  8610.21 6.4595e-15   8770.01 0 
  8630.06 6.6377e-15   8790.23 0 
  8649.95 6.7118e-15   8810.49 0 
  8669.90 4.9392e-15   8830.80 0 
  8689.88 6.3020e-15   8851.16 0 
  8709.91 6.4759e-15   8871.56 0 
  8729.99 6.7471e-15   8892.01 0 
  8750.12 6.3964e-15   8912.51 0 
  8770.29 6.5577e-15   8933.05 0 
  8790.50 6.6768e-15   8953.65 0 
  8810.77 6.6740e-15   8974.29 0 
  8831.08 6.5344e-15   8994.98 0 
  8851.44 6.5016e-15   9015.71 0 
  8871.84 5.6472e-15   9036.50 0 
  8892.29 6.2755e-15   9057.33 0 
  8912.79 6.4190e-15   9078.20 0 
  8933.34 6.3720e-15   9099.13 0 
  8953.93 6.2100e-15   9120.11 0 
  8974.57 5.9828e-15   9141.13 0 
  8995.26 5.9665e-15   9162.20 0 
  9016.00 5.8685e-15   9183.33 0 
  9036.78 6.0581e-15   9204.50 0 
  9057.61 6.6704e-15   9225.71 0 
  9078.50 5.9698e-15   9246.98 0 
  9099.42 5.8853e-15   9268.30 0 
  9120.40 6.4206e-15   9289.66 0 
  9141.43 5.9482e-15   9311.08 0 
  9162.50 5.6780e-15   9332.54 0 
  9183.62 5.3951e-15   9354.06 0 
  9204.79 5.9267e-15   9375.62 0 
  9226.01 5.7626e-15   9397.23 0 
  9247.28 5.7733e-15   9418.90 0 
  9268.59 5.9597e-15   9440.61 0 
  9289.96 5.8889e-15   9462.37 0 
  9311.37 6.1212e-15   9484.18 0 
  9332.84 6.1184e-15   9506.05 0 
  9354.36 6.0876e-15   9527.96 0 
  9375.92 6.0152e-15   9549.93 0 
  9397.53 6.0541e-15   9571.94 0 
  9419.20 5.9409e-15   9594.01 0 
  9440.91 5.9793e-15   9616.12 0 
  9462.67 6.0458e-15   9638.29 0 
  9484.48 6.0291e-15   9660.51 0 
  9506.35 5.9163e-15   9682.78 0 
  9528.26 5.8594e-15   9705.10 0 
  9550.23 5.5545e-15   9727.47 0 
  9572.25 5.8136e-15   9749.90 0 
  9594.31 5.9463e-15   9772.37 0 
  9616.43 5.8890e-15   9794.90 0 
  9638.60 5.8862e-15   9817.48 0 
  9660.82 5.8295e-15   9840.11 0 
  9683.09 5.8671e-15   9862.79 0 
  9705.41 5.7972e-15   9885.53 0 
  9727.78 5.7546e-15   9908.32 0 
  9750.21 5.7254e-15   9931.16 0 
  9772.68 5.7359e-15   9954.05 0 
  9795.21 5.6675e-15   9977.00 0 
  9817.79 5.7436e-15  10000.00 0 
  9840.42 5.7013e-15  10023.05 0 
  9863.10 5.6724e-15  10046.15 0 
  9885.84 5.6566e-15  10069.31 0 
  9908.64 5.6279e-15  10092.53 0 
  9931.48 5.6381e-15  10115.80 0 
  9954.37 5.6353e-15  10139.12 0 
  9977.32 5.6196e-15  10162.49 0 
 10000.32 5.5911e-15  10185.91 0 
 10023.37 5.4990e-15  10209.39 0 
 10069.64 5.3809e-15  10256.52 0 
 10116.12 5.5007e-15  10303.86 0 
 10186.23 5.4421e-15  10375.28 0 
 10233.26 5.4366e-15  10423.18 0 
 10280.49 5.4311e-15  10471.29 0 
 10304.19 5.3910e-15  10495.42 0 
 10495.75 5.1865e-15  10690.54 0 
 10690.89 4.9750e-15  10889.31 0 
 10889.65 4.7292e-15  11091.75 0 
 11092.10 4.5687e-15  11297.96 0 
 11298.31 4.4544e-15  11508.00 0 
 11508.36 4.4136e-15  11721.95 0 
 11695.37 4.2834e-15  11912.43 0 
 11912.80 4.1475e-15  12133.89 0 
 12106.37 4.0531e-15  12331.05 0 
 12303.08 3.9700e-15  12531.41 0 
 12502.99 3.8618e-15  12735.03 0 
 12706.14 3.7652e-15  12941.96 0 
 12912.60 3.6626e-15  13152.25 0 
 13092.24 3.5957e-15  13335.21 0 
 13304.97 3.4897e-15  13551.89 0 
 13490.06 3.4181e-15  13740.42 0 
 13709.25 3.3480e-15  13963.68 0 
 13899.97 3.2418e-15  14157.94 0 
 14093.34 3.1246e-15  14354.90 0 
 14289.40 3.0534e-15  14554.59 0 
 14488.18 3.0464e-15  14757.07 0 
 14689.74 2.9634e-15  14962.36 0 
 14894.09 2.9702e-15  15170.51 0 
 15101.27 2.9566e-15  15381.54 0 
 15311.36 2.9702e-15  15595.52 0 
 15488.66 2.9566e-15  15776.11 0 
 15704.13 2.8893e-15  15995.58 0 
 15885.98 2.7784e-15  16180.80 0 
 16106.97 2.7912e-15  16405.90 0 
 16293.47 2.7720e-15  16595.86 0 
 16482.14 2.7151e-15  16788.04 0 
 16711.43 2.6840e-15  17021.58 0 
 16904.95 2.6229e-15  17218.69 0 
 17100.70 2.5751e-15  17418.08 0 
 17298.71 2.4705e-15  17619.75 0 
 17499.02 2.4032e-15  17823.79 0 
 17701.65 2.3163e-15  18030.18 0 
 17906.63 2.2376e-15  18238.96 0 
 18113.97 2.1369e-15  18450.14 0 
 18281.58 2.0835e-15  18620.87 0 
 18493.28 2.0174e-15  18836.49 0 
 18707.43 1.9266e-15  19054.62 0 
 18880.51 1.8784e-15  19230.91 0 
 19099.14 1.8484e-15  19453.60 0 
 19320.30 1.7897e-15  19678.87 0 
 19499.06 1.7210e-15  19860.94 0 
 19679.49 1.6741e-15  20044.72 0 
 19907.37 1.6248e-15  20276.83 0 
 20091.56 1.5951e-15  20464.44 0 
 20277.48 1.5410e-15  20653.80 0 
 20512.28 1.5198e-15  20892.97 0 
 20702.07 1.4784e-15  21086.28 0 
 20893.63 1.4447e-15  21281.39 0 
 21086.94 1.4184e-15  21478.29 0 
 21282.07 1.3829e-15  21677.04 0 
 21478.99 1.3545e-15  21877.62 0 
 21677.72 1.3085e-15  22080.04 0 
 21878.31 1.2876e-15  22284.35 0 
 22080.76 1.2525e-15  22490.56 0 
 22285.06 1.2184e-15  22698.65 0 
 22491.27 1.1907e-15  22908.68 0 
 22699.36 1.1609e-15  23120.64 0 
 22909.41 1.0490e-15  23334.58 0 
 23121.39 1.0418e-15  23550.50 0 
 23281.65 9.2000e-16  23713.74 0 
 23497.09 8.6854e-16  23933.17 0 
 23714.49 8.8265e-16  24154.60 0 
 23878.88 8.1244e-16  24322.05 0 
 24099.81 7.8848e-16  24547.08 0 
 24322.82 7.8485e-16  24774.22 0 
 24491.40 7.3585e-16  24945.94 0 
 24718.03 7.3078e-16  25176.77 0 
 24889.35 6.4534e-16  25351.28 0 
 25119.66 6.4386e-16  25585.86 0 
 25293.77 6.4832e-16  25763.20 0 
 25527.82 6.4238e-16  26001.59 0 
 25704.79 6.4832e-16  26181.84 0 
 25882.95 6.3210e-16  26363.31 0 
 26122.46 6.2920e-16  26607.26 0 
 26303.51 6.1346e-16  26791.68 0 
 26485.86 6.0784e-16  26977.41 0 
 26669.44 5.9537e-16  27164.39 0 
 26916.22 5.8720e-16  27415.75 0 
 27102.78 5.7915e-16  27605.78 0 
 27290.63 5.6727e-16  27797.12 0 
 27479.82 5.5820e-16  27989.81 0 
 27670.28 5.4549e-16  28183.82 0 
 27926.33 5.4049e-16  28444.61 0 
 28119.89 5.2941e-16  28641.77 0 
 28314.82 5.2094e-16  28840.32 0 
 28511.08 5.1143e-16  29040.21 0 
 28708.72 5.0094e-16  29241.53 0 
 28907.71 4.9407e-16  29444.21 0 
 29108.10 4.8505e-16  29648.32 0 
 29309.86 4.7510e-16  29853.82 0 
 29513.04 4.6643e-16  30060.77 0 
 29717.60 4.6003e-16  30269.13 0 
 29923.61 4.5060e-16  30478.96 0 
 30131.02 4.4339e-16  30690.22 0 
 30270.09 4.3430e-16  30831.87 0 
 30479.93 4.2834e-16  31045.60 0 
 30691.19 4.2246e-16  31260.79 0 
 30903.95 4.1571e-16  31477.49 0 
 31118.15 4.1000e-16  31695.67 0 
 31333.87 4.0438e-16  31915.39 0 
 31478.49 3.9883e-16  32062.70 0 
 31696.67 3.9336e-16  32284.93 0 
 31916.40 3.9065e-16  32508.74 0 
 32063.71 3.8796e-16  32658.78 0 
 32285.98 3.8975e-16  32885.18 0 
 32509.76 4.0067e-16  33113.11 0 
 32735.09 4.3832e-16  33342.62 0 
 32886.22 5.4801e-16  33496.55 0 
 33114.16 5.4174e-16  33728.72 0 
 33267.03 4.1956e-16  33884.43 0 
 33497.61 3.7135e-16  34119.29 0 
 33729.79 3.4978e-16  34355.78 0 
 33885.50 3.3635e-16  34514.38 0 
 34120.37 3.2643e-16  34753.61 0 
 34277.89 3.1973e-16  34914.05 0 
 34515.47 3.1318e-16  35156.04 0 
 34674.78 3.0675e-16  35318.30 0 
 34915.15 3.0115e-16  35563.14 0 
 35076.30 2.9566e-16  35727.28 0 
 35319.46 2.9026e-16  35974.95 0 
 35482.47 2.8562e-16  36140.99 0 
 35728.41 2.8041e-16  36391.49 0 
 35893.35 2.7592e-16  36559.50 0 
 36059.02 2.7151e-16  36728.23 0 
 36308.95 2.6717e-16  36982.80 0 
 36476.57 2.6169e-16  37153.54 0 
 36729.39 2.5751e-16  37411.05 0 
 36898.92 2.5281e-16  37583.72 0 
 37069.26 2.4819e-16  37757.23 0 
 37326.20 2.4479e-16  38018.93 0 
 37498.47 2.3977e-16  38194.41 0 
 37671.59 2.3757e-16  38370.73 0 
 37932.69 2.3377e-16  38636.69 0 
 38107.82 2.3003e-16  38815.06 0 
 38283.70 2.2688e-16  38994.21 0 
 38460.40 2.2325e-16  39174.18 0 
 38727.01 2.1968e-16  39445.75 0 
 38905.76 2.1617e-16  39627.81 0 
 39085.32 2.1320e-16  39810.71 0 
 39265.76 2.1028e-16  39994.50 0 
 39537.92 2.0644e-16  40271.71 0 
 39720.41 2.0361e-16  40457.58 0 
 39903.78 1.9989e-16  40644.35 0 
 40087.95 1.9760e-16  40831.95 0 
 40272.98 1.9489e-16  41020.40 0 
 40458.85 1.9177e-16  41209.73 0 
 40739.33 1.8958e-16  41495.41 0 
 40927.35 1.8698e-16  41686.93 0 
 41116.30 1.8441e-16  41879.38 0 
 41306.07 1.8230e-16  42072.67 0 
 41496.72 1.7980e-16  42266.86 0 
 41688.24 1.7733e-16  42461.93 0 
 41880.70 1.7530e-16  42657.96 0 
 42074.00 1.7290e-16  42854.85 0 
 42268.19 1.7131e-16  43052.64 0 
 42463.32 1.6896e-16  43251.40 0 
 42659.31 1.6703e-16  43451.02 0 
 42856.20 1.6136e-16  43651.57 0 
 43054.05 1.5624e-16  43853.09 0 
 43252.76 1.5660e-16  44055.49 0 
 43452.40 1.5163e-16  44258.83 0 
 43652.95 1.4921e-16  44463.10 0 
 43854.47 1.4716e-16  44668.37 0 
 44056.88 1.4315e-16  44874.54 0 
 44260.22 1.4216e-16  45081.65 0 
 44464.56 1.4054e-16  45289.77 0 
 44669.78 1.3734e-16  45498.80 0 
 44875.95 1.3765e-16  45708.80 0 
 45083.12 1.3545e-16  45919.82 0 
 45291.20 1.3329e-16  46131.76 0 
 45500.24 1.3329e-16  46344.68 0 
 45710.30 1.3207e-16  46558.63 0 
 45921.27 1.2965e-16  46773.52 0 
 46133.22 1.3025e-16  46989.40 0 
 46346.14 1.2876e-16  47206.28 0 
 46453.03 1.2758e-16  47315.15 0 
 46667.43 1.2758e-16  47533.53 0 
 46882.82 1.2641e-16  47752.92 0 
 47099.26 1.2525e-16  47973.37 0 
 47316.64 1.2583e-16  48194.79 0 
 47535.03 1.2439e-16  48417.23 0 
 47754.42 1.2382e-16  48640.70 0 
 47864.55 1.2325e-16  48752.87 0 
 48085.47 1.2212e-16  48977.89 0 
 48307.41 1.2268e-16  49203.95 0 
 48530.37 1.2156e-16  49431.04 0 
 48754.41 1.2072e-16  49659.24 0 
 48866.79 1.2045e-16  49773.71 0 
 49092.34 1.1962e-16  50003.44 0 
 49318.97 1.1974e-16  50234.29 0 
 49546.60 1.1958e-16  50466.14 0 
 49660.81 1.1977e-16  50582.46 0 
 49890.02 1.1961e-16  50815.93 0 
 50120.34 1.2001e-16  51050.52 0 
 50351.67 1.1985e-16  51286.14 0 
 50467.73 1.1950e-16  51404.36 0 
 50700.66 1.1989e-16  51641.62 0 
 50817.59 1.2009e-16  51760.71 0 
 50934.73 1.2001e-16  51880.02 0 
 51052.13 1.1993e-16  51999.61 0 
 51169.81 1.2013e-16  52119.47 0 
 51287.76 1.2005e-16  52239.61 0 
 51405.98 1.2025e-16  52360.03 0 
 51524.48 1.2045e-16  52480.72 0 
 51643.30 1.2093e-16  52601.75 0 
 51762.34 1.2113e-16  52723.00 0 
 51881.66 1.2133e-16  52844.53 0 
 52001.25 1.2125e-16  52966.34 0 
 52121.12 1.2145e-16  53088.43 0 
 52241.26 1.2165e-16  53210.80 0 
 52361.74 1.2186e-16  53333.52 0 
 52482.44 1.2234e-16  53456.46 0 
 52603.41 1.2283e-16  53579.68 0 
 52724.67 1.2332e-16  53703.18 0 
 52846.20 1.2352e-16  53826.97 0 
 52968.01 1.2344e-16  53951.05 0 
 53090.11 1.2365e-16  54075.41 0 
 53212.54 1.2414e-16  54200.11 0 
 53335.20 1.2464e-16  54325.05 0 
 53458.14 1.2513e-16  54450.27 0 
 53581.37 1.2563e-16  54575.79 0 
 53704.88 1.2584e-16  54701.59 0 
 53828.67 1.2634e-16  54827.68 0 
 53952.75 1.2714e-16  54954.06 0 
 54077.17 1.2765e-16  55080.79 0 
 54201.83 1.2786e-16  55207.76 0 
 54326.77 1.2837e-16  55335.02 0 
 54451.99 1.2888e-16  55462.57 0 
 54577.51 1.2969e-16  55590.41 0 
 54703.31 1.3021e-16  55718.55 0 
 54829.47 1.3073e-16  55847.05 0 
 54955.85 1.3156e-16  55975.78 0 
 55082.53 1.3208e-16  56104.81 0 
 55209.50 1.3322e-16  56234.13 0 
 55336.76 1.3437e-16  56363.76 0 
 55464.32 1.3491e-16  56493.68 0 
 55592.17 1.3545e-16  56623.90 0 
 55720.37 1.3662e-16  56754.48 0 
 55848.81 1.3780e-16  56885.31 0 
 55977.55 1.3867e-16  57016.43 0 
 56106.58 1.3987e-16  57147.86 0 
 56235.91 1.4108e-16  57279.59 0 
 56365.53 1.4197e-16  57411.62 0 
 56495.52 1.4353e-16  57544.02 0 
 56625.75 1.4477e-16  57676.67 0 
 56756.28 1.4635e-16  57809.62 0 
 56887.10 1.4762e-16  57942.87 0 
 57018.23 1.4924e-16  58076.43 0 
 57149.66 1.5088e-16  58210.30 0 
 57281.40 1.5288e-16  58344.48 0 
 57413.50 1.5456e-16  58479.04 0 
 57545.84 1.5698e-16  58613.83 0 
 57678.49 1.5907e-16  58748.94 0 
 57811.44 1.6118e-16  58884.36 0 
 57944.70 1.6371e-16  59020.09 0 
 58078.27 1.6665e-16  59156.14 0 
 58212.14 1.6965e-16  59292.50 0 
 58346.39 1.7270e-16  59429.24 0 
 58480.88 1.7621e-16  59566.23 0 
 58615.68 1.7938e-16  59703.53 0 
 58750.80 1.8345e-16  59841.15 0 
 58886.22 1.8762e-16  59979.09 0 
 59238.40 1.9904e-16  60337.80 3 
 59535.29 1.9873e-16  60640.20 3 
 59832.18 2.3190e-16  60942.60 3 
 60129.16 2.5720e-16  61245.10 3 
 60426.05 2.7054e-16  61547.50 3 
 60722.94 2.7235e-16  61849.90 3 
 61019.83 3.0599e-16  62152.30 3 
 61316.72 4.2844e-16  62454.70 3 
 61613.71 6.1544e-16  62757.20 3 
 61910.60 7.7184e-16  63059.60 3 
 62207.50 8.1808e-16  63362.00 3 
 62504.38 7.4404e-16  63664.40 3 
 62801.27 5.9709e-16  63966.80 3 
 63098.26 4.5322e-16  64269.30 3 
 63395.15 4.3233e-16  64571.70 3 
 63692.04 3.9177e-16  64874.10 3 
 63988.93 3.3485e-16  65176.50 3 
 64285.82 3.1813e-16  65478.90 3 
 64582.81 2.9179e-16  65781.40 3 
 64879.69 2.6313e-16  66083.80 3 
 65176.58 2.3811e-16  66386.20 3 
 65473.48 2.4631e-16  66688.60 3 
 65770.37 2.2712e-16  66991.00 3 
 66067.36 2.6233e-16  67293.50 3 
 66364.24 2.5817e-16  67595.90 3 
 66661.14 2.3286e-16  67898.30 3 
 66958.02 2.5315e-16  68200.70 3 
 67254.92 2.8365e-16  68503.10 3 
 67551.91 2.4470e-16  68805.60 3 
 67848.79 2.4855e-16  69108.00 3 
 68145.68 2.2831e-16  69410.40 3 
 68442.58 2.5637e-16  69712.80 3 
 68739.47 2.3757e-16  70015.20 3 
 69036.46 3.0204e-16  70317.70 3 
 69333.34 3.0088e-16  70620.10 3 
 69630.23 3.3760e-16  70922.50 3 
 69927.12 3.1117e-16  71224.90 3 
 70224.01 3.0047e-16  71527.30 3 
 70521.00 3.2514e-16  71829.80 3 
 70817.89 3.1623e-16  72132.20 3 
 71114.78 3.7145e-16  72434.60 3 
 71411.67 3.5063e-16  72737.00 3 
 71708.56 3.0469e-16  73039.40 3 
 72005.55 3.3495e-16  73341.90 3 
 72302.44 3.5443e-16  73644.30 3 
 72599.33 3.6923e-16  73946.70 3 
 72896.22 4.0026e-16  74249.10 3 
 73193.11 4.0858e-16  74551.50 3 
 73490.10 4.2919e-16  74854.00 3 
 73786.99 4.7036e-16  75156.40 3 
 74083.87 5.8593e-16  75458.80 3 
 74380.76 5.7765e-16  75761.20 3 
 74974.55 6.5015e-16  76366.00 3 
 75568.42 7.3741e-16  76970.90 3 
 76162.20 7.7444e-16  77575.70 3 
 76755.99 7.5379e-16  78180.50 3 
 77349.86 7.2109e-16  78785.40 3 
 77943.65 6.8876e-16  79390.20 3 
 78537.52 6.4537e-16  79995.10 3 
 79131.30 5.6594e-16  80599.90 3 
 79725.09 4.9538e-16  81204.70 3 
 80318.95 4.3563e-16  81809.59 3 
 80912.74 3.7730e-16  82414.40 3 
 81506.52 3.4873e-16  83019.20 3 
 82100.39 3.3085e-16  83624.09 3 
 82694.18 3.3995e-16  84228.90 3 
 83287.95 3.4224e-16  84833.70 3 
 83881.84 3.5358e-16  85438.60 3 
 84475.62 3.5735e-16  86043.40 3 
 85069.50 3.8871e-16  86648.30 3 
 85663.28 4.0905e-16  87253.10 3 
 86257.06 3.9914e-16  87857.91 3 
 86850.94 3.6245e-16  88462.80 3 
 87444.72 3.0767e-16  89067.60 3 
 88038.50 2.5566e-16  89672.41 3 
 88632.37 2.2626e-16  90277.30 3 
 89226.15 2.2679e-16  90882.10 3 
 89819.93 2.6042e-16  91486.90 3 
 90413.81 1.9310e-16  92091.80 3 
 91007.59 1.5951e-16  92696.60 3 
 91601.47 1.5503e-16  93301.50 3 
 92195.25 1.5701e-16  93906.30 3 
 92789.03 1.4321e-16  94511.10 3 
 93382.90 1.4845e-16  95115.99 3 
 93976.68 1.3984e-16  95720.80 3 
 94570.47 1.4084e-16  96325.60 3 
 95164.34 1.4916e-16  96930.50 3 
 95758.12 1.3767e-16  97535.30 3 
 96351.90 1.5186e-16  98140.09 3 
 96945.78 1.5089e-16  98745.00 3 
 97539.57 1.4574e-16  99349.80 3 
 98133.44 1.4460e-16  99954.70 3 
 98727.22 1.4497e-16 100559.50 3 
 99321.01 1.3948e-16 101164.30 3 
 99914.88 1.3961e-16 101769.20 3 
100508.66 1.4295e-16 102374.00 3 
101102.44 1.4616e-16 102978.80 3 
101696.31 1.4564e-16 103583.70 3 
102290.10 1.4167e-16 104188.50 3 
102883.88 1.4262e-16 104793.30 3 
103477.75 1.5752e-16 105398.20 3 
104071.54 1.9128e-16 106003.00 3 
104665.42 2.7008e-16 106607.91 3 
105259.19 3.0170e-16 107212.70 3 
105852.97 2.1810e-16 107817.50 3 
106446.86 1.7177e-16 108422.41 3 
107040.64 1.7613e-16 109027.20 3 
107634.41 1.7238e-16 109632.00 3 
108228.29 1.7812e-16 110236.90 3 
108822.07 1.8920e-16 110841.70 3 
109415.86 2.0399e-16 111446.51 3 
110009.73 2.3406e-16 112051.40 3 
110603.51 2.5768e-16 112656.20 3 
111197.39 3.1263e-16 113261.10 3 
111791.17 4.8312e-16 113865.90 3 
112384.95 5.7120e-16 114470.70 3 
112978.83 5.1815e-16 115075.60 3 
113572.60 4.2248e-16 115680.40 3 
114166.39 3.4893e-16 116285.20 3 
114760.26 3.1025e-16 116890.09 3 
115354.04 2.6803e-16 117494.90 3 
115947.82 2.4825e-16 118099.70 3 
116541.70 2.4666e-16 118704.59 3 
117135.48 2.3461e-16 119309.40 3 
117729.37 2.3526e-16 119914.30 3 
118323.14 2.3627e-16 120519.10 3 
118916.92 2.4191e-16 121123.90 3 
119510.80 2.5267e-16 121728.80 3 
120104.58 2.4747e-16 122333.60 3 
120698.37 2.4708e-16 122938.41 3 
121292.23 2.4370e-16 123543.30 3 
121886.02 2.5134e-16 124148.10 3 
122479.80 2.5528e-16 124752.91 3 
123073.67 2.5910e-16 125357.80 3 
123667.46 2.6899e-16 125962.60 3 
124261.33 2.6915e-16 126567.50 3 
124855.11 2.7111e-16 127172.30 3 
125448.90 2.9058e-16 127777.10 3 
126042.77 3.0170e-16 128382.00 3 
126636.55 3.1384e-16 128986.80 3 
127230.33 3.6847e-16 129591.60 3 
127824.22 4.9623e-16 130196.51 3 
128417.99 4.8708e-16 130801.30 3 
129011.76 2.9011e-16 131406.09 3 
129605.65 2.4392e-16 132011.00 3 
130199.43 2.2175e-16 132615.80 3 
130793.20 2.1806e-16 133220.59 3 
131387.09 2.1372e-16 133825.50 3 
131980.86 2.1909e-16 134430.30 3 
132574.75 2.1502e-16 135035.20 3 
133168.53 2.1436e-16 135640.00 3 
133762.30 2.2253e-16 136244.80 3 
134356.19 2.2060e-16 136849.70 3 
134949.96 2.1871e-16 137454.50 3 
135543.74 2.2785e-16 138059.30 3 
136137.62 2.1767e-16 138664.20 3 
136731.40 2.1726e-16 139269.00 3 
137325.18 2.2260e-16 139873.80 3 
137919.06 2.1470e-16 140478.70 3 
138512.84 2.1065e-16 141083.50 3 
139106.72 2.2062e-16 141688.41 3 
139700.50 2.2499e-16 142293.20 3 
140294.28 2.0949e-16 142898.00 3 
140888.16 2.0276e-16 143502.91 3 
141481.94 1.9711e-16 144107.70 3 
142075.72 1.9390e-16 144712.50 3 
143117.97 2.1093e-16 145774.09 3 
143949.35 2.1102e-16 146620.91 3 
144780.72 2.0481e-16 147467.70 3 
145612.09 2.0380e-16 148314.50 3 
146443.36 2.0186e-16 149161.20 3 
147274.73 1.9966e-16 150008.00 3 
148106.10 2.0269e-16 150854.80 3 
148937.37 2.0391e-16 151701.50 3 
149768.74 2.0540e-16 152548.30 3 
150600.11 2.0602e-16 153395.09 3 
151431.38 2.0689e-16 154241.80 3 
152262.75 2.0864e-16 155088.59 3 
153094.13 2.1113e-16 155935.41 3 
153925.41 2.2445e-16 156782.11 3 
154756.78 3.1646e-16 157628.91 3 
155588.14 5.5048e-16 158475.70 3 
156419.40 3.6776e-16 159322.39 3 
157250.79 2.3025e-16 160169.20 3 
158082.15 2.2713e-16 161016.00 3 
158913.52 2.2630e-16 161862.80 3 
159744.80 2.2976e-16 162709.50 3 
160576.18 2.3089e-16 163556.31 3 
161407.53 2.3416e-16 164403.09 3 
162238.82 2.3598e-16 165249.81 3 
163070.17 2.5171e-16 166096.59 3 
163901.54 2.7060e-16 166943.39 3 
164732.83 2.7478e-16 167790.11 3 
165564.18 2.6385e-16 168636.89 3 
166395.57 2.5633e-16 169483.70 3 
167226.83 2.6008e-16 170330.39 3 
168058.21 2.6037e-16 171177.20 3 
168889.58 2.6473e-16 172024.00 3 
169720.84 2.8668e-16 172870.69 3 
170552.22 3.0560e-16 173717.50 3 
171383.59 2.8344e-16 174564.30 3 
172214.96 2.7449e-16 175411.09 3 
173046.23 2.7658e-16 176257.80 3 
173877.61 2.7982e-16 177104.61 3 
174708.97 2.7476e-16 177951.39 3 
175540.26 2.7102e-16 178798.11 3 
176371.63 2.7357e-16 179644.91 3 
177202.99 2.7824e-16 180491.70 3 
178034.27 2.7567e-16 181338.41 3 
178865.62 2.7830e-16 182185.19 3 
179697.00 2.7446e-16 183032.00 3 
180528.28 2.7516e-16 183878.70 3 
181359.65 2.7487e-16 184725.50 3 
182191.01 2.7434e-16 185572.30 3 
183022.27 2.7540e-16 186418.98 3 
183853.66 2.7681e-16 187265.80 3 
184685.04 2.8106e-16 188112.61 3 
185516.41 2.9163e-16 188959.41 3 
186347.67 3.5302e-16 189806.09 3 
187179.05 4.3084e-16 190652.91 3 
188010.40 3.7054e-16 191499.69 3 
188841.69 2.9843e-16 192346.41 3 
189673.06 2.9925e-16 193193.20 3 
190504.43 2.9802e-16 194040.00 3 
191335.70 2.9103e-16 194886.70 3 
192167.09 2.9710e-16 195733.52 3 
192998.44 2.9423e-16 196580.30 3 
193829.71 2.9850e-16 197427.00 3 
194661.08 3.0226e-16 198273.80 3 
195492.45 3.0149e-16 199120.59 3 
196323.74 2.9855e-16 199967.31 3 
197155.09 2.9645e-16 200814.09 3 
197986.48 2.9945e-16 201660.91 3 
198817.84 3.0240e-16 202507.70 3 
199649.10 3.0197e-16 203354.39 3 
200480.49 3.0190e-16 204201.20 3 
202143.13 2.9175e-16 205894.70 3 
203805.86 3.0846e-16 207588.30 3 
205468.52 3.0658e-16 209281.81 3 
207131.15 3.1032e-16 210975.30 3 
208793.88 3.1257e-16 212668.89 3 
210456.53 3.1613e-16 214362.39 3 
212119.28 3.1916e-16 216056.00 3 
213781.92 3.2117e-16 217749.50 3 
215444.56 3.2569e-16 219443.00 3 
217107.31 3.2906e-16 221136.61 3 
218769.96 3.2619e-16 222830.11 3 
220432.59 3.2834e-16 224523.59 3 
222095.32 3.3087e-16 226217.19 3 
223757.98 3.3499e-16 227910.70 3 
225420.71 3.3539e-16 229604.30 3 
227083.36 3.3967e-16 231297.80 3 
228746.00 3.4399e-16 232991.30 3 
230408.75 3.4605e-16 234684.91 3 
232071.39 3.4591e-16 236378.41 3 
233734.04 3.4348e-16 238071.91 3 
235396.76 3.4897e-16 239765.48 3 
237059.41 3.4981e-16 241459.00 3 
238722.15 3.5341e-16 243152.59 3 
240384.79 3.5716e-16 244846.09 3 
242047.44 3.5986e-16 246539.59 3 
243710.19 3.5568e-16 248233.20 3 
245372.83 3.5482e-16 249926.70 3 
247035.47 3.6065e-16 251620.20 3 
248698.22 3.6365e-16 253313.81 3 
250360.87 3.6233e-16 255007.31 3 
252023.58 3.6375e-16 256700.89 3 
253686.23 3.6627e-16 258394.39 3 
255348.87 3.7187e-16 260087.89 3 
257011.62 3.7172e-16 261781.50 3 
258674.26 3.7551e-16 263475.00 3 
260336.91 3.7371e-16 265168.50 3 
261999.64 3.7079e-16 266862.09 3 
263662.29 3.7477e-16 268555.59 3 
265325.02 3.7669e-16 270249.19 3 
266987.66 3.7702e-16 271942.69 3 
268650.34 3.7670e-16 273636.22 3 
270313.07 3.7647e-16 275329.81 3 
271975.68 3.7406e-16 277023.28 3 
273638.33 3.7573e-16 278716.78 3 
275301.09 3.7937e-16 280410.41 3 
276963.74 3.8371e-16 282103.91 3 
278626.47 3.8275e-16 283797.50 3 
280289.11 3.8254e-16 285491.00 3 
281951.76 3.8520e-16 287184.50 3 
283614.49 3.8506e-16 288878.09 3 
285277.14 3.8748e-16 290571.59 3 
286939.78 3.8388e-16 292265.09 3 
288602.51 3.8808e-16 293958.69 3 
290265.16 3.8773e-16 295652.19 3 
291927.89 3.8650e-16 297345.78 3 
293590.57 3.8795e-16 299039.31 3 
295253.21 3.8768e-16 300732.81 3 
296915.94 3.9064e-16 302426.41 3 
298578.59 3.9366e-16 304119.91 3 
300241.23 3.9164e-16 305813.41 3 
301903.96 3.9547e-16 307507.00 3 
303566.61 3.9548e-16 309200.50 3 
305229.34 3.9486e-16 310894.09 3 
306891.99 3.9829e-16 312587.59 3 
308554.63 3.9675e-16 314281.09 3 
310217.36 4.0313e-16 315974.69 3 
311880.04 4.0125e-16 317668.22 3 
313542.68 3.9722e-16 319361.72 3 
315205.42 3.9894e-16 321055.31 3 
316868.03 4.0502e-16 322748.78 3 
318530.79 4.1055e-16 324442.41 3 
320193.44 4.1388e-16 326135.91 3 
321856.08 4.1516e-16 327829.41 3 
323518.81 4.1598e-16 329523.00 3 
325181.46 4.1845e-16 331216.50 3 
326844.10 4.2312e-16 332910.00 3 
328506.87 4.3230e-16 334603.62 3 
330169.51 4.1579e-16 336297.12 3 
331832.21 4.2991e-16 337990.69 3 
333494.86 5.8221e-16 339684.19 3 
335157.53 5.3549e-16 341377.72 3 
336820.23 4.4914e-16 343071.28 3 
338482.88 4.4571e-16 344764.78 3 
340145.52 4.3154e-16 346458.28 3 
341808.29 4.3739e-16 348151.91 3 
343470.90 4.3124e-16 349845.38 3 
