4.000000000000000222e-01 4.400188458145880495e-10 4.657614281144697636e-11
4.057142857142857495e-01 4.337002391768888530e-10 4.549283072161610847e-11
4.115102040816326912e-01 4.709313161737310441e-10 4.190554755154808538e-11
4.173889212827988637e-01 4.846225884683996011e-10 4.180261586263280236e-11
4.233516201582674388e-01 4.347334165461591974e-10 4.114434459658274259e-11
4.293995004462426990e-01 4.431239482655823574e-10 4.579136296208619863e-11
4.355337790240461637e-01 4.593149151549992893e-10 3.988427372273924408e-11
4.417556901529611224e-01 4.602623512029086343e-10 3.698378207610849729e-11
4.480664857265748702e-01 4.902284906995612916e-10 3.425067702411698179e-11
4.544674355226687723e-01 4.580600170025383293e-10 3.331764554511304982e-11
4.609598274587068945e-01 4.415732589046672865e-10 3.311464272779460375e-11
4.675449678509741580e-01 4.519205115464953470e-10 3.266517587330827025e-11
4.742241816774166452e-01 4.064083073659184728e-10 3.204524345465025517e-11
4.809988128442369004e-01 3.512185179846738819e-10 3.125238421747121954e-11
4.878702244562974077e-01 3.631768809468130450e-10 3.307571277332781705e-11
4.948397990913873667e-01 3.668037531819921466e-10 3.126084949864454798e-11
5.019089390784071680e-01 3.845632332249729252e-10 3.210096950360224717e-11
5.090790667795273006e-01 3.743437906100428069e-10 3.036967740442239393e-11
5.163516248763776462e-01 3.270825462755199867e-10 3.278685799037766598e-11
5.237280766603259474e-01 3.455664274132240858e-10 3.096629240796627547e-11
5.312099063269020149e-01 3.237147474818703367e-10 2.997747347286694584e-11
5.387986192744291802e-01 2.896042472391169669e-10 2.976931590526826190e-11
5.464957424069210035e-01 3.358480795932062350e-10 2.932851462406470596e-11
5.543028244413056305e-01 3.371030454255866202e-10 2.900244985858912096e-11
5.622214362190385284e-01 2.536602784456920987e-10 2.905774549173781478e-11
5.702531710221676597e-01 3.301010863903083736e-10 2.828924005706943363e-11
5.783996448939129342e-01 3.286158847453371144e-10 2.804438010491566231e-11
5.866624969638259968e-01 3.087702766666696670e-10 2.820413807910170302e-11
5.950433897775949665e-01 2.837705881689381949e-10 2.785834529376357441e-11
6.035440096315606295e-01 2.849047439019966926e-10 2.783348238405318850e-11
6.121660669120114751e-01 3.254536750283359829e-10 2.828316755305783746e-11
6.209112964393259659e-01 3.317949918366021394e-10 2.810025114085488805e-11
6.297814578170306543e-01 2.519456864282857877e-10 2.817003398309994557e-11
6.387783357858454192e-01 2.843841843073579199e-10 2.823236946784704379e-11
6.479037405827861029e-01 3.336422578284615033e-10 2.843183728273737050e-11
6.571595083053973774e-01 3.333203143870717288e-10 2.935768525649990364e-11
6.665475012811887812e-01 3.348825248502969706e-10 2.861432803383408071e-11
6.760696084423486463e-01 3.513306174749435371e-10 2.885668061517369869e-11
6.857277457058107428e-01 2.721808805691428884e-10 2.892013415642342283e-11
6.955238563587509137e-01 3.143685272448977339e-10 2.926377247855549211e-11
7.054599114495901935e-01 3.397116565168894308e-10 3.010646605191704317e-11
7.155379101845843470e-01 3.243737850370619768e-10 3.129438669910758684e-11
7.257598803300784329e-01 2.891775399698939652e-10 3.214947154095423112e-11
7.361278786205081026e-01 2.954760887223323815e-10 3.391518127232754303e-11
7.466439911722296818e-01 3.318646007362178848e-10 3.561687115973825572e-11
7.573103339032615233e-01 2.772922922617108836e-10 3.659181983276473086e-11
7.681290529590224514e-01 3.534106144598334021e-10 3.852846868228151963e-11
7.791023251441513420e-01 4.188554852530072908e-10 4.087117944344871422e-11
7.902323583604963231e-01 3.505195979437504604e-10 4.312053139338215952e-11
8.015213920513605261e-01 4.952724839393086715e-10 4.540008363487289682e-11
8.129716976520942051e-01 3.319760245811088616e-10 4.803591723974561318e-11
8.245855790471241509e-01 3.348020344123394488e-10 5.156012682780523333e-11
8.363653730335116609e-01 3.467389841910449795e-10 5.584573408169808219e-11
8.483134497911332117e-01 4.204597693867532880e-10 6.144730527982300694e-11
8.604322133595779798e-01 4.813240393607628401e-10 6.743353470698583272e-11
8.727241021218576922e-01 3.339038944469532315e-10 7.252593760295175653e-11
8.851915892950270592e-01 5.989475108889067499e-10 8.008640920685103273e-11
8.978371834278131569e-01 3.692806942588531866e-10 8.981140459687307736e-11
9.106634289053533449e-01 3.339837405976729736e-10 1.024151543661640102e-10
9.236729064611440831e-01 2.110088740016828340e-10 1.218386881305160029e-10
9.368682336963032320e-01 1.324384323477984120e-10 1.462583887706019959e-10
9.502520656062504179e-01 1.307969743836015982e-10 1.879090949271448541e-10
9.638270951149111587e-01 2.275469477484004292e-10 2.604758338113445307e-10
9.775960536165527737e-01 1.919672646337968306e-11 4.249878421842333680e-10
9.915617115253606562e-01 1.193156281638941768e-09 1.136819854044838297e-09
1.005726878832865712e+00 3.552902989780470077e-10 3.328461761341192930e-11
1.020094405673335203e+00 3.320390855965360132e-10 3.392910266178363697e-11
1.034667182897240023e+00 4.245882412187200894e-10 3.441096225149872072e-11
1.049448142652914973e+00 4.849297893387624628e-10 3.511647149492072912e-11
1.064440258976528053e+00 3.966880425198522506e-10 3.575240961774106049e-11
1.079646548390478467e+00 3.568440550834676424e-10 3.602977289939594361e-11
1.095070070510342441e+00 3.476946250367899865e-10 3.620307647103222266e-11
1.110713928660490124e+00 2.669218162485481889e-10 3.594556329330078423e-11
1.126581270498497211e+00 1.367733533277304837e-10 3.604129583761790993e-11
1.142675288648475673e+00 1.991964140925295143e-10 3.658608872590914554e-11
1.158999221343453900e+00 2.485478850362389097e-10 3.740257855568860379e-11
1.175556353076931737e+00 2.655569997285081418e-10 3.814258038817967978e-11
1.192350015263744956e+00 2.994330629195003702e-10 3.864434037406487627e-11
1.209383586910369957e+00 3.538195137582936276e-10 3.914173733353813935e-11
1.226660495294803921e+00 4.008252121425477270e-10 3.969964865788363062e-11
1.244184216656158304e+00 3.245535395599271264e-10 4.054529789805606226e-11
1.261958276894103337e+00 3.808341450710991463e-10 4.104768234535687809e-11
1.279986252278304759e+00 3.620511590075333501e-10 4.181584457739194812e-11
1.298271770167994887e+00 3.248928781186871016e-10 4.257176697734709705e-11
1.316818509741823462e+00 2.904662641564919686e-10 4.318366734370090856e-11
1.335630202738135264e+00 1.535584601573983572e-10 4.409692323535174382e-11
1.354710634205822828e+00 6.391616654608104716e-11 4.453355454197388470e-11
1.374063643265905910e+00 1.324063176808193508e-10 4.523798703223931739e-11
1.393693123883990248e+00 1.963583646338919941e-11 4.578122367792764945e-11
1.413603025653761502e+00 8.419131591826229567e-11 4.662250677236944931e-11
1.433797354591672457e+00 7.672133627350731158e-11 4.746886795625912009e-11
1.454280173942982035e+00 4.054990905128083333e-11 4.811662469614380444e-11
1.475055604999310432e+00 2.022238967161593913e-11 4.892492664000733156e-11
1.496127827927872023e+00 5.768603398918870558e-11 5.021972977886786301e-11
1.517501082612555896e+00 1.980140537915998037e-10 5.108892313363384563e-11
1.539179669507021009e+00 1.510641828015670588e-10 5.230473537297278761e-11
1.561167950499978474e+00 1.971426121327561158e-10 5.323261069343991299e-11
1.583470349792835297e+00 2.948477575733432707e-10 5.472055251272656000e-11
1.606091354789875858e+00 2.027859663534479324e-10 5.604429965915483436e-11
1.629035517001159894e+00 -inf inf
1.652307452958319267e+00 -inf inf
1.675911845143438050e+00 -inf inf
1.699853442931201553e+00 -inf inf
1.724137063544504356e+00 -inf inf
1.748767593023711653e+00 -inf inf
1.773749987209764623e+00 inf inf
1.799089272741332790e+00 inf inf
1.824790548066208995e+00 -inf inf
1.850858984467154800e+00 -inf inf
1.877299827102399954e+00 inf inf
1.904118396061005747e+00 -inf inf
1.931320087433305854e+00 inf inf
1.958910374396638732e+00 -inf inf
1.986894808316590710e+00 -inf inf
2.015279019863970511e+00 inf inf
2.044068720147741658e+00 inf inf
2.073269701864138170e+00 inf inf
2.102887840462197122e+00 -inf inf
2.132929095325942992e+00 inf inf
2.163399510973456508e+00 -inf inf
2.194305218273077340e+00 inf inf
2.225652435676978236e+00 inf inf
2.257447470472363715e+00 inf inf
2.289696720050540257e+00 inf inf
2.322406673194119531e+00 inf inf
2.355583911382606921e+00 inf inf
2.389235110116644023e+00 -inf inf
2.423367040261167560e+00 -inf inf
2.457986569407755617e+00 inf inf
2.493100663256437866e+00 -inf inf
2.528716387017244216e+00 -inf inf
