2.999999999999999889e-01 4.096938755746626359e-02 2.814901693565312335e-02
3.042857142857142705e-01 5.879505938701062862e-02 2.756465667430145136e-02
3.086326530612244490e-01 1.927593630486460485e-01 2.769892268355735737e-02
3.130416909620991062e-01 4.962179367945313002e-01 2.895849832428133014e-02
3.175137151187005236e-01 8.013715311813128794e-01 3.030919753659856719e-02
3.220496253346819548e-01 1.069046860039710500e+00 3.103179695556432249e-02
3.266503342680345812e-01 1.180002140154735146e+00 3.059213756159212191e-02
3.313167676147207863e-01 1.266035442963116653e+00 3.023236403930234725e-02
3.360498642949311110e-01 1.221098853526751515e+00 2.924301392911574093e-02
3.408505766420015792e-01 1.245604502789691370e+00 2.823279105447810272e-02
3.457198705940301986e-01 1.163914461762972197e+00 2.706097006359549015e-02
3.506587258882306046e-01 1.144405086966316487e+00 2.597133645483416797e-02
3.556681362580624839e-01 1.075848926779066295e+00 2.488866113745041853e-02
3.607491096331776892e-01 1.069054180269794152e+00 2.391407123201240090e-02
3.659026683422230697e-01 1.038764723276393021e+00 2.297218518573209203e-02
3.711298493185405389e-01 9.884752930862550357e-01 2.210605196013549351e-02
3.764317043088054038e-01 9.404366069043793575e-01 2.128041085842042809e-02
3.818093000846454754e-01 8.778153631099430143e-01 2.051650390647559441e-02
3.872637186572832624e-01 8.798516508212989029e-01 1.978847056035329399e-02
3.927960574952444328e-01 8.355169668372255387e-01 1.910586810491925192e-02
3.984074297451765112e-01 7.802328214229342640e-01 1.846346413824978550e-02
4.040989644558218852e-01 7.427082040271376639e-01 1.786672165316034039e-02
4.098718068051907526e-01 7.310788239757171070e-01 1.730451652627272574e-02
4.157271183309791951e-01 6.986105356541346678e-01 1.678187255776609349e-02
4.216660771642788963e-01 6.797642407032166156e-01 1.628180969181796528e-02
4.276898782666257448e-01 6.240467428292014729e-01 1.582152574075619891e-02
4.337997336704346729e-01 5.905859568079607769e-01 1.538442511920551023e-02
4.399968727228694698e-01 5.675572657546755773e-01 1.497225028289142154e-02
4.462825423331961971e-01 5.721673344231646974e-01 1.459029713658268126e-02
4.526580072236704444e-01 5.239440150543551722e-01 1.422933247300672312e-02
4.591245501840086063e-01 4.993869358305967898e-01 1.389045129069601571e-02
4.656834723294944189e-01 4.907269909453410017e-01 1.357438139658759257e-02
4.723360933627729352e-01 4.776646393683216529e-01 1.327208105605878936e-02
4.790837518393839534e-01 4.260087231532067031e-01 1.299075496966484167e-02
4.859278054370894662e-01 4.096658248939314961e-01 1.272834769220381086e-02
4.928696312290478665e-01 4.044675262635644697e-01 1.248242480378668716e-02
4.999106259608914193e-01 3.997306826465521490e-01 1.224624658770085035e-02
5.070522063317612904e-01 3.784378247833626863e-01 1.201931251035028708e-02
5.142958092793579183e-01 3.410075874237688542e-01 1.182816633548029218e-02
5.216428922690630188e-01 3.172002560736020271e-01 1.164372106177064686e-02
5.290949335871925063e-01 3.110358138514636162e-01 1.146190150063232036e-02
5.366534326384381215e-01 2.698056984971302086e-01 1.130043503412876509e-02
5.443199102475586582e-01 2.860068018272035051e-01 1.114529643892124729e-02
5.520959089653809659e-01 2.964150585473364630e-01 1.101429257900238441e-02
5.599829933791721226e-01 2.615521536789098267e-01 1.088502666757727028e-02
5.679827504274460592e-01 2.228062905639045799e-01 1.075773581343819271e-02
5.760967897192666998e-01 2.258722804914594373e-01 1.066129490563013857e-02
5.843267438581133399e-01 2.284247547153024083e-01 1.057240592169489575e-02
5.926742687703721035e-01 2.295806797009176947e-01 1.045967610722326607e-02
6.011410440385203113e-01 2.107611617231299750e-01 1.041677878933433381e-02
6.097287732390705983e-01 2.046485283884156847e-01 1.036931858204053966e-02
6.184391842853430576e-01 1.928695402675911219e-01 1.032724724328893881e-02
6.272740297751336902e-01 1.929249696295166072e-01 1.027684545924762577e-02
6.362350873433498810e-01 2.014974307392973507e-01 1.025431356522877799e-02
6.453241600196834016e-01 1.969150448872942216e-01 1.021679677151122144e-02
6.545430765913932136e-01 1.730553820894064065e-01 1.019297069201138481e-02
6.638936919712702389e-01 1.842197428572191209e-01 1.019794288759316540e-02
6.733778875708598122e-01 1.749665879275209557e-01 1.019123794738344482e-02
6.829975716790149809e-01 1.717256822117538828e-01 1.016227448072316332e-02
6.927546798458580346e-01 1.421079351754841180e-01 1.012506425923072328e-02
7.026511752722274240e-01 1.610071565636146396e-01 1.016218507524535922e-02
7.126890492046877856e-01 1.392115543131484112e-01 1.017766518422965651e-02
7.228703213361833413e-01 1.267093845686348696e-01 1.010353039077892603e-02
7.331970402124144970e-01 1.514792485516593401e-01 1.018740256661143651e-02
7.436712836440204644e-01 1.509925175984819234e-01 1.027523876926027951e-02
7.542951591246492837e-01 1.715006772245795119e-01 1.031425172517940435e-02
7.650708042550014021e-01 1.029168640319182704e-01 1.017313705919628379e-02
7.760003871729299618e-01 1.409996223393639447e-01 1.040632317067820625e-02
7.870861069896860629e-01 1.613058759614581228e-01 1.044439378940392391e-02
7.983301942323958178e-01 1.370310954257365765e-01 1.049289640865683042e-02
8.097349112928585724e-01 1.102308384941141223e-01 1.053588993270885427e-02
8.213025528827565536e-01 1.046119006648051908e-01 1.055013394115137879e-02
8.330354464953673155e-01 1.302457288497351484e-01 1.066482949224782824e-02
8.449359528738725755e-01 1.355877316910127084e-01 1.079547485114024097e-02
8.570064664863564774e-01 1.345803316965387963e-01 1.088743915530370095e-02
8.692494160075900922e-01 1.208660663255743256e-01 1.098304611609261967e-02
8.816672648076985253e-01 1.309652859034170780e-01 1.107838400960214388e-02
8.942625114478085502e-01 9.707233616011008703e-02 1.112220036458589842e-02
9.070376901827772453e-01 6.816597110675774729e-02 1.118416923803033231e-02
9.199953714711026631e-01 6.576548483091759767e-02 1.130547233135978900e-02
9.331381624921184503e-01 5.232895831436203127e-02 1.130912879579907063e-02
9.464687076705773361e-01 2.917373512735221136e-02 1.142851431394998826e-02
9.599896892087284028e-01 5.138542980163720436e-02 1.160496602852895479e-02
9.737038276259959435e-01 8.052042240051500432e-02 1.184116124458262261e-02
9.876138823063672634e-01 1.027299345621105059e-01 1.205663596205542969e-02
1.001722652053601115e+00 1.228138966252570741e-01 1.223435190598897750e-02
1.016032975654366899e+00 1.003744920040954280e-01 1.239671003465268526e-02
1.030547732449429210e+00 9.918298393633745436e-02 1.256626666788229763e-02
1.045269842912992520e+00 1.357850558352171888e-01 1.274442700778137365e-02
1.060202269240321016e+00 1.170133113167007716e-01 1.292662921473653782e-02
1.075348015943754065e+00 1.201842495741851508e-01 1.310896094580610120e-02
1.090710130457236193e+00 1.095344952395750082e-01 1.328205409921666760e-02
1.106291703749482380e+00 7.546101376458376475e-02 1.341205296606435594e-02
1.122095870945903462e+00 1.402822750332897474e-02 1.351608527490652523e-02
1.138125811959416422e+00 5.850277844211508940e-03 1.375323699698656997e-02
1.154384752130265257e+00 3.889446872467946376e-02 1.401139957246297536e-02
1.170875962874983411e+00 6.714198149347991307e-02 1.434823009895064283e-02
1.187602762344626139e+00 8.330444535573286458e-02 1.461056484951888182e-02
1.204568516092406449e+00 5.932663380244487805e-02 1.488120527021242687e-02
1.221776637750869421e+00 9.298902668411057615e-02 1.517254750892136836e-02
1.239230589718739006e+00 1.090767650384232151e-01 1.547595172046495500e-02
1.256933883857578094e+00 8.009849598074919585e-02 1.575660835360503942e-02
1.274890082198400609e+00 1.154683491704739107e-01 1.604336478194091573e-02
1.293102797658377767e+00 9.700544474020987573e-02 1.634866111449652382e-02
1.311575694767783240e+00 6.093202131873665106e-02 1.661333715558648352e-02
1.330312490407322912e+00 8.029977471403766665e-02 1.688687476697929915e-02
1.349316954555998871e+00 5.480262293478481601e-03 1.717841064243659510e-02
1.368592911049655969e+00 -1.669130683165919241e-02 1.753324636669379225e-02
1.388144238350365267e+00 -8.199558881556318415e-03 1.791440296705176793e-02
1.407974870326799133e+00 2.993269401528581009e-02 1.831633666139650951e-02
1.428088797045753422e+00 1.023948310960814435e-02 1.874444806896280458e-02
1.448490065574978392e+00 -1.063739022372348075e-02 1.921027401512076516e-02
1.469182780797477994e+00 2.604324439039525790e-02 1.972156908679782369e-02
1.490171106237441867e+00 2.235162841311125193e-02 2.032777394294576351e-02
1.511459264897976773e+00 6.856048635565067939e-02 2.106130241994635943e-02
1.533051540110804911e+00 1.025211605629458567e-01 2.189871697085899946e-02
1.554952276398102073e+00 8.432112134488398136e-02 2.290799207731152032e-02
1.577165880346646398e+00 7.241580886707503495e-02 2.418602627598149743e-02
1.599696821494455579e+00 6.757140628241804781e-02 2.589174310624829667e-02
1.622549633230090604e+00 1.159821620489674410e-01 2.818888680880036676e-02
1.645728913704806118e+00 6.578092704632158838e-02 3.127241371881523541e-02
1.669239326757731900e+00 1.197362266365679939e-01 3.541249331028571007e-02
1.693085602854270899e+00 7.407600937087442661e-02 4.089901966445459724e-02
1.717272540037903417e+00 5.028781186688822957e-02 4.806474384486310314e-02
1.741805004895587761e+00 1.580070503985544217e-01 5.730117135938364581e-02
1.766687933536953192e+00 1.071301664073365245e-01 6.903960377837156659e-02
1.791926332587481019e+00 3.691192687231304240e-03 8.379885911873943827e-02
1.817525280195873671e+00 -6.043744603822195222e-02 1.022069882413704778e-01
1.843489927055814714e+00 -1.117271717364550221e-01 1.249793156099861385e-01
1.869825497442326290e+00 -8.741192214849655140e-02 1.529721289400626794e-01
1.896537290262930942e+00 2.532071191102801544e-01 1.872127462458533786e-01
1.923630680123829872e+00 1.349022961284718214e-01 2.289205198024994725e-01
1.951111118411313239e+00 -7.618197032144968274e-03 2.795384942300494502e-01
1.978984134388617644e+00 3.254740135458599193e-01 3.407729789604853066e-01
2.007255336308455096e+00 7.501656849528877125e-01 4.175770517208898247e-01
