# An Atlas of Galaxy Spectral Energy Distributions from the Ultraviolet to the Mid-Infrared
# Brown et al. (2014)
# http://dx.doi.org/10.5072/03/529D3551F0117
# 
# Column 1 : Restframe Wavelength (Angstrom)
# Column 2 : Flux per unit wavelength (ergs/s/cm^2/Angstrom)
# Column 3 : Observed wavelength (Angstrom)
# Column 4 : Source (0 = model, 1 = Optical Spectrum, 2 = Akari, 3 = Spitzer IRS)
# 
   100.09 1.0440e-27    100.93 0 
   101.95 1.6971e-27    102.80 0 
   104.09 2.4986e-27    104.95 0 
   106.02 3.7558e-27    106.91 0 
   107.99 5.6977e-27    108.89 0 
   110.00 1.0086e-26    110.92 0 
   114.13 2.0356e-26    115.08 0 
   117.87 3.7905e-26    118.85 0 
   120.89 1.5948e-25    121.90 0 
   125.14 2.7650e-25    126.18 0 
   126.88 3.5294e-25    127.94 0 
   128.05 4.0429e-25    129.12 0 
   131.04 5.6977e-25    132.13 0 
   131.94 7.1072e-25    133.05 0 
   134.09 8.7841e-25    135.21 0 
   136.90 1.3511e-24    138.04 0 
   140.09 1.8310e-24    141.25 0 
   143.02 4.9969e-24    144.21 0 
   147.03 1.3668e-23    148.25 0 
   151.14 1.9173e-23    152.41 0 
   155.02 2.6959e-23    156.31 0 
   159.00 3.7644e-23    160.32 0 
   161.95 4.7610e-23    163.31 0 
   166.11 6.5268e-23    167.49 0 
   169.98 8.6636e-23    171.40 0 
   173.14 1.0732e-22    174.58 0 
   177.17 1.4018e-22    178.65 0 
   180.05 1.6971e-22    181.55 0 
   182.13 1.9262e-22    183.65 0 
   185.95 2.4643e-22    187.50 0 
   191.16 3.2938e-22    192.75 0 
   193.82 3.9328e-22    195.43 0 
   197.88 4.8831e-22    199.53 0 
   202.02 6.0492e-22    203.70 0 
   204.83 7.0583e-22    206.54 0 
   210.08 8.6836e-22    211.84 0 
   215.97 1.1987e-21    217.77 0 
   219.98 1.4444e-21    221.82 0 
   223.04 1.6319e-21    224.91 0 
   227.19 1.9530e-21    229.09 0 
   229.82 3.2938e-21    231.74 0 
   234.09 5.8708e-21    236.05 0 
   240.10 8.8044e-21    242.10 0 
   246.26 9.9471e-21    248.31 0 
   252.00 1.2465e-20    254.10 0 
   257.27 1.1877e-20    259.42 0 
   260.25 1.4986e-20    262.42 0 
   263.87 1.7406e-20    266.07 0 
   268.78 1.9665e-20    271.02 0 
   273.77 2.2065e-20    276.06 0 
   278.86 2.4587e-20    281.19 0 
   284.05 2.7523e-20    286.42 0 
   290.00 2.9902e-20    292.42 0 
   296.07 3.4174e-20    298.54 0 
   300.88 3.6534e-20    303.39 0 
   307.89 4.2530e-20    310.46 0 
   317.97 5.1963e-20    320.63 0 
   327.64 6.1192e-20    330.37 0 
   338.37 7.0745e-20    341.19 0 
   347.85 8.1040e-20    350.75 0 
   356.77 9.1981e-20    359.75 0 
   365.92 1.0488e-19    368.98 0 
   375.31 1.1660e-19    378.44 0 
   384.94 1.2580e-19    388.15 0 
   394.81 1.4544e-19    398.11 0 
   404.94 1.6319e-19    408.32 0 
   414.37 1.7730e-19    417.83 0 
   422.08 1.8867e-19    425.60 0 
   429.92 2.0123e-19    433.51 0 
   440.95 2.2372e-19    444.63 0 
   451.22 2.4138e-19    454.99 0 
   459.61 2.5568e-19    463.45 0 
   470.32 2.7587e-19    474.24 0 
   480.17 3.0040e-19    484.17 0 
   490.22 3.1747e-19    494.31 0 
   500.49 3.4890e-19    504.66 0 
   506.28 4.3722e-19    510.50 0 
   512.14 1.0708e-18    516.42 0 
   520.47 1.1714e-18    524.81 0 
   530.14 1.2993e-18    534.56 0 
   540.00 1.3234e-18    544.50 0 
   550.04 1.9485e-18    554.63 0 
   560.26 2.4530e-18    564.94 0 
   569.37 2.9289e-18    574.12 0 
   579.95 2.9492e-18    584.79 0 
   589.38 3.8344e-18    594.29 0 
   600.33 4.1850e-18    605.34 0 
   610.09 5.2203e-18    615.18 0 
   620.00 6.2762e-18    625.17 0 
   630.07 7.1400e-18    635.33 0 
   640.31 7.5631e-18    645.65 0 
   650.72 9.0302e-18    656.15 0 
   658.25 9.9930e-18    663.74 0 
   664.34 1.0932e-17    669.88 0 
   675.14 1.1553e-17    680.77 0 
   684.53 1.1932e-17    690.24 0 
   695.65 1.5984e-17    701.46 0 
   705.33 1.5838e-17    711.21 0 
   716.79 1.9893e-17    722.77 0 
   726.76 2.1513e-17    732.82 0 
   735.18 2.3105e-17    741.31 0 
   745.40 2.7021e-17    751.62 0 
   755.77 2.9833e-17    762.08 0 
   764.53 3.2787e-17    770.90 0 
   775.16 3.6872e-17    781.63 0 
   784.14 4.1086e-17    790.68 0 
   795.05 4.4126e-17    801.68 0 
   804.25 4.7500e-17    810.96 0 
   815.44 5.0664e-17    822.24 0 
   824.88 5.7240e-17    831.76 0 
   834.43 4.9170e-17    841.40 0 
   844.10 6.3782e-17    851.14 0 
   855.84 6.7561e-17    862.98 0 
   865.75 7.4593e-17    872.97 0 
   875.77 8.2167e-17    883.08 0 
   885.92 9.1558e-17    893.31 0 
   894.11 9.9014e-17    901.57 0 
   904.47 1.0179e-16    912.01 0 
   914.94 1.6357e-16    922.57 0 
   925.53 1.1932e-15    933.25 0 
   934.10 2.7334e-15    941.89 0 
   944.91 5.4538e-15    952.80 0 
   955.86 7.8831e-15    963.83 0 
   964.70 9.2832e-15    972.75 0 
   975.87 1.5838e-15    984.01 0 
   984.90 8.5644e-15    993.12 0 
   994.01 9.0510e-15   1002.31 0 
  1005.52 1.3023e-14   1013.91 0 
  1014.83 1.2610e-14   1023.29 0 
  1024.22 5.3296e-15   1032.76 0 
  1036.08 9.2832e-15   1044.72 0 
  1045.66 1.7730e-14   1054.39 0 
  1055.34 1.7648e-14   1064.14 0 
  1065.10 1.4378e-14   1073.99 0 
  1074.96 1.7286e-14   1083.93 0 
  1084.91 1.4083e-14   1093.96 0 
  1094.94 1.8651e-14   1104.08 0 
  1105.08 1.7935e-14   1114.29 0 
  1115.30 1.7527e-14   1124.61 0 
  1125.62 1.5911e-14   1135.01 0 
  1136.04 2.0263e-14   1145.51 0 
  1143.91 1.8694e-14   1153.45 0 
  1154.50 2.0031e-14   1164.13 0 
  1165.18 2.0927e-14   1174.90 0 
  1175.96 1.4849e-14   1185.77 0 
  1184.11 2.1023e-14   1193.99 0 
  1195.07 1.5265e-14   1205.04 0 
  1206.12 1.1161e-14   1216.19 0 
  1214.49 7.0583e-15   1224.62 0 
  1225.72 1.5195e-14   1235.95 0 
  1234.22 2.2631e-14   1244.51 0 
  1245.64 2.4814e-14   1256.03 0 
  1254.27 2.4027e-14   1264.74 0 
  1265.88 2.1316e-14   1276.44 0 
  1274.65 2.6650e-14   1285.29 0 
  1286.45 2.7842e-14   1297.18 0 
  1295.36 2.2527e-14   1306.17 0 
  1304.34 2.2893e-14   1315.22 0 
  1316.41 2.8164e-14   1327.39 0 
  1325.54 2.7021e-14   1336.60 0 
  1334.73 2.4474e-14   1345.86 0 
  1343.98 2.8688e-14   1355.19 0 
  1356.41 2.8229e-14   1367.73 0 
  1365.82 2.5686e-14   1377.21 0 
  1375.28 2.6897e-14   1386.76 0 
  1384.82 2.7460e-14   1396.37 0 
  1394.42 2.3807e-14   1406.05 0 
  1404.08 2.5159e-14   1415.79 0 
  1413.81 2.6224e-14   1425.61 0 
  1423.61 2.6897e-14   1435.49 0 
  1433.48 2.7208e-14   1445.44 0 
  1443.42 2.8622e-14   1455.46 0 
  1446.75 2.8887e-14   1458.81 0 
  1453.42 2.8359e-14   1465.55 0 
  1463.50 2.6589e-14   1475.71 0 
  1473.64 2.6773e-14   1485.94 0 
  1483.86 2.7208e-14   1496.24 0 
  1494.14 2.7714e-14   1506.61 0 
  1504.50 2.6345e-14   1517.05 0 
  1511.44 2.3697e-14   1524.05 0 
  1518.42 2.5275e-14   1531.09 0 
  1525.43 2.5101e-14   1538.15 0 
  1536.00 2.2167e-14   1548.82 0 
  1546.65 2.3917e-14   1559.55 0 
  1553.79 2.2946e-14   1566.75 0 
  1564.56 2.3807e-14   1577.61 0 
  1575.40 2.5392e-14   1588.55 0 
  1586.32 2.6528e-14   1599.56 0 
  1593.65 2.7145e-14   1606.94 0 
  1604.69 2.6897e-14   1618.08 0 
  1615.82 2.7145e-14   1629.30 0 
  1623.28 2.6103e-14   1636.82 0 
  1634.53 2.7842e-14   1648.16 0 
  1645.86 2.8294e-14   1659.59 0 
  1653.45 2.6711e-14   1667.25 0 
  1664.91 2.9020e-14   1678.80 0 
  1672.60 2.6773e-14   1686.55 0 
  1676.46 2.9289e-14   1690.44 0 
  1684.19 3.0248e-14   1698.24 0 
  1695.87 2.8820e-14   1710.02 0 
  1703.70 2.7906e-14   1717.91 0 
  1715.51 2.6650e-14   1729.82 0 
  1723.42 2.6650e-14   1737.80 0 
  1735.37 2.8359e-14   1749.85 0 
  1743.38 2.7778e-14   1757.92 0 
  1755.46 2.9492e-14   1770.11 0 
  1763.57 2.7587e-14   1778.28 0 
  1775.79 2.8035e-14   1790.61 0 
  1783.99 2.8754e-14   1798.87 0 
  1796.35 3.0388e-14   1811.34 0 
  1804.65 3.0458e-14   1819.70 0 
  1812.98 2.8164e-14   1828.10 0 
  1825.54 2.9154e-14   1840.77 0 
  1833.97 2.8229e-14   1849.27 0 
  1846.68 2.6164e-14   1862.09 0 
  1855.21 2.6164e-14   1870.68 0 
  1863.77 2.7021e-14   1879.32 0 
  1876.69 2.9356e-14   1892.34 0 
  1885.35 2.6959e-14   1901.08 0 
  1894.05 2.5805e-14   1909.85 0 
  1907.18 2.7778e-14   1923.09 0 
  1915.99 2.6650e-14   1931.97 0 
  1924.83 2.6164e-14   1940.89 0 
  1933.71 2.7397e-14   1949.84 0 
  1947.12 2.8425e-14   1963.36 0 
  1956.11 2.6589e-14   1972.42 0 
  1965.13 2.9087e-14   1981.53 0 
  1974.20 3.0109e-14   1990.67 0 
  1983.32 2.8490e-14   1999.86 0 
  1997.06 2.7906e-14   2013.72 0 
  2006.28 2.8887e-14   2023.02 0 
  2015.54 2.8229e-14   2032.36 0 
  2024.85 2.9696e-14   2041.74 0 
  2034.19 2.7970e-14   2051.16 0 
  2043.58 2.8953e-14   2060.63 0 
  2053.02 2.7906e-14   2070.14 0 
  2067.25 2.8294e-14   2084.49 0 
  2072.01 3.0109e-14   2089.30 0 
  2076.79 2.8359e-14   2094.11 0 
  2086.37 2.9492e-14   2103.78 0 
  2096.00 2.8099e-14   2113.49 0 
  2105.68 2.8754e-14   2123.24 0 
  2115.40 2.9020e-14   2133.04 0 
  2125.16 2.9560e-14   2142.89 0 
  2134.97 2.8164e-14   2152.78 0 
  2144.83 2.8359e-14   2162.72 0 
  2154.73 2.9492e-14   2172.70 0 
  2164.67 2.8953e-14   2182.73 0 
  2174.66 2.8820e-14   2192.81 0 
  2184.70 2.8294e-14   2202.93 0 
  2194.79 2.9492e-14   2213.09 0 
  2204.92 2.8953e-14   2223.31 0 
  2215.09 2.8035e-14   2233.57 0 
  2225.32 2.7271e-14   2243.88 0 
  2235.59 2.8622e-14   2254.24 0 
  2245.91 2.7906e-14   2264.64 0 
  2256.28 2.7083e-14   2275.10 0 
  2266.69 2.7714e-14   2285.60 0 
  2277.15 2.8294e-14   2296.15 0 
  2282.40 2.8755e-14   2301.44 0 
  2292.94 2.7471e-14   2312.07 0 
  2303.52 2.7670e-14   2322.74 0 
  2314.15 2.6740e-14   2333.46 0 
  2324.83 2.1995e-14   2344.23 0 
  2335.57 2.5613e-14   2355.05 0 
  2346.35 2.5213e-14   2365.92 0 
  2357.18 2.6471e-14   2376.84 0 
  2362.61 2.5168e-14   2382.32 0 
  2373.52 2.5645e-14   2393.32 0 
  2384.47 2.4500e-14   2404.36 0 
  2395.48 2.5722e-14   2415.46 0 
  2406.53 2.4915e-14   2426.61 0 
  2417.64 2.5329e-14   2437.81 0 
  2423.22 2.6224e-14   2443.43 0 
  2434.40 2.5343e-14   2454.71 0 
  2445.64 2.6425e-14   2466.04 0 
  2456.93 2.6192e-14   2477.42 0 
  2462.59 2.6077e-14   2483.13 0 
  2473.96 2.5434e-14   2494.60 0 
  2485.38 2.6156e-14   2506.11 0 
  2496.85 2.4645e-14   2517.68 0 
  2502.60 2.6780e-14   2523.48 0 
  2514.16 2.4945e-14   2535.13 0 
  2519.95 2.5767e-14   2540.97 0 
  2525.76 2.4839e-14   2546.83 0 
  2537.42 2.5021e-14   2558.59 0 
  2543.27 2.4626e-14   2564.48 0 
  2555.01 2.5737e-14   2576.32 0 
  2566.80 2.5452e-14   2588.21 0 
  2572.72 2.6473e-14   2594.18 0 
  2584.59 2.6361e-14   2606.15 0 
  2596.52 2.6250e-14   2618.18 0 
  2602.51 2.5599e-14   2624.22 0 
  2614.52 2.5491e-14   2636.33 0 
  2626.59 2.6035e-14   2648.50 0 
  2632.64 2.6341e-14   2654.61 0 
  2644.80 2.7657e-14   2666.86 0 
  2657.00 2.7796e-14   2679.17 0 
  2663.13 2.6367e-14   2685.34 0 
  2675.42 2.7179e-14   2697.74 0 
  2687.77 2.7127e-14   2710.19 0 
  2693.97 2.6333e-14   2716.44 0 
  2706.40 2.6710e-14   2728.98 0 
  2712.64 2.5987e-14   2735.27 0 
  2725.16 2.5997e-14   2747.89 0 
  2737.74 2.6860e-14   2760.58 0 
  2744.05 2.4785e-14   2766.94 0 
  2756.72 2.5025e-14   2779.71 0 
  2763.07 2.5554e-14   2786.12 0 
  2775.83 2.6341e-14   2798.98 0 
  2782.22 2.5806e-14   2805.43 0 
  2795.07 2.2746e-14   2818.38 0 
  2807.97 2.3938e-14   2831.39 0 
  2814.44 2.6374e-14   2837.92 0 
  2827.43 2.6752e-14   2851.02 0 
  2833.95 2.5849e-14   2857.59 0 
  2847.03 2.5623e-14   2870.78 0 
  2853.59 2.5393e-14   2877.40 0 
  2866.77 2.6479e-14   2890.68 0 
  2873.37 2.6302e-14   2897.34 0 
  2886.64 2.6374e-14   2910.72 0 
  2893.29 2.6198e-14   2917.43 0 
  2913.35 2.7198e-14   2937.65 0 
  2926.79 2.6652e-14   2951.21 0 
  2947.08 2.6364e-14   2971.67 0 
  2967.51 2.6625e-14   2992.27 0 
  2988.08 2.6581e-14   3013.01 0 
  3008.79 2.6721e-14   3033.89 0 
  3029.65 2.6739e-14   3054.92 0 
  3050.65 2.6634e-14   3076.10 0 
  3071.79 2.6591e-14   3097.42 0 
  3093.09 2.6609e-14   3118.89 0 
  3107.36 2.6498e-14   3133.29 0 
  3128.90 2.6273e-14   3155.01 0 
  3150.59 2.6352e-14   3176.87 0 
  3172.43 2.6249e-14   3198.90 0 
  3187.07 2.5545e-14   3213.66 0 
  3209.17 2.5979e-14   3235.94 0 
  3231.41 2.5464e-14   3258.37 0 
  3246.33 2.6009e-14   3273.41 0 
  3268.83 2.6268e-14   3296.10 0 
  3291.49 2.6166e-14   3318.94 0 
  3306.68 2.6119e-14   3334.26 0 
  3321.94 2.6495e-14   3349.66 0 
  3329.60 2.6808e-14   3357.38 0 
  3337.28 2.6386e-14   3365.12 0 
  3344.97 2.5970e-14   3372.87 0 
  3352.68 2.6277e-14   3380.65 0 
  3360.41 2.5863e-14   3388.44 0 
  3368.15 2.5929e-14   3396.25 0 
  3375.92 2.4768e-14   3404.08 0 
  3383.70 2.5235e-14   3411.93 0 
  3391.50 2.6249e-14   3419.79 0 
  3399.32 2.6991e-14   3427.68 0 
  3407.16 2.5487e-14   3435.58 0 
  3415.01 2.5967e-14   3443.50 0 
  3422.88 2.6763e-14   3451.44 0 
  3430.77 2.6524e-14   3459.39 0 
  3438.68 2.6653e-14   3467.37 0 
  3446.61 2.5285e-14   3475.36 0 
  3454.56 2.6000e-14   3483.37 0 
  3462.52 2.4950e-14   3491.40 0 
  3470.50 2.5538e-14   3499.45 0 
  3478.50 2.4791e-14   3507.52 0 
  3486.52 2.5375e-14   3515.60 0 
  3494.56 2.5440e-14   3523.71 0 
  3502.61 2.5860e-14   3531.83 0 
  3510.69 2.5219e-14   3539.97 0 
  3518.78 2.5052e-14   3548.13 0 
  3526.89 2.5232e-14   3556.31 0 
  3535.02 2.5826e-14   3564.51 0 
  3543.17 2.6435e-14   3572.73 0 
  3551.34 2.6441e-14   3580.96 0 
  3559.53 2.6085e-14   3589.22 0 
  3567.73 2.6092e-14   3597.49 0 
  3575.96 2.4639e-14   3605.79 0 
  3584.20 2.4195e-14   3614.10 0 
  3592.46 2.4090e-14   3622.43 0 
  3600.74 2.5524e-14   3630.78 0 
  3602.83 2.4643e-14   3632.88 1 
  3605.55 2.4519e-14   3635.63 1 
  3608.28 2.2985e-14   3638.38 1 
  3611.01 2.0401e-14   3641.13 1 
  3613.73 1.8457e-14   3643.88 1 
  3616.46 2.0236e-14   3646.63 1 
  3619.19 2.5282e-14   3649.38 1 
  3621.92 2.6293e-14   3652.13 1 
  3624.64 2.8119e-14   3654.88 1 
  3627.37 2.7265e-14   3657.63 1 
  3630.10 2.3958e-14   3660.38 1 
  3632.82 2.6269e-14   3663.13 1 
  3635.55 2.5524e-14   3665.88 1 
  3638.28 2.4548e-14   3668.63 1 
  3641.01 2.4431e-14   3671.38 1 
  3643.73 2.5934e-14   3674.13 1 
  3646.46 2.8679e-14   3676.88 1 
  3649.19 2.5309e-14   3679.63 1 
  3651.92 2.3642e-14   3682.38 1 
  3654.64 2.5989e-14   3685.13 1 
  3657.37 2.9052e-14   3687.88 1 
  3660.10 2.9740e-14   3690.63 1 
  3662.82 2.5598e-14   3693.38 1 
  3665.55 2.4508e-14   3696.13 1 
  3668.28 2.5855e-14   3698.88 1 
  3671.01 2.5938e-14   3701.63 1 
  3673.73 2.5434e-14   3704.38 1 
  3676.46 2.4630e-14   3707.13 1 
  3679.19 2.7569e-14   3709.88 1 
  3681.92 2.6188e-14   3712.63 1 
  3684.64 2.5015e-14   3715.38 1 
  3687.37 2.5797e-14   3718.13 1 
  3690.10 2.3056e-14   3720.88 1 
  3692.82 2.7570e-14   3723.63 1 
  3695.55 2.4928e-14   3726.38 1 
  3698.28 2.7412e-14   3729.13 1 
  3701.01 2.7267e-14   3731.88 1 
  3703.73 2.6483e-14   3734.63 1 
  3706.46 2.7501e-14   3737.38 1 
  3709.19 2.5372e-14   3740.13 1 
  3711.92 2.5992e-14   3742.88 1 
  3714.64 2.8973e-14   3745.63 1 
  3717.37 2.7415e-14   3748.38 1 
  3720.10 3.1385e-14   3751.13 1 
  3722.82 4.2345e-14   3753.88 1 
  3725.55 6.9571e-14   3756.63 1 
  3728.28 9.5903e-14   3759.38 1 
  3731.01 9.8711e-14   3762.13 1 
  3733.73 7.6328e-14   3764.88 1 
  3736.46 4.6582e-14   3767.63 1 
  3739.19 3.2831e-14   3770.38 1 
  3741.91 2.9910e-14   3773.13 1 
  3744.64 2.9498e-14   3775.88 1 
  3747.37 2.8463e-14   3778.63 1 
  3750.10 2.6616e-14   3781.38 1 
  3752.82 2.6866e-14   3784.13 1 
  3755.55 2.9350e-14   3786.88 1 
  3758.28 2.9545e-14   3789.63 1 
  3761.01 3.1410e-14   3792.38 1 
  3763.73 3.2541e-14   3795.13 1 
  3766.46 3.0732e-14   3797.88 1 
  3769.19 2.7680e-14   3800.63 1 
  3771.91 2.6377e-14   3803.38 1 
  3774.64 2.7986e-14   3806.13 1 
  3777.37 3.1116e-14   3808.88 1 
  3780.10 3.3403e-14   3811.63 1 
  3782.82 3.5078e-14   3814.38 1 
  3785.55 3.6896e-14   3817.13 1 
  3788.28 3.5322e-14   3819.88 1 
  3791.01 3.5185e-14   3822.63 1 
  3793.73 3.0872e-14   3825.38 1 
  3796.46 2.9085e-14   3828.13 1 
  3799.19 2.8546e-14   3830.88 1 
  3801.91 2.9681e-14   3833.63 1 
  3804.64 3.1806e-14   3836.38 1 
  3807.37 3.2567e-14   3839.13 1 
  3810.10 3.4595e-14   3841.88 1 
  3812.82 3.6390e-14   3844.63 1 
  3815.55 3.5312e-14   3847.38 1 
  3818.28 3.6297e-14   3850.13 1 
  3821.01 3.5242e-14   3852.88 1 
  3823.73 3.4977e-14   3855.63 1 
  3826.46 3.4395e-14   3858.38 1 
  3829.19 3.1411e-14   3861.13 1 
  3831.91 2.9146e-14   3863.88 1 
  3834.64 2.7038e-14   3866.63 1 
  3837.37 2.7338e-14   3869.38 1 
  3840.10 2.7331e-14   3872.13 1 
  3842.82 3.0284e-14   3874.88 1 
  3845.55 3.1885e-14   3877.63 1 
  3848.28 3.3928e-14   3880.38 1 
  3851.00 3.5724e-14   3883.13 1 
  3853.73 3.8561e-14   3885.88 1 
  3856.46 3.8618e-14   3888.63 1 
  3859.19 3.7408e-14   3891.38 1 
  3861.91 3.9200e-14   3894.13 1 
  3864.64 4.0095e-14   3896.88 1 
  3867.37 4.2246e-14   3899.63 1 
  3870.10 4.3779e-14   3902.38 1 
  3872.82 4.2552e-14   3905.13 1 
  3875.55 3.9398e-14   3907.88 1 
  3878.28 3.5702e-14   3910.63 1 
  3881.00 3.5161e-14   3913.38 1 
  3883.73 3.5181e-14   3916.13 1 
  3886.46 3.3475e-14   3918.88 1 
  3889.19 3.3420e-14   3921.63 1 
  3891.91 3.2782e-14   3924.38 1 
  3894.64 3.2432e-14   3927.13 1 
  3897.37 3.2136e-14   3929.88 1 
  3900.10 3.3618e-14   3932.63 1 
  3902.82 3.5461e-14   3935.38 1 
  3905.55 3.6945e-14   3938.13 1 
  3908.28 3.8960e-14   3940.88 1 
  3911.00 4.0223e-14   3943.63 1 
  3913.73 4.0362e-14   3946.38 1 
  3916.46 3.9930e-14   3949.13 1 
  3919.19 3.9049e-14   3951.88 1 
  3921.91 3.8372e-14   3954.63 1 
  3924.64 3.8466e-14   3957.38 1 
  3927.37 3.6383e-14   3960.13 1 
  3930.10 3.4514e-14   3962.88 1 
  3932.82 3.2835e-14   3965.63 1 
  3935.55 3.1351e-14   3968.38 1 
  3938.28 3.4507e-14   3971.13 1 
  3941.00 3.6602e-14   3973.88 1 
  3943.73 3.7045e-14   3976.63 1 
  3946.46 3.7038e-14   3979.38 1 
  3949.19 3.7976e-14   3982.13 1 
  3951.91 3.7610e-14   3984.88 1 
  3954.64 3.7491e-14   3987.63 1 
  3957.37 3.7325e-14   3990.38 1 
  3960.09 3.5799e-14   3993.13 1 
  3962.82 3.3406e-14   3995.88 1 
  3965.55 3.1169e-14   3998.63 1 
  3968.28 3.0183e-14   4001.38 1 
  3971.00 2.9670e-14   4004.13 1 
  3973.73 3.0396e-14   4006.88 1 
  3976.46 3.0723e-14   4009.63 1 
  3979.19 3.2346e-14   4012.38 1 
  3981.91 3.3872e-14   4015.13 1 
  3984.64 3.7060e-14   4017.88 1 
  3987.37 3.8633e-14   4020.63 1 
  3990.09 3.8572e-14   4023.38 1 
  3992.82 3.9681e-14   4026.13 1 
  3995.55 4.1334e-14   4028.88 1 
  3998.28 4.0833e-14   4031.63 1 
  4001.00 4.0125e-14   4034.38 1 
  4003.73 3.9773e-14   4037.13 1 
  4006.46 4.0054e-14   4039.88 1 
  4009.19 4.1216e-14   4042.63 1 
  4011.91 4.1183e-14   4045.38 1 
  4014.64 4.0697e-14   4048.13 1 
  4017.37 4.0678e-14   4050.88 1 
  4020.09 4.0826e-14   4053.63 1 
  4022.82 4.1709e-14   4056.38 1 
  4025.55 4.2466e-14   4059.13 1 
  4028.28 4.1778e-14   4061.88 1 
  4031.00 4.2512e-14   4064.63 1 
  4033.73 4.1399e-14   4067.38 1 
  4036.46 4.0053e-14   4070.13 1 
  4039.19 4.0752e-14   4072.88 1 
  4041.91 4.1648e-14   4075.63 1 
  4044.64 4.2011e-14   4078.38 1 
  4047.37 4.0905e-14   4081.13 1 
  4050.09 4.1003e-14   4083.88 1 
  4052.82 3.9670e-14   4086.63 1 
  4055.55 4.1669e-14   4089.38 1 
  4058.28 4.1156e-14   4092.13 1 
  4061.00 4.1203e-14   4094.88 1 
  4063.73 4.0049e-14   4097.63 1 
  4066.46 4.1556e-14   4100.38 1 
  4069.18 4.1621e-14   4103.13 1 
  4071.91 4.0410e-14   4105.88 1 
  4074.64 3.9931e-14   4108.63 1 
  4077.37 3.9821e-14   4111.38 1 
  4080.09 3.8515e-14   4114.13 1 
  4082.82 3.7803e-14   4116.88 1 
  4085.55 3.8975e-14   4119.63 1 
  4088.28 3.9002e-14   4122.38 1 
  4091.00 3.7641e-14   4125.13 1 
  4093.73 3.5018e-14   4127.88 1 
  4096.46 3.5257e-14   4130.63 1 
  4099.18 3.6140e-14   4133.38 1 
  4101.91 3.7150e-14   4136.13 1 
  4104.64 3.5700e-14   4138.88 1 
  4107.37 3.4743e-14   4141.63 1 
  4110.09 3.3807e-14   4144.38 1 
  4112.82 3.5104e-14   4147.13 1 
  4115.55 3.5632e-14   4149.88 1 
  4118.28 3.6762e-14   4152.63 1 
  4121.00 3.7123e-14   4155.38 1 
  4123.73 3.7734e-14   4158.13 1 
  4126.46 3.7933e-14   4160.88 1 
  4129.18 3.8026e-14   4163.63 1 
  4131.91 3.8158e-14   4166.38 1 
  4134.64 3.8694e-14   4169.13 1 
  4137.37 4.0510e-14   4171.88 1 
  4140.09 3.9398e-14   4174.63 1 
  4142.82 3.9917e-14   4177.38 1 
  4145.55 3.8810e-14   4180.13 1 
  4148.27 3.9839e-14   4182.88 1 
  4151.00 3.8181e-14   4185.63 1 
  4153.73 3.8747e-14   4188.38 1 
  4156.46 4.0091e-14   4191.13 1 
  4159.18 3.9325e-14   4193.88 1 
  4161.91 3.9671e-14   4196.63 1 
  4164.64 4.0536e-14   4199.38 1 
  4167.37 4.0220e-14   4202.13 1 
  4170.09 3.9066e-14   4204.88 1 
  4172.82 3.9316e-14   4207.63 1 
  4175.55 3.8308e-14   4210.38 1 
  4178.27 3.8471e-14   4213.13 1 
  4181.00 3.7707e-14   4215.88 1 
  4183.73 3.8042e-14   4218.63 1 
  4186.46 3.9027e-14   4221.38 1 
  4189.18 3.8826e-14   4224.13 1 
  4191.91 3.9547e-14   4226.88 1 
  4194.64 3.9233e-14   4229.63 1 
  4197.37 3.8471e-14   4232.38 1 
  4200.09 3.8839e-14   4235.13 1 
  4202.82 3.8744e-14   4237.88 1 
  4205.55 3.9243e-14   4240.63 1 
  4208.27 3.8742e-14   4243.38 1 
  4211.00 3.9164e-14   4246.13 1 
  4213.73 3.8287e-14   4248.88 1 
  4216.46 3.8834e-14   4251.63 1 
  4219.18 3.8626e-14   4254.38 1 
  4221.91 3.9579e-14   4257.13 1 
  4224.64 3.8447e-14   4259.88 1 
  4227.37 3.8174e-14   4262.63 1 
  4230.09 3.8394e-14   4265.38 1 
  4232.82 3.8330e-14   4268.13 1 
  4235.55 3.8668e-14   4270.88 1 
  4238.27 3.9248e-14   4273.63 1 
  4241.00 3.8968e-14   4276.38 1 
  4243.73 3.8761e-14   4279.13 1 
  4246.46 3.8862e-14   4281.88 1 
  4249.18 3.8868e-14   4284.63 1 
  4251.91 3.9646e-14   4287.38 1 
  4254.64 3.9239e-14   4290.13 1 
  4257.36 3.9110e-14   4292.88 1 
  4260.09 3.8781e-14   4295.63 1 
  4262.82 3.9050e-14   4298.38 1 
  4265.55 3.9202e-14   4301.13 1 
  4268.27 3.8641e-14   4303.88 1 
  4271.00 3.8679e-14   4306.63 1 
  4273.73 3.8755e-14   4309.38 1 
  4276.46 3.9110e-14   4312.13 1 
  4279.18 3.9050e-14   4314.88 1 
  4281.91 3.8715e-14   4317.63 1 
  4284.64 3.8602e-14   4320.38 1 
  4287.36 3.9120e-14   4323.13 1 
  4290.09 3.8500e-14   4325.88 1 
  4292.82 3.7525e-14   4328.63 1 
  4295.55 3.7558e-14   4331.38 1 
  4298.27 3.6734e-14   4334.13 1 
  4301.00 3.6017e-14   4336.88 1 
  4303.73 3.6217e-14   4339.63 1 
  4306.46 3.5955e-14   4342.38 1 
  4309.18 3.5515e-14   4345.13 1 
  4311.91 3.6001e-14   4347.88 1 
  4314.64 3.6725e-14   4350.63 1 
  4317.36 3.7529e-14   4353.38 1 
  4320.09 3.8273e-14   4356.13 1 
  4322.82 3.7664e-14   4358.88 1 
  4325.55 3.5936e-14   4361.63 1 
  4328.27 3.4728e-14   4364.38 1 
  4331.00 3.4119e-14   4367.13 1 
  4333.73 3.5099e-14   4369.88 1 
  4336.46 3.8004e-14   4372.63 1 
  4339.18 4.2717e-14   4375.38 1 
  4341.91 4.5085e-14   4378.13 1 
  4344.64 4.1899e-14   4380.88 1 
  4347.36 3.7035e-14   4383.63 1 
  4350.09 3.4689e-14   4386.38 1 
  4352.82 3.5275e-14   4389.13 1 
  4355.55 3.5792e-14   4391.88 1 
  4358.27 3.7241e-14   4394.63 1 
  4361.00 3.8293e-14   4397.38 1 
  4363.73 3.7795e-14   4400.13 1 
  4366.45 3.7999e-14   4402.88 1 
  4369.18 3.8028e-14   4405.63 1 
  4371.91 3.8019e-14   4408.38 1 
  4374.64 3.7777e-14   4411.13 1 
  4377.36 3.7563e-14   4413.88 1 
  4380.09 3.7111e-14   4416.63 1 
  4382.82 3.6384e-14   4419.38 1 
  4385.55 3.6286e-14   4422.13 1 
  4388.27 3.6260e-14   4424.88 1 
  4391.00 3.6200e-14   4427.63 1 
  4393.73 3.7146e-14   4430.38 1 
  4396.45 3.7651e-14   4433.13 1 
  4399.18 3.7829e-14   4435.88 1 
  4401.91 3.7365e-14   4438.63 1 
  4404.64 3.6951e-14   4441.38 1 
  4407.36 3.6590e-14   4444.13 1 
  4410.09 3.7374e-14   4446.88 1 
  4412.82 3.7522e-14   4449.63 1 
  4415.55 3.7322e-14   4452.38 1 
  4418.27 3.7944e-14   4455.13 1 
  4421.00 3.7232e-14   4457.88 1 
  4423.73 3.7694e-14   4460.63 1 
  4426.45 3.8076e-14   4463.38 1 
  4429.18 3.7786e-14   4466.13 1 
  4431.91 3.7151e-14   4468.88 1 
  4434.64 3.7840e-14   4471.63 1 
  4437.36 3.8269e-14   4474.38 1 
  4440.09 3.7799e-14   4477.13 1 
  4442.82 3.7481e-14   4479.88 1 
  4445.55 3.7656e-14   4482.63 1 
  4448.27 3.8673e-14   4485.38 1 
  4451.00 3.8238e-14   4488.13 1 
  4453.73 3.7998e-14   4490.88 1 
  4456.45 3.8040e-14   4493.63 1 
  4459.18 3.8063e-14   4496.38 1 
  4461.91 3.7118e-14   4499.13 1 
  4464.64 3.7129e-14   4501.88 1 
  4467.36 3.7539e-14   4504.63 1 
  4470.09 3.8343e-14   4507.38 1 
  4472.82 3.8050e-14   4510.13 1 
  4475.54 3.8883e-14   4512.88 1 
  4478.27 3.8260e-14   4515.63 1 
  4481.00 3.7612e-14   4518.38 1 
  4483.73 3.7827e-14   4521.13 1 
  4486.45 3.7622e-14   4523.88 1 
  4489.18 3.7827e-14   4526.63 1 
  4491.91 3.8016e-14   4529.38 1 
  4494.64 3.8622e-14   4532.13 1 
  4497.36 3.7715e-14   4534.88 1 
  4500.09 3.8895e-14   4537.63 1 
  4502.82 3.8765e-14   4540.38 1 
  4505.54 3.8873e-14   4543.13 1 
  4508.27 3.9337e-14   4545.88 1 
  4511.00 3.9460e-14   4548.63 1 
  4513.73 3.8962e-14   4551.38 1 
  4516.45 3.8604e-14   4554.13 1 
  4519.18 3.8426e-14   4556.88 1 
  4521.91 3.8174e-14   4559.63 1 
  4524.64 3.8258e-14   4562.38 1 
  4527.36 3.6968e-14   4565.13 1 
  4530.09 3.7033e-14   4567.88 1 
  4532.82 3.6590e-14   4570.63 1 
  4535.54 3.6483e-14   4573.38 1 
  4538.27 3.7366e-14   4576.13 1 
  4541.00 3.7726e-14   4578.88 1 
  4543.73 3.7591e-14   4581.63 1 
  4546.45 3.7046e-14   4584.38 1 
  4549.18 3.6936e-14   4587.13 1 
  4551.91 3.7741e-14   4589.88 1 
  4554.64 3.6691e-14   4592.63 1 
  4557.36 3.7256e-14   4595.38 1 
  4560.09 3.7517e-14   4598.13 1 
  4562.82 3.8507e-14   4600.88 1 
  4565.54 3.8059e-14   4603.63 1 
  4568.27 3.8078e-14   4606.38 1 
  4571.00 3.8648e-14   4609.13 1 
  4573.73 3.8734e-14   4611.88 1 
  4576.45 3.8525e-14   4614.63 1 
  4579.18 3.8136e-14   4617.38 1 
  4581.91 3.8354e-14   4620.13 1 
  4584.63 3.6727e-14   4622.88 1 
  4587.36 3.6911e-14   4625.63 1 
  4590.09 3.6846e-14   4628.38 1 
  4592.82 3.8025e-14   4631.13 1 
  4595.54 3.7653e-14   4633.88 1 
  4598.27 3.7983e-14   4636.63 1 
  4601.00 3.7066e-14   4639.38 1 
  4603.73 3.8012e-14   4642.13 1 
  4606.45 3.7134e-14   4644.88 1 
  4609.18 3.8111e-14   4647.63 1 
  4611.91 3.8217e-14   4650.38 1 
  4614.63 3.7920e-14   4653.13 1 
  4617.36 3.8002e-14   4655.88 1 
  4620.09 3.7657e-14   4658.63 1 
  4622.82 3.8439e-14   4661.38 1 
  4625.54 3.8836e-14   4664.13 1 
  4628.27 3.8900e-14   4666.88 1 
  4631.00 3.7793e-14   4669.63 1 
  4633.73 3.7901e-14   4672.38 1 
  4636.45 3.8338e-14   4675.13 1 
  4639.18 3.8024e-14   4677.88 1 
  4641.91 3.7699e-14   4680.63 1 
  4644.63 3.6936e-14   4683.38 1 
  4647.36 3.6520e-14   4686.13 1 
  4650.09 3.7033e-14   4688.88 1 
  4652.82 3.7485e-14   4691.63 1 
  4655.54 3.7368e-14   4694.38 1 
  4658.27 3.7706e-14   4697.13 1 
  4661.00 3.8249e-14   4699.88 1 
  4663.73 3.6782e-14   4702.63 1 
  4666.45 3.6496e-14   4705.38 1 
  4669.18 3.6743e-14   4708.13 1 
  4671.91 3.6948e-14   4710.88 1 
  4674.63 3.7266e-14   4713.63 1 
  4677.36 3.7607e-14   4716.38 1 
  4680.09 3.7724e-14   4719.13 1 
  4682.82 3.7275e-14   4721.88 1 
  4685.54 3.7257e-14   4724.63 1 
  4688.27 3.7184e-14   4727.38 1 
  4691.00 3.7689e-14   4730.13 1 
  4693.72 3.7409e-14   4732.88 1 
  4696.45 3.6393e-14   4735.63 1 
  4699.18 3.7534e-14   4738.38 1 
  4701.91 3.6523e-14   4741.13 1 
  4704.63 3.5730e-14   4743.88 1 
  4707.36 3.6069e-14   4746.63 1 
  4710.09 3.6295e-14   4749.38 1 
  4712.82 3.6280e-14   4752.13 1 
  4715.54 3.6839e-14   4754.88 1 
  4718.27 3.7293e-14   4757.63 1 
  4721.00 3.6794e-14   4760.38 1 
  4723.72 3.6758e-14   4763.13 1 
  4726.45 3.7032e-14   4765.88 1 
  4729.18 3.6511e-14   4768.63 1 
  4731.91 3.6656e-14   4771.38 1 
  4734.63 3.6861e-14   4774.13 1 
  4737.36 3.6735e-14   4776.88 1 
  4740.09 3.6446e-14   4779.63 1 
  4742.82 3.6401e-14   4782.38 1 
  4745.54 3.6513e-14   4785.13 1 
  4748.27 3.6689e-14   4787.88 1 
  4751.00 3.7112e-14   4790.63 1 
  4753.72 3.6695e-14   4793.38 1 
  4756.45 3.7042e-14   4796.13 1 
  4759.18 3.6279e-14   4798.88 1 
  4761.91 3.6234e-14   4801.63 1 
  4764.63 3.6035e-14   4804.38 1 
  4767.36 3.5193e-14   4807.13 1 
  4770.09 3.5649e-14   4809.88 1 
  4772.82 3.7074e-14   4812.63 1 
  4775.54 3.7703e-14   4815.38 1 
  4778.27 3.8154e-14   4818.13 1 
  4781.00 3.7325e-14   4820.88 1 
  4783.72 3.6878e-14   4823.63 1 
  4786.45 3.6571e-14   4826.38 1 
  4789.18 3.5637e-14   4829.13 1 
  4791.91 3.6056e-14   4831.88 1 
  4794.63 3.6767e-14   4834.63 1 
  4797.36 3.7488e-14   4837.38 1 
  4800.09 3.6701e-14   4840.13 1 
  4802.81 3.6570e-14   4842.88 1 
  4805.54 3.6199e-14   4845.63 1 
  4808.27 3.6296e-14   4848.38 1 
  4811.00 3.6701e-14   4851.13 1 
  4813.72 3.6782e-14   4853.88 1 
  4816.45 3.7202e-14   4856.63 1 
  4819.18 3.7208e-14   4859.38 1 
  4821.91 3.6435e-14   4862.13 1 
  4824.63 3.6033e-14   4864.88 1 
  4827.36 3.5610e-14   4867.63 1 
  4830.09 3.5396e-14   4870.38 1 
  4832.81 3.5523e-14   4873.13 1 
  4835.54 3.5140e-14   4875.88 1 
  4838.27 3.4876e-14   4878.63 1 
  4841.00 3.4464e-14   4881.38 1 
  4843.72 3.4092e-14   4884.13 1 
  4846.45 3.3962e-14   4886.88 1 
  4849.18 3.3828e-14   4889.63 1 
  4851.91 3.3834e-14   4892.38 1 
  4854.63 3.6267e-14   4895.13 1 
  4857.36 4.4793e-14   4897.88 1 
  4860.09 6.0528e-14   4900.63 1 
  4862.81 6.9686e-14   4903.38 1 
  4865.54 6.2114e-14   4906.13 1 
  4868.27 4.6353e-14   4908.88 1 
  4871.00 3.5825e-14   4911.63 1 
  4873.72 3.2531e-14   4914.38 1 
  4876.45 3.1928e-14   4917.13 1 
  4879.18 3.3064e-14   4919.88 1 
  4881.91 3.3312e-14   4922.63 1 
  4884.63 3.3321e-14   4925.38 1 
  4887.36 3.3389e-14   4928.13 1 
  4890.09 3.3594e-14   4930.88 1 
  4892.81 3.4073e-14   4933.63 1 
  4895.54 3.4845e-14   4936.38 1 
  4898.27 3.4895e-14   4939.13 1 
  4901.00 3.5522e-14   4941.88 1 
  4903.72 3.5397e-14   4944.63 1 
  4906.45 3.5094e-14   4947.38 1 
  4909.18 3.5552e-14   4950.13 1 
  4911.90 3.5190e-14   4952.88 1 
  4914.63 3.4810e-14   4955.63 1 
  4917.36 3.4561e-14   4958.38 1 
  4920.09 3.3858e-14   4961.13 1 
  4922.81 3.3508e-14   4963.88 1 
  4925.54 3.3625e-14   4966.63 1 
  4928.27 3.4861e-14   4969.38 1 
  4931.00 3.5287e-14   4972.13 1 
  4933.72 3.5067e-14   4974.88 1 
  4936.45 3.4779e-14   4977.63 1 
  4939.18 3.5299e-14   4980.38 1 
  4941.90 3.5054e-14   4983.13 1 
  4944.63 3.5220e-14   4985.88 1 
  4947.36 3.5813e-14   4988.63 1 
  4950.09 3.6696e-14   4991.38 1 
  4952.81 3.8581e-14   4994.13 1 
  4955.54 4.2470e-14   4996.88 1 
  4958.27 4.6944e-14   4999.63 1 
  4961.00 4.7381e-14   5002.38 1 
  4963.72 4.3922e-14   5005.13 1 
  4966.45 3.9149e-14   5007.88 1 
  4969.18 3.6453e-14   5010.63 1 
  4971.90 3.5594e-14   5013.38 1 
  4974.63 3.5451e-14   5016.13 1 
  4977.36 3.5173e-14   5018.88 1 
  4980.09 3.4807e-14   5021.63 1 
  4982.81 3.4351e-14   5024.38 1 
  4985.54 3.4171e-14   5027.13 1 
  4988.27 3.4331e-14   5029.88 1 
  4991.00 3.4480e-14   5032.63 1 
  4993.72 3.4547e-14   5035.38 1 
  4996.45 3.5413e-14   5038.13 1 
  4999.18 3.9160e-14   5040.88 1 
  5001.90 4.8041e-14   5043.63 1 
  5004.63 6.1592e-14   5046.38 1 
  5007.36 7.1531e-14   5049.13 1 
  5010.09 6.7733e-14   5051.88 1 
  5012.81 5.4209e-14   5054.63 1 
  5015.54 4.2196e-14   5057.38 1 
  5018.27 3.6766e-14   5060.13 1 
  5020.99 3.4970e-14   5062.88 1 
  5023.72 3.4115e-14   5065.63 1 
  5026.45 3.3716e-14   5068.38 1 
  5029.18 3.4046e-14   5071.13 1 
  5031.90 3.4359e-14   5073.88 1 
  5034.63 3.4559e-14   5076.63 1 
  5037.36 3.4721e-14   5079.38 1 
  5040.09 3.3879e-14   5082.13 1 
  5042.81 3.3202e-14   5084.88 1 
  5045.54 3.3652e-14   5087.63 1 
  5048.27 3.4178e-14   5090.38 1 
  5050.99 3.4439e-14   5093.13 1 
  5053.72 3.4046e-14   5095.88 1 
  5056.45 3.4415e-14   5098.63 1 
  5059.18 3.4777e-14   5101.38 1 
  5061.90 3.4398e-14   5104.13 1 
  5064.63 3.4053e-14   5106.88 1 
  5067.36 3.3785e-14   5109.63 1 
  5070.09 3.3887e-14   5112.38 1 
  5072.81 3.3424e-14   5115.13 1 
  5075.54 3.3438e-14   5117.88 1 
  5078.27 3.3687e-14   5120.63 1 
  5080.99 3.3290e-14   5123.38 1 
  5083.72 3.3231e-14   5126.13 1 
  5086.45 3.3376e-14   5128.88 1 
  5089.18 3.3346e-14   5131.63 1 
  5091.90 3.3781e-14   5134.38 1 
  5094.63 3.4193e-14   5137.13 1 
  5097.36 3.4048e-14   5139.88 1 
  5100.08 3.3521e-14   5142.63 1 
  5102.81 3.3470e-14   5145.38 1 
  5105.54 3.3487e-14   5148.13 1 
  5108.27 3.3494e-14   5150.88 1 
  5110.99 3.3515e-14   5153.63 1 
  5113.72 3.3544e-14   5156.38 1 
  5116.45 3.3599e-14   5159.13 1 
  5119.18 3.3573e-14   5161.88 1 
  5121.90 3.3400e-14   5164.63 1 
  5124.63 3.3213e-14   5167.38 1 
  5127.36 3.2748e-14   5170.13 1 
  5130.08 3.2746e-14   5172.88 1 
  5132.81 3.2765e-14   5175.63 1 
  5135.54 3.2656e-14   5178.38 1 
  5138.27 3.2748e-14   5181.13 1 
  5140.99 3.2647e-14   5183.88 1 
  5143.72 3.3030e-14   5186.63 1 
  5146.45 3.3209e-14   5189.38 1 
  5149.18 3.2820e-14   5192.13 1 
  5151.90 3.2689e-14   5194.88 1 
  5154.63 3.3279e-14   5197.63 1 
  5157.36 3.4137e-14   5200.38 1 
  5160.08 3.4062e-14   5203.13 1 
  5162.81 3.3369e-14   5205.88 1 
  5165.54 3.2618e-14   5208.63 1 
  5168.27 3.1319e-14   5211.38 1 
  5170.99 3.0685e-14   5214.13 1 
  5173.72 3.0923e-14   5216.88 1 
  5176.45 3.1468e-14   5219.63 1 
  5179.18 3.1788e-14   5222.38 1 
  5181.90 3.1442e-14   5225.13 1 
  5184.63 3.1202e-14   5227.88 1 
  5187.36 3.1503e-14   5230.63 1 
  5190.08 3.1908e-14   5233.38 1 
  5192.81 3.2866e-14   5236.13 1 
  5195.54 3.3805e-14   5238.88 1 
  5198.27 3.4853e-14   5241.63 1 
  5200.99 3.5567e-14   5244.38 1 
  5203.72 3.5227e-14   5247.13 1 
  5206.45 3.3808e-14   5249.88 1 
  5209.17 3.2152e-14   5252.63 1 
  5211.90 3.2230e-14   5255.38 1 
  5214.63 3.2440e-14   5258.13 1 
  5217.36 3.2495e-14   5260.88 1 
  5220.08 3.3262e-14   5263.63 1 
  5222.81 3.3272e-14   5266.38 1 
  5225.54 3.2785e-14   5269.13 1 
  5228.27 3.2333e-14   5271.88 1 
  5230.99 3.2029e-14   5274.63 1 
  5233.72 3.2374e-14   5277.38 1 
  5236.45 3.2463e-14   5280.13 1 
  5239.17 3.2801e-14   5282.88 1 
  5241.90 3.2908e-14   5285.63 1 
  5244.63 3.3331e-14   5288.38 1 
  5247.36 3.3347e-14   5291.13 1 
  5250.08 3.3079e-14   5293.88 1 
  5252.81 3.3257e-14   5296.63 1 
  5255.54 3.3798e-14   5299.38 1 
  5258.27 3.3977e-14   5302.13 1 
  5260.99 3.3462e-14   5304.88 1 
  5263.72 3.2738e-14   5307.63 1 
  5266.45 3.1836e-14   5310.38 1 
  5269.17 3.1398e-14   5313.13 1 
  5271.90 3.1873e-14   5315.88 1 
  5274.63 3.2277e-14   5318.63 1 
  5277.36 3.2337e-14   5321.38 1 
  5280.08 3.3150e-14   5324.13 1 
  5282.81 3.3600e-14   5326.88 1 
  5285.54 3.3337e-14   5329.63 1 
  5288.27 3.3780e-14   5332.38 1 
  5290.99 3.4078e-14   5335.13 1 
  5293.72 3.3363e-14   5337.88 1 
  5296.45 3.2961e-14   5340.63 1 
  5299.17 3.3019e-14   5343.38 1 
  5301.90 3.3389e-14   5346.13 1 
  5304.63 3.3887e-14   5348.88 1 
  5307.36 3.4216e-14   5351.63 1 
  5310.08 3.4266e-14   5354.38 1 
  5312.81 3.4795e-14   5357.13 1 
  5315.54 3.3972e-14   5359.88 1 
  5318.26 3.3563e-14   5362.63 1 
  5320.99 3.2914e-14   5365.38 1 
  5323.72 3.3145e-14   5368.13 1 
  5326.45 3.3022e-14   5370.88 1 
  5329.17 3.2821e-14   5373.63 1 
  5331.90 3.2565e-14   5376.38 1 
  5334.63 3.3505e-14   5379.13 1 
  5337.36 3.3597e-14   5381.88 1 
  5340.08 3.3102e-14   5384.63 1 
  5342.81 3.2803e-14   5387.38 1 
  5345.54 3.3037e-14   5390.13 1 
  5348.26 3.3336e-14   5392.88 1 
  5350.99 3.3839e-14   5395.63 1 
  5353.72 3.4270e-14   5398.38 1 
  5356.45 3.4509e-14   5401.13 1 
  5359.17 3.4352e-14   5403.88 1 
  5361.90 3.4243e-14   5406.63 1 
  5364.63 3.3567e-14   5409.38 1 
  5367.36 3.2996e-14   5412.13 1 
  5370.08 3.2812e-14   5414.88 1 
  5372.81 3.3139e-14   5417.63 1 
  5375.54 3.3283e-14   5420.38 1 
  5378.26 3.3599e-14   5423.13 1 
  5380.99 3.4204e-14   5425.88 1 
  5383.72 3.3339e-14   5428.63 1 
  5386.45 3.2967e-14   5431.38 1 
  5389.17 3.2886e-14   5434.13 1 
  5391.90 3.2603e-14   5436.88 1 
  5394.63 3.2841e-14   5439.63 1 
  5397.36 3.2325e-14   5442.38 1 
  5400.08 3.2218e-14   5445.13 1 
  5402.81 3.2056e-14   5447.88 1 
  5405.54 3.1454e-14   5450.63 1 
  5408.26 3.1638e-14   5453.38 1 
  5410.99 3.2038e-14   5456.13 1 
  5413.72 3.3474e-14   5458.88 1 
  5416.45 3.3732e-14   5461.63 1 
  5419.17 3.3186e-14   5464.38 1 
  5421.90 3.2813e-14   5467.13 1 
  5424.63 3.3093e-14   5469.88 1 
  5427.35 3.3104e-14   5472.63 1 
  5430.08 3.3261e-14   5475.38 1 
  5432.81 3.2961e-14   5478.13 1 
  5435.54 3.3417e-14   5480.88 1 
  5438.26 3.3244e-14   5483.63 1 
  5440.99 3.3424e-14   5486.38 1 
  5443.72 3.3633e-14   5489.13 1 
  5446.45 3.3233e-14   5491.88 1 
  5449.17 3.2920e-14   5494.63 1 
  5451.90 3.2359e-14   5497.38 1 
  5454.63 3.2870e-14   5500.13 1 
  5457.35 3.2830e-14   5502.88 1 
  5460.08 3.2905e-14   5505.63 1 
  5462.81 3.2651e-14   5508.38 1 
  5465.54 3.2588e-14   5511.13 1 
  5468.26 3.3336e-14   5513.88 1 
  5470.99 3.3421e-14   5516.63 1 
  5473.72 3.3454e-14   5519.38 1 
  5476.45 3.2588e-14   5522.13 1 
  5479.17 3.2467e-14   5524.88 1 
  5481.90 3.2820e-14   5527.63 1 
  5484.63 3.2590e-14   5530.38 1 
  5487.35 3.2362e-14   5533.13 1 
  5490.08 3.2864e-14   5535.88 1 
  5492.81 3.2712e-14   5538.63 1 
  5495.54 3.3100e-14   5541.38 1 
  5498.26 3.3249e-14   5544.13 1 
  5500.99 3.3102e-14   5546.88 1 
  5503.72 3.1643e-14   5549.63 1 
  5506.45 3.2137e-14   5552.38 1 
  5509.17 3.1705e-14   5555.13 1 
  5511.90 3.1478e-14   5557.88 1 
  5514.63 3.2033e-14   5560.63 1 
  5517.35 3.2176e-14   5563.38 1 
  5520.08 3.2256e-14   5566.13 1 
  5522.81 3.2927e-14   5568.88 1 
  5525.54 3.2330e-14   5571.63 1 
  5528.26 3.2294e-14   5574.38 1 
  5530.99 3.1861e-14   5577.13 1 
  5533.72 3.1905e-14   5579.88 1 
  5536.44 3.2222e-14   5582.63 1 
  5539.17 3.2329e-14   5585.38 1 
  5541.90 3.2545e-14   5588.13 1 
  5544.63 3.1983e-14   5590.88 1 
  5547.35 3.2446e-14   5593.63 1 
  5550.08 3.2288e-14   5596.38 1 
  5552.81 3.3042e-14   5599.13 1 
  5555.54 3.2593e-14   5601.88 1 
  5558.26 3.2622e-14   5604.63 1 
  5560.99 3.3187e-14   5607.38 1 
  5563.72 3.2343e-14   5610.13 1 
  5566.44 3.2857e-14   5612.88 1 
  5569.17 3.2220e-14   5615.63 1 
  5571.90 3.2445e-14   5618.38 1 
  5574.63 3.2351e-14   5621.13 1 
  5577.35 3.2291e-14   5623.88 1 
  5580.08 3.2731e-14   5626.63 1 
  5582.81 3.2914e-14   5629.38 1 
  5585.54 3.2605e-14   5632.13 1 
  5588.26 3.1541e-14   5634.88 1 
  5590.99 3.1276e-14   5637.63 1 
  5593.72 3.2047e-14   5640.38 1 
  5596.44 3.2333e-14   5643.13 1 
  5599.17 3.1653e-14   5645.88 1 
  5601.90 3.1756e-14   5648.63 1 
  5604.63 3.2076e-14   5651.38 1 
  5607.35 3.2426e-14   5654.13 1 
  5610.08 3.2812e-14   5656.88 1 
  5612.81 3.3518e-14   5659.63 1 
  5615.54 3.3232e-14   5662.38 1 
  5618.26 3.2455e-14   5665.13 1 
  5620.99 3.1837e-14   5667.88 1 
  5623.72 3.2755e-14   5670.63 1 
  5626.44 3.2852e-14   5673.38 1 
  5629.17 3.2450e-14   5676.13 1 
  5631.90 3.2199e-14   5678.88 1 
  5634.63 3.3401e-14   5681.63 1 
  5637.35 3.3348e-14   5684.38 1 
  5640.08 3.3393e-14   5687.13 1 
  5642.81 3.2785e-14   5689.88 1 
  5645.53 3.1626e-14   5692.63 1 
  5648.26 3.1864e-14   5695.38 1 
  5650.99 3.2032e-14   5698.13 1 
  5653.72 3.2171e-14   5700.88 1 
  5656.44 3.2175e-14   5703.63 1 
  5659.17 3.1761e-14   5706.38 1 
  5661.90 3.1237e-14   5709.13 1 
  5664.63 3.1729e-14   5711.88 1 
  5667.35 3.1636e-14   5714.63 1 
  5670.08 3.2601e-14   5717.38 1 
  5672.81 3.2257e-14   5720.13 1 
  5675.53 3.2696e-14   5722.88 1 
  5678.26 3.2423e-14   5725.63 1 
  5680.99 3.2487e-14   5728.38 1 
  5683.72 3.2410e-14   5731.13 1 
  5686.44 3.2254e-14   5733.88 1 
  5689.17 3.2059e-14   5736.63 1 
  5691.90 3.2095e-14   5739.38 1 
  5694.63 3.1695e-14   5742.13 1 
  5697.35 3.2353e-14   5744.88 1 
  5700.08 3.2356e-14   5747.63 1 
  5702.81 3.1939e-14   5750.38 1 
  5705.53 3.1396e-14   5753.13 1 
  5708.26 3.1037e-14   5755.88 1 
  5710.99 3.1678e-14   5758.63 1 
  5713.72 3.0767e-14   5761.38 1 
  5716.44 3.2076e-14   5764.13 1 
  5719.17 3.2665e-14   5766.88 1 
  5721.90 3.2224e-14   5769.63 1 
  5724.63 3.3120e-14   5772.38 1 
  5727.35 3.2447e-14   5775.13 1 
  5730.08 3.2647e-14   5777.88 1 
  5732.81 3.1682e-14   5780.63 1 
  5735.53 3.2174e-14   5783.38 1 
  5738.26 3.2101e-14   5786.13 1 
  5740.99 3.2921e-14   5788.88 1 
  5743.72 3.2181e-14   5791.63 1 
  5746.44 3.1774e-14   5794.38 1 
  5749.17 3.2259e-14   5797.13 1 
  5751.90 3.2562e-14   5799.88 1 
  5754.62 3.3295e-14   5802.63 1 
  5757.35 3.3139e-14   5805.38 1 
  5760.08 3.2239e-14   5808.13 1 
  5762.81 3.1639e-14   5810.88 1 
  5765.53 3.1553e-14   5813.63 1 
  5768.26 3.2331e-14   5816.38 1 
  5770.99 3.1607e-14   5819.13 1 
  5773.72 3.2555e-14   5821.88 1 
  5776.44 3.2096e-14   5824.63 1 
  5779.17 3.0999e-14   5827.38 1 
  5781.90 3.0168e-14   5830.13 1 
  5784.62 3.0752e-14   5832.88 1 
  5787.35 3.1371e-14   5835.63 1 
  5790.08 3.1440e-14   5838.38 1 
  5792.81 3.1692e-14   5841.13 1 
  5795.53 3.1753e-14   5843.88 1 
  5798.26 3.2198e-14   5846.63 1 
  5800.99 3.1826e-14   5849.38 1 
  5803.72 3.2192e-14   5852.13 1 
  5806.44 3.2243e-14   5854.88 1 
  5809.17 3.1821e-14   5857.63 1 
  5811.90 3.1600e-14   5860.38 1 
  5814.62 3.2200e-14   5863.13 1 
  5817.35 3.1869e-14   5865.88 1 
  5820.08 3.2242e-14   5868.63 1 
  5822.81 3.2013e-14   5871.38 1 
  5825.53 3.2395e-14   5874.13 1 
  5828.26 3.2548e-14   5876.88 1 
  5830.99 3.2797e-14   5879.63 1 
  5833.72 3.2513e-14   5882.38 1 
  5836.44 3.2597e-14   5885.13 1 
  5839.17 3.2072e-14   5887.88 1 
  5841.90 3.1944e-14   5890.63 1 
  5844.62 3.2164e-14   5893.38 1 
  5847.35 3.2210e-14   5896.13 1 
  5850.08 3.1636e-14   5898.88 1 
  5852.81 3.1681e-14   5901.63 1 
  5855.53 3.1327e-14   5904.38 1 
  5858.26 3.1354e-14   5907.13 1 
  5860.99 3.1616e-14   5909.88 1 
  5863.71 3.1112e-14   5912.63 1 
  5866.44 3.1785e-14   5915.38 1 
  5869.17 3.2480e-14   5918.13 1 
  5871.90 3.3770e-14   5920.88 1 
  5874.62 3.5714e-14   5923.63 1 
  5877.35 3.7304e-14   5926.38 1 
  5880.08 3.5732e-14   5929.13 1 
  5882.81 3.2730e-14   5931.88 1 
  5885.53 3.0738e-14   5934.63 1 
  5888.26 2.8766e-14   5937.38 1 
  5890.99 2.7651e-14   5940.13 1 
  5893.71 2.7583e-14   5942.88 1 
  5896.44 2.7681e-14   5945.63 1 
  5899.17 2.8748e-14   5948.38 1 
  5901.90 3.0023e-14   5951.13 1 
  5904.62 3.0570e-14   5953.88 1 
  5907.35 3.0465e-14   5956.63 1 
  5910.08 3.0245e-14   5959.38 1 
  5912.81 3.0815e-14   5962.13 1 
  5915.53 3.0702e-14   5964.88 1 
  5918.26 3.0776e-14   5967.63 1 
  5920.99 3.1143e-14   5970.38 1 
  5923.71 3.1327e-14   5973.13 1 
  5926.44 3.0990e-14   5975.88 1 
  5929.17 3.0914e-14   5978.63 1 
  5931.90 3.1208e-14   5981.38 1 
  5934.62 3.1103e-14   5984.13 1 
  5937.35 3.0922e-14   5986.88 1 
  5940.08 3.0775e-14   5989.63 1 
  5942.81 3.0688e-14   5992.38 1 
  5945.53 3.0609e-14   5995.13 1 
  5948.26 3.0502e-14   5997.88 1 
  5950.99 3.0768e-14   6000.63 1 
  5953.71 3.0807e-14   6003.38 1 
  5956.44 3.0701e-14   6006.13 1 
  5959.17 3.0716e-14   6008.88 1 
  5961.90 3.0748e-14   6011.63 1 
  5964.62 3.0707e-14   6014.38 1 
  5967.35 3.0735e-14   6017.13 1 
  5970.08 3.0694e-14   6019.88 1 
  5972.80 3.0703e-14   6022.63 1 
  5975.53 3.0477e-14   6025.38 1 
  5978.26 3.0476e-14   6028.13 1 
  5980.99 3.0652e-14   6030.88 1 
  5983.71 3.0715e-14   6033.63 1 
  5986.44 3.0592e-14   6036.38 1 
  5989.17 3.0775e-14   6039.13 1 
  5991.90 3.1010e-14   6041.88 1 
  5994.62 3.0885e-14   6044.63 1 
  5997.35 3.0226e-14   6047.38 1 
  6000.08 3.0354e-14   6050.13 1 
  6002.80 3.0385e-14   6052.88 1 
  6005.53 3.0354e-14   6055.63 1 
  6008.26 3.0540e-14   6058.38 1 
  6010.99 3.0969e-14   6061.13 1 
  6013.71 3.0099e-14   6063.88 1 
  6016.44 3.0017e-14   6066.63 1 
  6019.17 3.0023e-14   6069.38 1 
  6021.90 3.0045e-14   6072.13 1 
  6024.62 3.0242e-14   6074.88 1 
  6027.35 2.9957e-14   6077.63 1 
  6030.08 2.9660e-14   6080.38 1 
  6032.80 2.9939e-14   6083.13 1 
  6035.53 3.0548e-14   6085.88 1 
  6038.26 3.0456e-14   6088.63 1 
  6040.99 3.0592e-14   6091.38 1 
  6043.71 3.0956e-14   6094.13 1 
  6046.44 3.0917e-14   6096.88 1 
  6049.17 3.0773e-14   6099.63 1 
  6051.89 3.1052e-14   6102.38 1 
  6054.62 3.0946e-14   6105.13 1 
  6057.35 3.0614e-14   6107.88 1 
  6060.08 3.0176e-14   6110.63 1 
  6062.80 3.0199e-14   6113.38 1 
  6065.53 3.0569e-14   6116.13 1 
  6068.26 3.0924e-14   6118.88 1 
  6070.99 3.1326e-14   6121.63 1 
  6073.71 3.0977e-14   6124.38 1 
  6076.44 3.0453e-14   6127.13 1 
  6079.17 3.0679e-14   6129.88 1 
  6081.89 3.0404e-14   6132.63 1 
  6084.62 3.0561e-14   6135.38 1 
  6087.35 2.9786e-14   6138.13 1 
  6090.08 3.0661e-14   6140.88 1 
  6092.80 3.0065e-14   6143.63 1 
  6095.53 3.0425e-14   6146.38 1 
  6098.26 3.0270e-14   6149.13 1 
  6100.99 3.0015e-14   6151.88 1 
  6103.71 2.9728e-14   6154.63 1 
  6106.44 2.9461e-14   6157.38 1 
  6109.17 3.0293e-14   6160.13 1 
  6111.89 2.9730e-14   6162.88 1 
  6114.62 3.0345e-14   6165.63 1 
  6117.35 3.0837e-14   6168.38 1 
  6120.08 3.0580e-14   6171.13 1 
  6122.80 3.0041e-14   6173.88 1 
  6125.53 2.9042e-14   6176.63 1 
  6128.26 2.9870e-14   6179.38 1 
  6130.99 2.9723e-14   6182.13 1 
  6133.71 2.8866e-14   6184.88 1 
  6136.44 2.8723e-14   6187.63 1 
  6139.17 2.9284e-14   6190.38 1 
  6141.89 2.9259e-14   6193.13 1 
  6144.62 2.9190e-14   6195.88 1 
  6147.35 2.9771e-14   6198.63 1 
  6150.08 2.9674e-14   6201.38 1 
  6152.80 2.9652e-14   6204.13 1 
  6155.53 2.8993e-14   6206.88 1 
  6158.26 2.8887e-14   6209.63 1 
  6160.98 2.8627e-14   6212.38 1 
  6163.71 2.7746e-14   6215.13 1 
  6166.44 2.8111e-14   6217.88 1 
  6169.17 2.8355e-14   6220.63 1 
  6171.89 2.8292e-14   6223.38 1 
  6174.62 2.8030e-14   6226.13 1 
  6177.35 2.8909e-14   6228.88 1 
  6180.08 2.9140e-14   6231.63 1 
  6182.80 3.0259e-14   6234.38 1 
  6185.53 2.9362e-14   6237.13 1 
  6188.26 2.9565e-14   6239.88 1 
  6190.98 2.9118e-14   6242.63 1 
  6193.71 2.8438e-14   6245.38 1 
  6196.44 2.9460e-14   6248.13 1 
  6199.17 2.9698e-14   6250.88 1 
  6201.89 3.0263e-14   6253.63 1 
  6204.62 2.9816e-14   6256.38 1 
  6207.35 2.9382e-14   6259.13 1 
  6210.08 2.9392e-14   6261.88 1 
  6212.80 2.9962e-14   6264.63 1 
  6215.53 2.9330e-14   6267.38 1 
  6218.26 2.8569e-14   6270.13 1 
  6220.98 2.9330e-14   6272.88 1 
  6223.71 2.9170e-14   6275.63 1 
  6226.44 2.9196e-14   6278.38 1 
  6229.17 2.8997e-14   6281.13 1 
  6231.89 2.8820e-14   6283.88 1 
  6234.62 2.9443e-14   6286.63 1 
  6237.35 2.8589e-14   6289.38 1 
  6240.08 2.8822e-14   6292.13 1 
  6242.80 2.8559e-14   6294.88 1 
  6245.53 2.8568e-14   6297.63 1 
  6248.26 2.8959e-14   6300.38 1 
  6250.98 2.8395e-14   6303.13 1 
  6253.71 2.9024e-14   6305.88 1 
  6256.44 2.8403e-14   6308.63 1 
  6259.17 2.8300e-14   6311.38 1 
  6261.89 2.9068e-14   6314.13 1 
  6264.62 2.8921e-14   6316.88 1 
  6267.35 2.9251e-14   6319.63 1 
  6270.07 2.9121e-14   6322.38 1 
  6272.80 2.9015e-14   6325.13 1 
  6275.53 2.9074e-14   6327.88 1 
  6278.26 2.8987e-14   6330.63 1 
  6280.98 2.7713e-14   6333.38 1 
  6283.71 2.8641e-14   6336.13 1 
  6286.44 2.8699e-14   6338.88 1 
  6289.17 2.8786e-14   6341.63 1 
  6291.89 2.9648e-14   6344.38 1 
  6294.62 3.0822e-14   6347.13 1 
  6297.35 3.2939e-14   6349.88 1 
  6300.07 3.5116e-14   6352.63 1 
  6302.80 3.5899e-14   6355.38 1 
  6305.53 3.4045e-14   6358.13 1 
  6308.26 3.3263e-14   6360.88 1 
  6310.98 3.2763e-14   6363.63 1 
  6313.71 2.7664e-14   6366.38 1 
  6316.44 2.5101e-14   6369.13 1 
  6319.17 2.9105e-14   6371.88 1 
  6321.89 2.8775e-14   6374.63 1 
  6324.62 2.9422e-14   6377.38 1 
  6327.35 2.9402e-14   6380.13 1 
  6330.07 2.9942e-14   6382.88 1 
  6332.80 2.9391e-14   6385.63 1 
  6335.53 2.9150e-14   6388.38 1 
  6338.26 2.9059e-14   6391.13 1 
  6340.98 2.8370e-14   6393.88 1 
  6343.71 2.8838e-14   6396.63 1 
  6346.44 2.8456e-14   6399.38 1 
  6349.17 2.9617e-14   6402.13 1 
  6351.89 2.8868e-14   6404.88 1 
  6354.62 2.9400e-14   6407.63 1 
  6357.35 2.9220e-14   6410.38 1 
  6360.07 2.9924e-14   6413.13 1 
  6362.80 3.0708e-14   6415.88 1 
  6365.53 3.1350e-14   6418.63 1 
  6368.26 3.0728e-14   6421.38 1 
  6370.98 3.0512e-14   6424.13 1 
  6373.71 2.9749e-14   6426.88 1 
  6376.44 2.9393e-14   6429.63 1 
  6379.16 2.9906e-14   6432.38 1 
  6381.89 2.9408e-14   6435.13 1 
  6384.62 2.8803e-14   6437.88 1 
  6387.35 2.8925e-14   6440.63 1 
  6390.07 2.9644e-14   6443.38 1 
  6392.80 2.9055e-14   6446.13 1 
  6395.53 2.8445e-14   6448.88 1 
  6398.26 2.8939e-14   6451.63 1 
  6400.98 2.8880e-14   6454.38 1 
  6403.71 2.9253e-14   6457.13 1 
  6406.44 2.9402e-14   6459.88 1 
  6409.16 2.8932e-14   6462.63 1 
  6411.89 2.8729e-14   6465.38 1 
  6414.62 2.8914e-14   6468.13 1 
  6417.35 2.8724e-14   6470.88 1 
  6420.07 2.7683e-14   6473.63 1 
  6422.80 2.8103e-14   6476.38 1 
  6425.53 2.8450e-14   6479.13 1 
  6428.26 2.9114e-14   6481.88 1 
  6430.98 2.8673e-14   6484.63 1 
  6433.71 2.8969e-14   6487.38 1 
  6436.44 2.8880e-14   6490.13 1 
  6439.16 2.9708e-14   6492.88 1 
  6441.89 3.0099e-14   6495.63 1 
  6444.62 3.0051e-14   6498.38 1 
  6447.35 2.9086e-14   6501.13 1 
  6450.07 2.8227e-14   6503.88 1 
  6452.80 2.7885e-14   6506.63 1 
  6455.53 2.8214e-14   6509.38 1 
  6458.26 2.9318e-14   6512.13 1 
  6460.98 2.9139e-14   6514.88 1 
  6463.71 2.9007e-14   6517.63 1 
  6466.44 2.8948e-14   6520.38 1 
  6469.16 2.9046e-14   6523.13 1 
  6471.89 2.9554e-14   6525.88 1 
  6474.62 2.9369e-14   6528.63 1 
  6477.35 2.9918e-14   6531.38 1 
  6480.07 2.9920e-14   6534.13 1 
  6482.80 2.8949e-14   6536.88 1 
  6485.53 2.8841e-14   6539.63 1 
  6488.25 2.9079e-14   6542.38 1 
  6490.98 2.9110e-14   6545.13 1 
  6493.71 2.8238e-14   6547.88 1 
  6496.44 2.7424e-14   6550.63 1 
  6499.16 2.7717e-14   6553.38 1 
  6501.89 2.7371e-14   6556.13 1 
  6504.62 2.7796e-14   6558.88 1 
  6507.35 2.9192e-14   6561.63 1 
  6510.07 3.0288e-14   6564.38 1 
  6512.80 2.8965e-14   6567.13 1 
  6515.53 2.7847e-14   6569.88 1 
  6518.25 2.8561e-14   6572.63 1 
  6520.98 2.8947e-14   6575.38 1 
  6523.71 2.9406e-14   6578.13 1 
  6526.44 2.9076e-14   6580.88 1 
  6529.16 2.8476e-14   6583.63 1 
  6531.89 2.8518e-14   6586.38 1 
  6534.62 2.8799e-14   6589.13 1 
  6537.35 2.9398e-14   6591.88 1 
  6540.07 3.1906e-14   6594.63 1 
  6542.80 3.7090e-14   6597.38 1 
  6545.53 4.7499e-14   6600.13 1 
  6548.25 5.7433e-14   6602.88 1 
  6550.98 5.8792e-14   6605.63 1 
  6553.71 5.3420e-14   6608.38 1 
  6556.44 6.3175e-14   6611.13 1 
  6559.16 1.1242e-13   6613.88 1 
  6561.89 1.9239e-13   6616.63 1 
  6564.62 2.2759e-13   6619.38 1 
  6567.35 1.7570e-13   6622.13 1 
  6570.07 9.3732e-14   6624.88 1 
  6572.80 4.9090e-14   6627.63 1 
  6575.53 4.1835e-14   6630.38 1 
  6578.25 5.4041e-14   6633.13 1 
  6580.98 8.5987e-14   6635.88 1 
  6583.71 1.1833e-13   6638.63 1 
  6586.44 1.1548e-13   6641.38 1 
  6589.16 7.6866e-14   6644.13 1 
  6591.89 4.5791e-14   6646.88 1 
  6594.62 3.3824e-14   6649.63 1 
  6597.34 3.0185e-14   6652.38 1 
  6600.07 2.9321e-14   6655.13 1 
  6602.80 2.8567e-14   6657.88 1 
  6605.53 2.8679e-14   6660.63 1 
  6608.25 2.8736e-14   6663.38 1 
  6610.98 2.8559e-14   6666.13 1 
  6613.71 2.7506e-14   6668.88 1 
  6616.44 2.8523e-14   6671.63 1 
  6619.16 2.8605e-14   6674.38 1 
  6621.89 2.9248e-14   6677.13 1 
  6624.62 2.8177e-14   6679.88 1 
  6627.34 2.8349e-14   6682.63 1 
  6630.07 2.8978e-14   6685.38 1 
  6632.80 2.8443e-14   6688.13 1 
  6635.53 2.8628e-14   6690.88 1 
  6638.25 2.8343e-14   6693.63 1 
  6640.98 2.8867e-14   6696.38 1 
  6643.71 2.8638e-14   6699.13 1 
  6646.44 2.8545e-14   6701.88 1 
  6649.16 2.8571e-14   6704.63 1 
  6651.89 2.8454e-14   6707.38 1 
  6654.62 2.8941e-14   6710.13 1 
  6657.34 2.8813e-14   6712.88 1 
  6660.07 2.7936e-14   6715.63 1 
  6662.80 2.7991e-14   6718.38 1 
  6665.53 2.8032e-14   6721.13 1 
  6668.25 2.7374e-14   6723.88 1 
  6670.98 2.7786e-14   6726.63 1 
  6673.71 2.9043e-14   6729.38 1 
  6676.44 2.9797e-14   6732.13 1 
  6679.16 2.9713e-14   6734.88 1 
  6681.89 3.0032e-14   6737.63 1 
  6684.62 2.9109e-14   6740.38 1 
  6687.34 2.8646e-14   6743.13 1 
  6690.07 2.8170e-14   6745.88 1 
  6692.80 2.8615e-14   6748.63 1 
  6695.53 2.8962e-14   6751.38 1 
  6698.25 2.9305e-14   6754.13 1 
  6700.98 2.9671e-14   6756.88 1 
  6703.71 3.0065e-14   6759.63 1 
  6706.43 3.0472e-14   6762.38 1 
  6709.16 3.2115e-14   6765.13 1 
  6711.89 3.8776e-14   6767.88 1 
  6714.62 4.9776e-14   6770.63 1 
  6717.34 5.8778e-14   6773.38 1 
  6720.07 5.6114e-14   6776.13 1 
  6722.80 4.4936e-14   6778.88 1 
  6725.53 3.8906e-14   6781.63 1 
  6728.25 4.4829e-14   6784.38 1 
  6730.98 5.2104e-14   6787.13 1 
  6733.71 5.2707e-14   6789.88 1 
  6736.43 4.3026e-14   6792.63 1 
  6739.16 3.3111e-14   6795.38 1 
  6741.89 2.8421e-14   6798.13 1 
  6744.62 2.7566e-14   6800.88 1 
  6747.34 2.6704e-14   6803.63 1 
  6750.07 2.6822e-14   6806.38 1 
  6752.80 2.7187e-14   6809.13 1 
  6755.53 2.6692e-14   6811.88 1 
  6758.25 2.6394e-14   6814.63 1 
  6760.98 2.7558e-14   6817.38 1 
  6763.71 2.7749e-14   6820.13 1 
  6766.43 2.7657e-14   6822.88 1 
  6769.16 2.7802e-14   6825.63 1 
  6771.89 2.9035e-14   6828.38 1 
  6782.54 2.8345e-14   6839.12 0 
  6798.17 2.7956e-14   6854.88 0 
  6813.84 2.8021e-14   6870.68 0 
  6829.55 2.8280e-14   6886.52 0 
  6845.29 2.7765e-14   6902.40 0 
  6861.07 2.7574e-14   6918.31 0 
  6876.89 2.7511e-14   6934.26 0 
  6892.74 2.7009e-14   6950.24 0 
  6908.63 2.7385e-14   6966.26 0 
  6924.56 2.7322e-14   6982.33 0 
  6940.52 2.7831e-14   6998.42 0 
  6956.52 2.8024e-14   7014.55 0 
  6972.56 2.7895e-14   7030.72 0 
  6988.63 2.7640e-14   7046.93 0 
  7004.74 2.7577e-14   7063.18 0 
  7020.89 2.7450e-14   7079.46 0 
  7037.08 2.7641e-14   7095.78 0 
  7053.30 2.8220e-14   7112.14 0 
  7069.56 2.6888e-14   7128.53 0 
  7085.85 2.7578e-14   7144.96 0 
  7102.19 2.6642e-14   7161.43 0 
  7118.56 2.6217e-14   7177.94 0 
  7134.97 2.6097e-14   7194.49 0 
  7151.42 2.6399e-14   7211.08 0 
  7167.90 2.6399e-14   7227.70 0 
  7184.43 2.5739e-14   7244.36 0 
  7200.99 2.5038e-14   7261.06 0 
  7217.59 2.6461e-14   7277.80 0 
  7234.23 2.6584e-14   7294.57 0 
  7250.91 2.5860e-14   7311.39 0 
  7267.62 2.6099e-14   7328.25 0 
  7284.37 2.5920e-14   7345.14 0 
  7301.17 2.5980e-14   7362.07 0 
  7318.00 2.6160e-14   7379.04 0 
  7334.86 2.6770e-14   7396.05 0 
  7351.77 2.6647e-14   7413.10 0 
  7368.72 2.6525e-14   7430.19 0 
  7385.71 2.7584e-14   7447.32 0 
  7402.73 2.7206e-14   7464.49 0 
  7419.80 2.6833e-14   7481.70 0 
  7436.90 2.7144e-14   7498.94 0 
  7454.05 2.6711e-14   7516.23 0 
  7471.23 2.6650e-14   7533.56 0 
  7488.45 2.7021e-14   7550.92 0 
  7505.72 2.7146e-14   7568.33 0 
  7523.02 2.7334e-14   7585.78 0 
  7540.36 2.7209e-14   7603.26 0 
  7557.74 2.7084e-14   7620.79 0 
  7575.16 2.7085e-14   7638.36 0 
  7592.63 2.6961e-14   7655.97 0 
  7610.13 2.6591e-14   7673.61 0 
  7627.67 2.5986e-14   7691.30 0 
  7645.26 2.6287e-14   7709.04 0 
  7662.88 2.6348e-14   7726.81 0 
  7680.55 2.5868e-14   7744.62 0 
  7698.25 2.5809e-14   7762.47 0 
  7716.00 2.5690e-14   7780.37 0 
  7733.79 2.5455e-14   7798.30 0 
  7751.61 2.5339e-14   7816.28 0 
  7769.48 2.5632e-14   7834.30 0 
  7787.39 2.4877e-14   7852.36 0 
  7805.34 2.5049e-14   7870.46 0 
  7823.34 2.5930e-14   7888.60 0 
  7841.37 2.5050e-14   7906.79 0 
  7859.45 2.5575e-14   7925.01 0 
  7877.57 2.5693e-14   7943.28 0 
  7895.73 2.5812e-14   7961.59 0 
  7913.93 2.5400e-14   7979.95 0 
  7932.17 2.4879e-14   7998.34 0 
  7950.46 2.4257e-14   8016.78 0 
  7968.79 2.4766e-14   8035.26 0 
  7987.15 2.4823e-14   8053.78 0 
  8005.57 2.4596e-14   8072.35 0 
  8024.02 2.5402e-14   8090.96 0 
  8042.52 2.5520e-14   8109.61 0 
  8061.06 2.5403e-14   8128.31 0 
  8079.64 2.4541e-14   8147.04 0 
  8098.27 2.4204e-14   8165.82 0 
  8116.94 2.4998e-14   8184.65 0 
  8135.65 2.5113e-14   8203.52 0 
  8154.40 2.4599e-14   8222.43 0 
  8173.20 2.3546e-14   8241.38 0 
  8192.04 2.3874e-14   8260.38 0 
  8210.93 2.4543e-14   8279.42 0 
  8229.85 2.3985e-14   8298.51 0 
  8248.83 2.5231e-14   8317.64 0 
  8267.84 2.4943e-14   8336.81 0 
  8286.90 2.4488e-14   8356.03 0 
  8306.01 2.4488e-14   8375.29 0 
  8325.15 2.4602e-14   8394.60 0 
  8344.34 2.4042e-14   8413.95 0 
  8363.58 2.4546e-14   8433.35 0 
  8382.86 2.4209e-14   8452.79 0 
  8402.18 2.4603e-14   8472.27 0 
  8421.55 2.3714e-14   8491.80 0 
  8440.97 2.4547e-14   8511.38 0 
  8460.42 2.4211e-14   8531.00 0 
  8479.93 2.3715e-14   8550.67 0 
  8499.48 2.4548e-14   8570.38 0 
  8519.07 2.4212e-14   8590.14 0 
  8538.71 2.4157e-14   8609.94 0 
  8558.39 2.2389e-14   8629.79 0 
  8578.12 2.4325e-14   8649.68 0 
  8597.89 2.3826e-14   8669.62 0 
  8617.71 2.3662e-14   8689.60 0 
  8637.58 2.4214e-14   8709.64 0 
  8657.49 2.3071e-14   8729.71 0 
  8677.45 2.1482e-14   8749.84 0 
  8697.46 2.1882e-14   8770.01 0 
  8717.50 2.3938e-14   8790.23 0 
  8737.60 2.3610e-14   8810.49 0 
  8757.74 2.2035e-14   8830.80 0 
  8777.93 2.3665e-14   8851.16 0 
  8798.17 2.3775e-14   8871.56 0 
  8818.45 2.3288e-14   8892.01 0 
  8838.78 2.3830e-14   8912.51 0 
  8859.15 2.3235e-14   8933.05 0 
  8879.57 2.1986e-14   8953.65 0 
  8900.04 2.2969e-14   8974.29 0 
  8920.56 2.3023e-14   8994.98 0 
  8941.12 2.3023e-14   9015.71 0 
  8961.74 2.2760e-14   9036.50 0 
  8982.40 2.2140e-14   9057.33 0 
  9003.10 2.1836e-14   9078.20 0 
  9023.86 1.9507e-14   9099.13 0 
  9044.66 2.3889e-14   9120.11 0 
  9065.51 2.4559e-14   9141.13 0 
  9086.40 2.3671e-14   9162.20 0 
  9107.35 2.3079e-14   9183.33 0 
  9128.35 2.1049e-14   9204.50 0 
  9149.39 2.2763e-14   9225.71 0 
  9170.48 2.2974e-14   9246.98 0 
  9191.62 2.2659e-14   9268.30 0 
  9212.81 2.2817e-14   9289.66 0 
  9234.05 2.0666e-14   9311.08 0 
  9255.34 2.1690e-14   9332.54 0 
  9276.67 2.3619e-14   9354.06 0 
  9298.05 2.2043e-14   9375.62 0 
  9319.49 2.2766e-14   9397.23 0 
  9340.97 2.2714e-14   9418.90 0 
  9362.50 2.2454e-14   9440.61 0 
  9384.09 2.2610e-14   9462.37 0 
  9405.72 2.2198e-14   9484.18 0 
  9427.40 2.2611e-14   9506.05 0 
  9449.14 2.2404e-14   9527.96 0 
  9470.92 2.2612e-14   9549.93 0 
  9492.75 2.2560e-14   9571.94 0 
  9514.64 2.2200e-14   9594.01 0 
  9536.57 2.1895e-14   9616.12 0 
  9558.55 2.0623e-14   9638.29 0 
  9580.59 2.1796e-14   9660.51 0 
  9602.67 2.2150e-14   9682.78 0 
  9624.81 2.2150e-14   9705.10 0 
  9647.00 2.2049e-14   9727.47 0 
  9669.24 2.1948e-14   9749.90 0 
  9691.53 2.2101e-14   9772.37 0 
  9713.87 2.1949e-14   9794.90 0 
  9736.26 2.1798e-14   9817.48 0 
  9758.70 2.1698e-14   9840.11 0 
  9781.20 2.1699e-14   9862.79 0 
  9803.75 2.1799e-14   9885.53 0 
  9826.35 2.1649e-14   9908.32 0 
  9849.00 2.1650e-14   9931.16 0 
  9871.70 2.1551e-14   9954.05 0 
  9894.46 2.1501e-14   9977.00 0 
  9917.27 2.1403e-14  10000.00 0 
  9940.13 2.1453e-14  10023.05 0 
  9963.04 2.1404e-14  10046.15 0 
  9986.01 2.1306e-14  10069.31 0 
 10032.11 2.0870e-14  10115.80 0 
 10078.41 2.0489e-14  10162.49 0 
 10124.93 2.1016e-14  10209.39 0 
 10171.67 2.0872e-14  10256.52 0 
 10218.62 2.0872e-14  10303.86 0 
 10265.78 2.0873e-14  10351.42 0 
 10289.44 2.0730e-14  10375.28 0 
 10504.91 2.0122e-14  10592.54 0 
 10700.21 1.9351e-14  10789.47 0 
 10899.14 1.8395e-14  10990.06 0 
 11101.76 1.7976e-14  11194.37 0 
 11308.17 1.7527e-14  11402.50 0 
 11491.91 1.7366e-14  11587.78 0 
 11705.56 1.6893e-14  11803.21 0 
 11895.76 1.6394e-14  11994.99 0 
 12089.05 1.6058e-14  12189.90 0 
 12313.80 1.5765e-14  12416.52 0 
 12513.88 1.5371e-14  12618.27 0 
 12687.97 1.4986e-14  12793.81 0 
 12894.13 1.4645e-14  13001.69 0 
 13103.64 1.4411e-14  13212.95 0 
 13285.93 1.4018e-14  13396.76 0 
 13501.81 1.3794e-14  13614.44 0 
 13689.64 1.3511e-14  13803.84 0 
 13912.08 1.3143e-14  14028.13 0 
 14105.62 1.2697e-14  14223.28 0 
 14301.84 1.2465e-14  14421.15 0 
 14500.80 1.2436e-14  14621.77 0 
 14702.53 1.2125e-14  14825.18 0 
 14907.07 1.2181e-14  15031.42 0 
 15114.45 1.2125e-14  15240.53 0 
 15289.47 1.2209e-14  15417.01 0 
 15502.15 1.2153e-14  15631.47 0 
 15717.81 1.1904e-14  15848.92 0 
 15899.81 1.1474e-14  16032.45 0 
 16083.93 1.1527e-14  16218.10 0 
 16307.68 1.1500e-14  16443.72 0 
 16496.52 1.1264e-14  16634.13 0 
 16687.53 1.1187e-14  16826.73 0 
 16880.76 1.0957e-14  17021.58 0 
 17115.60 1.0782e-14  17258.38 0 
 17313.79 1.0368e-14  17458.23 0 
 17514.28 1.0155e-14  17660.39 0 
 17717.07 9.8107e-15  17864.87 0 
 17881.02 9.5213e-15  18030.18 0 
 18088.07 9.1138e-15  18238.96 0 
 18297.51 8.9268e-15  18450.14 0 
 18509.39 8.6836e-15  18663.79 0 
 18680.66 8.3310e-15  18836.49 0 
 18896.98 8.1601e-15  19054.62 0 
 19115.78 8.0482e-15  19275.24 0 
 19292.66 7.8108e-15  19453.60 0 
 19516.07 7.5283e-15  19678.87 0 
 19696.63 7.3569e-15  19860.94 0 
 19878.89 7.1729e-15  20044.72 0 
 20109.08 7.0583e-15  20276.83 0 
 20295.14 6.8501e-15  20464.44 0 
 20482.94 6.7717e-15  20653.80 0 
 20720.12 6.6023e-15  20892.97 0 
 20911.83 6.4669e-15  21086.28 0 
 21105.33 6.3635e-15  21281.39 0 
 21300.60 6.2330e-15  21478.29 0 
 21497.71 6.1192e-15  21677.04 0 
 21696.63 5.9251e-15  21877.62 0 
 21897.37 5.8573e-15  22080.04 0 
 22100.00 5.7108e-15  22284.35 0 
 22304.49 5.5808e-15  22490.56 0 
 22510.86 5.4664e-15  22698.65 0 
 22719.16 5.3542e-15  22908.68 0 
 22876.63 4.8718e-15  23067.47 0 
 23088.32 4.7783e-15  23280.92 0 
 23301.93 4.2238e-15  23496.32 0 
 23517.55 3.9534e-15  23713.74 0 
 23680.56 3.9611e-15  23878.10 0 
 23899.68 3.6373e-15  24099.05 0 
 24120.83 3.4879e-15  24322.05 0 
 24288.02 3.4358e-15  24490.63 0 
 24512.76 3.1876e-15  24717.25 0 
 24682.67 3.1309e-15  24888.57 0 
 24911.06 2.7526e-15  25118.87 0 
 25083.72 2.7081e-15  25292.97 0 
 25315.83 2.6690e-15  25527.02 0 
 25491.30 2.6058e-15  25703.95 0 
 25727.18 2.5775e-15  25941.79 0 
 25850.26 2.3401e-15  26065.90 2 
 25946.16 2.3152e-15  26162.60 2 
 26042.16 2.3525e-15  26259.40 2 
 26138.06 2.4538e-15  26356.10 2 
 26234.05 2.4740e-15  26452.90 2 
 26330.05 2.4410e-15  26549.70 2 
 26425.96 2.4063e-15  26646.40 2 
 26521.95 2.3830e-15  26743.20 2 
 26617.95 2.4445e-15  26840.00 2 
 26713.85 2.5413e-15  26936.70 2 
 26809.85 2.5234e-15  27033.50 2 
 26905.75 2.4962e-15  27130.20 2 
 27001.75 2.4021e-15  27227.00 2 
 27097.75 2.3848e-15  27323.80 2 
 27193.65 2.3466e-15  27420.50 2 
 27289.65 2.3623e-15  27517.30 2 
 27385.65 2.3679e-15  27614.10 2 
 27481.55 2.3674e-15  27710.80 2 
 27577.55 2.3934e-15  27807.60 2 
 27673.45 2.2799e-15  27904.30 2 
 27769.45 2.3737e-15  28001.10 2 
 27865.44 2.1962e-15  28097.90 2 
 27961.35 1.9737e-15  28194.60 2 
 28057.35 1.7824e-15  28291.40 2 
 28153.34 1.8480e-15  28388.20 2 
 28249.25 2.1419e-15  28484.90 2 
 28345.25 2.1778e-15  28581.70 2 
 28441.14 2.2076e-15  28678.40 2 
 28537.14 2.1088e-15  28775.20 2 
 28633.14 1.9448e-15  28872.00 2 
 28729.04 2.0417e-15  28968.70 2 
 28825.04 2.0585e-15  29065.50 2 
 28921.04 2.1324e-15  29162.30 2 
 29016.94 2.1255e-15  29259.00 2 
 29112.94 2.0971e-15  29355.80 2 
 29208.84 2.0400e-15  29452.50 2 
 29304.84 2.0516e-15  29549.30 2 
 29400.84 2.0138e-15  29646.10 2 
 29496.74 1.8580e-15  29742.80 2 
 29592.74 1.8244e-15  29839.60 2 
 29688.74 1.8693e-15  29936.40 2 
 29784.64 1.8257e-15  30033.10 2 
 29880.64 1.9160e-15  30129.90 2 
 29976.54 1.9894e-15  30226.60 2 
 30072.54 1.9577e-15  30323.40 2 
 30168.54 1.8595e-15  30420.20 2 
 30264.43 1.7653e-15  30516.90 2 
 30360.43 1.7358e-15  30613.70 2 
 30456.43 1.8041e-15  30710.50 2 
 30552.33 1.7664e-15  30807.20 2 
 30648.33 1.8191e-15  30904.00 2 
 30744.23 1.8797e-15  31000.70 2 
 30840.23 1.8427e-15  31097.50 2 
 30936.23 1.6297e-15  31194.30 2 
 31032.13 1.7176e-15  31291.00 2 
 31128.13 1.7263e-15  31387.80 2 
 31224.13 1.8174e-15  31484.60 2 
 31320.03 1.7950e-15  31581.30 2 
 31416.03 1.8427e-15  31678.10 2 
 31511.93 1.8391e-15  31774.80 2 
 31607.93 1.7431e-15  31871.60 2 
 31703.93 1.6711e-15  31968.40 2 
 31799.83 1.6594e-15  32065.10 2 
 31895.83 1.7337e-15  32161.90 2 
 31991.82 1.7533e-15  32258.70 2 
 32087.72 1.7907e-15  32355.40 2 
 32183.72 1.9381e-15  32452.20 2 
 32279.62 2.0760e-15  32548.90 2 
 32375.62 2.6099e-15  32645.70 2 
 32471.62 2.5616e-15  32742.50 2 
 32567.52 2.8077e-15  32839.20 2 
 32663.52 2.9850e-15  32936.00 2 
 32759.52 3.2937e-15  33032.80 2 
 32855.42 3.4988e-15  33129.50 2 
 32951.42 3.8605e-15  33226.30 2 
 33047.32 4.2919e-15  33323.00 2 
 33143.32 4.0054e-15  33419.80 2 
 33239.32 3.5033e-15  33516.60 2 
 33335.22 3.1991e-15  33613.30 2 
 33431.22 3.2016e-15  33710.10 2 
 33527.22 3.2053e-15  33806.90 2 
 33623.12 3.1810e-15  33903.60 2 
 33719.11 3.1051e-15  34000.40 2 
 33815.01 2.8513e-15  34097.10 2 
 33911.01 2.4468e-15  34193.90 2 
 34007.01 2.2241e-15  34290.70 2 
 34102.91 2.1622e-15  34387.40 2 
 34198.91 2.1198e-15  34484.20 2 
 34294.91 2.1597e-15  34581.00 2 
 34390.81 2.1246e-15  34677.70 2 
 34486.81 2.0295e-15  34774.50 2 
 34582.71 2.0988e-15  34871.20 2 
 34678.71 2.1698e-15  34968.00 2 
 34774.71 2.1892e-15  35064.80 2 
 34870.61 2.0489e-15  35161.50 2 
 34966.61 1.9329e-15  35258.30 2 
 35062.61 1.8174e-15  35355.10 2 
 35158.51 1.7226e-15  35451.80 2 
 35254.51 1.7245e-15  35548.60 2 
 35350.41 1.8310e-15  35645.30 2 
 35446.40 1.9651e-15  35742.10 2 
 35542.40 1.8573e-15  35838.90 2 
 35638.31 1.7444e-15  35935.60 2 
 35734.30 1.7376e-15  36032.40 2 
 35830.30 1.7371e-15  36129.20 2 
 35926.21 1.5394e-15  36225.90 2 
 36022.20 1.4815e-15  36322.70 2 
 36118.11 1.4442e-15  36419.40 2 
 36214.10 1.4323e-15  36516.20 2 
 36310.10 1.3877e-15  36613.00 2 
 36406.00 1.4245e-15  36709.70 2 
 36502.00 1.4652e-15  36806.50 2 
 36598.00 1.5753e-15  36903.30 2 
 36693.90 1.5362e-15  37000.00 2 
 36789.90 1.5455e-15  37096.80 2 
 36885.80 1.4667e-15  37193.50 2 
 36981.80 1.4726e-15  37290.30 2 
 37077.79 1.4955e-15  37387.10 2 
 37173.70 1.4689e-15  37483.80 2 
 37269.70 1.4633e-15  37580.60 2 
 37365.69 1.5047e-15  37677.40 2 
 37461.60 1.5121e-15  37774.10 2 
 37557.60 1.4789e-15  37870.90 2 
 37653.50 1.4272e-15  37967.60 2 
 37749.50 1.4199e-15  38064.40 2 
 37845.49 1.4511e-15  38161.20 2 
 37941.39 1.4451e-15  38257.90 2 
 38037.39 1.4188e-15  38354.70 2 
 38133.39 1.4338e-15  38451.50 2 
 38229.29 1.4451e-15  38548.20 2 
 38325.29 1.4304e-15  38645.00 2 
 38421.19 1.4207e-15  38741.70 2 
 38517.19 1.4417e-15  38838.50 2 
 38613.19 1.4095e-15  38935.30 2 
 38709.09 1.3478e-15  39032.00 2 
 38805.09 1.3001e-15  39128.80 2 
 38901.09 1.3641e-15  39225.60 2 
 38996.99 1.3144e-15  39322.30 2 
 39092.99 1.2984e-15  39419.10 2 
 39188.89 1.2808e-15  39515.80 2 
 39284.89 1.3196e-15  39612.60 2 
 39380.89 1.3029e-15  39709.40 2 
 39476.78 1.3093e-15  39806.10 2 
 39572.78 1.2915e-15  39902.90 2 
 39668.78 1.2983e-15  39999.70 2 
 39764.69 1.2892e-15  40096.40 2 
 39860.68 1.3576e-15  40193.20 2 
 39956.58 1.4337e-15  40289.90 2 
 40052.58 1.3606e-15  40386.70 2 
 40148.58 1.3733e-15  40483.50 2 
 40244.48 1.4358e-15  40580.20 2 
 40340.48 1.5046e-15  40677.00 2 
 40436.48 1.6188e-15  40773.80 2 
 40532.38 1.5455e-15  40870.50 2 
 40628.38 1.4994e-15  40967.30 2 
 40724.28 1.4310e-15  41064.00 2 
 40820.27 1.4114e-15  41160.80 2 
 40916.28 1.4116e-15  41257.60 2 
 41012.17 1.4836e-15  41354.30 2 
 41108.18 1.5217e-15  41451.10 2 
 41204.17 1.2775e-15  41547.90 2 
 41300.08 1.1281e-15  41644.60 2 
 41396.07 1.1045e-15  41741.40 2 
 41491.98 1.0448e-15  41838.10 2 
 41587.97 1.1008e-15  41934.90 2 
 41683.97 1.1085e-15  42031.70 2 
 41779.87 1.1070e-15  42128.40 2 
 41875.87 1.1031e-15  42225.20 2 
 41971.87 1.0651e-15  42322.00 2 
 42067.77 1.0313e-15  42418.70 2 
 42163.77 1.0236e-15  42515.50 2 
 42259.67 1.0489e-15  42612.20 2 
 42355.67 1.0782e-15  42709.00 2 
 42451.67 1.0909e-15  42805.80 2 
 42547.57 1.0982e-15  42902.50 2 
 42643.57 1.0847e-15  42999.30 2 
 42739.56 1.1396e-15  43096.10 2 
 42835.47 1.1251e-15  43192.80 2 
 42931.46 1.1228e-15  43289.60 2 
 43027.37 1.0873e-15  43386.30 2 
 43123.37 1.0883e-15  43483.10 2 
 43219.36 1.1140e-15  43579.90 2 
 43315.27 1.1349e-15  43676.60 2 
 43411.26 1.1247e-15  43773.40 2 
 43507.26 1.1456e-15  43870.20 2 
 43603.16 1.1459e-15  43966.90 2 
 43699.16 1.1726e-15  44063.70 2 
 43795.06 1.2000e-15  44160.40 2 
 43891.06 1.1638e-15  44257.20 2 
 43987.06 1.0769e-15  44354.00 2 
 44082.96 8.9179e-16  44450.70 2 
 44178.96 8.9757e-16  44547.50 2 
 44274.96 8.8870e-16  44644.30 2 
 44370.86 9.4254e-16  44741.00 2 
 44466.86 1.0387e-15  44837.80 2 
 44562.76 9.4395e-16  44934.50 2 
 44658.76 9.8972e-16  45031.30 2 
 44754.76 9.5499e-16  45128.10 2 
 44850.66 9.8198e-16  45224.80 2 
 44946.65 9.7852e-16  45321.60 2 
 45042.66 9.0193e-16  45418.40 2 
 45138.55 9.0463e-16  45515.10 2 
 45234.56 9.2870e-16  45611.90 2 
 45330.45 1.0108e-15  45708.60 2 
 45426.45 1.0055e-15  45805.40 2 
 45522.45 8.9771e-16  45902.20 2 
 45618.35 9.0761e-16  45998.90 2 
 45714.35 8.7752e-16  46095.70 2 
 45810.35 9.3562e-16  46192.50 2 
 45906.25 9.1077e-16  46289.20 2 
 46002.25 8.6843e-16  46386.00 2 
 46098.15 8.8922e-16  46482.70 2 
 46194.15 9.8330e-16  46579.50 2 
 46290.15 1.0268e-15  46676.30 2 
 46386.05 1.0463e-15  46773.00 2 
 46482.04 1.0291e-15  46869.80 2 
 46578.05 1.0179e-15  46966.60 2 
 46673.94 1.0043e-15  47063.30 2 
 46769.95 1.0104e-15  47160.10 2 
 46865.84 1.0185e-15  47256.80 2 
 46961.85 1.0209e-15  47353.60 2 
 47057.84 9.7516e-16  47450.40 2 
 47153.75 9.7552e-16  47547.10 2 
 47249.74 9.3596e-16  47643.90 2 
 47345.74 8.9888e-16  47740.70 2 
 47441.64 8.3452e-16  47837.40 2 
 47537.64 8.8706e-16  47934.20 2 
 47633.54 8.7229e-16  48030.90 2 
 47729.54 8.7637e-16  48127.70 2 
 47825.54 8.6777e-16  48224.50 2 
 47921.44 9.0537e-16  48321.20 2 
 48017.44 8.6982e-16  48418.00 2 
 48113.44 9.1151e-16  48514.80 2 
 48209.33 9.3477e-16  48611.50 2 
 48305.34 9.5061e-16  48708.30 2 
 48401.24 8.8482e-16  48805.00 2 
 48497.24 8.7094e-16  48901.80 2 
 48593.23 8.4011e-16  48998.60 2 
 48689.14 8.2563e-16  49095.30 2 
 48785.13 8.2966e-16  49192.10 2 
 48881.14 8.8114e-16  49288.90 2 
 48977.04 9.0463e-16  49385.60 2 
 49073.03 7.6790e-16  49482.40 2 
 49169.93 7.1893e-16  49580.10 2 
 49661.63 7.9421e-16  50075.90 0 
 50158.24 8.7025e-16  50576.66 0 
 50659.82 9.4704e-16  51082.43 0 
 51166.42 1.0246e-15  51593.25 0 
 51678.09 1.1029e-15  52109.18 0 
 51740.88 1.1126e-15  52172.50 3 
 52040.77 1.2874e-15  52474.90 3 
 52340.67 1.4277e-15  52777.30 3 
 52640.57 1.3696e-15  53079.70 3 
 52940.47 1.2454e-15  53382.10 3 
 53240.47 1.3743e-15  53684.60 3 
 53540.37 1.2896e-15  53987.00 3 
 53840.26 1.0945e-15  54289.40 3 
 54140.16 1.0559e-15  54591.80 3 
 54440.06 1.0636e-15  54894.20 3 
 54740.06 1.0978e-15  55196.70 3 
 55039.96 1.1295e-15  55499.10 3 
 55339.85 1.1511e-15  55801.50 3 
 55639.76 1.2352e-15  56103.90 3 
 55939.65 1.3924e-15  56406.30 3 
 56239.65 1.5427e-15  56708.80 3 
 56539.55 1.6247e-15  57011.20 3 
 56839.44 1.6467e-15  57313.60 3 
 57139.34 1.6576e-15  57616.00 3 
 57439.24 1.6178e-15  57918.40 3 
 57739.24 1.5570e-15  58220.90 3 
 58039.14 1.5072e-15  58523.30 3 
 58339.03 1.5313e-15  58825.70 3 
 58638.93 1.6052e-15  59128.10 3 
 58938.83 1.6576e-15  59430.50 3 
 59238.83 1.6425e-15  59733.00 3 
 59538.73 1.7857e-15  60035.40 3 
 59838.63 2.0864e-15  60337.80 3 
 60138.53 2.2909e-15  60640.20 3 
 60438.42 2.3526e-15  60942.60 3 
 60738.42 2.4210e-15  61245.10 3 
 61038.32 2.7834e-15  61547.50 3 
 61338.22 3.6852e-15  61849.90 3 
 61638.12 5.4465e-15  62152.30 3 
 61938.01 6.7775e-15  62454.70 3 
 62238.01 6.7726e-15  62757.20 3 
 62537.91 5.8820e-15  63059.60 3 
 62837.81 4.8539e-15  63362.00 3 
 63137.70 4.0868e-15  63664.40 3 
 63437.60 3.5121e-15  63966.80 3 
 63737.60 3.1104e-15  64269.30 3 
 64037.50 2.7857e-15  64571.70 3 
 64337.40 2.5040e-15  64874.10 3 
 64637.30 2.3325e-15  65176.50 3 
 64937.20 2.2294e-15  65478.90 3 
 65237.19 2.1767e-15  65781.40 3 
 65537.09 2.1549e-15  66083.80 3 
 65836.98 2.2193e-15  66386.20 3 
 66136.89 2.2667e-15  66688.60 3 
 66436.78 2.2926e-15  66991.00 3 
 66736.78 2.2553e-15  67293.50 3 
 67036.68 2.2669e-15  67595.90 3 
 67336.58 2.2502e-15  67898.30 3 
 67636.47 2.2095e-15  68200.70 3 
 67936.38 2.2072e-15  68503.10 3 
 68236.37 2.2034e-15  68805.60 3 
 68536.27 2.2313e-15  69108.00 3 
 68836.17 2.2881e-15  69410.40 3 
 69136.07 2.2939e-15  69712.80 3 
 69435.97 2.5668e-15  70015.20 3 
 69735.97 3.0955e-15  70317.70 3 
 70035.86 2.8651e-15  70620.10 3 
 70335.76 2.6019e-15  70922.50 3 
 70635.66 2.7059e-15  71224.90 3 
 70935.55 2.7826e-15  71527.30 3 
 71235.55 2.8510e-15  71829.80 3 
 71535.45 2.8635e-15  72132.20 3 
 71835.35 2.8890e-15  72434.60 3 
 72135.25 3.0368e-15  72737.00 3 
 72435.14 3.2071e-15  73039.40 3 
 72735.14 3.3566e-15  73341.90 3 
 73035.04 3.5350e-15  73644.30 3 
 73334.94 3.7650e-15  73946.70 3 
 73634.84 4.0554e-15  74249.10 3 
 73934.74 4.4238e-15  74551.50 3 
 74234.73 4.7828e-15  74854.00 3 
 74534.63 5.2060e-15  75156.40 3 
 74834.53 5.5887e-15  75458.80 3 
 75134.42 5.8403e-15  75761.20 3 
 75734.23 7.3134e-15  76366.00 3 
 76334.12 7.4641e-15  76970.90 3 
 76933.91 7.0131e-15  77575.70 3 
 77533.71 6.7544e-15  78180.50 3 
 78133.61 6.4987e-15  78785.40 3 
 78733.41 5.9762e-15  79390.20 3 
 79333.30 5.1628e-15  79995.10 3 
 79933.10 4.4058e-15  80599.90 3 
 80532.90 3.8370e-15  81204.70 3 
 81132.78 3.3710e-15  81809.59 3 
 81732.59 3.1667e-15  82414.40 3 
 82332.39 3.1088e-15  83019.20 3 
 82932.27 3.0970e-15  83624.09 3 
 83532.07 3.0685e-15  84228.90 3 
 84131.87 3.1166e-15  84833.70 3 
 84731.77 3.2907e-15  85438.60 3 
 85331.56 3.5941e-15  86043.40 3 
 85931.46 3.6380e-15  86648.30 3 
 86531.26 3.3310e-15  87253.10 3 
 87131.06 2.7737e-15  87857.91 3 
 87730.95 2.2573e-15  88462.80 3 
 88330.75 1.8558e-15  89067.60 3 
 88930.55 1.6093e-15  89672.41 3 
 89530.43 1.5498e-15  90277.30 3 
 90130.24 1.4242e-15  90882.10 3 
 90730.03 1.2165e-15  91486.90 3 
 91329.92 1.1374e-15  92091.80 3 
 91929.72 1.0935e-15  92696.60 3 
 92529.62 1.0679e-15  93301.50 3 
 93129.41 1.0142e-15  93906.30 3 
 93729.21 9.8287e-16  94511.10 3 
 94329.10 9.7100e-16  95115.99 3 
 94928.90 9.5936e-16  95720.80 3 
 95528.70 9.4728e-16  96325.60 3 
 96128.60 9.5594e-16  96930.50 3 
 96728.39 9.5239e-16  97535.30 3 
 97328.18 8.9895e-16  98140.09 3 
 97928.08 8.5139e-16  98745.00 3 
 98527.89 8.3831e-16  99349.80 3 
 99127.78 8.3069e-16  99954.70 3 
 99727.57 8.3001e-16 100559.50 3 
100327.37 8.3875e-16 101164.30 3 
100927.27 8.3425e-16 101769.20 3 
101527.06 8.2597e-16 102374.00 3 
102126.86 8.2064e-16 102978.80 3 
102726.75 8.2345e-16 103583.70 3 
103326.55 8.4596e-16 104188.50 3 
103926.34 8.7307e-16 104793.30 3 
104526.24 9.9400e-16 105398.20 3 
105126.04 1.1087e-15 106003.00 3 
105725.94 1.0924e-15 106607.91 3 
106325.73 1.0640e-15 107212.70 3 
106925.53 1.0670e-15 107817.50 3 
107525.43 1.0701e-15 108422.41 3 
108125.22 1.0684e-15 109027.20 3 
108725.02 1.1180e-15 109632.00 3 
109324.91 1.2650e-15 110236.90 3 
109924.71 1.4938e-15 110841.70 3 
110524.51 1.6376e-15 111446.51 3 
111124.40 2.0471e-15 112051.40 3 
111724.20 3.1683e-15 112656.20 3 
112324.09 3.8854e-15 113261.10 3 
112923.89 3.4792e-15 113865.90 3 
113523.69 2.7945e-15 114470.70 3 
114123.58 2.2957e-15 115075.60 3 
114723.38 2.0062e-15 115680.40 3 
115323.18 1.7980e-15 116285.20 3 
115923.06 1.6675e-15 116890.09 3 
116522.86 1.5677e-15 117494.90 3 
117122.66 1.5179e-15 118099.70 3 
117722.55 1.4969e-15 118704.59 3 
118322.35 1.5570e-15 119309.40 3 
118922.26 1.6187e-15 119914.30 3 
119522.05 1.6735e-15 120519.10 3 
120121.84 1.6726e-15 121123.90 3 
120721.74 1.6377e-15 121728.80 3 
121321.54 1.6083e-15 122333.60 3 
121921.34 1.6147e-15 122938.41 3 
122521.22 1.6876e-15 123543.30 3 
123121.03 1.7678e-15 124148.10 3 
123720.83 1.8192e-15 124752.91 3 
124320.71 1.8839e-15 125357.80 3 
124920.51 1.9857e-15 125962.60 3 
125520.41 2.0875e-15 126567.50 3 
126120.20 2.1778e-15 127172.30 3 
126720.00 2.3300e-15 127777.10 3 
127319.90 2.7668e-15 128382.00 3 
127919.69 3.5654e-15 128986.80 3 
128519.49 3.1224e-15 129591.60 3 
129119.39 1.7965e-15 130196.51 3 
129719.18 1.5063e-15 130801.30 3 
130318.97 1.4239e-15 131406.09 3 
130918.87 1.4051e-15 132011.00 3 
131518.67 1.4017e-15 132615.80 3 
132118.46 1.3886e-15 133220.59 3 
132718.36 1.3865e-15 133825.50 3 
133318.16 1.3730e-15 134430.30 3 
133918.06 1.3477e-15 135035.20 3 
134517.85 1.3613e-15 135640.00 3 
135117.65 1.3705e-15 136244.80 3 
135717.55 1.3676e-15 136849.70 3 
136317.34 1.3381e-15 137454.50 3 
136917.13 1.3094e-15 138059.30 3 
137517.04 1.2902e-15 138664.20 3 
138116.83 1.2795e-15 139269.00 3 
138716.62 1.2687e-15 139873.80 3 
139316.52 1.2830e-15 140478.70 3 
139916.32 1.2864e-15 141083.50 3 
140516.22 1.2911e-15 141688.41 3 
141116.01 1.2835e-15 142293.20 3 
141715.81 1.2761e-15 142898.00 3 
142315.71 1.3313e-15 143502.91 3 
142915.50 1.3014e-15 144107.70 3 
143515.30 1.1835e-15 144712.50 3 
144568.11 1.1991e-15 145774.09 3 
145407.91 1.1818e-15 146620.91 3 
146247.70 1.1832e-15 147467.70 3 
147087.50 1.1839e-15 148314.50 3 
147927.19 1.1783e-15 149161.20 3 
148766.99 1.1821e-15 150008.00 3 
149606.78 1.1618e-15 150854.80 3 
150446.48 1.1560e-15 151701.50 3 
151286.27 1.1600e-15 152548.30 3 
152126.06 1.1691e-15 153395.09 3 
152965.76 1.1719e-15 154241.80 3 
153805.55 1.1897e-15 155088.59 3 
154645.35 1.3910e-15 155935.41 3 
155485.05 1.6367e-15 156782.11 3 
156324.84 1.3983e-15 157628.91 3 
157164.64 1.2198e-15 158475.70 3 
158004.32 1.2217e-15 159322.39 3 
158844.13 1.2535e-15 160169.20 3 
159683.92 1.2634e-15 161016.00 3 
160523.71 1.2702e-15 161862.80 3 
161363.41 1.2844e-15 162709.50 3 
162203.21 1.3323e-15 163556.31 3 
163042.99 1.4621e-15 164403.09 3 
163882.70 1.5769e-15 165249.81 3 
164722.48 1.6035e-15 166096.59 3 
165562.27 1.5347e-15 166943.39 3 
166401.98 1.5175e-15 167790.11 3 
167241.76 1.5477e-15 168636.89 3 
168081.57 1.5463e-15 169483.70 3 
168921.25 1.5613e-15 170330.39 3 
169761.06 1.6424e-15 171177.20 3 
170600.85 1.6904e-15 172024.00 3 
171440.53 1.6192e-15 172870.69 3 
172280.34 1.6161e-15 173717.50 3 
173120.13 1.6431e-15 174564.30 3 
173959.92 1.6261e-15 175411.09 3 
174799.62 1.5594e-15 176257.80 3 
175639.43 1.4990e-15 177104.61 3 
176479.20 1.4955e-15 177951.39 3 
177318.91 1.4943e-15 178798.11 3 
178158.71 1.5049e-15 179644.91 3 
178998.50 1.5025e-15 180491.70 3 
179838.20 1.4850e-15 181338.41 3 
180677.97 1.4576e-15 182185.19 3 
181517.78 1.4707e-15 183032.00 3 
182357.48 1.4924e-15 183878.70 3 
183197.27 1.4892e-15 184725.50 3 
184037.06 1.4831e-15 185572.30 3 
184876.74 1.4881e-15 186418.98 3 
185716.55 1.5641e-15 187265.80 3 
186556.36 2.0054e-15 188112.61 3 
187396.15 2.0267e-15 188959.41 3 
188235.83 1.6422e-15 189806.09 3 
189075.64 1.5234e-15 190652.91 3 
189915.41 1.5503e-15 191499.69 3 
190755.13 1.5629e-15 192346.41 3 
191594.92 1.5657e-15 193193.20 3 
192434.71 1.5610e-15 194040.00 3 
193274.41 1.5519e-15 194886.70 3 
194114.21 1.5785e-15 195733.52 3 
194953.99 1.6024e-15 196580.30 3 
195793.69 1.6008e-15 197427.00 3 
196633.48 1.5992e-15 198273.80 3 
197473.27 1.6132e-15 199120.59 3 
198312.99 1.6279e-15 199967.31 3 
199152.76 1.6256e-15 200814.09 3 
199992.57 1.6252e-15 201660.91 3 
200832.36 1.6345e-15 202507.70 3 
201672.04 1.6319e-15 203354.39 3 
202511.85 1.6476e-15 204201.20 3 
204191.34 1.6079e-15 205894.70 3 
205870.92 1.6856e-15 207588.30 3 
207550.43 1.7316e-15 209281.81 3 
209229.90 1.6437e-15 210975.30 3 
210909.48 1.6948e-15 212668.89 3 
212588.97 1.7506e-15 214362.39 3 
214268.57 1.7483e-15 216056.00 3 
215948.06 1.7484e-15 217749.50 3 
217627.55 1.7916e-15 219443.00 3 
219307.15 1.8485e-15 221136.61 3 
220986.64 1.8502e-15 222830.11 3 
222666.11 1.8133e-15 224523.59 3 
224345.70 1.8805e-15 226217.19 3 
226025.20 1.9085e-15 227910.70 3 
227704.78 1.8953e-15 229604.30 3 
229384.27 1.8946e-15 231297.80 3 
231063.76 1.9552e-15 232991.30 3 
232743.36 2.0002e-15 234684.91 3 
234422.85 1.9916e-15 236378.41 3 
236102.34 1.9876e-15 238071.91 3 
237781.91 2.0071e-15 239765.48 3 
239461.41 2.0179e-15 241459.00 3 
241141.00 2.0150e-15 243152.59 3 
242820.49 2.0033e-15 244846.09 3 
244499.97 2.0042e-15 246539.59 3 
246179.57 2.0432e-15 248233.20 3 
247859.06 2.0683e-15 249926.70 3 
249538.55 2.0628e-15 251620.20 3 
251218.15 2.0385e-15 253313.81 3 
252897.64 2.0551e-15 255007.31 3 
254577.21 2.1117e-15 256700.89 3 
256256.70 2.1512e-15 258394.39 3 
257936.19 2.2191e-15 260087.89 3 
259615.79 2.1901e-15 261781.50 3 
261295.27 2.1533e-15 263475.00 3 
262974.76 2.1698e-15 265168.50 3 
264654.35 2.1876e-15 266862.09 3 
266333.84 2.1841e-15 268555.59 3 
268013.42 2.1757e-15 270249.19 3 
269692.91 2.2029e-15 271942.69 3 
271372.43 2.2314e-15 273636.22 3 
273052.01 2.2412e-15 275329.81 3 
274731.47 2.2488e-15 277023.28 3 
276410.96 2.2644e-15 278716.78 3 
278090.57 2.2671e-15 280410.41 3 
279770.06 2.2827e-15 282103.91 3 
281449.65 2.2580e-15 283797.50 3 
283129.14 2.2817e-15 285491.00 3 
284808.63 2.3035e-15 287184.50 3 
286488.21 2.2867e-15 288878.09 3 
288167.70 2.2998e-15 290571.59 3 
289847.19 2.2814e-15 292265.09 3 
291526.77 2.2876e-15 293958.69 3 
293206.26 2.2949e-15 295652.19 3 
294885.84 2.3457e-15 297345.78 3 
296565.36 2.3608e-15 299039.31 3 
298244.85 2.3832e-15 300732.81 3 
299924.44 2.3713e-15 302426.41 3 
301603.93 2.3654e-15 304119.91 3 
303283.42 2.3548e-15 305813.41 3 
304963.00 2.3884e-15 307507.00 3 
306642.49 2.4056e-15 309200.50 3 
308322.07 2.4050e-15 310894.09 3 
310001.56 2.4361e-15 312587.59 3 
311681.05 2.4361e-15 314281.09 3 
313360.63 2.4562e-15 315974.69 3 
315040.15 2.4674e-15 317668.22 3 
316719.64 2.4681e-15 319361.72 3 
318399.23 2.4741e-15 321055.31 3 
320078.68 2.5195e-15 322748.78 3 
321758.30 2.5858e-15 324442.41 3 
323437.79 2.6402e-15 326135.91 3 
325117.28 2.6351e-15 327829.41 3 
326796.86 2.6443e-15 329523.00 3 
328476.35 2.6834e-15 331216.50 3 
330155.84 2.7109e-15 332910.00 3 
331835.45 2.7393e-15 334603.62 3 
333514.94 3.0106e-15 336297.12 3 
335194.50 2.8717e-15 337990.69 3 
336873.98 2.9414e-15 339684.19 3 
338553.51 2.8049e-15 341377.72 3 
340233.06 2.7819e-15 343071.28 3 
341912.55 2.7551e-15 344764.78 3 
343592.04 2.7179e-15 346458.28 3 
345271.65 2.8250e-15 348151.91 3 
346951.11 3.0379e-15 349845.38 3 
