0.5201
0.5195
0.5188
0.5183
0.5182
0.5186
0.5197
0.5203
0.5197
0.5193
0.5195
0.52
0.5201
0.5202
0.5204
0.5197
0.5189
0.5187
0.5196
0.5204
0.5203
0.5195
0.5187
0.5187
0.5194
0.5196
0.5188
0.5192
0.5202
0.5214
0.5223
0.5219
0.522
0.5213
0.5206
0.5207
0.5204
0.5204
0.5203
0.5199
0.52
0.5204
0.5207
0.5207
0.5204
0.5203
0.5205
0.5206
0.5208
0.5211
0.5209
0.521
0.5213
0.5215
0.5217
0.5216
0.5214
0.5215
0.5221
0.523
0.5236
0.524
0.5242
0.5239
0.5235
0.5233
0.5243
0.5259
0.5263
0.5256
0.5247
0.5253
0.5259
0.5264
0.5262
0.5259
0.5263
0.5262
0.5266
0.5263
0.5262
0.5263
0.5253
0.525
0.5254
0.526
0.5259
0.5248
0.5242
0.5245
0.5251
0.5253
0.5249
0.5244
0.5242
0.524
0.5233
0.5228
0.5236
0.5248
0.5253
0.5252
0.5252
0.5255
0.5256
0.5251
0.5247
0.5247
0.5249
0.5253
0.5255
0.5255
0.5253
0.525
0.5246
0.5243
0.5245
0.5244
0.5245
0.525
0.5256
0.5267
0.5268
0.5258
0.5257
0.5268
0.5274
0.5262
0.5255
0.5258
0.5269
0.5268
0.5259
0.5258
0.5259
0.5267
0.5275
0.5278
0.5277
0.527
0.5261
0.5262
0.5272
0.5273
0.5271
0.5264
0.5259
0.5257
0.5255
0.5258
0.526
0.5262
0.5264
0.5263
0.5262
0.5264
0.5261
0.5257
0.5252
0.5247
0.5244
0.5241
0.5238
0.5237
0.5244
0.525
0.5248
0.5247
0.5243
0.5241
0.5238
0.5239
0.5242
0.5241
0.5238
0.5236
0.5236
0.5232
0.5232
0.523
0.523
0.5227
0.5222
0.5219
0.5214
0.5216
0.5215
0.5217
0.5217
0.5216
0.5216
0.5214
0.5207
0.5198
0.5198
0.5199
0.5186
0.5176
0.5175
0.5184
0.5186
0.5182
0.518
0.5171
0.5161
0.5149
0.5145
0.5143
0.5138
0.5128
0.5115
0.5106
0.5103
0.51
0.5089
0.5084
0.5082
0.5078
0.5075
0.5062
0.5057
0.5058
0.5057
0.5058
0.5054
0.5064
0.5073
0.5082
0.5079
0.5068
0.507
0.506
0.506
0.5053
0.5047
0.5058
0.5069
0.5084
0.5095
0.5102
0.5107
0.5112
0.512
0.5137
0.5154
0.5153
0.5157
0.5172
0.5186
0.52
0.5202
0.5214
0.5226
0.5233
0.5242
0.5244
0.5259
0.5273
0.5283
0.5288
0.5287
0.529
0.5291
0.529
0.5299
0.5308
0.5314
0.5316
0.5316
0.5322
0.5327
0.5331
0.5334
0.5336
0.5342
0.5338
0.5338
0.535
0.5361
0.537
0.5367
0.5365
0.5367
0.5368
0.5369
0.5367
0.5359
0.5353
0.535
0.5352
0.5351
0.5348
0.5341
0.5333
0.5327
0.5316
0.5301
0.5288
0.5282
0.5274
0.5261
0.5252
0.5256
0.5264
0.527
0.5265
0.5258
0.5263
0.5277
0.5294
0.5304
0.5318
0.5328
0.5338
0.5349
0.5356
0.5358
0.5356
0.5353
0.5344
0.5325
0.5302
0.5276
0.5258
0.5254
0.5262
0.5272
0.5273
0.5282
0.53
0.5311
0.5319
0.5323
0.5327
0.5329
0.5332
0.5336
0.5344
0.5343
0.5338
0.5343
0.5343
0.5342
0.5344
0.5351
0.5361
0.5361
0.536
0.536
0.5369
0.5374
0.5376
0.5378
0.538
0.5387
0.539
0.539
0.5392
0.5391
0.5395
0.5399
0.5405
0.5409
0.5405
0.5407
0.5409
0.541
0.541
0.5413
0.5413
0.5412
0.5406
0.5408
0.542
0.542
0.542
0.5414
0.5421
0.5427
0.543
0.5429
0.5429
0.5436
0.544
0.5449
0.5447
0.5441
0.5447
0.545
0.5455
0.5451
0.5446
0.5453
0.5452
0.5452
0.5459
0.5465
0.5468
0.5461
0.5463
0.5465
0.5462
0.546
0.5458
0.5461
0.5463
0.5463
0.5461
0.5452
0.5449
0.5454
0.5458
0.5464
0.5468
0.5456
0.5453
0.5458
0.5464
0.5469
0.5462
0.5468
0.5473
0.5476
0.5474
0.5471
0.5475
0.5479
0.5477
0.547
0.5471
0.5477
0.5478
0.547
0.5465
0.5465
0.5466
0.5467
0.5472
0.5482
0.5485
0.5476
0.5474
0.5477
0.5476
0.5474
0.5469
0.5474
0.5476
0.5475
0.5474
0.5472
0.5475
0.5477
0.5478
0.5474
0.5474
0.5477
0.5471
0.5475
0.5474
0.5477
0.5473
0.5467
0.547
0.5472
0.5473
0.5471
0.5471
0.5471
0.5471
0.547
0.5466
0.5464
0.5458
0.5454
0.5455
0.5456
0.5458
0.5455
0.5453
0.5449
0.5441
0.5431
0.5431
0.5434
0.5434
0.5428
0.5427
0.5433
0.5433
0.5433
0.5433
0.5438
0.5442
0.5441
0.5443
0.544
0.5435
0.5435
0.5429
0.5431
0.5438
0.5448
0.5462
0.5458
0.5451
0.5451
0.5451
0.5456
0.545
0.545
0.5453
0.5452
0.5453
0.5446
0.5451
0.5447
0.5443
0.5439
0.5435
0.5436
0.5432
0.5433
0.5434
0.5435
0.5434
0.5435
0.5433
0.5429
0.5425
0.542
0.5422
0.543
0.5432
0.5431
0.5425
0.542
0.5416
0.5414
0.5418
0.5419
0.5417
0.5414
0.5411
0.5411
0.5406
0.5402
0.5406
0.5408
0.5414
0.5415
0.5411
0.5407
0.5402
0.5403
0.5408
0.5409
0.5407
0.5405
0.5403
0.5409
0.5405
0.5404
0.5411
0.5418
0.5427
0.5421
0.542
0.5423
0.543
0.5433
0.5429
0.5423
0.5421
0.5425
0.5425
0.5431
0.5436
0.5439
0.5439
0.5434
0.5435
0.5439
0.5441
0.5441
0.5442
0.5451
0.5455
0.5453
0.5456
0.5454
0.5462
0.546
0.546
0.5463
0.5462
0.5466
0.5468
0.5471
0.5476
0.5478
0.5477
0.5479
0.5478
0.548
0.5478
0.5479
0.548
0.548
0.5485
0.5485
0.5492
0.5495
0.5495
0.5499
0.5499
0.5498
0.5496
0.5493
0.5495
0.5499
0.5498
0.5499
0.5499
0.5503
0.5505
0.5503
0.5502
0.5497
0.5497
0.5497
0.5495
0.5495
0.5495
0.5499
0.5502
0.5499
0.5499
0.5497
0.5496
0.5495
0.5493
0.5495
0.5495
0.5494
0.5493
0.549
0.5493
0.55
0.5502
0.5498
0.5489
0.5487
0.549
0.5494
0.5488
0.5489
0.5489
0.5483
0.5489
0.5485
0.5489
0.5492
0.5489
0.5494
0.5488
0.5486
0.5488
0.5486
0.5487
0.5487
0.5484
0.548
0.5475
0.5471
0.546
0.5451
0.5446
0.5445
0.5444
0.544
0.5445
0.5445
0.5441
0.5443
0.5445
0.5453
0.5445
0.5444
0.5427
0.5433
0.5456
0.5468
0.5486
0.5451
0.5459
0.545
0.5446
0.5447
0.5436
0.5451
0.5451
0.5457
0.5463
0.5466
0.5466
0.5464
0.546
0.5457
0.5453
0.5455
0.5458
0.5453
0.5454
0.5449
0.545
0.5454
0.5448
0.5442
0.5431
0.5434
0.5442
0.5442
0.5438
0.5438
0.5449
0.5453
0.5455
0.5453
0.5448
0.5456
0.5458
0.5454
0.545
0.5447
0.5453
0.5456
0.5451
0.5449
0.5436
0.5418
0.5405
0.5408
0.5418
0.5418
0.5413
0.5407
0.541
0.5419
0.5423
0.543
0.5436
0.5443
0.5446
0.5445
0.544
0.5431
0.5418
0.5413
0.5416
0.5423
0.543
0.5435
0.5438
0.544
0.5438
0.5432
0.5427
0.5426
0.543
0.5434
0.544
0.5446
0.5447
0.5437
0.5421
0.5413
0.5418
0.5426
0.5432
0.5432
0.5435
0.544
0.5439
0.5446
0.5443
0.5443
0.5449
0.5448
0.5453
0.5448
0.5447
0.5451
0.5453
0.5457
0.5458
0.5452
0.5449
0.5444
0.5449
0.5452
0.5455
0.5459
0.5458
0.5469
0.5471
0.5477
0.5475
0.5465
0.5472
0.5473
0.5479
0.5471
0.5466
0.5472
0.5464
0.5471
0.5472
0.5474
0.5464
0.5449
0.5461
0.5461
0.545
0.5448
0.5444
0.5453
0.5447
0.5439
0.5444
0.544
0.5439
0.5432
0.5428
0.5434
0.5441
0.5444
0.5445
0.5444
0.5448
0.5449
0.5445
0.5452
0.5463
0.5476
0.5479
0.5477
0.5479
0.548
0.5479
0.5476
0.5468
0.5461
0.5456
0.5455
0.5447
0.5443
0.5441
0.544
0.5443
0.5448
0.5448
0.5447
0.5439
0.5428
0.5436
0.5435
0.5439
0.5434
0.5429
0.5441
0.5441
0.544
0.5439
0.5442
0.5452
0.5446
0.5436
0.5431
0.543
0.5436
0.5431
0.543
0.5429
0.5429
0.5428
0.5425
0.5421
0.5417
0.5419
0.5425
0.5424
0.5416
0.5417
0.5418
0.5422
0.5423
0.5422
0.5427
0.5422
0.5419
0.5399
0.5401
0.5407
0.5413
0.541
0.5386
0.5391
0.5382
0.5378
0.538
0.5378
0.5385
0.5376
0.5365
0.535
0.5341
0.5341
0.5336
0.5339
0.5314
0.5307
0.5301
0.529
0.5284
0.5257
0.5253
0.5242
0.5228
0.5213
0.5188
0.5157
0.5133
0.5118
0.5113
0.5108
0.509
0.509
0.5082
0.5069
0.5056
0.5034
0.5025
0.5008
0.4994
0.4996
0.4987
0.4983
0.4973
0.4965
0.4961
0.4958
0.4958
0.4956
0.4944
0.4938
0.492
0.4898
0.4881
0.4866
0.4857
0.4858
0.487
0.4871
0.4863
0.4851
0.4856
0.486
0.483
0.4803
0.4775
0.4752
0.4719
0.4687
0.4667
0.4648
0.4625
0.4601
0.4575
0.4543
0.4506
0.4487
0.4477
0.4472
0.4467
0.4469
0.4487
0.4497
0.4499
0.4473
0.4445
0.4447
0.4444
0.4462
0.4471
0.4492
0.4499
0.4474
0.4458
0.4467
0.4507
0.4535
0.4548
0.4552
0.4564
0.4588
0.4607
0.4623
0.4626
0.4622
0.4629
0.4636
0.4645
0.465
0.4653
0.4676
0.4706
0.4744
0.4766
0.4778
0.4792
0.481
0.4837
0.4851
0.487
0.4884
0.4889
0.4899
0.4918
0.4945
0.4953
0.4967
0.4986
0.5002
0.5022
0.5035
0.5051
0.5063
0.5075
0.5109
0.5131
0.5138
0.5146
0.5153
0.5179
0.5189
0.5202
0.5208
0.5217
0.5224
0.5226
0.5246
0.5253
0.5259
0.5275
0.5282
0.5286
0.5293
0.5305
0.5326
0.5334
0.5331
0.5334
0.5334
0.5346
0.5355
0.536
0.5361
0.5369
0.5375
0.5379
0.5383
0.5385
0.5376
0.538
0.5371
0.5357
0.5375
0.5379
0.5395
0.5394
0.5392
0.5407
0.5408
0.5416
0.5417
0.5416
0.5431
0.5434
0.5425
0.5434
0.5426
0.5441
0.5428
0.5434
0.5448
0.547
0.548
0.5476
0.5482
0.5448
0.5445
0.5468
0.5483
0.5477
0.5466
0.5473
0.5484
0.5466
0.5455
0.5471
0.5488
0.5483
0.545
0.5462
0.5473
0.5486
0.5467
0.5461
0.5469
0.5495
0.5476
0.5444
0.5454
0.5472
0.547
0.546
0.5473
0.5473
0.5472
0.5464
0.5464
0.5476
0.5477
0.5472
0.5467
0.5474
0.547
0.5467
0.5473
0.5474
0.5478
0.5459
0.5458
0.5467
0.5465
0.5475
0.5465
0.5463
0.5465
0.5457
0.5461
0.546
0.5469
0.5473
0.5462
0.5458
0.5457
0.5461
0.5458
0.5451
0.5447
0.5452
0.545
0.5457
0.5458
0.5451
0.5442
0.5429
0.5432
0.5437
0.544
0.5443
0.5444
0.5449
0.5454
0.5458
0.5456
0.5448
0.5446
0.5441
0.5441
0.5442
0.5437
0.544
0.544
0.5439
0.5437
0.5428
0.5424
0.5426
0.5417
0.5416
0.5407
0.5405
0.5409
0.5414
0.5415
0.5411
0.5405
0.5408
0.5422
0.5409
0.5413
0.5405
0.5406
0.5403
0.5384
0.5393
0.5397
0.5405
0.5401
0.5398
0.5393
0.5388
0.5386
0.5372
0.5369
0.535
0.5341
0.5343
0.5344
0.5336
0.5321
0.5306
0.5298
0.5286
0.5269
0.5255
0.5252
0.5249
0.5233
0.5215
0.5183
0.5168
0.515
0.5131
0.5095
0.5053
0.5067
0.5086
0.5085
0.5034
0.4994
0.4998
0.4994
0.5
0.5015
0.5026
0.5026
0.4995
0.5001
0.5037
0.5075
0.5101
0.5114
0.5129
0.5148
0.5175
0.5216
0.5235
0.5239
0.5272
0.5282
0.5274
0.5219
0.5181
0.5172
0.5162
0.5134
0.5084
0.5012
0.4929
0.4867
0.4839
0.4888
0.4967
0.5039
0.5068
0.5072
0.5094
0.5127
0.5139
0.5128
0.5122
0.5143
0.5158
0.5147
0.5126
0.5106
0.511
0.514
0.5179
0.5194
0.5199
0.5191
0.5201
0.5223
0.5198
0.5181
0.5166
0.5184
0.5231
0.5258
0.5274
0.5253
0.5213
0.5194
0.5209
0.5238
0.5251
0.5241
0.523
0.5236
0.5254
0.5267
0.5286
0.5294
0.5288
0.5279
0.5271
0.5282
0.5287
0.5295
0.5305
0.5306
0.5312
0.532
0.5334
0.5343
0.5337
0.5331
0.5323
0.531
0.531
0.5314
0.5323
0.5326
0.5323
0.5326
0.5328
0.5324
0.5321
0.5322
0.5317
0.5324
0.5318
0.5307
0.5307
0.5305
0.5318
0.532
0.532
0.5325
0.5333
0.5338
0.5332
0.5329
0.5312
0.5317
0.5317
0.5268
0.5295
0.5296
0.5337
0.5334
0.5305
0.5322
0.5311
0.5321
0.5322
0.5316
0.5305
0.5305
0.5301
0.53
0.5304
0.5302
0.5305
0.5304
0.5308
0.5303
0.5302
0.5306
0.5306
0.5303
0.5297
0.53
0.5299
0.53
0.5294
0.5284
0.5275
0.5279
0.5287
0.5285
0.5281
0.5274
0.528
0.5283
0.5284
0.5287
0.5289
0.5293
0.5292
0.529
0.5284
0.5272
0.527
0.5276
0.5279
0.528
0.5275
0.5276
0.5272
0.5266
0.5267
0.5265
0.5262
0.526
0.5257
0.5254
0.5248
0.5244
0.5248
0.5246
0.5244
0.5235
0.5227
0.5228
0.5234
0.524
0.5238
0.5237
0.5235
0.5241
0.524
0.5243
0.5243
0.524
0.5236
0.523
0.5219
0.5222
0.5236
0.5242
0.524
0.5232
0.5236
0.5237
0.5235
0.5237
0.5236
0.5232
0.5225
0.5213
0.5204
0.5195
0.5195
0.5197
0.5195
0.5184
0.5177
0.5173
0.518
0.5191
0.5193
0.5195
0.5188
0.5187
0.5192
0.5198
0.5203
0.5203
0.5195
0.5188
0.5196
0.5199
0.5205
0.5204
0.5199
0.521
0.5214
0.5231
0.5236
0.5229
0.5227
0.522
0.5214
0.5212
0.5218
0.5233
0.5242
0.5246
0.5251
0.525
0.5256
0.5259
0.526
0.5268
0.5273
0.5286
0.5293
0.5291
0.529
0.5292
0.53
0.5307
0.5315
0.5317
0.5318
0.5316
0.5315
0.5328
0.5335
0.5337
0.5343
0.5349
0.5354
0.5358
0.5356
0.5362
0.537
0.5378
0.5386
0.5388
0.539
0.5392
0.5393
0.5395
0.5403
0.5407
0.5413
0.5414
0.5416
0.5419
0.5419
0.5426
0.543
0.5433
0.5435
0.5432
0.5435
0.5437
0.5435
0.5437
0.5441
0.5453
0.5465
0.5464
0.5461
0.5463
0.5464
0.5473
0.5476
0.548
0.5486
0.5487
0.549
0.5489
0.5488
0.549
0.549
0.5487
0.5488
0.5491
0.5493
0.55
0.5496
0.5496
0.5492
0.5493
0.5503
0.5504
0.5503
0.5501
0.5496
0.5499
0.55
0.5501
0.5503
0.5499
0.5493
0.5487
0.5489
0.549
0.5488
0.5485
0.5482
0.5479
0.5474
0.547
0.5466
0.5465
0.5456
0.5455
0.5454
0.5449
0.5447
0.5438
0.5442
0.5446
0.5447
0.5445
0.5432
0.5425
0.5423
0.5435
0.544
0.5441
0.5442
0.5435
0.5438
0.5432
0.5426
0.5419
0.5407
0.5405
0.5394
0.5379
0.5377
0.5375
0.5377
0.5367
0.5347
0.5338
0.5334
0.5344
0.5355
0.5358
0.5366
0.5366
0.5364
0.5356
0.5351
0.5359
0.5363
0.5366
0.5362
0.5358
0.5366
0.5368
0.5373
0.5385
0.5393
0.5396
0.5392
0.5391
0.5398
0.5397
0.5396
0.5393
0.5394
0.5388
0.5384
0.5398
0.54
0.5411
0.5404
0.5398
0.5405
0.5401
0.54
0.5384
0.539
0.5387
0.5389
0.5393
0.5401
0.54
0.5401
0.5401
0.5407
0.5416
0.5423
0.5427
0.5425
0.5427
0.5424
0.5425
0.5431
0.5436
0.5437
0.544
0.5417
0.5414
0.5425
0.5413
0.5424
0.5385
0.5436
0.5411
0.5411
0.5436
0.5471
0.5444
0.5414
0.5446
0.5444
0.5407
0.5405
0.5458
0.5467
0.5402
0.5399
0.541
0.543
0.541
0.5386
0.541
0.5435
0.5425
0.5363
0.5373
0.5402
0.54
0.5404
0.537
0.5391
0.5393
0.537
0.5374
0.5349
0.5356
0.5357
0.5346
0.5339
0.5311
0.534
0.5353
0.5348
0.5311
0.5303
0.5339
0.5333
0.5331
0.5329
0.5319
0.5321
0.5293
0.5302
0.5314
0.5295
0.5283
0.5299
0.5324
0.5324
0.5311
0.5291
0.5281
0.5268
0.5294
0.5288
0.5307
0.5299
0.5296
0.5275
0.5254
0.5262
0.5249
0.5267
0.5256
0.5246
0.5241
0.5231
0.5238
0.5224
0.5213
0.5208
0.5193
0.5177
0.5176
0.5186
0.5198
0.5206
0.5203
0.5192
0.5188
0.5185
0.5187
0.5181
0.5164
0.516
0.5156
0.5146
0.5129
0.5113
0.5103
0.5094
0.5078
0.5072
0.5073
0.5056
0.5028
0.4999
0.4982
0.4974
0.4955
0.4943
0.4944
0.4947
0.4943
0.4925
0.4899
0.4891
0.4898
0.4906
0.4913
0.4906
0.4895
0.4884
0.4868
0.4867
0.4864
0.4841
0.4815
0.4806
0.484
0.4857
0.4835
0.4787
0.4748
0.4737
0.4741
0.4767
0.4785
0.4775
0.4781
0.4816
0.4866
0.4894
0.4885
0.4883
0.488
0.4879
0.4896
0.4894
0.489
0.4868
0.4849
0.4845
0.4833
0.4822
0.4809
0.4801
0.479
0.4771
0.476
0.4777
0.4809
0.4837
0.4861
0.4887
0.4924
0.4947
0.4953
0.4948
0.4937
0.4944
0.4954
0.4958
0.4965
0.4962
0.4958
0.4954
0.4951
0.4964
0.4967
0.4962
0.4963
0.4967
0.4982
0.4988
0.4986
0.4985
0.4996
0.5017
0.5029
0.5033
0.5032
0.5032
0.5037
0.505
0.5067
0.5085
0.5086
0.5077
0.5065
0.5056
0.5065
0.5067
0.5081
0.5094
0.5096
0.5093
0.5084
0.5087
0.5094
0.5094
0.5091
0.5092
0.5094
0.5099
0.5107
0.5117
0.5134
0.5138
0.5135
0.5141
0.5148
0.5153
0.5153
0.516
0.5169
0.5168
0.5161
0.5157
0.5158
0.516
0.5166
0.516
0.515
0.516
0.5154
0.5147
0.5137
0.514
0.5162
0.5164
0.5165
0.516
0.5163
0.5175
0.5182
0.5187
0.5186
0.5188
0.5185
0.5179
0.5175
0.5168
0.5162
0.5155
0.5157
0.5145
0.514
0.5128
0.5106
0.512
0.512
0.5121
0.5101
0.5077
0.5072
0.5048
0.5025
0.5006
0.4983
0.496
0.4934
0.4905
0.4873
0.483
0.4791
0.476
0.4775
0.4728
0.4702
0.4643
0.4632
0.4603
0.4524
0.4487
0.4437
0.4428
0.4409
0.44
0.4431
0.4424
0.4365
0.4287
0.4278
0.429
0.4197
0.4141
0.4082
0.4119
0.4225
0.422
0.4202
0.4085
0.3994
0.3972
0.3981
0.3956
0.3898
0.3827
0.3809
0.3781
0.3708
0.3602
0.3574
0.3609
0.3612
0.359
0.352
0.3565
0.3645
0.368
0.3653
0.3566
0.3553
0.3547
0.3553
0.3531
0.3478
0.3445
0.3437
0.3448
0.3425
0.3391
0.3415
0.3454
0.3489
0.3494
0.3455
0.3389
0.3322
0.3284
0.3256
0.325
0.3212
0.3154
0.31
0.3034
0.3025
0.3035
0.3036
0.2979
0.2846
0.2807
0.2843
0.2908
0.2963
0.2923
0.2853
0.2704
0.2577
0.251
0.2475
0.2453
0.2416
0.2376
0.2356
0.2367
0.2316
0.221
0.2112
0.2091
0.214
0.2226
0.2338
0.2438
0.2488
0.2479
0.246
0.24
0.2258
0.2145
0.2131
0.2168
0.2155
0.2056
0.1972
0.1958
0.2034
0.2139
0.2185
0.2152
0.2096
0.2107
0.2162
0.2241
0.2349
0.2491
0.2619
0.2656
0.264
0.2595
0.2566
0.2581
0.259
0.2614
0.26
0.2574
0.2562
0.2572
0.2633
0.2673
0.2676
0.2661
0.2675
0.2741
0.2832
0.289
0.2891
0.2863
0.2885
0.2976
0.309
0.3161
0.3197
0.321
0.3187
0.3189
0.324
0.3309
0.3358
0.3349
0.3333
0.3343
0.337
0.3412
0.346
0.3475
0.3459
0.3415
0.338
0.3376
0.3399
0.3452
0.3523
0.36
0.3633
0.3627
0.3639
0.3688
0.3749
0.3823
0.3859
0.3851
0.3835
0.3824
0.3816
0.3848
0.3936
0.4043
0.4124
0.4165
0.4165
0.4151
0.4077
0.4035
0.4043
0.4076
0.4127
0.4198
0.429
0.4377
0.441
0.4419
0.4447
0.4478
0.4486
0.4467
0.445
0.4445
0.4425
0.4397
0.4395
0.444
0.4513
0.4568
0.46
0.4608
0.4617
0.4629
0.4635
0.464
0.4648
0.4665
0.4683
0.4694
0.4716
0.4754
0.4781
0.4798
0.4813
0.484
0.4863
0.4867
0.4865
0.4867
0.488
0.4909
0.4928
0.4943
0.4955
0.4974
0.4996
0.5005
0.5015
0.5017
0.5014
0.5
0.5007
0.5034
0.5048
0.5059
0.5048
0.5066
0.5097
0.5113
0.5117
0.5106
0.5113
0.5129
0.5133
0.5131
0.5133
0.5137
0.5145
0.5147
0.5155
0.5166
0.5172
0.5176
0.5179
0.5179
0.5176
0.5176
0.5184
0.519
0.5202
0.5213
0.5216
0.5219
0.5218
0.5225
0.5234
0.5231
0.5231
0.5241
0.5239
0.5235
0.5232
0.5231
0.5241
0.5238
0.5239
0.5244
0.5244
0.5245
0.5236
0.5222
0.5214
0.522
0.5234
0.524
0.5242
0.5241
0.523
0.5243
0.5258
0.5265
0.526
0.5249
0.5257
0.5253
0.5243
0.5239
0.5239
0.5242
0.5244
0.5249
0.5251
0.5246
0.5243
0.5236
0.5233
0.5229
0.522
0.5222
0.5228
0.523
0.5224
0.5219
0.5222
0.5231
0.5232
0.5231
0.5229
0.5221
0.5219
0.5208
0.5225
0.5238
0.523
0.5213
0.5192
0.5203
0.5208
0.5208
0.5205
0.5207
0.5209
0.5204
0.5207
0.5213
0.5213
0.5201
0.5216
0.5229
0.5223
0.5196
0.5184
0.5205
0.5221
0.5234
0.5238
0.5233
0.5216
0.519
0.5182
0.5177
0.5181
0.5184
0.5181
0.5183
0.5162
0.5153
0.516
0.5161
0.5167
0.5164
0.517
0.5178
0.5183
0.518
0.5159
0.5134
0.5113
0.5111
0.5123
0.5137
0.5146
0.5138
0.5126
0.5121
0.5125
0.5131
0.5135
0.5142
0.5143
0.5131
0.5114
0.5117
0.5127
0.513
0.5123
0.5107
0.5079
0.5048
0.5038
0.5054
0.5074
0.5078
0.5068
0.5048
0.5038
0.5036
0.5031
0.5015
0.4994
0.4986
0.4988
0.4991
0.4992
0.4988
0.4982
0.4975
0.4965
0.4942
0.4913
0.4898
0.4896
0.4914
0.4934
0.4942
0.4936
0.4929
0.4931
0.4941
0.495
0.495
0.4943
0.4933
0.492
0.4906
0.4896
0.489
0.4886
0.488
0.4873
0.4865
0.486
0.4855
0.4848
0.4838
0.4827
0.481
0.4784
0.4759
0.4742
0.473
0.4717
0.4707
0.4704
0.4707
0.4712
0.4716
0.4717
0.4717
0.4715
0.4708
0.4699
0.4697
0.47
0.4705
0.4714
0.473
0.474
0.4737
0.4731
0.4735
0.4746
0.4759
0.4772
0.4784
0.4788
0.4782
0.4764
0.4742
0.4728
0.4724
0.4728
0.4736
0.4739
0.4731
0.4715
0.4693
0.4675
0.466
0.4646
0.4632
0.4627
0.4648
0.4687
0.4719
0.4738
0.4751
0.4767
0.4787
0.4802
0.4805
0.4795
0.4765
0.472
0.4684
0.4669
0.4669
0.4674
0.4678
0.4675
0.4685
0.4717
0.4749
0.4762
0.4759
0.4747
0.4735
0.4731
0.4736
0.4744
0.4752
0.4754
0.4746
0.4739
0.4733
0.4727
0.4723
0.4722
0.4733
0.4756
0.4777
0.4788
0.4788
0.4783
0.4775
0.4781
0.48
0.4816
0.4821
0.4818
0.4812
0.4802
0.4786
0.4774
0.4775
0.4786
0.4796
0.48
0.4796
0.4773
0.4732
0.4699
0.469
0.4692
0.4699
0.4725
0.4766
0.4792
0.4791
0.478
0.4774
0.4766
0.4753
0.4742
0.4738
0.4728
0.4708
0.4684
0.4656
0.4632
0.4633
0.4655
0.4675
0.4679
0.4669
0.4661
0.4665
0.4678
0.4697
0.4718
0.4732
0.4726
0.4711
0.4697
0.4692
0.4696
0.4699
0.4695
0.4682
0.467
0.4661
0.4657
0.4664
0.467
0.4668
0.4659
0.4645
0.4632
0.4615
0.4591
0.4572
0.4572
0.4591
0.4609
0.4614
0.4609
0.46
0.4592
0.4591
0.4585
0.4565
0.4544
0.4539
0.4548
0.4547
0.4536
0.4523
0.4517
0.4517
0.451
0.4497
0.4484
0.4479
0.4473
0.4457
0.4439
0.4419
0.4394
0.4368
0.4353
0.4347
0.4326
0.428
0.4235
0.4219
0.4225
0.423
0.4228
0.4214
0.4172
0.4098
0.4022
0.3968
0.394
0.3945
0.3974
0.3998
0.4003
0.3997
0.3997
0.3999
0.3995
0.3986
0.3984
0.4002
0.4028
0.4031
0.4003
0.3968
0.3946
0.3946
0.396
0.3954
0.3914
0.3863
0.3826
0.3789
0.3742
0.3726
0.3743
0.3741
0.3683
0.3596
0.351
0.3441
0.3394
0.3386
0.3431
0.351
0.358
0.3611
0.3634
0.367
0.3679
0.3659
0.3656
0.3718
0.381
0.3811
0.3701
0.3568
0.3512
0.3525
0.3522
0.3503
0.3508
0.3531
0.3539
0.3499
0.3406
0.331
0.3283
0.3353
0.3437
0.3456
0.3437
0.3452
0.3513
0.3568
0.3569
0.3507
0.3441
0.3443
0.3504
0.3574
0.3608
0.3616
0.3616
0.3592
0.3561
0.3542
0.3536
0.3547
0.3581
0.3617
0.3607
0.3551
0.353
0.3574
0.3602
0.357
0.3543
0.3572
0.3607
0.3597
0.3569
0.3589
0.3665
0.3736
0.3749
0.3708
0.3644
0.3577
0.3527
0.3511
0.3524
0.3535
0.3529
0.3505
0.3464
0.3432
0.3411
0.3364
0.3321
0.3329
0.3384
0.3446
0.3454
0.344
0.3448
0.3482
0.3518
0.3506
0.3468
0.3448
0.3447
0.3472
0.3526
0.3577
0.3597
0.3602
0.3627
0.3648
0.364
0.3629
0.3647
0.3667
0.3631
0.3558
0.3527
0.3556
0.3575
0.357
0.3573
0.3584
0.3577
0.3562
0.3587
0.3628
0.3624
0.3579
0.3555
0.3573
0.359
0.3571
0.356
0.3594
0.363
0.3623
0.3602
0.3622
0.3663
0.366
0.3604
0.3539
0.3497
0.3469
0.3448
0.3455
0.3505
0.3566
0.3608
0.3623
0.3607
0.3584
0.3567
0.3562
0.3567
0.3576
0.36
0.3642
0.3687
0.3694
0.3662
0.3619
0.3595
0.36
0.3623
0.3665
0.3706
0.3718
0.3711
0.3722
0.3763
0.3803
0.3816
0.38
0.3769
0.3735
0.3699
0.3684
0.3719
0.3802
0.3895
0.3951
0.398
0.4007
0.4024
0.401
0.3967
0.3926
0.3893
0.3857
0.3826
0.3825
0.3864
0.3921
0.3968
0.4003
0.4028
0.4037
0.4035
0.402
0.4005
0.4006
0.4029
0.4058
0.4073
0.4067
0.4063
0.4081
0.4114
0.4146
0.415
0.4121
0.409
0.4068
0.4059
0.4069
0.4091
0.4119
0.414
0.4163
0.4203
0.4244
0.4273
0.4276
0.4269
0.4257
0.4247
0.424
0.4241
0.4256
0.4278
0.43
0.4309
0.4296
0.4287
0.4299
0.4325
0.4341
0.4335
0.4337
0.436
0.4392
0.442
0.4432
0.4429
0.4415
0.4403
0.4404
0.4418
0.4433
0.4438
0.4431
0.4434
0.4453
0.4473
0.4487
0.4492
0.4492
0.4507
0.4517
0.4502
0.4461
0.4417
0.4412
0.4422
0.4415
0.4408
0.4416
0.4445
0.4469
0.4475
0.4477
0.4478
0.4482
0.4476
0.4468
0.4463
0.4458
0.4458
0.4465
0.4481
0.4487
0.447
0.4453
0.4453
0.4474
0.4508
0.4538
0.4554
0.456
0.4565
0.4576
0.4589
0.4595
0.4589
0.4578
0.4578
0.4589
0.4597
0.4595
0.4582
0.4574
0.4564
0.4575
0.4575
0.4574
0.4577
0.4588
0.4596
0.4601
0.4605
0.4612
0.4621
0.463
0.4639
0.4645
0.4644
0.4642
0.4642
0.4642
0.4637
0.4629
0.4616
0.4597
0.4583
0.4597
0.4635
0.467
0.469
0.4698
0.4704
0.4704
0.4702
0.4702
0.4702
0.4702
0.4696
0.4693
0.4693
0.4695
0.4702
0.4707
0.4712
0.4715
0.4715
0.4724
0.4733
0.4739
0.4742
0.474
0.4742
0.4748
0.4759
0.4774
0.4785
0.4782
0.4787
0.4807
0.4824
0.4829
0.4819
0.4818
0.4826
0.4829
0.4833
0.4835
0.4836
0.4832
0.484
0.4853
0.4854
0.4848
0.4846
0.4853
0.4861
0.4867
0.4875
0.4881
0.4879
0.4878
0.4876
0.4877
0.488
0.4884
0.489
0.4892
0.4902
0.4913
0.4916
0.4916
0.4913
0.4916
0.492
0.492
0.493
0.4937
0.4936
0.4933
0.4929
0.493
0.4929
0.4922
0.4916
0.4916
0.4918
0.4926
0.4933
0.4937
0.4941
0.4939
0.4938
0.4939
0.4943
0.4949
0.4953
0.495
0.4946
0.4944
0.4947
0.4953
0.4958
0.4962
0.4966
0.4974
0.4978
0.4974
0.4967
0.4963
0.4965
0.4966
0.4963
0.4963
0.4969
0.4975
0.4976
0.4975
0.4974
0.4975
0.4979
0.4982
0.4984
0.4985
0.4982
0.4978
0.4971
0.4951
0.4927
0.4923
0.494
0.4964
0.4979
0.4984
0.499
0.4991
0.4991
0.4993
0.4993
0.4996
0.5001
0.5005
0.5006
0.5001
0.4999
0.5001
0.5005
0.5008
0.5012
0.5016
0.5016
0.5013
0.5011
0.5015
0.5016
0.5014
0.5012
0.5009
0.5009
0.5008
0.5004
0.5005
0.5012
0.502
0.5022
0.5023
0.5023
0.5023
0.5022
0.5021
0.5023
0.502
0.5017
0.5015
0.5013
0.5014
0.5012
0.5005
0.5
0.5
0.5001
0.4975
0.5006
0.4987
0.5019
0.4995
0.4958
0.497
0.4945
0.4967
0.4924
0.4894
0.4899
0.4919
0.4912
0.4899
0.4869
0.4857
0.4846
0.4825
0.4803
0.4796
0.4805
0.4785
0.4734
0.4651
0.4654
0.4666
0.4689
0.4693
0.4647
0.4592
0.4485
0.4437
0.4442
0.4523
0.4568
0.4565
0.4511
0.4425
0.4319
0.4286
0.4294
0.4359
0.4426
0.448
0.4458
0.4355
0.4234
0.4165
0.4162
0.4249
0.434
0.4403
0.4353
0.4205
0.3992
0.3827
0.3806
0.3905
0.3991
0.397
0.3905
0.3912
0.393
0.391
0.3914
0.4023
0.4206
0.4289
0.4226
0.4146
0.4173
0.4256
0.43
0.4304
0.4279
0.4245
0.4183
0.4104
0.4072
0.4104
0.4147
0.4129
0.4017
0.3833
0.3648
0.3549
0.3588
0.3723
0.3824
0.3791
0.3692
0.3637
0.3635
0.3657
0.3718
0.3855
0.4064
0.4257
0.4377
0.4432
0.4431
0.4424
0.4433
0.4424
0.4409
0.44
0.4399
0.4373
0.4338
0.4342
0.434
0.426
0.4133
0.4073
0.4118
0.4176
0.4165
0.4116
0.4097
0.4136
0.4221
0.4301
0.4326
0.4304
0.4293
0.4347
0.444
0.4509
0.4513
0.4457
0.4398
0.4409
0.4487
0.4569
0.4606
0.4585
0.4521
0.4455
0.4448
0.4501
0.4555
0.4569
0.4571
0.4571
0.4558
0.4538
0.4501
0.4473
0.4467
0.4496
0.4552
0.459
0.4589
0.4557
0.4514
0.4493
0.4502
0.4525
0.455
0.4577
0.4609
0.4636
0.4643
0.4631
0.4615
0.4615
0.4621
0.4626
0.4622
0.459
0.4563
0.456
0.4607
0.4632
0.46
0.456
0.455
0.4572
0.4593
0.4599
0.4573
0.4533
0.4507
0.4497
0.4481
0.445
0.4424
0.4427
0.4446
0.4469
0.4477
0.4455
0.4405
0.4353
0.4314
0.4283
0.4256
0.424
0.4248
0.427
0.4298
0.4298
0.4243
0.4156
0.4079
0.4041
0.4029
0.4025
0.4013
0.3996
0.3988
0.4002
0.402
0.4004
0.3964
0.3953
0.4004
0.3997
0.393
0.3853
0.3796
0.3754
0.3747
0.3808
0.3873
0.3869
0.3822
0.3799
0.3789
0.3764
0.3727
0.3673
0.3611
0.3535
0.3479
0.345
0.3428
0.3419
0.3401
0.3365
0.3326
0.3306
0.3285
0.3191
0.3053
0.2971
0.2987
0.3047
0.3034
0.2953
0.2888
0.2874
0.2896
0.29
0.2865
0.2815
0.2781
0.2774
0.2795
0.2826
0.2863
0.2899
0.29
0.2826
0.2685
0.2558
0.2534
0.2608
0.268
0.2685
0.2635
0.256
0.248
0.2403
0.2345
0.2289
0.2201
0.2111
0.2076
0.2117
0.217
0.2158
0.2069
0.1976
0.1953
0.1989
0.1998
0.1924
0.1845
0.1835
0.1871
0.1867
0.1779
0.1667
0.1612
0.1646
0.1735
0.1799
0.1817
0.1828
0.1851
0.1887
0.1923
0.1947
0.1927
0.1853
0.1795
0.181
0.1847
0.1798
0.1668
0.1578
0.1647
0.1834
0.1936
0.1896
0.1847
0.1897
0.1982
0.1976
0.1876
0.1803
0.1834
0.1933
0.1981
0.1909
0.1796
0.1752
0.1817
0.1953
0.2104
0.2226
0.2284
0.2261
0.2155
0.2023
0.1944
0.1971
0.207
0.2144
0.2172
0.2159
0.2123
0.2092
0.2063
0.2079
0.2173
0.23
0.2373
0.2351
0.2327
0.2391
0.2534
0.2681
0.2721
0.2624
0.2517
0.252
0.2599
0.2662
0.2696
0.2781
0.2883
0.2887
0.2792
0.2716
0.2711
0.275
0.2817
0.2888
0.2922
0.2886
0.2809
0.2769
0.28
0.2858
0.287
0.2822
0.2792
0.2834
0.2924
0.3001
0.3021
0.3024
0.3034
0.3047
0.3082
0.3137
0.3205
0.3257
0.3291
0.3322
0.3319
0.3295
0.3311
0.3367
0.3403
0.3382
0.336
0.3362
0.3358
0.3366
0.3418
0.348
0.3503
0.3509
0.3552
0.3594
0.3572
0.3513
0.3454
0.3425
0.3425
0.3429
0.3419
0.3387
0.3372
0.3393
0.3425
0.3427
0.3413
0.3408
0.3429
0.346
0.3478
0.3483
0.3464
0.3428
0.3397
0.339
0.3411
0.3434
0.3426
0.34
0.3382
0.3378
0.3368
0.3352
0.3346
0.3353
0.335
0.3303
0.3249
0.3236
0.3281
0.3332
0.3317
0.3235
0.3147
0.3106
0.3105
0.3115
0.3093
0.3046
0.3009
0.301
0.3039
0.3057
0.3045
0.3001
0.2928
0.2842
0.2774
0.273
0.2657
0.255
0.2432
0.2339
0.2274
0.2208
0.2114
0.1961
0.1766
0.1586
0.1477
0.1438
0.1429
0.1419
0.14
0.1373
0.136
0.1344
0.1321
0.1286
0.1209
0.108
0.0922
0.0779
0.0686
0.0623
0.0573
0.0545
0.0522
0.05
0.0488
0.0484
0.0467
0.0432
0.0399
0.0395
0.0411
0.0417
0.0416
0.0404
0.0366
0.0314
0.0279
0.0295
0.0345
0.037
0.035
0.0321
0.0332
0.0385
0.0441
0.0469
0.047
0.0474
0.0514
0.0589
0.0678
0.0741
0.0751
0.0707
0.0653
0.0643
0.0666
0.0662
0.0622
0.0595
0.0608
0.0624
0.0609
0.0586
0.0574
0.0561
0.0529
0.0464
0.0386
0.0313
0.0253
0.0209
0.0178
0.0168
0.0178
0.0196
0.0204
0.0203
0.0208
0.0226
0.025
0.0268
0.0281
0.0294
0.0312
0.0329
0.0333
0.034
0.0375
0.0442
0.0493
0.0498
0.0486
0.0475
0.0448
0.0393
0.0344
0.0353
0.0425
0.0509
0.0554
0.0553
0.0527
0.05
0.0469
0.0426
0.0383
0.0363
0.0378
0.0421
0.0479
0.0519
0.0511
0.0459
0.0404
0.0369
0.0356
0.0371
0.0422
0.0491
0.0539
0.0556
0.056
0.0558
0.0538
0.0503
0.0478
0.0469
0.0462
0.0453
0.047
0.0505
0.0539
0.0536
0.0523
0.0525
0.0522
0.0486
0.0422
0.0368
0.0351
0.0359
0.0365
0.0369
0.0388
0.0419
0.0442
0.0438
0.042
0.0419
0.0437
0.0458
0.0456
0.0436
0.0425
0.0437
0.0466
0.0472
0.0435
0.0375
0.0339
0.034
0.037
0.0416
0.0467
0.0509
0.0536
0.0557
0.0587
0.0621
0.0647
0.067
0.0705
0.0765
0.0843
0.0897
0.0878
0.0808
0.0765
0.0785
0.0811
0.08
0.0769
0.0747
0.0749
0.0784
0.0822
0.0828
0.0787
0.0723
0.0663
0.0614
0.0608
0.0646
0.0685
0.0722
0.0759
0.0777
0.0769
0.0751
0.077
0.0833
0.0893
0.0917
0.0896
0.088
0.0921
0.0989
0.1033
0.1045
0.1067
0.1103
0.11
0.1059
0.105
0.1106
0.1177
0.1215
0.123
0.1243
0.1243
0.1222
0.1252
0.1365
0.149
0.1541
0.1477
0.1375
0.1339
0.1405
0.1503
0.1531
0.1497
0.1503
0.1621
0.177
0.1836
0.1812
0.178
0.1817
0.1932
0.2073
0.2175
0.2201
0.2173
0.212
0.2056
0.1992
0.1949
0.1959
0.2023
0.2103
0.2178
0.2244
0.2321
0.2417
0.2506
0.257
0.2595
0.2598
0.2602
0.2595
0.2587
0.2604
0.2644
0.2696
0.272
0.2699
0.2676
0.2709
0.2829
0.2978
0.3074
0.3069
0.3008
0.2967
0.2994
0.3099
0.321
0.3259
0.325
0.3237
0.3255
0.328
0.3265
0.3234
0.3242
0.3294
0.3359
0.3375
0.3346
0.3359
0.3452
0.3572
0.3631
0.3643
0.3657
0.3689
0.3732
0.3748
0.372
0.3654
0.3577
0.3525
0.3543
0.3629
0.3707
0.3714
0.3666
0.3627
0.3616
0.3604
0.3567
0.351
0.3462
0.344
0.3448
0.3478
0.351
0.3528
0.3535
0.3541
0.3566
0.3631
0.3697
0.3729
0.3725
0.3693
0.3621
0.3507
0.341
0.3387
0.342
0.3447
0.3444
0.3449
0.3489
0.3563
0.3647
0.373
0.3787
0.3806
0.3795
0.3783
0.3797
0.3815
0.3814
0.3805
0.3803
0.3809
0.3815
0.3811
0.3782
0.3733
0.371
0.375
0.3826
0.3894
0.3944
0.3989
0.3987
0.3899
0.3751
0.3603
0.3523
0.3542
0.3626
0.3709
0.3765
0.3817
0.3883
0.3928
0.3921
0.3888
0.3882
0.3905
0.3933
0.3965
0.4
0.404
0.4069
0.4095
0.4141
0.4198
0.4242
0.4256
0.4243
0.4208
0.4122
0.4006
0.3964
0.4039
0.4154
0.4215
0.4226
0.4226
0.4199
0.4143
0.4084
0.4048
0.4035
0.404
0.4075
0.4129
0.4171
0.4191
0.4207
0.4228
0.4244
0.4235
0.4209
0.4184
0.4177
0.4187
0.4195
0.4195
0.4185
0.4165
0.4145
0.4134
0.4144
0.4174
0.42
0.4211
0.4211
0.4204
0.4191
0.4166
0.4136
0.4114
0.4099
0.4103
0.412
0.415
0.4189
0.4203
0.4169
0.4115
0.4111
0.4179
0.4255
0.4253
0.4177
0.4099
0.4065
0.407
0.4089
0.4115
0.4135
0.4118
0.4072
0.405
0.4083
0.4143
0.4169
0.4149
0.411
0.4073
0.4048
0.4013
0.3971
0.3945
0.3952
0.3991
0.4038
0.4082
0.4108
0.4079
0.4006
0.3974
0.4045
0.4174
0.427
0.43
0.4282
0.4245
0.4207
0.4203
0.4233
0.4247
0.42
0.4106
0.4046
0.4083
0.4169
0.4221
0.4214
0.4173
0.4118
0.4046
0.3996
0.4011
0.4077
0.4158
0.4215
0.422
0.4162
0.4076
0.4035
0.4075
0.416
0.4226
0.4248
0.4229
0.4198
0.4189
0.4211
0.424
0.4246
0.4228
0.4196
0.4164
0.4147
0.4158
0.42
0.4243
0.4264
0.426
0.4244
0.4227
0.4216
0.4202
0.4168
0.4115
0.4076
0.4081
0.4119
0.4168
0.4196
0.4199
0.4192
0.418
0.4183
0.4214
0.4275
0.4345
0.4395
0.4404
0.4368
0.4305
0.4247
0.4219
0.4232
0.4278
0.434
0.4395
0.4429
0.4438
0.4427
0.4406
0.4387
0.4377
0.4377
0.4382
0.4389
0.4396
0.4402
0.4407
0.4412
0.442
0.4419
0.4399
0.4366
0.4339
0.4326
0.4325
0.4342
0.4373
0.4405
0.4424
0.4425
0.4411
0.4392
0.4379
0.4378
0.4389
0.4408
0.4428
0.4442
0.4444
0.4434
0.4421
0.4414
0.4414
0.4418
0.4426
0.4442
0.4466
0.4495
0.4521
0.4547
0.4571
0.4591
0.4602
0.4601
0.4588
0.4569
0.455
0.4539
0.4538
0.4548
0.4569
0.4594
0.4615
0.4626
0.4624
0.4614
0.4603
0.4594
0.4587
0.4585
0.4587
0.4591
0.4594
0.4596
0.4599
0.4602
0.4609
0.4621
0.4636
0.4651
0.4659
0.4655
0.4642
0.4627
0.4619
0.4618
0.4622
0.4628
0.4636
0.4645
0.4646
0.4631
0.46
0.4564
0.4539
0.4535
0.4555
0.4593
0.4628
0.4652
0.4667
0.4664
0.4657
0.4635
0.4601
0.4573
0.4563
0.4577
0.4601
0.4627
0.4649
0.4653
0.4642
0.4625
0.4618
0.463
0.4645
0.4646
0.4633
0.4614
0.4606
0.4605
0.4611
0.4628
0.4643
0.4628
0.4589
0.4549
0.4518
0.449
0.4467
0.4458
0.4471
0.4504
0.454
0.4559
0.4541
0.4465
0.4321
0.4147
0.4019
0.3975
0.4017
0.4128
0.4302
0.4481
0.4591
0.4641
0.465
0.4609
0.4527
0.4459
0.4456
0.451
0.4578
0.4638
0.467
0.4637
0.4572
0.4534
0.4532
0.4529
0.4526
0.4563
0.461
0.4585
0.4484
0.4408
0.4396
0.4439
0.4495
0.451
0.447
0.4396
0.4315
0.4257
0.4216
0.4183
0.4136
0.4037
0.3877
0.3762
0.3819
0.4046
0.4297
0.4489
0.4557
0.4559
0.4537
0.4515
0.4499
0.4481
0.4471
0.4475
0.4487
0.4495
0.4485
0.4477
0.4493
0.4512
0.4502
0.4473
0.4465
0.4492
0.4516
0.4528
0.453
0.4517
0.4461
0.4358
0.4279
0.4283
0.4363
0.4465
0.452
0.4518
0.4485
0.4416
0.4339
0.4306
0.4335
0.4395
0.4413
0.4381
0.4339
0.4318
0.432
0.4332
0.4335
0.4324
0.4291
0.4233
0.4173
0.4121
0.4066
0.4001
0.3963
0.3984
0.4056
0.4147
0.4229
0.4285
0.4312
0.431
0.4283
0.422
0.4128
0.4047
0.4021
0.407
0.4158
0.4216
0.4198
0.4122
0.4043
0.3959
0.3863
0.3788
0.3763
0.3793
0.3856
0.3935
0.3999
0.4026
0.4018
0.3981
0.3917
0.381
0.3644
0.3466
0.3362
0.3362
0.3409
0.3454
0.3506
0.3579
0.3651
0.3679
0.3632
0.3517
0.3385
0.3297
0.3266
0.3243
0.3171
0.3051
0.2921
0.2827
0.2802
0.286
0.2981
0.3054
0.2976
0.2782
0.2609
0.2558
0.259
0.2601
0.2553
0.2484
0.2398
0.2309
0.2306
0.2426
0.2603
0.2748
0.2822
0.2842
0.2774
0.2593
0.2349
0.2156
0.2093
0.2174
0.2327
0.2428
0.2379
0.2222
0.2115
0.2139
0.2226
0.2264
0.2235
0.2216
0.2238
0.2234
0.2175
0.2141
0.2178
0.2245
0.227
0.2227
0.2168
0.2126
0.2128
0.2187
0.2291
0.2416
0.2499
0.2473
0.2335
0.2216
0.2223
0.2326
0.241
0.2404
0.234
0.2279
0.225
0.2218
0.2148
0.2035
0.1915
0.1839
0.1805
0.1833
0.1913
0.2
0.2074
0.2111
0.2073
0.1989
0.1916
0.1873
0.1834
0.1774
0.1688
0.1525
0.1281
0.1013
0.0847
0.086
0.1049
0.1276
0.1406
0.1446
0.153
0.1711
0.1885
0.1929
0.1861
0.1806
0.1841
0.1894
0.1917
0.1956
0.2045
0.2149
0.22
0.2178
0.2137
0.2102
0.2091
0.2082
0.201
0.1875
0.1771
0.1784
0.189
0.1974
0.1946
0.183
0.1738
0.1737
0.1758
0.1707
0.1607
0.1601
0.178
0.1994
0.2086
0.2045
0.1936
0.1875
0.1912
0.1965
0.1964
0.194
0.2015
0.2183
0.228
0.2226
0.2131
0.211
0.2129
0.2107
0.202
0.1908
0.1836
0.1838
0.1922
0.2033
0.2074
0.201
0.1905
0.1825
0.177
0.1697
0.1619
0.16
0.1664
0.176
0.1836
0.1873
0.19
0.1937
0.1972
0.1983
0.1958
0.1909
0.1854
0.1784
0.1724
0.172
0.1783
0.1861
0.1874
0.1807
0.1721
0.1684
0.1718
0.1793
0.1861
0.1889
0.1875
0.1789
0.1653
0.1531
0.1473
0.1453
0.1414
0.1371
0.1377
0.1456
0.1582
0.1674
0.1673
0.1573
0.1428
0.1303
0.1222
0.1186
0.1181
0.1179
0.1186
0.1236
0.1324
0.1379
0.1348
0.1244
0.1131
0.1053
0.1002
0.0943
0.0867
0.0813
0.0824
0.0888
0.0963
0.1025
0.1083
0.114
0.1186
0.1184
0.1117
0.1013
0.0916
0.0857
0.0846
0.0886
0.0973
0.1088
0.1218
0.1339
0.1398
0.1341
0.1206
0.1089
0.1031
0.1009
0.1031
0.1113
0.1197
0.122
0.1192
0.116
0.1117
0.1056
0.0995
0.0964
0.0965
0.099
0.1038
0.1075
0.1055
0.0955
0.0819
0.0711
0.065
0.0622
0.0615
0.0622
0.0608
0.0565
0.0531
0.0523
0.0509
0.0476
0.0452
0.0465
0.0499
0.0528
0.0556
0.058
0.0596
0.0612
0.0654
0.0738
0.082
0.0844
0.0807
0.0749
0.0699
0.067
0.0677
0.0714
0.0756
0.0762
0.0737
0.0713
0.0725
0.0783
0.0857
0.0887
0.0847
0.0787
0.0768
0.0793
0.0814
0.0796
0.0772
0.0806
0.0892
0.0966
0.0969
0.0907
0.086
0.089
0.0994
0.1105
0.1124
0.1036
0.0905
0.0791
0.0734
0.0733
0.0775
0.0845
0.0917
0.097
0.0982
0.0947
0.0902
0.0884
0.0891
0.0883
0.0834
0.0784
0.0789
0.084
0.088
0.0882
