800	1.3219425e-016
802.5	1.37351e-016
805	9.14375e-017
807.5	7.522425e-017
810	4.8159875e-017
812.5	1.97153e-016
815	8.787575e-017
817.5	1.2187025e-016
820	1.068155e-016
822.5	2.23421e-016
825	1.61483625e-016
827.5	7.97325e-017
830	6.155425e-017
832.5	4.60855e-017
835	4.967125e-017
837.5	1.30354e-016
840	1.1829025e-016
842.5	1.3743275e-016
845	1.418665e-016
847.5	1.527865e-016
850	1.2320625e-016
852.5	1.4399875e-016
855	1.8686075e-016
857.5	1.636465e-016
860	2.1873525e-016
862.5	0
865	1.831285e-016
867.5	1.582765e-016
870	1.9013725e-016
872.5	3.06232875e-016
875	3.231945e-016
877.5	2.3297675e-016
880	2.41952e-016
882.5	2.2805275e-016
885	5.0535e-016
887.5	3.43575e-016
890	2.2571525e-016
892.5	2.2145475e-016
895	2.512025e-016
897.5	0
900	2.658075e-016
902.5	3.08305e-016
905	3.102325e-016
907.5	3.131275e-016
910	6.86995e-016
912.5	5.0620875e-016
915	3.7053e-016
917.5	3.92435e-016
920	3.681825e-016
922.5	3.90935e-016
925	2.0296875e-016
927.5	3.940275e-016
930	4.05965e-016
932.5	4.51255e-016
935	6.7622625e-016
937.5	5.7388125e-016
940	4.7478e-016
942.5	4.79345e-016
945	4.845125e-016
947.5	2.3313125e-016
950	1.02014e-015
952.5	5.024575e-016
955	4.8338e-016
957.5	4.76905e-016
960	8.6958e-016
962.5	7.2016125e-016
965	4.4141e-016
967.5	4.68045e-016
970	4.717975e-016
972.5	2.5415375e-016
975	5.3636e-016
977.5	5.605525e-016
980	5.356125e-016
982.5	5.381225e-016
985	5.326225e-016
987.5	2.7031875e-016
990	5.59535e-016
992.5	5.52875e-016
995	5.458675e-016
997.5	0
1000	1.03068e-015
1002.5	5.269275e-016
1005	5.46825e-016
1007.5	5.449175e-016
1010	2.8340875e-016
1012.5	1.055405e-015
1015	5.44375e-016
1017.5	5.4908e-016
1020	5.19355e-016
1022.5	5.597525e-016
1025	8.466e-016
1027.5	6.501175e-016
1030	6.712375e-016
1032.5	7.081475e-016
1035	7.282325e-016
1037.5	1.40926e-015
1040	6.6566e-016
1042.5	6.4381e-016
1045	5.874825e-016
1047.5	0
1050	0
1052.5	5.2255e-016
1055	5.219175e-016
1057.5	5.307125e-016
1060	0
1062.5	1.127635e-015
1065	5.2147e-016
1067.5	5.319325e-016
1070	5.195925e-016
1072.5	7.5981e-016
1075	0
1077.5	5.267425e-016
1080	5.35845e-016
1082.5	5.562025e-016
1085	8.385975e-016
1087.5	1.09128e-015
1090	5.436025e-016
1092.5	5.376125e-016
1095	5.144275e-016
1097.5	5.113725e-016
1100	4.888075e-016
1102.5	5.04335e-016
1105	4.8754e-016
1107.5	5.120175e-016
1110	7.5333e-016
1112.5	1.002505e-015
1115	5.079125e-016
1117.5	5.381075e-016
1120	5.4625e-016
1122.5	1.09324e-015
1125	2.719025e-016
1127.5	5.41375e-016
1130	5.3985e-016
1132.5	5.41835e-016
1135	7.761675e-016
1137.5	0
1140	5.18645e-016
1142.5	5.162675e-016
1145	5.0763e-016
1147.5	2.3810375e-016
1150	4.719425e-016
1152.5	4.899575e-016
1155	5.019e-016
1157.5	5.3117e-016
1160	1.0419e-015
1162.5	5.221375e-016
1165	5.521975e-016
1167.5	5.561475e-016
1170	5.52145e-016
1172.5	0
1175	5.789175e-016
1177.5	5.9904e-016
1180	5.969575e-016
1182.5	6.21805e-016
1185	1.248175e-015
1187.5	0
1190	6.79185e-016
1192.5	7.20475e-016
1195	7.3413e-016
1197.5	2.668375e-016
1200	2.83865e-016
1202.5	6.35785e-016
1205	7.091175e-016
1207.5	5.5264e-016
1210	1.862225e-015
1212.5	1.16938125e-015
1215	8.690325e-016
1217.5	9.63425e-016
1220	9.19455e-016
1222.5	1.677585e-015
1225	3.273325e-016
1227.5	6.50255e-016
1230	6.051825e-016
1232.5	6.3018e-016
1235.0  5.73658e-16
1240.0  6.45081e-16
1245.0  6.1893e-16
1250.0  9.14578e-16
1255.0  0.0
1260.0  0.0
1265.0  7.55336e-16
1270.0  3.42799e-16
1275.0  3.59204e-16
1280.0  1.05704e-15
1285.0  1.52699e-15
1290.0  6.2003e-16
1295.0  6.83461e-16
1300.0  9.83676e-16
1305.0  4.85252e-16
1310.0  5.39075e-16
1315.0  2.57107e-16
1320.0  4.25318e-16
1325.0  3.16554e-16
1330.0  4.58472e-16
1335.0  5.06451e-16
1340.0  7.43754e-16
1345.0  4.11359e-16
1350.0  5.45853e-16
1355.0  1.17215e-15
1360.0  8.52817e-16
1365.0  3.38855e-16
1370.0  4.7635e-16
1375.0  1.40606e-16
1380.0  6.43349e-16
1385.0  3.60658e-16
1390.0  6.8844e-16
1395.0  1.19017e-15
1400.0  1.13368e-15
1405.0  1.20245e-15
1410.0  3.86608e-16
1415.0  3.8792e-16
1420.0  7.12727e-16
1425.0  5.60754e-16
1430.0  4.71177e-16
1435.0  4.99195e-16
1440.0  5.20336e-16
1445.0  6.96003e-16
1450.0  3.52078e-16
1455.0  3.48268e-16
1460.0  4.70039e-16
1465.0  2.86795e-16
1470.0  7.98884e-16
1475.0  9.44777e-16
1480.0  9.42324e-16
1485.0  8.82644e-16
1490.0  9.54889e-16
1495.0  1.73669e-15
1500.0  1.42679e-15
1505.0  1.16947e-15
1510.0  4.84775e-16
1515.0  1.13682e-15
1520.0  1.33392e-15
1525.0  9.87798e-16
1530.0  9.96758e-16
1535.0  8.58197e-16
1540.0  1.29743e-15
1545.0  2.36994e-15
1550.0  1.48315e-15
1555.0  1.02296e-15
1560.0  9.58877e-16
1565.0  9.42875e-16
1570.0  7.21308e-16
1575.0  1.5203e-15
1580.0  6.36032e-16
1585.0  5.80435e-16
1590.0  1.26049e-15
1595.0  8.22795e-16
1600.0  2.65223e-16
1605.0  2.33337e-16
1610.0  3.42097e-16
1615.0  9.11658e-16
1620.0  2.09748e-16
1625.0  5.91013e-16
1630.0  7.92305e-16
1635.0  9.4481e-16
1640.0  9.66988e-16
1645.0  6.21374e-16
1650.0  5.60523e-16
1655.0  5.64476e-16
1660.0  2.19942e-15
1665.0  1.03344e-15
1670.0  4.3863e-16
1675.0  6.41351e-16
1680.0  4.21706e-17
1685.0  4.93669e-16
1690.0  6.49044e-16
1695.0  7.32113e-16
1700.0  7.81747e-16
1705.0  5.48741e-16
1710.0  3.35406e-16
1715.0  5.35647e-16
1720.0  3.9973e-16
1725.0  4.25208e-16
1730.0  1.07579e-15
1735.0  6.62251e-16
1740.0  8.93759e-16
1745.0  1.42007e-15
1750.0  1.28468e-15
1755.0  8.3822e-16
1760.0  7.07951e-16
1765.0  8.10892e-16
1770.0  7.38049e-16
1775.0  5.51141e-16
1780.0  5.74443e-16
1785.0  6.81485e-16
1790.0  5.7362e-16
1795.0  7.18561e-16
1800.0  5.86269e-16
1805.0  6.69872e-16
1810.0  8.18442e-16
1815.0  7.00651e-16
1820.0  6.97654e-16
1825.0  7.98088e-16
1830.0  6.38059e-16
1835.0  7.48994e-16
1840.0  5.2917e-16
1845.0  7.59588e-16
1850.0  5.88312e-16
1855.0  5.82938e-16
1860.0  6.45047e-16
1865.0  4.21625e-16
1870.0  6.21011e-16
1875.0  7.13896e-16
1880.0  7.15905e-16
1885.0  1.19737e-15
1890.0  9.44783e-16
1895.0  9.18507e-16
1900.0  1.46855e-15
1905.0  1.7369e-15
1910.0  1.70881e-15
1915.0  8.99329e-16
1920.0  2.68173e-16
1925.0  3.68274e-16
1930.0  4.25213e-16
1935.0  2.65958e-16
1940.0  4.30659e-16
1945.0  3.5503e-16
1950.0  5.37883e-16
1955.0  5.22755e-16
1960.0  7.07503e-16
1965.0  7.41349e-16
1970.0  1.04674e-15
1975.0  6.67776e-16
1980.0  0.0
1985.0  4.39957e-16
1990.0  8.59193e-16
1995.0  1.13638e-15
2000.0  5.69547e-16
2005.0  4.81523e-16
2010.0  1.23024e-15
2015.0  0.0
2020.0  9.16566e-16
2025.0  9.61494e-16
2030.0  1.3386e-16
2035.0  0.0
2040.0  1.32879e-16
2045.0  6.45805e-16
2050.0  1.39433e-15
2055.0  2.18976e-16
2060.0  3.02887e-16
2065.0  1.99828e-16
2070.0  0.0
2075.0  2.47948e-16
2080.0  1.2164e-15
2085.0  1.00411e-16
2090.0  7.12001e-16
2095.0  0.0
2100.0  2.36708e-16
2105.0  3.80095e-16
2110.0  7.12313e-17
2115.0  8.88519e-16
2120.0  0.0
2125.0  4.84145e-16
2130.0  7.77305e-16
2135.0  4.37722e-16
2140.0  5.81543e-17
2145.0  3.88653e-16
2150.0  0.0
2155.0  7.65311e-16
2160.0  0.0
2165.0  0.0
2170.0  5.80469e-16
2175.0  9.3768e-16
2180.0  4.44785e-16
2185.0  3.51328e-16
2190.0  3.55217e-16
2195.0  6.79463e-16
2200.0  5.47043e-16
2205.0  1.39378e-15
2210.0  3.68132e-17
2215.0  5.27104e-16
2220.0  0.0
2225.0  0.0
2230.0  3.3079e-16
2235.0  1.63546e-16
2240.0  3.84811e-16
2245.0  1.3441e-16
2250.0  1.1124e-15
2255.0  8.4195e-16
2260.0  9.74507e-16
2265.0  2.29837e-16
2270.0  2.13287e-16
2275.0  1.0608e-15
2280.0  7.78381e-16
2285.0  1.25104e-16
2290.0  1.69174e-16
2295.0  4.66568e-16
2300.0  6.28828e-16
2305.0  7.85502e-16
2310.0  3.43422e-16
2315.0  1.44078e-15
2320.0  1.27385e-15
2325.0  2.15718e-15
2330.0  2.32525e-15
2335.0  1.77931e-15
2340.0  8.50244e-16
2345.0  8.87824e-16
2350.0  5.32551e-16
2355.0  8.00013e-16
2360.0  1.15259e-15
2365.0  3.87462e-16
2370.0  1.07681e-15
2375.0  3.57203e-16
2380.0  5.43125e-16
2385.0  4.23576e-16
2390.0  3.60984e-16
2395.0  5.52745e-17
2400.0  6.57736e-16
2405.0  7.02588e-16
2410.0  2.42946e-16
2415.0  4.89957e-16
2420.0  5.64725e-16
2425.0  9.13693e-16
2430.0  6.96619e-16
2435.0  5.70986e-16
2440.0  7.81346e-16
2445.0  1.16561e-15
2450.0  7.74361e-16
2455.0  9.83892e-16
2460.0  1.17155e-15
2465.0  1.35145e-15
2470.0  9.62353e-16
2475.0  7.21682e-16
2480.0  1.31952e-15
2485.0  8.10647e-16
2490.0  2.64439e-16
2495.0  5.79624e-16
2500.0  8.26586e-16
2505.0  7.4024e-16
2510.0  6.33632e-16
2515.0  7.55926e-16
2520.0  4.60626e-16
2525.0  4.99748e-16
2530.0  9.26989e-16
2535.0  4.15525e-16
2540.0  8.6558e-16
2545.0  6.37092e-16
2550.0  7.33117e-16
2555.0  5.51238e-16
2560.0  6.34582e-16
2565.0  8.37808e-16
2570.0  9.55715e-16
2575.0  9.56522e-16
2580.0  8.25459e-16
2585.0  7.20036e-16
2590.0  6.94216e-16
2595.0  9.62231e-16
2600.0  7.29965e-16
2605.0  9.97852e-16
2610.0  1.16494e-15
2615.0  1.06153e-15
2620.0  1.07259e-15
2625.0  1.0924e-15
2630.0  1.18976e-15
2635.0  1.14665e-15
2640.0  1.15075e-15
2645.0  1.21778e-15
2650.0  1.26673e-15
2655.0  1.12222e-15
2660.0  1.26384e-15
2665.0  1.25661e-15
2670.0  1.39541e-15
2675.0  1.18465e-15
2680.0  1.474e-15
2685.0  1.49022e-15
2690.0  1.43147e-15
2695.0  1.18935e-15
2700.0  1.0202e-15
2705.0  1.36366e-15
2710.0  1.26776e-15
2715.0  1.22382e-15
2720.0  1.12068e-15
2725.0  1.01699e-15
2730.0  1.03539e-15
2735.0  1.21267e-15
2740.0  1.00624e-15
2745.0  1.35494e-15
2750.0  1.25953e-15
2755.0  1.14811e-15
2760.0  1.31565e-15
2765.0  1.38756e-15
2770.0  1.3688e-15
2775.0  1.43005e-15
2780.0  1.61433e-15
2785.0  1.96222e-15
2790.0  2.42902e-15
2795.0  2.37284e-15
2800.0  2.14878e-15
2805.0  1.86797e-15
2810.0  2.09387e-15
2815.0  1.97056e-15
2820.0  1.66054e-15
2825.0  1.66842e-15
2830.0  1.43719e-15
2835.0  1.56821e-15
2840.0  1.32728e-15
2845.0  1.16825e-15
2850.0  1.11339e-15
2855.0  9.59395e-16
2860.0  1.4658e-15
2865.0  1.42418e-15
2870.0  1.45708e-15
2875.0  1.52438e-15
2880.0  1.76535e-15
2885.0  1.61835e-15
2890.0  1.99001e-15
2895.0  2.33921e-15
2900.0  2.31462e-15
2905.0  2.49563e-15
2910.0  2.42419e-15
2915.0  2.65145e-15
2920.0  2.42194e-15
2925.0  2.53875e-15
2930.0  2.57349e-15
2935.0  2.31991e-15
2940.0  2.83192e-15
2945.0  2.34203e-15
2950.0  2.4173e-15
2955.0  2.97504e-15
2960.0  2.85688e-15
2965.0  2.12779e-15
2970.0  2.51793e-15
2975.0  2.63172e-15
2980.0  2.69499e-15
2985.0  2.63855e-15
2990.0  2.62505e-15
2995.0  2.25189e-15
3000.0  2.36788e-15
3005.0  2.34046e-15
3010.0  2.50855e-15
3015.0  2.14263e-15
3020.0  2.25115e-15
3025.0  2.41169e-15
3030.0  2.80217e-15
3035.0  3.22278e-15
3040.0  3.07904e-15
3045.0  3.05258e-15
3050.0  2.92687e-15
3055.0  2.8571e-15
3060.0  2.74937e-15
3065.0  3.15919e-15
3070.0  3.27425e-15
3075.0  3.67263e-15
3080.0  3.50588e-15
3085.0  3.39372e-15
3090.0  3.06447e-15
3095.0  2.97836e-15
3100.0  3.94551e-15
3105.0  3.32744e-15
3110.0  3.80911e-15
3115.0  3.65356e-15
3120.0  4.35018e-15
3125.0  3.92854e-15
3130.0  3.95027e-15
3135.0  3.81527e-15
3140.0  3.97143e-15
3145.0  3.58878e-15
3150.0  3.6957e-15
3155.0  3.06591e-15
3160.0  2.7708e-15
3165.0  3.60333e-15
3170.0  4.24029e-15
3175.0  3.54129e-15
3180.0  2.94655e-15
3185.0  4.41816e-15
3190.0  3.69331e-15
3195.0  3.06766e-15
3200.0  3.95756e-15
3205.0  2.96996e-15
3210.0  2.71106e-15
3215.0  3.35236e-15
3220.0  3.7547e-15
3225.0  3.55654e-15
3230.0  4.12053e-15
3235.0  2.84083e-15
3240.0  3.60739e-15
3245.0  4.49659e-15
3250.0  4.93478e-15
3255.0  4.68981e-15
3260.0  5.45186e-15
3265.0  6.15018e-15
3270.0  2.17215e-15
3275.0  5.49339e-15
3280.0  6.95568e-15
3285.0  7.62268e-15
3290.0  8.7655e-15
3295.0  6.70696e-15
3300.0  6.8e-15
3305.0  6.9e-15
3310.0  7e-15
3315.0  7.1e-15
3320.0  7.2e-15
3325.0  7.3e-15
3330.0  7.4e-15
3335.0  7.5e-15
3340.0  7.6e-15
3345.0  7.7e-15
3350.0  7.8e-15
3355.0  7.9e-15
3360.0  8.01545e-15
3365.0  7.81241e-15
3370.0  9.2661e-15
3375.0  7.43384e-15
3380.0  9.05161e-15
3385.0  8.53214e-15
3390.0  8.60299e-15
3395.0  9.44937e-15
3400.0  9.6188e-15
3405.0  9.8115e-15
3410.0  1.04468e-14
3415.0  1.12838e-14
3420.0  9.9823e-15
3425.0  7.70481e-15
3430.0  7.36262e-15
3435.0  7.34329e-15
3440.0  9.63916e-15
3445.0  9.68369e-15
3450.0  8.20879e-15
3455.0  7.96329e-15
3460.0  7.61271e-15
3465.0  6.95217e-15
3470.0  6.12143e-15
3475.0  5.33e-15
3480.0  6.80897e-15
3485.0  7.63608e-15
3490.0  5.45113e-15
3495.0  8.24961e-15
3500.0  1.03442e-14
3505.0  1.04206e-14
3510.0  8.60771e-15
3515.0  6.69091e-15
3520.0  4.4563e-15
3525.0  4.40994e-15
3530.0  6.11502e-15
3535.0  7.48041e-15
3540.0  6.60082e-15
3545.0  6.11898e-15
3550.0  7.08144e-15
3555.0  6.07038e-15
3560.0  6.54416e-15
3565.0  8.54564e-15
3570.0  9.67642e-15
3575.0  8.87164e-15
3580.0  7.79006e-15
3585.0  9.62049e-15
3590.0  1.01234e-14
3595.0  9.28612e-15
3600.0  7.70382e-15
3605.0  7.16791e-15
3610.0  7.31013e-15
3615.0  7.57335e-15
3620.0  8.82979e-15
3625.0  1.00439e-14
3630.0  1.00754e-14
3635.0  1.07191e-14
3640.0  1.00659e-14
3645.0  9.24971e-15
3650.0  8.86328e-15
3655.0  1.07866e-14
3660.0  1.09226e-14
3665.0  9.78768e-15
3670.0  9.42516e-15
3675.0  1.04407e-14
3680.0  1.10048e-14
3685.0  1.04533e-14
3690.0  1.03207e-14
3695.0  9.21818e-15
3700.0  9.79271e-15
3705.0  1.016e-14
3710.0  9.66615e-15
3715.0  1.04923e-14
3720.0  1.24476e-14
3725.0  1.04158e-14
3730.0  7.21348e-15
3735.0  8.3433e-15
3740.0  7.7813e-15
3745.0  7.61064e-15
3750.0  8.75479e-15
3755.0  8.31824e-15
3760.0  8.24763e-15
3765.0  9.7909e-15
3770.0  1.16887e-14
3775.0  1.10124e-14
3780.0  9.36601e-15
3785.0  7.7743e-15
3790.0  8.14558e-15
3795.0  7.87836e-15
3800.0  8.76741e-15
3805.0  8.91419e-15
3810.0  9.18515e-15
3815.0  8.08348e-15
3820.0  6.70625e-15
3825.0  7.67712e-15
3830.0  7.02653e-15
3835.0  6.72438e-15
3840.0  7.73464e-15
3845.0  8.72609e-15
3850.0  9.27021e-15
3855.0  7.67502e-15
3860.0  8.85216e-15
3865.0  8.65746e-15
3870.0  8.83363e-15
3875.0  9.52236e-15
3880.0  9.02849e-15
3885.0  9.75699e-15
3890.0  9.98854e-15
3895.0  1.14779e-14
3900.0  1.1336e-14
3905.0  1.15596e-14
3910.0  1.1133e-14
3915.0  9.53661e-15
3920.0  8.97807e-15
3925.0  7.5784e-15
3930.0  6.26156e-15
3935.0  7.47358e-15
3940.0  8.92147e-15
3945.0  9.62981e-15
3950.0  1.13042e-14
3955.0  1.15044e-14
3960.0  9.12287e-15
3965.0  8.43645e-15
3970.0  1.04168e-14
3975.0  1.21936e-14
3980.0  1.45728e-14
3985.0  1.55375e-14
3990.0  1.51435e-14
3995.0  1.52096e-14
4000.0  1.68936e-14
4005.0  1.67831e-14
4010.0  1.82733e-14
4015.0  1.82823e-14
4020.0  1.8467e-14
4025.0  1.8461e-14
4030.0  1.7185e-14
4035.0  1.67721e-14
4040.0  1.66901e-14
4045.0  1.64199e-14
4050.0  1.68943e-14
4055.0  1.58093e-14
4060.0  1.52511e-14
4065.0  1.7529e-14
4070.0  1.70162e-14
4075.0  1.74017e-14
4080.0  1.86016e-14
4085.0  1.94672e-14
4090.0  1.84857e-14
4095.0  1.74148e-14
4100.0  1.68055e-14
4105.0  1.6704e-14
4110.0  1.72908e-14
4115.0  1.74105e-14
4120.0  1.73236e-14
4125.0  1.68233e-14
4130.0  1.62952e-14
4135.0  1.60649e-14
4140.0  1.5737e-14
4145.0  1.56892e-14
4150.0  1.57748e-14
4155.0  1.60789e-14
4160.0  1.6227e-14
4165.0  1.67644e-14
4170.0  1.59763e-14
4175.0  1.58457e-14
4180.0  1.62422e-14
4185.0  1.66677e-14
4190.0  1.74529e-14
4195.0  1.68352e-14
4200.0  1.6834e-14
4205.0  1.86522e-14
4210.0  1.91428e-14
4215.0  1.74195e-14
4220.0  1.66905e-14
4225.0  1.61003e-14
4230.0  1.65703e-14
4235.0  1.83448e-14
4240.0  2.01254e-14
4245.0  2.12737e-14
4250.0  1.98019e-14
4255.0  1.86277e-14
4260.0  1.83373e-14
4265.0  1.80435e-14
4270.0  1.78825e-14
4275.0  1.86938e-14
4280.0  1.8927e-14
4285.0  1.88127e-14
4290.0  1.80574e-14
4295.0  1.61312e-14
4300.0  1.48491e-14
4305.0  1.56737e-14
4310.0  1.82299e-14
4315.0  2.08813e-14
4320.0  2.1583e-14
4325.0  2.20185e-14
4330.0  2.27248e-14
4335.0  2.16322e-14
4340.0  2.21441e-14
4345.0  2.29279e-14
4350.0  2.37888e-14
4355.0  2.3479e-14
4360.0  2.46688e-14
4365.0  2.48108e-14
4370.0  2.25497e-14
4375.0  2.17494e-14
4380.0  2.10899e-14
4385.0  2.15129e-14
4390.0  2.26187e-14
4395.0  2.21495e-14
4400.0  2.22105e-14
4405.0  2.25828e-14
4410.0  2.44045e-14
4415.0  2.53994e-14
4420.0  2.50646e-14
4425.0  2.39098e-14
4430.0  2.40028e-14
4435.0  2.51204e-14
4440.0  2.57696e-14
4445.0  2.5692e-14
4450.0  2.49977e-14
4455.0  2.38667e-14
4460.0  2.45682e-14
4465.0  2.59595e-14
4470.0  2.68439e-14
4475.0  2.77269e-14
4480.0  2.73453e-14
4485.0  2.73248e-14
4490.0  2.71785e-14
4495.0  2.78818e-14
4500.0  2.88974e-14
4505.0  2.87347e-14
4510.0  2.8916e-14
4515.0  2.90582e-14
4520.0  2.84806e-14
4525.0  2.65469e-14
4530.0  2.61256e-14
4535.0  2.7498e-14
4540.0  2.75833e-14
4545.0  2.81713e-14
4550.0  2.83268e-14
4555.0  2.91298e-14
4560.0  3.03654e-14
4565.0  3.00696e-14
4570.0  2.97332e-14
4575.0  2.98761e-14
4580.0  2.92183e-14
4585.0  2.88726e-14
4590.0  2.8887e-14
4595.0  2.97468e-14
4600.0  2.99431e-14
4605.0  2.98268e-14
4610.0  3.11107e-14
4615.0  3.20546e-14
4620.0  3.16383e-14
4625.0  3.0806e-14
4630.0  2.9616e-14
4635.0  2.86895e-14
4640.0  2.84871e-14
4645.0  2.70909e-14
4650.0  2.78296e-14
4655.0  2.9641e-14
4660.0  2.89343e-14
4665.0  2.88092e-14
4670.0  2.9418e-14
4675.0  2.90766e-14
4680.0  2.87701e-14
4685.0  2.9445e-14
4690.0  2.90868e-14
4695.0  2.90494e-14
4700.0  2.81925e-14
4705.0  2.82337e-14
4710.0  2.92551e-14
4715.0  3.02848e-14
4720.0  3.11073e-14
4725.0  3.06514e-14
4730.0  3.01962e-14
4735.0  3.03645e-14
4740.0  3.16626e-14
4745.0  3.26527e-14
4750.0  3.24806e-14
4755.0  3.19776e-14
4760.0  3.08199e-14
4765.0  3.08448e-14
4770.0  3.15624e-14
4775.0  3.20408e-14
4780.0  3.18612e-14
4785.0  3.16734e-14
4790.0  3.19255e-14
4795.0  3.24464e-14
4800.0  3.21254e-14
4805.0  3.12394e-14
4810.0  3.18391e-14
4815.0  3.29653e-14
4820.0  3.24717e-14
4825.0  3.36794e-14
4830.0  3.35446e-14
4835.0  3.20548e-14
4840.0  3.17178e-14
4845.0  3.14415e-14
4850.0  3.18035e-14
4855.0  3.10559e-14
4860.0  3.15106e-14
4865.0  3.13824e-14
4870.0  3.03281e-14
4875.0  3.11379e-14
4880.0  3.09875e-14
4885.0  3.03743e-14
4890.0  3.06617e-14
4895.0  3.09179e-14
4900.0  3.16165e-14
4905.0  3.19711e-14
4910.0  3.16108e-14
4915.0  3.07906e-14
4920.0  2.9797e-14
4925.0  3.07296e-14
4930.0  3.19466e-14
4935.0  3.21224e-14
4940.0  3.30953e-14
4945.0  3.38231e-14
4950.0  3.34655e-14
4955.0  3.37503e-14
4960.0  3.26151e-14
4965.0  3.16786e-14
4970.0  3.24833e-14
4975.0  3.1546e-14
4980.0  3.04021e-14
4985.0  3.0635e-14
4990.0  3.11891e-14
4995.0  3.21035e-14
5000.0  3.36465e-14
5005.0  3.32321e-14
5010.0  3.08019e-14
5015.0  2.93872e-14
5020.0  3.01026e-14
5025.0  3.01229e-14
5030.0  3.02396e-14
5035.0  3.02614e-14
5040.0  2.9708e-14
5045.0  3.01111e-14
5050.0  3.08652e-14
5055.0  3.17525e-14
5060.0  3.14915e-14
5065.0  3.01217e-14
5070.0  3.03047e-14
5075.0  2.98186e-14
5080.0  2.90186e-14
5085.0  2.97092e-14
5090.0  3.00329e-14
5095.0  2.98605e-14
5100.0  2.97951e-14
5105.0  2.99697e-14
5110.0  3.09548e-14
5115.0  3.14343e-14
5120.0  3.05756e-14
5125.0  2.89685e-14
5130.0  2.92987e-14
5135.0  2.94544e-14
5140.0  2.98383e-14
5145.0  2.90202e-14
5150.0  2.88085e-14
5155.0  2.97591e-14
5160.0  2.85753e-14
5165.0  2.53074e-14
5170.0  2.42854e-14
5175.0  2.54508e-14
5180.0  2.59353e-14
5185.0  2.72016e-14
5190.0  2.90032e-14
5195.0  3.08842e-14
5200.0  3.1603e-14
5205.0  2.97249e-14
5210.0  3.01746e-14
5215.0  3.18478e-14
5220.0  3.20683e-14
5225.0  3.10658e-14
5230.0  3.17261e-14
5235.0  3.32865e-14
5240.0  3.32344e-14
5245.0  3.29271e-14
5250.0  3.30544e-14
5255.0  3.22527e-14
5260.0  3.04937e-14
5265.0  2.95655e-14
5270.0  3.13134e-14
5275.0  3.33488e-14
5280.0  3.49813e-14
5285.0  3.64546e-14
5290.0  3.60242e-14
5295.0  3.48721e-14
5300.0  3.46537e-14
5305.0  3.53127e-14
5310.0  3.71688e-14
5315.0  3.73365e-14
5320.0  3.54887e-14
5325.0  3.40303e-14
5330.0  3.48152e-14
5335.0  3.60161e-14
5340.0  3.68758e-14
5345.0  3.68543e-14
5350.0  3.83575e-14
5355.0  3.88194e-14
5360.0  3.79708e-14
5365.0  3.75505e-14
5370.0  3.66816e-14
5375.0  3.71166e-14
5380.0  3.79164e-14
5385.0  3.74661e-14
5390.0  3.54092e-14
5395.0  3.44371e-14
5400.0  3.414e-14
5405.0  3.42727e-14
5410.0  3.5381e-14
5415.0  3.72167e-14
5420.0  3.81092e-14
5425.0  3.75146e-14
5430.0  3.68191e-14
5435.0  3.77646e-14
5440.0  3.76509e-14
5445.0  3.67181e-14
5450.0  3.61949e-14
5455.0  3.72018e-14
5460.0  3.76104e-14
5465.0  3.72311e-14
5470.0  3.63738e-14
5475.0  3.56965e-14
5480.0  3.63025e-14
5485.0  3.65197e-14
5490.0  3.6666e-14
5495.0  3.69081e-14
5500.0  3.67171e-14
5505.0  3.65585e-14
5510.0  3.67031e-14
5515.0  3.71557e-14
5520.0  3.71471e-14
5525.0  3.6947e-14
5530.0  3.78756e-14
5535.0  3.88673e-14
5540.0  3.89309e-14
5545.0  3.86638e-14
5550.0  3.84855e-14
5555.0  3.82563e-14
5560.0  3.80576e-14
5565.0  3.799e-14
5570.0  3.85024e-14
5575.0  3.99882e-14
5580.0  3.80572e-14
5585.0  3.62635e-14
5590.0  3.66346e-14
5595.0  3.72302e-14
5600.0  3.8094e-14
5605.0  3.90471e-14
5610.0  3.81652e-14
5615.0  3.66194e-14
5620.0  3.67235e-14
5625.0  3.75502e-14
5630.0  3.7347e-14
5635.0  3.78105e-14
5640.0  3.83496e-14
5645.0  3.8469e-14
5650.0  3.7945e-14
5655.0  3.74688e-14
5660.0  3.87748e-14
5665.0  3.91554e-14
5670.0  3.93443e-14
5675.0  3.96407e-14
5680.0  3.83418e-14
5685.0  3.86464e-14
5690.0  3.88946e-14
5695.0  3.94809e-14
5700.0  3.90032e-14
5705.0  3.79615e-14
5710.0  3.80748e-14
5715.0  4.06403e-14
5720.0  4.10547e-14
5725.0  4.13268e-14
5730.0  4.09686e-14
5735.0  4.1004e-14
5740.0  4.09968e-14
5745.0  4.05565e-14
5750.0  3.9975e-14
5755.0  4.029e-14
5760.0  4.04008e-14
5765.0  4.10464e-14
5770.0  4.1021e-14
5775.0  4.10074e-14
5780.0  3.97992e-14
5785.0  3.90521e-14
5790.0  3.99803e-14
5795.0  4.15963e-14
5800.0  4.31102e-14
5805.0  4.29834e-14
5810.0  4.24089e-14
5815.0  4.26869e-14
5820.0  4.27253e-14
5825.0  4.28209e-14
5830.0  4.24775e-14
5835.0  4.21205e-14
5840.0  4.20703e-14
5845.0  4.20732e-14
5850.0  4.02061e-14
5855.0  3.95191e-14
5860.0  3.94629e-14
5865.0  4.00115e-14
5870.0  4.05214e-14
5875.0  4.01478e-14
5880.0  3.73862e-14
5885.0  3.29137e-14
5890.0  2.95545e-14
5895.0  3.05415e-14
5900.0  3.52922e-14
5905.0  3.92576e-14
5910.0  4.03918e-14
5915.0  3.97749e-14
5920.0  3.95064e-14
5925.0  3.91232e-14
5930.0  3.98988e-14
5935.0  4.09476e-14
5940.0  4.03244e-14
5945.0  4.05328e-14
5950.0  4.08157e-14
5955.0  4.04633e-14
5960.0  4.07392e-14
5965.0  4.08085e-14
5970.0  4.1673e-14
5975.0  4.19132e-14
5980.0  4.14201e-14
5985.0  4.07567e-14
5990.0  4.09424e-14
5995.0  4.16525e-14
6000.0  4.1895e-14
6005.0  4.13679e-14
6010.0  4.07637e-14
6015.0  4.18964e-14
6020.0  4.31191e-14
6025.0  4.35481e-14
6030.0  4.36255e-14
6035.0  4.38692e-14
6040.0  4.38877e-14
6045.0  4.38355e-14
6050.0  4.43261e-14
6055.0  4.30825e-14
6060.0  4.25037e-14
6065.0  4.33784e-14
6070.0  4.4388e-14
6075.0  4.42152e-14
6080.0  4.31198e-14
6085.0  4.37135e-14
6090.0  4.37716e-14
6095.0  4.25306e-14
6100.0  4.20905e-14
6105.0  4.29284e-14
6110.0  4.34364e-14
6115.0  4.36715e-14
6120.0  4.2447e-14
6125.0  4.15216e-14
6130.0  4.1649e-14
6135.0  4.22048e-14
6140.0  4.29816e-14
6145.0  4.27941e-14
6150.0  4.22631e-14
6155.0  4.07813e-14
6160.0  4.00703e-14
6165.0  3.99264e-14
6170.0  4.03433e-14
6175.0  4.13053e-14
6180.0  4.17463e-14
6185.0  4.02829e-14
6190.0  4.0816e-14
6195.0  4.14228e-14
6200.0  4.10302e-14
6205.0  4.12163e-14
6210.0  4.03214e-14
6215.0  3.97268e-14
6220.0  3.95071e-14
6225.0  3.86461e-14
6230.0  3.85461e-14
6235.0  3.80167e-14
6240.0  3.82334e-14
6245.0  3.84544e-14
6250.0  3.77317e-14
6255.0  3.67689e-14
6260.0  3.67726e-14
6265.0  3.83842e-14
6270.0  3.96145e-14
6275.0  3.8958e-14
6280.0  3.79175e-14
6285.0  3.87805e-14
6290.0  4.03776e-14
6295.0  4.08499e-14
6300.0  4.12608e-14
6305.0  3.99795e-14
6310.0  3.89541e-14
6315.0  3.9991e-14
6320.0  4.06328e-14
6325.0  4.17947e-14
6330.0  4.12125e-14
6335.0  4.03839e-14
6340.0  3.9315e-14
6345.0  4.02289e-14
6350.0  4.10158e-14
6355.0  4.08846e-14
6360.0  4.1773e-14
6365.0  4.19044e-14
6370.0  4.07839e-14
6375.0  3.99999e-14
6380.0  4.02987e-14
6385.0  4.00531e-14
6390.0  4.11845e-14
6395.0  4.18241e-14
6400.0  4.07541e-14
6405.0  4.15458e-14
6410.0  4.20994e-14
6415.0  4.22023e-14
6420.0  4.31607e-14
6425.0  4.27019e-14
6430.0  4.38697e-14
6435.0  4.52401e-14
6440.0  4.35314e-14
6445.0  4.20548e-14
6450.0  4.23198e-14
6455.0  4.29211e-14
6460.0  4.35792e-14
6465.0  4.31574e-14
6470.0  4.24524e-14
6475.0  4.1446e-14
6480.0  4.14856e-14
6485.0  4.07699e-14
6490.0  3.97707e-14
6495.0  3.91657e-14
6500.0  4.15654e-14
6505.0  4.2908e-14
6510.0  4.34229e-14
6515.0  4.38378e-14
6520.0  4.34636e-14
6525.0  4.31264e-14
6530.0  4.40165e-14
6535.0  4.48215e-14
6540.0  4.56673e-14
6545.0  4.65242e-14
6550.0  4.61608e-14
6555.0  4.64735e-14
6560.0  4.73601e-14
6565.0  4.62088e-14
6570.0  4.53295e-14
6575.0  4.88444e-14
6580.0  5.42526e-14
6585.0  5.30967e-14
6590.0  4.78272e-14
6595.0  4.42e-14
6600.0  4.35686e-14
6605.0  4.44991e-14
6610.0  4.41342e-14
6615.0  4.38088e-14
6620.0  4.39956e-14
6625.0  4.36416e-14
6630.0  4.23407e-14
6635.0  4.12468e-14
6640.0  4.15496e-14
6645.0  4.29342e-14
6650.0  4.2108e-14
6655.0  4.12913e-14
6660.0  4.0789e-14
6665.0  4.09758e-14
6670.0  4.30402e-14
6675.0  4.26138e-14
6680.0  4.18276e-14
6685.0  4.32518e-14
6690.0  4.30302e-14
6695.0  4.2294e-14
6700.0  4.13503e-14
6705.0  4.27151e-14
6710.0  4.59201e-14
6715.0  4.48704e-14
6720.0  4.37927e-14
6725.0  4.50458e-14
6730.0  4.5999e-14
6735.0  4.35421e-14
6740.0  4.20868e-14
6745.0  4.15832e-14
6750.0  4.28119e-14
6755.0  4.3309e-14
6760.0  4.17014e-14
6765.0  4.2473e-14
6770.0  4.29555e-14
6775.0  4.25808e-14
6780.0  4.18658e-14
6785.0  4.18473e-14
6790.0  4.23895e-14
6795.0  4.3457e-14
6800.0  4.16806e-14
6805.0  4.11021e-14
6810.0  4.18335e-14
6815.0  4.2597e-14
6820.0  4.52007e-14
6825.0  4.5134e-14
6830.0  4.27448e-14
6835.0  4.29058e-14
6840.0  4.24864e-14
6845.0  4.09151e-14
6850.0  4.17517e-14
6855.0  4.13954e-14
6860.0  4.0094e-14
6865.0  3.61693e-14
6870.0  3.424e-14
6875.0  3.75328e-14
6880.0  3.87483e-14
6885.0  3.83545e-14
6890.0  3.8033e-14
6895.0  3.88749e-14
6900.0  3.97054e-14
6905.0  4.15134e-14
6910.0  4.0773e-14
6915.0  4.11741e-14
6920.0  4.28498e-14
6925.0  4.24676e-14
6930.0  4.27265e-14
6935.0  4.34682e-14
6940.0  4.18999e-14
6945.0  4.17923e-14
6950.0  4.23315e-14
6955.0  4.22453e-14
6960.0  4.33099e-14
6965.0  4.43841e-14
6970.0  4.52305e-14
6975.0  4.34738e-14
6980.0  4.36242e-14
6985.0  4.52395e-14
6990.0  4.35392e-14
6995.0  4.22624e-14
7000.0  4.23377e-14
7005.0  4.32761e-14
7010.0  4.26612e-14
7015.0  4.2434e-14
7020.0  4.28736e-14
7025.0  4.38973e-14
7030.0  4.55022e-14
7035.0  4.42196e-14
7040.0  4.50096e-14
7045.0  4.67345e-14
7050.0  4.40286e-14
7055.0  4.42593e-14
7060.0  4.34679e-14
7065.0  4.32085e-14
7070.0  4.24588e-14
7075.0  4.28929e-14
7080.0  4.35688e-14
7085.0  4.37988e-14
7090.0  4.20006e-14
7095.0  4.03279e-14
7100.0  3.94971e-14
7105.0  3.97861e-14
7110.0  4.191e-14
7115.0  4.31383e-14
7120.0  4.11117e-14
7125.0  4.1457e-14
7130.0  4.18634e-14
7135.0  4.04138e-14
7140.0  4.07982e-14
7145.0  4.2618e-14
7150.0  4.10934e-14
7155.0  4.08453e-14
7160.0  3.97875e-14
7165.0  3.87849e-14
7170.0  3.71396e-14
7175.0  3.68567e-14
7180.0  3.58901e-14
7185.0  3.52307e-14
7190.0  3.53092e-14
7195.0  3.42227e-14
7200.0  3.4147e-14
7205.0  3.62857e-14
7210.0  3.95583e-14
7215.0  3.98325e-14
7220.0  4.01016e-14
7225.0  4.09531e-14
7230.0  4.08499e-14
7235.0  4.13541e-14
7240.0  4.13759e-14
7245.0  4.02557e-14
7250.0  4.04315e-14
7255.0  3.71385e-14
7260.0  3.53524e-14
7265.0  3.73603e-14
7270.0  3.91554e-14
7275.0  3.77473e-14
7280.0  3.98152e-14
7285.0  4.04448e-14
7290.0  3.85117e-14
7295.0  4.10395e-14
7300.0  4.12279e-14
7305.0  4.12914e-14
7310.0  4.1832e-14
7315.0  4.18208e-14
7320.0  4.33891e-14
7325.0  4.34341e-14
7330.0  4.06114e-14
7335.0  4.32622e-14
7340.0  4.58307e-14
7345.0  4.52687e-14
7350.0  4.68449e-14
7355.0  4.49969e-14
7360.0  4.23913e-14
7365.0  4.54708e-14
7370.0  4.65594e-14
7375.0  4.55239e-14
7380.0  4.62927e-14
7385.0  4.68342e-14
7390.0  4.59231e-14
7395.0  4.74928e-14
7400.0  4.88233e-14
7405.0  4.53327e-14
7410.0  4.70357e-14
7415.0  4.81357e-14
7420.0  4.73923e-14
7425.0  4.73787e-14
7430.0  4.83935e-14
7435.0  4.99458e-14
7440.0  4.86232e-14
7445.0  4.75107e-14
7450.0  4.98042e-14
7455.0  4.75516e-14
7460.0  4.43654e-14
7465.0  4.77947e-14
7470.0  4.97681e-14
7475.0  4.82114e-14
7480.0  4.62455e-14
7485.0  4.5824e-14
7490.0  4.62088e-14
7495.0  4.57899e-14
7500.0  4.47104e-14
7505.0  4.65608e-14
7510.0  4.9127e-14
7515.0  4.7254e-14
7520.0  4.84738e-14
7525.0  4.85399e-14
7530.0  4.84629e-14
7535.0  4.88296e-14
7540.0  4.85075e-14
7545.0  4.8007e-14
7550.0  4.86581e-14
