800	4.582734e-015
802.5	2.93015466666666e-015
805	2.1945e-015
807.5	1.604784e-015
810	1.43837493333334e-015
812.5	3.154448e-015
815	2.57768866666666e-015
817.5	3.899848e-015
820	1.25330186666666e-015
822.5	2.38315733333334e-015
825	2.87082e-015
827.5	2.1262e-015
830	1.9204926e-015
832.5	1.106052e-015
835	2.91404666666666e-015
837.5	3.128496e-015
840	2.52352533333334e-015
842.5	3.66487333333333e-015
845	3.78310666666667e-015
847.5	3.25944533333334e-015
850	2.6284e-015
852.5	3.07197333333334e-015
855	4.484658e-015
857.5	4.80029733333334e-015
860	4.5496932e-015
862.5	4.02635333333333e-015
865	4.395084e-015
867.5	3.37656533333334e-015
870	5.07032666666667e-015
872.5	4.355312e-015
875	5.74568e-015
877.5	7.455256e-015
880	9.2909568e-015
882.5	6.68954733333334e-015
885	5.3904e-015
887.5	6.108e-015
890	2.40762933333333e-015
892.5	7.086552e-015
895	6.69873333333333e-015
897.5	5.857524e-015
900	5.954088e-015
902.5	6.57717333333334e-015
905	9.10015333333334e-015
907.5	6.68005333333334e-015
910	9.15993333333333e-015
912.5	8.99926666666667e-015
915	8.89272e-015
917.5	1.04649333333333e-014
920	1.5316392e-014
922.5	1.250992e-014
925	1.19075e-014
927.5	8.40592e-015
930	8.66058666666664e-015
932.5	1.444016e-014
935	1.322398e-014
937.5	1.02023333333333e-014
940	5.06432e-015
942.5	1.02260266666666e-014
945	1.29203333333333e-014
947.5	1.49204e-014
950	4.896672e-015
952.5	1.607864e-014
955	1.546816e-014
957.5	1.39892133333334e-014
960	1.275384e-014
962.5	1.536344e-014
965	1.059384e-014
967.5	1.123308e-014
970	2.21430293333334e-014
972.5	1.626584e-014
975	1.43029333333333e-014
977.5	1.64428733333334e-014
980	1.199772e-014
982.5	1.291494e-014
985	1.56235933333334e-014
987.5	1.4417e-014
990	2.3276656e-014
992.5	1.17946666666666e-014
995	1.746776e-014
997.5	1.712656e-014
1000	7.695744e-015
1002.5	1.40514e-014
1005	1.16656e-014
1007.5	1.16249066666666e-014
1010	1.05805933333333e-014
1012.5	1.688648e-014
1015	1.59683333333334e-014
1017.5	1.757056e-014
1020	2.6590976e-014
1022.5	1.19413866666666e-014
1025	1.80608e-014
1027.5	1.560282e-014
1030	3.436736e-014
1032.5	2.07723266666666e-014
1035	1.55356266666666e-014
1037.5	2.06691466666666e-014
1040	3.12416426666666e-014
1042.5	1.545144e-014
1045	1.879944e-014
1047.5	1.372752e-014
1050	1.570608e-014
1052.5	1.39346666666667e-014
1055	1.670136e-014
1057.5	1.13218666666666e-014
1060	1.16146286666666e-014
1062.5	1.65386466666666e-014
1065	1.39058666666667e-014
1067.5	1.56033533333334e-014
1070	2.6603136e-014
1072.5	1.35077333333333e-014
1075	1.38883333333333e-014
1077.5	1.12371733333334e-014
1080	1.714704e-014
1082.5	1.48320666666667e-014
1085	1.192672e-014
1087.5	1.45504e-014
1090	1.304646e-014
1092.5	1.57699666666666e-014
1095	1.234626e-014
1097.5	1.227294e-014
1100	6.256736e-015
1102.5	1.210404e-014
1105	1.30010666666667e-014
1107.5	1.638456e-014
1110	6.428416e-015
1112.5	1.33667333333333e-014
1115	1.35443333333333e-014
1117.5	1.57844866666666e-014
1120	2.2724e-014
1122.5	1.45765333333333e-014
1125	1.16011733333334e-014
1127.5	1.15493333333334e-014
1130	1.209264e-014
1132.5	1.15591466666666e-014
1135	1.10388266666666e-014
1137.5	1.55754866666666e-014
1140	2.43417386666666e-014
1142.5	1.51438466666666e-014
1145	1.218312e-014
1147.5	1.39687533333334e-014
1150	7.04767466666662e-015
1152.5	1.43720866666666e-014
1155	1.47224e-014
1157.5	1.13316266666666e-014
1160	1.625364e-014
1162.5	1.67084e-014
1165	1.47252666666667e-014
1167.5	1.48306e-014
1170	1.61962533333334e-014
1172.5	1.864984e-014
1175	1.698158e-014
1177.5	1.59744e-014
1180	1.65556213333334e-014
1182.5	1.492332e-014
1185	1.49781e-014
1187.5	1.39510933333334e-014
1190	2.8254096e-014
1192.5	2.30552e-014
1195	2.153448e-014
1197.5	1.30776e-014
1200	1.3813176e-014
1202.5	1.49830266666666e-014
1205	1.869176e-014
1207.5	1.626336e-014
1210	5.05838666666664e-015
1212.5	1.12978666666666e-014
1215	1.980904e-014
1217.5	1.90246666666667e-014
1220	7.85493866666664e-015
1222.5	1.413102e-014
1225	9.71196000000003e-015
1227.5	1.280816e-014
1230	1.09040586666666e-014
1232.5	1.216576e-014
1235.0  1.64445e-14
1240.0  1.86434e-14
1245.0  1.82399e-14
1250.0  1.71667e-14
1255.0  1.18084e-14
1260.0  1.1938e-14
1265.0  1.45793e-14
1270.0  1.81327e-14
1275.0  1.75734e-14
1280.0  1.68891e-14
1285.0  1.3755e-14
1290.0  1.24036e-14
1295.0  1.17376e-14
1300.0  1.19177e-14
1305.0  1.50905e-14
1310.0  1.52994e-14
1315.0  1.62896e-14
1320.0  1.59336e-14
1325.0  1.35443e-14
1330.0  1.22656e-14
1335.0  1.14941e-14
1340.0  1.25561e-14
1345.0  1.3919e-14
1350.0  1.56609e-14
1355.0  1.5036e-14
1360.0  1.47681e-14
1365.0  1.26731e-14
1370.0  1.02641e-14
1375.0  1.07126e-14
1380.0  8.95148e-15
1385.0  9.90735e-15
1390.0  8.17028e-15
1395.0  9.6534e-15
1400.0  1.174e-14
1405.0  1.42821e-14
1410.0  1.13267e-14
1415.0  1.23965e-14
1420.0  1.20339e-14
1425.0  9.0713e-15
1430.0  1.08572e-14
1435.0  9.77698e-15
1440.0  1.14717e-14
1445.0  1.64559e-14
1450.0  1.5033e-14
1455.0  1.34213e-14
1460.0  1.43035e-14
1465.0  1.81394e-14
1470.0  1.6113e-14
1475.0  1.73407e-14
1480.0  1.62312e-14
1485.0  1.67523e-14
1490.0  1.61054e-14
1495.0  1.64736e-14
1500.0  1.50873e-14
1505.0  1.7763e-14
1510.0  1.42586e-14
1515.0  1.46502e-14
1520.0  1.03592e-14
1525.0  1.16656e-14
1530.0  8.43416e-15
1535.0  9.798e-15
1540.0  1.10625e-14
1545.0  2.11298e-14
1550.0  3.05389e-14
1555.0  2.33991e-14
1560.0  2.27994e-14
1565.0  1.36189e-14
1570.0  1.4133e-14
1575.0  1.25122e-14
1580.0  1.22856e-14
1585.0  1.25032e-14
1590.0  9.7905e-15
1595.0  8.69131e-15
1600.0  1.09416e-14
1605.0  1.03389e-14
1610.0  1.01713e-14
1615.0  9.20364e-15
1620.0  8.19996e-15
1625.0  1.04356e-14
1630.0  1.11228e-14
1635.0  1.84035e-14
1640.0  2.65096e-14
1645.0  1.83519e-14
1650.0  2.00015e-14
1655.0  1.43662e-14
1660.0  1.21893e-14
1665.0  1.18095e-14
1670.0  1.10155e-14
1675.0  1.20012e-14
1680.0  1.44609e-14
1685.0  1.46192e-14
1690.0  1.3836e-14
1695.0  1.35547e-14
1700.0  1.2162e-14
1705.0  1.1551e-14
1710.0  1.39856e-14
1715.0  1.34353e-14
1720.0  1.37061e-14
1725.0  1.41942e-14
1730.0  1.51458e-14
1735.0  1.64444e-14
1740.0  1.60401e-14
1745.0  1.6222e-14
1750.0  1.85252e-14
1755.0  1.81706e-14
1760.0  1.54589e-14
1765.0  1.4655e-14
1770.0  1.30437e-14
1775.0  1.20408e-14
1780.0  1.20738e-14
1785.0  1.14787e-14
1790.0  1.31266e-14
1795.0  1.36038e-14
1800.0  1.44816e-14
1805.0  1.37159e-14
1810.0  1.24139e-14
1815.0  1.36853e-14
1820.0  1.45935e-14
1825.0  1.32975e-14
1830.0  1.26799e-14
1835.0  1.37919e-14
1840.0  1.24272e-14
1845.0  1.1472e-14
1850.0  1.09967e-14
1855.0  1.25063e-14
1860.0  1.37004e-14
1865.0  1.39992e-14
1870.0  1.38185e-14
1875.0  1.4497e-14
1880.0  1.31592e-14
1885.0  1.34301e-14
1890.0  1.23114e-14
1895.0  1.25123e-14
1900.0  1.38626e-14
1905.0  1.87511e-14
1910.0  1.78413e-14
1915.0  1.42389e-14
1920.0  1.3995e-14
1925.0  1.24494e-14
1930.0  1.29634e-14
1935.0  1.45326e-14
1940.0  1.39053e-14
1945.0  1.31628e-14
1950.0  1.11445e-14
1955.0  1.32861e-14
1960.0  1.39129e-14
1965.0  9.8682e-15
1970.0  6.13572e-15
1975.0  1.16658e-14
1980.0  1.44412e-14
1985.0  7.73111e-15
1990.0  6.87473e-15
1995.0  8.20446e-15
2000.0  7.52998e-15
2005.0  4.42333e-15
2010.0  7.54145e-15
2015.0  1.35707e-14
2020.0  1.12756e-14
2025.0  1.51777e-14
2030.0  1.07931e-14
2035.0  1.52327e-14
2040.0  1.04903e-14
2045.0  1.13201e-14
2050.0  8.13219e-15
2055.0  1.04198e-14
2060.0  1.01005e-14
2065.0  9.88664e-15
2070.0  1.17415e-14
2075.0  1.02807e-14
2080.0  1.09103e-14
2085.0  1.6115e-14
2090.0  1.09123e-14
2095.0  5.99591e-15
2100.0  1.176e-14
2105.0  1.20046e-14
2110.0  9.26435e-15
2115.0  1.38723e-14
2120.0  9.30231e-15
2125.0  1.46732e-14
2130.0  8.28694e-15
2135.0  5.27886e-15
2140.0  8.62821e-15
2145.0  1.51591e-14
2150.0  1.52074e-14
2155.0  9.88093e-15
2160.0  1.22751e-14
2165.0  1.0703e-14
2170.0  1.07737e-14
2175.0  1.42245e-14
2180.0  1.24282e-14
2185.0  9.2636e-15
2190.0  1.12251e-14
2195.0  1.04998e-14
2200.0  7.63261e-15
2205.0  1.24473e-14
2210.0  1.12687e-14
2215.0  1.05554e-14
2220.0  9.94597e-15
2225.0  1.15498e-14
2230.0  1.29392e-14
2235.0  6.67788e-15
2240.0  9.94327e-15
2245.0  1.5151e-14
2250.0  1.54703e-14
2255.0  1.53751e-14
2260.0  1.21826e-14
2265.0  1.08422e-14
2270.0  1.45876e-14
2275.0  1.14002e-14
2280.0  9.46272e-15
2285.0  7.09517e-15
2290.0  9.95701e-15
2295.0  1.00547e-14
2300.0  1.17937e-14
2305.0  1.50726e-14
2310.0  8.15757e-15
2315.0  1.09834e-14
2320.0  9.45728e-15
2325.0  1.2683e-14
2330.0  1.50765e-14
2335.0  1.29843e-14
2340.0  1.28012e-14
2345.0  6.50708e-15
2350.0  3.04017e-15
2355.0  7.17808e-15
2360.0  1.17358e-14
2365.0  9.78166e-15
2370.0  1.04015e-14
2375.0  1.12411e-14
2380.0  9.6319e-15
2385.0  9.66252e-15
2390.0  1.06497e-14
2395.0  1.13942e-14
2400.0  9.80691e-15
2405.0  1.09796e-14
2410.0  1.12754e-14
2415.0  1.24434e-14
2420.0  1.61058e-14
2425.0  2.02107e-14
2430.0  1.95263e-14
2435.0  1.51022e-14
2440.0  1.44184e-14
2445.0  1.72758e-14
2450.0  1.65596e-14
2455.0  1.32069e-14
2460.0  1.15658e-14
2465.0  1.16372e-14
2470.0  1.36724e-14
2475.0  1.34223e-14
2480.0  1.3781e-14
2485.0  1.2311e-14
2490.0  1.27046e-14
2495.0  1.3497e-14
2500.0  1.25384e-14
2505.0  1.3687e-14
2510.0  1.21809e-14
2515.0  1.27889e-14
2520.0  1.30532e-14
2525.0  1.17412e-14
2530.0  1.15039e-14
2535.0  1.34266e-14
2540.0  1.30678e-14
2545.0  1.16206e-14
2550.0  1.0448e-14
2555.0  1.04022e-14
2560.0  1.27875e-14
2565.0  1.05019e-14
2570.0  9.82599e-15
2575.0  1.13691e-14
2580.0  1.14876e-14
2585.0  1.28224e-14
2590.0  1.10133e-14
2595.0  1.11509e-14
2600.0  1.15496e-14
2605.0  1.12664e-14
2610.0  1.20519e-14
2615.0  1.29541e-14
2620.0  1.3219e-14
2625.0  1.34322e-14
2630.0  1.21821e-14
2635.0  1.24273e-14
2640.0  1.38526e-14
2645.0  1.46642e-14
2650.0  1.45266e-14
2655.0  1.31712e-14
2660.0  1.22073e-14
2665.0  1.10615e-14
2670.0  1.35357e-14
2675.0  1.42991e-14
2680.0  1.46792e-14
2685.0  1.34872e-14
2690.0  1.23551e-14
2695.0  1.32856e-14
2700.0  1.26787e-14
2705.0  1.31003e-14
2710.0  1.30995e-14
2715.0  1.26459e-14
2720.0  1.17866e-14
2725.0  1.25972e-14
2730.0  1.29508e-14
2735.0  1.37319e-14
2740.0  1.49621e-14
2745.0  1.41682e-14
2750.0  1.35362e-14
2755.0  1.33861e-14
2760.0  1.29584e-14
2765.0  1.22009e-14
2770.0  1.25804e-14
2775.0  1.42307e-14
2780.0  1.50082e-14
2785.0  1.40018e-14
2790.0  1.36816e-14
2795.0  1.17281e-14
2800.0  1.43646e-14
2805.0  1.37358e-14
2810.0  1.31125e-14
2815.0  1.4042e-14
2820.0  1.38869e-14
2825.0  1.41149e-14
2830.0  1.35401e-14
2835.0  1.25914e-14
2840.0  1.35473e-14
2845.0  1.23339e-14
2850.0  1.29993e-14
2855.0  1.26463e-14
2860.0  1.28009e-14
2865.0  1.35858e-14
2870.0  1.34381e-14
2875.0  1.33114e-14
2880.0  1.46294e-14
2885.0  1.39614e-14
2890.0  1.41119e-14
2895.0  1.29783e-14
2900.0  1.48532e-14
2905.0  1.41978e-14
2910.0  1.21975e-14
2915.0  1.49158e-14
2920.0  1.52642e-14
2925.0  1.51366e-14
2930.0  1.64346e-14
2935.0  1.51571e-14
2940.0  1.43641e-14
2945.0  1.42975e-14
2950.0  1.59942e-14
2955.0  1.39144e-14
2960.0  1.33233e-14
2965.0  1.44561e-14
2970.0  1.59121e-14
2975.0  1.68076e-14
2980.0  1.45216e-14
2985.0  1.39576e-14
2990.0  1.62839e-14
2995.0  1.64024e-14
3000.0  1.60331e-14
3005.0  1.4714e-14
3010.0  1.65377e-14
3015.0  1.70589e-14
3020.0  1.48325e-14
3025.0  1.67736e-14
3030.0  1.68794e-14
3035.0  1.74217e-14
3040.0  1.96586e-14
3045.0  1.80811e-14
3050.0  1.73925e-14
3055.0  1.45016e-14
3060.0  1.74603e-14
3065.0  1.98877e-14
3070.0  1.71038e-14
3075.0  1.94844e-14
3080.0  1.8774e-14
3085.0  1.60965e-14
3090.0  1.57332e-14
3095.0  1.64466e-14
3100.0  1.44147e-14
3105.0  1.67542e-14
3110.0  1.7228e-14
3115.0  1.52386e-14
3120.0  1.39665e-14
3125.0  1.71225e-14
3130.0  1.52675e-14
3135.0  1.35445e-14
3140.0  1.49915e-14
3145.0  1.17245e-14
3150.0  1.28848e-14
3155.0  1.39788e-14
3160.0  1.54844e-14
3165.0  1.66291e-14
3170.0  1.6443e-14
3175.0  1.5176e-14
3180.0  1.36887e-14
3185.0  1.40919e-14
3190.0  1.54695e-14
3195.0  1.73545e-14
3200.0  1.56706e-14
3205.0  1.65287e-14
3210.0  1.59786e-14
3215.0  1.49043e-14
3220.0  1.55696e-14
3225.0  1.60125e-14
3230.0  1.66179e-14
3235.0  1.64362e-14
3240.0  1.68154e-14
3245.0  1.61096e-14
3250.0  1.49205e-14
3255.0  1.481e-14
3260.0  1.68276e-14
3265.0  1.70703e-14
3270.0  1.60334e-14
3275.0  1.67267e-14
3280.0  1.57837e-14
3285.0  1.61499e-14
3290.0  1.69866e-14
3295.0  1.71543e-14
3300.0  1.7765e-14
3305.0  1.75669e-14
3310.0  1.71947e-14
3315.0  1.77475e-14
3320.0  1.72011e-14
3325.0  1.77231e-14
3330.0  1.75956e-14
3335.0  1.73076e-14
3340.0  1.76548e-14
3345.0  1.84271e-14
3350.0  1.81979e-14
3355.0  1.68216e-14
3360.0  1.68736e-14
3365.0  1.77108e-14
3370.0  1.6887e-14
3375.0  1.70688e-14
3380.0  1.58212e-14
3385.0  1.61879e-14
3390.0  1.59521e-14
3395.0  1.59962e-14
3400.0  1.64876e-14
3405.0  1.65146e-14
3410.0  1.64253e-14
3415.0  1.61687e-14
3420.0  1.6885e-14
3425.0  1.93443e-14
3430.0  2.01166e-14
3435.0  1.83136e-14
3440.0  1.73839e-14
3445.0  1.78533e-14
3450.0  1.93104e-14
3455.0  1.84478e-14
3460.0  1.72979e-14
3465.0  1.66075e-14
3470.0  1.64842e-14
3475.0  1.68612e-14
3480.0  1.60791e-14
3485.0  1.6267e-14
3490.0  1.57849e-14
3495.0  1.5947e-14
3500.0  1.59804e-14
3505.0  1.65674e-14
3510.0  1.60922e-14
3515.0  1.64788e-14
3520.0  1.63204e-14
3525.0  1.60416e-14
3530.0  1.61918e-14
3535.0  1.67789e-14
3540.0  1.66663e-14
3545.0  1.63494e-14
3550.0  1.6272e-14
3555.0  1.64574e-14
3560.0  1.62468e-14
3565.0  1.62101e-14
3570.0  1.60894e-14
3575.0  1.64014e-14
3580.0  1.6366e-14
3585.0  1.60802e-14
3590.0  1.59118e-14
3595.0  1.63948e-14
3600.0  1.71733e-14
3605.0  1.6526e-14
3610.0  1.6634e-14
3615.0  1.68393e-14
3620.0  1.68604e-14
3625.0  1.66168e-14
3630.0  1.68925e-14
3635.0  1.7437e-14
3640.0  1.76724e-14
3645.0  1.77413e-14
3650.0  1.79989e-14
3655.0  1.78566e-14
3660.0  1.73254e-14
3665.0  1.81333e-14
3670.0  1.81713e-14
3675.0  1.83048e-14
3680.0  1.78795e-14
3685.0  1.69262e-14
3690.0  1.80574e-14
3695.0  1.90854e-14
3700.0  1.77251e-14
3705.0  1.80253e-14
3710.0  1.86484e-14
3715.0  2.07838e-14
3720.0  2.54875e-14
3725.0  3.87394e-14
3730.0  4.70376e-14
3735.0  3.61979e-14
3740.0  2.33792e-14
3745.0  2.05001e-14
3750.0  2.21444e-14
3755.0  2.04114e-14
3760.0  1.87704e-14
3765.0  1.91875e-14
3770.0  1.92129e-14
3775.0  2.05616e-14
3780.0  2.16608e-14
3785.0  2.12958e-14
3790.0  2.11946e-14
3795.0  2.09745e-14
3800.0  2.0733e-14
3805.0  2.03559e-14
3810.0  2.13949e-14
3815.0  2.17152e-14
3820.0  2.0652e-14
3825.0  1.96254e-14
3830.0  1.95509e-14
3835.0  1.93117e-14
3840.0  1.90714e-14
3845.0  1.91368e-14
3850.0  2.11548e-14
3855.0  2.28206e-14
3860.0  2.34378e-14
3865.0  2.69921e-14
3870.0  3.13316e-14
3875.0  2.88687e-14
3880.0  2.40067e-14
3885.0  2.19955e-14
3890.0  2.4501e-14
3895.0  2.4122e-14
3900.0  2.31272e-14
3905.0  2.3035e-14
3910.0  2.37263e-14
3915.0  2.36623e-14
3920.0  2.34507e-14
3925.0  2.34102e-14
3930.0  2.22884e-14
3935.0  2.1304e-14
3940.0  2.05317e-14
3945.0  2.10224e-14
3950.0  2.18349e-14
3955.0  2.22191e-14
3960.0  2.23734e-14
3965.0  2.4199e-14
3970.0  2.44171e-14
3975.0  2.26546e-14
3980.0  2.21072e-14
3985.0  2.43715e-14
3990.0  2.5997e-14
3995.0  2.74717e-14
4000.0  2.80528e-14
4005.0  2.82787e-14
4010.0  2.77948e-14
4015.0  2.87359e-14
4020.0  2.88631e-14
4025.0  2.9526e-14
4030.0  2.85221e-14
4035.0  2.86847e-14
4040.0  2.85633e-14
4045.0  2.90457e-14
4050.0  2.9547e-14
4055.0  2.88614e-14
4060.0  2.87791e-14
4065.0  2.85588e-14
4070.0  2.90134e-14
4075.0  2.85874e-14
4080.0  2.72564e-14
4085.0  2.76617e-14
4090.0  2.75065e-14
4095.0  2.73992e-14
4100.0  2.76146e-14
4105.0  2.8574e-14
4110.0  2.74481e-14
4115.0  2.70828e-14
4120.0  2.77031e-14
4125.0  2.82447e-14
4130.0  2.76512e-14
4135.0  2.80116e-14
4140.0  2.85051e-14
4145.0  2.88359e-14
4150.0  2.84711e-14
4155.0  2.86513e-14
4160.0  2.81973e-14
4165.0  2.88001e-14
4170.0  2.84905e-14
4175.0  2.8364e-14
4180.0  2.79448e-14
4185.0  2.79213e-14
4190.0  2.83625e-14
4195.0  2.81489e-14
4200.0  2.89927e-14
4205.0  2.9178e-14
4210.0  2.95883e-14
4215.0  2.96381e-14
4220.0  2.96758e-14
4225.0  2.95214e-14
4230.0  2.94685e-14
4235.0  2.9511e-14
4240.0  2.98422e-14
4245.0  3.04459e-14
4250.0  3.06595e-14
4255.0  3.07793e-14
4260.0  3.08983e-14
4265.0  3.14337e-14
4270.0  3.09083e-14
4275.0  3.08339e-14
4280.0  2.96898e-14
4285.0  2.98994e-14
4290.0  2.90695e-14
4295.0  2.89995e-14
4300.0  2.80354e-14
4305.0  2.71975e-14
4310.0  2.70736e-14
4315.0  2.77245e-14
4320.0  2.90671e-14
4325.0  2.88854e-14
4330.0  2.86199e-14
4335.0  2.99976e-14
4340.0  3.25475e-14
4345.0  3.40815e-14
4350.0  3.12279e-14
4355.0  3.00223e-14
4360.0  3.07336e-14
4365.0  3.31692e-14
4370.0  3.20559e-14
4375.0  3.03405e-14
4380.0  2.9502e-14
4385.0  2.95525e-14
4390.0  2.92152e-14
4395.0  2.90684e-14
4400.0  2.97159e-14
4405.0  2.95854e-14
4410.0  2.85965e-14
4415.0  3.00005e-14
4420.0  3.0834e-14
4425.0  3.13109e-14
4430.0  3.10498e-14
4435.0  3.06225e-14
4440.0  3.09807e-14
4445.0  3.1256e-14
4450.0  3.18247e-14
4455.0  3.13964e-14
4460.0  3.13984e-14
4465.0  3.14152e-14
4470.0  3.15183e-14
4475.0  3.26789e-14
4480.0  3.28162e-14
4485.0  3.18663e-14
4490.0  3.19624e-14
4495.0  3.13237e-14
4500.0  3.20315e-14
4505.0  3.33481e-14
4510.0  3.38963e-14
4515.0  3.38828e-14
4520.0  3.34455e-14
4525.0  3.28093e-14
4530.0  3.25274e-14
4535.0  3.23559e-14
4540.0  3.27028e-14
4545.0  3.29384e-14
4550.0  3.25423e-14
4555.0  3.23796e-14
4560.0  3.31179e-14
4565.0  3.40001e-14
4570.0  3.44468e-14
4575.0  3.4473e-14
4580.0  3.37069e-14
4585.0  3.41155e-14
4590.0  3.39792e-14
4595.0  3.38413e-14
4600.0  3.38622e-14
4605.0  3.30615e-14
4610.0  3.38096e-14
4615.0  3.40301e-14
4620.0  3.43579e-14
4625.0  3.46215e-14
4630.0  3.43697e-14
4635.0  3.41321e-14
4640.0  3.39847e-14
4645.0  3.32106e-14
4650.0  3.29767e-14
4655.0  3.34328e-14
4660.0  3.45008e-14
4665.0  3.42932e-14
4670.0  3.25769e-14
4675.0  3.32946e-14
4680.0  3.43257e-14
4685.0  3.59891e-14
4690.0  3.70744e-14
4695.0  3.56869e-14
4700.0  3.42927e-14
4705.0  3.31197e-14
4710.0  3.37862e-14
4715.0  3.40564e-14
4720.0  3.39532e-14
4725.0  3.35542e-14
4730.0  3.36386e-14
4735.0  3.3594e-14
4740.0  3.45538e-14
4745.0  3.50039e-14
4750.0  3.52899e-14
4755.0  3.43169e-14
4760.0  3.3794e-14
4765.0  3.41625e-14
4770.0  3.37667e-14
4775.0  3.44588e-14
4780.0  3.4673e-14
4785.0  3.47092e-14
4790.0  3.4291e-14
4795.0  3.3706e-14
4800.0  3.41039e-14
4805.0  3.43687e-14
4810.0  3.46859e-14
4815.0  3.45477e-14
4820.0  3.54559e-14
4825.0  3.48598e-14
4830.0  3.43565e-14
4835.0  3.39792e-14
4840.0  3.34383e-14
4845.0  3.30459e-14
4850.0  3.28533e-14
4855.0  3.48509e-14
4860.0  4.11706e-14
4865.0  4.98898e-14
4870.0  4.57703e-14
4875.0  3.66984e-14
4880.0  3.24375e-14
4885.0  3.28222e-14
4890.0  3.43026e-14
4895.0  3.33914e-14
4900.0  3.20905e-14
4905.0  3.20118e-14
4910.0  3.22615e-14
4915.0  3.21658e-14
4920.0  3.23778e-14
4925.0  3.31206e-14
4930.0  3.36621e-14
4935.0  3.38231e-14
4940.0  3.33544e-14
4945.0  3.31924e-14
4950.0  3.53402e-14
4955.0  4.53466e-14
4960.0  6.41041e-14
4965.0  6.46068e-14
4970.0  4.92065e-14
4975.0  3.92844e-14
4980.0  3.69297e-14
4985.0  4.02286e-14
4990.0  4.33723e-14
4995.0  3.92884e-14
5000.0  4.73843e-14
5005.0  8.74255e-14
5010.0  1.33287e-13
5015.0  1.12299e-13
5020.0  6.53028e-14
5025.0  4.31289e-14
5030.0  4.19984e-14
5035.0  5.90778e-14
5040.0  6.03399e-14
5045.0  3.96396e-14
5050.0  3.35685e-14
5055.0  3.31238e-14
5060.0  3.29051e-14
5065.0  3.3981e-14
5070.0  3.31999e-14
5075.0  3.3094e-14
5080.0  3.3353e-14
5085.0  3.29607e-14
5090.0  3.30728e-14
5095.0  3.30738e-14
5100.0  3.29577e-14
5105.0  3.30168e-14
5110.0  3.33664e-14
5115.0  3.30146e-14
5120.0  3.33571e-14
5125.0  3.37294e-14
5130.0  3.33409e-14
5135.0  3.34248e-14
5140.0  3.28012e-14
5145.0  3.27409e-14
5150.0  3.25289e-14
5155.0  3.19935e-14
5160.0  3.24532e-14
5165.0  3.27304e-14
5170.0  3.10667e-14
5175.0  3.0278e-14
5180.0  2.98189e-14
5185.0  2.96357e-14
5190.0  3.06934e-14
5195.0  3.14486e-14
5200.0  3.20665e-14
5205.0  3.43203e-14
5210.0  3.29696e-14
5215.0  3.22933e-14
5220.0  3.22353e-14
5225.0  3.27952e-14
5230.0  3.26847e-14
5235.0  3.25916e-14
5240.0  3.26831e-14
5245.0  3.34156e-14
5250.0  3.39367e-14
5255.0  3.38182e-14
5260.0  3.3382e-14
5265.0  3.28321e-14
5270.0  3.22857e-14
5275.0  3.26832e-14
5280.0  3.31843e-14
5285.0  3.37848e-14
5290.0  3.45967e-14
5295.0  3.53359e-14
5300.0  3.47391e-14
5305.0  3.48332e-14
5310.0  3.55632e-14
5315.0  3.61771e-14
5320.0  3.58923e-14
5325.0  3.45615e-14
5330.0  3.4668e-14
5335.0  3.45302e-14
5340.0  3.49193e-14
5345.0  3.55747e-14
5350.0  3.54636e-14
5355.0  3.4722e-14
5360.0  3.6153e-14
5365.0  3.5757e-14
5370.0  3.5379e-14
5375.0  3.50529e-14
5380.0  3.45783e-14
5385.0  3.46941e-14
5390.0  3.52501e-14
5395.0  3.48452e-14
5400.0  3.38732e-14
5405.0  3.40288e-14
5410.0  3.43046e-14
5415.0  3.5342e-14
5420.0  3.50542e-14
5425.0  3.46153e-14
5430.0  3.48495e-14
5435.0  3.50573e-14
5440.0  3.54951e-14
5445.0  3.49121e-14
5450.0  3.50975e-14
5455.0  3.47571e-14
5460.0  3.50382e-14
5465.0  3.52375e-14
5470.0  3.46839e-14
5475.0  3.50199e-14
5480.0  3.40808e-14
5485.0  3.47323e-14
5490.0  3.51051e-14
5495.0  3.53874e-14
5500.0  3.52818e-14
5505.0  3.52931e-14
5510.0  3.56579e-14
5515.0  3.5322e-14
5520.0  3.59324e-14
5525.0  3.58677e-14
5530.0  3.49638e-14
5535.0  3.50505e-14
5540.0  3.54189e-14
5545.0  3.543e-14
5550.0  3.58041e-14
5555.0  3.57297e-14
5560.0  3.42013e-14
5565.0  3.50399e-14
5570.0  3.7243e-14
5575.0  3.63029e-14
5580.0  3.6483e-14
5585.0  3.5648e-14
5590.0  3.46525e-14
5595.0  3.5461e-14
5600.0  3.5865e-14
5605.0  3.50179e-14
5610.0  3.4987e-14
5615.0  3.54771e-14
5620.0  3.43754e-14
5625.0  3.46626e-14
5630.0  3.57692e-14
5635.0  3.59567e-14
5640.0  3.51343e-14
5645.0  3.68296e-14
5650.0  3.65342e-14
5655.0  3.67937e-14
5660.0  3.57074e-14
5665.0  3.47837e-14
5670.0  3.55242e-14
5675.0  3.67853e-14
5680.0  3.65639e-14
5685.0  3.67866e-14
5690.0  3.71892e-14
5695.0  3.67274e-14
5700.0  3.66077e-14
5705.0  3.60545e-14
5710.0  3.63334e-14
5715.0  3.50268e-14
5720.0  3.51022e-14
5725.0  3.69386e-14
5730.0  3.66919e-14
5735.0  3.55913e-14
5740.0  3.5689e-14
5745.0  3.64096e-14
5750.0  3.67201e-14
5755.0  3.75028e-14
5760.0  3.69677e-14
5765.0  3.63563e-14
5770.0  3.58674e-14
5775.0  3.69314e-14
5780.0  3.58398e-14
5785.0  3.59271e-14
5790.0  3.58536e-14
5795.0  3.68469e-14
5800.0  3.66221e-14
5805.0  3.6804e-14
5810.0  3.6933e-14
5815.0  3.84796e-14
5820.0  3.81849e-14
5825.0  3.77782e-14
5830.0  3.79615e-14
5835.0  3.74545e-14
5840.0  3.69606e-14
5845.0  3.60921e-14
5850.0  3.70389e-14
5855.0  3.6904e-14
5860.0  3.71629e-14
5865.0  3.69067e-14
5870.0  3.56783e-14
5875.0  3.83061e-14
5880.0  3.94708e-14
5885.0  3.65929e-14
5890.0  3.47904e-14
5895.0  3.3652e-14
5900.0  3.3426e-14
5905.0  3.49675e-14
5910.0  3.55235e-14
5915.0  3.5e-14
5920.0  3.46712e-14
5925.0  3.42029e-14
5930.0  3.46198e-14
5935.0  3.46774e-14
5940.0  3.52643e-14
5945.0  3.56534e-14
5950.0  3.66093e-14
5955.0  3.65076e-14
5960.0  3.66377e-14
5965.0  3.83227e-14
5970.0  3.69098e-14
5975.0  3.62199e-14
5980.0  3.62535e-14
5985.0  3.61352e-14
5990.0  3.55325e-14
5995.0  3.66645e-14
6000.0  3.60038e-14
6005.0  3.74015e-14
6010.0  3.66269e-14
6015.0  3.67855e-14
6020.0  3.76612e-14
6025.0  3.6725e-14
6030.0  3.63828e-14
6035.0  3.70431e-14
6040.0  3.76926e-14
6045.0  3.74524e-14
6050.0  3.76645e-14
6055.0  3.81891e-14
6060.0  3.76441e-14
6065.0  3.73988e-14
6070.0  3.93328e-14
6075.0  3.78918e-14
6080.0  3.76745e-14
6085.0  3.94063e-14
6090.0  3.97764e-14
6095.0  3.87916e-14
6100.0  3.85461e-14
6105.0  3.85312e-14
6110.0  3.75602e-14
6115.0  3.82662e-14
6120.0  3.75951e-14
6125.0  3.6611e-14
6130.0  3.81306e-14
6135.0  3.73647e-14
6140.0  3.78012e-14
6145.0  3.82187e-14
6150.0  3.83934e-14
6155.0  3.71588e-14
6160.0  3.71566e-14
6165.0  3.62271e-14
6170.0  3.59567e-14
6175.0  3.6287e-14
6180.0  3.81009e-14
6185.0  3.84637e-14
6190.0  3.73393e-14
6195.0  3.56885e-14
6200.0  3.41977e-14
6205.0  3.51262e-14
6210.0  3.77059e-14
6215.0  3.67429e-14
6220.0  3.56222e-14
6225.0  3.64867e-14
6230.0  3.66981e-14
6235.0  3.75596e-14
6240.0  3.76695e-14
6245.0  3.66771e-14
6250.0  3.63334e-14
6255.0  3.55033e-14
6260.0  3.42035e-14
6265.0  3.53796e-14
6270.0  2.94259e-14
6275.0  2.90114e-14
6280.0  2.93664e-14
6285.0  2.92833e-14
6290.0  3.59293e-14
6295.0  3.69072e-14
6300.0  3.90422e-14
6305.0  4.12881e-14
6310.0  3.96864e-14
6315.0  4.00439e-14
6320.0  3.93116e-14
6325.0  3.76937e-14
6330.0  3.73355e-14
6335.0  3.08234e-14
6340.0  2.68178e-14
6345.0  3.33769e-14
6350.0  3.49857e-14
6355.0  3.65423e-14
6360.0  3.70625e-14
6365.0  3.85011e-14
6370.0  3.85471e-14
6375.0  3.81738e-14
6380.0  3.67945e-14
6385.0  3.6679e-14
6390.0  3.75741e-14
6395.0  3.94668e-14
6400.0  3.67916e-14
6405.0  3.69074e-14
6410.0  3.73634e-14
6415.0  3.79816e-14
6420.0  3.77526e-14
6425.0  3.66513e-14
6430.0  3.69836e-14
6435.0  3.65754e-14
6440.0  3.81315e-14
6445.0  3.76754e-14
6450.0  3.86926e-14
6455.0  3.77782e-14
6460.0  3.6291e-14
6465.0  3.77916e-14
6470.0  3.77253e-14
6475.0  3.78381e-14
6480.0  3.67957e-14
6485.0  3.61787e-14
6490.0  3.55612e-14
6495.0  3.50352e-14
6500.0  3.56125e-14
6505.0  3.62811e-14
6510.0  3.66052e-14
6515.0  3.74613e-14
6520.0  3.74107e-14
6525.0  3.71683e-14
6530.0  3.76875e-14
6535.0  4.09539e-14
6540.0  4.92615e-14
6545.0  6.50433e-14
6550.0  7.82874e-14
6555.0  9.08557e-14
6560.0  1.46932e-13
6565.0  2.02141e-13
6570.0  1.41329e-13
6575.0  8.55272e-14
6580.0  1.08726e-13
6585.0  1.35584e-13
6590.0  1.00267e-13
6595.0  5.18022e-14
6600.0  3.91666e-14
6605.0  3.71736e-14
6610.0  3.64602e-14
6615.0  3.56157e-14
6620.0  3.63329e-14
6625.0  3.64473e-14
6630.0  3.59485e-14
6635.0  3.6024e-14
6640.0  3.61293e-14
6645.0  3.58014e-14
6650.0  3.60346e-14
6655.0  3.58282e-14
6660.0  3.52974e-14
6665.0  3.55263e-14
6670.0  3.616e-14
6675.0  3.64011e-14
6680.0  3.64192e-14
6685.0  3.63957e-14
6690.0  3.58211e-14
6695.0  3.59756e-14
6700.0  3.7092e-14
6705.0  3.82553e-14
6710.0  4.4077e-14
6715.0  5.49781e-14
6720.0  6.35717e-14
6725.0  5.9652e-14
6730.0  5.78616e-14
6735.0  5.87338e-14
6740.0  4.8287e-14
6745.0  3.86241e-14
6750.0  3.56157e-14
6755.0  3.44926e-14
6760.0  3.33385e-14
6765.0  3.32386e-14
6770.0  3.49402e-14
6775.0  3.5569e-14
6780.0  3.46367e-14
6785.0  3.52543e-14
6790.0  3.48293e-14
6795.0  3.55562e-14
6800.0  3.59238e-14
6805.0  3.56105e-14
6810.0  3.57348e-14
6815.0  3.55503e-14
6820.0  3.53657e-14
6825.0  3.52363e-14
6830.0  3.49702e-14
6835.0  3.51493e-14
6840.0  3.51633e-14
6845.0  3.44078e-14
6850.0  3.48578e-14
6855.0  3.45553e-14
6860.0  3.50369e-14
6865.0  3.54191e-14
6870.0  3.5705e-14
6875.0  3.5854e-14
6880.0  3.55802e-14
6885.0  3.50398e-14
6890.0  3.54852e-14
6895.0  3.57316e-14
6900.0  3.57884e-14
6905.0  3.63064e-14
6910.0  3.65111e-14
6915.0  3.60174e-14
6920.0  3.61199e-14
6925.0  3.67212e-14
6930.0  3.5512e-14
6935.0  3.641e-14
6940.0  3.63613e-14
6945.0  3.59731e-14
6950.0  3.55328e-14
6955.0  3.58531e-14
6960.0  3.61108e-14
6965.0  3.68609e-14
6970.0  3.58649e-14
6975.0  3.60313e-14
6980.0  3.63204e-14
6985.0  3.63183e-14
6990.0  3.59478e-14
6995.0  3.58482e-14
7000.0  3.57888e-14
7005.0  3.59876e-14
7010.0  3.46909e-14
7015.0  3.40362e-14
7020.0  3.51476e-14
7025.0  3.59014e-14
7030.0  3.59236e-14
7035.0  3.64652e-14
7040.0  3.603e-14
7045.0  3.62808e-14
7050.0  3.64493e-14
7055.0  3.61364e-14
7060.0  3.57484e-14
7065.0  3.62486e-14
7070.0  3.56056e-14
7075.0  3.54641e-14
7080.0  3.56241e-14
7085.0  3.569e-14
7090.0  3.40335e-14
7095.0  3.39405e-14
7100.0  3.3827e-14
7105.0  3.36326e-14
7110.0  3.41027e-14
7115.0  3.41963e-14
7120.0  3.34591e-14
7125.0  3.41996e-14
7130.0  3.47766e-14
7135.0  3.5824e-14
7140.0  3.66383e-14
7145.0  3.63865e-14
7150.0  3.4617e-14
7155.0  3.40903e-14
7160.0  3.39452e-14
7165.0  3.35077e-14
7170.0  3.35777e-14
7175.0  3.40351e-14
7180.0  3.42962e-14
7185.0  3.36451e-14
7190.0  3.2749e-14
7195.0  3.38419e-14
7200.0  3.30502e-14
7205.0  3.29618e-14
7210.0  3.27189e-14
7215.0  3.3871e-14
7220.0  3.32222e-14
7225.0  3.291e-14
7230.0  3.37874e-14
7235.0  3.44388e-14
7240.0  3.40702e-14
7245.0  3.4519e-14
7250.0  3.43422e-14
7255.0  3.46294e-14
7260.0  3.46086e-14
7265.0  3.45004e-14
7270.0  3.43549e-14
7275.0  3.48613e-14
7280.0  3.44867e-14
7285.0  3.46096e-14
7290.0  3.46136e-14
7295.0  3.46764e-14
7300.0  3.42584e-14
7305.0  3.46575e-14
7310.0  3.54386e-14
7315.0  3.52728e-14
7320.0  3.61547e-14
7325.0  3.66442e-14
7330.0  3.69917e-14
7335.0  3.68529e-14
7340.0  3.61162e-14
7345.0  3.59463e-14
7350.0  3.55475e-14
7355.0  3.46443e-14
7360.0  3.51626e-14
7365.0  3.53371e-14
7370.0  3.58494e-14
7375.0  3.62771e-14
7380.0  3.67207e-14
7385.0  3.63981e-14
7390.0  3.57303e-14
7395.0  3.54272e-14
7400.0  3.53425e-14
7405.0  3.53224e-14
7410.0  3.48419e-14
7415.0  3.49398e-14
7420.0  3.5215e-14
7425.0  3.49261e-14
7430.0  3.4868e-14
7435.0  3.50782e-14
7440.0  3.55646e-14
7445.0  3.54262e-14
7450.0  3.5575e-14
7455.0  3.54983e-14
7460.0  3.59027e-14
7465.0  3.53796e-14
7470.0  3.50693e-14
7475.0  3.57868e-14
7480.0  3.5214e-14
7485.0  3.52859e-14
7490.0  3.62237e-14
7495.0  3.71061e-14
7500.0  3.65455e-14
7505.0  3.47305e-14
7510.0  3.52181e-14
7515.0  3.57923e-14
7520.0  3.64022e-14
7525.0  3.73161e-14
7530.0  3.7777e-14
7535.0  3.58859e-14
7540.0  3.57758e-14
7545.0  3.85018e-14
7550.0  3.8248e-14
7555.0  3.68174e-14
7560.0  3.62687e-14
7565.0  3.65502e-14
7570.0  3.6287e-14
7575.0  3.54814e-14
7580.0  3.42809e-14
7585.0  3.40424e-14
7590.0  3.50884e-14
7595.0  3.53296e-14
7600.0  3.47282e-14
7605.0  3.39563e-14
7610.0  3.39568e-14
7615.0  3.4585e-14
7620.0  3.41764e-14
7625.0  3.43513e-14
7630.0  3.50447e-14
7635.0  3.44879e-14
7640.0  3.44976e-14
7645.0  3.53214e-14
7650.0  3.46409e-14
7655.0  3.44507e-14
7660.0  3.42549e-14
7665.0  3.39054e-14
7670.0  3.36485e-14
7675.0  3.33479e-14
7680.0  3.30935e-14
7685.0  3.36843e-14
7690.0  3.42107e-14
7695.0  3.41419e-14
7700.0  3.31127e-14
7705.0  3.37993e-14
7710.0  3.36913e-14
7715.0  3.44629e-14
7720.0  3.42625e-14
7725.0  3.33151e-14
7730.0  3.41981e-14
7735.0  3.39883e-14
7740.0  3.43026e-14
7745.0  3.44254e-14
7750.0  3.50339e-14
7755.0  3.48552e-14
7760.0  3.5028e-14
7765.0  3.56741e-14
7770.0  3.47451e-14
7775.0  3.44428e-14
7780.0  3.4309e-14
7785.0  3.43673e-14
7790.0  3.51442e-14
7795.0  3.46417e-14
7800.0  3.4027e-14
7805.0  3.40928e-14
7810.0  3.47053e-14
7815.0  3.52181e-14
7820.0  3.54751e-14
7825.0  3.57107e-14
7830.0  3.53627e-14
7835.0  3.52195e-14
7840.0  3.4234e-14
7845.0  3.48534e-14
7850.0  3.49656e-14
7855.0  3.50256e-14
7860.0  3.47803e-14
7865.0  3.45513e-14
7870.0  3.40255e-14
7875.0  3.4628e-14
7880.0  3.49392e-14
7885.0  3.41447e-14
7890.0  3.38203e-14
7895.0  3.34081e-14
7900.0  3.38328e-14
7905.0  3.44084e-14
7910.0  3.37528e-14
7915.0  3.38422e-14
7920.0  3.36124e-14
7925.0  3.27862e-14
7930.0  3.35281e-14
7935.0  3.3586e-14
7940.0  3.23984e-14
7945.0  3.26925e-14
7950.0  3.28502e-14
7955.0  3.21279e-14
7960.0  3.30833e-14
7965.0  3.36471e-14
7970.0  3.41734e-14
7975.0  3.39398e-14
7980.0  3.44704e-14
7985.0  3.46652e-14
7990.0  3.45119e-14
7995.0  3.4435e-14
8000.0  3.41957e-14
8005.0  3.39915e-14
8010.0  3.42522e-14
8015.0  3.57289e-14
8020.0  3.55249e-14
8025.0  3.52132e-14
8030.0  3.50601e-14
8035.0  3.47987e-14
8040.0  3.49699e-14
8045.0  3.44087e-14
8050.0  3.45001e-14
8055.0  3.51565e-14
8060.0  3.52871e-14
8065.0  3.54004e-14
8070.0  3.48668e-14
8075.0  3.4396e-14
8080.0  3.50763e-14
8085.0  3.4701e-14
8090.0  3.45978e-14
8095.0  3.4262e-14
8100.0  3.38049e-14
8105.0  3.38419e-14
8110.0  3.45707e-14
8115.0  3.53909e-14
8120.0  3.44181e-14
8125.0  3.42468e-14
8130.0  3.47745e-14
8135.0  3.46188e-14
8140.0  3.50349e-14
8145.0  3.44984e-14
8150.0  3.46511e-14
8155.0  3.47144e-14
8160.0  3.48898e-14
8165.0  3.50099e-14
8170.0  3.4649e-14
8175.0  3.46338e-14
8180.0  3.50782e-14
8185.0  3.47901e-14
8190.0  3.37358e-14
8195.0  3.42419e-14
8200.0  3.40905e-14
8205.0  3.37376e-14
8210.0  3.3568e-14
8215.0  3.42496e-14
8220.0  3.38483e-14
8225.0  3.4297e-14
8230.0  3.47463e-14
8235.0  3.50286e-14
8240.0  3.43127e-14
8245.0  3.45837e-14
8250.0  3.51711e-14
8255.0  3.52262e-14
8260.0  3.43641e-14
8265.0  3.39432e-14
8270.0  3.38308e-14
8275.0  3.34266e-14
8280.0  3.35861e-14
8285.0  3.41337e-14
8290.0  3.40922e-14
8295.0  3.35875e-14
8300.0  3.40631e-14
8305.0  3.43548e-14
8310.0  3.52454e-14
8315.0  3.45874e-14
8320.0  3.29095e-14
8325.0  3.15718e-14
8330.0  3.23247e-14
8335.0  3.30403e-14
8340.0  3.32412e-14
8345.0  3.34883e-14
8350.0  3.38263e-14
8355.0  3.41149e-14
8360.0  3.39058e-14
8365.0  3.48063e-14
8370.0  3.38064e-14
8375.0  3.3808e-14
8380.0  3.33708e-14
8385.0  3.33585e-14
8390.0  3.34046e-14
8395.0  3.42534e-14
8400.0  3.43296e-14
8405.0  3.2764e-14
8410.0  3.27319e-14
8415.0  3.40419e-14
8420.0  3.43444e-14
8425.0  3.43406e-14
8430.0  3.40967e-14
8435.0  3.37319e-14
8440.0  3.27999e-14
8445.0  3.18988e-14
8450.0  3.34903e-14
8455.0  3.40132e-14
8460.0  3.41577e-14
8465.0  3.36156e-14
8470.0  3.38378e-14
8475.0  3.36264e-14
8480.0  3.29126e-14
8485.0  3.25323e-14
8490.0  3.36197e-14
8495.0  3.31324e-14
8500.0  3.2439e-14
8505.0  3.17171e-14
8510.0  3.17587e-14
8515.0  3.22948e-14
8520.0  3.19856e-14
8525.0  3.2825e-14
8530.0  3.26341e-14
8535.0  3.22846e-14
8540.0  3.10854e-14
8545.0  2.98793e-14
8550.0  2.90468e-14
8555.0  2.99591e-14
8560.0  3.17077e-14
8565.0  3.29235e-14
8570.0  3.38106e-14
8575.0  3.39963e-14
8580.0  3.41715e-14
8585.0  3.48415e-14
8590.0  3.40892e-14
8595.0  3.42171e-14
8600.0  3.42368e-14
8605.0  3.40102e-14
8610.0  3.46261e-14
8615.0  3.4603e-14
8620.0  3.51236e-14
8625.0  3.58337e-14
8630.0  3.5584e-14
8635.0  3.48897e-14
8640.0  3.52767e-14
8645.0  3.52253e-14
8650.0  3.45322e-14
8655.0  3.33845e-14
8660.0  3.26426e-14
8665.0  3.17438e-14
8670.0  3.11388e-14
8675.0  3.17235e-14
8680.0  3.21595e-14
8685.0  3.29452e-14
8690.0  3.37063e-14
8695.0  3.39815e-14
8700.0  3.44325e-14
8705.0  3.48087e-14
8710.0  3.52214e-14
8715.0  3.49847e-14
8720.0  3.50919e-14
8725.0  3.61602e-14
8730.0  3.69251e-14
8735.0  3.66005e-14
8740.0  3.45336e-14
8745.0  3.46178e-14
8750.0  3.43474e-14
8755.0  3.39842e-14
8760.0  3.43526e-14
8765.0  3.50806e-14
8770.0  3.46397e-14
8775.0  3.50549e-14
8780.0  3.57364e-14
8785.0  3.59399e-14
8790.0  3.76966e-14
8795.0  3.79553e-14
8800.0  3.62125e-14
8805.0  3.3604e-14
8810.0  3.31234e-14
8815.0  3.40156e-14
8820.0  3.48892e-14
8825.0  3.5752e-14
8830.0  3.60083e-14
8835.0  3.63409e-14
8840.0  3.63336e-14
8845.0  3.60224e-14
8850.0  3.75882e-14
8855.0  3.82315e-14
8860.0  3.59276e-14
8865.0  3.45661e-14
8870.0  3.53466e-14
8875.0  3.48703e-14
8880.0  3.51674e-14
8885.0  3.58843e-14
8890.0  3.51837e-14
8895.0  3.41627e-14
8900.0  3.43267e-14
8905.0  3.61278e-14
8910.0  3.66258e-14
8915.0  3.53315e-14
8920.0  3.52907e-14
8925.0  3.59813e-14
8930.0  3.44314e-14
8935.0  3.39127e-14
8940.0  3.46219e-14
8945.0  3.55185e-14
8950.0  3.53862e-14
8955.0  3.55553e-14
8960.0  3.58973e-14
8965.0  3.62819e-14
8970.0  3.54736e-14
8975.0  3.55296e-14
8980.0  3.53578e-14
8985.0  3.52366e-14
8990.0  3.51121e-14
8995.0  3.58611e-14
9000.0  3.53594e-14
9005.0  3.50013e-14
9010.0  3.5323e-14
9015.0  3.49556e-14
9020.0  3.49697e-14
9025.0  3.47936e-14
9030.0  3.46827e-14
9035.0  3.49287e-14
9040.0  3.57815e-14
9045.0  3.6861e-14
9050.0  3.66883e-14
9055.0  3.66426e-14
9060.0  3.82969e-14
9065.0  4.23624e-14
9070.0  4.63522e-14
9075.0  4.96e-14
9080.0  5.25174e-14
9085.0  5.10177e-14
9090.0  4.14934e-14
9095.0  3.60354e-14
9100.0  3.52784e-14
9105.0  3.56213e-14
9110.0  3.6054e-14
9115.0  3.524e-14
9120.0  3.56137e-14
9125.0  3.5645e-14
9130.0  3.58413e-14
9135.0  3.60331e-14
9140.0  3.564e-14
9145.0  3.53738e-14
9150.0  3.52742e-14
9155.0  3.52001e-14
9160.0  3.55758e-14
9165.0  3.54409e-14
9170.0  3.49343e-14
9175.0  3.37505e-14
9180.0  3.35222e-14
9185.0  3.43241e-14
9190.0  3.43043e-14
9195.0  3.41303e-14
9200.0  3.44695e-14
9205.0  3.52688e-14
9210.0  3.51458e-14
9215.0  3.42905e-14
9220.0  3.42715e-14
9225.0  3.4519e-14
9230.0  3.61221e-14
9235.0  3.55938e-14
9240.0  3.50952e-14
9245.0  3.46371e-14
9250.0  3.5731e-14
9255.0  3.415e-14
9260.0  3.40634e-14
9265.0  3.4074e-14
9270.0  3.65753e-14
9275.0  3.91901e-14
9280.0  3.49757e-14
9285.0  3.0911e-14
9290.0  3.2201e-14
9295.0  3.3184e-14
9300.0  3.13152e-14
9305.0  3.25395e-14
9310.0  3.43318e-14
9315.0  3.41713e-14
9320.0  3.46715e-14
9325.0  3.42687e-14
9330.0  3.53353e-14
9335.0  3.71344e-14
9340.0  3.99688e-14
9345.0  3.59036e-14
9350.0  3.00324e-14
9355.0  2.85575e-14
9360.0  3.3685e-14
9365.0  3.38843e-14
9370.0  3.23387e-14
9375.0  3.24719e-14
9380.0  3.39915e-14
9385.0  3.39658e-14
9390.0  3.38449e-14
9395.0  3.08762e-14
9400.0  3.42455e-14
9405.0  3.64501e-14
9410.0  3.35276e-14
9415.0  3.09391e-14
9420.0  3.0404e-14
9425.0  3.32339e-14
9430.0  3.17778e-14
9435.0  2.99679e-14
9440.0  3.28791e-14
9445.0  3.29513e-14
9450.0  3.24102e-14
9455.0  2.96525e-14
9460.0  3.11473e-14
9465.0  3.39241e-14
9470.0  3.59772e-14
9475.0  3.37341e-14
9480.0  3.19097e-14
9485.0  3.30592e-14
9490.0  3.19291e-14
9495.0  3.22245e-14
9500.0  3.34448e-14
9505.0  3.37531e-14
9510.0  3.33249e-14
9515.0  3.58891e-14
9520.0  3.76857e-14
9525.0  4.29259e-14
9530.0  5.07551e-14
9535.0  6.25368e-14
9540.0  7.01865e-14
9545.0  6.8781e-14
9550.0  5.90366e-14
9555.0  4.26403e-14
9560.0  3.66444e-14
9565.0  3.63585e-14
9570.0  3.44495e-14
9575.0  3.36129e-14
9580.0  3.24721e-14
9585.0  3.28691e-14
9590.0  3.36921e-14
9595.0  3.4438e-14
9600.0  3.40964e-14
9605.0  3.43422e-14
9610.0  3.39014e-14
9615.0  3.44507e-14
9620.0  3.42504e-14
9625.0  3.49206e-14
9630.0  3.47946e-14
9635.0  3.5795e-14
9640.0  3.42173e-14
9645.0  3.37113e-14
9650.0  3.38629e-14
9655.0  3.28487e-14
9660.0  3.29887e-14
9665.0  3.5221e-14
9670.0  3.42532e-14
9675.0  3.28329e-14
9680.0  3.49503e-14
9685.0  3.44078e-14
9690.0  3.24049e-14
9695.0  3.0223e-14
9700.0  3.23969e-14
9705.0  3.28947e-14
9710.0  3.28993e-14
9715.0  3.2672e-14
9720.0  3.42673e-14
9725.0  3.46834e-14
9730.0  3.34714e-14
9735.0  3.34779e-14
9740.0  3.25037e-14
9745.0  3.38927e-14
9750.0  3.27269e-14
9755.0  3.42589e-14
9760.0  3.33216e-14
9765.0  3.17512e-14
9770.0  3.20489e-14
9775.0  3.27833e-14
9780.0  3.22665e-14
9785.0  3.35309e-14
9790.0  3.21e-14
9795.0  3.40267e-14
9800.0  3.34577e-14
9805.0  3.42323e-14
9810.0  3.50215e-14
9815.0  3.4584e-14
9820.0  3.41309e-14
9825.0  3.33951e-14
9830.0  3.4948e-14
9835.0  3.67723e-14
