800	1.6920864e-014
802.5	2.197616e-014
805	1.463e-014
807.5	1.203588e-014
810	1.8493392e-014
812.5	1.577224e-014
815	1.406012e-014
817.5	1.949924e-014
820	1.709048e-014
822.5	1.787368e-014
825	1.722492e-014
827.5	1.530864e-014
830	9.84868e-015
832.5	7.37368e-015
835	1.271584e-014
837.5	2.085664e-014
840	1.892644e-014
842.5	2.198924e-014
845	1.3619184e-014
847.5	2.444584e-014
850	1.9713e-014
852.5	2.764776e-014
855	2.989772e-014
857.5	2.618344e-014
860	2.333176e-014
862.5	2.8989744e-014
865	2.930056e-014
867.5	2.532424e-014
870	2.4337568e-014
872.5	3.266484e-014
875	3.447408e-014
877.5	3.727628e-014
880	4.6454784e-014
882.5	3.648844e-014
885	4.0428e-014
887.5	5.13072e-014
890	3.611444e-014
892.5	3.543276e-014
895	4.01924e-014
897.5	3.1240128e-014
900	4.25292e-014
902.5	4.93288e-014
905	2.978232e-014
907.5	5.01004e-014
910	5.49596e-014
912.5	5.39956e-014
915	8.299872e-014
917.5	6.27896e-014
921.276001959	6.49267115291065e-014
926.1506938609	9.70031744806971e-014
933.9280795888	5.06233044217746e-014
934.2958295068	1.19320470398057e-013
938.6048809465	1.25958755488085e-013
946.3510534837	1.45758436577335e-013
947.7113528016	5.80484455346273e-014
951.1402826982	9.5394385617132e-014
959.1162146136	1.28913819452663e-013
964.0748548468	9.36667256529581e-014
964.9671270226	5.58453910791441e-014
974.505587813	7.24948045259188e-014
978.8292901656	1.39499106955762e-013
984.2980676555	1.58844167887241e-013
991.9347232688	1.62651281405545e-013
998.083015133	1.97241429912702e-013
1009.6454191672	1.61916524438594e-013
1010.8894296514	1.23313711632516e-013
1022.8326845523	1.74754277967444e-013
1024.9503769323	4.58269890079837e-014
1025.7433175003	2.0180887311975e-014
1027.1204423974	8.25805409281536e-014
1029.962193743	1.34721619771099e-013
1034.6319112998	2.46876769066982e-013
1040.4211946696	3.02413734591111e-013
1043.9750255333	5.07956105315643e-013
1047.5409954364	3.5103811842957e-013
1060.2766468217	2.34603091669899e-013
1072.4107501787	1.91948130021955e-013
1086.8643455165	1.99040353107263e-013
1099.0402225598	1.91469806018639e-013
1107.2610875508	1.73999049147384e-013
1115.1189688632	1.90983872698755e-013
1127.8662445571	2.03966490572387e-013
1132.0  4.99191e-13
1134.0  3.77515e-13
1136.0  3.06533e-13
1138.0  2.76691e-13
1140.0  2.38575e-13
1142.0  1.32998e-13
1144.0  3.23993e-14
1146.0  1.05444e-13
1148.0  1.94993e-13
1150.0  1.72954e-13
1152.0  1.38292e-13
1154.0  1.49604e-13
1156.0  1.16567e-13
1158.0  1.34642e-13
1160.0  1.63452e-13
1162.0  2.39678e-13
1164.0  2.29402e-13
1166.0  2.26011e-13
1168.0  2.3752e-13
1170.0  2.49008e-13
1172.0  2.69346e-13
1174.0  3.24039e-13
1176.0  3.74428e-13
1178.0  3.92118e-13
1180.0  4.52832e-13
1182.0  6.80436e-13
1184.0  1.16796e-12
1186.0  1.91108e-12
1188.0  2.4562e-12
1190.0  2.47208e-12
1192.0  2.28817e-12
1194.0  1.88936e-12
1196.0  1.28509e-12
1198.0  8.40884e-13
1200.0  6.92798e-13
1202.0  7.11148e-13
1204.0  8.23915e-13
1206.0  8.87776e-13
1208.0  1.08673e-12
1210.0  1.59257e-12
1212.0  1.78674e-12
1214.0  1.51833e-12
1216.0  1.09977e-12
1218.0  8.09197e-13
1220.0  6.86914e-13
1222.0  5.8623e-13
1224.0  4.84953e-13
1226.0  3.94886e-13
1228.0  3.52222e-13
1230.0  3.12447e-13
1232.0  2.6423e-13
1234.0  3.0355e-13
1236.0  3.34614e-13
1238.0  3.19173e-13
1240.0  3.2875e-13
1242.0  3.10353e-13
1244.0  2.58264e-13
1246.0  2.34192e-13
1248.0  2.28191e-13
1250.0  2.26658e-13
1252.0  2.27e-13
1254.0  2.4434e-13
1256.0  2.29924e-13
1258.0  1.88917e-13
1260.0  1.8152e-13
1262.0  2.00028e-13
1264.0  1.81664e-13
1266.0  1.7868e-13
1268.0  1.73897e-13
1270.0  2.17235e-13
1272.0  1.70753e-13
1274.0  1.41187e-13
1276.0  1.33189e-13
1278.0  1.19608e-13
1280.0  1.21555e-13
1282.0  1.49364e-13
1284.0  1.45973e-13
1286.0  1.50673e-13
1288.0  1.62772e-13
1290.0  1.6513e-13
1292.0  1.6249e-13
1294.0  1.4662e-13
1296.0  1.67601e-13
1298.0  1.74643e-13
1300.0  1.68412e-13
1302.0  1.46824e-13
1304.0  1.4966e-13
1306.0  1.58347e-13
1308.0  1.48548e-13
1310.0  1.44952e-13
1312.0  1.32051e-13
1314.0  1.32725e-13
1316.0  1.35801e-13
1318.0  1.3426e-13
1320.0  1.29322e-13
1322.0  1.31256e-13
1324.0  1.4482e-13
1326.0  1.64686e-13
1328.0  1.41183e-13
1330.0  1.21254e-13
1332.0  1.31265e-13
1334.0  1.5218e-13
1336.0  1.5013e-13
1338.0  1.41266e-13
1340.0  1.39394e-13
1342.0  1.23401e-13
1344.0  1.28743e-13
1346.0  1.07173e-13
1348.0  1.1149e-13
1350.0  1.25503e-13
1352.0  1.10028e-13
1354.0  1.02532e-13
1356.0  1.14473e-13
1358.0  1.04333e-13
1360.0  1.4299e-13
1362.0  1.25708e-13
1364.0  1.24061e-13
1366.0  1.38639e-13
1368.0  1.34477e-13
1370.0  1.49984e-13
1372.0  1.40988e-13
1374.0  1.10191e-13
1376.0  1.51912e-13
1378.0  1.45572e-13
1380.0  1.29258e-13
1382.0  1.44607e-13
1384.0  1.59321e-13
1386.0  1.49726e-13
1388.0  1.65122e-13
1390.0  1.42242e-13
1392.0  1.662e-13
1394.0  1.8223e-13
1396.0  1.77191e-13
1398.0  1.53528e-13
1400.0  1.72635e-13
1402.0  1.83932e-13
1404.0  1.61597e-13
1406.0  1.42985e-13
1408.0  1.75329e-13
1410.0  2.07156e-13
1412.0  1.59634e-13
1414.0  1.24995e-13
1416.0  1.4087e-13
1418.0  1.26631e-13
1420.0  1.27448e-13
1422.0  1.02108e-13
1424.0  8.64972e-14
1426.0  9.69753e-14
1428.0  9.10484e-14
1430.0  1.1455e-13
1432.0  9.99719e-14
1434.0  1.20372e-13
1436.0  1.33248e-13
1438.0  1.16952e-13
1440.0  1.36057e-13
1442.0  1.43902e-13
1444.0  1.29363e-13
1446.0  1.14987e-13
1448.0  1.03505e-13
1450.0  1.0023e-13
1452.0  1.23755e-13
1454.0  1.25813e-13
1456.0  1.31092e-13
1458.0  1.05128e-13
1460.0  1.35117e-13
1462.0  1.37126e-13
1464.0  1.30927e-13
1466.0  1.14468e-13
1468.0  9.58687e-14
1470.0  9.1084e-14
1472.0  8.99192e-14
1474.0  1.19543e-13
1476.0  1.21543e-13
1478.0  1.22605e-13
1480.0  1.34091e-13
1482.0  1.37936e-13
1484.0  1.26284e-13
1486.0  1.14236e-13
1488.0  1.27544e-13
1490.0  1.12194e-13
1492.0  1.2824e-13
1494.0  1.44291e-13
1496.0  1.48933e-13
1498.0  1.82729e-13
1500.0  1.96321e-13
1502.0  2.04629e-13
1504.0  2.60502e-13
1506.0  2.6614e-13
1508.0  2.44824e-13
1510.0  2.69865e-13
1512.0  2.87619e-13
1514.0  3.26677e-13
1516.0  3.52567e-13
1518.0  3.79179e-13
1520.0  3.94132e-13
1522.0  3.95446e-13
1524.0  4.17435e-13
1526.0  4.6211e-13
1528.0  4.89147e-13
1530.0  4.96052e-13
1532.0  5.3705e-13
1534.0  5.56124e-13
1536.0  5.44035e-13
1538.0  6.00522e-13
1540.0  6.54081e-13
1542.0  7.87414e-13
1544.0  9.38751e-13
1546.0  1.01932e-12
1548.0  9.08317e-13
1550.0  7.15245e-13
1552.0  6.17541e-13
1554.0  5.42321e-13
1556.0  4.77017e-13
1558.0  4.45543e-13
1560.0  4.20326e-13
1562.0  3.75588e-13
1564.0  3.14843e-13
1566.0  3.0137e-13
1568.0  2.79999e-13
1570.0  2.70864e-13
1572.0  2.81013e-13
1574.0  2.84917e-13
1576.0  2.57571e-13
1578.0  2.28806e-13
1580.0  2.52572e-13
1582.0  2.4371e-13
1584.0  2.10929e-13
1586.0  1.96472e-13
1588.0  1.8042e-13
1590.0  1.62445e-13
1592.0  1.86765e-13
1594.0  2.15833e-13
1596.0  1.88062e-13
1598.0  1.6646e-13
1600.0  1.62709e-13
1602.0  1.57247e-13
1604.0  1.56724e-13
1606.0  1.48277e-13
1608.0  1.40761e-13
1610.0  1.326e-13
1612.0  1.345e-13
1614.0  1.37548e-13
1616.0  1.401e-13
1618.0  1.40097e-13
1620.0  1.33176e-13
1622.0  1.4068e-13
1624.0  1.70711e-13
1626.0  1.68953e-13
1628.0  1.76354e-13
1630.0  1.90354e-13
1632.0  1.95809e-13
1634.0  1.9238e-13
1636.0  2.02523e-13
1638.0  1.87414e-13
1640.0  1.48786e-13
1642.0  1.46218e-13
1644.0  1.7441e-13
1646.0  1.67849e-13
1648.0  1.75649e-13
1650.0  1.68076e-13
1652.0  1.33842e-13
1654.0  1.39438e-13
1656.0  1.45709e-13
1658.0  1.59753e-13
1660.0  1.74654e-13
1662.0  1.7035e-13
1664.0  1.53129e-13
1666.0  1.36444e-13
1668.0  1.19274e-13
1670.0  1.02898e-13
1672.0  1.19489e-13
1674.0  1.16188e-13
1676.0  1.02996e-13
1678.0  8.71269e-14
1680.0  8.85342e-14
1682.0  9.42605e-14
1684.0  1.14399e-13
1686.0  1.03522e-13
1688.0  9.14168e-14
1690.0  1.10621e-13
1692.0  1.25563e-13
1694.0  1.18922e-13
1696.0  1.20605e-13
1698.0  1.20017e-13
1700.0  1.21731e-13
1702.0  1.17043e-13
1704.0  1.18874e-13
1706.0  1.27483e-13
1708.0  1.21412e-13
1710.0  1.36034e-13
1712.0  1.50872e-13
1714.0  1.32697e-13
1716.0  1.21555e-13
1718.0  1.18555e-13
1720.0  1.1717e-13
1722.0  1.10056e-13
1724.0  1.04372e-13
1726.0  1.02885e-13
1728.0  1.09218e-13
1730.0  1.07385e-13
1732.0  1.00006e-13
1734.0  1.02041e-13
1736.0  1.04647e-13
1738.0  1.03999e-13
1740.0  1.00538e-13
1742.0  1.05251e-13
1744.0  1.02232e-13
1746.0  1.05164e-13
1748.0  1.11027e-13
1750.0  1.1655e-13
1752.0  1.11508e-13
1754.0  1.03372e-13
1756.0  9.90537e-14
1758.0  9.47441e-14
1760.0  9.26142e-14
1762.0  9.62505e-14
1764.0  9.25349e-14
1766.0  9.2587e-14
1768.0  9.83411e-14
1770.0  9.66014e-14
1772.0  1.02781e-13
1774.0  1.09171e-13
1776.0  1.01385e-13
1778.0  1.0603e-13
1780.0  1.01284e-13
1782.0  1.01875e-13
1784.0  1.02165e-13
1786.0  1.00521e-13
1788.0  1.03997e-13
1790.0  1.07081e-13
1792.0  1.13557e-13
1794.0  1.09924e-13
1796.0  1.08976e-13
1798.0  1.08714e-13
1800.0  1.07126e-13
1802.0  1.09768e-13
1804.0  1.12375e-13
1806.0  1.22898e-13
1808.0  1.16296e-13
1810.0  1.1587e-13
1812.0  1.18427e-13
1814.0  1.11738e-13
1816.0  9.83111e-14
1818.0  9.822e-14
1820.0  9.51941e-14
1822.0  9.74376e-14
1824.0  1.03289e-13
1826.0  1.08481e-13
1828.0  1.19092e-13
1830.0  1.18212e-13
1832.0  1.15603e-13
1834.0  1.17226e-13
1836.0  1.11407e-13
1838.0  1.09219e-13
1840.0  1.09567e-13
1842.0  1.13718e-13
1844.0  1.24017e-13
1846.0  1.34713e-13
1848.0  1.38008e-13
1850.0  1.289e-13
1852.0  1.12486e-13
1854.0  1.06027e-13
1856.0  1.13285e-13
1858.0  1.17341e-13
1860.0  1.17124e-13
1862.0  1.14517e-13
1864.0  1.146e-13
1866.0  1.15418e-13
1868.0  1.09805e-13
1870.0  1.11744e-13
1872.0  1.20512e-13
1874.0  1.26032e-13
1876.0  1.31627e-13
1878.0  1.39553e-13
1880.0  1.36171e-13
1882.0  1.33856e-13
1884.0  1.41152e-13
1886.0  1.4744e-13
1888.0  1.58819e-13
1890.0  1.74919e-13
1892.0  1.87084e-13
1894.0  1.89284e-13
1896.0  2.00725e-13
1898.0  2.12926e-13
1900.0  2.31195e-13
1902.0  2.53473e-13
1904.0  2.68394e-13
1906.0  2.55863e-13
1908.0  2.32255e-13
1910.0  2.0656e-13
1912.0  1.74426e-13
1914.0  1.47099e-13
1916.0  1.34649e-13
1918.0  1.29699e-13
1920.0  1.25459e-13
1922.0  1.2121e-13
1924.0  1.14428e-13
1926.0  9.49069e-14
1928.0  1.08011e-13
1930.0  5.24524e-14
1932.0  5.74104e-14
1934.0  7.96184e-14
1936.0  9.92858e-14
1938.0  1.2825e-13
1940.0  1.16098e-13
1942.0  1.05948e-13
1944.0  1.29407e-13
1946.0  1.0375e-13
1948.0  7.9271e-14
1950.0  1.15877e-13
1952.0  1.19509e-13
1954.0  6.98998e-14
1956.0  5.28205e-14
1958.0  3.7487e-14
1960.0  2.93535e-14
1962.0  4.48973e-14
1964.0  6.83538e-14
1966.0  8.39815e-14
1968.0  8.74912e-14
1970.0  4.90474e-14
1972.0  2.90741e-14
1974.0  6.23327e-14
1976.0  9.26689e-14
1978.0  9.09451e-14
1980.0  8.60199e-14
1982.0  1.0537e-13
1984.0  9.90524e-14
1986.0  7.19197e-14
1988.0  6.01145e-14
1990.0  6.51088e-14
1992.0  3.48766e-14
1994.0  2.18263e-14
1996.0  4.51542e-14
1998.0  6.73132e-14
2000.0  1.00447e-13
2002.0  1.0207e-13
2004.0  9.40214e-14
2006.0  8.57508e-14
2008.0  8.69915e-14
2010.0  7.54599e-14
2012.0  5.26181e-14
2014.0  4.53402e-14
2016.0  4.72371e-14
2018.0  5.26394e-14
2020.0  7.96016e-14
2022.0  1.0224e-13
2024.0  1.26975e-13
2026.0  9.70317e-14
2028.0  6.85402e-14
2030.0  8.34679e-14
2032.0  1.24467e-13
2034.0  1.325e-13
2036.0  1.20502e-13
2038.0  8.69369e-14
2040.0  8.88449e-14
2042.0  1.23555e-13
2044.0  1.529e-13
2046.0  1.32237e-13
2048.0  1.12841e-13
2050.0  1.1744e-13
2052.0  1.1848e-13
2054.0  1.0178e-13
2056.0  7.22967e-14
2058.0  6.04181e-14
2060.0  8.78031e-14
2062.0  1.11151e-13
2064.0  9.82565e-14
2066.0  1.00598e-13
2068.0  9.73303e-14
2070.0  7.80096e-14
2072.0  6.58223e-14
2074.0  9.27901e-14
2076.0  1.18064e-13
2078.0  1.01082e-13
2080.0  7.99183e-14
2082.0  1.01823e-13
2084.0  1.17371e-13
2086.0  9.55023e-14
2088.0  1.07526e-13
2090.0  1.2749e-13
2092.0  1.29417e-13
2094.0  1.08264e-13
2096.0  9.57432e-14
2098.0  9.97633e-14
2100.0  1.09413e-13
2102.0  7.47286e-14
2104.0  8.57864e-14
2106.0  9.61352e-14
2108.0  7.44143e-14
2110.0  7.37061e-14
2112.0  8.91589e-14
2114.0  1.03318e-13
2116.0  1.10527e-13
2118.0  8.32414e-14
2120.0  6.9455e-14
2122.0  1.0239e-13
2124.0  9.78602e-14
2126.0  5.75602e-14
2128.0  6.18199e-14
2130.0  1.0519e-13
2132.0  9.22894e-14
2134.0  7.287e-14
2136.0  7.01486e-14
2138.0  6.68974e-14
2140.0  7.97633e-14
2142.0  9.95723e-14
2144.0  1.1728e-13
2146.0  1.14593e-13
2148.0  1.13912e-13
2150.0  1.08642e-13
2152.0  1.07096e-13
2154.0  1.05544e-13
2156.0  1.03989e-13
2158.0  1.02433e-13
2160.0  1.00831e-13
2162.0  9.48536e-14
2164.0  8.57372e-14
2166.0  7.48131e-14
2168.0  6.03714e-14
2170.0  6.15586e-14
2172.0  8.51393e-14
2174.0  9.69738e-14
2176.0  1.00979e-13
2178.0  9.97767e-14
2180.0  7.62872e-14
2182.0  5.64535e-14
2184.0  6.64905e-14
2186.0  7.33616e-14
2188.0  7.35098e-14
2190.0  7.79142e-14
2192.0  6.71215e-14
2194.0  7.28056e-14
2196.0  8.1214e-14
2198.0  9.55191e-14
2200.0  9.88292e-14
2202.0  8.20234e-14
2204.0  6.93684e-14
2206.0  6.14543e-14
2208.0  6.44672e-14
2210.0  8.30516e-14
2212.0  9.86155e-14
2214.0  1.0619e-13
2216.0  1.18632e-13
2218.0  1.20407e-13
2220.0  1.04379e-13
2222.0  1.00659e-13
2224.0  8.9608e-14
2226.0  7.8272e-14
2228.0  9.53521e-14
2230.0  1.07955e-13
2232.0  9.03495e-14
2234.0  6.44205e-14
2236.0  7.15014e-14
2238.0  6.18742e-14
2240.0  5.36672e-14
2242.0  6.74382e-14
2244.0  6.53001e-14
2246.0  6.46895e-14
2248.0  7.57185e-14
2250.0  7.23605e-14
2252.0  7.46067e-14
2254.0  8.93377e-14
2256.0  8.27463e-14
2258.0  8.8458e-14
2260.0  1.07436e-13
2262.0  1.09982e-13
2264.0  9.98094e-14
2266.0  1.08056e-13
2268.0  1.20029e-13
2270.0  1.21256e-13
2272.0  1.22343e-13
2274.0  1.3341e-13
2276.0  1.0571e-13
2278.0  7.51662e-14
2280.0  7.4832e-14
2282.0  7.71606e-14
2284.0  8.56706e-14
2286.0  1.01367e-13
2288.0  1.12662e-13
2290.0  1.26133e-13
2292.0  1.23524e-13
2294.0  1.12484e-13
2296.0  1.16012e-13
2298.0  1.10661e-13
2300.0  1.03006e-13
2302.0  1.22609e-13
2304.0  1.41403e-13
2306.0  1.24659e-13
2308.0  1.3228e-13
2310.0  1.30872e-13
2312.0  1.22559e-13
2314.0  1.02563e-13
2316.0  9.5228e-14
2318.0  1.17905e-13
2320.0  1.22828e-13
2322.0  1.00077e-13
2324.0  9.74903e-14
2326.0  1.16834e-13
2328.0  1.21189e-13
2330.0  1.09339e-13
2332.0  9.46788e-14
2334.0  9.98848e-14
2336.0  1.18572e-13
2338.0  1.30408e-13
2340.0  1.2811e-13
2342.0  1.11032e-13
2344.0  1.05715e-13
2346.0  9.57564e-14
2348.0  7.35169e-14
2350.0  8.14626e-14
2352.0  9.4413e-14
2354.0  1.08767e-13
2356.0  1.3592e-13
2358.0  1.29416e-13
2360.0  9.90013e-14
2362.0  7.81231e-14
2364.0  8.47096e-14
2366.0  8.06963e-14
2368.0  7.61903e-14
2370.0  7.94867e-14
2372.0  7.30965e-14
2374.0  7.61351e-14
2376.0  7.54329e-14
2378.0  6.84908e-14
2380.0  7.475e-14
2382.0  9.38083e-14
2384.0  1.16746e-13
2386.0  1.3536e-13
2388.0  1.08682e-13
2390.0  9.07472e-14
2392.0  7.11626e-14
2394.0  6.32338e-14
2396.0  8.32857e-14
2398.0  9.18553e-14
2400.0  8.25158e-14
2402.0  1.07052e-13
2404.0  1.17073e-13
2406.0  1.17818e-13
2408.0  9.99947e-14
2410.0  9.93541e-14
2412.0  1.20165e-13
2414.0  1.21218e-13
2416.0  9.78757e-14
2418.0  1.26258e-13
2420.0  1.45219e-13
2422.0  1.24488e-13
2424.0  1.00138e-13
2426.0  1.08878e-13
2428.0  1.09436e-13
2430.0  9.21869e-14
2432.0  9.66591e-14
2434.0  1.02157e-13
2436.0  1.10479e-13
2438.0  1.10436e-13
2440.0  1.00913e-13
2442.0  1.06064e-13
2444.0  1.13702e-13
2446.0  9.33552e-14
2448.0  7.65996e-14
2450.0  8.83425e-14
2452.0  9.86138e-14
2454.0  1.07979e-13
2456.0  1.23847e-13
2458.0  1.13455e-13
2460.0  1.1468e-13
2462.0  1.18909e-13
2464.0  1.12714e-13
2466.0  1.11349e-13
2468.0  1.21544e-13
2470.0  1.2293e-13
2472.0  1.14072e-13
2474.0  1.10459e-13
2476.0  1.07695e-13
2478.0  9.98966e-14
2480.0  1.02534e-13
2482.0  1.18267e-13
2484.0  1.29991e-13
2486.0  1.30065e-13
2488.0  1.20999e-13
2490.0  1.00949e-13
2492.0  1.05895e-13
2494.0  1.27092e-13
2496.0  1.34733e-13
2498.0  1.23283e-13
2500.0  1.10162e-13
2502.0  1.17551e-13
2504.0  1.10014e-13
2506.0  1.1491e-13
2508.0  1.13972e-13
2510.0  9.72444e-14
2512.0  1.12804e-13
2514.0  1.27714e-13
2516.0  1.11055e-13
2518.0  1.01825e-13
2520.0  1.0896e-13
2522.0  1.15432e-13
2524.0  1.10027e-13
2526.0  1.03875e-13
2528.0  1.01697e-13
2530.0  1.07217e-13
2532.0  9.87334e-14
2534.0  7.39151e-14
2536.0  5.05445e-14
2538.0  4.36723e-14
2540.0  4.78583e-14
2542.0  5.9875e-14
2544.0  7.87594e-14
2546.0  9.02114e-14
2548.0  9.73952e-14
2550.0  9.26976e-14
2552.0  8.71611e-14
2554.0  8.35715e-14
2556.0  7.80518e-14
2558.0  8.64486e-14
2560.0  1.01569e-13
2562.0  1.03306e-13
2564.0  9.84783e-14
2566.0  8.91276e-14
2568.0  8.74372e-14
2570.0  9.44923e-14
2572.0  1.02463e-13
2574.0  1.12248e-13
2576.0  1.14838e-13
2578.0  9.20235e-14
2580.0  8.17804e-14
2582.0  9.64918e-14
2584.0  1.10196e-13
2586.0  1.04038e-13
2588.0  1.07038e-13
2590.0  1.0199e-13
2592.0  8.1743e-14
2594.0  7.4447e-14
2596.0  8.2755e-14
2598.0  8.99451e-14
2600.0  8.86866e-14
2602.0  9.30983e-14
2604.0  9.16484e-14
2606.0  8.74869e-14
2608.0  8.24284e-14
2610.0  7.61218e-14
2612.0  7.21112e-14
2614.0  8.97965e-14
2616.0  9.31619e-14
2618.0  8.36199e-14
2620.0  8.09594e-14
2622.0  8.81621e-14
2624.0  9.91063e-14
2626.0  9.67513e-14
2628.0  8.85492e-14
2630.0  8.59619e-14
2632.0  9.38986e-14
2634.0  9.64715e-14
2636.0  9.55722e-14
2638.0  9.5332e-14
2640.0  8.66674e-14
2642.0  8.03801e-14
2644.0  8.71347e-14
2646.0  9.37713e-14
2648.0  9.02044e-14
2650.0  7.95621e-14
2652.0  7.60202e-14
2654.0  7.59178e-14
2656.0  7.9816e-14
2658.0  8.08054e-14
2660.0  8.12404e-14
2662.0  7.76551e-14
2664.0  8.07568e-14
2666.0  8.76696e-14
2668.0  8.96637e-14
2670.0  8.2733e-14
2672.0  8.13495e-14
2674.0  8.04924e-14
2676.0  6.99824e-14
2678.0  7.4611e-14
2680.0  8.65031e-14
2682.0  8.60112e-14
2684.0  7.93142e-14
2686.0  7.27022e-14
2688.0  7.73484e-14
2690.0  7.61667e-14
2692.0  7.40178e-14
2694.0  8.10282e-14
2696.0  9.33899e-14
2698.0  8.68404e-14
2700.0  8.19121e-14
2702.0  8.81788e-14
2704.0  9.07333e-14
2706.0  9.05364e-14
2708.0  9.26858e-14
2710.0  9.3582e-14
2712.0  9.67424e-14
2714.0  9.78149e-14
2716.0  9.33718e-14
2718.0  9.01126e-14
2720.0  8.98123e-14
2722.0  8.47078e-14
2724.0  8.75213e-14
2726.0  8.44374e-14
2728.0  8.58672e-14
2730.0  1.00187e-13
2732.0  1.08633e-13
2734.0  1.08606e-13
2736.0  1.04405e-13
2738.0  1.01979e-13
2740.0  1.04219e-13
2742.0  1.00627e-13
2744.0  1.01421e-13
2746.0  9.443e-14
2748.0  9.47903e-14
2750.0  1.04631e-13
2752.0  1.08106e-13
2754.0  1.04505e-13
2756.0  9.90924e-14
2758.0  1.06096e-13
2760.0  1.17757e-13
2762.0  1.23043e-13
2764.0  1.31725e-13
2766.0  1.32358e-13
2768.0  1.40073e-13
2770.0  1.4966e-13
2772.0  1.48995e-13
2774.0  1.60068e-13
2776.0  1.67448e-13
2778.0  1.65087e-13
2780.0  1.63899e-13
2782.0  1.62064e-13
2784.0  1.58419e-13
2786.0  1.64496e-13
2788.0  1.79071e-13
2790.0  1.97081e-13
2792.0  2.23249e-13
2794.0  2.18606e-13
2796.0  2.00114e-13
2798.0  1.94817e-13
2800.0  1.93188e-13
2802.0  1.80635e-13
2804.0  1.66092e-13
2806.0  1.61596e-13
2808.0  1.66872e-13
2810.0  1.74553e-13
2812.0  1.67287e-13
2814.0  1.46869e-13
2816.0  1.42729e-13
2818.0  1.41481e-13
2820.0  1.33284e-13
2822.0  1.32348e-13
2824.0  1.36395e-13
2826.0  1.24572e-13
2828.0  1.21927e-13
2830.0  1.22799e-13
2832.0  1.13394e-13
2834.0  1.06939e-13
2836.0  1.07403e-13
2838.0  1.06172e-13
2840.0  1.1224e-13
2842.0  1.1531e-13
2844.0  1.1549e-13
2846.0  1.07802e-13
2848.0  9.27954e-14
2850.0  9.33525e-14
2852.0  1.09382e-13
2854.0  9.41887e-14
2856.0  8.82727e-14
2858.0  9.91046e-14
2860.0  1.10395e-13
2862.0  9.88889e-14
2864.0  9.23439e-14
2866.0  9.33644e-14
2868.0  9.86779e-14
2870.0  9.8348e-14
2872.0  9.19088e-14
2874.0  8.62499e-14
2876.0  8.911e-14
2878.0  8.72511e-14
2880.0  8.86535e-14
2882.0  9.65098e-14
2884.0  8.74587e-14
2886.0  7.13946e-14
2888.0  8.1846e-14
2890.0  8.96763e-14
2892.0  8.22022e-14
2894.0  7.22718e-14
2896.0  7.12097e-14
2898.0  7.34014e-14
2900.0  8.40042e-14
2902.0  9.3458e-14
2904.0  9.33722e-14
2906.0  8.59653e-14
2908.0  8.81993e-14
2910.0  8.351e-14
2912.0  7.28009e-14
2914.0  8.4527e-14
2916.0  9.2857e-14
2918.0  8.29005e-14
2920.0  7.53575e-14
2922.0  7.98369e-14
2924.0  8.68652e-14
2926.0  8.96444e-14
2928.0  8.27655e-14
2930.0  7.52322e-14
2932.0  8.29041e-14
2934.0  9.32587e-14
2936.0  8.91427e-14
2938.0  9.76621e-14
2940.0  8.80841e-14
2942.0  7.22036e-14
2944.0  8.43149e-14
2946.0  9.70703e-14
2948.0  9.77303e-14
2950.0  8.57361e-14
2952.0  8.21329e-14
2954.0  9.11192e-14
2956.0  9.57863e-14
2958.0  8.78709e-14
2960.0  7.52358e-14
2962.0  7.44952e-14
2964.0  7.29874e-14
2966.0  7.62712e-14
2968.0  6.65352e-14
2970.0  6.94001e-14
2972.0  7.27124e-14
2974.0  7.30336e-14
2976.0  7.76556e-14
2978.0  7.0473e-14
2980.0  6.44055e-14
2982.0  7.13537e-14
2984.0  7.65181e-14
2986.0  6.49181e-14
2988.0  6.86684e-14
2990.0  8.03012e-14
2992.0  8.26987e-14
2994.0  8.076e-14
2996.0  6.96197e-14
2998.0  6.79095e-14
3000.0  7.27397e-14
3002.0  6.68837e-14
3004.0  6.61165e-14
3006.0  7.19132e-14
3008.0  7.52178e-14
3010.0  7.17405e-14
3012.0  7.05854e-14
3014.0  6.91752e-14
3016.0  6.22934e-14
3018.0  5.38497e-14
3020.0  4.61831e-14
3022.0  5.09078e-14
3024.0  5.38116e-14
3026.0  5.70741e-14
3028.0  6.65438e-14
3030.0  7.50563e-14
3032.0  7.28559e-14
3034.0  6.93512e-14
3036.0  7.65467e-14
3038.0  8.5984e-14
3040.0  8.84648e-14
3042.0  6.88057e-14
3044.0  7.58761e-14
3046.0  8.26498e-14
3048.0  5.77738e-14
3050.0  6.14215e-14
3052.0  6.63882e-14
3054.0  6.47522e-14
3056.0  6.64126e-14
3058.0  8.53171e-14
3060.0  8.16914e-14
3062.0  4.68832e-14
3064.0  5.36283e-14
3066.0  6.20131e-14
3068.0  5.40786e-14
3070.0  6.16966e-14
3072.0  7.51693e-14
3074.0  6.50315e-14
3076.0  6.26057e-14
3078.0  7.6768e-14
3080.0  8.65769e-14
3082.0  6.99121e-14
3084.0  9.18184e-14
3086.0  8.90411e-14
3088.0  7.59138e-14
3090.0  4.7684e-14
3092.0  4.95395e-14
3094.0  6.98927e-14
3096.0  5.93248e-14
3098.0  5.12417e-14
3100.0  5.24101e-14
3102.0  7.56042e-14
3104.0  6.4923e-14
3106.0  4.78115e-14
3108.0  9.88006e-14
3110.0  1.0176e-13
3112.0  5.71073e-14
3114.0  8.22842e-14
3116.0  8.51533e-14
3118.0  4.05926e-14
3120.0  5.84584e-14
3122.0  7.31707e-14
3124.0  6.58799e-14
3126.0  7.9226e-14
3128.0  5.41616e-14
3130.0  6.4213e-14
3132.0  7.36103e-14
3134.0  6.01322e-14
3136.0  4.33236e-14
3138.0  4.40886e-14
3140.0  4.69871e-14
3142.0  5.42847e-14
3144.0  6.08329e-14
3146.0  7.36082e-14
3148.0  8.18316e-14
3150.0  7.44557e-14
3152.0  6.38881e-14
3154.0  5.42108e-14
3156.0  5.64411e-14
3158.0  6.59762e-14
3160.0  7.37716e-14
3162.0  7.66548e-14
3164.0  7.42015e-14
3166.0  7.2235e-14
3168.0  6.89709e-14
3170.0  7.11326e-14
3172.0  7.84127e-14
3174.0  7.45438e-14
3176.0  6.12947e-14
3178.0  5.81404e-14
3180.0  6.50463e-14
3182.0  6.70935e-14
3184.0  6.74273e-14
3186.0  6.43436e-14
3188.0  6.05133e-14
3190.0  6.77865e-14
3192.0  7.1891e-14
3194.0  7.19815e-14
3196.0  7.66392e-14
3198.0  8.12043e-14
3200.0  7.01427e-14
3202.0  6.90164e-14
3204.0  7.11567e-14
3206.0  7.13086e-14
3208.0  6.60531e-14
3210.0  5.7662e-14
3212.0  5.56693e-14
3214.0  5.7926e-14
3216.0  6.39618e-14
3218.0  6.91424e-14
3220.0  6.5779e-14
3222.0  5.86104e-14
3224.0  5.15051e-14
3226.0  4.4728e-14
3228.0  4.27362e-14
3230.0  4.82342e-14
3232.0  5.20157e-14
3234.0  5.85622e-14
3236.0  6.07362e-14
3238.0  6.12867e-14
3240.0  6.90164e-14
3242.0  7.32276e-14
3244.0  6.91578e-14
3246.0  6.42103e-14
3248.0  6.31805e-14
3250.0  6.21273e-14
3252.0  5.93906e-14
3254.0  6.01086e-14
3256.0  6.49728e-14
3258.0  6.28562e-14
3260.0  5.17591e-14
3262.0  4.89403e-14
3264.0  5.4057e-14
3266.0  5.91074e-14
3268.0  6.02333e-14
3270.0  6.08762e-14
3272.0  6.08976e-14
3274.0  6.31857e-14
3276.0  6.47138e-14
3278.0  6.58866e-14
3280.0  6.85326e-14
3282.0  6.80236e-14
3284.0  6.44291e-14
3286.0  6.25855e-14
3288.0  6.01963e-14
3290.0  5.69827e-14
3292.0  5.5305e-14
3294.0  5.58835e-14
3296.0  5.90341e-14
3298.0  6.0343e-14
3300.0  5.77935e-14
3302.0  5.73432e-14
3304.0  5.78541e-14
3306.0  5.80052e-14
3308.0  5.82372e-14
3310.0  5.98465e-14
3312.0  6.17754e-14
3314.0  5.99795e-14
3316.0  5.79731e-14
3318.0  6.3042e-14
3320.0  6.69688e-14
3322.0  6.82275e-14
3324.0  6.63664e-14
3326.0  7.18469e-14
3328.0  7.45669e-14
3330.0  7.13955e-14
3332.0  6.48747e-14
3334.0  6.373e-14
3336.0  5.80843e-14
3338.0  5.15287e-14
3340.0  5.19288e-14
3342.0  5.56805e-14
3344.0  6.25232e-14
3346.0  6.80257e-14
3348.0  6.85403e-14
3350.0  7.45057e-14
3352.0  7.5471e-14
3354.0  6.77655e-14
3356.0  5.84784e-14
3358.0  5.63579e-14
3360.0  5.85752e-14
3362.0  6.03494e-14
3364.0  5.93769e-14
3366.0  5.93523e-14
3368.0  6.17704e-14
3370.0  6.37524e-14
3372.0  6.06414e-14
3374.0  5.79694e-14
3376.0  6.29173e-14
3378.0  6.95172e-14
3380.0  6.82395e-14
3382.0  6.52448e-14
3384.0  6.25422e-14
3386.0  5.82675e-14
3388.0  5.33225e-14
3390.0  5.20259e-14
3392.0  5.52409e-14
3394.0  5.89292e-14
3396.0  6.03011e-14
3398.0  6.13866e-14
3400.0  6.05284e-14
3402.0  5.77983e-14
3404.0  5.65545e-14
3406.0  5.87771e-14
3408.0  5.96789e-14
3410.0  5.62866e-14
3412.0  5.05751e-14
3414.0  4.9752e-14
3416.0  5.34036e-14
3418.0  5.9516e-14
3420.0  6.75952e-14
3422.0  7.60736e-14
3424.0  8.19328e-14
3426.0  8.56288e-14
3428.0  8.60838e-14
3430.0  8.02373e-14
3432.0  7.36902e-14
3434.0  7.0937e-14
3436.0  6.35039e-14
3438.0  5.96583e-14
3440.0  5.69203e-14
3442.0  5.77868e-14
3444.0  5.97662e-14
3446.0  6.39428e-14
3448.0  6.66346e-14
3450.0  6.52863e-14
3452.0  6.30622e-14
3454.0  6.17503e-14
3456.0  5.76829e-14
3458.0  5.37827e-14
3460.0  5.18059e-14
3462.0  5.18041e-14
3464.0  5.26509e-14
3466.0  5.77754e-14
3468.0  6.25477e-14
3470.0  6.31318e-14
3472.0  6.03664e-14
3474.0  5.46989e-14
3476.0  5.22406e-14
3478.0  5.31187e-14
3480.0  5.4824e-14
3482.0  5.43532e-14
3484.0  5.21959e-14
3486.0  5.0331e-14
3488.0  4.99164e-14
3490.0  4.9642e-14
3492.0  4.88053e-14
3494.0  4.83275e-14
3496.0  4.94547e-14
3498.0  5.08048e-14
3500.0  5.17234e-14
3502.0  5.02753e-14
3504.0  4.69792e-14
3506.0  4.80726e-14
3508.0  5.16791e-14
3510.0  5.38554e-14
3512.0  5.38152e-14
3514.0  5.33491e-14
3516.0  5.43847e-14
3518.0  5.66681e-14
3520.0  5.59274e-14
3522.0  5.46636e-14
3524.0  5.52603e-14
3526.0  5.48941e-14
3528.0  5.30231e-14
3530.0  5.00709e-14
3532.0  4.7743e-14
3534.0  4.79507e-14
3536.0  5.08709e-14
3538.0  5.25929e-14
3540.0  5.25687e-14
3542.0  5.24082e-14
3544.0  5.22736e-14
3546.0  5.26191e-14
3548.0  5.3267e-14
3550.0  5.26793e-14
3552.0  5.15054e-14
3554.0  5.25041e-14
3556.0  5.24632e-14
3558.0  5.28055e-14
3560.0  5.36361e-14
3562.0  5.17816e-14
3564.0  5.13249e-14
3566.0  5.0223e-14
3568.0  4.79537e-14
3570.0  4.60834e-14
3572.0  4.60758e-14
3574.0  4.77782e-14
3576.0  4.97636e-14
3578.0  4.99157e-14
3580.0  5.24253e-14
3582.0  5.49555e-14
3584.0  5.52656e-14
3586.0  5.40498e-14
3588.0  5.18319e-14
3590.0  5.09792e-14
3592.0  4.99401e-14
3594.0  4.86034e-14
3596.0  4.82133e-14
3598.0  4.95354e-14
3600.0  5.05393e-14
3602.0  4.92549e-14
3604.0  4.81482e-14
3606.0  4.86093e-14
3608.0  4.8132e-14
3610.0  4.6999e-14
3612.0  4.60121e-14
3614.0  4.3955e-14
3616.0  4.28147e-14
3618.0  4.38106e-14
3620.0  4.6499e-14
3622.0  4.94673e-14
3624.0  5.06062e-14
3626.0  5.02827e-14
3628.0  4.99546e-14
3630.0  4.97307e-14
3632.0  4.85761e-14
3634.0  4.89938e-14
3636.0  4.94445e-14
3638.0  4.97468e-14
3640.0  4.92293e-14
3642.0  4.98982e-14
3644.0  5.06195e-14
3646.0  5.11044e-14
3648.0  5.15453e-14
3650.0  5.1199e-14
3652.0  5.08429e-14
3654.0  5.12815e-14
3656.0  5.12386e-14
3658.0  5.0388e-14
3660.0  5.01868e-14
3662.0  4.91961e-14
3664.0  4.7986e-14
3666.0  4.73297e-14
3668.0  4.69508e-14
3670.0  4.80364e-14
3672.0  4.81614e-14
3674.0  4.83848e-14
3676.0  4.87002e-14
3678.0  4.76223e-14
3680.0  4.64546e-14
3682.0  4.60855e-14
3684.0  4.54543e-14
3686.0  4.48999e-14
3688.0  4.44151e-14
3690.0  4.47857e-14
3692.0  4.6133e-14
3694.0  4.73177e-14
3696.0  4.89103e-14
3698.0  4.88491e-14
3700.0  4.92206e-14
3702.0  5.0468e-14
3704.0  4.95817e-14
3706.0  4.66453e-14
3708.0  4.35873e-14
3710.0  4.3397e-14
3712.0  4.4501e-14
3714.0  4.5406e-14
3716.0  4.5141e-14
3718.0  4.43397e-14
3720.0  4.47846e-14
3722.0  4.72762e-14
3724.0  5.13817e-14
3726.0  5.65761e-14
3728.0  6.14142e-14
3730.0  6.43421e-14
3732.0  6.30647e-14
3734.0  5.69415e-14
3736.0  5.02948e-14
3738.0  4.64551e-14
3740.0  4.48438e-14
3742.0  4.42805e-14
3744.0  4.47452e-14
3746.0  4.53381e-14
3748.0  4.61393e-14
3750.0  4.64203e-14
3752.0  4.71046e-14
3754.0  4.78043e-14
3756.0  4.87875e-14
3758.0  4.99423e-14
3760.0  5.17786e-14
3762.0  5.20153e-14
3764.0  5.02294e-14
3766.0  4.77187e-14
3768.0  4.56482e-14
3770.0  4.55271e-14
3772.0  4.55604e-14
3774.0  4.50684e-14
3776.0  4.36804e-14
3778.0  4.32139e-14
3780.0  4.41606e-14
3782.0  4.49177e-14
3784.0  4.47023e-14
3786.0  4.45173e-14
3788.0  4.41781e-14
3790.0  4.42354e-14
3792.0  4.34043e-14
3794.0  4.23669e-14
3796.0  4.23637e-14
3798.0  4.24554e-14
3800.0  4.24738e-14
3802.0  4.21616e-14
3804.0  4.0853e-14
3806.0  4.01644e-14
3808.0  4.09686e-14
3810.0  4.15911e-14
3812.0  4.22304e-14
3814.0  4.15571e-14
3816.0  4.12893e-14
3818.0  4.14533e-14
3820.0  4.11618e-14
3822.0  4.06947e-14
3824.0  4.05769e-14
3826.0  4.07796e-14
3828.0  4.07684e-14
3830.0  4.09628e-14
3832.0  4.12839e-14
3834.0  4.15309e-14
3836.0  4.22535e-14
3838.0  4.24399e-14
3840.0  4.19905e-14
3842.0  4.21398e-14
3844.0  4.26256e-14
3846.0  4.30602e-14
3848.0  4.38877e-14
3850.0  4.4419e-14
3852.0  4.42581e-14
3854.0  4.41618e-14
3856.0  4.39127e-14
3858.0  4.34954e-14
3860.0  4.40165e-14
3862.0  4.66617e-14
3864.0  5.24199e-14
3866.0  5.87797e-14
3868.0  6.46381e-14
3870.0  6.77413e-14
3872.0  6.78904e-14
3874.0  6.28868e-14
3876.0  5.64556e-14
3878.0  4.96e-14
3880.0  4.45818e-14
3882.0  4.23204e-14
3884.0  4.26791e-14
3886.0  4.24757e-14
3888.0  4.20061e-14
3890.0  4.23829e-14
3892.0  4.33265e-14
3894.0  4.32245e-14
3896.0  4.20777e-14
3898.0  4.07725e-14
3900.0  4.07965e-14
3902.0  4.09045e-14
3904.0  4.0716e-14
3906.0  3.99375e-14
3908.0  3.88596e-14
3910.0  3.79518e-14
3912.0  3.77231e-14
3914.0  3.81885e-14
3916.0  3.8148e-14
3918.0  3.7684e-14
3920.0  3.64044e-14
3922.0  3.48113e-14
3924.0  3.41309e-14
3926.0  3.42506e-14
3928.0  3.50319e-14
3930.0  3.55232e-14
3932.0  3.6384e-14
3934.0  3.60916e-14
3936.0  3.52698e-14
3938.0  3.41757e-14
3940.0  3.41453e-14
3942.0  3.53808e-14
3944.0  3.67401e-14
3946.0  3.73295e-14
3948.0  3.75404e-14
3950.0  3.79844e-14
3952.0  3.78115e-14
3954.0  3.70438e-14
3956.0  3.66758e-14
3958.0  3.70677e-14
3960.0  3.7733e-14
3962.0  3.91359e-14
3964.0  4.10429e-14
3966.0  4.25916e-14
3968.0  4.32242e-14
3970.0  4.34135e-14
3972.0  4.27993e-14
3974.0  4.13393e-14
3976.0  3.95135e-14
3978.0  3.72435e-14
3980.0  3.5456e-14
3982.0  3.46273e-14
3984.0  3.47537e-14
3986.0  3.52165e-14
3988.0  3.58966e-14
3990.0  3.61041e-14
3992.0  3.58553e-14
3994.0  3.54661e-14
3996.0  3.52722e-14
3998.0  3.51973e-14
4000.0  3.53578e-14
4002.0  3.53361e-14
4004.0  3.5113e-14
4006.0  3.43822e-14
4008.0  3.2831e-14
4010.0  3.24693e-14
4012.0  3.25474e-14
4014.0  3.31867e-14
4016.0  3.35271e-14
4018.0  3.45435e-14
4020.0  3.47009e-14
4022.0  3.45677e-14
4024.0  3.45428e-14
4026.0  3.47734e-14
4028.0  3.45659e-14
4030.0  3.3693e-14
4032.0  3.35062e-14
4034.0  3.27555e-14
4036.0  3.18509e-14
4038.0  3.1591e-14
4040.0  3.26699e-14
4042.0  3.38686e-14
4044.0  3.45004e-14
4046.0  3.47883e-14
4048.0  3.50908e-14
4050.0  3.48309e-14
4052.0  3.48319e-14
4054.0  3.46196e-14
4056.0  3.40596e-14
4058.0  3.43772e-14
4060.0  3.56036e-14
4062.0  3.64332e-14
4064.0  3.65454e-14
4066.0  3.65087e-14
4068.0  3.73315e-14
4070.0  3.82991e-14
4072.0  3.85699e-14
4074.0  3.76458e-14
4076.0  3.60221e-14
4078.0  3.51557e-14
4080.0  3.54168e-14
4082.0  3.59591e-14
4084.0  3.56447e-14
4086.0  3.5476e-14
4088.0  3.63114e-14
4090.0  3.65618e-14
4092.0  3.57521e-14
4094.0  3.53998e-14
4096.0  3.58815e-14
4098.0  3.74403e-14
4100.0  3.86997e-14
4102.0  3.97453e-14
4104.0  3.95914e-14
4106.0  3.91719e-14
4108.0  3.83615e-14
4110.0  3.70527e-14
4112.0  3.59864e-14
4114.0  3.55365e-14
4116.0  3.48926e-14
4118.0  3.43951e-14
4120.0  3.46166e-14
4122.0  3.49611e-14
4124.0  3.48958e-14
4126.0  3.4297e-14
4128.0  3.28833e-14
4130.0  3.19421e-14
4132.0  3.13681e-14
4134.0  3.13756e-14
4136.0  3.10204e-14
4138.0  3.13026e-14
4140.0  3.16456e-14
4142.0  3.19942e-14
4144.0  3.2347e-14
4146.0  3.27105e-14
4148.0  3.31559e-14
4150.0  3.2876e-14
4152.0  3.25146e-14
4154.0  3.22144e-14
4156.0  3.15123e-14
4158.0  3.08838e-14
4160.0  3.08888e-14
4162.0  3.07238e-14
4164.0  3.05025e-14
4166.0  3.05913e-14
4168.0  3.10671e-14
4170.0  3.14044e-14
4172.0  3.11429e-14
4174.0  3.0619e-14
4176.0  3.04746e-14
4178.0  3.03926e-14
4180.0  3.02968e-14
4182.0  3.00204e-14
4184.0  3.00734e-14
4186.0  3.07031e-14
4188.0  3.09864e-14
4190.0  3.06574e-14
4192.0  3.03524e-14
4194.0  3.02667e-14
4196.0  3.03444e-14
4198.0  3.06733e-14
4200.0  3.09614e-14
4202.0  3.06568e-14
4204.0  3.00952e-14
4206.0  2.95965e-14
4208.0  2.97393e-14
4210.0  3.0137e-14
4212.0  3.02854e-14
4214.0  3.02863e-14
4216.0  3.01583e-14
4218.0  3.02848e-14
4220.0  3.03914e-14
4222.0  3.00768e-14
4224.0  3.0241e-14
4226.0  3.00527e-14
4228.0  2.96482e-14
4230.0  2.92414e-14
4232.0  2.90794e-14
4234.0  2.92038e-14
4236.0  2.94968e-14
4238.0  2.94999e-14
4240.0  2.94707e-14
4242.0  2.99616e-14
4244.0  3.02554e-14
4246.0  3.07888e-14
4248.0  3.10118e-14
4250.0  3.11306e-14
4252.0  3.09266e-14
4254.0  3.0585e-14
4256.0  3.05319e-14
4258.0  3.04451e-14
4260.0  3.04519e-14
4262.0  3.07477e-14
4264.0  3.14754e-14
4266.0  3.21576e-14
4268.0  3.21068e-14
4270.0  3.1802e-14
4272.0  3.2422e-14
4274.0  3.30664e-14
4276.0  3.34295e-14
4278.0  3.3512e-14
4280.0  3.33631e-14
4282.0  3.37479e-14
4284.0  3.41549e-14
4286.0  3.43723e-14
4288.0  3.43769e-14
4290.0  3.39463e-14
4292.0  3.30873e-14
4294.0  3.25763e-14
4296.0  3.21891e-14
4298.0  3.19471e-14
4300.0  3.21319e-14
4302.0  3.25237e-14
4304.0  3.25775e-14
4306.0  3.26431e-14
4308.0  3.29507e-14
4310.0  3.32258e-14
4312.0  3.34175e-14
4314.0  3.39851e-14
4316.0  3.52351e-14
4318.0  3.67601e-14
4320.0  3.78557e-14
4322.0  3.83624e-14
4324.0  3.84368e-14
4326.0  3.87744e-14
4328.0  3.89874e-14
4330.0  3.90405e-14
4332.0  3.9754e-14
4334.0  4.13222e-14
4336.0  4.28864e-14
4338.0  4.43617e-14
4340.0  4.62907e-14
4342.0  4.73025e-14
4344.0  4.67337e-14
4346.0  4.5663e-14
4348.0  4.4194e-14
4350.0  4.33096e-14
4352.0  4.30059e-14
4354.0  4.3323e-14
4356.0  4.47654e-14
4358.0  4.6467e-14
4360.0  4.94161e-14
4362.0  5.15046e-14
4364.0  5.29752e-14
4366.0  5.16011e-14
4368.0  4.8932e-14
4370.0  4.6423e-14
4372.0  4.37178e-14
4374.0  4.10689e-14
4376.0  3.91348e-14
4378.0  3.77071e-14
4380.0  3.73505e-14
4382.0  3.64563e-14
4384.0  3.54343e-14
4386.0  3.48251e-14
4388.0  3.45613e-14
4390.0  3.476e-14
4392.0  3.41108e-14
4394.0  3.32937e-14
4396.0  3.29109e-14
4398.0  3.24609e-14
4400.0  3.28081e-14
4402.0  3.31926e-14
4404.0  3.34479e-14
4406.0  3.35212e-14
4408.0  3.3307e-14
4410.0  3.30753e-14
4412.0  3.29438e-14
4414.0  3.29109e-14
4416.0  3.31465e-14
4418.0  3.32501e-14
4420.0  3.29726e-14
4422.0  3.29688e-14
4424.0  3.2893e-14
4426.0  3.23869e-14
4428.0  3.19235e-14
4430.0  3.14857e-14
4432.0  3.11791e-14
4434.0  3.12714e-14
4436.0  3.11639e-14
4438.0  3.11397e-14
4440.0  3.16429e-14
4442.0  3.16417e-14
4444.0  3.14483e-14
4446.0  3.14314e-14
4448.0  3.17925e-14
4450.0  3.19513e-14
4452.0  3.16558e-14
4454.0  3.17646e-14
4456.0  3.1645e-14
4458.0  3.14825e-14
4460.0  3.14107e-14
4462.0  3.145e-14
4464.0  3.13483e-14
4466.0  3.13743e-14
4468.0  3.18434e-14
4470.0  3.24335e-14
4472.0  3.29693e-14
4474.0  3.31519e-14
4476.0  3.29301e-14
4478.0  3.30132e-14
4480.0  3.33054e-14
4482.0  3.34594e-14
4484.0  3.30923e-14
4486.0  3.22717e-14
4488.0  3.20715e-14
4490.0  3.18909e-14
4492.0  3.20901e-14
4494.0  3.20093e-14
4496.0  3.22676e-14
4498.0  3.27268e-14
4500.0  3.31121e-14
4502.0  3.28904e-14
4504.0  3.28531e-14
4506.0  3.29704e-14
4508.0  3.31276e-14
4510.0  3.33106e-14
4512.0  3.34156e-14
4514.0  3.3563e-14
4516.0  3.37831e-14
4518.0  3.35918e-14
4520.0  3.33821e-14
4522.0  3.3412e-14
4524.0  3.31698e-14
4526.0  3.27958e-14
4528.0  3.27414e-14
4530.0  3.24343e-14
4532.0  3.23235e-14
4534.0  3.2708e-14
4536.0  3.30879e-14
4538.0  3.30474e-14
4540.0  3.28837e-14
4542.0  3.28365e-14
4544.0  3.2982e-14
4546.0  3.30939e-14
4548.0  3.32592e-14
4550.0  3.34255e-14
4552.0  3.36643e-14
4554.0  3.3812e-14
4556.0  3.38312e-14
4558.0  3.37819e-14
4560.0  3.37934e-14
4562.0  3.37602e-14
4564.0  3.33188e-14
4566.0  3.32984e-14
4568.0  3.35528e-14
4570.0  3.41097e-14
4572.0  3.46186e-14
4574.0  3.44604e-14
4576.0  3.46102e-14
4578.0  3.48072e-14
4580.0  3.43354e-14
4582.0  3.39234e-14
4584.0  3.34112e-14
4586.0  3.31057e-14
4588.0  3.29285e-14
4590.0  3.29996e-14
4592.0  3.30879e-14
4594.0  3.35611e-14
4596.0  3.37289e-14
4598.0  3.38252e-14
4600.0  3.30579e-14
4602.0  3.28133e-14
4604.0  3.27331e-14
4606.0  3.2843e-14
4608.0  3.29493e-14
4610.0  3.3128e-14
4612.0  3.29232e-14
4614.0  3.28842e-14
4616.0  3.33522e-14
4618.0  3.3709e-14
4620.0  3.35929e-14
4622.0  3.37697e-14
4624.0  3.40995e-14
4626.0  3.43945e-14
4628.0  3.46758e-14
4630.0  3.45868e-14
4632.0  3.40423e-14
4634.0  3.34716e-14
4636.0  3.32449e-14
4638.0  3.28664e-14
4640.0  3.2402e-14
4642.0  3.22622e-14
4644.0  3.24265e-14
4646.0  3.28063e-14
4648.0  3.29844e-14
4650.0  3.28753e-14
4652.0  3.21678e-14
4654.0  3.1714e-14
4656.0  3.22094e-14
4658.0  3.27893e-14
4660.0  3.32826e-14
4662.0  3.35183e-14
4664.0  3.34784e-14
4666.0  3.32181e-14
4668.0  3.25877e-14
4670.0  3.16851e-14
4672.0  3.17505e-14
4674.0  3.22115e-14
4676.0  3.29932e-14
4678.0  3.37837e-14
4680.0  3.43936e-14
4682.0  3.50425e-14
4684.0  3.56914e-14
4686.0  3.60447e-14
4688.0  3.62636e-14
4690.0  3.56961e-14
4692.0  3.48647e-14
4694.0  3.40612e-14
4696.0  3.30894e-14
4698.0  3.26731e-14
4700.0  3.2344e-14
4702.0  3.17805e-14
4704.0  3.20255e-14
4706.0  3.21689e-14
4708.0  3.1529e-14
4710.0  3.11775e-14
4712.0  3.13929e-14
4714.0  3.18015e-14
4716.0  3.19161e-14
4718.0  3.16905e-14
4720.0  3.18386e-14
4722.0  3.20473e-14
4724.0  3.23399e-14
4726.0  3.25734e-14
4728.0  3.25689e-14
4730.0  3.22874e-14
4732.0  3.20665e-14
4734.0  3.20195e-14
4736.0  3.21236e-14
4738.0  3.2429e-14
4740.0  3.27076e-14
4742.0  3.29429e-14
4744.0  3.30534e-14
4746.0  3.26146e-14
4748.0  3.21966e-14
4750.0  3.25313e-14
4752.0  3.30683e-14
4754.0  3.33886e-14
4756.0  3.31977e-14
4758.0  3.26823e-14
4760.0  3.21529e-14
4762.0  3.16245e-14
4764.0  3.13774e-14
4766.0  3.15311e-14
4768.0  3.19237e-14
4770.0  3.23276e-14
4772.0  3.28762e-14
4774.0  3.35907e-14
4776.0  3.42113e-14
4778.0  3.444e-14
4780.0  3.44951e-14
4782.0  3.45953e-14
4784.0  3.44205e-14
4786.0  3.40246e-14
4788.0  3.43634e-14
4790.0  3.50642e-14
4792.0  3.57927e-14
4794.0  3.60199e-14
4796.0  3.60969e-14
4798.0  3.65681e-14
4800.0  3.72791e-14
4802.0  3.76247e-14
4804.0  3.77123e-14
4806.0  3.809e-14
4808.0  3.86342e-14
4810.0  3.87671e-14
4812.0  3.92192e-14
4814.0  3.97679e-14
4816.0  4.0356e-14
4818.0  4.05627e-14
4820.0  4.11127e-14
4822.0  4.18667e-14
4824.0  4.26637e-14
4826.0  4.34355e-14
4828.0  4.40945e-14
4830.0  4.44281e-14
4832.0  4.48546e-14
4834.0  4.57334e-14
4836.0  4.62036e-14
4838.0  4.68013e-14
4840.0  4.82848e-14
4842.0  4.95392e-14
4844.0  5.02701e-14
4846.0  5.13995e-14
4848.0  5.30187e-14
4850.0  5.4351e-14
4852.0  5.56764e-14
4854.0  5.72468e-14
4856.0  5.92814e-14
4858.0  6.2283e-14
4860.0  6.54e-14
4862.0  6.73e-14
4864.0  6.68489e-14
4866.0  6.45228e-14
4868.0  6.08944e-14
4870.0  5.75153e-14
4872.0  5.49733e-14
4874.0  5.36274e-14
4876.0  5.32368e-14
4878.0  5.21254e-14
4880.0  5.0817e-14
4882.0  5.01458e-14
4884.0  5.0131e-14
4886.0  5.01377e-14
4888.0  4.93822e-14
4890.0  4.8398e-14
4892.0  4.7712e-14
4894.0  4.71965e-14
4896.0  4.67053e-14
4898.0  4.63022e-14
4900.0  4.52801e-14
4902.0  4.47475e-14
4904.0  4.44364e-14
4906.0  4.38299e-14
4908.0  4.36386e-14
4910.0  4.26902e-14
4912.0  4.1568e-14
4914.0  4.13391e-14
4916.0  4.03753e-14
4918.0  3.90038e-14
4920.0  3.80724e-14
4922.0  3.7254e-14
4924.0  3.63878e-14
4926.0  3.62293e-14
4928.0  3.67108e-14
4930.0  3.70254e-14
4932.0  3.69386e-14
4934.0  3.69695e-14
4936.0  3.75941e-14
4938.0  3.76577e-14
4940.0  3.7254e-14
4942.0  3.77197e-14
4944.0  3.77571e-14
4946.0  3.84269e-14
4948.0  4.06867e-14
4950.0  4.44088e-14
4952.0  4.88753e-14
4954.0  5.61214e-14
4956.0  6.70625e-14
4958.0  7.60262e-14
4960.0  8.16367e-14
4962.0  7.97925e-14
4964.0  7.16418e-14
4966.0  6.03918e-14
4968.0  5.10991e-14
4970.0  4.49701e-14
4972.0  4.04176e-14
4974.0  3.83122e-14
4976.0  3.67769e-14
4978.0  3.5662e-14
4980.0  3.48464e-14
4982.0  3.43211e-14
4984.0  3.43284e-14
4986.0  3.50583e-14
4988.0  3.65894e-14
4990.0  3.88258e-14
4992.0  4.17735e-14
4994.0  4.57484e-14
4996.0  5.13706e-14
4998.0  6.21865e-14
5000.0  7.93865e-14
5002.0  1.05157e-13
5004.0  1.37926e-13
5006.0  1.64705e-13
5008.0  1.79414e-13
5010.0  1.71923e-13
5012.0  1.47041e-13
5014.0  1.07913e-13
5016.0  7.82096e-14
5018.0  5.77891e-14
5020.0  4.5491e-14
5022.0  3.96212e-14
5024.0  3.64356e-14
5026.0  3.51949e-14
5028.0  3.42768e-14
5030.0  3.34027e-14
5032.0  3.27184e-14
5034.0  3.21972e-14
5036.0  3.21765e-14
5038.0  3.16612e-14
5040.0  3.14736e-14
5042.0  3.19139e-14
5044.0  3.17164e-14
5046.0  3.09652e-14
5048.0  3.04819e-14
5050.0  3.00743e-14
5052.0  2.98733e-14
5054.0  2.97646e-14
5056.0  3.02606e-14
5058.0  3.12292e-14
5060.0  3.14885e-14
5062.0  3.0798e-14
5064.0  3.01274e-14
5066.0  2.95043e-14
5068.0  2.94467e-14
5070.0  2.90807e-14
5072.0  2.83955e-14
5074.0  2.76767e-14
5076.0  2.79865e-14
5078.0  2.82199e-14
5080.0  2.82999e-14
5082.0  2.84991e-14
5084.0  2.79382e-14
5086.0  2.74278e-14
5088.0  2.73453e-14
5090.0  2.76737e-14
5092.0  2.79648e-14
5094.0  2.79558e-14
5096.0  2.7811e-14
5098.0  2.78309e-14
5100.0  2.78498e-14
5102.0  2.75738e-14
5104.0  2.75254e-14
5106.0  2.75206e-14
5108.0  2.74088e-14
5110.0  2.74406e-14
5112.0  2.763e-14
5114.0  2.75863e-14
5116.0  2.75033e-14
5118.0  2.78211e-14
5120.0  2.84139e-14
5122.0  2.89215e-14
5124.0  2.88965e-14
5126.0  2.87692e-14
5128.0  2.87776e-14
5130.0  2.86343e-14
5132.0  2.86515e-14
5134.0  2.87632e-14
5136.0  2.87477e-14
5138.0  2.91601e-14
5140.0  3.00059e-14
5142.0  3.03224e-14
5144.0  2.95239e-14
5146.0  2.94651e-14
5148.0  3.05228e-14
5150.0  3.06486e-14
5152.0  3.09707e-14
5154.0  3.09155e-14
5156.0  3.10601e-14
5158.0  3.10292e-14
5160.0  3.06307e-14
5162.0  2.98858e-14
5164.0  2.91175e-14
5166.0  2.82134e-14
5168.0  2.81557e-14
5170.0  2.79277e-14
5172.0  2.77721e-14
5174.0  2.74574e-14
5176.0  2.74231e-14
5178.0  2.76074e-14
5180.0  2.81436e-14
5182.0  2.81579e-14
5184.0  2.81458e-14
5186.0  2.81062e-14
5188.0  2.82434e-14
5190.0  2.80599e-14
5192.0  2.75871e-14
5194.0  2.75953e-14
5196.0  2.80068e-14
5198.0  2.91078e-14
5200.0  2.97224e-14
5202.0  2.94613e-14
5204.0  2.93047e-14
5206.0  2.91715e-14
5208.0  2.85011e-14
5210.0  2.79714e-14
5212.0  2.81235e-14
5214.0  2.88817e-14
5216.0  2.97071e-14
5218.0  3.05096e-14
5220.0  3.10136e-14
5222.0  3.0884e-14
5224.0  3.02196e-14
5226.0  2.94647e-14
5228.0  2.88849e-14
5230.0  2.90819e-14
5232.0  2.94293e-14
5234.0  2.94641e-14
5236.0  2.98714e-14
5238.0  3.05692e-14
5240.0  3.06022e-14
5242.0  3.00154e-14
5244.0  2.94749e-14
5246.0  2.94262e-14
5248.0  2.95294e-14
5250.0  2.96617e-14
5252.0  2.94863e-14
5254.0  2.90098e-14
5256.0  2.84558e-14
5258.0  2.79354e-14
5260.0  2.79979e-14
5262.0  2.8742e-14
5264.0  2.91553e-14
5266.0  2.8111e-14
5268.0  2.80276e-14
5270.0  2.83081e-14
5272.0  2.83995e-14
5274.0  2.84435e-14
5276.0  2.90852e-14
5278.0  3.0047e-14
5280.0  3.03891e-14
5282.0  2.9946e-14
5284.0  2.97808e-14
5286.0  3.04725e-14
5288.0  3.06317e-14
5290.0  3.09666e-14
5292.0  3.1069e-14
5294.0  3.08454e-14
5296.0  3.03224e-14
5298.0  2.95717e-14
5300.0  2.93576e-14
5302.0  2.91978e-14
5304.0  2.97789e-14
5306.0  3.07132e-14
5308.0  3.09867e-14
5310.0  3.11159e-14
5312.0  3.15064e-14
5314.0  3.1329e-14
5316.0  3.05582e-14
5318.0  2.99718e-14
5320.0  2.93088e-14
5322.0  2.88084e-14
5324.0  2.86101e-14
5326.0  2.84155e-14
5328.0  2.79773e-14
5330.0  2.75432e-14
5332.0  2.78837e-14
5334.0  2.8727e-14
5336.0  2.91365e-14
5338.0  2.8657e-14
5340.0  2.80899e-14
5342.0  2.76934e-14
5344.0  2.73246e-14
5346.0  2.71934e-14
5348.0  2.73264e-14
5350.0  2.76608e-14
5352.0  2.79627e-14
5354.0  2.843e-14
5356.0  2.88197e-14
5358.0  2.87796e-14
5360.0  2.87263e-14
5362.0  2.85211e-14
5364.0  2.83798e-14
5366.0  2.87023e-14
5368.0  2.83826e-14
5370.0  2.76829e-14
5372.0  2.76341e-14
5374.0  2.74554e-14
5376.0  2.69559e-14
5378.0  2.66316e-14
5380.0  2.68452e-14
5382.0  2.66297e-14
5384.0  2.61753e-14
5386.0  2.63456e-14
5388.0  2.6987e-14
5390.0  2.74049e-14
5392.0  2.73846e-14
5394.0  2.81001e-14
5396.0  2.87131e-14
5398.0  2.91613e-14
5400.0  2.84175e-14
5402.0  2.76846e-14
5404.0  2.69346e-14
5406.0  2.62702e-14
5408.0  2.61722e-14
5410.0  2.62252e-14
5412.0  2.58494e-14
5414.0  2.56564e-14
5416.0  2.61114e-14
5418.0  2.67915e-14
5420.0  2.7424e-14
5422.0  2.7492e-14
5424.0  2.72483e-14
5426.0  2.69171e-14
5428.0  2.63149e-14
5430.0  2.57599e-14
5432.0  2.56329e-14
5434.0  2.60187e-14
5436.0  2.64174e-14
5438.0  2.69404e-14
5440.0  2.74983e-14
5442.0  2.79605e-14
5444.0  2.7762e-14
5446.0  2.76413e-14
5448.0  2.79814e-14
5450.0  2.81116e-14
5452.0  2.74732e-14
5454.0  2.63768e-14
5456.0  2.5874e-14
5458.0  2.59948e-14
5460.0  2.63859e-14
5462.0  2.71522e-14
5464.0  2.78374e-14
5466.0  2.80038e-14
5468.0  2.7827e-14
5470.0  2.76716e-14
5472.0  2.79444e-14
5474.0  2.83752e-14
5476.0  2.83784e-14
5478.0  2.84418e-14
5480.0  2.85811e-14
5482.0  2.85779e-14
5484.0  2.77606e-14
5486.0  2.65384e-14
5488.0  2.55847e-14
5490.0  2.54873e-14
5492.0  2.53865e-14
5494.0  2.61199e-14
5496.0  2.73761e-14
5498.0  2.77967e-14
5500.0  2.75868e-14
5502.0  2.72013e-14
5504.0  2.67593e-14
5506.0  2.60257e-14
5508.0  2.61963e-14
5510.0  2.66241e-14
5512.0  2.58414e-14
5514.0  2.62862e-14
5516.0  2.68729e-14
5518.0  2.74256e-14
5520.0  2.69604e-14
5522.0  2.68638e-14
5524.0  2.68814e-14
5526.0  2.70487e-14
5528.0  2.6739e-14
5530.0  2.68521e-14
5532.0  2.70828e-14
5534.0  2.69153e-14
5536.0  2.67601e-14
5538.0  2.73013e-14
5540.0  2.73248e-14
5542.0  2.73334e-14
5544.0  2.80876e-14
5546.0  2.86519e-14
5548.0  2.92132e-14
5550.0  2.92965e-14
5552.0  2.87578e-14
5554.0  2.81575e-14
5556.0  2.82449e-14
5558.0  2.88825e-14
5560.0  2.89626e-14
5562.0  2.82771e-14
5564.0  2.72816e-14
5566.0  2.65902e-14
5568.0  2.65553e-14
5570.0  2.67904e-14
5572.0  2.70661e-14
5574.0  2.69706e-14
5576.0  2.64497e-14
5578.0  2.61081e-14
5580.0  2.65578e-14
5582.0  2.72056e-14
5584.0  2.65442e-14
5586.0  2.52603e-14
5588.0  2.45855e-14
5590.0  2.55576e-14
5592.0  2.61694e-14
5594.0  2.64966e-14
5596.0  2.66647e-14
5598.0  2.68444e-14
5600.0  2.71555e-14
5602.0  2.74872e-14
5604.0  2.78515e-14
5606.0  2.84345e-14
5608.0  2.87334e-14
5610.0  2.77552e-14
5612.0  2.67454e-14
5614.0  2.63009e-14
5616.0  2.64382e-14
5618.0  2.62306e-14
5620.0  2.59103e-14
5622.0  2.56038e-14
5624.0  2.5439e-14
5626.0  2.61436e-14
5628.0  2.62765e-14
5630.0  2.62573e-14
5632.0  2.59454e-14
5634.0  2.58237e-14
5636.0  2.64949e-14
5638.0  2.60716e-14
5640.0  2.59548e-14
5642.0  2.66564e-14
5644.0  2.7227e-14
5646.0  2.79662e-14
5648.0  2.83979e-14
5650.0  2.79264e-14
5652.0  2.69393e-14
5654.0  2.66683e-14
5656.0  2.67559e-14
5658.0  2.6741e-14
5660.0  2.64578e-14
5662.0  2.61898e-14
5664.0  2.58825e-14
5666.0  2.53972e-14
5668.0  2.57059e-14
5670.0  2.66329e-14
5672.0  2.7335e-14
5674.0  2.75221e-14
5676.0  2.73415e-14
5678.0  2.68905e-14
5680.0  2.64402e-14
5682.0  2.63096e-14
5684.0  2.64191e-14
5686.0  2.64343e-14
5688.0  2.60273e-14
5690.0  2.59688e-14
5692.0  2.62786e-14
5694.0  2.64495e-14
5696.0  2.6473e-14
5698.0  2.65096e-14
5700.0  2.66188e-14
5702.0  2.66257e-14
5704.0  2.67604e-14
5706.0  2.68857e-14
5708.0  2.7198e-14
5710.0  2.81264e-14
5712.0  2.9933e-14
5714.0  3.071e-14
5716.0  3.09196e-14
5718.0  3.09448e-14
5720.0  2.96696e-14
5722.0  2.77292e-14
5724.0  2.83015e-14
5726.0  2.84052e-14
5728.0  2.7768e-14
5730.0  2.76097e-14
5732.0  2.77917e-14
5734.0  2.75001e-14
5736.0  2.82988e-14
5738.0  2.89859e-14
5740.0  2.79819e-14
5742.0  2.76129e-14
5744.0  2.84618e-14
5746.0  2.86966e-14
5748.0  2.85528e-14
5750.0  2.83784e-14
5752.0  2.8437e-14
5754.0  2.85869e-14
5756.0  2.81627e-14
5758.0  2.82127e-14
5760.0  2.85861e-14
5762.0  2.77183e-14
5764.0  2.68303e-14
5766.0  2.68581e-14
5768.0  2.75544e-14
5770.0  2.87142e-14
5772.0  2.991e-14
5774.0  2.98808e-14
5776.0  2.88298e-14
5778.0  2.80314e-14
5780.0  2.75233e-14
5782.0  2.68151e-14
5784.0  2.58313e-14
5786.0  2.57761e-14
5788.0  2.65387e-14
5790.0  2.71866e-14
5792.0  2.70414e-14
5794.0  2.66742e-14
5796.0  2.73626e-14
5798.0  2.7859e-14
5800.0  2.74717e-14
5802.0  2.80782e-14
5804.0  2.89589e-14
5806.0  2.79063e-14
5808.0  2.64882e-14
5810.0  2.75541e-14
5812.0  2.86348e-14
5814.0  2.81407e-14
5816.0  2.81426e-14
5818.0  2.77404e-14
5820.0  2.72959e-14
5822.0  2.71656e-14
5824.0  2.68153e-14
5826.0  2.83281e-14
5828.0  2.99797e-14
5830.0  2.97674e-14
5832.0  3.06967e-14
5834.0  3.11147e-14
5836.0  3.10051e-14
5838.0  3.0242e-14
5840.0  2.95323e-14
5842.0  2.79058e-14
5844.0  2.72913e-14
5846.0  2.88643e-14
5848.0  2.91449e-14
5850.0  2.89642e-14
5852.0  2.90713e-14
5854.0  2.90631e-14
5856.0  2.88529e-14
5858.0  2.88173e-14
5860.0  2.88971e-14
5862.0  2.91073e-14
5864.0  2.96233e-14
5866.0  2.99255e-14
5868.0  3.03494e-14
5870.0  3.11006e-14
5872.0  3.20583e-14
5874.0  3.25069e-14
5876.0  3.22868e-14
5878.0  3.19011e-14
5880.0  3.13699e-14
5882.0  3.10623e-14
5884.0  3.06532e-14
5886.0  3.02695e-14
5888.0  2.98863e-14
5890.0  2.90911e-14
5892.0  2.8261e-14
5894.0  2.77182e-14
5896.0  2.77096e-14
5898.0  2.80511e-14
5900.0  2.82921e-14
5902.0  2.8066e-14
5904.0  2.77488e-14
5906.0  2.77112e-14
5908.0  2.78423e-14
5910.0  2.82908e-14
5912.0  2.88795e-14
5914.0  2.91259e-14
5916.0  2.92971e-14
5918.0  2.95861e-14
5920.0  2.97949e-14
5922.0  2.99225e-14
5924.0  2.99504e-14
5926.0  2.98427e-14
5928.0  2.95946e-14
5930.0  2.91536e-14
5932.0  2.91752e-14
5934.0  2.9084e-14
5936.0  2.90353e-14
5938.0  2.91114e-14
5940.0  2.86481e-14
5942.0  2.81019e-14
5944.0  2.72278e-14
5946.0  2.70339e-14
5948.0  2.71831e-14
5950.0  2.73677e-14
5952.0  2.76306e-14
5954.0  2.7849e-14
5956.0  2.7603e-14
5958.0  2.73748e-14
5960.0  2.70479e-14
5962.0  2.69223e-14
5964.0  2.74125e-14
5966.0  2.79755e-14
5968.0  2.84302e-14
5970.0  2.85334e-14
5972.0  2.84255e-14
5974.0  2.83497e-14
5976.0  2.79036e-14
5978.0  2.74965e-14
5980.0  2.73179e-14
5982.0  2.70028e-14
5984.0  2.68814e-14
5986.0  2.71629e-14
5988.0  2.718e-14
5990.0  2.76713e-14
5992.0  2.85402e-14
5994.0  2.88998e-14
5996.0  2.87747e-14
5998.0  2.84554e-14
6000.0  2.81416e-14
6002.0  2.79093e-14
6004.0  2.7618e-14
6006.0  2.71328e-14
6008.0  2.68403e-14
6010.0  2.69466e-14
6012.0  2.73336e-14
6014.0  2.75558e-14
6016.0  2.75224e-14
6018.0  2.70067e-14
6020.0  2.66536e-14
6022.0  2.65841e-14
6024.0  2.68784e-14
6026.0  2.71535e-14
6028.0  2.71361e-14
6030.0  2.70384e-14
6032.0  2.69706e-14
6034.0  2.6871e-14
6036.0  2.68001e-14
6038.0  2.70653e-14
6040.0  2.75844e-14
6042.0  2.7615e-14
6044.0  2.74659e-14
6046.0  2.75526e-14
6048.0  2.78036e-14
6050.0  2.81939e-14
6052.0  2.80956e-14
6054.0  2.7724e-14
6056.0  2.6969e-14
6058.0  2.60896e-14
6060.0  2.57492e-14
6062.0  2.63676e-14
6064.0  2.71822e-14
6066.0  2.83439e-14
6068.0  2.91641e-14
6070.0  2.95404e-14
6072.0  3.0069e-14
6074.0  3.0069e-14
6076.0  3.05765e-14
6078.0  3.12023e-14
6080.0  3.14262e-14
6082.0  3.24658e-14
6084.0  3.3069e-14
6086.0  3.30823e-14
6088.0  3.20951e-14
6090.0  3.11711e-14
6092.0  2.95366e-14
6094.0  2.82069e-14
6096.0  2.73613e-14
6098.0  2.67426e-14
6100.0  2.68062e-14
6102.0  2.68753e-14
6104.0  2.67011e-14
6106.0  2.66288e-14
6108.0  2.68194e-14
6110.0  2.67225e-14
6112.0  2.68792e-14
6114.0  2.73504e-14
6116.0  2.74714e-14
6118.0  2.72756e-14
6120.0  2.68252e-14
6122.0  2.66711e-14
6124.0  2.68367e-14
6126.0  2.71419e-14
6128.0  2.70267e-14
6130.0  2.66323e-14
6132.0  2.66135e-14
6134.0  2.64033e-14
6136.0  2.60916e-14
6138.0  2.59728e-14
6140.0  2.60032e-14
6142.0  2.60085e-14
6144.0  2.58296e-14
6146.0  2.56549e-14
6148.0  2.58489e-14
6150.0  2.64774e-14
6152.0  2.6699e-14
6154.0  2.65774e-14
6156.0  2.65143e-14
6158.0  2.63109e-14
6160.0  2.59255e-14
6162.0  2.58973e-14
6164.0  2.60222e-14
6166.0  2.5904e-14
6168.0  2.56762e-14
6170.0  2.52562e-14
6172.0  2.4769e-14
6174.0  2.45608e-14
6176.0  2.51035e-14
6178.0  2.52414e-14
6180.0  2.55028e-14
6182.0  2.59807e-14
6184.0  2.65721e-14
6186.0  2.67272e-14
6188.0  2.6723e-14
6190.0  2.6336e-14
6192.0  2.55719e-14
6194.0  2.51272e-14
6196.0  2.49437e-14
6198.0  2.53775e-14
6200.0  2.56954e-14
6202.0  2.58985e-14
6204.0  2.60212e-14
6206.0  2.58356e-14
6208.0  2.5797e-14
6210.0  2.59556e-14
6212.0  2.64953e-14
6214.0  2.70961e-14
6216.0  2.7036e-14
6218.0  2.6746e-14
6220.0  2.63348e-14
6222.0  2.62024e-14
6224.0  2.63155e-14
6226.0  2.62829e-14
6228.0  2.58912e-14
6230.0  2.5399e-14
6232.0  2.5673e-14
6234.0  2.55427e-14
6236.0  2.51813e-14
6238.0  2.48958e-14
6240.0  2.4883e-14
6242.0  2.503e-14
6244.0  2.5094e-14
6246.0  2.54396e-14
6248.0  2.57396e-14
6250.0  2.5953e-14
6252.0  2.59721e-14
6254.0  2.56307e-14
6256.0  2.49409e-14
6258.0  2.44462e-14
6260.0  2.43538e-14
6262.0  2.46677e-14
6264.0  2.52363e-14
6266.0  2.5695e-14
6268.0  2.58573e-14
6270.0  2.60697e-14
6272.0  2.63255e-14
6274.0  2.64981e-14
6276.0  2.6934e-14
6278.0  2.74293e-14
6280.0  2.76747e-14
6282.0  2.798e-14
6284.0  2.78019e-14
6286.0  2.74966e-14
6288.0  2.72876e-14
6290.0  2.72645e-14
6292.0  2.75018e-14
6294.0  2.86702e-14
6296.0  3.084e-14
6298.0  3.21929e-14
6300.0  3.30167e-14
6302.0  3.351e-14
6304.0  3.3333e-14
6306.0  3.25624e-14
6308.0  3.15466e-14
6310.0  3.04689e-14
6312.0  2.97316e-14
6314.0  2.9453e-14
6316.0  2.82474e-14
6318.0  2.68892e-14
6320.0  2.6823e-14
6322.0  2.70457e-14
6324.0  2.76079e-14
6326.0  2.8186e-14
6328.0  2.79527e-14
6330.0  2.73959e-14
6332.0  2.72889e-14
6334.0  2.72807e-14
6336.0  2.69098e-14
6338.0  2.68471e-14
6340.0  2.71514e-14
6342.0  2.77308e-14
6344.0  2.8096e-14
6346.0  2.79896e-14
6348.0  2.79959e-14
6350.0  2.78281e-14
6352.0  2.75943e-14
6354.0  2.77825e-14
6356.0  2.81462e-14
6358.0  2.86316e-14
6360.0  2.92555e-14
6362.0  2.93548e-14
6364.0  2.95325e-14
6366.0  3.03044e-14
6368.0  3.09916e-14
6370.0  3.10802e-14
6372.0  3.07558e-14
6374.0  3.01933e-14
6376.0  2.93556e-14
6378.0  2.87647e-14
6380.0  2.85347e-14
6382.0  2.81916e-14
6384.0  2.8264e-14
6386.0  2.86589e-14
6388.0  2.82221e-14
6390.0  2.79018e-14
6392.0  2.8149e-14
6394.0  2.83963e-14
6396.0  2.84923e-14
6398.0  2.87311e-14
6400.0  2.88712e-14
6402.0  2.91441e-14
6404.0  2.95018e-14
6406.0  2.96492e-14
6408.0  2.97151e-14
6410.0  2.96034e-14
6412.0  2.98624e-14
6414.0  3.03146e-14
6416.0  3.06663e-14
6418.0  3.08123e-14
6420.0  3.15936e-14
6422.0  3.21294e-14
6424.0  3.17878e-14
6426.0  3.17618e-14
6428.0  3.18437e-14
6430.0  3.2271e-14
6432.0  3.20475e-14
6434.0  3.13719e-14
6436.0  3.1285e-14
6438.0  3.16393e-14
6440.0  3.2794e-14
6442.0  3.33788e-14
6444.0  3.48519e-14
6446.0  3.67108e-14
6448.0  3.8298e-14
6450.0  3.88236e-14
6452.0  3.84584e-14
6454.0  3.80941e-14
6456.0  3.84109e-14
6458.0  3.86517e-14
6460.0  3.92606e-14
6462.0  4.05762e-14
6464.0  4.17865e-14
6466.0  4.25668e-14
6468.0  4.28986e-14
6470.0  4.36723e-14
6472.0  4.47582e-14
6474.0  4.58296e-14
6476.0  4.65809e-14
6478.0  4.73088e-14
6480.0  4.82998e-14
6482.0  5.0005e-14
6484.0  5.23829e-14
6486.0  5.41429e-14
6488.0  5.50491e-14
6490.0  5.63251e-14
6492.0  5.76557e-14
6494.0  5.88849e-14
6496.0  6.05665e-14
6498.0  6.28245e-14
6500.0  6.47934e-14
6502.0  6.68981e-14
6504.0  6.88694e-14
6506.0  7.15789e-14
6508.0  7.45324e-14
6510.0  7.66782e-14
6512.0  7.90748e-14
6514.0  8.21831e-14
6516.0  8.56473e-14
6518.0  8.99613e-14
6520.0  9.30398e-14
6522.0  9.50581e-14
6524.0  9.5757e-14
6526.0  9.57852e-14
6528.0  9.51878e-14
6530.0  9.64274e-14
6532.0  9.84683e-14
6534.0  1.01609e-13
6536.0  1.05601e-13
6538.0  1.1074e-13
6540.0  1.1519e-13
6542.0  1.17427e-13
6544.0  1.1948e-13
6546.0  1.21912e-13
6548.0  1.24788e-13
6550.0  1.28212e-13
6552.0  1.31747e-13
6554.0  1.37991e-13
6556.0  1.46098e-13
6558.0  1.54422e-13
6560.0  1.63189e-13
6562.0  1.70393e-13
6564.0  1.72908e-13
6566.0  1.68265e-13
6568.0  1.57313e-13
6570.0  1.44265e-13
6572.0  1.34492e-13
6574.0  1.27765e-13
6576.0  1.25432e-13
6578.0  1.2505e-13
6580.0  1.26992e-13
6582.0  1.31075e-13
6584.0  1.34202e-13
6586.0  1.34068e-13
6588.0  1.29968e-13
6590.0  1.22979e-13
6592.0  1.142e-13
6594.0  1.07091e-13
6596.0  1.03778e-13
6598.0  1.00924e-13
6600.0  9.79824e-14
6602.0  9.52907e-14
6604.0  9.25406e-14
6606.0  8.98135e-14
6608.0  8.76217e-14
6610.0  8.62982e-14
6612.0  8.4712e-14
6614.0  8.18661e-14
6616.0  7.84178e-14
6618.0  7.50005e-14
6620.0  7.17996e-14
6622.0  6.87807e-14
6624.0  6.63621e-14
6626.0  6.41062e-14
6628.0  6.14682e-14
6630.0  5.86183e-14
6632.0  5.5359e-14
6634.0  5.19821e-14
6636.0  4.93613e-14
6638.0  4.70553e-14
6640.0  4.54472e-14
6642.0  4.38236e-14
6644.0  4.31465e-14
6646.0  4.2362e-14
6648.0  4.19382e-14
6650.0  4.16555e-14
6652.0  4.15792e-14
6654.0  4.09628e-14
6656.0  4.03312e-14
6658.0  3.91834e-14
6660.0  3.90034e-14
6662.0  3.82388e-14
6664.0  3.7033e-14
6666.0  3.64821e-14
6668.0  3.68541e-14
6670.0  3.72385e-14
6672.0  3.65632e-14
6674.0  3.63685e-14
6676.0  3.60896e-14
6678.0  3.56923e-14
6680.0  3.51565e-14
6682.0  3.40652e-14
6684.0  3.29123e-14
6686.0  3.26469e-14
6688.0  3.25087e-14
6690.0  3.27287e-14
6692.0  3.30465e-14
6694.0  3.35888e-14
6696.0  3.39479e-14
6698.0  3.35415e-14
6700.0  3.25471e-14
6702.0  3.19096e-14
6704.0  3.19498e-14
6706.0  3.24672e-14
6708.0  3.29121e-14
6710.0  3.29498e-14
6712.0  3.37209e-14
6714.0  3.52561e-14
6716.0  3.65188e-14
6718.0  3.70506e-14
6720.0  3.65202e-14
6722.0  3.54462e-14
6724.0  3.45374e-14
6726.0  3.36461e-14
6728.0  3.33491e-14
6730.0  3.42221e-14
6732.0  3.49044e-14
6734.0  3.46407e-14
6736.0  3.37503e-14
6738.0  3.22806e-14
6740.0  3.04442e-14
6742.0  2.94006e-14
6744.0  2.8662e-14
6746.0  2.78038e-14
6748.0  2.74221e-14
6750.0  2.6028e-14
6752.0  2.3767e-14
6754.0  2.19264e-14
6756.0  2.08892e-14
6758.0  2.0539e-14
6760.0  2.07077e-14
6762.0  2.18868e-14
6764.0  2.37821e-14
6766.0  2.46192e-14
6768.0  2.50769e-14
6770.0  2.55435e-14
6772.0  2.43742e-14
6774.0  2.34864e-14
6776.0  2.32461e-14
6778.0  2.33077e-14
6780.0  2.31395e-14
6782.0  2.27957e-14
6784.0  2.28601e-14
6786.0  2.36292e-14
6788.0  2.41426e-14
6790.0  2.45883e-14
6792.0  2.55881e-14
6794.0  2.71707e-14
6796.0  2.76155e-14
6798.0  2.64278e-14
6800.0  2.59995e-14
6802.0  2.60178e-14
6804.0  2.55357e-14
6806.0  2.44502e-14
6808.0  2.39868e-14
6810.0  2.36043e-14
6812.0  2.34631e-14
6814.0  2.37357e-14
6816.0  2.4154e-14
6818.0  2.46829e-14
6820.0  2.46927e-14
6822.0  2.40876e-14
6824.0  2.34744e-14
6826.0  2.39798e-14
6828.0  2.48836e-14
6830.0  2.46866e-14
6832.0  2.40751e-14
6834.0  2.39754e-14
6836.0  2.39061e-14
6838.0  2.32678e-14
6840.0  2.24784e-14
6842.0  2.24467e-14
6844.0  2.28586e-14
6846.0  2.38519e-14
6848.0  2.57968e-14
6850.0  2.63094e-14
6852.0  2.63935e-14
6854.0  2.63357e-14
6856.0  2.60188e-14
6858.0  2.6334e-14
6860.0  2.69192e-14
6862.0  2.71178e-14
6864.0  2.68097e-14
6866.0  2.63618e-14
6868.0  2.53822e-14
6870.0  2.47814e-14
6872.0  2.48631e-14
6874.0  2.52289e-14
6876.0  2.5863e-14
6878.0  2.67083e-14
6880.0  2.67512e-14
6882.0  2.6599e-14
6884.0  2.6579e-14
6886.0  2.61285e-14
6888.0  2.45721e-14
6890.0  2.50996e-14
6892.0  2.53872e-14
6894.0  2.5616e-14
6896.0  2.55688e-14
6898.0  2.50777e-14
6900.0  2.41282e-14
6902.0  2.41746e-14
6904.0  2.49728e-14
6906.0  2.539e-14
6908.0  2.52576e-14
6910.0  2.56244e-14
6912.0  2.6205e-14
6914.0  2.57126e-14
6916.0  2.49437e-14
6918.0  2.47329e-14
6920.0  2.60497e-14
6922.0  2.74516e-14
6924.0  2.64151e-14
6926.0  2.55223e-14
6928.0  2.54574e-14
6930.0  2.65589e-14
6932.0  2.77093e-14
6934.0  2.75718e-14
6936.0  2.68667e-14
6938.0  2.65166e-14
6940.0  2.70041e-14
6942.0  2.74645e-14
6944.0  2.70199e-14
6946.0  2.59816e-14
6948.0  2.57544e-14
6950.0  2.6892e-14
6952.0  2.7915e-14
6954.0  2.85179e-14
6956.0  2.94268e-14
6958.0  3.00252e-14
6960.0  3.00279e-14
6962.0  2.92803e-14
6964.0  2.75748e-14
6966.0  2.62507e-14
6968.0  2.63486e-14
6970.0  2.73515e-14
6972.0  2.76485e-14
6974.0  2.75841e-14
6976.0  2.82434e-14
6978.0  2.89052e-14
6980.0  2.70071e-14
6982.0  2.67105e-14
6984.0  2.71453e-14
6986.0  2.68293e-14
6988.0  2.6802e-14
6990.0  2.77612e-14
6992.0  2.83288e-14
6994.0  2.92194e-14
6996.0  3.05292e-14
6998.0  2.98679e-14
7000.0  2.85596e-14
7002.0  2.74202e-14
7004.0  2.73229e-14
7006.0  2.85189e-14
7008.0  2.81142e-14
7010.0  2.66828e-14
7012.0  2.64258e-14
7014.0  2.63202e-14
7016.0  2.6031e-14
7018.0  2.62486e-14
7020.0  2.71031e-14
7022.0  2.71738e-14
7024.0  2.77575e-14
7026.0  2.77355e-14
7028.0  2.76914e-14
7030.0  2.7336e-14
7032.0  2.7208e-14
7034.0  2.74908e-14
7036.0  2.77892e-14
7038.0  2.81549e-14
7040.0  2.79707e-14
7042.0  2.71024e-14
7044.0  2.62581e-14
7046.0  2.59878e-14
7048.0  2.5689e-14
7050.0  2.54347e-14
7052.0  2.46819e-14
7054.0  2.45544e-14
7056.0  2.49332e-14
7058.0  2.45069e-14
7060.0  2.41108e-14
7062.0  2.40296e-14
7064.0  2.44175e-14
7066.0  2.4634e-14
7068.0  2.39463e-14
7070.0  2.26336e-14
7072.0  2.18039e-14
7074.0  2.20407e-14
7076.0  2.29403e-14
7078.0  7.41338e-15
