     1140.731824    2.7159453e-15
     1141.315532    6.8456186e-16
     1141.899239    0.00
     1142.482945    3.3504327e-16
     1143.066649    3.2786440e-16
     1143.650351    0.00
     1144.234053    5.6311497e-16
     1144.817752    0.00
     1145.401450    1.8167942e-16
     1145.985147    0.00
     1146.568842    3.7863834e-16
     1147.152536    5.5509341e-16
     1147.736228    2.9551060e-16
     1148.319919    0.00
     1148.903608    2.2873034e-16
     1149.487296    0.00
     1150.070982    0.00
     1150.654667    4.7488198e-16
     1151.238351    3.6625179e-17
     1151.822033    0.00
     1152.405713    0.00
     1152.989392    3.7122513e-16
     1153.573070    4.6334656e-16
     1154.156746    8.2407274e-16
     1154.740421    1.3370882e-16
     1155.324094    3.8575979e-16
     1155.907765    3.7804888e-16
     1156.491436    2.7467889e-16
     1157.075104    3.4449439e-16
     1157.658771    4.1639994e-16
     1158.242437    3.4444889e-16
     1158.826102    3.7336135e-16
     1159.409764    2.3860524e-16
     1159.993426    3.6955346e-16
     1160.577086    4.8906332e-16
     1161.160744    2.3806412e-16
     1161.744401    4.0018781e-16
     1162.328057    8.8175982e-16
     1162.911711    4.7846975e-16
     1163.495363    4.8766710e-16
     1164.079014    2.6678417e-16
     1164.662664    7.6473401e-16
     1165.246312    1.9120819e-16
     1165.829959    6.5570038e-16
     1166.413604    4.3131804e-16
     1166.997247    3.3512845e-16
     1167.580890    1.0187690e-15
     1168.164530    8.0270184e-16
     1168.748170    5.9608509e-16
     1169.331808    8.2240642e-16
     1169.915444    9.8929478e-16
     1170.499079    1.0084419e-15
     1171.082712    8.1944937e-16
     1171.666344    1.0959429e-15
     1172.249975    1.9853889e-15
     1172.833604    2.4886224e-15
     1173.417231    3.1158355e-15
     1174.000857    2.6130638e-15
     1174.584482    3.8994957e-15
     1175.168105    4.1996182e-15
     1175.751727    3.9554164e-15
     1176.335347    2.5497091e-15
     1176.918966    2.3758444e-15
     1177.502583    1.0771427e-15
     1178.086199    1.4472925e-15
     1178.669813    1.0673926e-15
     1179.253426    1.0950780e-15
     1179.837037    1.1493202e-15
     1180.420647    6.0272583e-16
     1181.004255    5.1003628e-16
     1181.587862    9.6349362e-16
     1182.171468    6.3703230e-16
     1182.755072    9.1722350e-16
     1183.338674    7.7635625e-16
     1183.922276    7.0763255e-16
     1184.505875    5.6296155e-16
     1185.089473    9.1053109e-16
     1185.673070    5.0492269e-16
     1186.256665    6.3586763e-16
     1186.840259    6.5983512e-16
     1187.423851    7.7100481e-16
     1188.007442    4.7501084e-16
     1188.591031    4.8391474e-16
     1189.174619    4.3515513e-16
     1189.758205    2.1183839e-16
     1190.341790    0.00
     1190.925374    0.00
     1191.508956    3.7278317e-16
     1192.092536    1.5467615e-15
     1192.676115    0.00
     1193.259693    4.7286985e-16
     1193.843269    9.0891506e-16
     1194.426843    7.8929092e-16
     1195.010417    0.00
     1195.593988    1.5031228e-15
     1196.177558    9.9851357e-16
     1196.761127    1.4826928e-15
     1197.344694    9.3438078e-16
     1197.928260    6.6081672e-16
     1198.511824    0.00
     1199.095387    3.4746009e-16
     1199.678949    9.6117837e-16
     1200.262509    5.1101265e-16
     1200.846067    1.0250456e-15
     1201.429624    1.9165052e-15
     1202.013180    1.0267662e-15
     1202.596734    7.4944490e-16
     1203.180286    1.7841730e-15
     1203.763837    1.2071586e-15
     1204.347387    2.0931332e-15
     1204.930935    2.3456208e-15
     1205.514482    3.3038361e-15
     1206.098027    2.7187043e-15
     1206.681571    3.4059489e-15
     1207.265113    1.8438298e-15
     1207.848654    1.7579487e-15
     1208.432193    2.3961423e-15
     1209.015731    1.4482053e-15
     1209.599267    3.2796695e-16
     1210.182802    9.7595136e-16
     1210.766336    2.1188152e-16
     1211.349868    0.00
     1211.933398    0.00
     1212.516927    1.0484650e-15
     1213.100455    6.8911599e-16
     1213.683981    5.6019016e-16
     1214.267505    6.9501446e-16
     1214.851028    0.00
     1215.434550    1.4206249e-15
     1216.018070    8.6301032e-16
     1216.601589    6.8483064e-16
     1217.185106    1.1997422e-15
     1217.768622    4.5771262e-16
     1218.352137    7.4721123e-16
     1218.935649    1.8510719e-15
     1219.519161    1.5336005e-15
     1220.102671    1.9855712e-15
     1220.686179    2.1223382e-15
     1221.269686    7.3766315e-16
     1221.853192    8.5187506e-16
     1222.436696    9.5270846e-16
     1223.020198    1.1818270e-15
     1223.603699    2.0551152e-15
     1224.187199    1.5611046e-15
     1224.770697    7.2609311e-16
     1225.354194    1.7635575e-15
     1225.937689    1.2156837e-15
     1226.521183    1.5303588e-15
     1227.104675    9.7572531e-16
     1227.688166    1.1407077e-15
     1228.271655    1.2133025e-15
     1228.855143    9.1199381e-16
     1229.438630    8.7193767e-16
     1230.022115    1.7569597e-15
     1230.605598    1.2228839e-15
     1231.189080    1.5422653e-15
     1231.772561    1.0738281e-15
     1232.356040    9.7197221e-16
     1232.939517    7.6259419e-16
     1233.522993    9.7498532e-16
     1234.106468    1.4050508e-15
     1234.689941    2.2541933e-15
     1235.273413    1.4839918e-15
     1235.856883    1.8382209e-15
     1236.440352    2.5667201e-15
     1237.023819    3.7967583e-15
     1237.607285    3.9899377e-15
     1238.190750    4.5282475e-15
     1238.774212    4.5241618e-15
     1239.357674    3.1108378e-15
     1239.941134    1.7496386e-15
     1240.524592    1.8555807e-15
     1241.108049    2.0234372e-15
     1241.691505    1.7117536e-15
     1242.274959    1.9935971e-15
     1242.858412    2.0868211e-15
     1243.441863    1.5641803e-15
     1244.025313    1.5787437e-15
     1244.608761    1.6474563e-15
     1245.192207    1.7226891e-15
     1245.775653    1.2651143e-15
     1246.359097    1.3223813e-15
     1246.942539    1.7602362e-15
     1247.525980    1.6521968e-15
     1248.109419    1.1947137e-15
     1248.692857    1.4071236e-15
     1249.276293    1.1037090e-15
     1249.859728    1.1672622e-15
     1250.443162    1.5175895e-15
     1251.026594    1.6811033e-15
     1251.610025    1.3442642e-15
     1252.193454    1.4229914e-15
     1252.776881    1.4230469e-15
     1253.360308    1.3838703e-15
     1253.943732    1.6704524e-15
     1254.527155    1.5800858e-15
     1255.110577    1.2547795e-15
     1255.693998    1.7566432e-15
     1256.277416    1.5783243e-15
     1256.860834    1.8074908e-15
     1257.444250    1.7592364e-15
     1258.027664    1.4304279e-15
     1258.611077    1.2893660e-15
     1259.194488    1.0375732e-15
     1259.777898    1.0414461e-15
     1260.361307    8.9005375e-16
     1260.944714    9.5103176e-16
     1261.528120    1.4132122e-15
     1262.111524    1.3678422e-15
     1262.694927    1.4519069e-15
     1263.278328    1.5106046e-15
     1263.861727    1.7017890e-15
     1264.445126    2.1335252e-15
     1265.028523    2.8060203e-15
     1265.611918    2.5722559e-15
     1266.195312    2.0432218e-15
     1266.778704    1.9772466e-15
     1267.362095    1.6344274e-15
     1267.945484    1.9070083e-15
     1268.528872    1.8000882e-15
     1269.112259    2.2472009e-15
     1269.695644    2.5151701e-15
     1270.279028    2.2241804e-15
     1270.862410    2.6193475e-15
     1271.445790    2.2042118e-15
     1272.029169    2.1591353e-15
     1272.612547    2.0020494e-15
     1273.195923    2.2827974e-15
     1273.779298    2.5569218e-15
     1274.362671    2.7964077e-15
     1274.946043    2.4857908e-15
     1275.529414    2.1163205e-15
     1276.112783    2.2542281e-15
     1276.696150    1.9694211e-15
     1277.279516    1.8207587e-15
     1277.862880    1.7301894e-15
     1278.446243    2.0139684e-15
     1279.029605    1.6108363e-15
     1279.612965    2.2959275e-15
     1280.196324    2.0405638e-15
     1280.779681    1.9068526e-15
     1281.363036    2.2449446e-15
     1281.946391    2.1915828e-15
     1282.529743    2.8382876e-15
     1283.113095    1.8665061e-15
     1283.696444    1.9651899e-15
     1284.279793    1.7411858e-15
     1284.863140    1.8358747e-15
     1285.446485    1.6800020e-15
     1286.029829    2.0632448e-15
     1286.613171    1.9215357e-15
     1287.196512    2.7689048e-15
     1287.779852    3.3339524e-15
     1288.363190    3.5915451e-15
     1288.946526    3.4296121e-15
     1289.529862    3.2793622e-15
     1290.113195    3.6646398e-15
     1290.696527    3.5678773e-15
     1291.279858    3.5157208e-15
     1291.863187    4.2845874e-15
     1292.446515    4.4383057e-15
     1293.029841    5.3792242e-15
     1293.613166    7.2474104e-15
     1294.196490    9.2143802e-15
     1294.779812    1.3648153e-14
     1295.363132    1.7299654e-14
     1295.946451    1.4525280e-14
     1296.529768    9.4778557e-15
     1297.113084    7.1459147e-15
     1297.696399    6.8524635e-15
     1298.279712    6.6465714e-15
     1298.863024    7.2546940e-15
     1299.446334    7.6114287e-15
     1300.029642    7.9306179e-15
     1300.612950    1.1800138e-14
     1301.196255    1.3385164e-14
     1301.779560    2.0578464e-14
     1302.362863    2.7809181e-14
     1302.946164    2.3733377e-14
     1303.529464    1.7432087e-14
     1304.112762    2.2989724e-14
     1304.696059    2.8480026e-14
     1305.279355    2.8956550e-14
     1305.862649    3.5544301e-14
     1306.445941    2.6014377e-14
     1307.029232    1.5254364e-14
     1307.612522    1.3197586e-14
     1308.195810    1.2410434e-14
     1308.779097    1.3926509e-14
     1309.362382    1.4481187e-14
     1309.945665    1.1684008e-14
     1310.528948    8.1613649e-15
     1311.112228    5.8095284e-15
     1311.695508    4.6135403e-15
     1312.278786    3.8117668e-15
     1312.862062    3.2590260e-15
     1313.445337    3.4873172e-15
     1314.028610    2.7866020e-15
     1314.611882    1.9075330e-15
     1315.195153    1.9676982e-15
     1315.778422    2.1821034e-15
     1316.361690    1.9072577e-15
     1316.944956    1.5393507e-15
     1317.528220    1.7350441e-15
     1318.111483    1.6652338e-15
     1318.694745    1.5202249e-15
     1319.278005    1.9035729e-15
     1319.861264    1.6357998e-15
     1320.444521    1.5836905e-15
     1321.027777    1.5309735e-15
     1321.611032    1.4681280e-15
     1322.194285    1.7730551e-15
     1322.777536    1.8566342e-15
     1323.360786    2.1059886e-15
     1323.944034    1.9562501e-15
     1324.527281    2.0576772e-15
     1325.110527    2.3943603e-15
     1325.693771    1.9714525e-15
     1326.277014    1.9755392e-15
     1326.860255    1.7067350e-15
     1327.443495    1.3046640e-15
     1328.026733    1.5966277e-15
     1328.609970    1.7958094e-15
     1329.193205    1.5429903e-15
     1329.776439    1.6736584e-15
     1330.359671    2.1350581e-15
     1330.942902    2.1576998e-15
     1331.526131    2.6051299e-15
     1332.109359    3.0536901e-15
     1332.692586    3.7281948e-15
     1333.275811    4.0074937e-15
     1333.859034    4.3682777e-15
     1334.442256    5.7574485e-15
     1335.025477    7.2197328e-15
     1335.608696    1.0838700e-14
     1336.191914    9.2816269e-15
     1336.775130    5.8904988e-15
     1337.358345    4.8820722e-15
     1337.941558    4.7003874e-15
     1338.524770    4.5276952e-15
     1339.107980    4.0322694e-15
     1339.691189    3.9626975e-15
     1340.274396    4.1922896e-15
     1340.857602    4.2348056e-15
     1341.440807    4.6132764e-15
     1342.024010    4.5934736e-15
     1342.607211    3.4955343e-15
     1343.190411    2.8559230e-15
     1343.773610    2.5258177e-15
     1344.356807    2.1142529e-15
     1344.940003    2.5327723e-15
     1345.523197    2.4814624e-15
     1346.106390    2.2868371e-15
     1346.689581    2.9895577e-15
     1347.272771    2.2684980e-15
     1347.855959    2.9550258e-15
     1348.439146    2.5144381e-15
     1349.022331    2.6935804e-15
     1349.605515    2.4854424e-15
     1350.188698    3.1018194e-15
     1350.771879    3.9485474e-15
     1351.355058    4.7390972e-15
     1351.938236    3.4226098e-15
     1352.521413    2.7057972e-15
     1353.104588    2.5001780e-15
     1353.687762    3.5841140e-15
     1354.270934    4.2792066e-15
     1354.854105    6.1475657e-15
     1355.437274    6.6076524e-15
     1356.020442    4.7376437e-15
     1356.603608    3.9436406e-15
     1357.186773    4.0943548e-15
     1357.769936    4.4397880e-15
     1358.353098    5.1619992e-15
     1358.936259    4.6862936e-15
     1359.519418    5.4304676e-15
     1360.102575    5.5283579e-15
     1360.685731    4.1237219e-15
     1361.268886    3.3792517e-15
     1361.852039    2.6682995e-15
     1362.435190    3.0149604e-15
     1363.018341    2.5467708e-15
     1363.601489    2.5513513e-15
     1364.184637    2.7618477e-15
     1364.767782    3.2244168e-15
     1365.350927    2.7730154e-15
     1365.934070    3.5522927e-15
     1366.517211    2.8635130e-15
     1367.100351    1.8709655e-15
     1367.683489    2.0997614e-15
     1368.266626    2.4439609e-15
     1368.849762    2.2956359e-15
     1369.432896    2.3407122e-15
     1370.016028    2.3260065e-15
     1370.599160    2.9075206e-15
     1371.182289    3.1283639e-15
     1371.765417    2.6289415e-15
     1372.348544    2.5256036e-15
     1372.931669    1.9578781e-15
     1373.514793    2.1895454e-15
     1374.097915    1.6872414e-15
     1374.681036    2.4184955e-15
     1375.264156    2.0371949e-15
     1375.847274    1.7304564e-15
     1376.430390    2.1251180e-15
     1377.013505    2.1811225e-15
     1377.596618    2.6007708e-15
     1378.179731    2.6038009e-15
     1378.762841    2.7743141e-15
     1379.345950    2.6397227e-15
     1379.929058    2.5819919e-15
     1380.512164    2.5566650e-15
     1381.095269    2.4990523e-15
     1381.678372    2.1520733e-15
     1382.261474    2.3727235e-15
     1382.844574    2.5351440e-15
     1383.427673    2.4036123e-15
     1384.010770    2.4030767e-15
     1384.593866    2.3259105e-15
     1385.176961    2.2065795e-15
     1385.760054    2.3163393e-15
     1386.343145    2.4355541e-15
     1386.926235    3.1434507e-15
     1387.509324    2.0672538e-15
     1388.092411    2.6688638e-15
     1388.675496    2.0119093e-15
     1389.258581    2.5360829e-15
     1389.841663    3.3659533e-15
     1390.424745    3.6552313e-15
     1391.007824    4.3714392e-15
     1391.590903    7.1295288e-15
     1392.173980    1.0350730e-14
     1392.757055    1.3993457e-14
     1393.340129    2.0360707e-14
     1393.923201    1.5717345e-14
     1394.506272    9.6086139e-15
     1395.089342    7.2130226e-15
     1395.672410    6.7326884e-15
     1396.255476    5.5275168e-15
     1396.838542    5.4812688e-15
     1397.421605    5.8266333e-15
     1398.004667    6.4238809e-15
     1398.587728    7.3813712e-15
     1399.170787    7.0732050e-15
     1399.753845    7.9529194e-15
     1400.336901    8.6435926e-15
     1400.919956    1.0159788e-14
     1401.503010    1.2388086e-14
     1402.086062    1.5087327e-14
     1402.669112    1.3438199e-14
     1403.252161    8.6077275e-15
     1403.835209    6.2745918e-15
     1404.418255    5.8042069e-15
     1405.001299    4.5305116e-15
     1405.584342    4.3514251e-15
     1406.167384    4.1798365e-15
     1406.750424    4.4596767e-15
     1407.333463    3.6383479e-15
     1407.916500    3.0114420e-15
     1408.499536    3.0940845e-15
     1409.082570    2.6427157e-15
     1409.665603    2.7594536e-15
     1410.248634    2.4782630e-15
     1410.831664    2.7624247e-15
     1411.414693    2.9814412e-15
     1411.997720    2.4836133e-15
     1412.580745    2.4633122e-15
     1413.163769    2.3596519e-15
     1413.746792    2.2445092e-15
     1414.329813    2.3777447e-15
     1414.912833    2.2831352e-15
     1415.495851    2.0789704e-15
     1416.078868    2.4534121e-15
     1416.661883    2.3478495e-15
     1417.244897    2.2496579e-15
     1417.827909    2.3493418e-15
     1418.410920    1.6607109e-15
     1418.993929    1.6524479e-15
     1419.576937    1.8601477e-15
     1420.159944    1.9888418e-15
     1420.742949    2.2468089e-15
     1421.325952    2.1731858e-15
     1421.908954    2.1164160e-15
     1422.491955    1.8792063e-15
     1423.074954    1.9525698e-15
     1423.657952    2.1399523e-15
     1424.240948    2.1825619e-15
     1424.823943    1.9287298e-15
     1425.406936    2.0079791e-15
     1425.989928    2.3089030e-15
     1426.572918    2.6742260e-15
     1427.155907    1.9411541e-15
     1427.738895    2.1080323e-15
     1428.321880    2.3366461e-15
     1428.904865    2.7590203e-15
     1429.487848    2.7612673e-15
     1430.070830    3.1116448e-15
     1430.653810    2.9464471e-15
     1431.236788    2.6850976e-15
     1431.819765    2.7090191e-15
     1432.402741    3.3343653e-15
     1432.985715    3.6674663e-15
     1433.568688    3.9080681e-15
     1434.151659    4.4220613e-15
     1434.734629    3.2052421e-15
     1435.317598    4.2619644e-15
     1435.900564    3.4100172e-15
     1436.483530    3.0279888e-15
     1437.066494    3.2409425e-15
     1437.649456    2.9815337e-15
     1438.232417    2.3904422e-15
     1438.815377    2.6408831e-15
     1439.398335    2.6769542e-15
     1439.981292    2.6744184e-15
     1440.564247    2.3978181e-15
     1441.147200    2.8125159e-15
     1441.730153    3.2577025e-15
     1442.313104    2.8411113e-15
     1442.896053    3.0792523e-15
     1443.479001    3.0762837e-15
     1444.061947    3.2791222e-15
     1444.644892    2.9340173e-15
     1445.227835    3.5529983e-15
     1445.810777    3.2978643e-15
     1446.393718    2.6557810e-15
     1446.976657    1.9636562e-15
     1447.559595    2.3316903e-15
     1448.142531    2.2652264e-15
     1448.725465    2.3000885e-15
     1449.308398    1.9055071e-15
     1449.891330    2.0374797e-15
     1450.474260    2.3471302e-15
     1451.057189    2.7288564e-15
     1451.640117    3.8313752e-15
     1452.223042    3.9819417e-15
     1452.805967    4.5991699e-15
     1453.388890    4.7824971e-15
     1453.971811    4.4587200e-15
     1454.554731    5.1678403e-15
     1455.137650    4.2300576e-15
     1455.720567    4.3658992e-15
     1456.303482    4.0329788e-15
     1456.886397    3.7361882e-15
     1457.469309    3.8027646e-15
     1458.052220    3.5552738e-15
     1458.635130    4.2357784e-15
     1459.218038    3.6690481e-15
     1459.800945    3.8817169e-15
     1460.383851    3.5358905e-15
     1460.966755    3.4122201e-15
     1461.549657    3.6892389e-15
     1462.132558    4.9559758e-15
     1462.715457    5.4386939e-15
     1463.298355    6.5801399e-15
     1463.881252    6.2924528e-15
     1464.464147    5.3333790e-15
     1465.047041    4.6307084e-15
     1465.629933    3.8436263e-15
     1466.212824    3.7393760e-15
     1466.795713    3.1634832e-15
     1467.378601    3.9021770e-15
     1467.961487    3.4876791e-15
     1468.544372    3.4763825e-15
     1469.127255    4.0067284e-15
     1469.710137    4.2173991e-15
     1470.293017    5.7645407e-15
     1470.875896    6.6438770e-15
     1471.458774    9.7651989e-15
     1472.041650    8.1346622e-15
     1472.624524    7.0583637e-15
     1473.207398    5.5631489e-15
     1473.790269    4.5902676e-15
     1474.373139    4.3201022e-15
     1474.956008    2.7701321e-15
     1475.538875    2.5787857e-15
     1476.121741    2.2979970e-15
     1476.704606    2.5526189e-15
     1477.287468    2.0380743e-15
     1477.870330    2.1605674e-15
     1478.453190    1.8338244e-15
     1479.036048    2.6094332e-15
     1479.618905    2.5682784e-15
     1480.201761    2.9423815e-15
     1480.784615    3.4342896e-15
     1481.367467    4.3085652e-15
     1481.950319    4.2595987e-15
     1482.533168    4.5638059e-15
     1483.116016    3.9086225e-15
     1483.698863    3.3668929e-15
     1484.281709    3.1725149e-15
     1484.864552    3.8592676e-15
     1485.447395    4.2341064e-15
     1486.030236    4.2528753e-15
     1486.613075    4.2994351e-15
     1487.195913    4.2810396e-15
     1487.778749    3.7904779e-15
     1488.361584    3.5704751e-15
     1488.944418    4.3573738e-15
     1489.527250    3.9100388e-15
     1490.110081    3.1144650e-15
     1490.692910    2.8483190e-15
     1491.275738    2.1534756e-15
     1491.858564    2.5497312e-15
     1492.441389    2.7942622e-15
     1493.024212    2.2576403e-15
     1493.607034    1.8473901e-15
     1494.189854    2.1274520e-15
     1494.772673    2.3686338e-15
     1495.355491    2.2764368e-15
     1495.938307    2.1391760e-15
     1496.521121    1.9326912e-15
     1497.103934    2.2588336e-15
     1497.686746    1.8017350e-15
     1498.269556    3.0956439e-15
     1498.852365    2.7691184e-15
     1499.435172    3.0134491e-15
     1500.017978    3.5476228e-15
     1500.600782    3.3861093e-15
     1501.183585    2.8193873e-15
     1501.766386    3.5014811e-15
     1502.349186    3.4579807e-15
     1502.931984    3.0267384e-15
     1503.514781    3.6258050e-15
     1504.097577    5.5316927e-15
     1504.680371    4.9100264e-15
     1505.263163    4.5904768e-15
     1505.845954    3.4368353e-15
     1506.428744    3.5801982e-15
     1507.011532    3.0909484e-15
     1507.594319    3.4347247e-15
     1508.177104    2.7805568e-15
     1508.759888    2.9956390e-15
     1509.342670    2.0023965e-15
     1509.925451    2.1198033e-15
     1510.508231    2.6536945e-15
     1511.091008    2.2909194e-15
     1511.673785    2.6836170e-15
     1512.256560    2.7711128e-15
     1512.839333    2.7368687e-15
     1513.422106    2.8702686e-15
     1514.004876    2.9281008e-15
     1514.587645    2.9189376e-15
     1515.170413    3.1979394e-15
     1515.753179    3.2392884e-15
     1516.335944    3.1881198e-15
     1516.918707    2.3527181e-15
     1517.501469    2.9977500e-15
     1518.084229    2.4742898e-15
     1518.666988    2.4067734e-15
     1519.249746    2.7273637e-15
     1519.832502    3.0260493e-15
     1520.415256    2.9493162e-15
     1520.998009    3.6757376e-15
     1521.580761    2.9262098e-15
     1522.163511    3.3113474e-15
     1522.746259    3.6001916e-15
     1523.329007    3.3112970e-15
     1523.911752    4.6661991e-15
     1524.494497    5.4731555e-15
     1525.077239    3.9568577e-15
     1525.659981    3.1108005e-15
     1526.242721    3.6068937e-15
     1526.825459    3.8112607e-15
     1527.408196    3.3517011e-15
     1527.990931    3.1090914e-15
     1528.573665    3.2395271e-15
     1529.156398    3.2444456e-15
     1529.739129    2.5630112e-15
     1530.321859    2.4289934e-15
     1530.904587    2.9109558e-15
     1531.487313    2.4480114e-15
     1532.070039    3.0533077e-15
     1532.652762    4.5185019e-15
     1533.235485    4.6008712e-15
     1533.818205    4.5769874e-15
     1534.400925    4.3999241e-15
     1534.983643    3.5834775e-15
     1535.566359    4.1402034e-15
     1536.149074    3.1982145e-15
     1536.731788    3.9018869e-15
     1537.314500    4.0371877e-15
     1537.897210    3.7778550e-15
     1538.479919    4.9729402e-15
     1539.062627    4.4538822e-15
     1539.645333    4.0136593e-15
     1540.228038    4.2739622e-15
     1540.810741    3.9965170e-15
     1541.393443    5.3148065e-15
     1541.976143    5.1836430e-15
     1542.558842    5.6032839e-15
     1543.141540    4.5178988e-15
     1543.724236    6.0402165e-15
     1544.306930    7.1530052e-15
     1544.889623    8.9828827e-15
     1545.472315    1.3013217e-14
     1546.055005    2.0810522e-14
     1546.637693    3.0044869e-14
     1547.220380    4.2131483e-14
     1547.803066    5.2647397e-14
     1548.385750    4.2898919e-14
     1548.968433    2.9359947e-14
     1549.551115    2.8217666e-14
     1550.133794    3.4664915e-14
     1550.716473    3.2830075e-14
     1551.299150    1.8353305e-14
     1551.881825    1.1357279e-14
     1552.464499    7.7827971e-15
     1553.047172    7.4969040e-15
     1553.629843    6.2028566e-15
     1554.212512    5.9099081e-15
     1554.795180    6.8945615e-15
     1555.377847    6.4385926e-15
     1555.960512    5.4510022e-15
     1556.543176    6.7826604e-15
     1557.125838    4.2205174e-15
     1557.708499    3.0190266e-15
     1558.291159    2.9727110e-15
     1558.873816    3.6809515e-15
     1559.456473    3.6073973e-15
     1560.039128    2.4784065e-15
     1560.621781    3.4802108e-15
     1561.204433    3.9958093e-15
     1561.787084    5.6228605e-15
     1562.369733    3.6650171e-15
     1562.952381    3.3947598e-15
     1563.535027    2.8642214e-15
     1564.117672    2.9666846e-15
     1564.700315    3.2098470e-15
     1565.282957    3.1517662e-15
     1565.865597    2.5662233e-15
     1566.448236    2.6127263e-15
     1567.030873    2.6016890e-15
     1567.613509    3.1939021e-15
     1568.196144    3.0973447e-15
     1568.778777    2.0046708e-15
     1569.361408    3.4578631e-15
     1569.944038    3.8349290e-15
     1570.526667    3.0679339e-15
     1571.109294    3.2499041e-15
     1571.691920    2.8263245e-15
     1572.274544    3.5652049e-15
     1572.857167    3.5921397e-15
     1573.439788    3.4081021e-15
     1574.022408    2.1047164e-15
     1574.605027    3.4757707e-15
     1575.187643    3.4835225e-15
     1575.770259    4.1924679e-15
     1576.352873    4.1116453e-15
     1576.935485    3.9959304e-15
     1577.518097    3.8003823e-15
     1578.100706    2.8856282e-15
     1578.683314    3.3901979e-15
     1579.265921    3.8982565e-15
     1579.848526    3.2615425e-15
     1580.431130    4.2745196e-15
     1581.013732    3.0554365e-15
     1581.596333    3.1877774e-15
     1582.178932    2.6518073e-15
     1582.761530    2.6126719e-15
     1583.344127    3.2070383e-15
     1583.926722    2.9534027e-15
     1584.509315    2.9749644e-15
     1585.091907    3.5361641e-15
     1585.674498    4.0117501e-15
     1586.257087    3.4220504e-15
     1586.839675    4.0709670e-15
     1587.422261    6.2997398e-15
     1588.004846    7.0265834e-15
     1588.587429    6.3151990e-15
     1589.170011    5.4020894e-15
     1589.752591    5.7671843e-15
     1590.335170    4.4154337e-15
     1590.917748    4.3967862e-15
     1591.500323    5.3291171e-15
     1592.082898    4.7725288e-15
     1592.665471    4.6762538e-15
     1593.248043    3.6735336e-15
     1593.830613    2.8903686e-15
     1594.413181    3.4519182e-15
     1594.995749    4.1218817e-15
     1595.578314    3.6069128e-15
     1596.160879    4.1092156e-15
     1596.743441    5.0525138e-15
     1597.326003    3.3242130e-15
     1597.908563    4.1543125e-15
     1598.491121    3.9050019e-15
     1599.073678    5.1076362e-15
     1599.656233    5.3152512e-15
     1600.238787    6.2650682e-15
     1600.821340    5.4158965e-15
     1601.403891    7.8930384e-15
     1601.986441    8.4794232e-15
     1602.568989    6.0184499e-15
     1603.151536    5.3426874e-15
     1603.734081    5.7132830e-15
     1604.316625    4.4611934e-15
     1604.899167    4.6353594e-15
     1605.481708    3.4696941e-15
     1606.064247    3.5399372e-15
     1606.646785    3.3481021e-15
     1607.229322    2.2614179e-15
     1607.811857    2.9930248e-15
     1608.394390    3.2887784e-15
     1608.976922    3.2777138e-15
     1609.559453    2.6064773e-15
     1610.141982    2.7294049e-15
     1610.724510    2.9067289e-15
     1611.307036    3.0087438e-15
     1611.889561    2.6399179e-15
     1612.472084    4.7501129e-15
     1613.054606    4.1587823e-15
     1613.637127    3.6202493e-15
     1614.219645    2.5879228e-15
     1614.802163    3.5951128e-15
     1615.384679    2.7824490e-15
     1615.967194    3.5304376e-15
     1616.549707    3.2202852e-15
     1617.132218    3.8877377e-15
     1617.714728    3.6054720e-15
     1618.297237    3.0612546e-15
     1618.879744    2.7377579e-15
     1619.462250    3.6445757e-15
     1620.044754    2.9378459e-15
     1620.627257    2.7841062e-15
     1621.209759    3.1635423e-15
     1621.792259    3.6787323e-15
     1622.374757    2.2297092e-15
     1622.957254    3.2217061e-15
     1623.539750    3.2707688e-15
     1624.122244    2.8575802e-15
     1624.704736    2.1442836e-15
     1625.287227    2.8897219e-15
     1625.869717    3.2408107e-15
     1626.452205    2.4977096e-15
     1627.034692    2.6991020e-15
     1627.617177    2.0446090e-15
     1628.199661    2.8797001e-15
     1628.782144    3.3092288e-15
     1629.364625    2.6171738e-15
     1629.947104    2.8530537e-15
     1630.529582    3.9968872e-15
     1631.112059    4.6929488e-15
     1631.694534    4.7690128e-15
     1632.277007    4.0930423e-15
     1632.859479    4.2512732e-15
     1633.441950    2.7084294e-15
     1634.024419    3.3631136e-15
     1634.606887    2.8833990e-15
     1635.189353    3.2607141e-15
     1635.771818    5.4969609e-15
     1636.354282    3.7598060e-15
     1636.936743    4.5573646e-15
     1637.519204    5.5008086e-15
     1638.101663    7.3893443e-15
     1638.684120    1.0847797e-14
     1639.266576    1.5891224e-14
     1639.849031    2.7111834e-14
     1640.431484    2.1559796e-14
     1641.013936    1.3740390e-14
     1641.596386    1.1326403e-14
     1642.178835    6.7497489e-15
     1642.761282    6.1561283e-15
     1643.343728    4.8730572e-15
     1643.926172    5.3427022e-15
     1644.508615    4.4918619e-15
     1645.091057    3.3960050e-15
     1645.673497    2.6650272e-15
     1646.255935    2.7690075e-15
     1646.838372    2.9269967e-15
     1647.420808    3.4721708e-15
     1648.003242    3.6797953e-15
     1648.585675    3.9870692e-15
     1649.168106    4.2728501e-15
     1649.750536    3.8273057e-15
     1650.332964    3.5670285e-15
     1650.915391    2.5124064e-15
     1651.497816    2.1401355e-15
     1652.080240    1.9622492e-15
     1652.662663    2.4999426e-15
     1653.245084    3.1094575e-15
     1653.827503    3.0943789e-15
     1654.409921    3.8819406e-15
     1654.992338    2.7485601e-15
     1655.574753    2.4256840e-15
     1656.157167    1.8617704e-15
     1656.739579    2.0004898e-15
     1657.321990    3.1078888e-15
     1657.904399    2.5185879e-15
     1658.486807    2.7257220e-15
     1659.069213    4.8352651e-15
     1659.651618    4.1353660e-15
     1660.234021    4.2672673e-15
     1660.816423    3.8164204e-15
     1661.398824    3.0420650e-15
     1661.981223    2.7981251e-15
     1662.563621    2.9769922e-15
     1663.146017    4.3443515e-15
     1663.728411    4.4232776e-15
     1664.310805    4.0714710e-15
     1664.893196    7.3540392e-15
     1665.475587    9.5042153e-15
     1666.057976    7.3236400e-15
     1666.640363    4.6856618e-15
     1667.222749    4.3094707e-15
     1667.805133    2.9435269e-15
     1668.387516    2.0140610e-15
     1668.969898    1.8657034e-15
     1669.552278    2.2777804e-15
     1670.134656    3.5384162e-15
     1670.717034    4.8796535e-15
     1671.299409    2.2160535e-15
     1671.881784    2.3306296e-15
     1672.464156    2.5928695e-15
     1673.046528    1.8063272e-15
     1673.628897    1.5036110e-15
     1674.211266    2.3106856e-15
     1674.793633    3.2958480e-15
     1675.375998    1.7811697e-15
     1675.958362    1.8534881e-15
     1676.540725    2.3749243e-15
     1677.123086    1.5115669e-15
     1677.705445    2.3402887e-15
     1678.287804    2.1958353e-15
     1678.870160    1.9236497e-15
     1679.452516    2.3443778e-15
     1680.034869    2.3388615e-15
     1680.617222    2.3579623e-15
     1681.199572    2.1315694e-15
     1681.781922    1.9588721e-15
     1682.364270    2.7810144e-15
     1682.946616    1.4805763e-15
     1683.704450    1.4951558e-15
     1685.248515    1.9867742e-15
     1686.792589    4.0114875e-15
     1688.336672    1.9757797e-15
     1689.880763    3.2891496e-15
     1691.424864    3.3136884e-15
     1692.968974    1.2779313e-15
     1694.513093    3.5926661e-15
     1696.057221    4.1437280e-15
     1697.601358    2.7727816e-15
     1699.145504    1.9123954e-15
     1700.689659    3.7778572e-15
     1702.233823    4.2342482e-15
     1703.777996    2.8018901e-15
     1705.322178    2.2220662e-15
     1706.866369    4.6946348e-15
     1708.410569    1.1765343e-15
     1709.954779    4.2125159e-15
     1711.498997    3.2696609e-15
     1713.043224    3.1280188e-15
     1714.587460    2.6627599e-15
     1716.131705    2.9870278e-15
     1717.675959    2.8111219e-15
     1719.220222    2.7337768e-15
     1720.764494    3.5431587e-15
     1722.308775    2.2422912e-15
     1723.853065    2.7374739e-15
     1725.397364    2.6028630e-15
     1726.941673    2.8959912e-15
     1728.485990    2.7855246e-15
     1730.030316    2.2924278e-15
     1731.574651    3.3482128e-15
     1733.118995    3.5103929e-15
     1734.663348    4.0824502e-15
     1736.207711    1.6540312e-15
     1737.752082    4.6840439e-15
     1739.296462    1.9413078e-15
     1740.840851    3.1238245e-15
     1742.385249    4.9871377e-15
     1743.929657    2.6930006e-15
     1745.474073    2.8533789e-15
     1747.018498    2.8901666e-15
     1748.562933    4.4886876e-15
     1750.107376    2.4997702e-15
     1751.651828    2.2235468e-15
     1753.196290    2.9951881e-15
     1754.740760    2.9069283e-15
     1756.285239    1.9959105e-15
     1757.829728    1.8003323e-15
     1759.374225    2.5933483e-15
     1760.918731    1.6561085e-15
     1762.463247    1.9878857e-15
     1764.007771    2.1657229e-15
     1765.552305    2.4437339e-15
     1767.096847    1.4530820e-15
     1768.641398    2.0876241e-15
     1770.185959    2.4343397e-15
     1771.730528    2.7622611e-15
     1773.275107    2.9301224e-15
     1774.819694    4.3680879e-15
     1776.364291    3.2293688e-15
     1777.908896    4.2355171e-15
     1779.453511    3.6248279e-15
     1780.998135    5.0194961e-15
     1782.542767    3.8413922e-15
     1784.087409    4.0382516e-15
     1785.632059    5.4405650e-15
     1787.176719    4.1915684e-15
     1788.721388    3.6880136e-15
     1790.266065    1.7722925e-15
     1791.810752    2.9696450e-15
     1793.355448    2.3834897e-15
     1794.900152    3.1981002e-15
     1796.444866    1.9601848e-15
     1797.989589    2.4789899e-15
     1799.534321    2.3507856e-15
     1801.079061    3.6540116e-15
     1802.623811    4.0846233e-15
     1804.168570    6.2846215e-15
     1805.713338    1.0677674e-14
     1807.258115    1.4845653e-14
     1808.802900    1.0660096e-14
     1810.347695    8.0701293e-15
     1811.892499    7.0552500e-15
     1813.437312    1.1745437e-14
     1814.982134    2.0532497e-14
     1816.526965    3.0893572e-14
     1818.071805    1.5132030e-14
     1819.616654    9.2759925e-15
     1821.161512    6.5927581e-15
     1822.706379    5.6221833e-15
     1824.251255    4.0023065e-15
     1825.796140    5.8608234e-15
     1827.341034    4.2994101e-15
     1828.885937    4.3068186e-15
     1830.430849    3.7574860e-15
     1831.975771    3.3289519e-15
     1833.520701    2.2448802e-15
     1835.065640    2.8090351e-15
     1836.610588    2.6873130e-15
     1838.155545    2.2373647e-15
     1839.700512    3.2837195e-15
     1841.245487    2.1527154e-15
     1842.790471    2.2168169e-15
     1844.335465    2.1329465e-15
     1845.880467    4.1709042e-15
     1847.425478    3.7776890e-15
     1848.970499    3.0386693e-15
     1850.515528    2.7082487e-15
     1852.060566    3.9651289e-15
     1853.605614    3.9897242e-15
     1855.150670    3.7919992e-15
     1856.695736    3.7924376e-15
     1858.240810    3.6101230e-15
     1859.785894    3.2300413e-15
     1861.330986    3.4104996e-15
     1862.876088    3.6124028e-15
     1864.421199    3.4897080e-15
     1865.966318    3.3307944e-15
     1867.511447    3.8761613e-15
     1869.056585    4.8629648e-15
     1870.601731    3.2864036e-15
     1872.146887    3.7367909e-15
     1873.692052    3.5841822e-15
     1875.237226    2.9251624e-15
     1876.782408    3.4720264e-15
     1878.327600    2.2907714e-15
     1879.872801    2.5450930e-15
     1881.418011    1.8700268e-15
     1882.963230    3.1218983e-15
     1884.508458    3.1069198e-15
     1886.053695    4.2416653e-15
     1887.598941    7.0739402e-15
     1889.144196    8.4893631e-15
     1890.689460    1.3594515e-14
     1892.234733    1.2709367e-14
     1893.780015    4.8546469e-15
     1895.325306    5.7660303e-15
     1896.870606    5.9966604e-15
     1898.415915    6.5711601e-15
     1899.961233    7.1750230e-15
     1901.506561    5.9816107e-15
     1903.051897    5.6792284e-15
     1904.597242    6.3362075e-15
     1906.142596    1.0477992e-14
     1907.687960    1.2070398e-14
     1909.233332    9.5171750e-15
     1910.778713    5.0531788e-15
     1912.324104    4.1525329e-15
     1913.869503    3.8012179e-15
     1915.414912    3.5237422e-15
     1916.960329    2.8567406e-15
     1918.505756    2.9457278e-15
     1920.051191    3.0102829e-15
     1921.596636    3.4249208e-15
     1923.142090    2.0915154e-15
     1924.687552    3.9212785e-15
     1926.233024    3.9090799e-15
     1927.778505    3.5044417e-15
     1929.323994    5.2600712e-15
     1930.869493    4.2670750e-15
     1932.415001    3.0846428e-15
     1933.960518    2.3562633e-15
     1935.506043    2.2124634e-15
     1937.051578    1.4219584e-15
     1938.597122    2.1609187e-15
     1940.142675    2.0527164e-15
     1941.688237    2.3681900e-15
     1943.233808    1.9246871e-15
     1944.779388    1.6590535e-15
     1946.324977    2.2100485e-15
     1947.870575    2.1813224e-15
     1949.416183    2.2897120e-15
     1950.961799    1.5338231e-15
     1952.507424    1.7711151e-15
     1954.053058    2.3361313e-15
     1955.598701    1.2226925e-15
     1957.144354    1.3397836e-15
     1958.690015    1.9317916e-15
     1960.235685    1.5874033e-15
     1961.781365    1.8250477e-15
     1963.327053    1.8422592e-15
     1964.872751    1.4761804e-15
     1966.418457    1.5944447e-15
     1967.964173    2.3989328e-15
     1969.509897    2.6597444e-15
     1971.055631    2.0039542e-15
     1972.601374    2.6325276e-15
     1974.147125    2.3213988e-15
     1975.692886    2.2722597e-15
     1977.238656    1.8257088e-15
     1978.784434    2.3878805e-15
     1980.330222    2.5691441e-15
     1981.876019    2.8847916e-15
     1983.421825    2.6385301e-15
     1984.967640    2.6650136e-15
     1986.513464    2.2192522e-15
     1988.059297    2.4579983e-15
     1989.605139    3.1159007e-15
     1991.150990    4.2018251e-15
     1992.696850    4.5391492e-15
     1994.242719    4.0345323e-15
     1995.788597    1.5002763e-15
     1997.334485    1.6279733e-15
     1998.880381    2.3155585e-15
     2000.426286    2.5399651e-15
     2001.972200    2.3925307e-15
     2003.518124    3.1863008e-15
     2005.064056    1.9426451e-15
     2006.609998    3.5996118e-15
     2008.155948    3.2415940e-15
     2009.701908    3.2685998e-15
     2011.247876    4.0061211e-15
     2012.793854    3.4431379e-15
     2014.339840    4.3471539e-15
     2015.885836    4.2568479e-15
     2017.431841    3.7847927e-15
     2018.977855    3.2662531e-15
     2020.523877    3.3323208e-15
     2022.069909    2.8408107e-15
     2023.615950    2.6018444e-15
     2025.162000    2.6530243e-15
     2026.708059    1.8110801e-15
     2028.254127    2.5151271e-15
     2029.800204    1.9175782e-15
     2031.346290    2.5987773e-15
     2032.892385    2.1564317e-15
     2034.438489    2.6101460e-15
     2035.984602    3.5522728e-15
     2037.530725    2.2120983e-15
     2039.076856    3.3218011e-15
     2040.622996    2.8765332e-15
     2042.169146    2.7302906e-15
     2043.715304    2.6180461e-15
     2045.261471    1.7019752e-15
     2046.807648    2.3687554e-15
     2048.353833    2.3258407e-15
     2049.900028    2.7375652e-15
     2051.446232    3.0310432e-15
     2052.992444    2.9435754e-15
     2054.538666    3.2471993e-15
     2056.084897    3.5897112e-15
     2057.631136    2.9199964e-15
     2059.177385    2.3417598e-15
     2060.723643    2.7272428e-15
     2062.269910    3.3072418e-15
     2063.816186    3.0467508e-15
     2065.362471    3.1742246e-15
     2066.908765    3.7590700e-15
     2068.455068    2.8760898e-15
     2070.001380    3.0821424e-15
     2071.547701    3.3469802e-15
     2073.094032    3.0102028e-15
     2074.640371    3.2285753e-15
     2076.186719    2.5234998e-15
     2077.733076    2.4629408e-15
     2079.279443    2.8882532e-15
     2080.825818    2.4497228e-15
     2082.372203    3.1872382e-15
     2083.918596    2.8439737e-15
     2085.464999    3.3630416e-15
     2087.011411    3.0389732e-15
     2088.557831    3.0938744e-15
     2090.104261    2.5085071e-15
     2091.650700    3.0074167e-15
     2093.197148    2.6352194e-15
     2094.743604    3.5370899e-15
     2096.290070    2.3596059e-15
     2097.836545    2.7178041e-15
     2099.383029    2.0598622e-15
     2100.929522    2.8101320e-15
     2102.476024    2.5738002e-15
     2104.022536    2.2482539e-15
     2105.569056    2.5552371e-15
     2107.115585    3.6379570e-15
     2108.662123    3.1293300e-15
     2110.208671    3.1458465e-15
     2111.755227    2.6039457e-15
     2113.301792    2.1420720e-15
     2114.848367    1.5959310e-15
     2116.394951    3.0436592e-15
     2117.941543    2.9870541e-15
     2119.488145    3.0689120e-15
     2121.034755    3.0898159e-15
     2122.581375    4.0064925e-15
     2124.128004    5.5678804e-15
     2125.674642    4.1781785e-15
     2127.221289    3.8886872e-15
     2128.767945    4.7302123e-15
     2130.314610    4.7482101e-15
     2131.861284    4.2560572e-15
     2133.407967    3.2410157e-15
     2134.954659    3.6591396e-15
     2136.501360    4.5163780e-15
     2138.048070    3.9904586e-15
     2139.594790    4.5608879e-15
     2141.141518    4.9723972e-15
     2142.688255    4.5384436e-15
     2144.235002    4.2022562e-15
     2145.781757    3.6143633e-15
     2147.328522    3.4306092e-15
     2148.875295    4.2270514e-15
     2150.422078    4.5774419e-15
     2151.968870    4.1543637e-15
     2153.515671    2.9896595e-15
     2155.062480    3.4251715e-15
     2156.609299    3.5413327e-15
     2158.156127    4.6822668e-15
     2159.702964    5.3117246e-15
     2161.249810    6.1802400e-15
     2162.796665    4.4259123e-15
     2164.343529    4.0308413e-15
     2165.890403    4.2339675e-15
     2167.437285    3.8678540e-15
     2168.984176    4.7844762e-15
     2170.531077    4.3067471e-15
     2172.077986    4.9923067e-15
     2173.624904    4.1979448e-15
     2175.171832    5.0630687e-15
     2176.718769    3.5481448e-15
     2178.265714    3.8612166e-15
     2179.812669    2.9971513e-15
     2181.359633    3.6694035e-15
     2182.906605    3.9096576e-15
     2184.453587    4.6538065e-15
     2186.000578    4.2680834e-15
     2187.547578    4.1510798e-15
     2189.094587    3.0912791e-15
     2190.641605    3.5086271e-15
     2192.188632    3.4671140e-15
     2193.735669    2.6700566e-15
     2195.282714    2.3220089e-15
     2196.829768    2.8547693e-15
     2198.376832    2.6765786e-15
     2199.923904    3.0170937e-15
     2201.470986    4.0344120e-15
     2203.018076    2.8438680e-15
     2204.565176    3.5985233e-15
     2206.112284    3.8043549e-15
     2207.659402    4.6572933e-15
     2209.206529    5.4149855e-15
     2210.753665    5.5352214e-15
     2212.300810    6.0309898e-15
     2213.847964    7.3203764e-15
     2215.395127    6.1393562e-15
     2216.942299    5.6586087e-15
     2218.489480    5.7570741e-15
     2220.036670    7.3515836e-15
     2221.583869    6.0209308e-15
     2223.131078    6.5940867e-15
     2224.678295    6.4787534e-15
     2226.225521    4.8903850e-15
     2227.772757    4.4695210e-15
     2229.320001    3.8700677e-15
     2230.867255    4.8265331e-15
     2232.414518    4.9905470e-15
     2233.961790    4.6158641e-15
     2235.509070    4.9096024e-15
     2237.056360    4.8774609e-15
     2238.603659    4.9469651e-15
     2240.150967    5.3230930e-15
     2241.698284    5.1150410e-15
     2243.245610    6.8092348e-15
     2244.792945    5.9541694e-15
     2246.340290    8.4496983e-15
     2247.887643    1.0028641e-14
     2249.435005    1.2761774e-14
     2250.982377    1.1976714e-14
     2252.529757    1.0136323e-14
     2254.077147    9.7170696e-15
     2255.624545    9.1915518e-15
     2257.171953    8.0836826e-15
     2258.719370    1.0777266e-14
     2260.266796    1.1606447e-14
     2261.814231    1.1346847e-14
     2263.361675    8.2423887e-15
     2264.909128    9.3291828e-15
     2266.456590    1.1016664e-14
     2268.004061    1.0776002e-14
     2269.551541    7.6799563e-15
     2271.099030    6.3582994e-15
     2272.646529    6.3550667e-15
     2274.194036    7.1535100e-15
     2275.741552    1.0542358e-14
     2277.289078    1.1691505e-14
     2278.836613    1.3763126e-14
     2280.384156    1.0787048e-14
     2281.931709    6.9366785e-15
     2283.479271    5.9951137e-15
     2285.026842    5.9442434e-15
     2286.574421    6.2734525e-15
     2288.122010    5.2436083e-15
     2289.669609    5.1401225e-15
     2291.217216    6.1427558e-15
     2292.764832    7.1481839e-15
     2294.312457    8.2245451e-15
     2295.860091    1.0101788e-14
     2297.407735    1.0599395e-14
     2298.955387    8.2121657e-15
     2300.503049    7.7888974e-15
     2302.050719    7.5120506e-15
     2303.598399    8.3807236e-15
     2305.146088    6.7935884e-15
     2306.693786    7.4666911e-15
     2308.241493    7.3626594e-15
     2309.789208    8.1393353e-15
     2311.336933    9.8051153e-15
     2312.884668    1.0261869e-14
     2314.432411    9.8832380e-15
     2315.980163    1.2586604e-14
     2317.527924    1.4543588e-14
     2319.075695    1.7774812e-14
     2320.623474    2.2957369e-14
     2322.171263    3.6065575e-14
     2323.719060    5.4606097e-14
     2325.266867    6.0542290e-14
     2326.814682    4.6707626e-14
     2328.362507    3.5876738e-14
     2329.910341    2.4979783e-14
     2331.458184    2.9730812e-14
     2333.006036    3.9627383e-14
     2334.553897    3.8852693e-14
     2336.101767    2.4377097e-14
     2337.649647    2.5556863e-14
     2339.197535    2.1522794e-14
     2340.745432    1.7561744e-14
     2342.293339    1.6401636e-14
     2343.841254    2.0940799e-14
     2345.389179    1.9174131e-14
     2346.937112    1.9630768e-14
     2348.485055    2.4913494e-14
     2350.033007    2.5897297e-14
     2351.580968    1.8375787e-14
     2353.128938    1.2696714e-14
     2354.676917    1.3811936e-14
     2356.224905    1.4390709e-14
     2357.772902    1.3093681e-14
     2359.320908    1.7839956e-14
     2360.868924    2.0357568e-14
     2362.416948    1.7656739e-14
     2363.964981    1.8671630e-14
     2365.513024    2.0159194e-14
     2367.061076    1.8845812e-14
     2368.609136    1.7625336e-14
     2370.157206    1.6821439e-14
     2371.705285    1.3852384e-14
     2373.253373    1.3245241e-14
     2374.801470    1.6153174e-14
     2376.349576    1.3683956e-14
     2377.897691    1.2138669e-14
     2379.445815    1.4183371e-14
     2380.993948    1.1660206e-14
     2382.542091    1.5839865e-14
     2384.090242    1.8326012e-14
     2385.638403    1.7658015e-14
     2387.186572    1.6441209e-14
     2388.734751    2.2433070e-14
     2390.282939    2.1484091e-14
     2391.831136    2.2376645e-14
     2393.379342    1.6270448e-14
     2394.927557    2.1402756e-14
     2396.475781    2.2077289e-14
     2398.024014    1.9152777e-14
     2399.572256    2.0116973e-14
     2401.120507    2.0073886e-14
     2402.668768    1.8449367e-14
     2404.217037    2.1300205e-14
     2405.765316    2.4380410e-14
     2407.313603    2.2731811e-14
     2408.861900    1.6816670e-14
     2410.410206    1.9537681e-14
     2411.958521    2.2924156e-14
     2413.506845    2.5352196e-14
     2415.055178    2.6350932e-14
     2416.603520    2.5252392e-14
     2418.151871    1.8730030e-14
     2419.700231    1.4283352e-14
     2421.248601    1.3185376e-14
     2422.796979    1.5754571e-14
     2424.345366    1.7572252e-14
     2425.893763    1.6979024e-14
     2427.442169    1.7758796e-14
     2428.990583    1.9788833e-14
     2430.539007    2.2084173e-14
     2432.087440    2.2063216e-14
     2433.635882    2.1615776e-14
     2435.184333    2.1802088e-14
     2436.732793    1.9054487e-14
     2438.281263    1.9888081e-14
     2439.829741    1.9090161e-14
     2441.378228    1.5921312e-14
     2442.926725    1.5113126e-14
     2444.475230    2.2407955e-14
     2446.023745    2.3548993e-14
     2447.572269    2.2962430e-14
     2449.120802    2.0382757e-14
     2450.669344    1.9987918e-14
     2452.217895    1.6528083e-14
     2453.766455    1.7086948e-14
     2455.315024    1.6989551e-14
     2456.863602    1.7441777e-14
     2458.412189    1.8102195e-14
     2459.960786    1.6914008e-14
     2461.509391    1.7949233e-14
     2463.058006    2.0882357e-14
     2464.606630    2.2499614e-14
     2466.155262    2.4205662e-14
     2467.703904    2.3656758e-14
     2469.252555    2.4542275e-14
     2470.801215    2.6666762e-14
     2472.349884    2.5134661e-14
     2473.898562    2.3633591e-14
     2475.447250    2.5475851e-14
     2476.995946    2.7724913e-14
     2478.544651    2.8700390e-14
     2480.093366    2.6884184e-14
     2481.642090    2.7152436e-14
     2483.190822    2.7441901e-14
     2484.739564    2.7845532e-14
     2486.288315    2.1120966e-14
     2487.837075    2.3464015e-14
     2489.385844    2.9954880e-14
     2490.934622    2.8464129e-14
     2492.483409    2.8667972e-14
     2494.032206    2.7548640e-14
     2495.581011    2.2832236e-14
     2497.129825    3.1195180e-14
     2498.678649    3.4438794e-14
     2500.227482    2.5564949e-14
     2501.776323    2.1901279e-14
     2503.325174    2.6044117e-14
     2504.874034    3.2692229e-14
     2506.422903    3.5676909e-14
     2507.971781    2.8650137e-14
     2509.520669    2.1825876e-14
     2511.069565    2.2257475e-14
     2512.618470    2.1503263e-14
     2514.167385    2.0381989e-14
     2515.716308    2.0190941e-14
     2517.265241    1.9953037e-14
     2518.814183    2.0018856e-14
     2520.363133    1.8827408e-14
     2521.912093    1.8669731e-14
     2523.461062    1.9539632e-14
     2525.010041    2.0662141e-14
     2526.559028    2.6004769e-14
     2528.108024    2.4489432e-14
     2529.657029    2.3935164e-14
     2531.206044    2.0343509e-14
     2532.755067    2.2218904e-14
     2534.304100    2.3662175e-14
     2535.853142    2.7865875e-14
     2537.402193    3.1267472e-14
     2538.951253    3.3152724e-14
     2540.500322    2.9079756e-14
     2542.049400    2.7382309e-14
     2543.598487    2.7965845e-14
     2545.147583    2.8641105e-14
     2546.696689    2.9276281e-14
     2548.245803    3.1845122e-14
     2549.794927    2.7921733e-14
     2551.344060    2.0075150e-14
     2552.893201    1.6836667e-14
     2554.442352    1.7691489e-14
     2555.991512    2.0760471e-14
     2557.540681    2.1213661e-14
     2559.089859    1.7235430e-14
     2560.639047    1.7442145e-14
     2562.188243    1.7854785e-14
     2563.737448    2.2413100e-14
     2565.286663    2.1352455e-14
     2566.835887    2.2918508e-14
     2568.385119    2.0402386e-14
     2569.934361    1.9605599e-14
     2571.483612    1.7570916e-14
     2573.032872    1.8072485e-14
     2574.582141    1.9685627e-14
     2576.131419    2.2237942e-14
     2577.680707    2.2425907e-14
     2579.230003    2.0637058e-14
     2580.779309    1.8965999e-14
     2582.328623    2.2286840e-14
     2583.877947    2.4612960e-14
     2585.427280    3.3895697e-14
     2586.976622    3.6122238e-14
     2588.525973    2.7594467e-14
     2590.075333    2.2308840e-14
     2591.624702    2.5009986e-14
     2593.174080    2.4674007e-14
     2594.723468    2.2032138e-14
     2596.272864    2.0686469e-14
     2597.822270    2.1628138e-14
     2599.371684    3.7994872e-14
     2600.921108    3.3970782e-14
     2602.470541    2.3473728e-14
     2604.019983    2.1698941e-14
     2605.569434    2.9997662e-14
     2607.118894    4.4691783e-14
     2608.668363    3.9406202e-14
     2610.217842    3.6765140e-14
     2611.767329    4.7903650e-14
     2613.316826    5.0831830e-14
     2614.866332    4.4515396e-14
     2616.415846    4.8199315e-14
     2617.965370    6.2964567e-14
     2619.514903    5.6866770e-14
     2621.064445    5.5342558e-14
     2622.613997    5.8807119e-14
     2624.163557    6.2258473e-14
     2625.713126    7.7450504e-14
     2627.262705    6.3129406e-14
     2628.812292    5.1669006e-14
     2630.361889    5.0659306e-14
     2631.911495    4.7905012e-14
     2633.461110    3.1126899e-14
     2635.010734    2.0321672e-14
     2636.560367    1.9125397e-14
     2638.110009    1.9151459e-14
     2639.659660    1.8021807e-14
     2641.209321    1.5296333e-14
     2642.758990    1.5621263e-14
     2644.308669    1.4727335e-14
     2645.858357    1.5247084e-14
     2647.408053    1.4747853e-14
     2648.957759    1.5898426e-14
     2650.507474    1.5447743e-14
     2652.057199    1.6731879e-14
     2653.606932    1.6058920e-14
     2655.156674    1.5176117e-14
     2656.706426    1.6430032e-14
     2658.256186    1.7766938e-14
     2659.805956    1.6714765e-14
     2661.355735    1.9881429e-14
     2662.905522    2.4947057e-14
     2664.455319    2.8708610e-14
     2666.005126    3.2634255e-14
     2667.554941    4.0936133e-14
     2669.104765    5.0611289e-14
     2670.654598    3.6289470e-14
     2672.204441    2.7091898e-14
     2673.754293    2.3633917e-14
     2675.304153    2.3648608e-14
     2676.854023    2.3231622e-14
     2678.403902    2.0369093e-14
     2679.953790    1.9021211e-14
     2681.503687    1.7875834e-14
     2683.053594    1.8188987e-14
     2684.603509    1.9037059e-14
     2686.153433    2.0520152e-14
     2687.703367    2.0139176e-14
     2689.253310    2.3030436e-14
     2690.803262    2.5068206e-14
     2692.353222    2.9099536e-14
     2693.903192    2.4196955e-14
     2695.453172    2.1423628e-14
     2697.003160    2.0099604e-14
     2698.553157    2.1817599e-14
     2700.103164    2.0796941e-14
     2701.653179    1.9586275e-14
     2703.203204    2.1834322e-14
     2704.753238    2.1510717e-14
     2706.303281    2.1907604e-14
     2707.853333    2.4342622e-14
     2709.403394    2.6583643e-14
     2710.953464    2.9542134e-14
     2712.503543    3.2080201e-14
     2714.053632    3.7107497e-14
     2715.603729    3.4393265e-14
     2717.153836    3.3307521e-14
     2718.703952    2.9768668e-14
     2720.254077    2.6756539e-14
     2721.804211    3.0436499e-14
     2723.354354    3.3885540e-14
     2724.904506    4.0363180e-14
     2726.454667    3.6266962e-14
     2728.004838    3.9629002e-14
     2729.555017    4.0152326e-14
     2731.105206    5.3343777e-14
     2732.655404    6.1435049e-14
     2734.205611    4.1164012e-14
     2735.755827    3.6503983e-14
     2737.306052    3.6288602e-14
     2738.856286    4.2587797e-14
     2740.406530    3.9846886e-14
     2741.956782    3.5272153e-14
     2743.507044    3.9738686e-14
     2745.057314    3.5828840e-14
     2746.607594    4.2432075e-14
     2748.157883    4.2216170e-14
     2749.708181    4.4978588e-14
     2751.258488    4.0292426e-14
     2752.808805    4.2281862e-14
     2754.359130    4.1529761e-14
     2755.909465    5.1931211e-14
     2757.459808    4.8007994e-14
     2759.010161    4.7353726e-14
     2760.560523    4.2156894e-14
     2762.110894    4.1750532e-14
     2763.661274    3.7224842e-14
     2765.211663    3.9128558e-14
     2766.762061    4.2548372e-14
     2768.312469    4.8224516e-14
     2769.862885    4.4154066e-14
     2771.413311    3.6793932e-14
     2772.963746    3.6382610e-14
     2774.514190    4.0708830e-14
     2776.064643    4.2917852e-14
     2777.615105    3.7278459e-14
     2779.165576    3.6933632e-14
     2780.716057    3.7562608e-14
     2782.266546    4.0413429e-14
     2783.817045    4.4276770e-14
     2785.367552    4.6317164e-14
     2786.918069    5.2964421e-14
     2788.468595    7.8942895e-14
     2790.019130    1.1617716e-13
     2791.569674    1.4840436e-13
     2793.120228    2.5929047e-13
     2794.670790    4.9550148e-13
     2796.221362    7.6292222e-13
     2797.771942    4.6312981e-13
     2799.322532    2.6498267e-13
     2800.873131    2.8109020e-13
     2802.423739    4.9613634e-13
     2803.974356    4.8858210e-13
     2805.524983    2.1441335e-13
     2807.075618    9.2345192e-14
     2808.626263    6.5059970e-14
     2810.176916    6.3239792e-14
     2811.727579    5.1361056e-14
     2813.278251    3.7132369e-14
     2814.828932    3.2688038e-14
     2816.379622    3.0940392e-14
     2817.930321    2.8744592e-14
     2819.481030    2.9266560e-14
     2821.031747    3.2167238e-14
     2822.582474    3.6541117e-14
     2824.133210    3.5513845e-14
     2825.683954    3.5727616e-14
     2827.234708    3.5161337e-14
     2828.785471    3.5184454e-14
     2830.336244    3.5278038e-14
     2831.887025    3.8830132e-14
     2833.437816    3.3984951e-14
     2834.988615    3.6182151e-14
     2836.539424    3.8463316e-14
     2838.090242    4.0270694e-14
     2839.641069    3.8957580e-14
     2841.191905    4.2247533e-14
     2842.742750    4.3671965e-14
     2844.293604    4.6897256e-14
     2845.844468    4.1386880e-14
     2847.395340    3.7151533e-14
     2848.946222    3.6271323e-14
     2850.497113    3.3801165e-14
     2852.048013    3.6472388e-14
     2853.598922    3.7660694e-14
     2855.149840    4.2129206e-14
     2856.700768    4.3991002e-14
     2858.251704    4.0778487e-14
     2859.802650    3.9664954e-14
     2861.353604    3.5014892e-14
     2862.904568    3.3278081e-14
     2864.455541    3.6163557e-14
     2866.006523    4.0070686e-14
     2867.557515    4.3188909e-14
     2869.108515    4.4039882e-14
     2870.659524    4.2269868e-14
     2872.210543    3.7703256e-14
     2873.761571    3.5331089e-14
     2875.312608    3.7258726e-14
     2876.863654    3.4658366e-14
     2878.414709    3.6231025e-14
     2879.965773    4.0495243e-14
     2881.516846    4.2818593e-14
     2883.067929    3.3794439e-14
     2884.619020    3.2344329e-14
     2886.170121    3.1671345e-14
     2887.721231    3.0695505e-14
     2889.272350    3.1192280e-14
     2890.823478    2.9969459e-14
     2892.374616    3.3585276e-14
     2893.925762    3.0250572e-14
     2895.476918    2.7894999e-14
     2897.028082    2.7018206e-14
     2898.579256    2.5178459e-14
     2900.130439    2.8527473e-14
     2901.681631    2.6872925e-14
     2903.232832    2.6860299e-14
     2904.784043    3.0403268e-14
     2906.335262    3.0319985e-14
     2907.886491    3.4520099e-14
     2909.437728    3.1673571e-14
     2910.988975    2.9125618e-14
     2912.540231    2.9934947e-14
     2914.091496    3.0910177e-14
     2915.642770    3.6114114e-14
     2917.194054    3.6026636e-14
     2918.745346    2.9999085e-14
     2920.296648    2.9938661e-14
     2921.847959    3.0023120e-14
     2923.399279    3.8046277e-14
     2924.950608    4.8511640e-14
     2926.501946    6.1302390e-14
     2928.053293    5.1931163e-14
     2929.604650    3.7196056e-14
     2931.156015    3.4690478e-14
     2932.707390    3.8104644e-14
     2934.258774    3.8454198e-14
     2935.810167    3.8993514e-14
     2937.361569    3.5546459e-14
     2938.912980    3.8635582e-14
     2940.464400    3.5839695e-14
     2942.015830    3.4354213e-14
     2943.567269    4.1251738e-14
     2945.118716    4.4996094e-14
     2946.670173    3.7772821e-14
     2948.221639    3.9988751e-14
     2949.773114    3.6179484e-14
     2951.324599    3.7601046e-14
     2952.876092    4.9225171e-14
     2954.427595    4.2765952e-14
     2955.979107    3.2567153e-14
     2957.530627    3.3492150e-14
     2959.082157    3.5931551e-14
     2960.633697    4.2561437e-14
     2962.185245    4.1515162e-14
     2963.736802    4.3018913e-14
     2965.288369    4.3013414e-14
     2966.839944    4.2110931e-14
     2968.391529    3.9141725e-14
     2969.943123    4.6835172e-14
     2971.494726    4.1609619e-14
     2973.046339    3.8138956e-14
     2974.597960    3.3309503e-14
     2976.149590    3.9902743e-14
     2977.701230    4.7944728e-14
     2979.252879    4.7684614e-14
     2980.804537    3.7439795e-14
     2982.356204    3.5661236e-14
     2983.907880    4.6106294e-14
     2985.459565    4.4825017e-14
     2987.011260    3.6580182e-14
     2988.562964    3.1932769e-14
     2990.114676    2.6431722e-14
     2991.666398    2.7131832e-14
     2993.218129    2.5550483e-14
     2994.769869    2.5285165e-14
     2996.321619    2.7460981e-14
     2997.873377    2.7318078e-14
     2999.425145    3.1844963e-14
     3000.976922    3.5636319e-14
     3002.528707    3.8140525e-14
     3004.080502    3.1531618e-14
     3005.632307    2.5001102e-14
     3007.184120    2.5281401e-14
     3008.735942    2.7355512e-14
     3010.287774    2.7621878e-14
     3011.839615    2.7479001e-14
     3013.391465    2.6964157e-14
     3014.943324    2.8476153e-14
     3016.495192    2.6996211e-14
     3018.047069    2.6252816e-14
     3019.598955    2.6754669e-14
     3021.150851    2.4551840e-14
     3022.702756    2.5827500e-14
     3024.254670    2.7256863e-14
     3025.806593    2.7871916e-14
     3027.358525    3.0521145e-14
     3028.910466    2.9774628e-14
     3030.462417    3.5768636e-14
     3032.014376    3.5730259e-14
     3033.566345    3.3783713e-14
     3035.118323    3.1517500e-14
     3036.670310    2.6949122e-14
     3038.222306    2.8388357e-14
     3039.774311    2.9001317e-14
     3041.326326    3.2473403e-14
     3042.878349    3.3478167e-14
     3044.430382    3.0646834e-14
     3045.982424    3.2132889e-14
     3047.534475    3.3926749e-14
     3049.086535    3.3744461e-14
     3050.638604    3.3754317e-14
     3052.190683    3.4642756e-14
     3053.742771    3.2188160e-14
     3055.294867    3.3707713e-14
     3056.846973    3.1142220e-14
     3058.399088    3.0183247e-14
     3059.951213    3.3024283e-14
     3061.503346    3.3588011e-14
     3063.055488    3.3833505e-14
     3064.607640    3.5894095e-14
     3066.159801    3.2542233e-14
     3067.711971    3.2653554e-14
     3069.264150    3.4071934e-14
     3070.816338    3.7321810e-14
     3072.368535    4.0055117e-14
     3073.920742    3.7887201e-14
     3075.472958    4.1778813e-14
     3077.025183    4.4041647e-14
     3078.577417    3.9656517e-14
     3080.129660    3.7975265e-14
     3081.681912    3.5927417e-14
     3083.234173    3.3754686e-14
     3084.786444    3.4278729e-14
     3086.338724    3.6265231e-14
     3087.891013    3.4971365e-14
     3089.443311    3.5528001e-14
     3090.995618    3.2456165e-14
     3092.547934    3.0663799e-14
     3094.100260    3.1556101e-14
     3095.652594    3.1789814e-14
     3097.204938    3.4321694e-14
     3098.757291    3.1083737e-14
     3100.309653    3.2290031e-14
     3101.862024    3.5456738e-14
     3103.414405    3.5193192e-14
     3104.966794    4.0353713e-14
     3106.519193    3.5666586e-14
     3108.071601    3.9439660e-14
     3109.624018    4.0809471e-14
     3111.176444    3.9313205e-14
     3112.728879    3.8447344e-14
     3114.281324    4.1461795e-14
     3115.833777    4.3025947e-14
     3117.386240    4.3356018e-14
     3118.938712    4.6043569e-14
     3120.491193    3.9570350e-14
     3122.043683    3.9992034e-14
     3123.596182    4.8657808e-14
     3125.148691    4.3906593e-14
     3126.701209    4.7867851e-14
     3128.253735    4.6708341e-14
     3129.806271    4.6088523e-14
     3131.358817    5.0117527e-14
     3132.911371    4.7807793e-14
     3134.463934    4.5689265e-14
     3136.016507    4.5968241e-14
     3137.569089    4.2269329e-14
     3139.121680    4.4259457e-14
     3140.674280    3.9895889e-14
     3142.226889    3.8309433e-14
     3143.779507    3.7858046e-14
     3145.332135    4.2013932e-14
     3146.884772    4.4549217e-14
     3148.437417    3.6065030e-14
     3149.990072    3.3522762e-14
     3151.542737    4.6297090e-14
     3153.095410    8.7274168e-14
     3154.648092    3.5482226e-16
