# Please reference the following sources for the spectra:
#    Optical spectrum -- Kirkpatrick et al. (2008, ApJ, 689, 1295)
#    Near-infrared spectrum -- Burgasser et al. (2008, ApJ, 681, 579)
# 
# 2MASS photometry:
#    J = 15.444+/-0.048 mag
#    H = 14.343+/-0.036 mag
#    Ks= 13.676+/-0.038 mag
#
# Column legend:
#    Column 1 -- Wavelength in um
#    Column 2 -- Flux in units of erg/cm^2/s/um
#
     0.612487  2.31735e-17
     0.612674 -1.54756e-18
     0.612861  1.12076e-17
     0.613047  1.22055e-17
     0.613234  6.72513e-18
     0.613420  7.95375e-18
     0.613607  2.32786e-17
     0.613794 -8.21939e-18
     0.613980  1.23225e-18
     0.614167  2.28835e-17
     0.614354  1.63070e-17
     0.614540  1.65681e-17
     0.614727  1.60949e-17
     0.614913  1.39954e-17
     0.615100  2.14887e-17
     0.615287  1.39537e-17
     0.615473 -4.58505e-18
     0.615660  4.90666e-19
     0.615847  2.30689e-17
     0.616033  2.79910e-17
     0.616220  1.92932e-17
     0.616406  8.16571e-19
     0.616593  7.38315e-18
     0.616780  1.43113e-17
     0.616966  9.65591e-18
     0.617153  2.53112e-17
     0.617339  1.81344e-17
     0.617526  1.24194e-17
     0.617713  1.93439e-17
     0.617899  2.46817e-17
     0.618086  1.78250e-17
     0.618273  2.38605e-17
     0.618459  9.71835e-18
     0.618646  1.17547e-17
     0.618832  2.31070e-17
     0.619019 -9.94214e-18
     0.619206  7.57999e-18
     0.619392 -2.05120e-18
     0.619579  4.21657e-18
     0.619766 -5.20741e-18
     0.619952 -1.44236e-17
     0.620139  3.11525e-18
     0.620325  9.91467e-19
     0.620512  3.87041e-18
     0.620699  1.52945e-17
     0.620885  7.45790e-19
     0.621072  2.71035e-18
     0.621258 -1.09768e-17
     0.621445  1.00377e-17
     0.621632  1.08451e-17
     0.621818  6.60247e-18
     0.622005  5.30281e-18
     0.622192  1.49910e-17
     0.622378  2.63977e-17
     0.622565  1.81337e-17
     0.622751 -5.21466e-18
     0.622938 -1.34837e-18
     0.623125  1.02233e-17
     0.623311  1.00626e-17
     0.623498  9.41783e-18
     0.623685  2.63549e-17
     0.623871  2.87414e-17
     0.624058  2.11906e-17
     0.624244  2.60815e-17
     0.624431  2.01755e-17
     0.624618  1.59516e-17
     0.624804  6.02787e-18
     0.624991 -1.13722e-18
     0.625178  1.11575e-17
     0.625364  7.51245e-18
     0.625551 -9.95492e-18
     0.625737  8.21174e-18
     0.625924  2.20809e-17
     0.626111 -2.43748e-18
     0.626297  1.08048e-18
     0.626484  2.85366e-18
     0.626670 -8.36921e-18
     0.626857  3.45153e-18
     0.627044  1.06883e-18
     0.627230  5.70514e-18
     0.627417  7.87564e-18
     0.627604  3.98795e-18
     0.627790  1.72261e-17
     0.627977  3.46532e-17
     0.628163  2.20899e-17
     0.628350  1.26357e-18
     0.628537 -7.25562e-18
     0.628723  9.40509e-19
     0.628910 -1.11786e-17
     0.629097  9.51109e-18
     0.629283  2.61166e-17
     0.629470  1.33921e-17
     0.629656  1.08774e-17
     0.629843  1.82639e-17
     0.630030  3.69956e-17
     0.630216  3.66629e-17
     0.630403  1.91045e-17
     0.630589  2.71845e-17
     0.630776  1.78375e-17
     0.630963  1.40767e-17
     0.631149  1.83630e-17
     0.631336  3.56879e-17
     0.631523  3.45471e-17
     0.631709  1.63400e-17
     0.631896  2.35881e-17
     0.632082 -6.66406e-19
     0.632269  3.99285e-17
     0.632456  2.38301e-17
     0.632642  1.96835e-17
     0.632829  5.18634e-18
     0.633015  1.78281e-17
     0.633202  2.37364e-17
     0.633389  6.74102e-18
     0.633575  1.16471e-17
     0.633762  3.17821e-17
     0.633949  1.73064e-17
     0.634135  6.08357e-18
     0.634322 -1.82625e-18
     0.634508 -2.44870e-18
     0.634695  2.10520e-17
     0.634882  2.60029e-17
     0.635068  9.18784e-18
     0.635255  2.01781e-17
     0.635441  2.10147e-17
     0.635628 -1.45655e-18
     0.635815 -1.20619e-17
     0.636001 -2.88489e-18
     0.636188  4.94407e-18
     0.636375  1.06745e-17
     0.636561  2.03234e-18
     0.636748  1.42379e-17
     0.636934  3.23942e-17
     0.637121  1.45553e-17
     0.637308  1.25936e-17
     0.637494  1.67191e-17
     0.637681  1.68202e-17
     0.637868  5.36454e-18
     0.638054 -9.50215e-19
     0.638241 -1.06509e-18
     0.638427  2.48191e-17
     0.638614  1.78920e-17
     0.638801  4.74393e-18
     0.638987  1.42624e-17
     0.639174  4.84229e-18
     0.639360  9.58616e-18
     0.639547 -1.47255e-17
     0.639734 -4.07173e-18
     0.639920  2.26447e-17
     0.640107  2.34434e-17
     0.640294  2.93983e-17
     0.640480  2.98807e-18
     0.640667 -1.59446e-17
     0.640853  1.95869e-17
     0.641040  2.65697e-17
     0.641227  3.23231e-17
     0.641413  2.45211e-17
     0.641600  2.81957e-17
     0.641787  2.56489e-17
     0.641973 -7.06402e-19
     0.642160  2.05048e-17
     0.642346  1.61765e-18
     0.642533 -2.30821e-17
     0.642720  2.12265e-18
     0.642906  1.49385e-17
     0.643093 -7.18675e-19
     0.643279  1.37365e-17
     0.643466  2.10141e-17
     0.643653  9.49603e-18
     0.643839  2.12700e-18
     0.644026  2.57912e-17
     0.644213  3.05292e-17
     0.644399  2.99160e-17
     0.644586  3.22165e-17
     0.644772  1.02268e-17
     0.644959  9.59794e-18
     0.645146  2.54039e-17
     0.645332  1.35735e-17
     0.645519  1.43209e-17
     0.645706  3.54576e-17
     0.645892  3.50430e-17
     0.646079  8.57378e-18
     0.646265  7.75929e-18
     0.646452  1.50450e-17
     0.646639  2.35986e-17
     0.646825  2.32147e-17
     0.647012  2.82472e-17
     0.647198  3.21097e-18
     0.647385  7.11724e-18
     0.647572  6.40635e-19
     0.647758  1.85652e-17
     0.647945  2.40880e-17
     0.648132  4.02747e-17
     0.648318  3.21491e-17
     0.648505  2.09801e-17
     0.648691 -9.83489e-20
     0.648878  8.66325e-18
     0.649065  2.85201e-17
     0.649251  1.53197e-17
     0.649438 -8.32409e-19
     0.649625  1.32070e-17
     0.649811  2.32579e-17
     0.649998  2.75975e-17
     0.650184  3.01029e-17
     0.650371  4.42586e-17
     0.650558  2.62078e-17
     0.650744  3.11355e-17
     0.650931  2.97480e-17
     0.651118  2.68046e-17
     0.651304  4.40826e-17
     0.651491  3.75011e-17
     0.651677  3.27299e-17
     0.651864  2.98605e-17
     0.652051  1.47831e-17
     0.652237  2.07180e-17
     0.652424  3.03090e-17
     0.652610  2.45753e-17
     0.652797  3.60423e-17
     0.652984  5.67520e-17
     0.653170  4.73504e-17
     0.653357  3.05841e-17
     0.653544  2.24384e-17
     0.653730  3.89440e-18
     0.653917  2.88611e-17
     0.654103  5.17374e-17
     0.654290  4.23810e-17
     0.654477  3.98390e-17
     0.654663  1.87311e-17
     0.654850  2.46875e-17
     0.655037  5.26869e-17
     0.655223  5.59257e-17
     0.655410  6.14922e-17
     0.655596  5.95959e-17
     0.655783  3.65700e-17
     0.655970  2.69942e-17
     0.656156  2.27928e-17
     0.656343  2.33234e-17
     0.656529  2.79661e-17
     0.656716  2.15342e-17
     0.656903  3.64119e-17
     0.657089  4.70603e-17
     0.657276  4.96845e-17
     0.657463  3.12141e-17
     0.657649  1.73358e-17
     0.657836  2.98544e-17
     0.658022  2.58530e-17
     0.658209  2.47130e-17
     0.658396  2.28803e-17
     0.658582  3.87535e-17
     0.658769  5.06849e-17
     0.658956  3.52497e-17
     0.659142  2.21031e-17
     0.659329  2.73077e-17
     0.659515  1.45817e-17
     0.659702  2.03047e-17
     0.659889  1.77107e-17
     0.660075  2.33120e-17
     0.660262  2.16112e-17
     0.660448  4.25961e-17
     0.660635  5.15296e-17
     0.660822  4.25054e-17
     0.661008  4.43890e-17
     0.661195  3.22410e-17
     0.661382  2.66862e-17
     0.661568  2.45221e-17
     0.661755  3.59149e-17
     0.661941  3.24640e-17
     0.662128  2.77135e-17
     0.662315  3.74592e-17
     0.662501  4.71806e-17
     0.662688  3.79133e-17
     0.662875  3.76367e-17
     0.663061  2.69909e-17
     0.663248  5.80292e-18
     0.663434  2.01738e-17
     0.663621  3.40454e-17
     0.663808  1.26635e-17
     0.663994  2.51490e-17
     0.664181  5.22189e-17
     0.664367  3.49543e-17
     0.664554  1.36258e-17
     0.664741  3.90451e-17
     0.664927  4.72439e-17
     0.665114  4.09032e-17
     0.665301  3.44949e-17
     0.665487  4.14656e-17
     0.665674  4.98540e-17
     0.665860  4.10716e-17
     0.666047  2.26868e-17
     0.666234  1.17739e-17
     0.666420  1.61687e-17
     0.666607  3.08530e-17
     0.666794  3.90939e-17
     0.666980  3.66109e-17
     0.667167  4.07149e-17
     0.667353  5.65561e-17
     0.667540  4.49025e-17
     0.667727  2.93485e-17
     0.667913  4.17579e-17
     0.668100  7.82710e-17
     0.668286  6.25010e-17
     0.668473  2.93491e-17
     0.668660  4.14501e-17
     0.668846  4.04084e-17
     0.669033  4.03366e-17
     0.669220  4.31899e-17
     0.669406  5.01912e-17
     0.669593  4.22572e-17
     0.669779  3.93865e-17
     0.669966  6.32503e-17
     0.670153  5.04529e-17
     0.670339  3.43868e-17
     0.670526  3.83069e-17
     0.670712  5.08138e-17
     0.670899  4.29066e-17
     0.671086  4.75879e-17
     0.671272  3.71547e-17
     0.671459  7.01691e-17
     0.671646  5.66229e-17
     0.671832  5.20140e-17
     0.672019  4.99699e-17
     0.672205  5.13607e-17
     0.672392  4.81835e-17
     0.672579  5.40351e-17
     0.672765  6.02838e-17
     0.672952  6.37218e-17
     0.673138  5.22092e-17
     0.673325  4.40189e-17
     0.673512  3.50737e-17
     0.673698  4.79956e-17
     0.673885  4.68337e-17
     0.674072  5.38669e-17
     0.674258  6.38614e-17
     0.674445  5.59479e-17
     0.674631  5.83676e-17
     0.674818  4.78484e-17
     0.675005  5.22320e-17
     0.675191  5.98203e-17
     0.675378  3.53372e-17
     0.675565  3.19147e-17
     0.675751  5.97310e-17
     0.675938  6.52364e-17
     0.676124  6.43669e-17
     0.676311  6.41057e-17
     0.676498  5.47392e-17
     0.676684  5.37199e-17
     0.676871  4.97772e-17
     0.677058  5.86529e-17
     0.677244  7.80495e-17
     0.677431  6.02729e-17
     0.677617  4.16300e-17
     0.677804  5.43585e-17
     0.677991  5.25281e-17
     0.678177  4.40585e-17
     0.678364  4.91059e-17
     0.678550  6.69851e-17
     0.678737  5.64445e-17
     0.678924  4.92034e-17
     0.679110  6.62931e-17
     0.679297  6.52286e-17
     0.679484  4.71110e-17
     0.679670  5.70358e-17
     0.679857  7.28096e-17
     0.680043  6.14059e-17
     0.680230  5.90291e-17
     0.680417  5.99244e-17
     0.680603  5.21834e-17
     0.680790  4.58651e-17
     0.680977  6.95104e-17
     0.681163  7.78879e-17
     0.681350  6.24837e-17
     0.681536  4.81116e-17
     0.681723  5.21409e-17
     0.681910  5.82836e-17
     0.682096  4.09927e-17
     0.682283  4.38345e-17
     0.682469  4.52483e-17
     0.682656  5.27745e-17
     0.682843  5.05264e-17
     0.683029  5.74820e-17
     0.683216  6.66393e-17
     0.683403  8.64489e-17
     0.683589  8.04814e-17
     0.683776  5.92104e-17
     0.683962  5.23569e-17
     0.684149  5.05255e-17
     0.684336  3.81356e-17
     0.684522  6.33438e-17
     0.684709  7.09745e-17
     0.684896  5.24890e-17
     0.685082  4.20741e-17
     0.685269  5.20425e-17
     0.685455  6.41856e-17
     0.685642  6.42396e-17
     0.685829  5.00496e-17
     0.686015  5.15969e-17
     0.686202  4.70117e-17
     0.686388  5.71417e-17
     0.686575  5.24894e-17
     0.686762  4.01798e-17
     0.686948  5.69015e-17
     0.687135  6.85687e-17
     0.687322  8.86750e-17
     0.687508  7.43515e-17
     0.687695  5.61563e-17
     0.687881  4.24265e-17
     0.688068  6.71650e-17
     0.688255  8.25959e-17
     0.688441  6.04174e-17
     0.688628  4.15444e-17
     0.688815  4.83574e-17
     0.689001  6.72818e-17
     0.689188  6.67945e-17
     0.689374  5.92884e-17
     0.689561  5.59455e-17
     0.689748  4.35407e-17
     0.689934  3.88081e-17
     0.690121  5.16375e-17
     0.690307  6.56852e-17
     0.690494  5.51606e-17
     0.690681  5.77505e-17
     0.690867  6.51240e-17
     0.691054  4.48263e-17
     0.691241  5.49055e-17
     0.691427  6.36675e-17
     0.691614  6.12336e-17
     0.691800  5.32498e-17
     0.691987  4.18261e-17
     0.692174  5.18744e-17
     0.692360  4.23169e-17
     0.692547  4.63749e-17
     0.692733  5.21197e-17
     0.692920  5.94426e-17
     0.693107  6.32885e-17
     0.693293  4.68736e-17
     0.693480  5.44186e-17
     0.693667  6.83139e-17
     0.693853  6.59749e-17
     0.694040  6.86735e-17
     0.694226  5.59921e-17
     0.694413  4.10140e-17
     0.694600  2.44318e-17
     0.694786  2.94329e-17
     0.694973  5.64189e-17
     0.695160  6.26762e-17
     0.695346  4.79066e-17
     0.695533  4.42786e-17
     0.695719  3.84403e-17
     0.695906  3.46855e-17
     0.696093  4.05004e-17
     0.696279  4.68307e-17
     0.696466  4.78115e-17
     0.696652  5.28154e-17
     0.696839  3.55749e-17
     0.697026  4.75977e-17
     0.697212  5.26021e-17
     0.697399  4.17565e-17
     0.697586  4.53412e-17
     0.697772  5.78398e-17
     0.697959  6.22725e-17
     0.698145  6.48449e-17
     0.698332  5.76601e-17
     0.698519  4.64576e-17
     0.698705  5.91806e-17
     0.698892  6.55196e-17
     0.699079  5.43780e-17
     0.699265  5.43761e-17
     0.699452  5.91761e-17
     0.699638  6.21459e-17
     0.699825  5.42011e-17
     0.700012  4.56149e-17
     0.700198  5.02291e-17
     0.700385  4.08669e-17
     0.700571  4.65061e-17
     0.700758  7.08037e-17
     0.700945  6.27118e-17
     0.701131  5.11372e-17
     0.701318  4.57510e-17
     0.701505  4.40775e-17
     0.701691  4.12971e-17
     0.701878  4.42835e-17
     0.702064  4.97386e-17
     0.702251  5.19311e-17
     0.702438  4.93167e-17
     0.702624  4.59044e-17
     0.702811  6.09867e-17
     0.702998  5.34175e-17
     0.703184  4.41304e-17
     0.703371  4.81310e-17
     0.703557  5.30736e-17
     0.703744  5.89827e-17
     0.703931  5.68792e-17
     0.704117  5.91483e-17
     0.704304  5.08399e-17
     0.704490  4.40404e-17
     0.704677  5.22356e-17
     0.704864  4.04225e-17
     0.705050  4.21234e-17
     0.705237  6.29365e-17
     0.705424  6.09915e-17
     0.705610  5.38144e-17
     0.705797  5.73147e-17
     0.705983  6.14694e-17
     0.706170  4.79802e-17
     0.706357  5.32839e-17
     0.706543  6.37499e-17
     0.706730  7.47036e-17
     0.706917  5.78751e-17
     0.707103  5.09530e-17
     0.707290  6.42759e-17
     0.707476  7.47729e-17
     0.707663  7.45094e-17
     0.707850  5.15510e-17
     0.708036  5.50557e-17
     0.708223  5.55363e-17
     0.708409  5.31936e-17
     0.708596  5.70240e-17
     0.708783  6.16447e-17
     0.708969  5.61775e-17
     0.709156  6.71529e-17
     0.709343  6.27269e-17
     0.709529  4.03485e-17
     0.709716  5.30507e-17
     0.709902  8.36707e-17
     0.710089  7.68762e-17
     0.710276  8.07237e-17
     0.710462  6.62953e-17
     0.710649  5.14046e-17
     0.710836  5.66744e-17
     0.711022  6.74103e-17
     0.711209  5.38184e-17
     0.711395  5.68726e-17
     0.711582  6.10800e-17
     0.711769  4.84199e-17
     0.711955  4.24854e-17
     0.712142  5.54951e-17
     0.712328  7.30462e-17
     0.712515  6.86646e-17
     0.712702  6.34182e-17
     0.712888  6.52056e-17
     0.713075  6.50356e-17
     0.713262  6.61014e-17
     0.713448  5.57654e-17
     0.713635  6.57724e-17
     0.713821  7.60870e-17
     0.714008  6.03442e-17
     0.714195  5.60406e-17
     0.714381  5.87970e-17
     0.714568  7.13821e-17
     0.714755  6.97492e-17
     0.714941  6.42418e-17
     0.715128  6.40229e-17
     0.715314  5.40796e-17
     0.715501  3.80684e-17
     0.715688  4.80199e-17
     0.715874  6.08055e-17
     0.716061  5.94542e-17
     0.716247  6.82586e-17
     0.716434  7.27293e-17
     0.716621  6.00155e-17
     0.716807  5.66137e-17
     0.716994  6.06441e-17
     0.717181  6.62591e-17
     0.717367  6.39939e-17
     0.717554  5.88861e-17
     0.717740  5.49061e-17
     0.717927  4.57509e-17
     0.718114  5.91925e-17
     0.718300  6.60911e-17
     0.718487  6.57774e-17
     0.718674  7.23359e-17
     0.718860  7.79715e-17
     0.719047  6.61405e-17
     0.719233  5.18790e-17
     0.719420  6.66215e-17
     0.719607  5.40797e-17
     0.719793  4.27967e-17
     0.719980  5.74301e-17
     0.720167  6.29961e-17
     0.720353  6.61674e-17
     0.720540  6.63434e-17
     0.720726  5.77680e-17
     0.720913  4.85849e-17
     0.721100  5.81369e-17
     0.721286  6.18292e-17
     0.721473  5.11231e-17
     0.721659  6.28955e-17
     0.721846  6.91601e-17
     0.722033  7.79600e-17
     0.722219  7.85745e-17
     0.722406  6.48742e-17
     0.722593  4.56844e-17
     0.722779  4.07162e-17
     0.722966  5.16654e-17
     0.723152  4.19876e-17
     0.723339  4.83810e-17
     0.723526  6.26621e-17
     0.723712  7.84176e-17
     0.723899  6.61987e-17
     0.724086  4.83931e-17
     0.724272  7.92726e-17
     0.724459  7.65700e-17
     0.724645  5.46561e-17
     0.724832  5.05065e-17
     0.725019  4.36415e-17
     0.725205  5.41779e-17
     0.725392  6.28479e-17
     0.725578  6.62828e-17
     0.725765  6.36368e-17
     0.725952  6.10487e-17
     0.726138  6.55119e-17
     0.726325  6.29170e-17
     0.726512  6.24131e-17
     0.726698  6.09511e-17
     0.726885  6.23096e-17
     0.727071  6.85297e-17
     0.727258  6.74095e-17
     0.727445  6.02530e-17
     0.727631  6.46828e-17
     0.727818  5.63074e-17
     0.728005  4.70516e-17
     0.728191  6.56802e-17
     0.728378  8.33196e-17
     0.728564  7.86652e-17
     0.728751  6.45125e-17
     0.728938  4.91945e-17
     0.729124  5.57334e-17
     0.729311  6.44516e-17
     0.729497  7.12039e-17
     0.729684  4.86126e-17
     0.729871  3.84453e-17
     0.730057  5.99385e-17
     0.730244  5.25834e-17
     0.730431  5.12170e-17
     0.730617  5.25643e-17
     0.730804  4.81096e-17
     0.730990  4.97394e-17
     0.731177  3.79271e-17
     0.731364  3.99364e-17
     0.731550  4.34909e-17
     0.731737  5.92955e-17
     0.731923  4.80457e-17
     0.732110  4.44176e-17
     0.732297  5.89549e-17
     0.732483  4.07636e-17
     0.732670  4.53907e-17
     0.732857  5.71555e-17
     0.733043  7.16472e-17
     0.733230  5.94969e-17
     0.733416  5.66280e-17
     0.733603  5.28720e-17
     0.733790  2.99979e-17
     0.733976  2.80982e-17
     0.734163  6.58109e-17
     0.734349  6.26940e-17
     0.734536  3.61181e-17
     0.734723  4.28917e-17
     0.734909  4.91090e-17
     0.735096  4.89512e-17
     0.735283  3.65121e-17
     0.735469  1.93184e-17
     0.735656  3.42161e-17
     0.735842  3.96436e-17
     0.736029  4.05244e-17
     0.736216  4.54701e-17
     0.736402  2.79080e-17
     0.736589  3.94370e-17
     0.736776  3.83794e-17
     0.736962  4.36581e-17
     0.737149  5.25625e-17
     0.737335  5.42655e-17
     0.737522  3.88279e-17
     0.737709  3.30359e-17
     0.737895  3.17055e-17
     0.738082  2.85755e-17
     0.738268  2.67113e-17
     0.738455  3.75389e-17
     0.738642  4.39930e-17
     0.738828  4.44951e-17
     0.739015  3.57059e-17
     0.739202  3.03944e-17
     0.739388  2.06675e-17
     0.739575  3.90000e-17
     0.739761  5.26234e-17
     0.739948  5.16242e-17
     0.740135  5.72002e-17
     0.740321  4.75434e-17
     0.740508  4.94525e-17
     0.740695  5.83149e-17
     0.740881  4.09422e-17
     0.741068  4.88235e-17
     0.741254  5.42299e-17
     0.741441  4.26167e-17
     0.741628  4.01215e-17
     0.741814  3.73218e-17
     0.742001  3.30876e-17
     0.742188  3.31477e-17
     0.742374  3.68145e-17
     0.742561  4.55555e-17
     0.742747  4.51050e-17
     0.742934  3.57311e-17
     0.743121  3.97239e-17
     0.743307  4.86777e-17
     0.743494  3.16054e-17
     0.743680  3.34120e-17
     0.743867  4.07821e-17
     0.744054  2.76655e-17
     0.744240  3.52051e-17
     0.744427  3.57314e-17
     0.744614  3.25542e-17
     0.744800  4.46954e-17
     0.744987  4.17931e-17
     0.745173  4.20081e-17
     0.745360  3.55031e-17
     0.745547  3.11900e-17
     0.745733  4.47176e-17
     0.745920  5.26739e-17
     0.746107  3.44805e-17
     0.746293  3.13930e-17
     0.746480  4.64985e-17
     0.746666  4.34736e-17
     0.746853  3.59546e-17
     0.747040  3.57076e-17
     0.747226  4.22419e-17
     0.747413  4.45711e-17
     0.747599  2.72994e-17
     0.747786  1.87977e-17
     0.747973  4.34517e-17
     0.748159  4.94078e-17
     0.748346  4.35511e-17
     0.748533  1.81381e-17
     0.748719  2.38725e-17
     0.748906  2.54544e-17
     0.749092  2.21990e-17
     0.749279  2.41425e-17
     0.749466  3.34975e-17
     0.749652  3.50489e-17
     0.749839  3.52919e-17
     0.750026  3.96341e-17
     0.750212  4.61395e-17
     0.750399  3.12038e-17
     0.750585  3.08612e-17
     0.750772  3.38220e-17
     0.750959  3.46792e-17
     0.751145  3.05892e-17
     0.751332  2.07224e-17
     0.751518  1.94280e-17
     0.751705  2.17353e-17
     0.751892  2.43072e-17
     0.752078  2.00266e-17
     0.752265  1.83146e-17
     0.752452  2.27775e-17
     0.752638  2.86997e-17
     0.752825  2.67644e-17
     0.753011  7.00129e-18
     0.753198  1.15432e-18
     0.753385  1.26474e-17
     0.753571  1.93366e-17
     0.753758  2.17845e-17
     0.753944  2.77152e-17
     0.754131  1.22915e-17
     0.754318  1.74530e-17
     0.754504  2.41349e-17
     0.754691  2.76468e-17
     0.754878  2.53707e-17
     0.755064  2.92801e-17
     0.755251  3.35718e-17
     0.755437  3.58050e-17
     0.755624  2.33500e-17
     0.755811  1.22281e-17
     0.755997  1.44661e-17
     0.756184  2.43785e-17
     0.756371  1.99412e-17
     0.756557  2.21800e-17
     0.756744  8.34336e-18
     0.756930  7.53367e-18
     0.757117  1.65063e-17
     0.757304  3.31389e-17
     0.757490  3.29761e-17
     0.757677  2.63866e-18
     0.757863  5.76095e-18
     0.758050  2.87834e-17
     0.758237  3.85414e-17
     0.758423  3.32632e-17
     0.758610  2.73651e-17
     0.758797  9.97627e-18
     0.758983  1.09952e-17
     0.759170  1.11924e-17
     0.759356  1.94719e-17
     0.759543  2.40876e-17
     0.759730  4.91160e-17
     0.759916  2.76791e-17
     0.760103 -2.14774e-17
     0.760290 -1.96333e-17
     0.760476  6.17360e-18
     0.760663  3.02491e-17
     0.760849  1.09419e-17
     0.761036  1.48836e-17
     0.761223 -5.85916e-18
     0.761409 -2.15139e-17
     0.761596 -3.07874e-18
     0.761782  1.64543e-17
     0.761969  1.69799e-17
     0.762156  5.21782e-18
     0.762342  7.11184e-18
     0.762529  1.55551e-17
     0.762716 -3.92100e-18
     0.762902  9.90574e-18
     0.763089  1.90335e-17
     0.763275  1.29096e-17
     0.763462  2.88101e-19
     0.763649  4.39704e-18
     0.763835 -7.57865e-18
     0.764022 -1.07475e-17
     0.764209 -3.95669e-18
     0.764395 -5.91066e-18
     0.764582 -4.25674e-18
     0.764768  1.05694e-17
     0.764955  1.53536e-17
     0.765142  1.61656e-17
     0.765328  1.77824e-17
     0.765515  1.19635e-17
     0.765701  8.45932e-18
     0.765888  9.49816e-18
     0.766075  1.34397e-17
     0.766261  1.60223e-17
     0.766448  2.86615e-17
     0.766635  2.00457e-17
     0.766821  8.49170e-18
     0.767008  1.70435e-17
     0.767194  1.31187e-17
     0.767381 -4.39182e-18
     0.767568 -1.31631e-18
     0.767754 -6.59948e-18
     0.767941  4.63701e-18
     0.768128  2.29690e-17
     0.768314  1.92979e-17
     0.768501  8.87181e-18
     0.768687  3.95709e-19
     0.768874  4.17920e-18
     0.769061  3.80432e-18
     0.769247 -8.16555e-18
     0.769434 -1.40286e-17
     0.769620 -2.21630e-17
     0.769807 -2.09124e-17
     0.769994  6.31291e-18
     0.770180  9.88064e-18
     0.770367 -6.98647e-18
     0.770554 -3.35049e-18
     0.770740  2.68217e-18
     0.770927  9.91439e-18
     0.771113  3.26497e-17
     0.771300  1.54946e-17
     0.771487  1.36951e-17
     0.771673  3.18731e-18
     0.771860 -1.22337e-17
     0.772047  1.33315e-17
     0.772233  1.70041e-17
     0.772420 -3.30020e-19
     0.772606  6.33037e-18
     0.772793  1.32108e-17
     0.772980  7.18780e-18
     0.773166  2.03365e-17
     0.773353  1.83127e-17
     0.773539  3.56897e-18
     0.773726  2.92763e-18
     0.773913  2.01114e-17
     0.774099  3.27122e-17
     0.774286  2.93869e-17
     0.774473  3.94227e-17
     0.774659  5.03456e-17
     0.774846  6.48879e-17
     0.775032  4.75809e-17
     0.775219  2.88665e-17
     0.775406  2.95586e-17
     0.775592  1.03427e-17
     0.775779 -9.48471e-18
     0.775966  1.82465e-18
     0.776152  1.93749e-17
     0.776339  2.18176e-17
     0.776525  3.71831e-17
     0.776712  2.08356e-17
     0.776899 -1.12613e-18
     0.777085  1.64530e-17
     0.777272  2.22205e-17
     0.777458  6.66024e-18
     0.777645  1.46931e-17
     0.777832  2.34246e-17
     0.778018  1.25664e-17
     0.778205  7.26624e-18
     0.778392  1.39226e-17
     0.778578  3.06022e-17
     0.778765  4.08751e-17
     0.778951  2.11748e-17
     0.779138  1.28974e-17
     0.779325  2.83860e-17
     0.779511  1.17980e-17
     0.779698 -7.76597e-19
     0.779885  4.53785e-18
     0.780071  1.64581e-17
     0.780258  2.95469e-17
     0.780444  2.20440e-17
     0.780631  2.69616e-17
     0.780818  3.47137e-17
     0.781004  3.70620e-17
     0.781191  4.91771e-17
     0.781377  5.15252e-17
     0.781564  4.40986e-17
     0.781751  4.87001e-17
     0.781937  4.98286e-17
     0.782124  2.02375e-17
     0.782311  2.50860e-17
     0.782497  5.71909e-17
     0.782684  4.84094e-17
     0.782870  2.35256e-17
     0.783057  2.19486e-17
     0.783244  3.55729e-17
     0.783430  3.93824e-17
     0.783617  3.24861e-17
     0.783804  3.46014e-17
     0.783990  4.72409e-17
     0.784177  6.18931e-17
     0.784363  6.29875e-17
     0.784550  5.41048e-17
     0.784737  5.40697e-17
     0.784923  5.90800e-17
     0.785110  6.88638e-17
     0.785296  5.27479e-17
     0.785483  4.08847e-17
     0.785670  5.29185e-17
     0.785856  5.46021e-17
     0.786043  4.74092e-17
     0.786230  4.35331e-17
     0.786416  6.65939e-17
     0.786603  7.20326e-17
     0.786789  6.09014e-17
     0.786976  7.20722e-17
     0.787163  6.08853e-17
     0.787349  5.86864e-17
     0.787536  7.11495e-17
     0.787723  5.51012e-17
     0.787909  4.64005e-17
     0.788096  5.79924e-17
     0.788282  5.68794e-17
     0.788469  5.02422e-17
     0.788656  6.56265e-17
     0.788842  8.95352e-17
     0.789029  7.97393e-17
     0.789216  6.28956e-17
     0.789402  6.10024e-17
     0.789589  6.47483e-17
     0.789775  8.15190e-17
     0.789962  7.88555e-17
     0.790149  7.35685e-17
     0.790335  7.32347e-17
     0.790522  8.01717e-17
     0.790708  8.51120e-17
     0.790895  6.93442e-17
     0.791082  5.44391e-17
     0.791268  6.63251e-17
     0.791455  7.55040e-17
     0.791642  7.30560e-17
     0.791828  7.22027e-17
     0.792015  6.68911e-17
     0.792201  7.05351e-17
     0.792388  6.81486e-17
     0.792575  4.63269e-17
     0.792761  4.88581e-17
     0.792948  6.79589e-17
     0.793134  7.05566e-17
     0.793321  7.04442e-17
     0.793508  8.08156e-17
     0.793694  8.94026e-17
     0.793881  6.94872e-17
     0.794068  5.72444e-17
     0.794254  4.07124e-17
     0.794441  1.97959e-17
     0.794627  2.48647e-17
     0.794814  4.00245e-17
     0.795001  6.37545e-17
     0.795187  8.39667e-17
     0.795374  9.33827e-17
     0.795560  1.00792e-16
     0.795747  9.07826e-17
     0.795934  8.72241e-17
     0.796120  7.96615e-17
     0.796307  8.21060e-17
     0.796494  9.56620e-17
     0.796680  9.37206e-17
     0.796867  8.59365e-17
     0.797053  9.87357e-17
     0.797240  8.38372e-17
     0.797427  8.35045e-17
     0.797613  8.19640e-17
     0.797800  9.15779e-17
     0.797987  1.09468e-16
     0.798173  1.03155e-16
     0.798360  1.03272e-16
     0.798546  9.87420e-17
     0.798733  8.22929e-17
     0.798920  8.41995e-17
     0.799106  8.01731e-17
     0.799293  9.91500e-17
     0.799479  1.08396e-16
     0.799666  1.08809e-16
     0.799853  1.05192e-16
     0.800039  1.15933e-16
     0.800226  1.20865e-16
     0.800413  1.20941e-16
     0.800599  1.17210e-16
     0.800786  1.07107e-16
     0.800972  1.12653e-16
     0.801159  1.24467e-16
     0.801346  1.31669e-16
     0.801532  1.37101e-16
     0.801719  1.32459e-16
     0.801906  1.30985e-16
     0.802092  1.20811e-16
     0.802279  1.16729e-16
     0.802465  1.30673e-16
     0.802652  1.25871e-16
     0.802839  1.20216e-16
     0.803025  1.22605e-16
     0.803212  1.38100e-16
     0.803398  1.34420e-16
     0.803585  1.32982e-16
     0.803772  1.37628e-16
     0.803958  1.42927e-16
     0.804145  1.48150e-16
     0.804332  1.37864e-16
     0.804518  1.33816e-16
     0.804705  1.35030e-16
     0.804891  1.25464e-16
     0.805078  1.24588e-16
     0.805265  1.50358e-16
     0.805451  1.56581e-16
     0.805638  1.44234e-16
     0.805825  1.45513e-16
     0.806011  1.58527e-16
     0.806198  1.65203e-16
     0.806384  1.47390e-16
     0.806571  1.45774e-16
     0.806758  1.59124e-16
     0.806944  1.62467e-16
     0.807131  1.49036e-16
     0.807317  1.42586e-16
     0.807504  1.59921e-16
     0.807691  1.73662e-16
     0.807877  1.61458e-16
     0.808064  1.54199e-16
     0.808251  1.63803e-16
     0.808437  1.63681e-16
     0.808624  1.69445e-16
     0.808810  1.60156e-16
     0.808997  1.62228e-16
     0.809184  1.68135e-16
     0.809370  1.62670e-16
     0.809557  1.56786e-16
     0.809744  1.65656e-16
     0.809930  1.70495e-16
     0.810117  1.76218e-16
     0.810303  1.70180e-16
     0.810490  1.63150e-16
     0.810677  1.64937e-16
     0.810863  1.65644e-16
     0.811050  1.85779e-16
     0.811237  1.89517e-16
     0.811423  1.77244e-16
     0.811610  1.84369e-16
     0.811796  1.92669e-16
     0.811983  1.94297e-16
     0.812170  1.87632e-16
     0.812356  1.90295e-16
     0.812543  1.85068e-16
     0.812729  1.80044e-16
     0.812916  1.92214e-16
     0.813103  1.88092e-16
     0.813289  1.86465e-16
     0.813476  1.91406e-16
     0.813663  2.02494e-16
     0.813849  2.04036e-16
     0.814036  2.00262e-16
     0.814222  1.97637e-16
     0.814409  1.98691e-16
     0.814596  2.07824e-16
     0.814782  2.04964e-16
     0.814969  1.98350e-16
     0.815155  2.08602e-16
     0.815342  2.28177e-16
     0.815529  2.25628e-16
     0.815715  2.17378e-16
     0.815902  2.04850e-16
     0.816089  2.05259e-16
     0.816275  2.09570e-16
     0.816462  2.02482e-16
     0.816648  2.01594e-16
     0.816835  2.12401e-16
     0.817022  2.22821e-16
     0.817208  2.17685e-16
     0.817395  2.18920e-16
     0.817582  2.10119e-16
     0.817768  2.03557e-16
     0.817955  2.16835e-16
     0.818141  2.24557e-16
     0.818328  2.19925e-16
     0.818515  2.20234e-16
     0.818701  2.16044e-16
     0.818888  2.11795e-16
     0.819074  2.18234e-16
     0.819261  2.27533e-16
     0.819448  2.38289e-16
     0.819634  2.38978e-16
     0.819821  2.54811e-16
     0.820008  2.49943e-16
     0.820194  2.36634e-16
     0.820381  2.41775e-16
     0.820567  2.45146e-16
     0.820754  2.59770e-16
     0.820941  2.66284e-16
     0.821127  2.72224e-16
     0.821314  2.65897e-16
     0.821500  2.58700e-16
     0.821687  2.68329e-16
     0.821874  2.75611e-16
     0.822060  2.76790e-16
     0.822247  2.59279e-16
     0.822434  2.44350e-16
     0.822620  2.44079e-16
     0.822807  2.47125e-16
     0.822993  2.56295e-16
     0.823180  2.70060e-16
     0.823367  2.66689e-16
     0.823553  2.54146e-16
     0.823740  2.69958e-16
     0.823927  2.60424e-16
     0.824113  2.59724e-16
     0.824300  2.58290e-16
     0.824486  2.57274e-16
     0.824673  2.58635e-16
     0.824860  2.67734e-16
     0.825046  2.65561e-16
     0.825233  2.53599e-16
     0.825420  2.55616e-16
     0.825606  2.74439e-16
     0.825793  2.59937e-16
     0.825979  2.58255e-16
     0.826166  2.58952e-16
     0.826353  2.72635e-16
     0.826539  2.84324e-16
     0.826726  2.84242e-16
     0.826913  2.93237e-16
     0.827099  2.90898e-16
     0.827286  2.81888e-16
     0.827472  2.92444e-16
     0.827659  3.02365e-16
     0.827846  3.02804e-16
     0.828032  3.15422e-16
     0.828219  3.24684e-16
     0.828405  3.13598e-16
     0.828592  2.87600e-16
     0.828779  2.73945e-16
     0.828965  2.88070e-16
     0.829152  3.07563e-16
     0.829338  2.98109e-16
     0.829525  3.05998e-16
     0.829712  3.21041e-16
     0.829898  3.28160e-16
     0.830085  2.99896e-16
     0.830272  2.85389e-16
     0.830458  3.02224e-16
     0.830645  3.24026e-16
     0.830831  3.25502e-16
     0.831018  3.32255e-16
     0.831205  3.35681e-16
     0.831391  3.32640e-16
     0.831578  3.20862e-16
     0.831765  3.17654e-16
     0.831951  3.37050e-16
     0.832138  3.68864e-16
     0.832324  3.72874e-16
     0.832511  3.66346e-16
     0.832698  3.73016e-16
     0.832884  3.69219e-16
     0.833071  3.55514e-16
     0.833257  3.34099e-16
     0.833444  3.34827e-16
     0.833631  3.51334e-16
     0.833817  3.40659e-16
     0.834004  3.25302e-16
     0.834191  3.27486e-16
     0.834377  3.35674e-16
     0.834564  3.44068e-16
     0.834750  3.60549e-16
     0.834937  3.58589e-16
     0.835124  3.51389e-16
     0.835310  3.36316e-16
     0.835497  3.31575e-16
     0.835684  3.38589e-16
     0.835870  3.41319e-16
     0.836057  3.49710e-16
     0.836243  3.49314e-16
     0.836430  3.48054e-16
     0.836617  3.61416e-16
     0.836803  3.71095e-16
     0.836990  3.74879e-16
     0.837176  3.72325e-16
     0.837363  3.76494e-16
     0.837550  3.85671e-16
     0.837736  3.65499e-16
     0.837923  3.56532e-16
     0.838110  3.58921e-16
     0.838296  3.53878e-16
     0.838483  3.63013e-16
     0.838669  3.72674e-16
     0.838856  3.67366e-16
     0.839043  3.66334e-16
     0.839229  3.81157e-16
     0.839416  3.98867e-16
     0.839603  3.83199e-16
     0.839789  3.88505e-16
     0.839976  3.97249e-16
     0.840162  3.95849e-16
     0.840349  3.97643e-16
     0.840536  4.11518e-16
     0.840722  4.38267e-16
     0.840909  4.25952e-16
     0.841096  4.23101e-16
     0.841282  4.22577e-16
     0.841469  4.00991e-16
     0.841655  3.86176e-16
     0.841842  3.91538e-16
     0.842029  4.11699e-16
     0.842215  4.19626e-16
     0.842402  4.04235e-16
     0.842588  3.95596e-16
     0.842775  4.26754e-16
     0.842962  4.34055e-16
     0.843148  4.03262e-16
     0.843335  4.00672e-16
     0.843522  4.16947e-16
     0.843708  4.31101e-16
     0.843895  4.43587e-16
     0.844081  4.42829e-16
     0.844268  4.25900e-16
     0.844455  4.28182e-16
     0.844641  4.40281e-16
     0.844828  4.52373e-16
     0.845014  4.69638e-16
     0.845201  4.55992e-16
     0.845388  4.51176e-16
     0.845574  4.49000e-16
     0.845761  4.46650e-16
     0.845948  4.62420e-16
     0.846134  4.87358e-16
     0.846321  4.80004e-16
     0.846507  4.55396e-16
     0.846694  4.39000e-16
     0.846881  4.46805e-16
     0.847067  4.35740e-16
     0.847254  4.50805e-16
     0.847441  4.65321e-16
     0.847627  4.66126e-16
     0.847814  4.73729e-16
     0.848000  4.53056e-16
     0.848187  4.56399e-16
     0.848374  4.66164e-16
     0.848560  4.68232e-16
     0.848747  4.67654e-16
     0.848934  4.52309e-16
     0.849120  4.60235e-16
     0.849307  4.71524e-16
     0.849493  4.69826e-16
     0.849680  4.63755e-16
     0.849867  4.46786e-16
     0.850053  4.29751e-16
     0.850240  4.39649e-16
     0.850426  4.45977e-16
     0.850613  4.44325e-16
     0.850800  4.22191e-16
     0.850986  4.00715e-16
     0.851173  3.52086e-16
     0.851360  2.89770e-16
     0.851546  2.37309e-16
     0.851733  1.96287e-16
     0.851919  2.01024e-16
     0.852106  2.63869e-16
     0.852293  3.46925e-16
     0.852479  4.00954e-16
     0.852666  4.39679e-16
     0.852852  4.64518e-16
     0.853039  4.86955e-16
     0.853226  4.99822e-16
     0.853412  4.99181e-16
     0.853599  4.98100e-16
     0.853786  5.00595e-16
     0.853972  4.93794e-16
     0.854159  4.71492e-16
     0.854345  4.84969e-16
     0.854532  5.27006e-16
     0.854719  5.34231e-16
     0.854905  5.06759e-16
     0.855092  4.85934e-16
     0.855278  4.95340e-16
     0.855465  5.02349e-16
     0.855652  5.06626e-16
     0.855838  5.11966e-16
     0.856025  5.01074e-16
     0.856212  5.10372e-16
     0.856398  5.36007e-16
     0.856585  5.33875e-16
     0.856771  5.16091e-16
     0.856958  5.11576e-16
     0.857145  5.09444e-16
     0.857331  5.18441e-16
     0.857518  5.26941e-16
     0.857705  5.42828e-16
     0.857891  5.64207e-16
     0.858078  5.55689e-16
     0.858264  5.46435e-16
     0.858451  5.51765e-16
     0.858638  5.54759e-16
     0.858824  5.68195e-16
     0.859011  5.65116e-16
     0.859198  5.44926e-16
     0.859384  5.46554e-16
     0.859571  5.41641e-16
     0.859757  5.36166e-16
     0.859944  5.39752e-16
     0.860131  5.38230e-16
     0.860317  5.31851e-16
     0.860504  5.18968e-16
     0.860690  4.84929e-16
     0.860877  4.68644e-16
     0.861064  4.71371e-16
     0.861250  4.57016e-16
     0.861437  4.48309e-16
     0.861624  4.53886e-16
     0.861810  4.57146e-16
     0.861997  4.46651e-16
     0.862183  4.60624e-16
     0.862370  4.96805e-16
     0.862557  5.01077e-16
     0.862743  4.91487e-16
     0.862930  4.82950e-16
     0.863117  4.83204e-16
     0.863303  4.91384e-16
     0.863490  4.85886e-16
     0.863676  4.74171e-16
     0.863863  4.72135e-16
     0.864050  4.86566e-16
     0.864236  5.00091e-16
     0.864423  5.10456e-16
     0.864609  5.09795e-16
     0.864796  5.00369e-16
     0.864983  5.24956e-16
     0.865169  5.52433e-16
     0.865356  5.38610e-16
     0.865543  5.43561e-16
     0.865729  5.54231e-16
     0.865916  5.55687e-16
     0.866102  5.55965e-16
     0.866289  5.50905e-16
     0.866476  5.39408e-16
     0.866662  5.38490e-16
     0.866849  5.46516e-16
     0.867036  5.64897e-16
     0.867222  5.80098e-16
     0.867409  5.64415e-16
     0.867595  5.50754e-16
     0.867782  5.38300e-16
     0.867969  5.27626e-16
     0.868155  5.30288e-16
     0.868342  5.67321e-16
     0.868528  5.51926e-16
     0.868715  5.41691e-16
     0.868902  5.32979e-16
     0.869088  5.17919e-16
     0.869275  5.22320e-16
     0.869462  5.18336e-16
     0.869648  5.34593e-16
     0.869835  5.46859e-16
     0.870021  5.44195e-16
     0.870208  5.39706e-16
     0.870395  5.19424e-16
     0.870581  5.12902e-16
     0.870768  5.23730e-16
     0.870955  5.55846e-16
     0.871141  5.65713e-16
     0.871328  5.57354e-16
     0.871514  5.46211e-16
     0.871701  5.48819e-16
     0.871888  5.46683e-16
     0.872074  5.50825e-16
     0.872261  5.62331e-16
     0.872447  5.48034e-16
     0.872634  5.35424e-16
     0.872821  5.41240e-16
     0.873007  5.59011e-16
     0.873194  5.61107e-16
     0.873381  5.58699e-16
     0.873567  5.73034e-16
     0.873754  5.78926e-16
     0.873940  5.93450e-16
     0.874127  5.97155e-16
     0.874314  5.97210e-16
     0.874500  5.86778e-16
     0.874687  5.74885e-16
     0.874874  5.79130e-16
     0.875060  5.99843e-16
     0.875247  6.06856e-16
     0.875433  5.95879e-16
     0.875620  5.90089e-16
     0.875807  5.83821e-16
     0.875993  5.85238e-16
     0.876180  5.77110e-16
     0.876366  5.88971e-16
     0.876553  5.92460e-16
     0.876740  6.05524e-16
     0.876926  6.41465e-16
     0.877113  6.34317e-16
     0.877299  6.30394e-16
     0.877486  6.12514e-16
     0.877673  6.08766e-16
     0.877859  6.15584e-16
     0.878046  6.11050e-16
     0.878233  5.99206e-16
     0.878419  6.08651e-16
     0.878606  5.95777e-16
     0.878792  5.98965e-16
     0.878979  6.31523e-16
     0.879166  6.30811e-16
     0.879352  6.32814e-16
     0.879539  6.39639e-16
     0.879726  6.17584e-16
     0.879912  6.10412e-16
     0.880099  6.06071e-16
     0.880285  6.15741e-16
     0.880472  6.30581e-16
     0.880659  6.21112e-16
     0.880845  6.23350e-16
     0.881032  6.46012e-16
     0.881219  6.72629e-16
     0.881405  6.61786e-16
     0.881592  6.51369e-16
     0.881778  6.48595e-16
     0.881965  6.42190e-16
     0.882152  6.46269e-16
     0.882338  6.67251e-16
     0.882525  6.64081e-16
     0.882712  6.72425e-16
     0.882898  6.71896e-16
     0.883085  6.69832e-16
     0.883271  6.39579e-16
     0.883458  6.38239e-16
     0.883645  6.65620e-16
     0.883831  6.78826e-16
     0.884018  6.56450e-16
     0.884205  6.32842e-16
     0.884391  6.46306e-16
     0.884578  6.37005e-16
     0.884764  6.52130e-16
     0.884951  6.64069e-16
     0.885137  6.67971e-16
     0.885324  6.50811e-16
     0.885511  6.75221e-16
     0.885697  6.90521e-16
     0.885884  6.76594e-16
     0.886071  6.94354e-16
     0.886257  7.08688e-16
     0.886444  6.63567e-16
     0.886630  6.69732e-16
     0.886817  6.84322e-16
     0.887004  6.95136e-16
     0.887190  7.13719e-16
     0.887377  7.05058e-16
     0.887564  6.92967e-16
     0.887750  7.19104e-16
     0.887937  7.52601e-16
     0.888123  7.29551e-16
     0.888310  7.07806e-16
     0.888497  7.13405e-16
     0.888683  7.09331e-16
     0.888870  6.95751e-16
     0.889057  7.12167e-16
     0.889243  7.01160e-16
     0.889430  6.91819e-16
     0.889616  7.24116e-16
     0.889803  7.40229e-16
     0.889990  7.25195e-16
     0.890176  7.04842e-16
     0.890363  6.92329e-16
     0.890550  7.12711e-16
     0.890736  7.16696e-16
     0.890923  6.95821e-16
     0.891109  6.89377e-16
     0.891296  7.01227e-16
     0.891483  7.10881e-16
     0.891669  6.96731e-16
     0.891856  7.09574e-16
     0.892042  6.91270e-16
     0.892229  6.96179e-16
     0.892416  7.11115e-16
     0.892602  7.01978e-16
     0.892789  7.03431e-16
     0.892976  7.17769e-16
     0.893162  6.91421e-16
     0.893349  6.26640e-16
     0.893535  5.49715e-16
     0.893722  4.94301e-16
     0.893909  4.66146e-16
     0.894095  4.33017e-16
     0.894282  4.49100e-16
     0.894468  5.36345e-16
     0.894655  6.22504e-16
     0.894842  6.35881e-16
     0.895028  6.45181e-16
     0.895215  6.81230e-16
     0.895402  6.99479e-16
     0.895588  7.13151e-16
     0.895775  7.16415e-16
     0.895961  7.00307e-16
     0.896148  6.95004e-16
     0.896335  6.84750e-16
     0.896521  6.68087e-16
     0.896708  6.71517e-16
     0.896895  7.02621e-16
     0.897081  7.21405e-16
     0.897268  7.27299e-16
     0.897454  7.43410e-16
     0.897641  7.30081e-16
     0.897828  7.06977e-16
     0.898014  7.23345e-16
     0.898201  7.44047e-16
     0.898387  7.41539e-16
     0.898574  7.25871e-16
     0.898761  7.25434e-16
     0.898947  7.46472e-16
     0.899134  7.54517e-16
     0.899321  7.27890e-16
     0.899507  7.26324e-16
     0.899694  7.67366e-16
     0.899880  7.89589e-16
     0.900067  7.76841e-16
     0.900254  7.71619e-16
     0.900440  7.76525e-16
     0.900627  7.87839e-16
     0.900814  7.90831e-16
     0.901000  7.73575e-16
     0.901187  7.63094e-16
     0.901373  7.94242e-16
     0.901560  8.01191e-16
     0.901747  7.97957e-16
     0.901933  7.85866e-16
     0.902120  7.84649e-16
     0.902306  7.72372e-16
     0.902493  7.63029e-16
     0.902680  7.91271e-16
     0.902866  8.25657e-16
     0.903053  8.38502e-16
     0.903240  8.37499e-16
     0.903426  8.15769e-16
     0.903613  7.86322e-16
     0.903799  7.84518e-16
     0.903986  7.84462e-16
     0.904173  8.01243e-16
     0.904359  8.27235e-16
     0.904546  8.20025e-16
     0.904733  8.25939e-16
     0.904919  8.39201e-16
     0.905106  8.38026e-16
     0.905292  8.19741e-16
     0.905479  8.23840e-16
     0.905666  8.24795e-16
     0.905852  8.43317e-16
     0.906039  8.56439e-16
     0.906226  8.47812e-16
     0.906412  8.39866e-16
     0.906599  8.28762e-16
     0.906785  8.21048e-16
     0.906972  8.44390e-16
     0.907159  8.26945e-16
     0.907345  8.30800e-16
     0.907532  8.59474e-16
     0.907718  8.73096e-16
     0.907905  8.57017e-16
     0.908092  8.47595e-16
     0.908278  8.89122e-16
     0.908465  8.95260e-16
     0.908652  8.90979e-16
     0.908838  9.10278e-16
     0.909025  9.03746e-16
     0.909211  8.71607e-16
     0.909398  8.74856e-16
     0.909585  8.82940e-16
     0.909771  8.82039e-16
     0.909958  8.58395e-16
     0.910144  8.60629e-16
     0.910331  8.69869e-16
     0.910518  8.82939e-16
     0.910704  8.96002e-16
     0.910891  8.76899e-16
     0.911078  8.89521e-16
     0.911264  9.13921e-16
     0.911451  9.30741e-16
     0.911637  9.24781e-16
     0.911824  9.04599e-16
     0.912011  8.90560e-16
     0.912197  8.83216e-16
     0.912384  8.64113e-16
     0.912571  8.57150e-16
     0.912757  8.81400e-16
     0.912944  9.06431e-16
     0.913130  9.07993e-16
     0.913317  8.81111e-16
     0.913504  8.84805e-16
     0.913690  9.08894e-16
     0.913877  8.98522e-16
     0.914063  8.94500e-16
     0.914250  9.15917e-16
     0.914437  9.28617e-16
     0.914623  9.07559e-16
     0.914810  8.81351e-16
     0.914997  9.02185e-16
     0.915183  9.22546e-16
     0.915370  9.20513e-16
     0.915556  9.32769e-16
     0.915743  9.28603e-16
     0.915930  9.14004e-16
     0.916116  8.99965e-16
     0.916303  9.11294e-16
     0.916490  9.12664e-16
     0.916676  9.06098e-16
     0.916863  8.95396e-16
     0.917049  9.00560e-16
     0.917236  9.28582e-16
     0.917423  9.16285e-16
     0.917609  9.42704e-16
     0.917796  9.54147e-16
     0.917982  9.42522e-16
     0.918169  9.45686e-16
     0.918356  9.56876e-16
     0.918542  9.55406e-16
     0.918729  9.43986e-16
     0.918916  9.45971e-16
     0.919102  9.30547e-16
     0.919289  9.42456e-16
     0.919475  9.66770e-16
     0.919662  9.58732e-16
     0.919849  9.38906e-16
     0.920035  9.49025e-16
     0.920222  9.38952e-16
     0.920408  9.28109e-16
     0.920595  9.53514e-16
     0.920782  9.61489e-16
     0.920968  9.53301e-16
     0.921155  9.59156e-16
     0.921342  9.67546e-16
     0.921528  9.82246e-16
     0.921715  1.00898e-15
     0.921901  9.82399e-16
     0.922088  1.00454e-15
     0.922275  1.02841e-15
     0.922461  1.03756e-15
     0.922648  1.05382e-15
     0.922835  1.04036e-15
     0.923021  1.01026e-15
     0.923208  9.88584e-16
     0.923394  9.98929e-16
     0.923581  1.02072e-15
     0.923768  9.97496e-16
     0.923954  9.86506e-16
     0.924141  9.95487e-16
     0.924328  9.72458e-16
     0.924514  9.75083e-16
     0.924701  9.57528e-16
     0.924887  9.58622e-16
     0.925074  1.00990e-15
     0.925261  1.03456e-15
     0.925447  9.98859e-16
     0.925634  9.91049e-16
     0.925820  9.88259e-16
     0.926007  9.51535e-16
     0.926194  9.29954e-16
     0.926380  9.08840e-16
     0.926567  8.62651e-16
     0.926754  8.12002e-16
     0.926940  7.98303e-16
     0.927127  7.65185e-16
     0.927313  7.03746e-16
     0.927500  6.77721e-16
     0.927687  6.83952e-16
     0.927873  7.12540e-16
     0.928060  7.64680e-16
     0.928246  7.70350e-16
     0.928433  7.58204e-16
     0.928620  7.64735e-16
     0.928806  7.87178e-16
     0.928993  8.17548e-16
     0.929180  8.35171e-16
     0.929366  8.44984e-16
     0.929553  8.19336e-16
     0.929739  7.87202e-16
     0.929926  8.03729e-16
     0.930113  8.28239e-16
     0.930299  8.05782e-16
     0.930486  8.00800e-16
     0.930673  8.75084e-16
     0.930859  9.17637e-16
     0.931046  9.41946e-16
     0.931232  9.23430e-16
     0.931419  8.69272e-16
     0.931606  8.86867e-16
     0.931792  8.64306e-16
     0.931979  8.04612e-16
     0.932166  7.91969e-16
     0.932352  8.70538e-16
     0.932539  9.22319e-16
     0.932725  8.91315e-16
     0.932912  8.47046e-16
     0.933099  8.41648e-16
     0.933285  8.62221e-16
     0.933472  8.71375e-16
     0.933658  8.20919e-16
     0.933845  7.94494e-16
     0.934032  8.67916e-16
     0.934218  9.22320e-16
     0.934405  9.49806e-16
     0.934592  9.27501e-16
     0.934778  8.96267e-16
     0.934965  8.82092e-16
     0.935151  8.68509e-16
     0.935338  8.86995e-16
     0.935525  9.81466e-16
     0.935711  1.04632e-15
     0.935898  1.02225e-15
     0.936084  9.72611e-16
     0.936271  9.17183e-16
     0.936458  8.97629e-16
     0.936644  9.20637e-16
     0.936831  9.19252e-16
     0.937018  8.72450e-16
     0.937204  9.17849e-16
     0.937391  9.61421e-16
     0.937577  8.40725e-16
     0.937764  8.20366e-16
     0.937951  9.02468e-16
     0.938137  1.02194e-15
     0.938324  1.01255e-15
     0.938511  9.61947e-16
     0.938697  9.75785e-16
     0.938884  9.94214e-16
     0.939070  9.83335e-16
     0.939257  9.70391e-16
     0.939444  9.79877e-16
     0.939630  9.46226e-16
     0.939817  9.57179e-16
     0.940004  1.01109e-15
     0.940190  9.90581e-16
     0.940377  1.00347e-15
     0.940563  1.06424e-15
     0.940750  1.07154e-15
     0.940937  1.06297e-15
     0.941123  1.04561e-15
     0.941310  1.03421e-15
     0.941496  1.06892e-15
     0.941683  1.03231e-15
     0.941870  9.84255e-16
     0.942056  9.82036e-16
     0.942243  9.98677e-16
     0.942429  1.00014e-15
     0.942616  1.01550e-15
     0.942803  1.08061e-15
     0.942989  1.10867e-15
     0.943176  1.07829e-15
     0.943363  1.02026e-15
     0.943549  1.00636e-15
     0.943736  1.01557e-15
     0.943922  1.10790e-15
     0.944109  1.13349e-15
     0.944296  1.05927e-15
     0.944482  1.04684e-15
     0.944669  1.05242e-15
     0.944856  1.04070e-15
     0.945042  9.81991e-16
     0.945229  9.87356e-16
     0.945415  1.00222e-15
     0.945602  9.82967e-16
     0.945789  1.03236e-15
     0.945975  1.02959e-15
     0.946162  1.03309e-15
     0.946349  1.02766e-15
     0.946535  1.02818e-15
     0.946722  1.06051e-15
     0.946908  1.05845e-15
     0.947095  1.04945e-15
     0.947282  1.10964e-15
     0.947468  1.08372e-15
     0.947655  1.03113e-15
     0.947842  1.01320e-15
     0.948028  1.06327e-15
     0.948215  1.08004e-15
     0.948401  1.07004e-15
     0.948588  1.12437e-15
     0.948775  1.09107e-15
     0.948961  1.02734e-15
     0.949148  1.00046e-15
     0.949335  1.04144e-15
     0.949521  1.04305e-15
     0.949708  1.02241e-15
     0.949894  1.02764e-15
     0.953481  1.04952e-15
     0.957154  1.06194e-15
     0.960842  1.12993e-15
     0.964546  1.15772e-15
     0.968266  1.20059e-15
     0.972001  1.24021e-15
     0.975751  1.30996e-15
     0.979516  1.27429e-15
     0.983296  1.37599e-15
     0.987091  1.40795e-15
     0.990900  1.31022e-15
     0.994723  1.31139e-15
     0.998561  1.33081e-15
      1.00241  1.41307e-15
      1.00628  1.44173e-15
      1.01016  1.45764e-15
      1.01405  1.49256e-15
      1.01795  1.59468e-15
      1.02187  1.55217e-15
      1.02580  1.61811e-15
      1.02974  1.60743e-15
      1.03370  1.65780e-15
      1.03767  1.71870e-15
      1.04164  1.76232e-15
      1.04564  1.82280e-15
      1.04964  1.84731e-15
      1.05365  1.82923e-15
      1.05768  1.86002e-15
      1.06171  1.91284e-15
      1.06576  1.93906e-15
      1.06981  1.93542e-15
      1.07388  1.96531e-15
      1.07795  1.99157e-15
      1.08204  2.04557e-15
      1.08614  1.97054e-15
      1.09024  1.91796e-15
      1.09436  1.81219e-15
      1.09848  1.77842e-15
      1.10261  1.78764e-15
      1.10675  1.61065e-15
      1.11090  1.53306e-15
      1.11506  1.51449e-15
      1.11922  1.58609e-15
      1.12339  1.58801e-15
      1.12757  1.57500e-15
      1.13176  1.59610e-15
      1.13595  1.52645e-15
      1.14015  1.62234e-15
      1.14436  1.61162e-15
      1.14858  1.68572e-15
      1.15280  1.71485e-15
      1.15702  1.67387e-15
      1.16125  1.68749e-15
      1.16549  1.65330e-15
      1.16973  1.56401e-15
      1.17398  1.65920e-15
      1.17824  1.71450e-15
      1.18249  1.78266e-15
      1.18676  1.92775e-15
      1.19102  2.00062e-15
      1.19529  2.04141e-15
      1.19957  2.12614e-15
      1.20385  2.12074e-15
      1.20813  2.24952e-15
      1.21242  2.26573e-15
      1.21671  2.28903e-15
      1.22100  2.36250e-15
      1.22530  2.39851e-15
      1.22959  2.41355e-15
      1.23389  2.47362e-15
      1.23820  2.43531e-15
      1.24250  2.43101e-15
      1.24681  2.41170e-15
      1.25112  2.47711e-15
      1.25543  2.48715e-15
      1.25974  2.61880e-15
      1.26406  2.55810e-15
      1.26837  2.64724e-15
      1.27269  2.63422e-15
      1.27700  2.66286e-15
      1.28132  2.55565e-15
      1.28564  2.60343e-15
      1.28996  2.62461e-15
      1.29427  2.56060e-15
      1.29859  2.58124e-15
      1.30291  2.59910e-15
      1.30723  2.49889e-15
      1.31155  2.50375e-15
      1.31586  2.52751e-15
      1.32018  2.44665e-15
      1.32449  2.25422e-15
      1.32881  1.90620e-15
      1.33312  1.48452e-15
      1.33743  1.09972e-15
      1.34174  8.94612e-16
      1.34605  8.08721e-16
      1.35035  7.44669e-16
      1.35466  7.25700e-16
      1.35896  7.46310e-16
      1.36326  7.07976e-16
      1.36756  6.75565e-16
      1.37185  8.35992e-16
      1.37615  8.02950e-16
      1.38044  8.82005e-16
      1.38473  9.04173e-16
      1.38901  8.57138e-16
      1.39329  8.02115e-16
      1.39757  7.72502e-16
      1.40185  7.38344e-16
      1.40612  7.14510e-16
      1.41039  6.85757e-16
      1.41465  6.67916e-16
      1.41891  6.97685e-16
      1.42317  6.80120e-16
      1.42742  6.96757e-16
      1.43167  7.07322e-16
      1.43592  7.50454e-16
      1.44016  7.62117e-16
      1.44440  7.89685e-16
      1.44863  8.58414e-16
      1.45286  9.68567e-16
      1.45709  1.02778e-15
      1.46130  1.02898e-15
      1.46552  1.02339e-15
      1.46973  1.06491e-15
      1.47393  1.15599e-15
      1.47814  1.15620e-15
      1.48233  1.21146e-15
      1.48652  1.25694e-15
      1.49071  1.25854e-15
      1.49489  1.31292e-15
      1.49906  1.36977e-15
      1.50323  1.39131e-15
      1.50739  1.44957e-15
      1.51155  1.52290e-15
      1.51571  1.58341e-15
      1.51985  1.66449e-15
      1.52400  1.76237e-15
      1.52813  1.83145e-15
      1.53226  1.82149e-15
      1.53639  1.86896e-15
      1.54051  1.95139e-15
      1.54462  1.99837e-15
      1.54873  2.04026e-15
      1.55283  2.09056e-15
      1.55692  2.15079e-15
      1.56101  2.21976e-15
      1.56509  2.21870e-15
      1.56917  2.28457e-15
      1.57324  2.34570e-15
      1.57730  2.34417e-15
      1.58136  2.33545e-15
      1.58542  2.37799e-15
      1.58946  2.44244e-15
      1.59350  2.44595e-15
      1.59753  2.42480e-15
      1.60156  2.47312e-15
      1.60558  2.49669e-15
      1.60959  2.46819e-15
      1.61360  2.53300e-15
      1.61760  2.48118e-15
      1.62160  2.52799e-15
      1.62558  2.48826e-15
      1.62957  2.49715e-15
      1.63354  2.46796e-15
      1.63751  2.50713e-15
      1.64147  2.47539e-15
      1.64543  2.54479e-15
      1.64938  2.54573e-15
      1.65332  2.54970e-15
      1.65725  2.49867e-15
      1.66118  2.52171e-15
      1.66511  2.48701e-15
      1.66902  2.44708e-15
      1.67293  2.41905e-15
      1.67683  2.47262e-15
      1.68073  2.46636e-15
      1.68462  2.52728e-15
      1.68850  2.44693e-15
      1.69238  2.39659e-15
      1.69625  2.40544e-15
      1.70011  2.39439e-15
      1.70397  2.35647e-15
      1.70782  2.28700e-15
      1.71167  2.25056e-15
      1.71550  2.16091e-15
      1.71933  2.12116e-15
      1.72316  2.10421e-15
      1.72698  1.97548e-15
      1.73079  1.96365e-15
      1.73459  1.83636e-15
      1.73839  1.76599e-15
      1.74218  1.74173e-15
      1.74597  1.66057e-15
      1.74975  1.58076e-15
      1.75352  1.51755e-15
      1.75729  1.44197e-15
      1.76105  1.43775e-15
      1.76481  1.39756e-15
      1.76855  1.28940e-15
      1.77230  1.25445e-15
      1.77603  1.17011e-15
      1.77976  1.09903e-15
      1.78348  1.04191e-15
      1.78720  1.01990e-15
      1.79091  9.90172e-16
      1.79462  1.00316e-15
      1.79832  9.56209e-16
      1.80201  9.36307e-16
      1.80569  9.46370e-16
      1.80938  8.87909e-16
      1.81305  9.82497e-16
      1.81672  9.51659e-16
      1.82038  1.01637e-15
      1.82404  9.74399e-16
      1.82769  1.00129e-15
      1.83133  8.70625e-16
      1.83497  8.93041e-16
      1.83861  7.94623e-16
      1.84224  7.09007e-16
      1.84586  8.21544e-16
      1.84947  7.97221e-16
      1.85308  8.03644e-16
      1.85669  6.92990e-16
      1.86029  6.33459e-16
      1.86388  6.46834e-16
      1.86747  6.19831e-16
      1.87105  7.40485e-16
      1.87463  7.37474e-16
      1.87820  8.29185e-16
      1.88177  8.14644e-16
      1.88533  8.75500e-16
      1.88889  8.75844e-16
      1.89244  9.22865e-16
      1.89598  9.32711e-16
      1.89952  9.71615e-16
      1.90305  9.93479e-16
      1.90658  1.05757e-15
      1.91011  1.04625e-15
      1.91363  1.11078e-15
      1.91714  1.07101e-15
      1.92065  1.09188e-15
      1.92415  1.03346e-15
      1.92765  9.91372e-16
      1.93114  9.05284e-16
      1.93463  8.40856e-16
      1.93811  7.58882e-16
      1.94159  8.09596e-16
      1.94506  7.94784e-16
      1.94853  8.45752e-16
      1.95199  8.00106e-16
      1.95545  8.00825e-16
      1.95890  7.68456e-16
      1.96235  7.72081e-16
      1.96579  8.19841e-16
      1.96923  8.41794e-16
      1.97267  8.89488e-16
      1.97610  8.69820e-16
      1.97952  8.58789e-16
      1.98294  8.95250e-16
      1.98635  8.69687e-16
      1.98976  9.16817e-16
      1.99317  9.23021e-16
      1.99657  9.61175e-16
      1.99996  9.67904e-16
      2.00335  9.78060e-16
      2.00674  9.62584e-16
      2.01012  1.02193e-15
      2.01350  9.76026e-16
      2.01687  1.08194e-15
      2.02024  1.13029e-15
      2.02360  1.14198e-15
      2.02696  1.14797e-15
      2.03032  1.17090e-15
      2.03367  1.23746e-15
      2.03701  1.28481e-15
      2.04035  1.27367e-15
      2.04369  1.33526e-15
      2.04702  1.36807e-15
      2.05035  1.36739e-15
      2.05367  1.37921e-15
      2.05699  1.40530e-15
      2.06030  1.42909e-15
      2.06361  1.42669e-15
      2.06691  1.43850e-15
      2.07021  1.46177e-15
      2.07351  1.46319e-15
      2.07680  1.52303e-15
      2.08008  1.50992e-15
      2.08336  1.53667e-15
      2.08664  1.53535e-15
      2.08991  1.56209e-15
      2.09318  1.56019e-15
      2.09645  1.57941e-15
      2.09970  1.56422e-15
      2.10296  1.56431e-15
      2.10621  1.56937e-15
      2.10945  1.58545e-15
      2.11270  1.61304e-15
      2.11593  1.58666e-15
      2.11916  1.58776e-15
      2.12239  1.58062e-15
      2.12561  1.59565e-15
      2.12883  1.57315e-15
      2.13204  1.62496e-15
      2.13525  1.59210e-15
      2.13846  1.58369e-15
      2.14166  1.59393e-15
      2.14485  1.58311e-15
      2.14804  1.56366e-15
      2.15123  1.56787e-15
      2.15441  1.55745e-15
      2.15758  1.53539e-15
      2.16075  1.53899e-15
      2.16392  1.54230e-15
      2.16708  1.52614e-15
      2.17024  1.53433e-15
      2.17339  1.52896e-15
      2.17654  1.50951e-15
      2.17968  1.48770e-15
      2.18282  1.50727e-15
      2.18595  1.47386e-15
      2.18908  1.49813e-15
      2.19221  1.48561e-15
      2.19532  1.46110e-15
      2.19844  1.45436e-15
      2.20155  1.41609e-15
      2.20465  1.43014e-15
      2.20775  1.41641e-15
      2.21084  1.42667e-15
      2.21393  1.42595e-15
      2.21702  1.41799e-15
      2.22009  1.39140e-15
      2.22317  1.39050e-15
      2.22624  1.36799e-15
      2.22930  1.38151e-15
      2.23236  1.36937e-15
      2.23541  1.36856e-15
      2.23846  1.38684e-15
      2.24151  1.36517e-15
      2.24454  1.34547e-15
      2.24758  1.32795e-15
      2.25061  1.31501e-15
      2.25363  1.31447e-15
      2.25665  1.31657e-15
      2.25966  1.31231e-15
      2.26267  1.29605e-15
      2.26567  1.29055e-15
      2.26867  1.25258e-15
      2.27166  1.26525e-15
      2.27464  1.26107e-15
      2.27763  1.25713e-15
      2.28060  1.24921e-15
      2.28357  1.26395e-15
      2.28654  1.26365e-15
      2.28950  1.25102e-15
      2.29246  1.17883e-15
      2.29541  1.06796e-15
      2.29835  1.00146e-15
      2.30129  9.98921e-16
      2.30423  9.73570e-16
      2.30716  9.72171e-16
      2.31008  9.70476e-16
      2.31300  9.67422e-16
      2.31591  9.53269e-16
      2.31882  9.38541e-16
      2.32173  9.08513e-16
      2.32463  9.03240e-16
      2.32752  9.22238e-16
      2.33041  9.37885e-16
      2.33329  9.28940e-16
      2.33617  9.50823e-16
      2.33905  9.32242e-16
      2.34192  9.20831e-16
      2.34478  9.24675e-16
      2.34764  9.57106e-16
      2.35050  9.44612e-16
      2.35335  9.27711e-16
      2.35619  9.21221e-16
      2.35903  9.24979e-16
      2.36187  9.15240e-16
      2.36470  9.27224e-16
      2.36753  9.22763e-16
      2.37035  9.29130e-16
      2.37317  9.36581e-16
      2.37599  9.30488e-16
      2.37880  8.98235e-16
      2.38160  8.83589e-16
      2.38441  8.63391e-16
      2.38720  8.78214e-16
      2.39000  9.20964e-16
      2.39279  9.22149e-16
      2.39558  9.18123e-16
      2.39836  9.29450e-16
      2.40114  9.47813e-16
      2.40392  8.91382e-16
      2.40670  8.66800e-16
      2.40947  8.75052e-16
      2.41223  8.50209e-16
      2.41500  8.68890e-16
      2.41776  8.57550e-16
      2.42052  8.30274e-16
      2.42328  8.30370e-16
      2.42604  8.41672e-16
      2.42879  8.38433e-16
      2.43154  8.12776e-16
      2.43429  7.72737e-16
      2.43704  8.22281e-16
      2.43979  8.13552e-16
      2.44254  7.56688e-16
      2.44528  7.33286e-16
      2.44803  6.87359e-16
      2.45077  6.56596e-16
      2.45351  6.68271e-16
      2.45626  6.72062e-16
      2.45900  7.29331e-16
      2.46175  7.25914e-16
      2.46449  6.88976e-16
      2.46724  5.71336e-16
      2.46998  6.02303e-16
      2.47273  5.19675e-16
      2.47548  5.58356e-16
      2.47823  5.48034e-16
      2.48099  6.24202e-16
      2.48374  5.50807e-16
      2.48650  6.01740e-16
      2.48926  4.48206e-16
      2.49203  4.51164e-16
      2.49480  5.31461e-16
      2.49757  5.12351e-16
      2.50035  4.73055e-16
      2.50313  5.12507e-16
      2.50592  4.56411e-16
      2.50871  4.13062e-16
      2.51151  4.76846e-16
      2.51432  4.98034e-16
      2.51713  2.90144e-16
      2.51995  3.51572e-16
      2.52277  4.35791e-16
      2.52561  2.81914e-16
      2.52845  4.60940e-16
      2.53130  3.13492e-16
      2.53417  4.58279e-16
      2.53704  3.40591e-16
      2.53992  5.88531e-16
      2.54281  5.02922e-16
      2.54572  9.45456e-16
      2.54863  3.37904e-17
      2.55156  6.94132e-16
      2.55450  6.84127e-19
      2.55746  3.97901e-16
