# An Atlas of Galaxy Spectral Energy Distributions from the Ultraviolet to the Mid-Infrared
# Brown et al. (2014)
# http://dx.doi.org/10.5072/03/529D3551F0117
# 
# Column 1 : Restframe Wavelength (Angstrom)
# Column 2 : Flux per unit wavelength (ergs/s/cm^2/Angstrom)
# Column 3 : Observed wavelength (Angstrom)
# Column 4 : Source (0 = model, 1 = Optical Spectrum, 2 = Akari, 3 = Spitzer IRS)
# 
   100.01 1.5504e-24    101.39 0 
   102.11 2.4234e-24    103.51 0 
   104.00 3.4390e-24    105.44 0 
   105.94 4.9480e-24    107.40 0 
   107.91 7.2349e-24    109.40 0 
   109.91 1.1842e-23    111.43 0 
   114.04 2.2000e-23    115.61 0 
   118.05 3.7882e-23    119.67 0 
   121.07 1.6999e-22    122.74 0 
   125.04 2.6572e-22    126.77 0 
   127.07 3.2021e-22    128.82 0 
   127.95 3.5763e-22    129.72 0 
   130.93 4.6178e-22    132.74 0 
   132.15 5.7469e-22    133.97 0 
   133.98 6.7364e-22    135.83 0 
   137.10 9.8726e-22    139.00 0 
   139.98 1.2372e-21    141.91 0 
   142.91 4.0219e-21    144.88 0 
   146.91 1.1979e-20    148.94 0 
   151.03 1.5081e-20    153.11 0 
   154.90 1.9117e-20    157.04 0 
   158.87 2.4068e-20    161.06 0 
   161.83 2.8342e-20    164.06 0 
   165.98 3.5435e-20    168.27 0 
   169.84 4.3195e-20    172.19 0 
   173.00 5.0168e-20    175.39 0 
   177.03 6.0316e-20    179.47 0 
   179.91 6.8934e-20    182.39 0 
   181.99 7.5410e-20    184.50 0 
   185.80 8.9214e-20    188.36 0 
   191.01 1.0950e-19    193.64 0 
   194.11 1.2429e-19    196.79 0 
   198.18 1.4402e-19    200.91 0 
   201.86 1.6766e-19    204.64 0 
   205.14 1.8682e-19    207.97 0 
   209.92 2.1205e-19    212.81 0 
   215.80 2.7004e-19    218.78 0 
   219.81 3.0792e-19    222.84 0 
   222.87 3.3376e-19    225.94 0 
   227.01 3.7969e-19    230.14 0 
   230.17 6.1296e-19    233.35 0 
   233.91 1.1180e-18    237.14 0 
   239.91 1.5504e-18    243.22 0 
   246.07 1.6272e-18    249.46 0 
   251.80 1.9117e-18    255.27 0 
   257.07 1.7355e-18    260.62 0 
   260.05 2.1107e-18    263.63 0 
   264.27 2.3520e-18    267.92 0 
   269.19 2.5260e-18    272.90 0 
   274.19 2.6942e-18    277.97 0 
   279.29 2.8803e-18    283.14 0 
   283.83 3.0650e-18    287.74 0 
   289.77 3.1436e-18    293.76 0 
   295.84 3.4390e-18    299.92 0 
   301.34 3.5928e-18    305.49 0 
   307.65 3.9303e-18    311.89 0 
   317.73 4.4507e-18    322.11 0 
   328.13 4.8914e-18    332.66 0 
   338.11 5.3019e-18    342.77 0 
   348.38 5.7073e-18    353.18 0 
   357.32 6.0874e-18    362.24 0 
   365.64 6.5378e-18    370.68 0 
   375.02 6.8775e-18    380.19 0 
   384.64 7.0539e-18    389.94 0 
   395.41 7.7345e-18    400.87 0 
   404.62 8.2306e-18    410.20 0 
   414.05 8.5592e-18    419.76 0 
   421.75 8.7585e-18    427.56 0 
   429.59 9.0247e-18    435.51 0 
   440.61 9.5155e-18    446.68 0 
   450.87 9.7821e-18    457.09 0 
   460.31 9.9869e-18    466.66 0 
   469.95 1.0290e-17    476.43 0 
   479.79 1.0701e-17    486.41 0 
   489.84 1.0751e-17    496.59 0 
   500.09 1.1283e-17    506.99 0 
   505.89 1.1180e-17    512.86 0 
   511.74 1.2007e-17    518.80 0 
   520.06 1.2202e-17    527.23 0 
   529.73 1.2287e-17    537.03 0 
   539.58 1.2146e-17    547.02 0 
   549.61 1.2287e-17    557.19 0 
   559.82 1.2925e-17    567.54 0 
   570.23 1.3503e-17    578.10 0 
   579.50 1.3534e-17    587.49 0 
   590.27 1.3849e-17    598.41 0 
   599.86 1.3410e-17    608.13 0 
   609.61 1.2174e-17    618.02 0 
   619.52 1.4336e-17    628.06 0 
   629.58 1.4270e-17    638.26 0 
   639.81 1.4704e-17    648.63 0 
   650.21 1.4670e-17    659.17 0 
   657.74 1.4435e-17    666.81 0 
   665.35 1.4977e-17    674.53 0 
   674.61 1.5291e-17    683.91 0 
   685.57 1.4636e-17    695.02 0 
   695.11 1.5468e-17    704.69 0 
   704.78 1.4569e-17    714.50 0 
   716.23 1.5792e-17    726.11 0 
   726.19 1.5865e-17    736.21 0 
   734.60 1.5975e-17    744.73 0 
   744.82 1.5865e-17    755.09 0 
   755.18 1.5901e-17    765.60 0 
   765.69 1.4569e-17    776.25 0 
   774.55 1.6048e-17    785.24 0 
   785.33 1.5611e-17    796.16 0 
   794.42 1.6048e-17    805.38 0 
   805.47 1.6272e-17    816.58 0 
   814.80 1.6309e-17    826.04 0 
   824.24 1.6498e-17    835.60 0 
   835.70 1.4874e-17    847.23 0 
   845.38 1.6422e-17    857.04 0 
   855.17 1.6309e-17    866.96 0 
   865.07 1.6574e-17    877.00 0 
   875.09 1.6766e-17    887.16 0 
   885.22 1.6882e-17    897.43 0 
   895.47 1.6999e-17    907.82 0 
   905.84 1.6805e-17    918.33 0 
   914.22 2.0018e-17    926.83 0 
   924.81 5.0749e-17    937.56 0 
   935.52 9.0872e-17    948.42 0 
   944.17 1.5221e-16    957.19 0 
   955.11 2.1352e-16    968.28 0 
   963.94 2.1950e-16    977.24 0 
   975.11 5.2775e-17    988.55 0 
   984.13 1.6122e-16    997.70 0 
   995.52 1.8942e-16   1009.25 0 
  1004.74 3.0439e-16   1018.59 0 
  1014.03 3.1148e-16   1028.02 0 
  1025.77 1.5397e-16   1039.92 0 
  1035.27 2.1205e-16   1049.54 0 
  1044.85 4.3095e-16   1059.25 0 
  1054.51 4.2799e-16   1069.05 0 
  1064.27 3.1581e-16   1078.95 0 
  1074.12 3.9485e-16   1088.93 0 
  1084.06 2.9271e-16   1099.01 0 
  1094.09 4.3095e-16   1109.18 0 
  1104.21 4.1728e-16   1119.44 0 
  1114.43 3.9213e-16   1129.80 0 
  1124.74 3.4628e-16   1140.25 0 
  1135.15 4.8132e-16   1150.80 0 
  1145.65 4.3494e-16   1161.45 0 
  1156.25 4.7800e-16   1172.20 0 
  1164.27 4.9140e-16   1180.32 0 
  1175.04 3.1581e-16   1191.24 0 
  1185.91 4.8354e-16   1202.26 0 
  1194.13 3.0580e-16   1210.60 0 
  1205.18 2.0722e-16   1221.80 0 
  1216.33 1.7597e-16   1233.11 0 
  1224.76 3.5029e-16   1241.65 0 
  1236.10 5.6031e-16   1253.14 0 
  1244.66 6.2006e-16   1261.83 0 
  1256.18 5.8134e-16   1273.50 0 
  1264.89 4.9026e-16   1282.33 0 
  1273.66 6.7831e-16   1291.22 0 
  1285.44 7.2683e-16   1303.17 0 
  1294.35 5.2654e-16   1312.20 0 
  1306.33 5.2291e-16   1324.34 0 
  1315.38 7.1356e-16   1333.52 0 
  1324.50 6.7988e-16   1342.77 0 
  1333.68 5.7469e-16   1352.07 0 
  1346.02 7.4547e-16   1364.58 0 
  1355.35 7.2349e-16   1374.04 0 
  1364.75 6.2724e-16   1383.57 0 
  1374.21 6.7675e-16   1393.16 0 
  1383.73 6.8617e-16   1402.81 0 
  1396.54 5.8672e-16   1415.79 0 
  1406.22 6.1014e-16   1425.61 0 
  1415.96 6.3596e-16   1435.49 0 
  1425.78 6.7055e-16   1445.44 0 
  1435.66 6.6901e-16   1455.46 0 
  1442.29 7.1851e-16   1462.18 0 
  1445.61 7.3864e-16   1465.55 0 
  1455.63 7.1192e-16   1475.71 0 
  1465.72 6.4779e-16   1485.94 0 
  1475.88 6.5680e-16   1496.24 0 
  1486.11 6.8459e-16   1506.61 0 
  1496.41 7.0539e-16   1517.05 0 
  1503.32 6.6135e-16   1524.05 0 
  1510.26 5.7469e-16   1531.09 0 
  1517.23 6.3158e-16   1538.15 0 
  1524.23 6.0734e-16   1545.25 0 
  1534.80 5.1219e-16   1555.97 0 
  1545.44 5.8000e-16   1566.75 0 
  1556.15 5.5135e-16   1577.61 0 
  1563.33 5.6942e-16   1584.89 0 
  1574.17 6.1863e-16   1595.88 0 
  1585.08 6.6593e-16   1606.94 0 
  1596.07 6.8459e-16   1618.08 0 
  1603.44 6.7988e-16   1625.55 0 
  1614.55 6.9093e-16   1636.82 0 
  1625.74 6.5228e-16   1648.16 0 
  1633.25 7.1192e-16   1655.77 0 
  1644.57 7.3018e-16   1667.25 0 
  1655.97 6.7520e-16   1678.80 0 
  1663.61 7.5064e-16   1686.55 0 
  1671.29 6.5078e-16   1694.34 0 
  1675.14 7.6812e-16   1698.24 0 
  1686.76 8.1739e-16   1710.02 0 
  1694.54 7.6812e-16   1717.91 0 
  1706.29 7.4034e-16   1729.82 0 
  1714.16 6.9732e-16   1737.80 0 
  1726.04 7.0054e-16   1749.85 0 
  1734.01 7.6459e-16   1757.92 0 
  1746.03 7.5584e-16   1770.11 0 
  1754.09 8.2117e-16   1778.28 0 
  1766.25 7.5410e-16   1790.61 0 
  1774.40 7.7345e-16   1798.87 0 
  1786.70 8.0247e-16   1811.34 0 
  1794.95 8.7384e-16   1819.70 0 
  1803.23 8.7990e-16   1828.10 0 
  1815.73 8.0618e-16   1840.77 0 
  1824.11 8.3643e-16   1849.27 0 
  1836.76 8.0990e-16   1862.09 0 
  1845.24 7.4719e-16   1870.68 0 
  1853.75 7.5584e-16   1879.32 0 
  1866.60 7.9329e-16   1892.34 0 
  1875.22 8.7787e-16   1901.08 0 
  1883.87 8.0804e-16   1909.85 0 
  1896.93 7.8601e-16   1923.09 0 
  1905.69 8.5002e-16   1931.97 0 
  1914.49 8.1928e-16   1940.89 0 
  1923.32 8.0990e-16   1949.84 0 
  1936.65 8.5592e-16   1963.36 0 
  1945.59 9.0247e-16   1972.42 0 
  1954.57 8.4417e-16   1981.53 0 
  1968.12 9.5155e-16   1995.26 0 
  1977.21 9.9182e-16   2004.47 0 
  1981.76 9.4500e-16   2009.09 0 
  1995.50 9.3203e-16   2023.02 0 
  2004.71 9.7821e-16   2032.36 0 
  2013.97 9.5594e-16   2041.74 0 
  2023.26 1.0126e-15   2051.16 0 
  2037.29 9.6479e-16   2065.38 0 
  2046.69 1.0173e-15   2074.91 0 
  2056.14 9.4066e-16   2084.49 0 
  2065.63 9.6924e-16   2094.11 0 
  2075.16 1.0875e-15   2103.78 0 
  2079.95 1.0434e-15   2108.63 0 
  2084.74 1.1052e-15   2113.49 0 
  2094.36 1.0554e-15   2123.24 0 
  2104.03 1.0775e-15   2133.04 0 
  2113.74 1.1128e-15   2142.89 0 
  2123.50 1.1309e-15   2152.78 0 
  2133.30 1.0800e-15   2162.72 0 
  2143.15 1.1154e-15   2172.70 0 
  2153.04 1.1707e-15   2182.73 0 
  2162.98 1.1466e-15   2192.81 0 
  2172.96 1.1599e-15   2202.93 0 
  2182.99 1.1573e-15   2213.09 0 
  2193.07 1.2202e-15   2223.31 0 
  2203.19 1.2090e-15   2233.57 0 
  2213.36 1.1626e-15   2243.88 0 
  2223.58 1.1546e-15   2254.24 0 
  2233.84 1.2343e-15   2264.64 0 
  2244.15 1.2118e-15   2275.10 0 
  2254.51 1.1680e-15   2285.60 0 
  2264.92 1.2062e-15   2296.15 0 
  2275.37 1.2495e-15   2306.75 0 
  2285.87 1.2978e-15   2317.39 0 
  2296.42 1.2238e-15   2328.09 0 
  2307.02 1.2711e-15   2338.84 0 
  2312.34 1.2287e-15   2344.23 0 
  2323.01 1.0278e-15   2355.05 0 
  2333.74 1.1869e-15   2365.92 0 
  2344.51 1.1774e-15   2376.84 0 
  2355.33 1.2659e-15   2387.81 0 
  2366.20 1.1965e-15   2398.83 0 
  2377.12 1.2314e-15   2409.91 0 
  2382.60 1.1713e-15   2415.46 0 
  2393.60 1.2478e-15   2426.61 0 
  2404.65 1.2350e-15   2437.81 0 
  2415.75 1.2769e-15   2449.06 0 
  2426.90 1.3667e-15   2460.37 0 
  2432.49 1.3456e-15   2466.04 0 
  2443.72 1.4237e-15   2477.42 0 
  2455.00 1.4386e-15   2488.86 0 
  2466.33 1.4271e-15   2500.35 0 
  2477.72 1.4059e-15   2511.89 0 
  2483.43 1.3907e-15   2517.68 0 
  2494.89 1.2127e-15   2529.30 0 
  2506.41 1.4834e-15   2540.97 0 
  2512.19 1.3444e-15   2546.83 0 
  2517.98 1.3956e-15   2552.70 0 
  2523.78 1.3901e-15   2558.59 0 
  2535.43 1.4540e-15   2570.40 0 
  2547.13 1.4457e-15   2582.26 0 
  2553.01 1.5972e-15   2588.21 0 
  2564.79 1.5484e-15   2600.16 0 
  2576.63 1.6497e-15   2612.16 0 
  2582.57 1.6356e-15   2618.18 0 
  2594.49 1.6226e-15   2630.27 0 
  2606.47 1.6023e-15   2642.41 0 
  2612.47 1.5885e-15   2648.50 0 
  2624.53 1.6809e-15   2660.72 0 
  2636.65 1.8496e-15   2673.01 0 
  2642.73 2.0153e-15   2679.17 0 
  2654.92 2.2693e-15   2691.54 0 
  2667.18 1.9161e-15   2703.96 0 
  2673.33 2.0170e-15   2710.19 0 
  2685.67 2.1244e-15   2722.70 0 
  2698.06 1.9489e-15   2735.27 0 
  2704.28 2.0896e-15   2741.57 0 
  2716.76 1.9392e-15   2754.23 0 
  2723.03 1.8745e-15   2760.58 0 
  2735.60 1.9881e-15   2773.32 0 
  2741.90 1.7895e-15   2779.71 0 
  2754.56 1.8805e-15   2792.54 0 
  2767.27 1.9991e-15   2805.43 0 
  2773.65 2.0850e-15   2811.90 0 
  2786.45 1.9305e-15   2824.88 0 
  2792.88 1.6748e-15   2831.39 0 
  2805.77 1.7722e-15   2844.46 0 
  2812.24 2.1076e-15   2851.02 0 
  2825.22 2.2928e-15   2864.18 0 
  2838.26 2.2230e-15   2877.40 0 
  2844.80 2.0952e-15   2884.03 0 
  2857.93 1.9579e-15   2897.34 0 
  2864.52 2.3071e-15   2904.02 0 
  2877.74 2.5565e-15   2917.43 0 
  2884.38 2.5000e-15   2924.15 0 
  2897.69 2.6885e-15   2937.65 0 
  2911.07 3.1123e-15   2951.21 0 
  2931.24 2.9714e-15   2971.67 0 
  2951.56 2.8962e-15   2992.27 0 
  2972.02 2.9972e-15   3013.01 0 
  2992.62 3.0380e-15   3033.89 0 
  3013.37 3.0372e-15   3054.92 0 
  3027.28 3.1994e-15   3069.02 0 
  3048.26 3.2656e-15   3090.30 0 
  3069.39 3.4903e-15   3111.72 0 
  3090.67 3.4976e-15   3133.29 0 
  3112.09 3.8342e-15   3155.01 0 
  3126.45 3.7007e-15   3169.57 0 
  3148.12 3.7862e-15   3191.54 0 
  3169.95 3.9822e-15   3213.66 0 
  3191.92 3.6901e-15   3235.94 0 
  3206.65 3.9144e-15   3250.87 0 
  3228.88 3.6190e-15   3273.41 0 
  3251.26 4.3705e-15   3296.10 0 
  3266.27 4.8101e-15   3311.31 0 
  3288.91 4.7984e-15   3334.26 0 
  3311.71 4.6564e-15   3357.38 0 
  3319.34 4.7246e-15   3365.12 0 
  3326.99 4.8829e-15   3372.87 0 
  3334.66 5.1050e-15   3380.65 0 
  3342.35 4.8230e-15   3388.44 0 
  3350.05 5.1598e-15   3396.25 0 
  3357.78 5.1281e-15   3404.08 0 
  3365.52 4.2783e-15   3411.93 0 
  3373.28 4.1077e-15   3419.79 0 
  3381.05 4.7634e-15   3427.68 0 
  3388.85 5.1432e-15   3435.58 0 
  3396.66 4.7158e-15   3443.50 0 
  3404.49 5.3812e-15   3451.44 0 
  3412.34 4.9227e-15   3459.39 0 
  3420.20 5.1230e-15   3467.37 0 
  3428.09 5.1862e-15   3475.36 0 
  3435.99 5.1071e-15   3483.37 0 
  3443.91 4.3202e-15   3491.40 0 
  3451.85 5.1384e-15   3499.45 0 
  3459.81 5.1898e-15   3507.52 0 
  3467.78 5.1107e-15   3515.60 0 
  3475.78 5.1618e-15   3523.71 0 
  3483.79 5.1657e-15   3531.83 0 
  3491.82 5.2657e-15   3539.97 0 
  3499.87 4.8394e-15   3548.13 0 
  3507.94 5.7427e-15   3556.31 0 
  3516.03 4.9825e-15   3564.51 0 
  3524.13 5.1734e-15   3572.73 0 
  3532.25 5.5990e-15   3580.96 0 
  3540.40 5.8538e-15   3589.22 0 
  3548.56 6.0921e-15   3597.49 0 
  3556.74 5.5732e-15   3605.79 0 
  3564.94 5.8268e-15   3614.10 0 
  3573.16 4.6856e-15   3622.43 0 
  3581.39 4.9442e-15   3630.78 0 
  3589.65 4.2115e-15   3639.15 0 
  3597.92 5.5306e-15   3647.54 0 
  3606.22 5.4463e-15   3655.95 0 
  3614.53 5.3634e-15   3664.37 0 
  3619.51 3.6656e-15   3669.42 1 
  3622.22 4.8032e-15   3672.17 1 
  3624.93 4.6239e-15   3674.92 1 
  3627.64 5.3349e-15   3677.67 1 
  3630.36 5.7798e-15   3680.42 1 
  3633.07 5.6007e-15   3683.17 1 
  3635.78 4.8993e-15   3685.92 1 
  3638.50 6.0341e-15   3688.67 1 
  3641.21 5.9101e-15   3691.42 1 
  3643.92 5.9130e-15   3694.17 1 
  3646.63 6.0552e-15   3696.92 1 
  3649.35 5.2826e-15   3699.67 1 
  3652.06 5.5977e-15   3702.42 1 
  3654.77 5.6221e-15   3705.17 1 
  3657.48 6.6863e-15   3707.92 1 
  3660.20 4.2000e-15   3710.67 1 
  3662.91 4.8002e-15   3713.42 1 
  3665.62 5.5809e-15   3716.17 1 
  3668.33 5.5144e-15   3718.92 1 
  3671.05 5.6752e-15   3721.67 1 
  3673.76 6.2777e-15   3724.42 1 
  3676.47 5.4779e-15   3727.17 1 
  3679.18 6.1468e-15   3729.92 1 
  3681.90 4.8984e-15   3732.67 1 
  3684.61 4.5310e-15   3735.42 1 
  3687.32 5.3996e-15   3738.17 1 
  3690.03 5.5559e-15   3740.92 1 
  3692.75 5.3228e-15   3743.67 1 
  3695.46 5.1243e-15   3746.42 1 
  3698.17 6.5711e-15   3749.17 1 
  3700.88 5.1700e-15   3751.92 1 
  3703.60 5.8830e-15   3754.67 1 
  3706.31 5.3952e-15   3757.42 1 
  3709.02 5.9230e-15   3760.17 1 
  3711.74 5.9981e-15   3762.92 1 
  3714.45 6.8447e-15   3765.67 1 
  3717.16 6.1275e-15   3768.42 1 
  3719.87 7.4392e-15   3771.17 1 
  3722.59 8.2708e-15   3773.92 1 
  3725.30 9.6495e-15   3776.67 1 
  3728.01 1.0829e-14   3779.42 1 
  3730.72 9.7555e-15   3782.17 1 
  3733.44 7.3724e-15   3784.92 1 
  3736.15 6.0388e-15   3787.67 1 
  3738.86 5.0759e-15   3790.42 1 
  3741.57 6.4905e-15   3793.17 1 
  3744.29 6.2066e-15   3795.92 1 
  3747.00 5.9671e-15   3798.67 1 
  3749.71 5.8177e-15   3801.42 1 
  3752.42 6.2383e-15   3804.17 1 
  3755.14 6.1069e-15   3806.92 1 
  3757.85 5.8758e-15   3809.67 1 
  3760.56 7.1170e-15   3812.42 1 
  3763.27 6.4216e-15   3815.17 1 
  3765.99 6.5162e-15   3817.92 1 
  3768.70 6.1950e-15   3820.67 1 
  3771.41 6.6705e-15   3823.42 1 
  3774.12 7.8357e-15   3826.17 1 
  3776.84 7.5999e-15   3828.92 1 
  3779.55 7.1632e-15   3831.67 1 
  3782.26 8.4508e-15   3834.42 1 
  3784.98 6.8281e-15   3837.17 1 
  3787.69 7.6601e-15   3839.92 1 
  3790.40 8.2330e-15   3842.67 1 
  3793.11 6.2657e-15   3845.42 1 
  3795.83 5.8455e-15   3848.17 1 
  3798.54 6.1061e-15   3850.92 1 
  3801.25 7.1615e-15   3853.67 1 
  3803.96 7.5963e-15   3856.42 1 
  3806.68 8.3427e-15   3859.17 1 
  3809.39 8.2416e-15   3861.92 1 
  3812.10 8.6748e-15   3864.67 1 
  3814.81 7.7284e-15   3867.42 1 
  3817.53 7.7781e-15   3870.17 1 
  3820.24 7.5379e-15   3872.92 1 
  3822.95 6.9645e-15   3875.67 1 
  3825.66 6.8636e-15   3878.42 1 
  3828.38 6.5896e-15   3881.17 1 
  3831.09 6.5611e-15   3883.92 1 
  3833.80 5.9738e-15   3886.67 1 
  3836.51 5.4066e-15   3889.42 1 
  3839.23 6.4642e-15   3892.17 1 
  3841.94 7.0811e-15   3894.92 1 
  3844.65 7.1476e-15   3897.67 1 
  3847.36 7.8384e-15   3900.42 1 
  3850.08 8.9574e-15   3903.17 1 
  3852.79 8.4835e-15   3905.92 1 
  3855.50 8.6411e-15   3908.67 1 
  3858.22 8.4316e-15   3911.42 1 
  3860.93 8.3484e-15   3914.17 1 
  3863.64 9.6065e-15   3916.92 1 
  3866.35 9.4794e-15   3919.67 1 
  3869.07 8.5631e-15   3922.42 1 
  3871.78 8.3597e-15   3925.17 1 
  3874.49 8.3478e-15   3927.92 1 
  3877.20 8.1490e-15   3930.67 1 
  3879.92 7.7792e-15   3933.42 1 
  3882.63 6.7493e-15   3936.17 1 
  3885.34 6.3741e-15   3938.92 1 
  3888.05 6.2040e-15   3941.67 1 
  3890.77 6.8592e-15   3944.42 1 
  3893.48 6.6075e-15   3947.17 1 
  3896.19 7.4349e-15   3949.92 1 
  3898.90 8.0535e-15   3952.67 1 
  3901.62 8.4403e-15   3955.42 1 
  3904.33 8.3678e-15   3958.17 1 
  3907.04 8.7523e-15   3960.92 1 
  3909.75 8.8909e-15   3963.67 1 
  3912.47 8.6202e-15   3966.42 1 
  3915.18 9.0361e-15   3969.17 1 
  3917.89 9.1181e-15   3971.92 1 
  3920.60 9.0661e-15   3974.67 1 
  3923.32 8.9918e-15   3977.42 1 
  3926.03 8.1322e-15   3980.17 1 
  3928.74 6.7246e-15   3982.92 1 
  3931.46 6.4056e-15   3985.67 1 
  3934.17 6.3065e-15   3988.42 1 
  3936.88 6.5670e-15   3991.17 1 
  3939.59 7.0953e-15   3993.92 1 
  3942.31 8.5733e-15   3996.67 1 
  3945.02 8.6924e-15   3999.42 1 
  3947.73 8.2780e-15   4002.17 1 
  3950.44 8.7654e-15   4004.92 1 
  3953.16 8.5767e-15   4007.67 1 
  3955.87 8.9187e-15   4010.42 1 
  3958.58 8.6019e-15   4013.17 1 
  3961.29 7.1538e-15   4015.92 1 
  3964.01 6.2146e-15   4018.67 1 
  3966.72 5.4082e-15   4021.42 1 
  3969.43 4.9076e-15   4024.17 1 
  3972.14 5.9167e-15   4026.92 1 
  3974.86 6.7335e-15   4029.67 1 
  3977.57 8.0645e-15   4032.42 1 
  3980.28 8.5357e-15   4035.17 1 
  3982.99 9.0878e-15   4037.92 1 
  3985.71 9.1054e-15   4040.67 1 
  3988.42 9.9964e-15   4043.42 1 
  3991.13 1.0258e-14   4046.17 1 
  3993.84 9.1500e-15   4048.92 1 
  3996.56 1.0270e-14   4051.67 1 
  3999.27 9.8301e-15   4054.42 1 
  4001.98 1.0407e-14   4057.17 1 
  4004.70 1.0514e-14   4059.92 1 
  4007.41 1.0835e-14   4062.67 1 
  4010.12 1.0289e-14   4065.42 1 
  4012.83 1.0535e-14   4068.17 1 
  4015.55 1.1018e-14   4070.92 1 
  4018.26 1.0454e-14   4073.67 1 
  4020.97 1.1445e-14   4076.42 1 
  4023.68 1.1309e-14   4079.17 1 
  4026.40 1.1051e-14   4081.92 1 
  4029.11 1.1199e-14   4084.67 1 
  4031.82 1.0657e-14   4087.42 1 
  4034.53 1.0806e-14   4090.17 1 
  4037.25 1.1081e-14   4092.92 1 
  4039.96 1.0995e-14   4095.67 1 
  4042.67 1.1025e-14   4098.42 1 
  4045.38 1.0763e-14   4101.17 1 
  4048.10 1.0979e-14   4103.92 1 
  4050.81 1.0912e-14   4106.67 1 
  4053.52 1.0736e-14   4109.42 1 
  4056.23 1.1184e-14   4112.17 1 
  4058.95 1.1082e-14   4114.92 1 
  4061.66 1.1402e-14   4117.67 1 
  4064.37 1.0619e-14   4120.42 1 
  4067.08 1.0135e-14   4123.17 1 
  4069.80 1.0824e-14   4125.92 1 
  4072.51 1.0342e-14   4128.67 1 
  4075.22 1.0481e-14   4131.42 1 
  4077.94 9.7944e-15   4134.17 1 
  4080.65 1.0328e-14   4136.92 1 
  4083.36 1.0464e-14   4139.67 1 
  4086.07 1.0691e-14   4142.42 1 
  4088.79 1.0399e-14   4145.17 1 
  4091.50 1.0986e-14   4147.92 1 
  4094.21 9.6617e-15   4150.67 1 
  4096.92 9.3494e-15   4153.42 1 
  4099.64 9.1204e-15   4156.17 1 
  4102.35 8.8041e-15   4158.92 1 
  4105.06 9.0738e-15   4161.67 1 
  4107.77 9.4796e-15   4164.42 1 
  4110.49 1.0479e-14   4167.17 1 
  4113.20 1.1119e-14   4169.92 1 
  4115.91 1.0537e-14   4172.67 1 
  4118.62 1.0470e-14   4175.42 1 
  4121.34 1.1051e-14   4178.17 1 
  4124.05 1.0728e-14   4180.92 1 
  4126.76 1.0545e-14   4183.67 1 
  4129.47 1.0841e-14   4186.42 1 
  4132.19 1.0863e-14   4189.17 1 
  4134.90 1.1402e-14   4191.92 1 
  4137.61 1.1038e-14   4194.67 1 
  4140.32 1.0996e-14   4197.42 1 
  4143.04 1.1210e-14   4200.17 1 
  4145.75 1.1372e-14   4202.92 1 
  4148.46 1.1270e-14   4205.67 1 
  4151.18 1.0783e-14   4208.42 1 
  4153.89 1.0816e-14   4211.17 1 
  4156.60 1.1819e-14   4213.92 1 
  4159.31 1.1166e-14   4216.67 1 
  4162.03 1.1674e-14   4219.42 1 
  4164.74 1.0999e-14   4222.17 1 
  4167.45 1.1043e-14   4224.92 1 
  4170.16 1.0730e-14   4227.67 1 
  4172.88 1.1052e-14   4230.42 1 
  4175.59 1.0550e-14   4233.17 1 
  4178.30 1.0850e-14   4235.92 1 
  4181.01 1.0494e-14   4238.67 1 
  4183.73 1.0856e-14   4241.42 1 
  4186.44 1.1317e-14   4244.17 1 
  4189.15 1.1574e-14   4246.92 1 
  4191.86 1.0942e-14   4249.67 1 
  4194.58 1.1976e-14   4252.42 1 
  4197.29 1.1362e-14   4255.17 1 
  4200.00 1.0698e-14   4257.92 1 
  4202.71 1.0709e-14   4260.67 1 
  4205.43 1.1148e-14   4263.42 1 
  4208.14 1.0570e-14   4266.17 1 
  4210.85 1.1201e-14   4268.92 1 
  4213.56 1.0916e-14   4271.67 1 
  4216.28 1.1217e-14   4274.42 1 
  4218.99 1.1344e-14   4277.17 1 
  4221.70 1.1084e-14   4279.92 1 
  4224.42 1.1083e-14   4282.67 1 
  4227.13 1.0985e-14   4285.42 1 
  4229.84 1.1553e-14   4288.17 1 
  4232.55 1.1376e-14   4290.92 1 
  4235.27 1.1560e-14   4293.67 1 
  4237.98 1.1089e-14   4296.42 1 
  4240.69 1.1749e-14   4299.17 1 
  4243.40 1.1666e-14   4301.92 1 
  4246.12 1.1964e-14   4304.67 1 
  4248.83 1.1782e-14   4307.42 1 
  4251.54 1.1973e-14   4310.17 1 
  4254.25 1.1717e-14   4312.92 1 
  4256.97 1.1980e-14   4315.67 1 
  4259.68 1.1470e-14   4318.42 1 
  4262.39 1.1609e-14   4321.17 1 
  4265.10 1.2066e-14   4323.92 1 
  4267.82 1.1860e-14   4326.67 1 
  4270.53 1.1715e-14   4329.42 1 
  4273.24 1.1233e-14   4332.17 1 
  4275.95 1.1240e-14   4334.92 1 
  4278.67 1.2083e-14   4337.67 1 
  4281.38 1.2064e-14   4340.42 1 
  4284.09 1.1957e-14   4343.17 1 
  4286.80 1.2048e-14   4345.92 1 
  4289.52 1.0782e-14   4348.67 1 
  4292.23 1.1128e-14   4351.42 1 
  4294.94 1.0970e-14   4354.17 1 
  4297.66 1.0734e-14   4356.92 1 
  4300.37 1.0468e-14   4359.67 1 
  4303.08 1.0624e-14   4362.42 1 
  4305.79 1.0088e-14   4365.17 1 
  4308.51 1.0615e-14   4367.92 1 
  4311.22 1.0581e-14   4370.67 1 
  4313.93 1.1372e-14   4373.42 1 
  4316.64 1.1560e-14   4376.17 1 
  4319.36 1.2284e-14   4378.92 1 
  4322.07 1.1906e-14   4381.67 1 
  4324.78 1.1006e-14   4384.42 1 
  4327.49 1.1363e-14   4387.17 1 
  4330.21 1.1132e-14   4389.92 1 
  4332.92 1.1348e-14   4392.67 1 
  4335.63 1.1157e-14   4395.42 1 
  4338.34 1.0874e-14   4398.17 1 
  4341.06 1.0686e-14   4400.92 1 
  4343.77 1.0660e-14   4403.67 1 
  4346.48 1.1098e-14   4406.42 1 
  4349.19 1.1530e-14   4409.17 1 
  4351.91 1.1124e-14   4411.92 1 
  4354.62 1.1351e-14   4414.67 1 
  4357.33 1.1888e-14   4417.42 1 
  4360.04 1.1886e-14   4420.17 1 
  4362.76 1.2407e-14   4422.92 1 
  4365.47 1.2486e-14   4425.67 1 
  4368.18 1.2876e-14   4428.42 1 
  4370.90 1.2657e-14   4431.17 1 
  4373.61 1.2497e-14   4433.92 1 
  4376.32 1.2412e-14   4436.67 1 
  4379.03 1.2008e-14   4439.42 1 
  4381.75 1.2100e-14   4442.17 1 
  4384.46 1.2315e-14   4444.92 1 
  4387.17 1.2167e-14   4447.67 1 
  4389.88 1.1855e-14   4450.42 1 
  4392.60 1.2275e-14   4453.17 1 
  4395.31 1.2501e-14   4455.92 1 
  4398.02 1.2174e-14   4458.67 1 
  4400.73 1.2550e-14   4461.42 1 
  4403.45 1.2235e-14   4464.17 1 
  4406.16 1.2569e-14   4466.92 1 
  4408.87 1.2619e-14   4469.67 1 
  4411.58 1.2403e-14   4472.42 1 
  4414.30 1.2713e-14   4475.17 1 
  4417.01 1.2735e-14   4477.92 1 
  4419.72 1.2794e-14   4480.67 1 
  4422.43 1.3188e-14   4483.42 1 
  4425.15 1.2942e-14   4486.17 1 
  4427.86 1.3207e-14   4488.92 1 
  4430.57 1.3099e-14   4491.67 1 
  4433.28 1.2421e-14   4494.42 1 
  4436.00 1.2734e-14   4497.17 1 
  4438.71 1.3069e-14   4499.92 1 
  4441.42 1.3461e-14   4502.67 1 
  4444.14 1.2859e-14   4505.42 1 
  4446.85 1.3323e-14   4508.17 1 
  4449.56 1.3558e-14   4510.92 1 
  4452.27 1.3172e-14   4513.67 1 
  4454.99 1.2957e-14   4516.42 1 
  4457.70 1.3264e-14   4519.17 1 
  4460.41 1.3077e-14   4521.92 1 
  4463.12 1.2708e-14   4524.67 1 
  4465.84 1.2992e-14   4527.42 1 
  4468.55 1.3073e-14   4530.17 1 
  4471.26 1.3300e-14   4532.92 1 
  4473.97 1.3271e-14   4535.67 1 
  4476.69 1.3710e-14   4538.42 1 
  4479.40 1.3619e-14   4541.17 1 
  4482.11 1.3415e-14   4543.92 1 
  4484.82 1.3503e-14   4546.67 1 
  4487.54 1.3719e-14   4549.42 1 
  4490.25 1.3708e-14   4552.17 1 
  4492.96 1.3992e-14   4554.92 1 
  4495.67 1.3992e-14   4557.67 1 
  4498.39 1.3890e-14   4560.42 1 
  4501.10 1.4344e-14   4563.17 1 
  4503.81 1.4987e-14   4565.92 1 
  4506.52 1.4743e-14   4568.67 1 
  4509.24 1.4603e-14   4571.42 1 
  4511.95 1.4391e-14   4574.17 1 
  4514.66 1.4392e-14   4576.92 1 
  4517.38 1.4228e-14   4579.67 1 
  4520.09 1.3900e-14   4582.42 1 
  4522.80 1.3447e-14   4585.17 1 
  4525.51 1.3299e-14   4587.92 1 
  4528.23 1.3390e-14   4590.67 1 
  4530.94 1.3383e-14   4593.42 1 
  4533.65 1.3492e-14   4596.17 1 
  4536.36 1.4094e-14   4598.92 1 
  4539.08 1.4045e-14   4601.67 1 
  4541.79 1.4032e-14   4604.42 1 
  4544.50 1.3996e-14   4607.17 1 
  4547.21 1.4057e-14   4609.92 1 
  4549.93 1.3962e-14   4612.67 1 
  4552.64 1.3660e-14   4615.42 1 
  4555.35 1.4231e-14   4618.17 1 
  4558.06 1.4654e-14   4620.92 1 
  4560.78 1.4482e-14   4623.67 1 
  4563.49 1.4383e-14   4626.42 1 
  4566.20 1.4627e-14   4629.17 1 
  4568.91 1.4722e-14   4631.92 1 
  4571.63 1.4832e-14   4634.67 1 
  4574.34 1.4911e-14   4637.42 1 
  4577.05 1.4120e-14   4640.17 1 
  4579.76 1.4031e-14   4642.92 1 
  4582.48 1.4566e-14   4645.67 1 
  4585.19 1.4436e-14   4648.42 1 
  4587.90 1.4494e-14   4651.17 1 
  4590.62 1.4732e-14   4653.92 1 
  4593.33 1.4807e-14   4656.67 1 
  4596.04 1.4745e-14   4659.42 1 
  4598.75 1.4609e-14   4662.17 1 
  4601.47 1.4569e-14   4664.92 1 
  4604.18 1.4716e-14   4667.67 1 
  4606.89 1.5044e-14   4670.42 1 
  4609.60 1.5254e-14   4673.17 1 
  4612.32 1.5226e-14   4675.92 1 
  4615.03 1.5022e-14   4678.67 1 
  4617.74 1.4963e-14   4681.42 1 
  4620.45 1.4992e-14   4684.17 1 
  4623.17 1.5277e-14   4686.92 1 
  4625.88 1.5309e-14   4689.67 1 
  4628.59 1.5308e-14   4692.42 1 
  4631.30 1.4798e-14   4695.17 1 
  4634.02 1.4494e-14   4697.92 1 
  4636.73 1.4506e-14   4700.67 1 
  4639.44 1.5185e-14   4703.42 1 
  4642.15 1.5153e-14   4706.17 1 
  4644.87 1.4500e-14   4708.92 1 
  4647.58 1.4682e-14   4711.67 1 
  4650.29 1.4664e-14   4714.42 1 
  4653.00 1.4665e-14   4717.17 1 
  4655.72 1.4904e-14   4719.92 1 
  4658.43 1.5037e-14   4722.67 1 
  4661.14 1.4936e-14   4725.42 1 
  4663.86 1.4558e-14   4728.17 1 
  4666.57 1.3957e-14   4730.92 1 
  4669.28 1.4369e-14   4733.67 1 
  4671.99 1.4152e-14   4736.42 1 
  4674.71 1.4886e-14   4739.17 1 
  4677.42 1.5132e-14   4741.92 1 
  4680.13 1.4795e-14   4744.67 1 
  4682.84 1.4896e-14   4747.42 1 
  4685.56 1.5182e-14   4750.17 1 
  4688.27 1.4982e-14   4752.92 1 
  4690.98 1.4673e-14   4755.67 1 
  4693.69 1.4471e-14   4758.42 1 
  4696.41 1.4615e-14   4761.17 1 
  4699.12 1.4588e-14   4763.92 1 
  4701.83 1.4630e-14   4766.67 1 
  4704.54 1.4627e-14   4769.42 1 
  4707.26 1.4591e-14   4772.17 1 
  4709.97 1.4368e-14   4774.92 1 
  4712.68 1.4645e-14   4777.67 1 
  4715.39 1.5000e-14   4780.42 1 
  4718.11 1.5430e-14   4783.17 1 
  4720.82 1.5348e-14   4785.92 1 
  4723.53 1.5169e-14   4788.67 1 
  4726.25 1.5063e-14   4791.42 1 
  4728.96 1.4792e-14   4794.17 1 
  4731.67 1.4968e-14   4796.92 1 
  4734.38 1.4953e-14   4799.67 1 
  4737.10 1.4790e-14   4802.42 1 
  4739.81 1.5231e-14   4805.17 1 
  4742.52 1.5090e-14   4807.92 1 
  4745.23 1.5206e-14   4810.67 1 
  4747.95 1.5074e-14   4813.42 1 
  4750.66 1.5194e-14   4816.17 1 
  4753.37 1.5612e-14   4818.92 1 
  4756.08 1.5254e-14   4821.67 1 
  4758.80 1.4790e-14   4824.42 1 
  4761.51 1.4666e-14   4827.17 1 
  4764.22 1.5009e-14   4829.92 1 
  4766.93 1.4230e-14   4832.67 1 
  4769.65 1.5021e-14   4835.42 1 
  4772.36 1.5248e-14   4838.17 1 
  4775.07 1.5504e-14   4840.92 1 
  4777.78 1.4964e-14   4843.67 1 
  4780.50 1.5001e-14   4846.42 1 
  4783.21 1.4946e-14   4849.17 1 
  4785.92 1.5170e-14   4851.92 1 
  4788.63 1.5024e-14   4854.67 1 
  4791.35 1.5238e-14   4857.42 1 
  4794.06 1.5451e-14   4860.17 1 
  4796.77 1.5560e-14   4862.92 1 
  4799.49 1.5247e-14   4865.67 1 
  4802.20 1.5476e-14   4868.42 1 
  4804.91 1.5272e-14   4871.17 1 
  4807.62 1.5366e-14   4873.92 1 
  4810.34 1.5522e-14   4876.67 1 
  4813.05 1.5435e-14   4879.42 1 
  4815.76 1.5353e-14   4882.17 1 
  4818.47 1.5494e-14   4884.92 1 
  4821.19 1.5504e-14   4887.67 1 
  4823.90 1.5097e-14   4890.42 1 
  4826.61 1.5254e-14   4893.17 1 
  4829.32 1.5581e-14   4895.92 1 
  4832.04 1.5377e-14   4898.67 1 
  4834.75 1.5050e-14   4901.42 1 
  4837.46 1.5149e-14   4904.17 1 
  4840.17 1.4722e-14   4906.92 1 
  4842.89 1.4833e-14   4909.67 1 
  4845.60 1.4879e-14   4912.42 1 
  4848.31 1.4623e-14   4915.17 1 
  4851.02 1.3955e-14   4917.92 1 
  4853.74 1.4216e-14   4920.67 1 
  4856.45 1.4859e-14   4923.42 1 
  4859.16 1.6024e-14   4926.17 1 
  4861.87 1.6400e-14   4928.92 1 
  4864.59 1.5527e-14   4931.67 1 
  4867.30 1.4297e-14   4934.42 1 
  4870.01 1.3428e-14   4937.17 1 
  4872.73 1.3403e-14   4939.92 1 
  4875.44 1.4007e-14   4942.67 1 
  4878.15 1.4146e-14   4945.42 1 
  4880.86 1.4172e-14   4948.17 1 
  4883.58 1.4394e-14   4950.92 1 
  4886.29 1.4415e-14   4953.67 1 
  4889.00 1.4366e-14   4956.42 1 
  4891.71 1.4337e-14   4959.17 1 
  4894.43 1.5138e-14   4961.92 1 
  4897.14 1.5385e-14   4964.67 1 
  4899.85 1.5478e-14   4967.42 1 
  4902.56 1.5506e-14   4970.17 1 
  4905.28 1.5194e-14   4972.92 1 
  4907.99 1.5663e-14   4975.67 1 
  4910.70 1.4899e-14   4978.42 1 
  4913.41 1.5182e-14   4981.17 1 
  4916.13 1.5162e-14   4983.92 1 
  4918.84 1.4266e-14   4986.67 1 
  4921.55 1.4686e-14   4989.42 1 
  4924.26 1.4642e-14   4992.17 1 
  4926.98 1.4595e-14   4994.92 1 
  4929.69 1.5316e-14   4997.67 1 
  4932.40 1.5807e-14   5000.42 1 
  4935.11 1.5024e-14   5003.17 1 
  4937.83 1.5419e-14   5005.92 1 
  4940.54 1.5251e-14   5008.67 1 
  4943.25 1.5350e-14   5011.42 1 
  4945.97 1.6035e-14   5014.17 1 
  4948.68 1.5651e-14   5016.92 1 
  4951.39 1.5838e-14   5019.67 1 
  4954.10 1.6007e-14   5022.42 1 
  4956.82 1.5742e-14   5025.17 1 
  4959.53 1.5684e-14   5027.92 1 
  4962.24 1.6126e-14   5030.67 1 
  4964.95 1.5582e-14   5033.42 1 
  4967.67 1.5600e-14   5036.17 1 
  4970.38 1.5661e-14   5038.92 1 
  4973.09 1.5750e-14   5041.67 1 
  4975.80 1.5594e-14   5044.42 1 
  4978.52 1.5395e-14   5047.17 1 
  4981.23 1.4863e-14   5049.92 1 
  4983.94 1.4598e-14   5052.67 1 
  4986.65 1.4787e-14   5055.42 1 
  4989.37 1.4772e-14   5058.17 1 
  4992.08 1.4751e-14   5060.92 1 
  4994.79 1.5308e-14   5063.67 1 
  4997.50 1.5774e-14   5066.42 1 
  5000.22 1.5648e-14   5069.17 1 
  5002.93 1.5820e-14   5071.92 1 
  5005.64 1.6408e-14   5074.67 1 
  5008.35 1.6646e-14   5077.42 1 
  5011.07 1.5808e-14   5080.17 1 
  5013.78 1.5069e-14   5082.92 1 
  5016.49 1.4939e-14   5085.67 1 
  5019.21 1.4775e-14   5088.42 1 
  5021.92 1.4693e-14   5091.17 1 
  5024.63 1.4775e-14   5093.92 1 
  5027.34 1.5056e-14   5096.67 1 
  5030.06 1.5482e-14   5099.42 1 
  5032.77 1.5938e-14   5102.17 1 
  5035.48 1.4833e-14   5104.92 1 
  5038.19 1.5116e-14   5107.67 1 
  5040.91 1.4639e-14   5110.42 1 
  5043.62 1.5097e-14   5113.17 1 
  5046.33 1.5388e-14   5115.92 1 
  5049.04 1.5529e-14   5118.67 1 
  5051.76 1.5602e-14   5121.42 1 
  5054.47 1.5619e-14   5124.17 1 
  5057.18 1.5981e-14   5126.92 1 
  5059.89 1.6230e-14   5129.67 1 
  5062.61 1.5890e-14   5132.42 1 
  5065.32 1.6008e-14   5135.17 1 
  5068.03 1.5659e-14   5137.92 1 
  5070.74 1.5724e-14   5140.67 1 
  5073.46 1.5927e-14   5143.42 1 
  5076.17 1.5516e-14   5146.17 1 
  5078.88 1.5506e-14   5148.92 1 
  5081.59 1.4765e-14   5151.67 1 
  5084.31 1.5182e-14   5154.42 1 
  5087.02 1.5816e-14   5157.17 1 
  5089.73 1.6025e-14   5159.92 1 
  5092.45 1.5799e-14   5162.67 1 
  5095.16 1.5834e-14   5165.42 1 
  5097.87 1.5382e-14   5168.17 1 
  5100.58 1.5370e-14   5170.92 1 
  5103.30 1.5664e-14   5173.67 1 
  5106.01 1.5676e-14   5176.42 1 
  5108.72 1.5664e-14   5179.17 1 
  5111.43 1.5757e-14   5181.92 1 
  5114.15 1.5888e-14   5184.67 1 
  5116.86 1.6042e-14   5187.42 1 
  5119.57 1.6072e-14   5190.17 1 
  5122.28 1.5942e-14   5192.92 1 
  5125.00 1.5583e-14   5195.67 1 
  5127.71 1.5534e-14   5198.42 1 
  5130.42 1.5388e-14   5201.17 1 
  5133.13 1.5543e-14   5203.92 1 
  5135.85 1.5513e-14   5206.67 1 
  5138.56 1.5344e-14   5209.42 1 
  5141.27 1.5322e-14   5212.17 1 
  5143.98 1.5322e-14   5214.92 1 
  5146.70 1.5787e-14   5217.67 1 
  5149.41 1.5453e-14   5220.42 1 
  5152.12 1.5537e-14   5223.17 1 
  5154.83 1.5187e-14   5225.92 1 
  5157.55 1.5599e-14   5228.67 1 
  5160.26 1.5631e-14   5231.42 1 
  5162.97 1.5507e-14   5234.17 1 
  5165.69 1.4437e-14   5236.92 1 
  5168.40 1.3954e-14   5239.67 1 
  5171.11 1.3808e-14   5242.42 1 
  5173.82 1.4336e-14   5245.17 1 
  5176.54 1.4654e-14   5247.92 1 
  5179.25 1.5427e-14   5250.67 1 
  5181.96 1.4874e-14   5253.42 1 
  5184.67 1.4945e-14   5256.17 1 
  5187.39 1.5087e-14   5258.92 1 
  5190.10 1.5315e-14   5261.67 1 
  5192.81 1.5493e-14   5264.42 1 
  5195.52 1.6206e-14   5267.17 1 
  5198.24 1.6010e-14   5269.92 1 
  5200.95 1.6088e-14   5272.67 1 
  5203.66 1.5253e-14   5275.42 1 
  5206.37 1.5105e-14   5278.17 1 
  5209.09 1.4978e-14   5280.92 1 
  5211.80 1.5797e-14   5283.67 1 
  5214.51 1.5674e-14   5286.42 1 
  5217.22 1.6036e-14   5289.17 1 
  5219.94 1.6040e-14   5291.92 1 
  5222.65 1.5891e-14   5294.67 1 
  5225.36 1.5557e-14   5297.42 1 
  5228.07 1.5714e-14   5300.17 1 
  5230.79 1.5815e-14   5302.92 1 
  5233.50 1.5776e-14   5305.67 1 
  5236.21 1.6191e-14   5308.42 1 
  5238.93 1.6665e-14   5311.17 1 
  5241.64 1.6583e-14   5313.92 1 
  5244.35 1.6646e-14   5316.67 1 
  5247.06 1.6281e-14   5319.42 1 
  5249.78 1.6482e-14   5322.17 1 
  5252.49 1.6127e-14   5324.92 1 
  5255.20 1.6672e-14   5327.67 1 
  5257.91 1.6428e-14   5330.42 1 
  5260.63 1.6209e-14   5333.17 1 
  5263.34 1.5696e-14   5335.92 1 
  5266.05 1.5112e-14   5338.67 1 
  5268.76 1.5486e-14   5341.42 1 
  5271.48 1.5264e-14   5344.17 1 
  5274.19 1.5685e-14   5346.92 1 
  5276.90 1.6330e-14   5349.67 1 
  5279.61 1.6710e-14   5352.42 1 
  5282.33 1.6859e-14   5355.17 1 
  5285.04 1.7012e-14   5357.92 1 
  5287.75 1.7444e-14   5360.67 1 
  5290.46 1.7569e-14   5363.42 1 
  5293.18 1.7410e-14   5366.17 1 
  5295.89 1.7344e-14   5368.92 1 
  5298.60 1.6746e-14   5371.67 1 
  5301.31 1.7040e-14   5374.42 1 
  5304.03 1.7212e-14   5377.17 1 
  5306.74 1.7372e-14   5379.92 1 
  5309.45 1.7812e-14   5382.67 1 
  5312.17 1.7430e-14   5385.42 1 
  5314.88 1.7752e-14   5388.17 1 
  5317.59 1.7808e-14   5390.92 1 
  5320.30 1.7248e-14   5393.67 1 
  5323.02 1.6650e-14   5396.42 1 
  5325.73 1.6809e-14   5399.17 1 
  5328.44 1.6354e-14   5401.92 1 
  5331.15 1.6655e-14   5404.67 1 
  5333.87 1.7190e-14   5407.42 1 
  5336.58 1.6704e-14   5410.17 1 
  5339.29 1.7242e-14   5412.92 1 
  5342.00 1.7163e-14   5415.67 1 
  5344.72 1.7506e-14   5418.42 1 
  5347.43 1.7462e-14   5421.17 1 
  5350.14 1.7191e-14   5423.92 1 
  5352.85 1.7665e-14   5426.67 1 
  5355.57 1.7613e-14   5429.42 1 
  5358.28 1.7629e-14   5432.17 1 
  5360.99 1.7788e-14   5434.92 1 
  5363.70 1.7448e-14   5437.67 1 
  5366.42 1.6915e-14   5440.42 1 
  5369.13 1.7240e-14   5443.17 1 
  5371.84 1.6946e-14   5445.92 1 
  5374.55 1.7526e-14   5448.67 1 
  5377.27 1.7893e-14   5451.42 1 
  5379.98 1.7914e-14   5454.17 1 
  5382.69 1.7607e-14   5456.92 1 
  5385.41 1.7703e-14   5459.67 1 
  5388.12 1.7334e-14   5462.42 1 
  5390.83 1.7398e-14   5465.17 1 
  5393.54 1.7477e-14   5467.92 1 
  5396.26 1.6885e-14   5470.67 1 
  5398.97 1.6948e-14   5473.42 1 
  5401.68 1.7053e-14   5476.17 1 
  5404.39 1.6989e-14   5478.92 1 
  5407.11 1.6677e-14   5481.67 1 
  5409.82 1.6654e-14   5484.42 1 
  5412.53 1.7582e-14   5487.17 1 
  5415.24 1.7671e-14   5489.92 1 
  5417.96 1.7931e-14   5492.67 1 
  5420.67 1.7873e-14   5495.42 1 
  5423.38 1.7820e-14   5498.17 1 
  5426.09 1.7287e-14   5500.92 1 
  5428.81 1.7038e-14   5503.67 1 
  5431.52 1.7688e-14   5506.42 1 
  5434.23 1.7670e-14   5509.17 1 
  5436.94 1.7721e-14   5511.92 1 
  5439.66 1.7668e-14   5514.67 1 
  5442.37 1.7917e-14   5517.42 1 
  5445.08 1.7447e-14   5520.17 1 
  5447.79 1.7690e-14   5522.92 1 
  5450.51 1.7627e-14   5525.67 1 
  5453.22 1.7356e-14   5528.42 1 
  5455.93 1.7753e-14   5531.17 1 
  5458.65 1.7289e-14   5533.92 1 
  5461.36 1.7913e-14   5536.67 1 
  5464.07 1.7643e-14   5539.42 1 
  5466.78 1.7697e-14   5542.17 1 
  5469.50 1.7544e-14   5544.92 1 
  5472.21 1.7823e-14   5547.67 1 
  5474.92 1.7088e-14   5550.42 1 
  5477.63 1.6375e-14   5553.17 1 
  5480.35 1.6833e-14   5555.92 1 
  5483.06 1.7417e-14   5558.67 1 
  5485.77 1.6844e-14   5561.42 1 
  5488.48 1.6881e-14   5564.17 1 
  5491.20 1.7506e-14   5566.92 1 
  5493.91 1.7666e-14   5569.67 1 
  5496.62 1.7148e-14   5572.42 1 
  5499.33 1.7577e-14   5575.17 1 
  5502.05 1.6958e-14   5577.92 1 
  5504.76 1.7397e-14   5580.67 1 
  5507.47 1.7076e-14   5583.42 1 
  5510.18 1.6261e-14   5586.17 1 
  5512.90 1.6752e-14   5588.92 1 
  5515.61 1.7658e-14   5591.67 1 
  5518.32 1.7282e-14   5594.42 1 
  5521.03 1.7271e-14   5597.17 1 
  5523.75 1.7169e-14   5599.92 1 
  5526.46 1.7500e-14   5602.67 1 
  5529.17 1.7223e-14   5605.42 1 
  5531.89 1.7870e-14   5608.17 1 
  5534.60 1.7842e-14   5610.92 1 
  5537.31 1.8083e-14   5613.67 1 
  5540.02 1.7848e-14   5616.42 1 
  5542.74 1.8380e-14   5619.17 1 
  5545.45 1.7901e-14   5621.92 1 
  5548.16 1.8342e-14   5624.67 1 
  5550.87 1.7851e-14   5627.42 1 
  5553.59 1.8999e-14   5630.17 1 
  5556.30 1.8525e-14   5632.92 1 
  5559.01 1.8040e-14   5635.67 1 
  5561.72 1.8531e-14   5638.42 1 
  5564.44 1.8295e-14   5641.17 1 
  5567.15 1.8152e-14   5643.92 1 
  5569.86 1.7860e-14   5646.67 1 
  5572.57 1.7671e-14   5649.42 1 
  5575.29 1.8280e-14   5652.17 1 
  5578.00 1.8159e-14   5654.92 1 
  5580.71 1.7985e-14   5657.67 1 
  5583.42 1.8179e-14   5660.42 1 
  5586.14 1.8227e-14   5663.17 1 
  5588.85 1.7756e-14   5665.92 1 
  5591.56 1.7803e-14   5668.67 1 
  5594.27 1.7698e-14   5671.42 1 
  5596.99 1.7651e-14   5674.17 1 
  5599.70 1.7630e-14   5676.92 1 
  5602.41 1.8378e-14   5679.67 1 
  5605.13 1.8225e-14   5682.42 1 
  5607.84 1.8278e-14   5685.17 1 
  5610.55 1.8291e-14   5687.92 1 
  5613.26 1.8039e-14   5690.67 1 
  5615.98 1.7725e-14   5693.42 1 
  5618.69 1.7574e-14   5696.17 1 
  5621.40 1.8155e-14   5698.92 1 
  5624.11 1.7948e-14   5701.67 1 
  5626.83 1.8375e-14   5704.42 1 
  5629.54 1.8537e-14   5707.17 1 
  5632.25 1.8106e-14   5709.92 1 
  5634.96 1.8216e-14   5712.67 1 
  5637.68 1.8583e-14   5715.42 1 
  5640.39 1.8047e-14   5718.17 1 
  5643.10 1.8268e-14   5720.92 1 
  5645.81 1.8079e-14   5723.67 1 
  5648.53 1.8385e-14   5726.42 1 
  5651.24 1.8054e-14   5729.17 1 
  5653.95 1.7921e-14   5731.92 1 
  5656.66 1.8208e-14   5734.67 1 
  5659.38 1.7977e-14   5737.42 1 
  5662.09 1.7969e-14   5740.17 1 
  5664.80 1.8163e-14   5742.92 1 
  5667.51 1.8355e-14   5745.67 1 
  5670.23 1.8462e-14   5748.42 1 
  5672.94 1.8478e-14   5751.17 1 
  5675.65 1.8582e-14   5753.92 1 
  5678.37 1.8360e-14   5756.67 1 
  5681.08 1.8121e-14   5759.42 1 
  5683.79 1.8303e-14   5762.17 1 
  5686.50 1.8176e-14   5764.92 1 
  5689.22 1.8174e-14   5767.67 1 
  5691.93 1.8415e-14   5770.42 1 
  5694.64 1.8175e-14   5773.17 1 
  5697.35 1.8246e-14   5775.92 1 
  5700.07 1.8445e-14   5778.67 1 
  5702.78 1.7928e-14   5781.42 1 
  5705.49 1.7837e-14   5784.17 1 
  5708.20 1.7591e-14   5786.92 1 
  5710.92 1.8116e-14   5789.67 1 
  5713.63 1.8305e-14   5792.42 1 
  5716.34 1.8112e-14   5795.17 1 
  5719.05 1.8794e-14   5797.92 1 
  5721.77 1.8860e-14   5800.67 1 
  5724.48 1.8463e-14   5803.42 1 
  5727.19 1.8653e-14   5806.17 1 
  5729.90 1.9054e-14   5808.92 1 
  5732.62 1.9065e-14   5811.67 1 
  5735.33 1.8915e-14   5814.42 1 
  5738.04 1.8964e-14   5817.17 1 
  5740.75 1.8847e-14   5819.92 1 
  5743.47 1.9086e-14   5822.67 1 
  5746.18 1.8986e-14   5825.42 1 
  5748.89 1.9223e-14   5828.17 1 
  5751.61 1.8960e-14   5830.92 1 
  5754.32 1.9207e-14   5833.67 1 
  5757.03 1.9267e-14   5836.42 1 
  5759.74 1.9094e-14   5839.17 1 
  5762.46 1.9121e-14   5841.92 1 
  5765.17 1.8862e-14   5844.67 1 
  5767.88 1.8929e-14   5847.42 1 
  5770.59 1.9077e-14   5850.17 1 
  5773.31 1.8928e-14   5852.92 1 
  5776.02 1.8417e-14   5855.67 1 
  5778.73 1.8371e-14   5858.42 1 
  5781.44 1.8467e-14   5861.17 1 
  5784.16 1.7743e-14   5863.92 1 
  5786.87 1.7870e-14   5866.67 1 
  5789.58 1.8026e-14   5869.42 1 
  5792.29 1.8282e-14   5872.17 1 
  5795.01 1.8206e-14   5874.92 1 
  5797.72 1.8753e-14   5877.67 1 
  5800.43 1.8645e-14   5880.42 1 
  5803.14 1.9224e-14   5883.17 1 
  5805.86 1.8988e-14   5885.92 1 
  5808.57 1.8968e-14   5888.67 1 
  5811.28 1.8891e-14   5891.42 1 
  5813.99 1.9186e-14   5894.17 1 
  5816.71 1.8866e-14   5896.92 1 
  5819.42 1.8773e-14   5899.67 1 
  5822.13 1.8861e-14   5902.42 1 
  5824.85 1.8907e-14   5905.17 1 
  5827.56 1.9188e-14   5907.92 1 
  5830.27 1.9677e-14   5910.67 1 
  5832.98 1.9385e-14   5913.42 1 
  5835.70 1.9031e-14   5916.17 1 
  5838.41 1.8928e-14   5918.92 1 
  5841.12 1.9344e-14   5921.67 1 
  5843.83 1.9032e-14   5924.42 1 
  5846.55 1.8882e-14   5927.17 1 
  5849.26 1.9053e-14   5929.92 1 
  5851.97 1.8688e-14   5932.67 1 
  5854.68 1.7829e-14   5935.42 1 
  5857.40 1.8313e-14   5938.17 1 
  5860.11 1.8534e-14   5940.92 1 
  5862.82 1.8994e-14   5943.67 1 
  5865.53 1.8879e-14   5946.42 1 
  5868.25 1.9318e-14   5949.17 1 
  5870.96 1.9655e-14   5951.92 1 
  5873.67 1.9681e-14   5954.67 1 
  5876.38 1.9810e-14   5957.42 1 
  5879.10 2.0329e-14   5960.17 1 
  5881.81 1.8713e-14   5962.92 1 
  5884.52 1.7756e-14   5965.67 1 
  5887.23 1.5689e-14   5968.42 1 
  5889.95 1.3850e-14   5971.17 1 
  5892.66 1.3133e-14   5973.92 1 
  5895.37 1.3900e-14   5976.67 1 
  5898.09 1.4520e-14   5979.42 1 
  5900.80 1.6593e-14   5982.17 1 
  5903.51 1.7602e-14   5984.92 1 
  5906.22 1.8573e-14   5987.67 1 
  5908.94 1.8767e-14   5990.42 1 
  5911.65 1.8784e-14   5993.17 1 
  5914.36 1.9080e-14   5995.92 1 
  5917.07 1.8025e-14   5998.67 1 
  5919.79 1.9081e-14   6001.42 1 
  5922.50 1.8737e-14   6004.17 1 
  5925.21 1.8630e-14   6006.92 1 
  5927.92 1.8463e-14   6009.67 1 
  5930.64 1.8898e-14   6012.42 1 
  5933.35 1.8503e-14   6015.17 1 
  5936.06 1.8588e-14   6017.92 1 
  5938.77 1.9021e-14   6020.67 1 
  5941.49 1.8856e-14   6023.42 1 
  5944.20 1.8659e-14   6026.17 1 
  5946.91 1.8464e-14   6028.92 1 
  5949.62 1.8523e-14   6031.67 1 
  5952.34 1.8536e-14   6034.42 1 
  5955.05 1.8789e-14   6037.17 1 
  5957.76 1.8735e-14   6039.92 1 
  5960.47 1.9380e-14   6042.67 1 
  5963.19 1.9312e-14   6045.42 1 
  5965.90 1.9109e-14   6048.17 1 
  5968.61 1.9060e-14   6050.92 1 
  5971.33 1.8934e-14   6053.67 1 
  5974.04 1.9008e-14   6056.42 1 
  5976.75 1.8691e-14   6059.17 1 
  5979.46 1.8974e-14   6061.92 1 
  5982.18 1.9067e-14   6064.67 1 
  5984.89 1.8920e-14   6067.42 1 
  5987.60 1.8814e-14   6070.17 1 
  5990.31 1.8495e-14   6072.92 1 
  5993.03 1.8547e-14   6075.67 1 
  5995.74 1.9034e-14   6078.42 1 
  5998.45 1.8862e-14   6081.17 1 
  6001.16 1.8601e-14   6083.92 1 
  6003.88 1.9026e-14   6086.67 1 
  6006.59 1.8535e-14   6089.42 1 
  6009.30 1.8202e-14   6092.17 1 
  6012.01 1.8839e-14   6094.92 1 
  6014.73 1.9320e-14   6097.67 1 
  6017.44 1.8796e-14   6100.42 1 
  6020.15 1.8700e-14   6103.17 1 
  6022.86 1.9144e-14   6105.92 1 
  6025.58 1.8916e-14   6108.67 1 
  6028.29 1.9057e-14   6111.42 1 
  6031.00 1.8987e-14   6114.17 1 
  6033.71 1.8997e-14   6116.92 1 
  6036.43 1.9110e-14   6119.67 1 
  6039.14 1.9208e-14   6122.42 1 
  6041.85 1.9447e-14   6125.17 1 
  6044.57 1.9268e-14   6127.92 1 
  6047.28 1.9076e-14   6130.67 1 
  6049.99 1.9056e-14   6133.42 1 
  6052.70 1.9387e-14   6136.17 1 
  6055.42 1.9389e-14   6138.92 1 
  6058.13 1.9317e-14   6141.67 1 
  6060.84 1.9175e-14   6144.42 1 
  6063.55 1.9174e-14   6147.17 1 
  6066.27 1.9346e-14   6149.92 1 
  6068.98 1.9131e-14   6152.67 1 
  6071.69 1.9259e-14   6155.42 1 
  6074.40 1.9513e-14   6158.17 1 
  6077.12 1.9410e-14   6160.92 1 
  6079.83 1.9069e-14   6163.67 1 
  6082.54 1.8879e-14   6166.42 1 
  6085.25 1.8892e-14   6169.17 1 
  6087.97 1.8895e-14   6171.92 1 
  6090.68 1.8673e-14   6174.67 1 
  6093.39 1.8598e-14   6177.42 1 
  6096.10 1.8393e-14   6180.17 1 
  6098.82 1.8614e-14   6182.92 1 
  6101.53 1.9018e-14   6185.67 1 
  6104.24 1.8878e-14   6188.42 1 
  6106.96 1.8927e-14   6191.17 1 
  6109.67 1.9053e-14   6193.92 1 
  6112.38 1.9129e-14   6196.67 1 
  6115.09 1.8897e-14   6199.42 1 
  6117.81 1.8860e-14   6202.17 1 
  6120.52 1.8877e-14   6204.92 1 
  6123.23 1.8983e-14   6207.67 1 
  6125.94 1.8903e-14   6210.42 1 
  6128.66 1.8688e-14   6213.17 1 
  6131.37 1.8677e-14   6215.92 1 
  6134.08 1.8932e-14   6218.67 1 
  6136.79 1.8664e-14   6221.42 1 
  6139.51 1.8773e-14   6224.17 1 
  6142.22 1.8724e-14   6226.92 1 
  6144.93 1.9159e-14   6229.67 1 
  6147.64 1.9440e-14   6232.42 1 
  6150.36 1.8758e-14   6235.17 1 
  6153.07 1.8387e-14   6237.92 1 
  6155.78 1.8320e-14   6240.67 1 
  6158.49 1.7857e-14   6243.42 1 
  6161.21 1.8074e-14   6246.17 1 
  6163.92 1.7978e-14   6248.92 1 
  6166.63 1.8019e-14   6251.67 1 
  6169.34 1.8470e-14   6254.42 1 
  6172.06 1.9006e-14   6257.17 1 
  6174.77 1.8583e-14   6259.92 1 
  6177.48 1.7715e-14   6262.67 1 
  6180.20 1.8507e-14   6265.42 1 
  6182.91 1.8661e-14   6268.17 1 
  6185.62 1.8807e-14   6270.92 1 
  6188.33 1.8610e-14   6273.67 1 
  6191.05 1.8736e-14   6276.42 1 
  6193.76 1.8671e-14   6279.17 1 
  6196.47 1.9190e-14   6281.92 1 
  6199.18 1.8881e-14   6284.67 1 
  6201.90 1.8887e-14   6287.42 1 
  6204.61 1.9098e-14   6290.17 1 
  6207.32 1.9354e-14   6292.92 1 
  6210.03 1.8850e-14   6295.67 1 
  6212.75 1.8862e-14   6298.42 1 
  6215.46 1.8766e-14   6301.17 1 
  6218.17 1.8884e-14   6303.92 1 
  6220.88 1.8249e-14   6306.67 1 
  6223.60 1.8310e-14   6309.42 1 
  6226.31 1.8577e-14   6312.17 1 
  6229.02 1.8686e-14   6314.92 1 
  6231.73 1.8538e-14   6317.67 1 
  6234.45 1.8099e-14   6320.42 1 
  6237.16 1.8525e-14   6323.17 1 
  6239.87 1.8530e-14   6325.92 1 
  6242.58 1.8066e-14   6328.67 1 
  6245.30 1.7686e-14   6331.42 1 
  6248.01 1.8005e-14   6334.17 1 
  6250.72 1.8272e-14   6336.92 1 
  6253.44 1.7828e-14   6339.67 1 
  6256.15 1.8812e-14   6342.42 1 
  6258.86 1.8120e-14   6345.17 1 
  6261.57 1.8529e-14   6347.92 1 
  6264.29 1.8451e-14   6350.67 1 
  6267.00 1.8891e-14   6353.42 1 
  6269.71 1.8333e-14   6356.17 1 
  6272.42 1.8401e-14   6358.92 1 
  6275.14 1.7997e-14   6361.67 1 
  6277.85 1.8885e-14   6364.42 1 
  6280.56 1.8511e-14   6367.17 1 
  6283.27 1.8153e-14   6369.92 1 
  6285.99 1.8420e-14   6372.67 1 
  6288.70 1.8813e-14   6375.42 1 
  6291.41 1.8840e-14   6378.17 1 
  6294.12 1.9221e-14   6380.92 1 
  6296.84 1.9337e-14   6383.67 1 
  6299.55 1.9943e-14   6386.42 1 
  6302.26 1.9496e-14   6389.17 1 
  6304.97 1.9117e-14   6391.92 1 
  6307.69 1.8883e-14   6394.67 1 
  6310.40 1.8771e-14   6397.42 1 
  6313.11 1.8812e-14   6400.17 1 
  6315.82 1.8813e-14   6402.92 1 
  6318.54 1.8522e-14   6405.67 1 
  6321.25 1.8691e-14   6408.42 1 
  6323.96 1.8962e-14   6411.17 1 
  6326.68 1.9202e-14   6413.92 1 
  6329.39 1.9113e-14   6416.67 1 
  6332.10 1.9365e-14   6419.42 1 
  6334.81 1.8946e-14   6422.17 1 
  6337.53 1.8663e-14   6424.92 1 
  6340.24 1.9203e-14   6427.67 1 
  6342.95 1.9355e-14   6430.42 1 
  6345.66 1.9007e-14   6433.17 1 
  6348.38 1.8949e-14   6435.92 1 
  6351.09 1.8772e-14   6438.67 1 
  6353.80 1.9070e-14   6441.42 1 
  6356.51 1.9333e-14   6444.17 1 
  6359.23 1.9517e-14   6446.92 1 
  6361.94 1.9238e-14   6449.67 1 
  6364.65 1.9108e-14   6452.42 1 
  6367.36 1.9005e-14   6455.17 1 
  6370.08 1.9037e-14   6457.92 1 
  6372.79 1.9235e-14   6460.67 1 
  6375.50 1.9710e-14   6463.42 1 
  6378.21 1.9548e-14   6466.17 1 
  6380.93 1.9047e-14   6468.92 1 
  6383.64 1.9286e-14   6471.67 1 
  6386.35 1.9274e-14   6474.42 1 
  6389.06 1.8884e-14   6477.17 1 
  6391.78 1.9291e-14   6479.92 1 
  6394.49 1.9042e-14   6482.67 1 
  6397.20 1.8936e-14   6485.42 1 
  6399.92 1.8597e-14   6488.17 1 
  6402.63 1.9272e-14   6490.92 1 
  6405.34 1.9079e-14   6493.67 1 
  6408.05 1.9740e-14   6496.42 1 
  6410.77 1.9125e-14   6499.17 1 
  6413.48 1.9125e-14   6501.92 1 
  6416.19 1.8602e-14   6504.67 1 
  6418.90 1.8648e-14   6507.42 1 
  6421.62 1.9126e-14   6510.17 1 
  6424.33 1.9738e-14   6512.92 1 
  6427.04 1.9450e-14   6515.67 1 
  6429.75 1.9368e-14   6518.42 1 
  6432.47 1.9579e-14   6521.17 1 
  6435.18 1.9288e-14   6523.92 1 
  6437.89 1.9119e-14   6526.67 1 
  6440.60 1.9950e-14   6529.42 1 
  6443.32 1.9215e-14   6532.17 1 
  6446.03 1.9038e-14   6534.92 1 
  6448.74 1.8619e-14   6537.67 1 
  6451.45 1.9077e-14   6540.42 1 
  6454.17 1.9033e-14   6543.17 1 
  6456.88 1.9354e-14   6545.92 1 
  6459.59 1.9545e-14   6548.67 1 
  6462.30 1.9248e-14   6551.42 1 
  6465.02 1.8745e-14   6554.17 1 
  6467.73 1.8603e-14   6556.92 1 
  6470.44 1.9226e-14   6559.67 1 
  6473.16 1.9346e-14   6562.42 1 
  6475.87 1.9694e-14   6565.17 1 
  6478.58 1.9115e-14   6567.92 1 
  6481.29 1.9223e-14   6570.67 1 
  6484.01 1.9501e-14   6573.42 1 
  6486.72 1.9267e-14   6576.17 1 
  6489.43 1.8787e-14   6578.92 1 
  6492.14 1.8805e-14   6581.67 1 
  6494.86 1.7977e-14   6584.42 1 
  6497.57 1.8020e-14   6587.17 1 
  6500.28 1.8499e-14   6589.92 1 
  6502.99 1.8653e-14   6592.67 1 
  6505.71 1.9461e-14   6595.42 1 
  6508.42 1.9432e-14   6598.17 1 
  6511.13 1.9871e-14   6600.92 1 
  6513.84 1.9762e-14   6603.67 1 
  6516.56 1.8934e-14   6606.42 1 
  6519.27 1.9026e-14   6609.17 1 
  6521.98 1.8857e-14   6611.92 1 
  6524.69 1.9249e-14   6614.67 1 
  6527.41 1.9429e-14   6617.42 1 
  6530.12 1.9861e-14   6620.17 1 
  6532.83 1.9488e-14   6622.92 1 
  6535.54 1.9433e-14   6625.67 1 
  6538.26 2.0167e-14   6628.42 1 
  6540.97 2.0828e-14   6631.17 1 
  6543.68 2.2922e-14   6633.92 1 
  6546.40 2.4943e-14   6636.67 1 
  6549.11 2.5281e-14   6639.42 1 
  6551.82 2.5074e-14   6642.17 1 
  6554.53 2.7346e-14   6644.92 1 
  6557.25 3.4105e-14   6647.67 1 
  6559.96 4.4662e-14   6650.42 1 
  6562.67 4.9428e-14   6653.17 1 
  6565.38 4.4175e-14   6655.92 1 
  6568.10 3.3545e-14   6658.67 1 
  6570.81 2.5200e-14   6661.42 1 
  6573.52 2.2497e-14   6664.17 1 
  6576.23 2.4431e-14   6666.92 1 
  6578.95 2.9956e-14   6669.67 1 
  6581.66 3.5258e-14   6672.42 1 
  6584.37 3.6128e-14   6675.17 1 
  6587.08 3.1505e-14   6677.92 1 
  6589.80 2.4666e-14   6680.67 1 
  6592.51 2.1034e-14   6683.42 1 
  6595.22 1.9711e-14   6686.17 1 
  6597.93 1.9483e-14   6688.92 1 
  6600.65 1.9502e-14   6691.67 1 
  6603.36 1.9620e-14   6694.42 1 
  6606.07 1.9413e-14   6697.17 1 
  6608.78 1.9196e-14   6699.92 1 
  6611.50 1.9747e-14   6702.67 1 
  6614.21 1.9597e-14   6705.42 1 
  6616.92 2.0068e-14   6708.17 1 
  6619.64 1.9635e-14   6710.92 1 
  6622.35 2.0060e-14   6713.67 1 
  6625.06 1.9562e-14   6716.42 1 
  6627.77 1.9337e-14   6719.17 1 
  6630.49 1.9411e-14   6721.92 1 
  6633.20 1.9434e-14   6724.67 1 
  6635.91 1.9094e-14   6727.42 1 
  6638.62 1.9715e-14   6730.17 1 
  6641.34 1.9475e-14   6732.92 1 
  6644.05 1.9360e-14   6735.67 1 
  6646.76 1.9091e-14   6738.42 1 
  6649.47 1.9375e-14   6741.17 1 
  6652.19 1.9657e-14   6743.92 1 
  6654.90 1.9145e-14   6746.67 1 
  6657.61 1.9324e-14   6749.42 1 
  6660.32 1.9501e-14   6752.17 1 
  6663.04 1.8865e-14   6754.92 1 
  6665.75 1.9100e-14   6757.67 1 
  6668.46 1.9350e-14   6760.42 1 
  6671.17 1.9644e-14   6763.17 1 
  6673.89 1.9320e-14   6765.92 1 
  6676.60 1.9172e-14   6768.67 1 
  6679.31 1.9223e-14   6771.42 1 
  6682.02 1.9350e-14   6774.17 1 
  6684.74 1.9249e-14   6776.92 1 
  6687.45 1.9672e-14   6779.67 1 
  6690.16 1.9607e-14   6782.42 1 
  6692.88 1.9223e-14   6785.17 1 
  6695.59 1.9435e-14   6787.92 1 
  6698.30 1.9491e-14   6790.67 1 
  6701.01 1.9328e-14   6793.42 1 
  6703.73 1.9250e-14   6796.17 1 
  6706.44 1.9632e-14   6798.92 1 
  6709.15 2.0873e-14   6801.67 1 
  6711.86 2.2382e-14   6804.42 1 
  6714.58 2.3946e-14   6807.17 1 
  6717.29 2.4283e-14   6809.92 1 
  6720.00 2.2826e-14   6812.67 1 
  6722.71 2.1366e-14   6815.42 1 
  6725.43 2.1567e-14   6818.17 1 
  6728.14 2.3309e-14   6820.92 1 
  6730.85 2.3690e-14   6823.67 1 
  6733.56 2.2880e-14   6826.42 1 
  6736.28 2.2092e-14   6829.17 1 
  6746.09 1.9039e-14   6839.12 0 
  6761.64 1.8811e-14   6854.88 0 
  6777.22 1.9107e-14   6870.68 0 
  6792.85 1.8705e-14   6886.52 0 
  6808.51 1.9486e-14   6902.40 0 
  6824.20 1.9520e-14   6918.31 0 
  6839.94 1.9600e-14   6934.26 0 
  6855.70 1.9589e-14   6950.24 0 
  6871.51 1.8611e-14   6966.26 0 
  6887.35 1.9254e-14   6982.33 0 
  6903.22 1.9377e-14   6998.42 0 
  6919.14 1.9591e-14   7014.55 0 
  6935.09 1.9670e-14   7030.72 0 
  6951.08 2.0397e-14   7046.93 0 
  6967.10 2.0339e-14   7063.18 0 
  6983.16 1.9683e-14   7079.46 0 
  6999.26 2.0504e-14   7095.78 0 
  7015.39 2.0352e-14   7112.14 0 
  7031.56 1.9877e-14   7128.53 0 
  7047.78 2.1189e-14   7144.96 0 
  7064.02 1.9447e-14   7161.43 0 
  7080.30 1.9981e-14   7177.94 0 
  7096.63 1.8212e-14   7194.49 0 
  7112.99 1.8712e-14   7211.08 0 
  7129.38 1.9049e-14   7227.70 0 
  7145.82 1.7932e-14   7244.36 0 
  7162.29 1.8508e-14   7261.06 0 
  7178.80 1.8498e-14   7277.80 0 
  7195.35 1.7333e-14   7294.57 0 
  7211.94 1.8223e-14   7311.39 0 
  7228.56 1.8983e-14   7328.25 0 
  7245.23 1.9191e-14   7345.14 0 
  7261.93 1.9224e-14   7362.07 0 
  7278.67 1.9615e-14   7379.04 0 
  7295.45 1.9379e-14   7396.05 0 
  7312.26 2.0281e-14   7413.10 0 
  7329.12 2.0836e-14   7430.19 0 
  7346.02 2.1358e-14   7447.32 0 
  7362.95 1.9967e-14   7464.49 0 
  7379.93 2.1580e-14   7481.70 0 
  7396.94 2.0549e-14   7498.94 0 
  7413.99 2.1504e-14   7516.23 0 
  7431.08 2.0571e-14   7533.56 0 
  7448.21 2.1038e-14   7550.92 0 
  7465.38 2.1614e-14   7568.33 0 
  7482.59 2.1255e-14   7585.78 0 
  7499.84 2.1048e-14   7603.26 0 
  7517.13 2.1377e-14   7620.79 0 
  7534.46 2.1761e-14   7638.36 0 
  7551.83 2.2101e-14   7655.97 0 
  7569.23 2.1784e-14   7673.61 0 
  7586.68 2.1720e-14   7691.30 0 
  7604.17 2.1067e-14   7709.04 0 
  7621.70 2.1053e-14   7726.81 0 
  7639.27 2.0561e-14   7744.62 0 
  7656.88 2.0786e-14   7762.47 0 
  7674.53 1.7681e-14   7780.37 0 
  7692.22 1.9963e-14   7798.30 0 
  7709.96 1.8112e-14   7816.28 0 
  7727.73 1.9846e-14   7834.30 0 
  7745.54 2.0156e-14   7852.36 0 
  7763.40 1.9594e-14   7870.46 0 
  7781.30 1.9447e-14   7888.60 0 
  7799.23 1.9479e-14   7906.79 0 
  7817.21 1.9647e-14   7925.01 0 
  7835.24 2.0138e-14   7943.28 0 
  7853.30 2.0217e-14   7961.59 0 
  7871.40 2.0204e-14   7979.95 0 
  7889.55 2.0006e-14   7998.34 0 
  7907.73 1.9947e-14   8016.78 0 
  7925.96 1.9213e-14   8035.26 0 
  7944.23 1.9693e-14   8053.78 0 
  7962.55 2.0138e-14   8072.35 0 
  7980.90 2.0358e-14   8090.96 0 
  7999.30 2.0580e-14   8109.61 0 
  8017.74 2.0378e-14   8128.31 0 
  8036.22 1.9314e-14   8147.04 0 
  8054.75 2.0025e-14   8165.82 0 
  8073.32 2.0955e-14   8184.65 0 
  8091.93 2.0417e-14   8203.52 0 
  8110.58 2.0830e-14   8222.43 0 
  8129.28 2.0768e-14   8241.38 0 
  8148.02 2.1043e-14   8260.38 0 
  8166.80 2.0980e-14   8279.42 0 
  8185.63 2.0254e-14   8298.51 0 
  8204.50 1.8332e-14   8317.64 0 
  8223.41 2.0461e-14   8336.81 0 
  8242.37 1.9662e-14   8356.03 0 
  8261.37 2.1150e-14   8375.29 0 
  8280.41 2.1233e-14   8394.60 0 
  8299.50 1.9802e-14   8413.95 0 
  8318.64 1.9926e-14   8433.35 0 
  8337.81 1.9912e-14   8452.79 0 
  8357.03 1.9715e-14   8472.27 0 
  8376.29 2.0488e-14   8491.80 0 
  8395.61 1.9239e-14   8511.38 0 
  8414.96 2.0506e-14   8531.00 0 
  8434.36 1.9345e-14   8550.67 0 
  8453.80 1.9198e-14   8570.38 0 
  8473.29 1.9407e-14   8590.14 0 
  8492.82 1.9708e-14   8609.94 0 
  8512.40 1.8894e-14   8629.79 0 
  8532.02 1.9544e-14   8649.68 0 
  8551.69 1.1527e-14   8669.62 0 
  8571.40 1.9606e-14   8689.60 0 
  8591.16 1.9190e-14   8709.64 0 
  8610.97 1.9577e-14   8729.71 0 
  8630.82 1.9339e-14   8749.84 0 
  8650.72 1.9684e-14   8770.01 0 
  8670.66 1.2966e-14   8790.23 0 
  8690.64 1.8900e-14   8810.49 0 
  8710.68 1.8974e-14   8830.80 0 
  8730.76 1.9762e-14   8851.16 0 
  8750.88 1.9209e-14   8871.56 0 
  8771.06 1.9869e-14   8892.01 0 
  8791.28 1.9854e-14   8912.51 0 
  8811.54 1.9477e-14   8933.05 0 
  8831.85 1.9284e-14   8953.65 0 
  8852.22 1.9673e-14   8974.29 0 
  8872.62 1.8053e-14   8994.98 0 
  8893.07 1.8759e-14   9015.71 0 
  8913.58 1.9181e-14   9036.50 0 
  8934.12 1.8991e-14   9057.33 0 
  8954.72 1.8248e-14   9078.20 0 
  8975.36 1.7737e-14   9099.13 0 
  8996.05 1.7887e-14   9120.11 0 
  9016.79 1.8080e-14   9141.13 0 
  9037.57 1.8359e-14   9162.20 0 
  9058.41 2.0069e-14   9183.33 0 
  9079.29 1.8415e-14   9204.50 0 
  9100.22 1.7817e-14   9225.71 0 
  9121.20 1.9521e-14   9246.98 0 
  9142.23 1.8037e-14   9268.30 0 
  9163.30 1.6742e-14   9289.66 0 
  9184.43 1.6087e-14   9311.08 0 
  9205.60 1.7994e-14   9332.54 0 
  9226.82 1.7489e-14   9354.06 0 
  9248.09 1.7923e-14   9375.62 0 
  9269.41 1.8033e-14   9397.23 0 
  9290.78 1.7936e-14   9418.90 0 
  9312.19 1.9027e-14   9440.61 0 
  9333.66 1.9187e-14   9462.37 0 
  9355.18 1.9127e-14   9484.18 0 
  9376.74 1.8763e-14   9506.05 0 
  9398.36 1.9140e-14   9527.96 0 
  9420.02 1.8819e-14   9549.93 0 
  9441.74 1.9153e-14   9571.94 0 
  9463.51 1.9718e-14   9594.01 0 
  9485.32 1.9793e-14   9616.12 0 
  9507.18 1.9193e-14   9638.29 0 
  9529.10 1.9444e-14   9660.51 0 
  9551.07 1.8985e-14   9682.78 0 
  9573.09 1.9367e-14   9705.10 0 
  9595.15 1.9710e-14   9727.47 0 
  9617.28 1.9378e-14   9749.90 0 
  9639.44 1.9541e-14   9772.37 0 
  9661.66 1.9124e-14   9794.90 0 
  9683.94 1.9463e-14   9817.48 0 
  9706.26 1.9003e-14   9840.11 0 
  9728.64 1.8727e-14   9862.79 0 
  9751.06 1.8754e-14   9885.53 0 
  9773.54 1.8911e-14   9908.32 0 
  9796.07 1.8592e-14   9931.16 0 
  9818.65 1.9273e-14   9954.05 0 
  9841.29 1.9036e-14   9977.00 0 
  9863.98 1.9107e-14  10000.00 0 
  9886.71 1.9090e-14  10023.05 0 
  9909.50 1.8768e-14  10046.15 0 
  9932.34 1.9056e-14  10069.31 0 
  9955.25 1.9216e-14  10092.53 0 
  9978.20 1.9243e-14  10115.80 0 
 10001.20 1.9181e-14  10139.12 0 
 10024.25 1.9431e-14  10162.49 0 
 10070.52 1.9218e-14  10209.39 0 
 10117.01 1.9812e-14  10256.52 0 
 10163.70 1.9639e-14  10303.86 0 
 10234.15 1.9949e-14  10375.28 0 
 10281.40 2.0189e-14  10423.18 0 
 10305.10 2.0170e-14  10447.20 0 
 10496.68 1.9339e-14  10641.43 0 
 10691.83 1.8257e-14  10839.27 0 
 10890.61 1.8215e-14  11040.79 0 
 11093.08 1.6960e-14  11246.05 0 
 11299.31 1.7157e-14  11455.13 0 
 11509.38 1.7516e-14  11668.09 0 
 11696.39 1.7236e-14  11857.68 0 
 11886.44 1.6048e-14  12050.36 0 
 12107.44 1.6309e-14  12274.40 0 
 12304.17 1.6347e-14  12473.84 0 
 12504.09 1.5719e-14  12676.52 0 
 12707.27 1.5468e-14  12882.50 0 
 12913.74 1.5291e-14  13091.82 0 
 13093.39 1.5116e-14  13273.95 0 
 13306.14 1.4536e-14  13489.63 0 
 13491.25 1.4107e-14  13677.29 0 
 13710.46 1.3913e-14  13899.53 0 
 13901.20 1.3226e-14  14092.89 0 
 14094.58 1.2458e-14  14288.95 0 
 14290.64 1.2315e-14  14487.71 0 
 14489.45 1.2573e-14  14689.26 0 
 14691.02 1.2090e-14  14893.61 0 
 14895.39 1.2458e-14  15100.80 0 
 15102.61 1.2718e-14  15310.87 0 
 15312.71 1.3165e-14  15523.87 0 
 15490.02 1.3105e-14  15703.63 0 
 15705.51 1.2895e-14  15922.09 0 
 15887.36 1.2429e-14  16106.45 0 
 16108.38 1.2458e-14  16330.51 0 
 16294.91 1.2486e-14  16519.62 0 
 16483.60 1.2458e-14  16710.91 0 
 16712.91 1.2544e-14  16943.38 0 
 16906.44 1.2631e-14  17139.58 0 
 17102.19 1.2486e-14  17338.03 0 
 17300.23 1.2062e-14  17538.80 0 
 17500.57 1.1546e-14  17741.90 0 
 17703.22 1.0900e-14  17947.34 0 
 17908.19 1.0314e-14  18155.15 0 
 18115.57 9.6924e-15  18365.38 0 
 18283.20 9.4282e-15  18535.32 0 
 18494.89 9.0663e-15  18749.94 0 
 18709.06 8.6185e-15  18967.05 0 
 18882.18 8.4223e-15  19142.56 0 
 19100.83 8.3836e-15  19364.23 0 
 19321.99 8.1928e-15  19588.44 0 
 19500.78 7.9146e-15  19769.70 0 
 19681.23 7.6108e-15  19952.63 0 
 19909.11 7.3524e-15  20183.66 0 
 20093.33 7.3187e-15  20370.42 0 
 20279.26 7.1192e-15  20558.92 0 
 20514.07 7.1192e-15  20796.96 0 
 20703.89 7.0215e-15  20989.40 0 
 20895.47 6.9571e-15  21183.62 0 
 21088.80 6.9252e-15  21379.62 0 
 21283.94 6.8459e-15  21577.45 0 
 21480.87 6.7831e-15  21777.09 0 
 21679.64 6.6135e-15  21978.60 0 
 21880.25 6.5378e-15  22181.97 0 
 22082.69 6.3596e-15  22387.21 0 
 22287.03 6.2149e-15  22594.36 0 
 22493.23 6.1014e-15  22803.41 0 
 22701.37 5.9472e-15  23014.42 0 
 22911.43 5.3030e-15  23227.38 0 
 23123.41 5.1965e-15  23442.28 0 
 23283.71 4.5220e-15  23604.79 0 
 23499.13 4.2216e-15  23823.19 0 
 23716.58 4.2521e-15  24043.63 0 
 23880.96 3.8920e-15  24210.28 0 
 24101.94 3.6919e-15  24434.31 0 
 24324.96 3.5751e-15  24660.40 0 
 24493.56 3.2645e-15  24831.33 0 
 24720.21 3.1464e-15  25061.10 0 
 24891.55 2.6260e-15  25234.80 0 
 25121.88 2.5600e-15  25468.31 0 
 25150.87 2.8041e-15  25497.70 2 
 25246.35 2.6431e-15  25594.50 2 
 25341.74 2.7712e-15  25691.20 2 
 25437.22 2.6071e-15  25788.00 2 
 25532.70 2.6456e-15  25884.80 2 
 25628.09 2.6112e-15  25981.50 2 
 25723.57 2.6538e-15  26078.30 2 
 25818.96 2.6320e-15  26175.00 2 
 25914.44 2.7134e-15  26271.80 2 
 26009.92 2.6197e-15  26368.60 2 
 26105.31 2.5731e-15  26465.30 2 
 26200.79 2.5484e-15  26562.10 2 
 26296.27 2.5118e-15  26658.90 2 
 26391.66 2.4130e-15  26755.60 2 
 26487.14 2.4924e-15  26852.40 2 
 26582.53 2.4187e-15  26949.10 2 
 26678.01 2.4012e-15  27045.90 2 
 26773.49 2.3290e-15  27142.70 2 
 26868.88 2.3348e-15  27239.40 2 
 26964.36 2.3058e-15  27336.20 2 
 27059.84 2.3238e-15  27433.00 2 
 27155.23 2.2706e-15  27529.70 2 
 27250.71 2.3146e-15  27626.50 2 
 27346.10 2.2755e-15  27723.20 2 
 27441.58 2.3013e-15  27820.00 2 
 27537.06 2.2424e-15  27916.80 2 
 27632.45 2.2635e-15  28013.50 2 
 27727.93 2.1210e-15  28110.30 2 
 27823.41 2.1535e-15  28207.10 2 
 27918.80 2.1051e-15  28303.80 2 
 28014.28 2.1590e-15  28400.60 2 
 28109.67 2.1092e-15  28497.30 2 
 28205.15 2.1355e-15  28594.10 2 
 28300.63 1.9932e-15  28690.90 2 
 28396.02 2.0516e-15  28787.60 2 
 28491.50 1.9710e-15  28884.40 2 
 28586.98 1.9613e-15  28981.20 2 
 28682.37 1.9385e-15  29077.90 2 
 28777.85 1.9052e-15  29174.70 2 
 28873.24 1.8632e-15  29271.40 2 
 28968.72 1.8840e-15  29368.20 2 
 29064.20 1.8161e-15  29465.00 2 
 29159.59 1.8283e-15  29561.70 2 
 29255.07 1.7900e-15  29658.50 2 
 29350.55 1.8225e-15  29755.30 2 
 29445.94 1.7798e-15  29852.00 2 
 29541.42 1.7797e-15  29948.80 2 
 29636.81 1.7543e-15  30045.50 2 
 29732.29 1.8121e-15  30142.30 2 
 29827.77 1.7328e-15  30239.10 2 
 29923.16 1.7440e-15  30335.80 2 
 30018.64 1.6549e-15  30432.60 2 
 30114.12 1.6404e-15  30529.40 2 
 30209.51 1.5960e-15  30626.10 2 
 30304.99 1.5868e-15  30722.90 2 
 30400.38 1.5629e-15  30819.60 2 
 30495.86 1.5790e-15  30916.40 2 
 30591.35 1.5626e-15  31013.20 2 
 30686.73 1.5663e-15  31109.90 2 
 30782.21 1.5277e-15  31206.70 2 
 30877.70 1.5495e-15  31303.50 2 
 30973.08 1.5334e-15  31400.20 2 
 31068.56 1.5053e-15  31497.00 2 
 31163.95 1.4998e-15  31593.70 2 
 31259.43 1.4887e-15  31690.50 2 
 31354.92 1.5090e-15  31787.30 2 
 31450.30 1.5584e-15  31884.00 2 
 31545.78 1.5484e-15  31980.80 2 
 31641.27 1.5982e-15  32077.60 2 
 31736.65 1.5602e-15  32174.30 2 
 31832.13 1.6637e-15  32271.10 2 
 31927.52 1.7067e-15  32367.80 2 
 32023.00 1.7887e-15  32464.60 2 
 32118.49 1.8386e-15  32561.40 2 
 32213.87 1.9680e-15  32658.10 2 
 32309.35 2.1604e-15  32754.90 2 
 32404.84 2.3296e-15  32851.70 2 
 32500.22 2.4178e-15  32948.40 2 
 32595.70 2.4926e-15  33045.20 2 
 32691.09 2.5617e-15  33141.90 2 
 32786.57 2.6921e-15  33238.70 2 
 32882.06 2.4404e-15  33335.50 2 
 32977.44 2.2184e-15  33432.20 2 
 33072.92 2.0249e-15  33529.00 2 
 33168.41 1.9350e-15  33625.80 2 
 33263.79 1.7781e-15  33722.50 2 
 33359.28 1.6907e-15  33819.30 2 
 33454.66 1.6694e-15  33916.00 2 
 33550.14 1.7375e-15  34012.80 2 
 33645.62 1.6142e-15  34109.60 2 
 33741.01 1.6231e-15  34206.30 2 
 33836.50 1.6218e-15  34303.10 2 
 33931.98 1.6280e-15  34399.90 2 
 34027.36 1.6638e-15  34496.60 2 
 34122.85 1.6974e-15  34593.40 2 
 34218.23 1.6112e-15  34690.10 2 
 34313.71 1.5906e-15  34786.90 2 
 34409.20 1.5798e-15  34883.70 2 
 34504.58 1.5636e-15  34980.40 2 
 34600.06 1.5849e-15  35077.20 2 
 34695.55 1.5843e-15  35174.00 2 
 34790.93 1.4932e-15  35270.70 2 
 34886.42 1.4657e-15  35367.50 2 
 34981.80 1.3990e-15  35464.20 2 
 35077.28 1.4566e-15  35561.00 2 
 35172.77 1.4232e-15  35657.80 2 
 35268.15 1.4040e-15  35754.50 2 
 35363.64 1.3549e-15  35851.30 2 
 35459.12 1.3322e-15  35948.10 2 
 35554.50 1.2799e-15  36044.80 2 
 35649.99 1.3166e-15  36141.60 2 
 35745.37 1.3075e-15  36238.30 2 
 35840.86 1.3066e-15  36335.10 2 
 35936.34 1.2964e-15  36431.90 2 
 36031.72 1.3408e-15  36528.60 2 
 36127.20 1.2740e-15  36625.40 2 
 36222.69 1.2782e-15  36722.20 2 
 36318.07 1.2414e-15  36818.90 2 
 36413.56 1.2884e-15  36915.70 2 
 36508.94 1.1843e-15  37012.40 2 
 36604.42 1.1709e-15  37109.20 2 
 36699.91 1.1612e-15  37206.00 2 
 36795.29 1.1867e-15  37302.70 2 
 36890.78 1.1553e-15  37399.50 2 
 36986.26 1.1708e-15  37496.30 2 
 37081.64 1.1684e-15  37593.00 2 
 37177.13 1.1843e-15  37689.80 2 
 37272.51 1.1710e-15  37786.50 2 
 37368.00 1.1794e-15  37883.30 2 
 37463.48 1.1457e-15  37980.10 2 
 37558.86 1.1693e-15  38076.80 2 
 37654.34 1.1253e-15  38173.60 2 
 37749.83 1.1132e-15  38270.40 2 
 37845.22 1.1335e-15  38367.10 2 
 37940.70 1.1321e-15  38463.90 2 
 38036.08 1.0962e-15  38560.60 2 
 38131.57 1.0965e-15  38657.40 2 
 38227.05 1.0193e-15  38754.20 2 
 38322.44 1.0398e-15  38850.90 2 
 38417.92 1.0460e-15  38947.70 2 
 38513.40 1.0356e-15  39044.50 2 
 38608.78 1.0287e-15  39141.20 2 
 38704.27 1.0573e-15  39238.00 2 
 38799.65 1.0088e-15  39334.70 2 
 38895.14 1.0144e-15  39431.50 2 
 38990.62 1.0017e-15  39528.30 2 
 39086.00 9.9182e-16  39625.00 2 
 39181.49 9.8417e-16  39721.80 2 
 39276.97 1.0024e-15  39818.60 2 
 39372.36 9.7359e-16  39915.30 2 
 39467.84 9.4589e-16  40012.10 2 
 39563.22 9.7334e-16  40108.80 2 
 39658.70 1.0069e-15  40205.60 2 
 39754.19 9.8667e-16  40302.40 2 
 39849.57 1.0201e-15  40399.10 2 
 39945.06 1.0195e-15  40495.90 2 
 40040.54 1.0344e-15  40592.70 2 
 40135.93 1.0033e-15  40689.40 2 
 40231.41 1.0389e-15  40786.20 2 
 40326.80 1.1055e-15  40882.90 2 
 40422.28 1.1107e-15  40979.70 2 
 40517.76 1.0136e-15  41076.50 2 
 40613.14 9.7966e-16  41173.20 2 
 40708.63 9.0754e-16  41270.00 2 
 40804.11 8.9550e-16  41366.80 2 
 40899.50 8.6388e-16  41463.50 2 
 40994.98 8.4676e-16  41560.30 2 
 41090.36 8.6506e-16  41657.00 2 
 41185.85 8.5624e-16  41753.80 2 
 41281.33 8.5542e-16  41850.60 2 
 41376.71 8.6223e-16  41947.30 2 
 41472.20 8.4229e-16  42044.10 2 
 41567.68 8.1751e-16  42140.90 2 
 41663.07 8.0494e-16  42237.60 2 
 41758.55 8.0572e-16  42334.40 2 
 41853.94 7.7667e-16  42431.10 2 
 41949.42 8.0738e-16  42527.90 2 
 42044.90 7.6142e-16  42624.70 2 
 42140.28 7.9660e-16  42721.40 2 
 42235.77 7.8610e-16  42818.20 2 
 42331.25 7.9343e-16  42915.00 2 
 42426.64 7.5110e-16  43011.70 2 
 42522.12 7.4862e-16  43108.50 2 
 42617.50 7.4960e-16  43205.20 2 
 42712.99 7.5630e-16  43302.00 2 
 42808.47 7.5255e-16  43398.80 2 
 42903.85 7.6143e-16  43495.50 2 
 42999.34 7.6138e-16  43592.30 2 
 43094.82 7.3990e-16  43689.10 2 
 43190.21 7.5323e-16  43785.80 2 
 43285.69 7.5639e-16  43882.60 2 
 43381.08 7.5825e-16  43979.30 2 
 43476.56 7.6284e-16  44076.10 2 
 43572.04 7.1876e-16  44172.90 2 
 43667.43 7.5388e-16  44269.60 2 
 43762.91 6.9794e-16  44366.40 2 
 43858.39 6.9295e-16  44463.20 2 
 43953.78 6.7102e-16  44559.90 2 
 44049.26 6.2472e-16  44656.70 2 
 44144.64 6.4492e-16  44753.40 2 
 44240.13 6.0884e-16  44850.20 2 
 44335.61 6.4146e-16  44947.00 2 
 44431.00 6.1919e-16  45043.70 2 
 44526.48 5.9896e-16  45140.50 2 
 44621.96 6.1080e-16  45237.30 2 
 44717.35 5.7149e-16  45334.00 2 
 44812.83 6.0161e-16  45430.80 2 
 44908.22 6.2300e-16  45527.50 2 
 45003.70 6.4405e-16  45624.30 2 
 45099.18 6.2084e-16  45721.10 2 
 45194.57 6.3417e-16  45817.80 2 
 45290.05 6.1029e-16  45914.60 2 
 45385.53 6.1552e-16  46011.40 2 
 45480.92 5.8459e-16  46108.10 2 
 45576.40 5.7529e-16  46204.90 2 
 45671.78 5.7210e-16  46301.60 2 
 45767.27 5.5823e-16  46398.40 2 
 45862.75 5.7841e-16  46495.20 2 
 45958.14 5.9810e-16  46591.90 2 
 46053.62 6.0064e-16  46688.70 2 
 46149.10 5.6511e-16  46785.50 2 
 46244.49 6.0011e-16  46882.20 2 
 46339.97 6.1976e-16  46979.00 2 
 46435.36 5.9762e-16  47075.70 2 
 46530.84 5.7522e-16  47172.50 2 
 46626.32 5.9229e-16  47269.30 2 
 46721.71 6.4258e-16  47366.00 2 
 46817.19 5.9132e-16  47462.80 2 
 46912.68 5.8754e-16  47559.60 2 
 47008.06 5.7833e-16  47656.30 2 
 47103.54 5.6370e-16  47753.10 2 
 47199.02 5.3565e-16  47849.90 2 
 47294.41 5.4292e-16  47946.60 2 
 47389.89 5.5907e-16  48043.40 2 
 47485.28 5.5885e-16  48140.10 2 
 47580.76 5.5203e-16  48236.90 2 
 47676.25 5.4217e-16  48333.70 2 
 47771.63 5.6749e-16  48430.40 2 
 47867.11 5.5896e-16  48527.20 2 
 47962.50 5.2875e-16  48623.90 2 
 48057.98 5.5502e-16  48720.70 2 
 48153.46 5.2886e-16  48817.50 2 
 48248.85 5.1340e-16  48914.20 2 
 48344.33 4.9871e-16  49011.00 2 
 48439.82 4.8710e-16  49107.80 2 
 48535.20 5.0592e-16  49204.50 2 
 48630.68 4.4047e-16  49301.30 2 
 48726.06 4.7955e-16  49398.00 2 
 48822.54 4.7184e-16  49495.80 2 
 49310.76 5.3800e-16  49990.76 0 
 49803.87 6.0482e-16  50490.66 0 
 50301.91 6.7232e-16  50995.57 0 
 50804.93 7.4049e-16  51505.53 0 
 51312.98 8.0934e-16  52020.58 0 
 51826.11 8.7888e-16  52540.79 0 
 52344.37 9.4911e-16  53066.20 0 
 52631.94 9.8808e-16  53357.73 3 
 52937.57 8.4326e-16  53667.58 3 
 53243.22 8.4031e-16  53977.44 3 
 53548.85 9.1773e-16  54287.29 3 
 53854.49 6.5211e-16  54597.14 3 
 54160.13 6.2770e-16  54907.00 3 
 54465.77 6.8529e-16  55216.85 3 
 54771.40 6.7808e-16  55526.70 3 
 55077.05 7.4518e-16  55836.56 3 
 55382.68 7.4055e-16  56146.41 3 
 55688.33 7.3570e-16  56456.27 3 
 55993.96 8.0509e-16  56766.12 3 
 56299.61 1.0315e-15  57075.98 3 
 56605.25 1.0992e-15  57385.83 3 
 56910.88 1.1272e-15  57695.68 3 
 57216.51 1.1244e-15  58005.53 3 
 57522.16 1.0437e-15  58315.39 3 
 57827.80 9.8226e-16  58625.25 3 
 58133.44 9.4289e-16  58935.10 3 
 58439.08 1.0310e-15  59244.95 3 
 58744.72 1.1063e-15  59554.81 3 
 59050.36 1.0473e-15  59864.66 3 
 59355.99 1.0545e-15  60174.51 3 
 59661.64 1.2118e-15  60484.37 3 
 59967.27 1.4920e-15  60794.22 3 
 60272.91 1.5740e-15  61104.07 3 
 60578.56 1.6125e-15  61413.93 3 
 60884.19 1.7078e-15  61723.78 3 
 61189.82 2.1873e-15  62033.63 3 
 61495.47 3.0665e-15  62343.49 3 
 61801.10 4.1310e-15  62653.34 3 
 62106.74 4.5788e-15  62963.19 3 
 62412.38 3.4399e-15  63273.05 3 
 62718.02 3.7716e-15  63582.90 3 
 63023.67 2.9484e-15  63892.76 3 
 63329.30 2.6131e-15  64202.61 3 
 63634.93 2.1187e-15  64512.46 3 
 63940.58 1.9281e-15  64822.32 3 
 64246.21 1.7218e-15  65132.17 3 
 64551.85 1.5660e-15  65442.02 3 
 64857.50 1.4915e-15  65751.88 3 
 65163.13 1.4624e-15  66061.73 3 
 65468.76 1.4184e-15  66371.58 3 
 65774.42 1.3627e-15  66681.45 3 
 66080.05 1.4387e-15  66991.29 3 
 66385.68 1.4910e-15  67301.14 3 
 66691.33 1.3885e-15  67611.00 3 
 66996.96 1.4693e-15  67920.85 3 
 67302.61 1.4826e-15  68230.71 3 
 67608.24 1.4915e-15  68540.56 3 
 67913.88 1.5048e-15  68850.41 3 
 68219.53 1.4083e-15  69160.27 3 
 68525.16 1.5289e-15  69470.12 3 
 68830.80 1.6112e-15  69779.98 3 
 69136.44 1.7796e-15  70089.83 3 
 69442.07 1.8936e-15  70399.68 3 
 69747.72 2.5495e-15  70709.54 3 
 70053.35 2.3187e-15  71019.39 3 
 70358.99 1.8920e-15  71329.24 3 
 70664.64 1.9869e-15  71639.10 3 
 70970.27 2.0282e-15  71948.95 3 
 71275.92 2.0352e-15  72258.81 3 
 71581.55 2.0877e-15  72568.66 3 
 71887.18 2.1041e-15  72878.51 3 
 72192.84 2.1726e-15  73188.38 3 
 72498.46 2.1862e-15  73498.22 3 
 72804.10 2.2649e-15  73808.07 3 
 73109.75 2.3882e-15  74117.93 3 
 73415.38 2.6391e-15  74427.78 3 
 73721.02 2.8958e-15  74737.63 3 
 74026.66 3.0933e-15  75047.48 3 
 74312.30 3.2613e-15  75337.06 3 
 74332.30 3.2736e-15  75357.34 3 
 74637.95 3.5782e-15  75667.20 3 
 74924.78 4.0233e-15  75957.99 3 
 74943.57 3.8863e-15  75977.05 3 
 75537.28 4.6169e-15  76578.94 3 
 76149.77 5.0038e-15  77199.88 3 
 76762.27 4.7567e-15  77820.82 3 
 77374.76 4.5673e-15  78441.76 3 
 77987.27 4.5021e-15  79062.71 3 
 78599.76 4.2065e-15  79683.65 3 
 79212.25 3.6649e-15  80304.59 3 
 79824.76 3.1349e-15  80925.54 3 
 80437.25 2.7320e-15  81546.48 3 
 81049.74 2.4013e-15  82167.41 3 
 81662.24 2.2277e-15  82788.36 3 
 82274.73 2.1233e-15  83409.30 3 
 82887.24 2.1270e-15  84030.25 3 
 83499.73 2.1015e-15  84651.19 3 
 84112.23 2.1048e-15  85272.13 3 
 84724.72 2.2190e-15  85893.07 3 
 85337.22 1.9811e-15  86514.02 3 
 85949.71 2.3593e-15  87134.95 3 
 86562.21 2.1184e-15  87755.90 3 
 87174.70 1.7534e-15  88376.84 3 
 87787.20 1.4264e-15  88997.78 3 
 88399.69 1.1586e-15  89618.72 3 
 89012.19 9.9072e-16  90239.66 3 
 89624.68 8.9501e-16  90860.60 3 
 90237.18 8.0082e-16  91481.55 3 
 90849.68 7.1232e-16  92102.49 3 
 91462.17 6.8420e-16  92723.44 3 
 92074.67 6.6685e-16  93344.38 3 
 92687.16 5.7774e-16  93965.32 3 
 93299.66 6.0181e-16  94586.26 3 
 93912.15 5.8395e-16  95207.20 3 
 94524.65 5.6978e-16  95828.15 3 
 95137.14 5.6668e-16  96449.09 3 
 95749.64 5.8080e-16  97070.02 3 
 96362.14 5.7720e-16  97690.98 3 
 96974.64 6.1945e-16  98311.92 3 
 97587.13 5.4075e-16  98932.86 3 
 98199.63 5.1212e-16  99553.80 3 
 98812.08 4.9998e-16 100174.70 3 
 99424.63 4.9859e-16 100795.70 3 
100037.08 4.9446e-16 101416.59 3 
100649.64 5.0262e-16 102037.60 3 
101262.10 4.8774e-16 102658.50 3 
101874.64 4.9137e-16 103279.49 3 
102487.11 4.2134e-16 103900.41 3 
103099.56 4.9387e-16 104521.30 3 
103712.11 5.0600e-16 105142.30 3 
104324.56 5.3672e-16 105763.20 3 
104937.12 5.8118e-16 106384.20 3 
105549.57 6.3005e-16 107005.10 3 
106162.03 6.5553e-16 107626.00 3 
106774.58 6.6450e-16 108247.00 3 
107387.04 6.8870e-16 108867.91 3 
107999.58 6.7491e-16 109488.90 3 
108612.04 7.0097e-16 110109.80 3 
109224.59 7.8659e-16 110730.80 3 
109837.05 9.4297e-16 111351.70 3 
110449.50 1.0507e-15 111972.60 3 
111062.06 1.3154e-15 112593.60 3 
111674.51 2.1540e-15 113214.50 3 
112287.06 2.7958e-15 113835.50 3 
112899.51 2.6377e-15 114456.40 3 
113512.07 2.1379e-15 115077.40 3 
114124.52 1.7427e-15 115698.30 3 
114736.97 1.4554e-15 116319.20 3 
115349.53 1.2683e-15 116940.20 3 
115961.99 1.1354e-15 117561.10 3 
116574.53 1.0426e-15 118182.09 3 
117186.98 9.9063e-16 118802.99 3 
117799.54 9.9615e-16 119424.00 3 
118412.00 1.1077e-15 120044.90 3 
119024.45 1.1018e-15 120665.80 3 
119637.01 1.1501e-15 121286.80 3 
120249.46 1.1305e-15 121907.70 3 
120862.01 1.0864e-15 122528.70 3 
121474.46 1.0534e-15 123149.59 3 
122086.93 1.0673e-15 123770.51 3 
122699.47 1.1491e-15 124391.50 3 
123311.93 1.1864e-15 125012.40 3 
123924.48 1.2032e-15 125633.40 3 
124536.94 1.2645e-15 126254.30 3 
125149.49 1.3321e-15 126875.30 3 
125761.95 1.4056e-15 127496.20 3 
126374.40 1.4744e-15 128117.10 3 
126986.95 1.5337e-15 128738.10 3 
127599.40 2.0787e-15 129359.00 3 
128211.96 2.3603e-15 129980.00 3 
128824.41 1.4246e-15 130600.90 3 
129436.86 9.5455e-16 131221.80 3 
130049.42 8.8018e-16 131842.80 3 
130661.88 9.0241e-16 132463.70 3 
131274.43 8.3263e-16 133084.70 3 
131886.87 8.3962e-16 133705.59 3 
132499.43 8.2713e-16 134326.59 3 
133111.89 8.1582e-16 134947.50 3 
133724.35 8.0307e-16 135568.41 3 
134336.90 7.9458e-16 136189.41 3 
134949.35 8.0499e-16 136810.30 3 
135561.90 7.9066e-16 137431.30 3 
136174.36 7.8423e-16 138052.20 3 
136786.91 7.6334e-16 138673.20 3 
137399.36 7.3222e-16 139294.09 3 
138011.82 7.1294e-16 139915.00 3 
138624.37 7.2246e-16 140536.00 3 
139236.83 7.4078e-16 141156.91 3 
139849.37 7.2602e-16 141777.89 3 
140461.83 7.1450e-16 142398.80 3 
141074.38 7.1391e-16 143019.80 3 
141686.84 7.0905e-16 143640.70 3 
142299.29 6.9375e-16 144261.59 3 
142911.85 6.6537e-16 144882.61 3 
143438.88 6.6701e-16 145416.91 3 
144343.30 6.3419e-16 146333.80 3 
145247.83 6.1535e-16 147250.80 3 
146152.26 6.0661e-16 148167.70 3 
147056.68 5.9808e-16 149084.59 3 
147961.12 5.7227e-16 150001.50 3 
148865.64 5.9046e-16 150918.50 3 
149770.08 5.8728e-16 151835.41 3 
150674.50 5.8637e-16 152752.30 3 
151579.02 6.6784e-16 153669.30 3 
152483.46 5.8605e-16 154586.20 3 
153387.87 5.8748e-16 155503.09 3 
154292.31 6.0602e-16 156420.00 3 
155196.84 6.7100e-16 157337.00 3 
156101.27 6.8022e-16 158253.91 3 
157005.69 6.5299e-16 159170.80 3 
157910.22 6.4510e-16 160087.80 3 
158814.65 6.4520e-16 161004.70 3 
159719.07 6.7101e-16 161921.59 3 
160623.59 6.6883e-16 162838.59 3 
161528.03 6.8223e-16 163755.50 3 
162432.45 7.1439e-16 164672.39 3 
163336.88 7.8920e-16 165589.30 3 
164241.42 9.0019e-16 166506.31 3 
165145.83 8.8724e-16 167423.19 3 
166050.26 8.3389e-16 168340.09 3 
166954.69 8.5659e-16 169257.00 3 
167859.22 8.3795e-16 170174.00 3 
168763.66 8.5055e-16 171090.91 3 
169668.09 9.8550e-16 172007.81 3 
170572.62 1.0534e-15 172924.81 3 
171477.03 9.1444e-16 173841.70 3 
172381.47 8.6864e-16 174758.61 3 
173286.00 8.8706e-16 175675.61 3 
174190.41 8.7373e-16 176592.50 3 
175094.85 7.9116e-16 177509.41 3 
175999.27 7.7505e-16 178426.30 3 
176903.79 7.5107e-16 179343.30 3 
177808.23 7.4426e-16 180260.20 3 
178712.65 7.3894e-16 181177.09 3 
179617.17 7.3094e-16 182094.09 3 
180521.61 7.0406e-16 183011.00 3 
181426.03 7.1047e-16 183927.89 3 
182330.55 7.0926e-16 184844.89 3 
183234.99 6.8564e-16 185761.80 3 
184139.42 7.1065e-16 186678.70 3 
185043.84 7.1999e-16 187595.59 3 
185948.37 7.4745e-16 188512.59 3 
186852.80 9.5672e-16 189429.50 3 
187757.22 9.0417e-16 190346.39 3 
188661.76 7.6303e-16 191263.41 3 
189566.19 7.4764e-16 192180.31 3 
190470.60 7.5994e-16 193097.19 3 
191375.03 7.3843e-16 194014.09 3 
192279.57 7.0713e-16 194931.11 3 
193183.99 7.4501e-16 195848.00 3 
194088.43 7.3106e-16 196764.91 3 
194992.95 7.4727e-16 197681.91 3 
195897.37 7.0692e-16 198598.80 3 
196801.81 7.4039e-16 199515.70 3 
197706.24 7.8108e-16 200432.61 3 
198610.77 7.5224e-16 201349.61 3 
199515.19 7.7562e-16 202266.50 3 
200419.62 7.6611e-16 203183.41 3 
201324.15 7.5642e-16 204100.41 3 
202756.40 7.0223e-16 205552.41 3 
204487.51 8.2988e-16 207307.39 3 
206219.62 7.9560e-16 209063.39 3 
207952.74 7.3757e-16 210820.41 3 
209686.72 8.2606e-16 212578.30 3 
211421.59 8.0967e-16 214337.09 3 
213157.45 7.7345e-16 216096.89 3 
214894.22 8.1257e-16 217857.61 3 
216631.94 8.7257e-16 219619.30 3 
218370.67 8.1650e-16 221382.00 3 
220110.27 7.7658e-16 223145.59 3 
221850.88 8.3829e-16 224910.20 3 
223592.36 8.7351e-16 226675.70 3 
225334.82 8.3738e-16 228442.19 3 
227078.28 8.0849e-16 230209.69 3 
228822.63 8.5357e-16 231978.09 3 
230567.97 8.8687e-16 233747.50 3 
232314.29 8.8071e-16 235517.91 3 
234061.50 8.5234e-16 237289.20 3 
235809.79 8.5872e-16 239061.61 3 
237558.88 8.9571e-16 240834.81 3 
239309.02 9.1451e-16 242609.09 3 
241060.19 8.8740e-16 244384.41 3 
242812.23 8.7706e-16 246160.61 3 
244565.24 9.0379e-16 247937.80 3 
246319.26 9.2213e-16 249716.00 3 
248074.15 9.2758e-16 251495.09 3 
249830.14 9.2444e-16 253275.30 3 
251587.02 9.2567e-16 255056.41 3 
253344.98 9.4271e-16 256838.61 3 
255103.81 9.5921e-16 258621.69 3 
256863.66 9.7065e-16 260405.81 3 
258624.47 9.9624e-16 262190.91 3 
260386.27 9.8317e-16 263977.00 3 
262149.06 9.7701e-16 265764.09 3 
263912.86 9.8783e-16 267552.22 3 
265677.62 9.7731e-16 269341.31 3 
267443.36 1.0014e-15 271131.41 3 
269210.09 1.0055e-15 272922.50 3 
270977.81 1.0010e-15 274714.59 3 
272746.64 9.8870e-16 276507.81 3 
274516.33 1.0046e-15 278301.91 3 
276287.00 1.0367e-15 280097.00 3 
278058.76 1.0558e-15 281893.19 3 
279831.53 1.0384e-15 283690.41 3 
281605.16 1.0557e-15 285488.50 3 
283379.88 1.0441e-15 287287.69 3 
285155.61 1.0520e-15 289087.91 3 
286932.42 1.0555e-15 290889.22 3 
288710.19 1.0760e-15 292691.50 3 
290488.88 1.0466e-15 294494.72 3 
292268.71 1.0765e-15 296299.09 3 
294049.46 1.0837e-15 298104.41 3 
295831.27 1.0845e-15 299910.78 3 
297614.09 1.0655e-15 301718.19 3 
299397.90 1.1168e-15 303526.59 3 
301182.78 1.1087e-15 305336.09 3 
302968.66 1.1151e-15 307146.59 3 
304755.52 1.1036e-15 308958.09 3 
306543.45 1.1374e-15 310770.69 3 
308332.50 1.1214e-15 312584.41 3 
310122.50 1.1026e-15 314399.09 3 
311913.52 1.1504e-15 316214.81 3 
313705.50 1.1998e-15 318031.50 3 
315498.68 1.1572e-15 319849.41 3 
317292.75 1.1550e-15 321668.22 3 
319087.96 1.1975e-15 323488.19 3 
320884.10 1.1344e-15 325309.09 3 
322681.41 1.1985e-15 327131.19 3 
324479.74 1.1823e-15 328954.31 3 
326278.99 1.1790e-15 330778.38 3 
328079.38 1.1937e-15 332603.59 3 
329880.85 1.1596e-15 334429.91 3 
331683.37 1.2600e-15 336257.28 3 
333486.93 1.2875e-15 338085.72 3 
335291.52 1.2988e-15 339915.19 3 
337097.12 1.2090e-15 341745.69 3 
338903.83 1.1579e-15 343577.31 3 
340711.71 1.1623e-15 345410.12 3 
342520.46 1.2369e-15 347243.81 3 
344330.40 1.2034e-15 349078.72 3 
