# An Atlas of Galaxy Spectral Energy Distributions from the Ultraviolet to the Mid-Infrared
# Brown et al. (2014)
# http://dx.doi.org/10.5072/03/529D3551F0117
# 
# Column 1 : Restframe Wavelength (Angstrom)
# Column 2 : Flux per unit wavelength (ergs/s/cm^2/Angstrom)
# Column 3 : Observed wavelength (Angstrom)
# Column 4 : Source (0 = model, 1 = Optical Spectrum, 2 = Akari, 3 = Spitzer IRS)
# 
   100.05 1.1868e-36    103.99 0 
   101.91 2.7229e-36    105.93 0 
   104.05 5.5286e-36    108.14 0 
   105.98 1.1304e-35    110.15 0 
   107.95 2.3273e-35    112.20 0 
   109.96 5.3638e-35    114.29 0 
   114.09 1.8564e-34    118.58 0 
   118.10 5.7264e-34    122.74 0 
   121.12 4.1715e-33    125.89 0 
   125.09 1.1105e-32    130.02 0 
   127.13 1.7184e-32    132.13 0 
   128.01 2.1774e-32    133.05 0 
   130.99 4.0305e-32    136.14 0 
   131.90 5.6779e-32    137.09 0 
   134.04 8.3323e-32    139.32 0 
   136.85 1.7188e-31    142.23 0 
   140.03 2.9757e-31    145.55 0 
   142.97 1.2735e-30    148.59 0 
   146.97 5.1788e-30    152.76 0 
   151.09 9.6921e-30    157.04 0 
   154.96 1.7810e-29    161.06 0 
   158.94 3.2201e-29    165.20 0 
   161.89 4.9010e-29    168.27 0 
   166.05 8.5205e-29    172.58 0 
   169.92 1.4214e-28    176.60 0 
   173.07 2.0801e-28    179.89 0 
   177.11 3.3595e-28    184.08 0 
   179.98 4.7501e-28    187.07 0 
   182.07 5.9469e-28    189.23 0 
   185.88 9.2371e-28    193.20 0 
   191.09 1.5649e-27    198.61 0 
   194.19 2.1374e-27    201.84 0 
   197.80 3.1562e-27    205.59 0 
   201.94 4.6274e-27    209.89 0 
   205.23 6.1049e-27    213.30 0 
   210.01 9.1143e-27    218.27 0 
   215.89 1.5832e-26    224.39 0 
   219.90 2.2067e-26    228.56 0 
   222.96 2.7677e-26    231.74 0 
   227.11 3.7957e-26    236.05 0 
   229.74 6.4977e-26    238.78 0 
   234.01 1.2328e-25    243.22 0 
   240.01 2.2371e-25    249.46 0 
   246.17 3.0092e-25    255.86 0 
   251.90 4.5424e-25    261.82 0 
   257.18 5.0491e-25    267.30 0 
   260.15 6.8804e-25    270.40 0 
   263.77 8.9305e-25    274.16 0 
   269.30 1.1528e-24    279.90 0 
   274.30 1.4647e-24    285.10 0 
   278.76 1.8485e-24    289.73 0 
   283.94 2.3430e-24    295.12 0 
   289.89 2.9211e-24    301.30 0 
   295.96 3.8221e-24    307.61 0 
   300.77 4.5848e-24    312.61 0 
   307.77 6.1642e-24    319.89 0 
   317.86 9.1369e-24    330.37 0 
   328.27 1.3051e-23    341.19 0 
   338.25 1.8054e-23    351.56 0 
   347.72 2.4468e-23    361.41 0 
   356.64 3.2266e-23    370.68 0 
   365.79 4.2739e-23    380.19 0 
   375.17 5.4307e-23    389.94 0 
   384.80 6.7272e-23    399.94 0 
   394.67 9.0105e-23    410.20 0 
   404.79 1.1658e-22    420.73 0 
   414.22 1.4145e-22    430.53 0 
   421.92 1.6442e-22    438.53 0 
   429.77 1.9200e-22    446.68 0 
   440.79 2.4318e-22    458.14 0 
   451.06 2.9156e-22    468.81 0 
   460.50 3.3550e-22    478.63 0 
   470.14 3.9959e-22    488.65 0 
   479.99 4.7916e-22    498.88 0 
   490.04 5.4613e-22    509.33 0 
   500.30 6.5926e-22    520.00 0 
   506.09 7.4781e-22    526.02 0 
   511.96 1.3505e-21    532.11 0 
   520.27 1.5620e-21    540.75 0 
   529.95 1.8474e-21    550.81 0 
   539.80 2.0248e-21    561.05 0 
   549.83 3.0350e-21    571.48 0 
   560.06 4.0168e-21    582.10 0 
   570.47 5.1116e-21    592.93 0 
   579.74 5.5142e-21    602.56 0 
   590.52 7.6044e-21    613.76 0 
   600.11 8.8696e-21    623.73 0 
   609.86 1.1500e-20    633.87 0 
   619.77 1.4705e-20    644.17 0 
   629.84 1.7749e-20    654.64 0 
   640.08 1.9762e-20    665.27 0 
   650.48 2.5029e-20    676.08 0 
   658.01 2.9155e-20    683.91 0 
   665.63 3.2882e-20    691.83 0 
   674.89 3.6126e-20    701.46 0 
   684.28 3.9233e-20    711.21 0 
   695.40 5.6113e-20    722.77 0 
   705.07 5.8453e-20    732.82 0 
   716.53 7.6758e-20    744.73 0 
   726.49 8.6853e-20    755.09 0 
   734.91 9.7006e-20    763.84 0 
   745.13 1.1978e-19    774.46 0 
   755.50 1.3865e-19    785.24 0 
   764.24 1.5879e-19    794.33 0 
   774.88 1.8633e-19    805.38 0 
   785.65 2.1613e-19    816.58 0 
   794.75 2.4128e-19    826.04 0 
   805.81 2.6968e-19    837.53 0 
   815.14 2.9825e-19    847.23 0 
   824.58 3.5098e-19    857.04 0 
   834.13 3.0196e-19    866.96 0 
   845.73 4.1601e-19    879.02 0 
   855.52 4.5467e-19    889.20 0 
   865.43 5.2029e-19    899.50 0 
   875.45 5.9397e-19    909.91 0 
   885.59 6.8745e-19    920.45 0 
   895.84 7.6856e-19    931.11 0 
   904.13 8.0464e-19    939.72 0 
   914.60 1.3739e-18    950.60 0 
   925.19 1.0972e-17    961.61 0 
   935.91 2.5857e-17    972.75 0 
   944.57 5.3011e-17    981.75 0 
   955.50 8.0274e-17    993.12 0 
   964.34 9.2962e-17   1002.31 0 
   975.51 1.4042e-17   1013.91 0 
   984.54 8.1676e-17   1023.29 0 
   995.94 9.3355e-17   1035.14 0 
  1005.15 1.4884e-16   1044.72 0 
  1014.45 1.5077e-16   1054.39 0 
  1023.84 6.6349e-17   1064.14 0 
  1035.70 1.0907e-16   1076.47 0 
  1045.28 2.2971e-16   1086.43 0 
  1054.95 2.3421e-16   1096.48 0 
  1064.71 1.8621e-16   1106.62 0 
  1074.56 2.3461e-16   1116.86 0 
  1084.51 1.8650e-16   1127.20 0 
  1094.54 2.6605e-16   1137.63 0 
  1104.67 2.6621e-16   1148.15 0 
  1114.89 2.6329e-16   1158.78 0 
  1125.21 2.4412e-16   1169.50 0 
  1135.62 3.2866e-16   1180.32 0 
  1146.12 3.0539e-16   1191.24 0 
  1154.07 3.3935e-16   1199.50 0 
  1164.75 3.6197e-16   1210.60 0 
  1175.52 2.5157e-16   1221.80 0 
  1183.67 3.6930e-16   1230.27 0 
  1194.63 2.4563e-16   1241.65 0 
  1205.68 1.7424e-16   1253.14 0 
  1214.04 1.2439e-16   1261.83 0 
  1225.27 2.7075e-16   1273.50 0 
  1233.76 4.4170e-16   1282.33 0 
  1245.18 5.0797e-16   1294.20 0 
  1253.81 4.9813e-16   1303.17 0 
  1265.41 4.2557e-16   1315.22 0 
  1274.18 6.0035e-16   1324.34 0 
  1285.97 6.5606e-16   1336.60 0 
  1294.89 5.1918e-16   1345.86 0 
  1303.86 5.1128e-16   1355.19 0 
  1315.93 6.8559e-16   1367.73 0 
  1325.05 6.7505e-16   1377.21 0 
  1334.23 5.9783e-16   1386.76 0 
  1343.48 7.5646e-16   1396.37 0 
  1355.91 7.4304e-16   1409.29 0 
  1365.31 6.6704e-16   1419.06 0 
  1374.78 7.2988e-16   1428.89 0 
  1384.31 7.5217e-16   1438.80 0 
  1393.90 6.7975e-16   1448.77 0 
  1403.56 7.1837e-16   1458.81 0 
  1416.55 7.3163e-16   1472.31 0 
  1426.37 7.7841e-16   1482.52 0 
  1436.26 7.7640e-16   1492.79 0 
  1442.89 8.4137e-16   1499.69 0 
  1446.21 8.7484e-16   1503.14 0 
  1456.24 8.5651e-16   1513.56 0 
  1466.33 7.9341e-16   1524.05 0 
  1476.50 8.0209e-16   1534.62 0 
  1483.31 8.4336e-16   1541.70 0 
  1493.59 8.8039e-16   1552.39 0 
  1503.94 8.4779e-16   1563.15 0 
  1510.89 7.4991e-16   1570.36 0 
  1517.86 8.2170e-16   1577.61 0 
  1524.87 7.8776e-16   1584.89 0 
  1535.44 6.8530e-16   1595.88 0 
  1546.08 8.0228e-16   1606.94 0 
  1553.22 7.5845e-16   1614.36 0 
  1563.98 7.6965e-16   1625.55 0 
  1574.82 8.3679e-16   1636.82 0 
  1585.74 9.0134e-16   1648.16 0 
  1596.73 9.3780e-16   1659.59 0 
  1604.10 9.2804e-16   1667.25 0 
  1615.22 9.4342e-16   1678.80 0 
  1626.42 8.8878e-16   1690.44 0 
  1633.92 9.6640e-16   1698.24 0 
  1645.25 9.9806e-16   1710.02 0 
  1656.65 9.1222e-16   1721.87 0 
  1664.30 1.0265e-15   1729.82 0 
  1671.98 8.8636e-16   1737.80 0 
  1675.84 1.0357e-15   1741.81 0 
  1683.57 1.1103e-15   1749.85 0 
  1695.24 1.0427e-15   1761.98 0 
  1703.07 1.0053e-15   1770.11 0 
  1714.87 9.5713e-16   1782.38 0 
  1726.76 9.5844e-16   1794.73 0 
  1734.73 1.0389e-15   1803.02 0 
  1746.75 1.0235e-15   1815.52 0 
  1754.82 1.1170e-15   1823.90 0 
  1766.98 1.0102e-15   1836.54 0 
  1775.14 1.0600e-15   1845.02 0 
  1783.33 1.0893e-15   1853.53 0 
  1795.69 1.1813e-15   1866.38 0 
  1803.98 1.1780e-15   1874.99 0 
  1816.49 1.0920e-15   1887.99 0 
  1824.87 1.1218e-15   1896.71 0 
  1833.29 1.0803e-15   1905.46 0 
  1846.00 9.9193e-16   1918.67 0 
  1854.52 1.0070e-15   1927.53 0 
  1863.08 1.0461e-15   1936.42 0 
  1876.00 1.1437e-15   1949.84 0 
  1884.66 1.0611e-15   1958.84 0 
  1893.35 1.0283e-15   1967.89 0 
  1906.48 1.0831e-15   1981.53 0 
  1915.28 1.0567e-15   1990.67 0 
  1924.12 1.0501e-15   1999.86 0 
  1933.00 1.0850e-15   2009.09 0 
  1946.40 1.1290e-15   2023.02 0 
  1955.38 1.0661e-15   2032.36 0 
  1968.94 1.1719e-15   2046.45 0 
  1978.03 1.2075e-15   2055.89 0 
  1982.58 1.1452e-15   2060.63 0 
  1996.33 1.1085e-15   2074.91 0 
  2005.54 1.1471e-15   2084.49 0 
  2014.80 1.1026e-15   2094.11 0 
  2024.10 1.1646e-15   2103.78 0 
  2033.44 1.1063e-15   2113.49 0 
  2042.83 1.1602e-15   2123.24 0 
  2056.99 1.1038e-15   2137.96 0 
  2066.48 1.1077e-15   2147.83 0 
  2076.02 1.1882e-15   2157.74 0 
  2085.60 1.1703e-15   2167.70 0 
  2095.23 1.1082e-15   2177.71 0 
  2104.90 1.1141e-15   2187.76 0 
  2114.62 1.1224e-15   2197.86 0 
  2124.38 1.1436e-15   2208.01 0 
  2134.18 1.0505e-15   2218.20 0 
  2144.04 1.0850e-15   2228.44 0 
  2153.93 1.1282e-15   2238.72 0 
  2163.87 1.0896e-15   2249.05 0 
  2173.86 1.0767e-15   2259.44 0 
  2183.90 1.0564e-15   2269.86 0 
  2193.98 1.1105e-15   2280.34 0 
  2204.10 1.0743e-15   2290.87 0 
  2214.28 1.0179e-15   2301.44 0 
  2224.50 9.8082e-16   2312.07 0 
  2234.77 1.0621e-15   2322.74 0 
  2245.08 1.0198e-15   2333.46 0 
  2255.44 9.9738e-16   2344.23 0 
  2265.85 1.0381e-15   2355.05 0 
  2276.31 1.0829e-15   2365.92 0 
  2286.82 1.1219e-15   2376.84 0 
  2297.38 1.0773e-15   2387.81 0 
  2302.67 1.0790e-15   2393.32 0 
  2313.30 1.0433e-15   2404.36 0 
  2323.98 8.2378e-16   2415.46 0 
  2334.70 1.0005e-15   2426.61 0 
  2345.48 9.8311e-16   2437.81 0 
  2356.31 1.0765e-15   2449.06 0 
  2367.18 1.0033e-15   2460.37 0 
  2372.64 1.0450e-15   2466.04 0 
  2383.59 9.8298e-16   2477.42 0 
  2394.59 1.0690e-15   2488.86 0 
  2405.65 1.0337e-15   2500.35 0 
  2416.75 1.0711e-15   2511.89 0 
  2422.32 1.1391e-15   2517.68 0 
  2433.50 1.1040e-15   2529.30 0 
  2444.74 1.1842e-15   2540.97 0 
  2456.02 1.1719e-15   2552.70 0 
  2467.36 1.1839e-15   2564.48 0 
  2473.04 1.1536e-15   2570.40 0 
  2484.46 1.2177e-15   2582.26 0 
  2495.93 1.1614e-15   2594.18 0 
  2507.45 1.2926e-15   2606.15 0 
  2513.23 1.1836e-15   2612.16 0 
  2519.02 1.2301e-15   2618.18 0 
  2524.83 1.1740e-15   2624.22 0 
  2536.48 1.1945e-15   2636.33 0 
  2542.33 1.1828e-15   2642.41 0 
  2554.06 1.2718e-15   2654.61 0 
  2565.85 1.2674e-15   2666.86 0 
  2577.70 1.3533e-15   2679.17 0 
  2583.64 1.3557e-15   2685.34 0 
  2595.57 1.3542e-15   2697.74 0 
  2607.55 1.3249e-15   2710.19 0 
  2613.56 1.3242e-15   2716.44 0 
  2625.62 1.3915e-15   2728.98 0 
  2637.74 1.4223e-15   2741.57 0 
  2643.82 1.5373e-15   2747.89 0 
  2656.02 1.5535e-15   2760.58 0 
  2662.15 1.4557e-15   2766.94 0 
  2674.43 1.5333e-15   2779.71 0 
  2686.78 1.5317e-15   2792.54 0 
  2692.97 1.4961e-15   2798.98 0 
  2705.40 1.5399e-15   2811.90 0 
  2717.89 1.4999e-15   2824.88 0 
  2724.15 1.5200e-15   2831.39 0 
  2736.73 1.6085e-15   2844.46 0 
  2743.04 1.4395e-15   2851.02 0 
  2755.70 1.4682e-15   2864.18 0 
  2762.05 1.5226e-15   2870.78 0 
  2774.80 1.6076e-15   2884.03 0 
  2787.61 1.5767e-15   2897.34 0 
  2794.04 1.2869e-15   2904.02 0 
  2806.93 1.4033e-15   2917.43 0 
  2813.40 1.6709e-15   2924.15 0 
  2826.39 1.7241e-15   2937.65 0 
  2832.91 1.6649e-15   2944.42 0 
  2845.98 1.6519e-15   2958.01 0 
  2852.54 1.6474e-15   2964.83 0 
  2865.71 1.7516e-15   2978.52 0 
  2872.31 1.7348e-15   2985.38 0 
  2885.57 1.7655e-15   2999.16 0 
  2892.22 1.7486e-15   3006.08 0 
  2912.27 1.8843e-15   3026.91 0 
  2932.46 1.8648e-15   3047.89 0 
  2952.79 1.8798e-15   3069.02 0 
  2973.25 1.9259e-15   3090.30 0 
  2986.98 1.9602e-15   3104.56 0 
  3007.68 2.0083e-15   3126.08 0 
  3028.53 2.0340e-15   3147.75 0 
  3049.52 2.0554e-15   3169.57 0 
  3070.66 2.0771e-15   3191.54 0 
  3091.95 2.1234e-15   3213.66 0 
  3113.38 2.1311e-15   3235.94 0 
  3127.75 2.1446e-15   3250.87 0 
  3149.43 2.1875e-15   3273.41 0 
  3171.26 2.2109e-15   3296.10 0 
  3193.24 2.1687e-15   3318.94 0 
  3207.98 2.2437e-15   3334.26 0 
  3230.22 2.2316e-15   3357.38 0 
  3252.61 2.3029e-15   3380.65 0 
  3267.62 2.3554e-15   3396.25 0 
  3290.27 2.3864e-15   3419.79 0 
  3313.08 2.4179e-15   3443.50 0 
  3320.72 2.4567e-15   3451.44 0 
  3328.37 2.4674e-15   3459.39 0 
  3336.04 2.5012e-15   3467.37 0 
  3343.73 2.4269e-15   3475.36 0 
  3351.44 2.4887e-15   3483.37 0 
  3359.17 2.4427e-15   3491.40 0 
  3366.91 2.4535e-15   3499.45 0 
  3374.68 2.3807e-15   3507.52 0 
  3382.45 2.4245e-15   3515.60 0 
  3390.25 2.5441e-15   3523.71 0 
  3398.07 2.5553e-15   3531.83 0 
  3405.90 2.5025e-15   3539.97 0 
  3413.75 2.5251e-15   3548.13 0 
  3421.62 2.6134e-15   3556.31 0 
  3429.51 2.6054e-15   3564.51 0 
  3437.41 2.6374e-15   3572.73 0 
  3445.34 2.5147e-15   3580.96 0 
  3453.28 2.6656e-15   3589.22 0 
  3461.24 2.5241e-15   3597.49 0 
  3469.22 2.5670e-15   3605.79 0 
  3477.22 2.5219e-15   3614.10 0 
  3485.23 2.5766e-15   3622.43 0 
  3493.27 2.5963e-15   3630.78 0 
  3501.32 2.6162e-15   3639.15 0 
  3509.39 2.5703e-15   3647.54 0 
  3517.48 2.5427e-15   3655.95 0 
  3525.59 2.6219e-15   3664.37 0 
  3533.72 2.6849e-15   3672.82 0 
  3534.23 4.3677e-15   3673.35 1 
  3536.87 8.2527e-16   3676.10 1 
  3539.52 1.7713e-15   3678.85 1 
  3542.16 -3.5757e-16   3681.60 1 
  3544.81 5.1523e-15   3684.35 1 
  3547.45 4.2363e-15   3687.10 1 
  3550.10 4.5486e-15   3689.85 1 
  3552.75 4.7144e-15   3692.60 1 
  3555.39 1.7969e-15   3695.35 1 
  3558.04 2.7652e-15   3698.10 1 
  3560.68 4.6740e-15   3700.85 1 
  3563.33 1.6694e-15   3703.60 1 
  3565.98 7.9149e-17   3706.35 1 
  3568.62 3.4657e-15   3709.10 1 
  3571.27 1.2122e-15   3711.85 1 
  3573.91 5.7366e-15   3714.60 1 
  3576.56 4.1401e-15   3717.35 1 
  3579.20 2.8255e-15   3720.10 1 
  3581.85 4.0163e-15   3722.85 1 
  3584.50 3.2862e-15   3725.60 1 
  3587.14 4.0668e-15   3728.35 1 
  3589.79 4.8719e-15   3731.10 1 
  3592.43 2.4693e-15   3733.85 1 
  3595.08 1.3267e-15   3736.60 1 
  3597.73 2.4808e-16   3739.35 1 
  3600.37 1.8433e-16   3742.10 1 
  3603.02 4.4776e-15   3744.85 1 
  3605.66 1.5975e-15   3747.60 1 
  3608.31 2.8482e-15   3750.35 1 
  3610.95 1.9063e-15   3753.10 1 
  3613.60 1.1222e-15   3755.85 1 
  3616.25 1.8761e-15   3758.60 1 
  3618.89 1.3434e-15   3761.35 1 
  3621.54 1.9567e-15   3764.10 1 
  3624.18 3.2642e-15   3766.85 1 
  3626.83 3.5395e-15   3769.60 1 
  3629.48 1.9635e-15   3772.35 1 
  3632.12 2.2867e-15   3775.10 1 
  3634.77 3.0762e-15   3777.85 1 
  3637.41 3.5368e-15   3780.60 1 
  3640.06 2.8051e-15   3783.35 1 
  3642.71 4.1648e-15   3786.10 1 
  3645.35 2.8548e-15   3788.85 1 
  3648.00 3.1597e-15   3791.60 1 
  3650.64 2.7673e-15   3794.35 1 
  3653.29 2.6308e-15   3797.10 1 
  3655.93 1.9060e-15   3799.85 1 
  3658.58 1.6949e-15   3802.60 1 
  3661.23 2.6385e-15   3805.35 1 
  3663.87 5.2071e-15   3808.10 1 
  3666.52 4.9571e-15   3810.85 1 
  3669.16 3.4056e-16   3813.60 1 
  3671.81 2.5793e-15   3816.35 1 
  3674.46 2.5189e-15   3819.10 1 
  3677.10 3.5508e-15   3821.85 1 
  3679.75 2.4061e-15   3824.60 1 
  3682.39 5.1727e-15   3827.35 1 
  3685.04 3.5130e-15   3830.10 1 
  3687.68 3.5955e-15   3832.85 1 
  3690.33 1.3889e-15   3835.60 1 
  3692.98 1.5660e-15   3838.35 1 
  3695.62 2.4692e-15   3841.10 1 
  3698.27 2.5997e-15   3843.85 1 
  3700.91 1.1503e-15   3846.60 1 
  3703.56 2.7977e-15   3849.35 1 
  3706.21 2.5149e-15   3852.10 1 
  3708.85 4.4142e-15   3854.85 1 
  3711.50 3.0135e-15   3857.60 1 
  3714.14 5.0218e-15   3860.35 1 
  3716.79 2.9452e-15   3863.10 1 
  3719.43 2.3321e-15   3865.85 1 
  3722.08 4.0840e-15   3868.60 1 
  3724.73 4.9325e-15   3871.35 1 
  3727.37 4.8156e-15   3874.10 1 
  3730.02 7.0915e-15   3876.85 1 
  3732.66 3.4460e-15   3879.60 1 
  3735.31 4.2169e-15   3882.35 1 
  3737.96 3.3305e-15   3885.10 1 
  3740.60 3.4161e-15   3887.85 1 
  3743.25 2.4492e-15   3890.60 1 
  3745.89 1.9475e-15   3893.35 1 
  3748.54 4.8330e-15   3896.10 1 
  3751.18 1.2283e-15   3898.85 1 
  3753.83 4.2966e-15   3901.60 1 
  3756.48 4.0363e-15   3904.35 1 
  3759.12 2.8502e-15   3907.10 1 
  3761.77 2.9430e-15   3909.85 1 
  3764.41 2.7360e-15   3912.60 1 
  3767.06 2.6844e-15   3915.35 1 
  3769.71 1.4613e-15   3918.10 1 
  3772.35 2.1591e-15   3920.85 1 
  3775.00 3.0548e-15   3923.60 1 
  3777.64 2.9224e-15   3926.35 1 
  3780.29 4.0780e-15   3929.10 1 
  3782.93 5.1247e-15   3931.85 1 
  3785.58 4.1833e-15   3934.60 1 
  3788.23 4.6753e-15   3937.35 1 
  3790.87 3.9254e-15   3940.10 1 
  3793.52 3.6352e-15   3942.85 1 
  3796.16 1.4467e-15   3945.60 1 
  3798.81 1.3696e-15   3948.35 1 
  3801.46 2.1604e-15   3951.10 1 
  3804.10 2.6269e-15   3953.85 1 
  3806.75 3.7103e-15   3956.60 1 
  3809.39 2.0352e-15   3959.35 1 
  3812.04 4.0112e-15   3962.10 1 
  3814.69 3.9912e-15   3964.85 1 
  3817.33 4.5857e-15   3967.60 1 
  3819.98 4.9657e-15   3970.35 1 
  3822.62 5.0235e-15   3973.10 1 
  3825.27 2.9768e-15   3975.85 1 
  3827.91 3.3292e-15   3978.60 1 
  3830.56 4.0398e-15   3981.35 1 
  3833.21 3.4556e-15   3984.10 1 
  3835.85 3.3790e-15   3986.85 1 
  3838.50 4.5359e-15   3989.60 1 
  3841.14 4.3733e-15   3992.35 1 
  3843.79 3.9817e-15   3995.10 1 
  3846.44 4.6940e-15   3997.85 1 
  3849.08 4.4022e-15   4000.60 1 
  3851.73 4.8715e-15   4003.35 1 
  3854.37 3.8380e-15   4006.10 1 
  3857.02 4.8063e-15   4008.85 1 
  3859.66 4.6036e-15   4011.60 1 
  3862.31 4.8290e-15   4014.35 1 
  3864.96 4.4460e-15   4017.10 1 
  3867.60 4.6600e-15   4019.85 1 
  3870.25 4.6078e-15   4022.60 1 
  3872.89 2.8416e-15   4025.35 1 
  3875.54 3.6405e-15   4028.10 1 
  3878.19 3.8555e-15   4030.85 1 
  3880.83 2.9985e-15   4033.60 1 
  3883.48 3.6439e-15   4036.35 1 
  3886.12 4.7821e-15   4039.10 1 
  3888.77 6.1927e-15   4041.85 1 
  3891.41 5.5379e-15   4044.60 1 
  3894.06 4.2162e-15   4047.35 1 
  3896.71 4.2744e-15   4050.10 1 
  3899.35 4.6505e-15   4052.85 1 
  3902.00 5.1439e-15   4055.60 1 
  3904.64 5.4285e-15   4058.35 1 
  3907.29 6.1409e-15   4061.10 1 
  3909.94 4.3047e-15   4063.85 1 
  3912.58 5.2332e-15   4066.60 1 
  3915.23 6.0166e-15   4069.35 1 
  3917.87 5.5034e-15   4072.10 1 
  3920.52 4.0648e-15   4074.85 1 
  3923.16 3.8218e-15   4077.60 1 
  3925.81 5.1995e-15   4080.35 1 
  3928.46 4.9123e-15   4083.10 1 
  3931.10 3.9293e-15   4085.85 1 
  3933.75 4.6199e-15   4088.60 1 
  3936.39 4.7203e-15   4091.35 1 
  3939.04 4.2989e-15   4094.10 1 
  3941.69 5.2617e-15   4096.85 1 
  3944.33 4.8020e-15   4099.60 1 
  3946.98 3.6849e-15   4102.35 1 
  3949.62 5.0786e-15   4105.10 1 
  3952.27 5.8063e-15   4107.85 1 
  3954.91 3.5805e-15   4110.60 1 
  3957.56 5.1635e-15   4113.35 1 
  3960.21 6.0355e-15   4116.10 1 
  3962.85 3.4791e-15   4118.85 1 
  3965.50 2.1188e-15   4121.60 1 
  3968.14 2.9602e-15   4124.35 1 
  3970.79 3.6113e-15   4127.10 1 
  3973.44 4.1378e-15   4129.85 1 
  3976.08 4.5691e-15   4132.60 1 
  3978.73 4.7580e-15   4135.35 1 
  3981.37 6.3209e-15   4138.10 1 
  3984.02 5.9712e-15   4140.85 1 
  3986.67 5.3731e-15   4143.60 1 
  3989.31 6.6912e-15   4146.35 1 
  3991.96 6.5309e-15   4149.10 1 
  3994.60 5.7017e-15   4151.85 1 
  3997.25 5.4866e-15   4154.60 1 
  3999.89 5.1530e-15   4157.35 1 
  4002.54 6.3929e-15   4160.10 1 
  4005.19 6.6650e-15   4162.85 1 
  4007.83 4.6361e-15   4165.60 1 
  4010.48 5.5004e-15   4168.35 1 
  4013.12 6.1851e-15   4171.10 1 
  4015.77 5.4352e-15   4173.85 1 
  4018.42 5.8960e-15   4176.60 1 
  4021.06 6.5992e-15   4179.35 1 
  4023.71 5.4644e-15   4182.10 1 
  4026.35 5.0447e-15   4184.85 1 
  4029.00 5.0424e-15   4187.60 1 
  4031.64 5.2462e-15   4190.35 1 
  4034.29 5.7793e-15   4193.10 1 
  4036.94 6.0602e-15   4195.85 1 
  4039.58 6.0681e-15   4198.60 1 
  4042.23 5.4656e-15   4201.35 1 
  4044.87 5.9962e-15   4204.10 1 
  4047.52 5.7586e-15   4206.85 1 
  4050.17 5.6246e-15   4209.60 1 
  4052.81 5.2345e-15   4212.35 1 
  4055.46 5.5565e-15   4215.10 1 
  4058.10 4.9491e-15   4217.85 1 
  4060.75 4.6642e-15   4220.60 1 
  4063.39 5.3112e-15   4223.35 1 
  4066.04 4.5602e-15   4226.10 1 
  4068.69 5.8502e-15   4228.85 1 
  4071.33 5.4862e-15   4231.60 1 
  4073.98 5.1265e-15   4234.35 1 
  4076.62 5.4577e-15   4237.10 1 
  4079.27 6.0110e-15   4239.85 1 
  4081.92 5.0950e-15   4242.60 1 
  4084.56 5.9767e-15   4245.35 1 
  4087.21 5.2178e-15   4248.10 1 
  4089.85 4.8726e-15   4250.85 1 
  4092.50 4.7077e-15   4253.60 1 
  4095.14 3.7560e-15   4256.35 1 
  4097.79 3.8981e-15   4259.10 1 
  4100.44 3.6105e-15   4261.85 1 
  4103.08 2.8584e-15   4264.60 1 
  4105.73 3.2875e-15   4267.35 1 
  4108.37 4.6430e-15   4270.10 1 
  4111.02 3.6790e-15   4272.85 1 
  4113.67 4.5807e-15   4275.60 1 
  4116.31 5.3553e-15   4278.35 1 
  4118.96 5.5747e-15   4281.10 1 
  4121.60 6.0173e-15   4283.85 1 
  4124.25 4.9124e-15   4286.60 1 
  4126.89 4.3464e-15   4289.35 1 
  4129.54 4.7655e-15   4292.10 1 
  4132.19 5.3967e-15   4294.85 1 
  4134.83 5.1455e-15   4297.60 1 
  4137.48 5.6437e-15   4300.35 1 
  4140.12 5.6272e-15   4303.10 1 
  4142.77 5.4746e-15   4305.85 1 
  4145.42 5.4324e-15   4308.60 1 
  4148.06 5.7592e-15   4311.35 1 
  4150.71 5.6368e-15   4314.10 1 
  4153.35 6.3845e-15   4316.85 1 
  4156.00 6.1737e-15   4319.60 1 
  4158.65 5.8115e-15   4322.35 1 
  4161.29 4.9616e-15   4325.10 1 
  4163.94 5.5129e-15   4327.85 1 
  4166.58 5.7892e-15   4330.60 1 
  4169.23 4.6253e-15   4333.35 1 
  4171.87 5.7541e-15   4336.10 1 
  4174.52 5.5990e-15   4338.85 1 
  4177.17 4.6216e-15   4341.60 1 
  4179.81 5.5107e-15   4344.35 1 
  4182.46 5.7100e-15   4347.10 1 
  4185.10 5.0368e-15   4349.85 1 
  4187.75 5.8906e-15   4352.60 1 
  4190.40 6.5595e-15   4355.35 1 
  4193.04 6.6149e-15   4358.10 1 
  4195.69 5.4865e-15   4360.85 1 
  4198.33 4.8953e-15   4363.60 1 
  4200.98 5.5916e-15   4366.35 1 
  4203.62 6.4231e-15   4369.10 1 
  4206.27 5.3707e-15   4371.85 1 
  4208.92 6.3221e-15   4374.60 1 
  4211.56 5.3847e-15   4377.35 1 
  4214.21 4.8733e-15   4380.10 1 
  4216.85 4.4329e-15   4382.85 1 
  4219.50 6.1317e-15   4385.60 1 
  4222.15 4.6965e-15   4388.35 1 
  4224.79 4.8927e-15   4391.10 1 
  4227.44 5.2874e-15   4393.85 1 
  4230.08 5.0424e-15   4396.60 1 
  4232.73 5.2323e-15   4399.35 1 
  4235.37 5.1303e-15   4402.10 1 
  4238.02 5.1764e-15   4404.85 1 
  4240.67 5.4868e-15   4407.60 1 
  4243.31 5.5751e-15   4410.35 1 
  4245.96 4.1036e-15   4413.10 1 
  4248.60 5.8189e-15   4415.85 1 
  4251.25 4.6635e-15   4418.60 1 
  4253.90 5.3341e-15   4421.35 1 
  4256.54 5.9059e-15   4424.10 1 
  4259.19 5.0853e-15   4426.85 1 
  4261.83 6.0792e-15   4429.60 1 
  4264.48 6.0942e-15   4432.35 1 
  4267.12 5.4538e-15   4435.10 1 
  4269.77 5.9217e-15   4437.85 1 
  4272.42 5.7805e-15   4440.60 1 
  4275.06 5.3524e-15   4443.35 1 
  4277.71 5.8293e-15   4446.10 1 
  4280.35 5.2068e-15   4448.85 1 
  4283.00 5.0582e-15   4451.60 1 
  4285.65 5.0749e-15   4454.35 1 
  4288.29 5.3705e-15   4457.10 1 
  4290.94 5.4643e-15   4459.85 1 
  4293.58 6.1959e-15   4462.60 1 
  4296.23 5.3613e-15   4465.35 1 
  4298.87 4.2719e-15   4468.10 1 
  4301.52 4.2563e-15   4470.85 1 
  4304.17 4.3852e-15   4473.60 1 
  4306.81 5.3327e-15   4476.35 1 
  4309.46 5.2274e-15   4479.10 1 
  4312.10 3.8434e-15   4481.85 1 
  4314.75 5.6174e-15   4484.60 1 
  4317.40 5.8823e-15   4487.35 1 
  4320.04 5.4866e-15   4490.10 1 
  4322.69 5.4142e-15   4492.85 1 
  4325.33 5.8237e-15   4495.60 1 
  4327.98 6.2142e-15   4498.35 1 
  4330.63 5.1191e-15   4501.10 1 
  4333.27 4.3918e-15   4503.85 1 
  4335.92 5.2896e-15   4506.60 1 
  4338.56 4.0632e-15   4509.35 1 
  4341.21 4.1538e-15   4512.10 1 
  4343.85 4.5485e-15   4514.85 1 
  4346.50 4.6336e-15   4517.60 1 
  4349.15 4.4257e-15   4520.35 1 
  4351.79 5.5681e-15   4523.10 1 
  4354.44 5.2041e-15   4525.85 1 
  4357.08 4.9420e-15   4528.60 1 
  4359.73 6.8347e-15   4531.35 1 
  4362.38 5.9071e-15   4534.10 1 
  4365.02 5.5991e-15   4536.85 1 
  4367.67 5.1842e-15   4539.60 1 
  4370.31 6.2781e-15   4542.35 1 
  4372.96 6.5411e-15   4545.10 1 
  4375.60 5.9088e-15   4547.85 1 
  4378.25 5.5977e-15   4550.60 1 
  4380.90 5.6256e-15   4553.35 1 
  4383.54 6.0187e-15   4556.10 1 
  4386.19 5.5358e-15   4558.85 1 
  4388.83 5.7894e-15   4561.60 1 
  4391.48 5.7350e-15   4564.35 1 
  4394.13 5.1522e-15   4567.10 1 
  4396.77 6.3483e-15   4569.85 1 
  4399.42 5.2504e-15   4572.60 1 
  4402.06 4.7278e-15   4575.35 1 
  4404.71 5.8215e-15   4578.10 1 
  4407.35 5.9661e-15   4580.85 1 
  4410.00 5.7656e-15   4583.60 1 
  4412.65 5.8960e-15   4586.35 1 
  4415.29 5.9953e-15   4589.10 1 
  4417.94 5.5687e-15   4591.85 1 
  4420.58 5.6416e-15   4594.60 1 
  4423.23 5.1093e-15   4597.35 1 
  4425.88 4.9772e-15   4600.10 1 
  4428.52 5.2493e-15   4602.85 1 
  4431.17 5.6153e-15   4605.60 1 
  4433.81 5.3415e-15   4608.35 1 
  4436.46 5.7072e-15   4611.10 1 
  4439.10 5.7381e-15   4613.85 1 
  4441.75 5.6280e-15   4616.60 1 
  4444.40 5.8554e-15   4619.35 1 
  4447.04 6.1618e-15   4622.10 1 
  4449.69 5.6020e-15   4624.85 1 
  4452.33 5.6747e-15   4627.60 1 
  4454.98 5.4066e-15   4630.35 1 
  4457.63 5.3963e-15   4633.10 1 
  4460.27 5.1696e-15   4635.85 1 
  4462.92 5.3996e-15   4638.60 1 
  4465.56 5.2652e-15   4641.35 1 
  4468.21 5.0409e-15   4644.10 1 
  4470.85 5.9995e-15   4646.85 1 
  4473.50 5.1065e-15   4649.60 1 
  4476.15 5.3688e-15   4652.35 1 
  4478.79 6.9039e-15   4655.10 1 
  4481.44 6.0992e-15   4657.85 1 
  4484.08 5.7800e-15   4660.60 1 
  4486.73 5.5592e-15   4663.35 1 
  4489.38 5.9963e-15   4666.10 1 
  4492.02 5.5150e-15   4668.85 1 
  4494.67 6.1416e-15   4671.60 1 
  4497.31 6.4139e-15   4674.35 1 
  4499.96 5.5938e-15   4677.10 1 
  4502.61 5.8167e-15   4679.85 1 
  4505.25 6.1557e-15   4682.60 1 
  4507.90 5.8466e-15   4685.35 1 
  4510.54 6.5569e-15   4688.10 1 
  4513.19 6.5917e-15   4690.85 1 
  4515.83 6.5864e-15   4693.60 1 
  4518.48 6.2368e-15   4696.35 1 
  4521.13 5.8468e-15   4699.10 1 
  4523.77 5.3344e-15   4701.85 1 
  4526.42 5.5432e-15   4704.60 1 
  4529.06 6.4439e-15   4707.35 1 
  4531.71 6.8700e-15   4710.10 1 
  4534.36 5.8340e-15   4712.85 1 
  4537.00 5.4833e-15   4715.60 1 
  4539.65 5.5976e-15   4718.35 1 
  4542.29 5.8874e-15   4721.10 1 
  4544.94 6.4746e-15   4723.85 1 
  4547.58 5.7520e-15   4726.60 1 
  4550.23 6.0087e-15   4729.35 1 
  4552.88 5.3922e-15   4732.10 1 
  4555.52 5.8732e-15   4734.85 1 
  4558.17 6.9240e-15   4737.60 1 
  4560.81 5.9997e-15   4740.35 1 
  4563.46 6.1563e-15   4743.10 1 
  4566.11 6.3179e-15   4745.85 1 
  4568.75 6.4309e-15   4748.60 1 
  4571.40 6.1474e-15   4751.35 1 
  4574.04 5.8971e-15   4754.10 1 
  4576.69 6.0589e-15   4756.85 1 
  4579.33 6.0757e-15   4759.60 1 
  4581.98 6.1114e-15   4762.35 1 
  4584.63 6.1232e-15   4765.10 1 
  4587.27 6.0743e-15   4767.85 1 
  4589.92 6.5002e-15   4770.60 1 
  4592.56 5.8467e-15   4773.35 1 
  4595.21 6.0142e-15   4776.10 1 
  4597.86 6.3658e-15   4778.85 1 
  4600.50 6.9346e-15   4781.60 1 
  4603.15 5.9041e-15   4784.35 1 
  4605.79 5.7301e-15   4787.10 1 
  4608.44 6.3393e-15   4789.85 1 
  4611.08 6.1271e-15   4792.60 1 
  4613.73 6.2087e-15   4795.35 1 
  4616.38 5.7531e-15   4798.10 1 
  4619.02 5.5759e-15   4800.85 1 
  4621.67 6.0710e-15   4803.60 1 
  4624.31 6.3918e-15   4806.35 1 
  4626.96 6.4822e-15   4809.10 1 
  4629.61 6.8440e-15   4811.85 1 
  4632.25 6.8131e-15   4814.60 1 
  4634.90 5.8798e-15   4817.35 1 
  4637.54 5.4448e-15   4820.10 1 
  4640.19 5.7154e-15   4822.85 1 
  4642.83 6.1506e-15   4825.60 1 
  4645.48 5.9840e-15   4828.35 1 
  4648.13 6.6436e-15   4831.10 1 
  4650.77 5.7041e-15   4833.85 1 
  4653.42 5.9862e-15   4836.60 1 
  4656.06 6.9385e-15   4839.35 1 
  4658.71 6.4952e-15   4842.10 1 
  4661.36 6.1444e-15   4844.85 1 
  4664.00 6.1271e-15   4847.60 1 
  4666.65 6.5503e-15   4850.35 1 
  4669.29 6.9729e-15   4853.10 1 
  4671.94 6.9742e-15   4855.85 1 
  4674.59 6.1046e-15   4858.60 1 
  4677.23 6.4928e-15   4861.35 1 
  4679.88 7.3174e-15   4864.10 1 
  4682.52 6.3267e-15   4866.85 1 
  4685.17 6.8450e-15   4869.60 1 
  4687.81 6.9182e-15   4872.35 1 
  4690.46 6.9489e-15   4875.10 1 
  4693.11 6.5875e-15   4877.85 1 
  4695.75 6.7205e-15   4880.60 1 
  4698.40 6.9025e-15   4883.35 1 
  4701.04 6.4380e-15   4886.10 1 
  4703.69 6.3470e-15   4888.85 1 
  4706.34 5.6013e-15   4891.60 1 
  4708.98 5.5257e-15   4894.35 1 
  4711.63 6.4069e-15   4897.10 1 
  4714.27 6.1967e-15   4899.85 1 
  4716.92 5.7011e-15   4902.60 1 
  4719.56 6.2844e-15   4905.35 1 
  4722.21 7.0595e-15   4908.10 1 
  4724.86 6.2633e-15   4910.85 1 
  4727.50 6.4030e-15   4913.60 1 
  4730.15 6.0968e-15   4916.35 1 
  4732.79 6.3306e-15   4919.10 1 
  4735.44 6.4295e-15   4921.85 1 
  4738.09 5.7910e-15   4924.60 1 
  4740.73 6.2130e-15   4927.35 1 
  4743.38 6.9530e-15   4930.10 1 
  4746.02 6.1994e-15   4932.85 1 
  4748.67 6.8363e-15   4935.60 1 
  4751.31 6.1320e-15   4938.35 1 
  4753.96 5.9640e-15   4941.10 1 
  4756.61 6.3020e-15   4943.85 1 
  4759.25 6.3441e-15   4946.60 1 
  4761.90 5.9668e-15   4949.35 1 
  4764.54 5.7460e-15   4952.10 1 
  4767.19 5.6263e-15   4954.85 1 
  4769.84 5.7159e-15   4957.60 1 
  4772.48 6.1559e-15   4960.35 1 
  4775.13 6.2456e-15   4963.10 1 
  4777.77 5.5651e-15   4965.85 1 
  4780.42 5.8441e-15   4968.60 1 
  4783.06 6.3111e-15   4971.35 1 
  4785.71 6.5370e-15   4974.10 1 
  4788.36 5.5431e-15   4976.85 1 
  4791.00 7.0083e-15   4979.60 1 
  4793.65 6.5979e-15   4982.35 1 
  4796.29 6.4926e-15   4985.10 1 
  4798.94 6.9425e-15   4987.85 1 
  4801.59 5.7873e-15   4990.60 1 
  4804.23 5.4854e-15   4993.35 1 
  4806.88 5.6737e-15   4996.10 1 
  4809.52 6.3573e-15   4998.85 1 
  4812.17 6.8103e-15   5001.60 1 
  4814.81 6.6184e-15   5004.35 1 
  4817.46 6.3301e-15   5007.10 1 
  4820.11 5.8850e-15   5009.85 1 
  4822.75 5.7095e-15   5012.60 1 
  4825.40 5.9862e-15   5015.35 1 
  4828.04 6.2086e-15   5018.10 1 
  4830.69 6.0125e-15   5020.85 1 
  4833.34 5.7250e-15   5023.60 1 
  4835.98 5.5682e-15   5026.35 1 
  4838.63 5.5328e-15   5029.10 1 
  4841.27 5.9447e-15   5031.85 1 
  4843.92 6.0220e-15   5034.60 1 
  4846.57 5.5337e-15   5037.35 1 
  4849.21 5.3448e-15   5040.10 1 
  4851.86 5.3373e-15   5042.85 1 
  4854.50 5.9519e-15   5045.60 1 
  4857.15 5.0361e-15   5048.35 1 
  4859.79 4.9040e-15   5051.10 1 
  4862.44 4.7149e-15   5053.85 1 
  4865.09 4.3896e-15   5056.60 1 
  4867.73 4.9159e-15   5059.35 1 
  4870.38 5.0249e-15   5062.10 1 
  4873.02 5.6349e-15   5064.85 1 
  4875.67 4.7544e-15   5067.60 1 
  4878.32 5.7485e-15   5070.35 1 
  4880.96 5.6080e-15   5073.10 1 
  4883.61 5.5627e-15   5075.85 1 
  4886.25 5.9717e-15   5078.60 1 
  4888.90 6.5230e-15   5081.35 1 
  4891.54 5.9165e-15   5084.10 1 
  4894.19 5.9642e-15   5086.85 1 
  4896.84 5.8663e-15   5089.60 1 
  4899.48 6.0567e-15   5092.35 1 
  4902.13 5.9085e-15   5095.10 1 
  4904.77 5.7410e-15   5097.85 1 
  4907.42 5.2782e-15   5100.60 1 
  4910.07 5.5809e-15   5103.35 1 
  4912.71 5.2362e-15   5106.10 1 
  4915.36 5.9643e-15   5108.85 1 
  4918.00 5.4720e-15   5111.60 1 
  4920.65 5.7589e-15   5114.35 1 
  4923.29 5.8444e-15   5117.10 1 
  4925.94 5.8718e-15   5119.85 1 
  4928.59 5.3795e-15   5122.60 1 
  4931.23 5.4754e-15   5125.35 1 
  4933.88 5.4967e-15   5128.10 1 
  4936.52 5.8502e-15   5130.85 1 
  4939.17 5.6275e-15   5133.60 1 
  4941.82 5.2591e-15   5136.35 1 
  4944.46 5.6676e-15   5139.10 1 
  4947.11 6.1067e-15   5141.85 1 
  4949.75 6.0872e-15   5144.60 1 
  4952.40 6.0196e-15   5147.35 1 
  4955.04 6.7273e-15   5150.10 1 
  4957.69 6.3314e-15   5152.85 1 
  4960.34 6.4465e-15   5155.60 1 
  4962.98 6.1208e-15   5158.35 1 
  4965.63 6.3316e-15   5161.10 1 
  4968.27 5.8856e-15   5163.85 1 
  4970.92 6.0194e-15   5166.60 1 
  4973.57 5.9063e-15   5169.35 1 
  4976.21 6.3360e-15   5172.10 1 
  4978.86 5.1701e-15   5174.85 1 
  4981.50 5.8344e-15   5177.60 1 
  4984.15 5.2363e-15   5180.35 1 
  4986.79 5.6633e-15   5183.10 1 
  4989.44 4.8147e-15   5185.85 1 
  4992.09 5.3633e-15   5188.60 1 
  4994.73 5.8154e-15   5191.35 1 
  4997.38 5.5144e-15   5194.10 1 
  5000.02 5.5243e-15   5196.85 1 
  5002.67 7.5328e-15   5199.60 1 
  5005.32 6.7162e-15   5202.35 1 
  5007.96 6.4952e-15   5205.10 1 
  5010.61 7.2153e-15   5207.85 1 
  5013.25 6.7757e-15   5210.60 1 
  5015.90 6.1764e-15   5213.35 1 
  5018.55 5.6461e-15   5216.10 1 
  5021.19 5.0078e-15   5218.85 1 
  5023.84 5.4460e-15   5221.60 1 
  5026.48 5.4592e-15   5224.35 1 
  5029.13 5.6897e-15   5227.10 1 
  5031.77 5.2015e-15   5229.85 1 
  5034.42 4.9899e-15   5232.60 1 
  5037.07 5.3829e-15   5235.35 1 
  5039.71 5.7287e-15   5238.10 1 
  5042.36 5.2332e-15   5240.85 1 
  5045.00 5.2165e-15   5243.60 1 
  5047.65 5.6552e-15   5246.35 1 
  5050.30 5.8058e-15   5249.10 1 
  5052.94 6.0159e-15   5251.85 1 
  5055.59 5.2830e-15   5254.60 1 
  5058.23 6.1100e-15   5257.35 1 
  5060.88 6.1747e-15   5260.10 1 
  5063.52 5.7108e-15   5262.85 1 
  5066.17 5.8316e-15   5265.60 1 
  5068.82 5.3648e-15   5268.35 1 
  5071.46 5.9829e-15   5271.10 1 
  5074.11 5.5443e-15   5273.85 1 
  5076.75 5.4137e-15   5276.60 1 
  5079.40 5.2271e-15   5279.35 1 
  5082.05 5.8246e-15   5282.10 1 
  5084.69 5.9955e-15   5284.85 1 
  5087.34 5.8031e-15   5287.60 1 
  5089.98 5.4371e-15   5290.35 1 
  5092.63 5.7073e-15   5293.10 1 
  5095.27 5.8525e-15   5295.85 1 
  5097.92 6.1944e-15   5298.60 1 
  5100.57 5.6345e-15   5301.35 1 
  5103.21 5.4262e-15   5304.10 1 
  5105.86 5.3716e-15   5306.85 1 
  5108.50 5.7392e-15   5309.60 1 
  5111.15 5.4579e-15   5312.35 1 
  5113.80 5.4704e-15   5315.10 1 
  5116.44 5.4179e-15   5317.85 1 
  5119.09 5.8299e-15   5320.60 1 
  5121.73 5.9078e-15   5323.35 1 
  5124.38 6.3243e-15   5326.10 1 
  5127.02 5.7569e-15   5328.85 1 
  5129.67 5.8184e-15   5331.60 1 
  5132.32 5.9860e-15   5334.35 1 
  5134.96 5.6708e-15   5337.10 1 
  5137.61 5.5955e-15   5339.85 1 
  5140.25 5.6552e-15   5342.60 1 
  5142.90 5.7777e-15   5345.35 1 
  5145.55 5.2860e-15   5348.10 1 
  5148.19 5.1656e-15   5350.85 1 
  5150.84 5.1956e-15   5353.60 1 
  5153.48 6.0061e-15   5356.35 1 
  5156.13 5.8587e-15   5359.10 1 
  5158.77 5.6321e-15   5361.85 1 
  5161.42 6.1030e-15   5364.60 1 
  5164.07 5.3749e-15   5367.35 1 
  5166.71 4.8869e-15   5370.10 1 
  5169.36 4.7816e-15   5372.85 1 
  5172.00 5.0344e-15   5375.60 1 
  5174.65 4.7902e-15   5378.35 1 
  5177.30 5.1120e-15   5381.10 1 
  5179.94 5.1400e-15   5383.85 1 
  5182.59 5.6944e-15   5386.60 1 
  5185.23 5.6330e-15   5389.35 1 
  5187.88 5.2939e-15   5392.10 1 
  5190.53 5.3589e-15   5394.85 1 
  5193.17 5.2999e-15   5397.60 1 
  5195.82 5.5939e-15   5400.35 1 
  5198.46 6.4410e-15   5403.10 1 
  5201.11 6.7924e-15   5405.85 1 
  5203.75 5.8641e-15   5408.60 1 
  5206.40 5.6511e-15   5411.35 1 
  5209.05 5.4579e-15   5414.10 1 
  5211.69 5.5353e-15   5416.85 1 
  5214.34 5.3933e-15   5419.60 1 
  5216.98 5.2519e-15   5422.35 1 
  5219.63 5.3715e-15   5425.10 1 
  5222.28 5.0275e-15   5427.85 1 
  5224.92 5.2290e-15   5430.60 1 
  5227.57 5.2219e-15   5433.35 1 
  5230.21 5.4098e-15   5436.10 1 
  5232.86 5.7323e-15   5438.85 1 
  5235.50 6.0984e-15   5441.60 1 
  5238.15 6.0935e-15   5444.35 1 
  5240.80 5.7473e-15   5447.10 1 
  5243.44 5.6944e-15   5449.85 1 
  5246.09 6.0908e-15   5452.60 1 
  5248.73 5.5556e-15   5455.35 1 
  5251.38 6.1000e-15   5458.10 1 
  5254.03 6.5657e-15   5460.85 1 
  5256.67 6.2964e-15   5463.60 1 
  5259.32 5.9241e-15   5466.35 1 
  5261.96 5.3607e-15   5469.10 1 
  5264.61 5.5049e-15   5471.85 1 
  5267.25 5.3718e-15   5474.60 1 
  5269.90 6.0291e-15   5477.35 1 
  5272.55 5.0862e-15   5480.10 1 
  5275.19 5.2060e-15   5482.85 1 
  5277.84 5.7575e-15   5485.60 1 
  5280.48 5.6330e-15   5488.35 1 
  5283.13 5.6187e-15   5491.10 1 
  5285.78 5.4784e-15   5493.85 1 
  5288.42 5.3592e-15   5496.60 1 
  5291.07 5.9013e-15   5499.35 1 
  5293.71 6.4613e-15   5502.10 1 
  5296.36 5.9324e-15   5504.85 1 
  5299.00 5.4910e-15   5507.60 1 
  5301.65 5.7966e-15   5510.35 1 
  5304.30 5.9049e-15   5513.10 1 
  5306.94 5.9776e-15   5515.85 1 
  5309.59 6.2443e-15   5518.60 1 
  5312.23 5.7064e-15   5521.35 1 
  5314.88 5.3347e-15   5524.10 1 
  5317.53 5.7115e-15   5526.85 1 
  5320.17 5.8498e-15   5529.60 1 
  5322.82 5.5399e-15   5532.35 1 
  5325.46 5.9480e-15   5535.10 1 
  5328.11 6.4806e-15   5537.85 1 
  5330.75 5.6006e-15   5540.60 1 
  5333.40 5.1956e-15   5543.35 1 
  5336.05 5.6875e-15   5546.10 1 
  5338.69 6.4822e-15   5548.85 1 
  5341.34 6.2125e-15   5551.60 1 
  5343.98 5.3204e-15   5554.35 1 
  5346.63 6.4161e-15   5557.10 1 
  5349.28 5.6644e-15   5559.85 1 
  5351.92 6.7895e-15   5562.60 1 
  5354.57 6.4562e-15   5565.35 1 
  5357.21 6.0921e-15   5568.10 1 
  5359.86 6.6106e-15   5570.85 1 
  5362.51 5.2113e-15   5573.60 1 
  5365.15 5.7454e-15   5576.35 1 
  5367.80 6.2755e-15   5579.10 1 
  5370.44 5.8030e-15   5581.85 1 
  5373.09 6.1246e-15   5584.60 1 
  5375.73 4.8039e-15   5587.35 1 
  5378.38 5.4805e-15   5590.10 1 
  5381.03 5.7745e-15   5592.85 1 
  5383.67 5.7251e-15   5595.60 1 
  5386.32 6.0041e-15   5598.35 1 
  5388.96 5.6270e-15   5601.10 1 
  5391.61 5.4734e-15   5603.85 1 
  5394.26 5.6910e-15   5606.60 1 
  5396.90 6.1781e-15   5609.35 1 
  5399.55 5.8504e-15   5612.10 1 
  5402.19 5.7673e-15   5614.85 1 
  5404.84 5.6154e-15   5617.60 1 
  5407.48 5.9664e-15   5620.35 1 
  5410.13 6.1164e-15   5623.10 1 
  5412.78 6.3584e-15   5625.85 1 
  5415.42 6.5037e-15   5628.60 1 
  5418.07 5.8455e-15   5631.35 1 
  5420.71 6.3762e-15   5634.10 1 
  5423.36 5.8602e-15   5636.85 1 
  5426.01 5.4407e-15   5639.60 1 
  5428.65 5.6721e-15   5642.35 1 
  5431.30 5.9427e-15   5645.10 1 
  5433.94 5.3860e-15   5647.85 1 
  5436.59 5.3426e-15   5650.60 1 
  5439.23 6.0825e-15   5653.35 1 
  5441.88 5.8729e-15   5656.10 1 
  5444.53 5.7173e-15   5658.85 1 
  5447.17 4.8437e-15   5661.60 1 
  5449.82 5.5766e-15   5664.35 1 
  5452.46 5.7389e-15   5667.10 1 
  5455.11 5.9333e-15   5669.85 1 
  5457.76 6.1714e-15   5672.60 1 
  5460.40 6.0722e-15   5675.35 1 
  5463.05 6.1654e-15   5678.10 1 
  5465.69 5.9160e-15   5680.85 1 
  5468.34 6.1649e-15   5683.60 1 
  5470.98 5.7879e-15   5686.35 1 
  5473.63 5.7623e-15   5689.10 1 
  5476.28 6.0132e-15   5691.85 1 
  5478.92 5.3333e-15   5694.60 1 
  5481.57 5.6169e-15   5697.35 1 
  5484.21 6.4495e-15   5700.10 1 
  5486.86 6.0355e-15   5702.85 1 
  5489.51 6.2638e-15   5705.60 1 
  5492.15 6.6866e-15   5708.35 1 
  5494.80 6.3783e-15   5711.10 1 
  5497.44 5.7997e-15   5713.85 1 
  5500.09 5.4462e-15   5716.60 1 
  5502.73 5.7090e-15   5719.35 1 
  5505.38 6.6748e-15   5722.10 1 
  5508.03 5.8888e-15   5724.85 1 
  5510.67 6.0743e-15   5727.60 1 
  5513.32 5.8842e-15   5730.35 1 
  5515.96 6.0557e-15   5733.10 1 
  5518.61 6.1798e-15   5735.85 1 
  5521.26 5.0417e-15   5738.60 1 
  5523.90 5.6323e-15   5741.35 1 
  5526.55 5.3705e-15   5744.10 1 
  5529.19 5.9030e-15   5746.85 1 
  5531.84 6.1588e-15   5749.60 1 
  5534.49 5.0609e-15   5752.35 1 
  5537.13 5.4849e-15   5755.10 1 
  5539.78 6.2530e-15   5757.85 1 
  5542.42 6.1843e-15   5760.60 1 
  5545.07 6.4643e-15   5763.35 1 
  5547.71 6.2594e-15   5766.10 1 
  5550.36 6.1202e-15   5768.85 1 
  5553.01 5.6261e-15   5771.60 1 
  5555.65 5.9732e-15   5774.35 1 
  5558.30 5.2356e-15   5777.10 1 
  5560.94 5.3481e-15   5779.85 1 
  5563.59 5.8418e-15   5782.60 1 
  5566.24 6.3229e-15   5785.35 1 
  5568.88 5.8661e-15   5788.10 1 
  5571.53 5.7731e-15   5790.85 1 
  5574.17 6.1275e-15   5793.60 1 
  5576.82 6.4057e-15   5796.35 1 
  5579.46 5.5705e-15   5799.10 1 
  5582.11 5.2769e-15   5801.85 1 
  5584.76 6.7125e-15   5804.60 1 
  5587.40 5.7559e-15   5807.35 1 
  5590.05 5.9903e-15   5810.10 1 
  5592.69 6.4761e-15   5812.85 1 
  5595.34 6.0707e-15   5815.60 1 
  5597.99 6.0591e-15   5818.35 1 
  5600.63 5.4226e-15   5821.10 1 
  5603.28 6.3520e-15   5823.85 1 
  5605.92 6.7991e-15   5826.60 1 
  5608.57 6.4042e-15   5829.35 1 
  5611.21 6.2713e-15   5832.10 1 
  5613.86 5.4731e-15   5834.85 1 
  5616.51 5.3778e-15   5837.60 1 
  5619.15 5.5362e-15   5840.35 1 
  5621.80 5.5488e-15   5843.10 1 
  5624.44 5.9063e-15   5845.85 1 
  5627.09 6.3149e-15   5848.60 1 
  5629.74 5.3584e-15   5851.35 1 
  5632.38 6.0747e-15   5854.10 1 
  5635.03 6.0762e-15   5856.85 1 
  5637.67 5.5496e-15   5859.60 1 
  5640.32 6.2911e-15   5862.35 1 
  5642.96 5.8929e-15   5865.10 1 
  5645.61 5.5383e-15   5867.85 1 
  5648.26 4.8894e-15   5870.60 1 
  5650.90 5.6271e-15   5873.35 1 
  5653.55 5.9179e-15   5876.10 1 
  5656.19 5.9793e-15   5878.85 1 
  5658.84 5.9577e-15   5881.60 1 
  5661.49 5.3170e-15   5884.35 1 
  5664.13 5.3674e-15   5887.10 1 
  5666.78 5.5659e-15   5889.85 1 
  5669.42 5.8898e-15   5892.60 1 
  5672.07 5.2295e-15   5895.35 1 
  5674.71 5.9936e-15   5898.10 1 
  5677.36 5.9674e-15   5900.85 1 
  5680.01 5.7943e-15   5903.60 1 
  5682.65 5.9213e-15   5906.35 1 
  5685.30 5.2789e-15   5909.10 1 
  5687.94 6.1836e-15   5911.85 1 
  5690.59 5.1641e-15   5914.60 1 
  5693.24 5.5098e-15   5917.35 1 
  5695.88 4.8934e-15   5920.10 1 
  5698.53 4.9680e-15   5922.85 1 
  5701.17 5.5270e-15   5925.60 1 
  5703.82 5.7567e-15   5928.35 1 
  5706.47 5.7253e-15   5931.10 1 
  5709.11 5.2853e-15   5933.85 1 
  5711.76 5.6103e-15   5936.60 1 
  5714.40 5.4947e-15   5939.35 1 
  5717.05 5.8198e-15   5942.10 1 
  5719.69 5.5696e-15   5944.85 1 
  5722.34 5.6274e-15   5947.60 1 
  5724.99 6.2250e-15   5950.35 1 
  5727.63 5.6898e-15   5953.10 1 
  5730.28 5.3131e-15   5955.85 1 
  5732.92 6.0194e-15   5958.60 1 
  5735.57 6.0152e-15   5961.35 1 
  5738.22 5.9199e-15   5964.10 1 
  5740.86 5.6637e-15   5966.85 1 
  5743.51 6.3675e-15   5969.60 1 
  5746.15 6.3989e-15   5972.35 1 
  5748.80 6.0136e-15   5975.10 1 
  5751.44 6.1494e-15   5977.85 1 
  5754.09 6.0724e-15   5980.60 1 
  5756.74 6.1239e-15   5983.35 1 
  5759.38 5.9513e-15   5986.10 1 
  5762.03 6.0444e-15   5988.85 1 
  5764.67 5.8041e-15   5991.60 1 
  5767.32 5.9481e-15   5994.35 1 
  5769.97 5.6233e-15   5997.10 1 
  5772.61 6.1861e-15   5999.85 1 
  5775.26 5.9704e-15   6002.60 1 
  5777.90 5.6552e-15   6005.35 1 
  5780.55 5.2266e-15   6008.10 1 
  5783.19 5.5336e-15   6010.85 1 
  5785.84 5.4882e-15   6013.60 1 
  5788.49 5.1899e-15   6016.35 1 
  5791.13 5.3408e-15   6019.10 1 
  5793.78 6.1882e-15   6021.85 1 
  5796.42 6.2884e-15   6024.60 1 
  5799.07 5.6956e-15   6027.35 1 
  5801.72 5.4634e-15   6030.10 1 
  5804.36 5.6978e-15   6032.85 1 
  5807.01 5.6215e-15   6035.60 1 
  5809.65 5.1189e-15   6038.35 1 
  5812.30 5.7964e-15   6041.10 1 
  5814.94 5.7094e-15   6043.85 1 
  5817.59 5.4548e-15   6046.60 1 
  5820.24 5.2360e-15   6049.35 1 
  5822.88 5.6297e-15   6052.10 1 
  5825.53 6.0239e-15   6054.85 1 
  5828.17 6.1048e-15   6057.60 1 
  5830.82 5.8246e-15   6060.35 1 
  5833.47 6.3850e-15   6063.10 1 
  5836.11 6.4917e-15   6065.85 1 
  5838.76 5.3930e-15   6068.60 1 
  5841.40 5.3916e-15   6071.35 1 
  5844.05 5.8559e-15   6074.10 1 
  5846.69 5.1344e-15   6076.85 1 
  5849.34 5.4362e-15   6079.60 1 
  5851.99 5.7765e-15   6082.35 1 
  5854.63 5.3724e-15   6085.10 1 
  5857.28 5.8737e-15   6087.85 1 
  5859.92 6.0665e-15   6090.60 1 
  5862.57 5.6982e-15   6093.35 1 
  5865.22 5.4828e-15   6096.10 1 
  5867.86 5.5736e-15   6098.85 1 
  5870.51 5.9211e-15   6101.60 1 
  5873.15 6.2322e-15   6104.35 1 
  5875.80 5.6487e-15   6107.10 1 
  5878.45 5.4351e-15   6109.85 1 
  5881.09 5.4439e-15   6112.60 1 
  5883.74 4.7023e-15   6115.35 1 
  5886.38 4.3369e-15   6118.10 1 
  5889.03 5.1556e-15   6120.85 1 
  5891.67 4.4165e-15   6123.60 1 
  5894.32 4.6513e-15   6126.35 1 
  5896.97 4.8543e-15   6129.10 1 
  5899.61 4.7680e-15   6131.85 1 
  5902.26 5.3290e-15   6134.60 1 
  5904.90 5.2107e-15   6137.35 1 
  5907.55 5.6476e-15   6140.10 1 
  5910.20 4.8039e-15   6142.85 1 
  5912.84 5.3001e-15   6145.60 1 
  5915.49 6.3943e-15   6148.35 1 
  5918.13 6.1837e-15   6151.10 1 
  5920.78 6.4436e-15   6153.85 1 
  5923.42 6.0238e-15   6156.60 1 
  5926.07 5.2399e-15   6159.35 1 
  5928.72 5.1773e-15   6162.10 1 
  5931.36 5.9925e-15   6164.85 1 
  5934.01 5.4910e-15   6167.60 1 
  5936.65 5.6667e-15   6170.35 1 
  5939.30 5.6513e-15   6173.10 1 
  5941.95 4.8027e-15   6175.85 1 
  5944.59 5.5373e-15   6178.60 1 
  5947.24 5.3239e-15   6181.35 1 
  5949.88 5.7166e-15   6184.10 1 
  5952.53 5.8380e-15   6186.85 1 
  5955.17 6.4429e-15   6189.60 1 
  5957.82 5.1150e-15   6192.35 1 
  5960.47 5.4501e-15   6195.10 1 
  5963.11 5.9027e-15   6197.85 1 
  5965.76 5.7420e-15   6200.60 1 
  5968.40 6.0494e-15   6203.35 1 
  5971.05 5.2198e-15   6206.10 1 
  5973.70 5.5462e-15   6208.85 1 
  5976.34 5.7748e-15   6211.60 1 
  5978.99 5.1329e-15   6214.35 1 
  5981.63 5.9014e-15   6217.10 1 
  5984.28 5.2551e-15   6219.85 1 
  5986.92 6.0006e-15   6222.60 1 
  5989.57 5.4959e-15   6225.35 1 
  5992.22 5.5874e-15   6228.10 1 
  5994.86 5.9252e-15   6230.85 1 
  5997.51 6.4523e-15   6233.60 1 
  6000.15 6.0413e-15   6236.35 1 
  6002.80 5.7541e-15   6239.10 1 
  6005.45 5.6511e-15   6241.85 1 
  6008.09 5.5913e-15   6244.60 1 
  6010.74 5.8260e-15   6247.35 1 
  6013.38 5.3432e-15   6250.10 1 
  6016.03 5.8718e-15   6252.85 1 
  6018.67 6.5530e-15   6255.60 1 
  6021.32 5.9438e-15   6258.35 1 
  6023.97 5.4471e-15   6261.10 1 
  6026.61 5.6629e-15   6263.85 1 
  6029.26 5.3839e-15   6266.60 1 
  6031.90 5.4459e-15   6269.35 1 
  6034.55 5.8685e-15   6272.10 1 
  6037.20 5.7301e-15   6274.85 1 
  6039.84 6.4978e-15   6277.60 1 
  6042.49 5.0543e-15   6280.35 1 
  6045.13 5.1198e-15   6283.10 1 
  6047.78 6.1308e-15   6285.85 1 
  6050.43 5.6595e-15   6288.60 1 
  6053.07 5.8062e-15   6291.35 1 
  6055.72 6.1322e-15   6294.10 1 
  6058.36 5.9979e-15   6296.85 1 
  6061.01 6.2988e-15   6299.60 1 
  6063.65 5.9331e-15   6302.35 1 
  6066.30 6.1939e-15   6305.10 1 
  6068.95 6.2012e-15   6307.85 1 
  6071.59 6.2022e-15   6310.60 1 
  6074.24 6.1798e-15   6313.35 1 
  6076.88 5.4270e-15   6316.10 1 
  6079.53 5.3805e-15   6318.85 1 
  6082.18 6.1367e-15   6321.60 1 
  6084.82 5.4328e-15   6324.35 1 
  6087.47 5.4664e-15   6327.10 1 
  6090.11 5.7914e-15   6329.85 1 
  6092.76 5.3679e-15   6332.60 1 
  6095.40 5.8059e-15   6335.35 1 
  6098.05 5.1326e-15   6338.10 1 
  6100.70 5.4732e-15   6340.85 1 
  6103.34 5.2947e-15   6343.60 1 
  6105.99 5.4289e-15   6346.35 1 
  6108.63 5.4820e-15   6349.10 1 
  6111.28 5.7807e-15   6351.85 1 
  6113.93 6.1412e-15   6354.60 1 
  6116.57 6.3608e-15   6357.35 1 
  6119.22 5.4533e-15   6360.10 1 
  6121.86 4.8057e-15   6362.85 1 
  6124.51 5.8155e-15   6365.60 1 
  6127.15 5.5726e-15   6368.35 1 
  6129.80 5.6132e-15   6371.10 1 
  6132.45 5.6658e-15   6373.85 1 
  6135.09 5.6269e-15   6376.60 1 
  6137.74 5.7017e-15   6379.35 1 
  6140.38 6.1323e-15   6382.10 1 
  6143.03 5.1188e-15   6384.85 1 
  6145.68 5.4017e-15   6387.60 1 
  6148.32 6.3066e-15   6390.35 1 
  6150.97 5.7792e-15   6393.10 1 
  6153.61 5.1957e-15   6395.85 1 
  6156.26 5.2692e-15   6398.60 1 
  6158.90 5.7524e-15   6401.35 1 
  6161.55 4.7335e-15   6404.10 1 
  6164.20 4.7464e-15   6406.85 1 
  6166.84 5.9367e-15   6409.60 1 
  6169.49 5.3736e-15   6412.35 1 
  6172.13 5.3663e-15   6415.10 1 
  6174.78 6.3710e-15   6417.85 1 
  6177.43 5.3475e-15   6420.60 1 
  6180.07 4.7362e-15   6423.35 1 
  6182.72 5.3166e-15   6426.10 1 
  6185.36 5.8409e-15   6428.85 1 
  6188.01 5.7483e-15   6431.60 1 
  6190.65 5.6527e-15   6434.35 1 
  6193.30 5.7193e-15   6437.10 1 
  6195.95 5.8025e-15   6439.85 1 
  6198.59 5.8468e-15   6442.60 1 
  6201.24 5.7765e-15   6445.35 1 
  6203.88 5.6546e-15   6448.10 1 
  6206.53 6.0803e-15   6450.85 1 
  6209.18 6.1597e-15   6453.60 1 
  6211.82 6.5362e-15   6456.35 1 
  6214.47 6.3559e-15   6459.10 1 
  6217.11 5.4138e-15   6461.85 1 
  6219.76 5.3805e-15   6464.60 1 
  6222.41 4.9892e-15   6467.35 1 
  6225.05 5.3177e-15   6470.10 1 
  6227.70 5.4147e-15   6472.85 1 
  6230.34 4.8755e-15   6475.60 1 
  6232.99 4.7650e-15   6478.35 1 
  6235.63 5.7586e-15   6481.10 1 
  6238.28 4.9877e-15   6483.85 1 
  6240.93 5.2033e-15   6486.60 1 
  6243.57 5.5329e-15   6489.35 1 
  6246.22 5.3319e-15   6492.10 1 
  6248.86 6.4182e-15   6494.85 1 
  6251.51 6.9731e-15   6497.60 1 
  6254.16 6.4911e-15   6500.35 1 
  6256.80 4.6914e-15   6503.10 1 
  6259.45 4.8207e-15   6505.85 1 
  6262.09 5.0621e-15   6508.60 1 
  6264.74 5.4362e-15   6511.35 1 
  6267.38 5.9556e-15   6514.10 1 
  6270.03 4.9648e-15   6516.85 1 
  6272.68 5.1720e-15   6519.60 1 
  6275.32 5.8104e-15   6522.35 1 
  6277.97 5.3560e-15   6525.10 1 
  6280.61 4.9302e-15   6527.85 1 
  6283.26 4.7208e-15   6530.60 1 
  6285.91 5.3194e-15   6533.35 1 
  6288.55 5.8002e-15   6536.10 1 
  6291.20 5.7756e-15   6538.85 1 
  6293.84 6.2984e-15   6541.60 1 
  6296.49 6.4173e-15   6544.35 1 
  6299.13 5.8157e-15   6547.10 1 
  6301.78 5.8988e-15   6549.85 1 
  6304.43 6.1317e-15   6552.60 1 
  6307.07 5.4032e-15   6555.35 1 
  6309.72 5.5679e-15   6558.10 1 
  6312.36 6.2627e-15   6560.85 1 
  6315.01 5.7545e-15   6563.60 1 
  6317.66 4.8048e-15   6566.35 1 
  6320.30 5.2236e-15   6569.10 1 
  6322.95 4.3748e-15   6571.85 1 
  6325.59 5.3072e-15   6574.60 1 
  6328.24 6.1708e-15   6577.35 1 
  6330.88 5.2203e-15   6580.10 1 
  6333.53 4.5767e-15   6582.85 1 
  6336.18 5.1047e-15   6585.60 1 
  6338.82 4.9894e-15   6588.35 1 
  6341.47 5.7596e-15   6591.10 1 
  6344.11 5.2024e-15   6593.85 1 
  6346.76 5.4223e-15   6596.60 1 
  6349.41 5.4451e-15   6599.35 1 
  6352.05 5.5152e-15   6602.10 1 
  6354.70 5.5952e-15   6604.85 1 
  6357.34 5.0172e-15   6607.60 1 
  6359.99 5.1723e-15   6610.35 1 
  6362.63 4.5615e-15   6613.10 1 
  6365.28 5.8101e-15   6615.85 1 
  6367.93 5.6967e-15   6618.60 1 
  6370.57 5.1806e-15   6621.35 1 
  6373.22 6.1192e-15   6624.10 1 
  6375.86 4.8642e-15   6626.85 1 
  6378.51 5.3628e-15   6629.60 1 
  6381.16 5.6439e-15   6632.35 1 
  6383.80 5.4736e-15   6635.10 1 
  6386.45 5.2563e-15   6637.85 1 
  6389.09 4.7889e-15   6640.60 1 
  6391.74 5.3420e-15   6643.35 1 
  6394.39 5.4856e-15   6646.10 1 
  6397.03 5.1038e-15   6648.85 1 
  6399.68 5.2719e-15   6651.60 1 
  6402.32 4.7788e-15   6654.35 1 
  6404.97 5.1943e-15   6657.10 1 
  6407.61 4.4415e-15   6659.85 1 
  6410.26 5.1509e-15   6662.60 1 
  6412.91 4.7604e-15   6665.35 1 
  6415.55 5.5181e-15   6668.10 1 
  6418.20 5.2587e-15   6670.85 1 
  6420.84 4.8185e-15   6673.60 1 
  6423.49 5.2498e-15   6676.35 1 
  6426.14 5.6459e-15   6679.10 1 
  6428.78 5.8440e-15   6681.85 1 
  6431.43 5.4117e-15   6684.60 1 
  6434.07 5.1740e-15   6687.35 1 
  6436.72 5.9613e-15   6690.10 1 
  6439.36 6.2320e-15   6692.85 1 
  6442.01 5.3845e-15   6695.60 1 
  6444.66 5.0575e-15   6698.35 1 
  6447.30 5.7890e-15   6701.10 1 
  6449.95 5.5150e-15   6703.85 1 
  6452.59 5.5691e-15   6706.60 1 
  6455.24 5.5313e-15   6709.35 1 
  6457.89 5.1429e-15   6712.10 1 
  6460.53 5.2712e-15   6714.85 1 
  6463.18 5.8463e-15   6717.60 1 
  6465.82 5.9953e-15   6720.35 1 
  6468.47 6.5788e-15   6723.10 1 
  6471.11 5.5439e-15   6725.85 1 
  6473.76 5.8058e-15   6728.60 1 
  6476.41 5.6841e-15   6731.35 1 
  6479.05 5.8359e-15   6734.10 1 
  6481.70 5.4326e-15   6736.85 1 
  6484.34 5.4739e-15   6739.60 1 
  6486.99 5.5040e-15   6742.35 1 
  6489.64 5.4827e-15   6745.10 1 
  6492.28 6.3204e-15   6747.85 1 
  6494.93 5.4060e-15   6750.60 1 
  6497.57 6.0023e-15   6753.35 1 
  6500.22 5.0257e-15   6756.10 1 
  6502.86 5.4965e-15   6758.85 1 
  6505.51 5.2773e-15   6761.60 1 
  6508.16 5.7168e-15   6764.35 1 
  6510.80 5.6951e-15   6767.10 1 
  6513.45 5.7709e-15   6769.85 1 
  6516.09 5.2027e-15   6772.60 1 
  6518.74 6.0606e-15   6775.35 1 
  6521.39 4.8926e-15   6778.10 1 
  6524.03 5.2355e-15   6780.85 1 
  6526.68 4.8796e-15   6783.60 1 
  6529.32 5.5868e-15   6786.35 1 
  6531.97 5.2975e-15   6789.10 1 
  6534.61 6.0381e-15   6791.85 1 
  6537.26 5.3816e-15   6794.60 1 
  6539.91 5.9172e-15   6797.35 1 
  6542.55 7.0266e-15   6800.10 1 
  6545.20 6.1767e-15   6802.85 1 
  6547.84 7.1675e-15   6805.60 1 
  6550.49 6.9417e-15   6808.35 1 
  6553.14 8.0788e-15   6811.10 1 
  6555.78 8.6867e-15   6813.85 1 
  6558.43 9.5073e-15   6816.60 1 
  6561.07 9.3395e-15   6819.35 1 
  6563.72 9.6198e-15   6822.10 1 
  6566.37 9.7499e-15   6824.85 1 
  6569.01 8.9826e-15   6827.60 1 
  6580.09 5.4702e-15   6839.12 0 
  6595.26 5.4644e-15   6854.88 0 
  6610.46 5.4585e-15   6870.68 0 
  6625.70 5.4527e-15   6886.52 0 
  6640.98 5.4468e-15   6902.40 0 
  6656.28 5.4409e-15   6918.31 0 
  6671.63 5.4350e-15   6934.26 0 
  6687.01 5.4290e-15   6950.24 0 
  6702.42 5.4229e-15   6966.26 0 
  6717.88 5.4169e-15   6982.33 0 
  6733.36 5.4108e-15   6998.42 0 
  6748.88 5.4047e-15   7014.55 0 
  6764.44 5.3986e-15   7030.72 0 
  6780.04 5.3925e-15   7046.93 0 
  6795.66 5.3864e-15   7063.18 0 
  6811.33 5.3802e-15   7079.46 0 
  6827.03 5.3740e-15   7095.78 0 
  6842.77 5.3677e-15   7112.14 0 
  6858.54 5.3615e-15   7128.53 0 
  6874.36 5.3552e-15   7144.96 0 
  6890.20 5.3489e-15   7161.43 0 
  6906.08 5.3426e-15   7177.94 0 
  6922.01 5.3363e-15   7194.49 0 
  6937.96 5.3299e-15   7211.08 0 
  6953.95 5.3236e-15   7227.70 0 
  6969.98 5.3172e-15   7244.36 0 
  6986.05 5.3107e-15   7261.06 0 
  7002.16 5.3043e-15   7277.80 0 
  7018.30 5.2979e-15   7294.57 0 
  7034.48 5.2914e-15   7311.39 0 
  7050.69 5.2849e-15   7328.25 0 
  7066.95 5.2784e-15   7345.14 0 
  7083.24 5.2719e-15   7362.07 0 
  7099.57 5.2654e-15   7379.04 0 
  7115.93 5.2588e-15   7396.05 0 
  7132.34 5.2523e-15   7413.10 0 
  7148.78 5.2457e-15   7430.19 0 
  7165.26 5.2391e-15   7447.32 0 
  7181.78 5.2325e-15   7464.49 0 
  7198.33 5.2258e-15   7481.70 0 
  7214.93 5.2192e-15   7498.94 0 
  7231.56 5.2126e-15   7516.23 0 
  7248.23 5.2059e-15   7533.56 0 
  7264.94 5.1992e-15   7550.92 0 
  7281.68 5.1926e-15   7568.33 0 
  7298.47 5.1859e-15   7585.78 0 
  7315.30 5.1792e-15   7603.26 0 
  7332.16 5.1724e-15   7620.79 0 
  7349.06 5.1657e-15   7638.36 0 
  7366.00 5.1589e-15   7655.97 0 
  7382.98 5.1522e-15   7673.61 0 
  7400.00 5.1454e-15   7691.30 0 
  7417.06 5.1387e-15   7709.04 0 
  7434.16 5.1319e-15   7726.81 0 
  7451.30 5.1251e-15   7744.62 0 
  7468.48 5.1183e-15   7762.47 0 
  7485.69 5.1115e-15   7780.37 0 
  7502.95 5.1047e-15   7798.30 0 
  7520.24 5.0978e-15   7816.28 0 
  7537.58 5.0910e-15   7834.30 0 
  7554.96 5.0842e-15   7852.36 0 
  7572.37 5.0774e-15   7870.46 0 
  7589.83 5.0705e-15   7888.60 0 
  7607.32 5.0637e-15   7906.79 0 
  7624.86 5.0568e-15   7925.01 0 
  7642.44 5.0499e-15   7943.28 0 
  7660.06 5.0430e-15   7961.59 0 
  7677.71 5.0361e-15   7979.95 0 
  7695.41 5.0293e-15   7998.34 0 
  7713.15 5.0224e-15   8016.78 0 
  7730.93 5.0155e-15   8035.26 0 
  7748.75 5.0086e-15   8053.78 0 
  7766.62 5.0017e-15   8072.35 0 
  7784.52 4.9948e-15   8090.96 0 
  7802.46 4.9879e-15   8109.61 0 
  7820.45 4.9809e-15   8128.31 0 
  7838.48 4.9741e-15   8147.04 0 
  7856.55 4.9672e-15   8165.82 0 
  7874.66 4.9603e-15   8184.65 0 
  7892.81 4.9534e-15   8203.52 0 
  7911.01 4.9464e-15   8222.43 0 
  7929.24 4.9395e-15   8241.38 0 
  7947.53 4.9325e-15   8260.38 0 
  7965.85 4.9256e-15   8279.42 0 
  7984.21 4.9186e-15   8298.51 0 
  8002.62 4.9118e-15   8317.64 0 
  8021.06 4.9049e-15   8336.81 0 
  8039.55 4.8980e-15   8356.03 0 
  8058.09 4.8910e-15   8375.29 0 
  8076.66 4.8841e-15   8394.60 0 
  8095.28 4.8771e-15   8413.95 0 
  8113.94 4.8702e-15   8433.35 0 
  8132.65 4.8632e-15   8452.79 0 
  8151.39 4.8563e-15   8472.27 0 
  8170.18 4.8494e-15   8491.80 0 
  8189.02 4.8425e-15   8511.38 0 
  8207.90 4.8356e-15   8531.00 0 
  8226.82 4.8287e-15   8550.67 0 
  8245.78 4.8218e-15   8570.38 0 
  8264.79 4.8148e-15   8590.14 0 
  8283.84 4.8078e-15   8609.94 0 
  8302.94 4.8009e-15   8629.79 0 
  8322.08 4.7940e-15   8649.68 0 
  8341.26 4.7872e-15   8669.62 0 
  8360.49 4.7803e-15   8689.60 0 
  8379.77 4.7734e-15   8709.64 0 
  8399.08 4.7665e-15   8729.71 0 
  8418.44 4.7596e-15   8749.84 0 
  8437.85 4.7526e-15   8770.01 0 
  8457.30 4.7457e-15   8790.23 0 
  8476.80 4.7388e-15   8810.49 0 
  8496.34 4.7320e-15   8830.80 0 
  8515.93 4.7252e-15   8851.16 0 
  8535.56 4.7183e-15   8871.56 0 
  8555.23 4.7115e-15   8892.01 0 
  8574.96 4.7046e-15   8912.51 0 
  8594.72 4.6977e-15   8933.05 0 
  8614.53 4.6908e-15   8953.65 0 
  8634.40 4.6838e-15   8974.29 0 
  8654.30 4.6771e-15   8994.98 0 
  8674.25 4.6703e-15   9015.71 0 
  8694.25 4.6635e-15   9036.50 0 
  8714.29 4.6567e-15   9057.33 0 
  8734.38 4.6499e-15   9078.20 0 
  8754.51 4.6430e-15   9099.13 0 
  8774.69 4.6362e-15   9120.11 0 
  8794.92 4.6293e-15   9141.13 0 
  8815.19 4.6225e-15   9162.20 0 
  8835.52 4.6158e-15   9183.33 0 
  8855.88 4.6090e-15   9204.50 0 
  8876.30 4.6023e-15   9225.71 0 
  8896.76 4.5955e-15   9246.98 0 
  8917.27 4.5887e-15   9268.30 0 
  8937.82 4.5819e-15   9289.66 0 
  8958.43 4.5751e-15   9311.08 0 
  8979.08 4.5683e-15   9332.54 0 
  8999.78 4.5616e-15   9354.06 0 
  9020.52 4.5549e-15   9375.62 0 
  9041.32 4.5483e-15   9397.23 0 
  9062.16 4.5416e-15   9418.90 0 
  9083.05 4.5348e-15   9440.61 0 
  9103.99 4.5281e-15   9462.37 0 
  9124.98 4.5214e-15   9484.18 0 
  9146.01 4.5146e-15   9506.05 0 
  9167.10 4.5079e-15   9527.96 0 
  9188.23 4.5013e-15   9549.93 0 
  9209.41 4.4947e-15   9571.94 0 
  9230.64 4.4881e-15   9594.01 0 
  9251.92 4.4814e-15   9616.12 0 
  9273.25 4.4748e-15   9638.29 0 
  9294.62 4.4681e-15   9660.51 0 
  9316.05 4.4614e-15   9682.78 0 
  9337.53 4.4547e-15   9705.10 0 
  9359.05 4.4482e-15   9727.47 0 
  9380.63 4.4416e-15   9749.90 0 
  9402.25 4.4351e-15   9772.37 0 
  9423.93 4.4285e-15   9794.90 0 
  9445.65 4.4220e-15   9817.48 0 
  9467.43 4.4154e-15   9840.11 0 
  9489.25 4.4088e-15   9862.79 0 
  9511.12 4.4021e-15   9885.53 0 
  9533.05 4.3955e-15   9908.32 0 
  9555.03 4.3891e-15   9931.16 0 
  9577.05 4.3826e-15   9954.05 0 
  9599.13 4.3761e-15   9977.00 0 
  9621.26 4.3697e-15  10000.00 0 
  9643.44 4.3631e-15  10023.05 0 
  9665.67 4.3566e-15  10046.15 0 
  9687.95 4.3501e-15  10069.31 0 
  9710.29 4.3435e-15  10092.53 0 
  9732.67 4.3371e-15  10115.80 0 
  9755.11 4.3307e-15  10139.12 0 
  9777.59 4.3243e-15  10162.49 0 
  9800.13 4.3179e-15  10185.91 0 
  9822.72 4.3115e-15  10209.39 0 
  9845.37 4.3051e-15  10232.94 0 
  9868.07 4.2986e-15  10256.52 0 
  9890.81 4.2921e-15  10280.17 0 
  9913.61 4.2857e-15  10303.86 0 
  9936.46 4.2794e-15  10327.61 0 
  9959.37 4.2731e-15  10351.42 0 
  9982.33 4.2667e-15  10375.28 0 
 10028.41 4.2541e-15  10423.18 0 
 10074.69 4.2413e-15  10471.29 0 
 10121.19 4.2286e-15  10519.62 0 
 10167.92 4.2161e-15  10568.18 0 
 10214.85 4.2036e-15  10616.96 0 
 10285.65 4.1848e-15  10690.54 0 
 10309.37 4.1784e-15  10715.20 0 
 10501.03 4.1289e-15  10914.41 0 
 10696.26 4.0800e-15  11117.32 0 
 10895.11 4.0316e-15  11324.00 0 
 11097.67 3.9837e-15  11534.53 0 
 11304.00 3.9363e-15  11748.98 0 
 11487.67 3.8952e-15  11939.88 0 
 11701.24 3.8487e-15  12161.86 0 
 11891.37 3.8083e-15  12359.47 0 
 12112.44 3.7624e-15  12589.25 0 
 12309.26 3.7226e-15  12793.81 0 
 12509.26 3.6831e-15  13001.69 0 
 12712.52 3.6438e-15  13212.95 0 
 12889.37 3.6101e-15  13396.76 0 
 13098.81 3.5709e-15  13614.44 0 
 13311.64 3.5319e-15  13835.66 0 
 13496.83 3.4985e-15  14028.13 0 
 13684.59 3.4650e-15  14223.28 0 
 13906.95 3.4260e-15  14454.39 0 
 14100.41 3.3925e-15  14655.47 0 
 14296.57 3.3590e-15  14859.35 0 
 14495.46 3.3253e-15  15066.07 0 
 14697.11 3.2915e-15  15275.66 0 
 14901.57 3.2576e-15  15488.17 0 
 15108.87 3.2235e-15  15703.63 0 
 15283.83 3.1949e-15  15885.48 0 
 15496.43 3.1604e-15  16106.45 0 
 15712.01 3.1257e-15  16330.51 0 
 15893.95 3.0965e-15  16519.62 0 
 16115.06 3.0612e-15  16749.43 0 
 16301.67 3.0316e-15  16943.38 0 
 16490.44 3.0017e-15  17139.58 0 
 16681.37 2.9716e-15  17338.03 0 
 16913.44 2.9351e-15  17579.23 0 
 17109.29 2.9044e-15  17782.79 0 
 17307.41 2.8734e-15  17988.71 0 
 17507.82 2.8421e-15  18197.02 0 
 17710.54 2.8105e-15  18407.71 0 
 17915.62 2.7785e-15  18620.87 0 
 18081.40 2.7528e-15  18793.18 0 
 18290.76 2.7202e-15  19010.77 0 
 18502.56 2.6874e-15  19230.91 0 
 18716.81 2.6541e-15  19453.60 0 
 18890.01 2.6273e-15  19633.61 0 
 19108.73 2.5934e-15  19860.94 0 
 19285.55 2.5660e-15  20044.72 0 
 19508.87 2.5315e-15  20276.83 0 
 19689.37 2.5036e-15  20464.44 0 
 19917.37 2.4684e-15  20701.41 0 
 20101.67 2.4400e-15  20892.97 0 
 20287.65 2.4113e-15  21086.28 0 
 20522.58 2.3751e-15  21330.45 0 
 20712.48 2.3459e-15  21527.83 0 
 20904.12 2.3165e-15  21727.01 0 
 21097.55 2.1847e-15  21928.05 0 
 21292.75 2.1547e-15  22130.94 0 
 21489.78 2.1252e-15  22335.72 0 
 21688.63 2.0625e-15  22542.40 0 
 21889.29 2.0436e-15  22750.97 0 
 22091.84 2.0017e-15  22961.49 0 
 22296.24 2.0865e-15  23173.93 0 
 22502.56 2.2063e-15  23388.37 0 
 22710.78 2.3171e-15  23604.79 0 
 22920.91 2.2464e-15  23823.19 0 
 23079.80 2.3491e-15  23988.34 0 
 23293.34 2.2177e-15  24210.28 0 
 23508.88 2.2165e-15  24434.31 0 
 23726.41 2.3784e-15  24660.40 0 
 23890.87 2.2927e-15  24831.33 0 
 24111.94 2.3294e-15  25061.10 0 
 24279.06 2.3939e-15  25234.80 0 
 24503.72 2.3365e-15  25468.31 0 
 24544.70 2.1162e-15  25510.90 2 
 24637.74 2.1322e-15  25607.60 2 
 24730.87 2.0818e-15  25704.40 2 
 24823.91 1.9879e-15  25801.10 2 
 24917.04 1.9277e-15  25897.90 2 
 25010.17 1.9081e-15  25994.70 2 
 25103.21 1.9383e-15  26091.40 2 
 25196.35 1.9523e-15  26188.20 2 
 25289.48 2.0286e-15  26285.00 2 
 25382.52 2.0887e-15  26381.70 2 
 25475.65 2.1099e-15  26478.50 2 
 25568.69 2.1124e-15  26575.20 2 
 25661.82 2.0681e-15  26672.00 2 
 25754.96 2.0020e-15  26768.80 2 
 25847.99 1.9546e-15  26865.50 2 
 25941.13 1.9357e-15  26962.30 2 
 26034.26 1.9895e-15  27059.10 2 
 26127.30 1.9907e-15  27155.80 2 
 26220.43 2.0341e-15  27252.60 2 
 26313.47 2.0308e-15  27349.30 2 
 26406.61 2.0844e-15  27446.10 2 
 26499.74 2.0515e-15  27542.90 2 
 26592.78 2.0029e-15  27639.60 2 
 26685.91 1.9571e-15  27736.40 2 
 26779.04 1.9437e-15  27833.20 2 
 26872.08 1.9390e-15  27929.90 2 
 26965.21 1.8894e-15  28026.70 2 
 27058.25 1.8337e-15  28123.40 2 
 27151.39 1.7764e-15  28220.20 2 
 27244.52 1.6805e-15  28317.00 2 
 27337.56 1.6189e-15  28413.70 2 
 27430.69 1.5413e-15  28510.50 2 
 27523.82 1.5011e-15  28607.30 2 
 27616.86 1.3906e-15  28704.00 2 
 27710.00 1.3102e-15  28800.80 2 
 27803.03 1.2241e-15  28897.50 2 
 27896.17 1.1674e-15  28994.30 2 
 27989.30 1.0850e-15  29091.10 2 
 28082.34 1.0644e-15  29187.80 2 
 28175.47 1.0355e-15  29284.60 2 
 28268.60 1.0416e-15  29381.40 2 
 28361.64 9.7178e-16  29478.10 2 
 28454.78 9.5606e-16  29574.90 2 
 28547.81 9.2233e-16  29671.60 2 
 28640.95 9.0206e-16  29768.40 2 
 28734.08 8.7562e-16  29865.20 2 
 28827.12 8.5664e-16  29961.90 2 
 28920.26 8.3192e-16  30058.70 2 
 29013.39 8.2863e-16  30155.50 2 
 29106.42 7.7074e-16  30252.20 2 
 29199.56 7.4561e-16  30349.00 2 
 29292.60 7.0962e-16  30445.70 2 
 29385.73 7.0486e-16  30542.50 2 
 29478.87 6.8636e-16  30639.30 2 
 29571.90 6.5827e-16  30736.00 2 
 29665.04 6.4813e-16  30832.80 2 
 29758.17 6.5107e-16  30929.60 2 
 29851.21 6.4926e-16  31026.30 2 
 29944.34 6.4479e-16  31123.10 2 
 30037.38 6.5724e-16  31219.80 2 
 30130.51 6.7577e-16  31316.60 2 
 30223.65 6.9045e-16  31413.40 2 
 30316.68 6.9203e-16  31510.10 2 
 30409.82 6.8775e-16  31606.90 2 
 30502.95 6.7691e-16  31703.70 2 
 30595.99 6.4575e-16  31800.40 2 
 30689.12 6.3126e-16  31897.20 2 
 30782.16 6.2129e-16  31993.90 2 
 30875.29 6.3559e-16  32090.70 2 
 30968.43 6.3551e-16  32187.50 2 
 31061.46 6.4657e-16  32284.20 2 
 31154.60 6.6932e-16  32381.00 2 
 31247.73 6.9023e-16  32477.80 2 
 31340.77 6.9752e-16  32574.50 2 
 31433.90 7.0150e-16  32671.30 2 
 31526.94 7.1461e-16  32768.00 2 
 31620.08 7.5613e-16  32864.80 2 
 31713.21 7.6904e-16  32961.60 2 
 31806.25 7.9171e-16  33058.30 2 
 31899.38 7.7972e-16  33155.10 2 
 31992.52 8.1533e-16  33251.90 2 
 32085.55 8.6155e-16  33348.60 2 
 32178.69 8.8183e-16  33445.40 2 
 32271.72 9.4410e-16  33542.10 2 
 32364.86 1.0320e-15  33638.90 2 
 32457.99 1.0579e-15  33735.70 2 
 32551.03 1.0851e-15  33832.40 2 
 32644.16 1.1338e-15  33929.20 2 
 32737.30 1.1815e-15  34026.00 2 
 32830.33 1.1237e-15  34122.70 2 
 32923.47 1.0261e-15  34219.50 2 
 33016.50 9.5666e-16  34316.20 2 
 33109.64 9.3046e-16  34413.00 2 
 33202.77 9.0385e-16  34509.80 2 
 33295.81 7.9315e-16  34606.50 2 
 33388.94 7.0933e-16  34703.30 2 
 33482.08 6.7969e-16  34800.10 2 
 33575.12 6.4112e-16  34896.80 2 
 33668.25 6.2493e-16  34993.60 2 
 33761.29 6.1747e-16  35090.30 2 
 33854.42 6.3497e-16  35187.10 2 
 33947.55 6.1870e-16  35283.90 2 
 34040.59 5.9196e-16  35380.60 2 
 34133.72 5.8596e-16  35477.40 2 
 34226.86 6.3071e-16  35574.20 2 
 34319.90 6.5914e-16  35670.90 2 
 34413.03 6.9974e-16  35767.70 2 
 34506.07 6.8199e-16  35864.40 2 
 34599.21 6.9249e-16  35961.20 2 
 34692.34 6.8079e-16  36058.00 2 
 34785.37 7.0867e-16  36154.70 2 
 34878.51 7.4468e-16  36251.50 2 
 34971.64 8.0976e-16  36348.30 2 
 35064.68 8.3537e-16  36445.00 2 
 35157.81 8.8183e-16  36541.80 2 
 35250.85 9.3725e-16  36638.50 2 
 35343.98 1.0058e-15  36735.30 2 
 35437.12 1.0487e-15  36832.10 2 
 35530.16 1.0959e-15  36928.80 2 
 35623.29 1.1327e-15  37025.60 2 
 35716.42 1.1687e-15  37122.40 2 
 35809.46 1.1797e-15  37219.10 2 
 35902.59 1.1912e-15  37315.90 2 
 35995.63 1.2032e-15  37412.60 2 
 36088.77 1.2351e-15  37509.40 2 
 36181.90 1.2341e-15  37606.20 2 
 36274.94 1.2334e-15  37702.90 2 
 36368.07 1.2187e-15  37799.70 2 
 36461.20 1.2401e-15  37896.50 2 
 36554.24 1.2304e-15  37993.20 2 
 36647.38 1.2468e-15  38090.00 2 
 36740.41 1.2651e-15  38186.70 2 
 36833.55 1.2994e-15  38283.50 2 
 36926.68 1.3128e-15  38380.30 2 
 37019.72 1.3453e-15  38477.00 2 
 37112.85 1.3795e-15  38573.80 2 
 37205.98 1.4307e-15  38670.60 2 
 37299.02 1.4129e-15  38767.30 2 
 37392.16 1.4243e-15  38864.10 2 
 37485.20 1.3842e-15  38960.80 2 
 37578.33 1.3646e-15  39057.60 2 
 37671.47 1.3390e-15  39154.40 2 
 37764.50 1.3079e-15  39251.10 2 
 37857.63 1.3196e-15  39347.90 2 
 37950.77 1.3781e-15  39444.70 2 
 38043.80 1.4031e-15  39541.40 2 
 38136.94 1.3929e-15  39638.20 2 
 38229.98 1.3630e-15  39734.90 2 
 38323.11 1.3554e-15  39831.70 2 
 38416.24 1.3489e-15  39928.50 2 
 38509.28 1.3367e-15  40025.20 2 
 38602.42 1.3240e-15  40122.00 2 
 38695.55 1.3513e-15  40218.80 2 
 38788.59 1.3972e-15  40315.50 2 
 38881.72 1.4115e-15  40412.30 2 
 38974.76 1.3990e-15  40509.00 2 
 39067.89 1.4119e-15  40605.80 2 
 39161.03 1.3956e-15  40702.60 2 
 39254.06 1.4048e-15  40799.30 2 
 39347.20 1.4122e-15  40896.10 2 
 39440.33 1.4180e-15  40992.90 2 
 39533.37 1.4185e-15  41089.60 2 
 39626.50 1.4168e-15  41186.40 2 
 39719.54 1.4541e-15  41283.10 2 
 39812.67 1.4497e-15  41379.90 2 
 39905.81 1.4309e-15  41476.70 2 
 39998.85 1.4273e-15  41573.40 2 
 40091.98 1.4383e-15  41670.20 2 
 40185.11 1.4494e-15  41767.00 2 
 40278.15 1.4379e-15  41863.70 2 
 40371.28 1.4288e-15  41960.50 2 
 40464.32 1.4269e-15  42057.20 2 
 40557.46 1.4181e-15  42154.00 2 
 40650.59 1.3819e-15  42250.80 2 
 40743.62 1.3511e-15  42347.50 2 
 40836.76 1.3446e-15  42444.30 2 
 40929.89 1.3628e-15  42541.10 2 
 41022.93 1.3791e-15  42637.80 2 
 41116.06 1.4335e-15  42734.60 2 
 41209.10 1.4694e-15  42831.30 2 
 41302.24 1.4837e-15  42928.10 2 
 41395.37 1.4765e-15  43024.90 2 
 41488.41 1.4366e-15  43121.60 2 
 41581.54 1.4645e-15  43218.40 2 
 41674.68 1.5276e-15  43315.20 2 
 41767.71 1.5227e-15  43411.90 2 
 41860.85 1.4573e-15  43508.70 2 
 41953.88 1.3510e-15  43605.40 2 
 42047.02 1.3178e-15  43702.20 2 
 42140.15 1.2721e-15  43799.00 2 
 42233.19 1.2242e-15  43895.70 2 
 42326.32 1.1689e-15  43992.50 2 
 42419.46 1.1572e-15  44089.30 2 
 42512.50 1.1587e-15  44186.00 2 
 42605.63 1.2068e-15  44282.80 2 
 42698.67 1.2515e-15  44379.50 2 
 42791.80 1.2814e-15  44476.30 2 
 42884.94 1.2825e-15  44573.10 2 
 42977.97 1.2468e-15  44669.80 2 
 43071.10 1.2740e-15  44766.60 2 
 43164.24 1.2826e-15  44863.40 2 
 43257.28 1.3057e-15  44960.10 2 
 43350.41 1.3339e-15  45056.90 2 
 43443.45 1.3213e-15  45153.60 2 
 43536.58 1.3417e-15  45250.40 2 
 43629.72 1.3190e-15  45347.20 2 
 43722.76 1.3028e-15  45443.90 2 
 43815.89 1.2385e-15  45540.70 2 
 43909.02 1.2634e-15  45637.50 2 
 44002.06 1.2515e-15  45734.20 2 
 44095.19 1.2524e-15  45831.00 2 
 44188.23 1.2125e-15  45927.70 2 
 44281.36 1.1723e-15  46024.50 2 
 44374.50 1.0915e-15  46121.30 2 
 44467.54 1.0439e-15  46218.00 2 
 44560.67 1.0034e-15  46314.80 2 
 44653.80 9.8619e-16  46411.60 2 
 44746.84 9.4893e-16  46508.30 2 
 44839.98 9.2474e-16  46605.10 2 
 44933.01 9.0207e-16  46701.80 2 
 45026.15 8.7449e-16  46798.60 2 
 45119.28 8.2320e-16  46895.40 2 
 45212.32 7.7172e-16  46992.10 2 
 45305.45 7.2511e-16  47088.90 2 
 45398.59 7.1910e-16  47185.70 2 
 45491.62 6.8836e-16  47282.40 2 
 45584.76 6.6678e-16  47379.20 2 
 45677.80 6.4439e-16  47475.90 2 
 45770.93 6.4793e-16  47572.70 2 
 45864.06 6.6820e-16  47669.50 2 
 45957.10 6.9891e-16  47766.20 2 
 46050.23 7.3371e-16  47863.00 2 
 46143.37 7.9962e-16  47959.80 2 
 46236.41 8.4850e-16  48056.50 2 
 46329.54 9.0598e-16  48153.30 2 
 46422.58 9.1989e-16  48250.00 2 
 46515.71 9.4147e-16  48346.80 2 
 46608.84 9.2864e-16  48443.60 2 
 46701.88 9.0992e-16  48540.30 2 
 46795.01 8.9242e-16  48637.10 2 
 46888.15 8.9033e-16  48733.90 2 
 46981.19 8.7597e-16  48830.60 2 
 47074.32 8.5013e-16  48927.40 2 
 47167.36 8.3166e-16  49024.10 2 
 47260.49 8.3929e-16  49120.90 2 
 47353.62 8.5872e-16  49217.70 2 
 47446.66 8.4516e-16  49314.40 2 
 47540.76 8.2289e-16  49412.20 2 
 48016.17 8.7139e-16  49906.32 0 
 48496.33 9.2037e-16  50405.39 0 
 48981.29 9.6985e-16  50909.44 0 
 49471.11 1.0198e-15  51418.54 0 
 49965.81 1.0703e-15  51932.72 0 
 50196.51 1.0938e-15  52172.50 3 
 50487.46 1.1403e-15  52474.90 3 
 50778.41 1.1524e-15  52777.30 3 
 51069.35 1.1647e-15  53079.70 3 
 51360.30 1.1916e-15  53382.10 3 
 51651.35 1.1861e-15  53684.60 3 
 51942.30 1.2193e-15  53987.00 3 
 52233.24 1.2948e-15  54289.40 3 
 52524.18 1.2621e-15  54591.80 3 
 52815.13 1.2086e-15  54894.20 3 
 53106.17 1.2080e-15  55196.70 3 
 53397.12 1.2039e-15  55499.10 3 
 53688.07 1.1400e-15  55801.50 3 
 53979.02 1.1023e-15  56103.90 3 
 54269.96 1.1190e-15  56406.30 3 
 54561.00 1.1185e-15  56708.80 3 
 54851.95 1.1387e-15  57011.20 3 
 55142.90 1.1378e-15  57313.60 3 
 55433.85 1.0965e-15  57616.00 3 
 55724.80 1.0915e-15  57918.40 3 
 56015.84 1.1321e-15  58220.90 3 
 56306.78 1.1427e-15  58523.30 3 
 56597.73 1.0983e-15  58825.70 3 
 56888.67 1.0648e-15  59128.10 3 
 57179.62 9.9116e-16  59430.50 3 
 57470.67 9.0363e-16  59733.00 3 
 57761.61 7.9737e-16  60035.40 3 
 58052.56 6.9808e-16  60337.80 3 
 58343.51 6.3966e-16  60640.20 3 
 58634.46 6.0580e-16  60942.60 3 
 58925.50 5.7236e-16  61245.10 3 
 59216.44 5.3133e-16  61547.50 3 
 59507.39 5.2258e-16  61849.90 3 
 59798.34 5.5247e-16  62152.30 3 
 60089.28 5.8496e-16  62454.70 3 
 60380.33 5.9023e-16  62757.20 3 
 60671.28 5.8940e-16  63059.60 3 
 60962.23 6.2993e-16  63362.00 3 
 61253.17 7.2512e-16  63664.40 3 
 61544.11 9.3606e-16  63966.80 3 
 61835.16 1.1499e-15  64269.30 3 
 62126.11 1.2066e-15  64571.70 3 
 62417.05 1.1322e-15  64874.10 3 
 62708.00 9.8844e-16  65176.50 3 
 62998.95 8.6423e-16  65478.90 3 
 63289.99 7.4830e-16  65781.40 3 
 63580.93 7.1553e-16  66083.80 3 
 63871.88 6.6074e-16  66386.20 3 
 64162.83 5.9743e-16  66688.60 3 
 64453.78 5.6676e-16  66991.00 3 
 64744.82 5.4959e-16  67293.50 3 
 65035.77 5.2596e-16  67595.90 3 
 65326.72 5.2672e-16  67898.30 3 
 65617.66 5.3695e-16  68200.70 3 
 65908.61 5.3624e-16  68503.10 3 
 66199.65 5.6130e-16  68805.60 3 
 66490.60 5.6596e-16  69108.00 3 
 66781.54 5.5821e-16  69410.40 3 
 67072.50 5.4978e-16  69712.80 3 
 67363.44 5.4616e-16  70015.20 3 
 67654.48 5.2276e-16  70317.70 3 
 67945.43 5.0966e-16  70620.10 3 
 68236.38 5.1614e-16  70922.50 3 
 68527.32 5.4036e-16  71224.90 3 
 68818.27 5.7615e-16  71527.30 3 
 69109.31 6.1984e-16  71829.80 3 
 69400.26 6.3152e-16  72132.20 3 
 69691.21 7.2781e-16  72434.60 3 
 69982.15 7.3600e-16  72737.00 3 
 70273.10 6.4656e-16  73039.40 3 
 70564.14 6.3466e-16  73341.90 3 
 70855.09 6.3465e-16  73644.30 3 
 71146.04 6.5196e-16  73946.70 3 
 71436.98 6.4428e-16  74249.10 3 
 71727.93 6.4126e-16  74551.50 3 
 72018.97 6.5881e-16  74854.00 3 
 72309.92 6.3935e-16  75156.40 3 
 72600.86 7.0352e-16  75458.80 3 
 72891.81 7.2622e-16  75761.20 3 
 73473.71 8.2827e-16  76366.00 3 
 74055.70 9.4716e-16  76970.90 3 
 74637.59 1.1098e-15  77575.70 3 
 75219.48 1.2795e-15  78180.50 3 
 75801.47 1.4315e-15  78785.40 3 
 76383.37 1.4813e-15  79390.20 3 
 76965.36 1.4280e-15  79995.10 3 
 77547.25 1.4015e-15  80599.90 3 
 78129.15 1.3850e-15  81204.70 3 
 78711.13 1.3112e-15  81809.59 3 
 79293.03 1.1963e-15  82414.40 3 
 79874.93 1.0751e-15  83019.20 3 
 80456.91 9.6390e-16  83624.09 3 
 81038.81 8.7111e-16  84228.90 3 
 81620.70 8.1087e-16  84833.70 3 
 82202.69 7.8540e-16  85438.60 3 
 82784.58 7.5835e-16  86043.40 3 
 83366.58 7.4114e-16  86648.30 3 
 83948.47 7.1469e-16  87253.10 3 
 84530.37 6.9690e-16  87857.91 3 
 85112.36 6.9490e-16  88462.80 3 
 85694.25 6.8627e-16  89067.60 3 
 86276.15 6.3184e-16  89672.41 3 
 86858.13 5.5208e-16  90277.30 3 
 87440.02 4.6059e-16  90882.10 3 
 88021.92 3.8498e-16  91486.90 3 
 88603.90 3.1582e-16  92091.80 3 
 89185.80 2.7473e-16  92696.60 3 
 89767.79 2.5417e-16  93301.50 3 
 90349.68 2.2407e-16  93906.30 3 
 90931.58 1.9578e-16  94511.10 3 
 91513.56 1.7757e-16  95115.99 3 
 92095.46 1.6238e-16  95720.80 3 
 92677.36 1.5202e-16  96325.60 3 
 93259.35 1.4029e-16  96930.50 3 
 93841.24 1.3224e-16  97535.30 3 
 94423.13 1.2357e-16  98140.09 3 
 95005.12 1.1714e-16  98745.00 3 
 95587.02 1.1542e-16  99349.80 3 
 96169.01 1.1864e-16  99954.70 3 
 96750.90 1.2173e-16 100559.50 3 
 97332.80 1.1099e-16 101164.30 3 
 97914.79 1.0134e-16 101769.20 3 
 98496.68 1.0299e-16 102374.00 3 
 99078.58 9.7850e-17 102978.80 3 
 99660.56 9.6794e-17 103583.70 3 
100242.46 9.9100e-17 104188.50 3 
100824.35 1.0172e-16 104793.30 3 
101406.33 1.0235e-16 105398.20 3 
101988.23 1.0256e-16 106003.00 3 
102570.23 1.0367e-16 106607.91 3 
103152.11 1.0980e-16 107212.70 3 
103734.01 1.1583e-16 107817.50 3 
104316.01 1.1926e-16 108422.41 3 
104897.90 1.3560e-16 109027.20 3 
105479.79 1.4031e-16 109632.00 3 
106061.78 1.4429e-16 110236.90 3 
106643.67 1.4926e-16 110841.70 3 
107225.57 1.5188e-16 111446.51 3 
107807.55 1.5380e-16 112051.40 3 
108389.45 1.5627e-16 112656.20 3 
108971.44 1.6868e-16 113261.10 3 
109553.33 1.8810e-16 113865.90 3 
110135.23 2.0970e-16 114470.70 3 
110717.22 2.3456e-16 115075.60 3 
111299.11 3.1088e-16 115680.40 3 
111881.01 4.6136e-16 116285.20 3 
112462.99 5.3126e-16 116890.09 3 
113044.89 4.8871e-16 117494.90 3 
113626.78 4.2296e-16 118099.70 3 
114208.77 3.6799e-16 118704.59 3 
114790.66 3.4156e-16 119309.40 3 
115372.66 3.1987e-16 119914.30 3 
115954.55 3.0438e-16 120519.10 3 
116536.44 3.0133e-16 121123.90 3 
117118.44 3.0057e-16 121728.80 3 
117700.33 3.0714e-16 122333.60 3 
118282.23 3.1990e-16 122938.41 3 
118864.21 3.3802e-16 123543.30 3 
119446.11 3.6034e-16 124148.10 3 
120028.00 3.7219e-16 124752.91 3 
120609.98 3.7838e-16 125357.80 3 
121191.88 3.8135e-16 125962.60 3 
121773.87 3.8414e-16 126567.50 3 
122355.76 4.0371e-16 127172.30 3 
122937.66 4.2780e-16 127777.10 3 
123519.65 4.4091e-16 128382.00 3 
124101.54 4.5721e-16 128986.80 3 
124683.44 4.7255e-16 129591.60 3 
125265.43 4.9615e-16 130196.51 3 
125847.32 5.1933e-16 130801.30 3 
126429.21 5.3468e-16 131406.09 3 
127011.20 5.7490e-16 132011.00 3 
127593.09 6.9430e-16 132615.80 3 
128174.99 7.6483e-16 133220.59 3 
128756.98 5.6574e-16 133825.50 3 
129338.87 4.3414e-16 134430.30 3 
129920.87 4.1184e-16 135035.20 3 
130502.76 4.0558e-16 135640.00 3 
131084.65 4.0311e-16 136244.80 3 
131666.65 4.0392e-16 136849.70 3 
132248.54 4.0465e-16 137454.50 3 
132830.43 3.9633e-16 138059.30 3 
133412.42 3.9271e-16 138664.20 3 
133994.31 3.9387e-16 139269.00 3 
134576.20 3.8974e-16 139873.80 3 
135158.20 3.9247e-16 140478.70 3 
135740.09 3.9137e-16 141083.50 3 
136322.09 3.8574e-16 141688.41 3 
136903.98 3.6822e-16 142293.20 3 
137485.87 3.5771e-16 142898.00 3 
138067.86 3.3937e-16 143502.91 3 
138649.76 3.2398e-16 144107.70 3 
139231.65 3.1822e-16 144712.50 3 
140253.03 3.6306e-16 145774.09 3 
141067.77 3.7178e-16 146620.91 3 
141882.50 3.7782e-16 147467.70 3 
142697.22 3.9529e-16 148314.50 3 
143511.86 3.9409e-16 149161.20 3 
144326.58 3.6911e-16 150008.00 3 
145141.31 3.5868e-16 150854.80 3 
145955.94 3.5503e-16 151701.50 3 
146770.67 3.5283e-16 152548.30 3 
147585.39 3.5117e-16 153395.09 3 
148400.03 3.4589e-16 154241.80 3 
149214.75 3.3894e-16 155088.59 3 
150029.50 3.3795e-16 155935.41 3 
150844.13 3.3171e-16 156782.11 3 
151658.86 3.2893e-16 157628.91 3 
152473.58 3.2930e-16 158475.70 3 
153288.20 3.2938e-16 159322.39 3 
154102.94 3.2681e-16 160169.20 3 
154917.67 3.7924e-16 161016.00 3 
155732.39 4.0905e-16 161862.80 3 
156547.03 3.2879e-16 162709.50 3 
157361.77 3.2112e-16 163556.31 3 
158176.48 3.1746e-16 164403.09 3 
158991.13 3.1356e-16 165249.81 3 
159805.84 3.0781e-16 166096.59 3 
160620.56 3.0282e-16 166943.39 3 
161435.21 3.0215e-16 167790.11 3 
162249.92 3.0574e-16 168636.89 3 
163064.66 3.2063e-16 169483.70 3 
163879.28 3.3980e-16 170330.39 3 
164694.02 3.4412e-16 171177.20 3 
165508.75 3.2700e-16 172024.00 3 
166323.37 3.2015e-16 172870.69 3 
167138.11 3.2008e-16 173717.50 3 
167952.83 3.1677e-16 174564.30 3 
168767.56 3.2153e-16 175411.09 3 
169582.19 3.3666e-16 176257.80 3 
170396.93 3.4964e-16 177104.61 3 
171211.64 3.3054e-16 177951.39 3 
172026.29 3.0665e-16 178798.11 3 
172841.02 3.1050e-16 179644.91 3 
173655.74 3.0073e-16 180491.70 3 
174470.38 2.9931e-16 181338.41 3 
175285.09 2.8738e-16 182185.19 3 
176099.83 2.8177e-16 183032.00 3 
176914.47 2.7683e-16 183878.70 3 
177729.19 2.8067e-16 184725.50 3 
178543.92 2.7329e-16 185572.30 3 
179358.54 2.7287e-16 186418.98 3 
180173.28 2.6748e-16 187265.80 3 
180988.02 2.6909e-16 188112.61 3 
181802.74 2.7055e-16 188959.41 3 
182617.36 2.6316e-16 189806.09 3 
183432.10 2.6260e-16 190652.91 3 
184246.81 2.6492e-16 191499.69 3 
185061.46 2.6954e-16 192346.41 3 
185876.19 2.7677e-16 193193.20 3 
186690.91 3.0623e-16 194040.00 3 
187505.55 3.0820e-16 194886.70 3 
188320.29 2.8662e-16 195733.52 3 
189135.00 2.8549e-16 196580.30 3 
189949.63 2.8560e-16 197427.00 3 
190764.36 2.8751e-16 198273.80 3 
191579.08 2.9227e-16 199120.59 3 
192393.73 2.9632e-16 199967.31 3 
193208.44 2.9686e-16 200814.09 3 
194023.18 3.0426e-16 201660.91 3 
194837.91 3.0335e-16 202507.70 3 
195652.53 3.0454e-16 203354.39 3 
196467.27 3.0872e-16 204201.20 3 
198096.63 3.1072e-16 205894.70 3 
199726.08 3.2076e-16 207588.30 3 
201355.46 3.3423e-16 209281.81 3 
202984.80 3.2870e-16 210975.30 3 
204614.25 3.3432e-16 212668.89 3 
206243.61 3.4528e-16 214362.39 3 
207873.08 3.4800e-16 216056.00 3 
209502.44 3.5102e-16 217749.50 3 
211131.80 3.6290e-16 219443.00 3 
212761.26 3.6684e-16 221136.61 3 
214390.62 3.6787e-16 222830.11 3 
216019.97 3.7171e-16 224523.59 3 
217649.42 3.7817e-16 226217.19 3 
219278.79 3.8051e-16 227910.70 3 
220908.24 3.8324e-16 229604.30 3 
222537.60 3.8778e-16 231297.80 3 
224166.96 3.9448e-16 232991.30 3 
225796.43 4.0127e-16 234684.91 3 
227425.79 4.0541e-16 236378.41 3 
229055.15 4.0684e-16 238071.91 3 
230684.59 4.0983e-16 239765.48 3 
232313.96 4.1586e-16 241459.00 3 
233943.41 4.2477e-16 243152.59 3 
235572.77 4.2645e-16 244846.09 3 
237202.13 4.3028e-16 246539.59 3 
238831.60 4.4195e-16 248233.20 3 
240460.96 4.4901e-16 249926.70 3 
242090.32 4.5724e-16 251620.20 3 
243719.78 4.6339e-16 253313.81 3 
245349.14 4.6867e-16 255007.31 3 
246978.58 4.6926e-16 256700.89 3 
248607.94 4.6892e-16 258394.39 3 
250237.30 4.7573e-16 260087.89 3 
251866.76 4.8470e-16 261781.50 3 
253496.13 4.9069e-16 263475.00 3 
255125.49 4.9328e-16 265168.50 3 
256754.94 5.0440e-16 266862.09 3 
258384.30 5.2205e-16 268555.59 3 
260013.75 5.2239e-16 270249.19 3 
261643.11 5.1734e-16 271942.69 3 
263272.50 5.2365e-16 273636.22 3 
264901.95 5.3350e-16 275329.81 3 
266531.28 5.2908e-16 277023.28 3 
268160.64 5.2722e-16 278716.78 3 
269790.12 5.2908e-16 280410.41 3 
271419.48 5.4293e-16 282103.91 3 
273048.93 5.4839e-16 283797.50 3 
274678.29 5.5589e-16 285491.00 3 
276307.65 5.5914e-16 287184.50 3 
277937.10 5.5799e-16 288878.09 3 
279566.46 5.6374e-16 290571.59 3 
281195.82 5.7446e-16 292265.09 3 
282825.27 5.8073e-16 293958.69 3 
284454.63 5.8302e-16 295652.19 3 
286084.08 5.8928e-16 297345.78 3 
287713.47 5.9660e-16 299039.31 3 
289342.83 6.0499e-16 300732.81 3 
290972.28 6.1223e-16 302426.41 3 
292601.64 6.1249e-16 304119.91 3 
294231.00 6.1126e-16 305813.41 3 
295860.45 6.1635e-16 307507.00 3 
297489.81 6.2272e-16 309200.50 3 
299119.26 6.2666e-16 310894.09 3 
300748.62 6.3452e-16 312587.59 3 
302377.98 6.3492e-16 314281.09 3 
304007.43 6.4340e-16 315974.69 3 
305636.83 6.4828e-16 317668.22 3 
307266.19 6.5180e-16 319361.72 3 
308895.64 6.5366e-16 321055.31 3 
310524.97 6.6035e-16 322748.78 3 
312154.45 6.6901e-16 324442.41 3 
313783.81 6.7346e-16 326135.91 3 
315413.17 6.6941e-16 327829.41 3 
317042.62 6.7290e-16 329523.00 3 
318671.98 6.8757e-16 331216.50 3 
320301.34 6.9861e-16 332910.00 3 
321930.82 6.9728e-16 334603.62 3 
323560.18 6.8716e-16 336297.12 3 
325189.60 7.1218e-16 337990.69 3 
326818.96 7.3687e-16 339684.19 3 
328448.35 7.1643e-16 341377.72 3 
330077.77 7.1399e-16 343071.28 3 
331707.13 7.1502e-16 344764.78 3 
333336.49 7.4435e-16 346458.28 3 
334965.97 7.6700e-16 348151.91 3 
336595.30 7.4962e-16 349845.38 3 
