# An Atlas of Galaxy Spectral Energy Distributions from the Ultraviolet to the Mid-Infrared
# Brown et al. (2014)
# http://dx.doi.org/10.5072/03/529D3551F0117
# 
# Column 1 : Restframe Wavelength (Angstrom)
# Column 2 : Flux per unit wavelength (ergs/s/cm^2/Angstrom)
# Column 3 : Observed wavelength (Angstrom)
# Column 4 : Source (0 = model, 1 = Optical Spectrum, 2 = Akari, 3 = Spitzer IRS)
# 
   102.05 7.4284e-26    105.20 0 
   103.95 1.0639e-25    107.15 0 
   105.88 1.5520e-25    109.14 0 
   108.10 2.2956e-25    111.43 0 
   110.11 3.8010e-25    113.50 0 
   113.98 7.1762e-25    117.49 0 
   117.98 1.2528e-24    121.62 0 
   121.01 5.7929e-24    124.74 0 
   124.97 9.1811e-24    128.82 0 
   127.00 1.1115e-23    130.92 0 
   127.88 1.2442e-23    131.83 0 
   130.86 1.6214e-23    134.90 0 
   132.07 2.0272e-23    136.14 0 
   133.91 2.3817e-23    138.04 0 
   137.03 3.5229e-23    141.25 0 
   139.90 4.4350e-23    144.21 0 
   143.16 1.4155e-22    147.57 0 
   147.17 4.2943e-22    151.71 0 
   150.94 5.4814e-22    155.60 0 
   155.17 7.0129e-22    159.96 0 
   159.15 9.0135e-22    164.06 0 
   162.11 1.0713e-21    167.11 0 
   165.89 1.3580e-21    171.00 0 
   170.14 1.6668e-21    175.39 0 
   172.91 1.9539e-21    178.24 0 
   176.93 2.3708e-21    182.39 0 
   179.81 2.7220e-21    185.35 0 
   181.89 2.9847e-21    187.50 0 
   186.13 3.5637e-21    191.87 0 
   190.90 4.4045e-21    196.79 0 
   194.00 5.0222e-21    199.99 0 
   198.07 5.8600e-21    204.17 0 
   202.21 6.8532e-21    208.45 0 
   205.03 7.6541e-21    211.35 0 
   209.80 8.7477e-21    216.27 0 
   216.18 1.1217e-20    222.84 0 
   220.20 1.2850e-20    226.99 0 
   222.75 1.3992e-20    229.61 0 
   226.89 1.5955e-20    233.88 0 
   230.04 2.5876e-20    237.14 0 
   233.78 4.4045e-20    240.99 0 
   239.78 6.1503e-20    247.17 0 
   245.93 6.4699e-20    253.51 0 
   252.24 7.6894e-20    260.02 0 
   256.93 7.0452e-20    264.85 0 
   259.90 8.5683e-20    267.92 0 
   264.13 9.5917e-20    272.27 0 
   269.04 1.0373e-19    277.33 0 
   274.04 1.1115e-19    282.49 0 
   279.13 1.1910e-19    287.74 0 
   284.32 1.2791e-19    293.09 0 
   290.28 1.3210e-19    299.23 0 
   295.67 1.4451e-19    304.79 0 
   301.17 1.5132e-19    310.46 0 
   308.19 1.6630e-19    317.69 0 
   318.28 1.8919e-19    328.10 0 
   327.95 2.0936e-19    338.06 0 
   337.92 2.2798e-19    348.34 0 
   348.19 2.4654e-19    358.92 0 
   357.12 2.6540e-19    368.13 0 
   366.28 2.8900e-19    377.57 0 
   374.81 3.0612e-19    386.37 0 
   385.31 3.1470e-19    397.19 0 
   395.20 3.4825e-19    407.38 0 
   405.33 3.7488e-19    417.83 0 
   413.82 3.9075e-19    426.58 0 
   421.51 4.0077e-19    434.51 0 
   430.34 4.1295e-19    443.61 0 
   441.38 4.3944e-19    454.99 0 
   450.62 4.5488e-19    464.52 0 
   460.06 4.6440e-19    474.24 0 
   469.69 4.8183e-19    484.17 0 
   479.53 5.0454e-19    494.31 0 
   489.57 5.0804e-19    504.66 0 
   499.82 5.3690e-19    515.23 0 
   505.61 5.4437e-19    521.19 0 
   511.46 6.9967e-19    527.23 0 
   519.77 7.2426e-19    535.80 0 
   529.43 7.4971e-19    545.76 0 
   540.52 7.4113e-19    557.19 0 
   550.57 8.7881e-19    567.54 0 
   559.52 9.9976e-19    576.77 0 
   569.92 1.1140e-18    587.49 0 
   580.51 1.1038e-18    598.41 0 
   589.95 1.2969e-18    608.13 0 
   599.53 1.3517e-18    618.02 0 
   610.68 1.4959e-18    629.51 0 
   620.60 1.7616e-18    639.73 0 
   630.68 1.9182e-18    650.13 0 
   639.46 1.9719e-18    659.17 0 
   649.85 2.2433e-18    669.88 0 
   657.37 2.4260e-18    677.64 0 
   664.99 2.5816e-18    685.49 0 
   674.24 2.6357e-18    695.02 0 
   685.19 2.6479e-18    706.32 0 
   694.72 3.4506e-18    716.14 0 
   704.39 3.3566e-18    726.11 0 
   715.83 4.0541e-18    737.90 0 
   725.79 4.2845e-18    748.17 0 
   734.20 4.5175e-18    756.83 0 
   744.41 5.1987e-18    767.36 0 
   754.77 5.6610e-18    778.04 0 
   765.27 6.0519e-18    788.86 0 
   774.13 6.7437e-18    797.99 0 
   784.90 7.3773e-18    809.10 0 
   795.82 7.8144e-18    820.35 0 
   805.03 8.2774e-18    829.85 0 
   814.35 8.7075e-18    839.46 0 
   825.68 9.7251e-18    851.14 0 
   835.24 7.9414e-18    860.99 0 
   844.91 1.0493e-17    870.96 0 
   854.70 1.0937e-17    881.05 0 
   864.59 1.1992e-17    891.25 0 
   874.61 1.3089e-17    901.57 0 
   884.73 1.4518e-17    912.01 0 
   894.98 1.5556e-17    922.57 0 
   905.34 1.5592e-17    933.25 0 
   915.82 2.5757e-17    944.06 0 
   924.30 1.9856e-16    952.80 0 
   935.00 4.4555e-16    963.83 0 
   945.83 8.7075e-16    974.99 0 
   954.58 1.2791e-15    984.01 0 
   965.63 1.3896e-15    995.41 0 
   974.57 1.9948e-16   1004.62 0 
   985.85 1.0837e-15   1016.25 0 
   994.98 1.2385e-15   1025.65 0 
  1004.18 1.9719e-15   1035.14 0 
  1015.81 1.9629e-15   1047.13 0 
  1025.21 8.6476e-16   1056.82 0 
  1034.70 1.3179e-15   1066.60 0 
  1044.27 2.7472e-15   1076.47 0 
  1053.93 2.7158e-15   1086.43 0 
  1066.14 2.0601e-15   1099.01 0 
  1076.00 2.5521e-15   1109.18 0 
  1085.96 1.9404e-15   1119.44 0 
  1096.00 2.7663e-15   1129.80 0 
  1106.15 2.6724e-15   1140.25 0 
  1113.81 2.5462e-15   1148.15 0 
  1124.12 2.2693e-15   1158.78 0 
  1134.52 3.0683e-15   1169.50 0 
  1145.02 2.7727e-15   1180.32 0 
  1155.61 3.0262e-15   1191.24 0 
  1166.31 3.1397e-15   1202.26 0 
  1174.39 2.0696e-15   1210.60 0 
  1185.26 3.0895e-15   1221.80 0 
  1196.22 1.9902e-15   1233.11 0 
  1204.52 1.3517e-15   1241.65 0 
  1215.66 1.0137e-15   1253.14 0 
  1224.09 2.1374e-15   1261.83 0 
  1235.41 3.4268e-15   1273.50 0 
  1243.98 3.8097e-15   1282.33 0 
  1255.49 3.6049e-15   1294.20 0 
  1264.19 3.0402e-15   1303.17 0 
  1275.89 4.1390e-15   1315.22 0 
  1284.73 4.4045e-15   1324.34 0 
  1293.64 3.3029e-15   1333.52 0 
  1305.61 3.2726e-15   1345.86 0 
  1314.66 4.3341e-15   1355.19 0 
  1323.77 4.1390e-15   1364.58 0 
  1336.02 3.5719e-15   1377.21 0 
  1345.28 4.4761e-15   1386.76 0 
  1354.60 4.3441e-15   1396.37 0 
  1363.99 3.8097e-15   1406.05 0 
  1373.45 4.0822e-15   1415.79 0 
  1386.16 4.1485e-15   1428.89 0 
  1395.77 3.5884e-15   1438.80 0 
  1405.44 3.7661e-15   1448.77 0 
  1415.18 3.8361e-15   1458.81 0 
  1424.99 4.0169e-15   1468.93 0 
  1434.87 3.9893e-15   1479.11 0 
  1441.49 4.2648e-15   1485.94 0 
  1448.15 4.3742e-15   1492.79 0 
  1454.83 4.2354e-15   1499.69 0 
  1464.92 3.8627e-15   1510.08 0 
  1475.07 3.8895e-15   1520.55 0 
  1485.29 4.0077e-15   1531.09 0 
  1495.59 4.1200e-15   1541.70 0 
  1505.96 3.8716e-15   1552.39 0 
  1512.91 3.3798e-15   1559.55 0 
  1516.40 3.6889e-15   1563.15 0 
  1523.40 3.5555e-15   1570.36 0 
  1533.95 3.0402e-15   1581.25 0 
  1544.59 3.4506e-15   1592.21 0 
  1555.29 3.2576e-15   1603.25 0 
  1566.07 3.3105e-15   1614.36 0 
  1573.30 3.5719e-15   1621.81 0 
  1584.21 3.8010e-15   1633.05 0 
  1595.19 3.8985e-15   1644.37 0 
  1606.25 3.8450e-15   1655.77 0 
  1613.66 3.8895e-15   1663.41 0 
  1624.85 3.6551e-15   1674.94 0 
  1636.11 3.9436e-15   1686.55 0 
  1643.66 4.0262e-15   1694.34 0 
  1655.06 3.6889e-15   1706.08 0 
  1666.53 4.1011e-15   1717.91 0 
  1670.37 3.5801e-15   1721.87 0 
  1678.08 4.1295e-15   1729.82 0 
  1685.83 4.3742e-15   1737.80 0 
  1693.61 4.0822e-15   1745.82 0 
  1705.35 3.9075e-15   1757.92 0 
  1713.22 3.6804e-15   1766.04 0 
  1725.09 3.6719e-15   1778.28 0 
  1733.06 3.9710e-15   1786.49 0 
  1745.07 3.8806e-15   1798.87 0 
  1753.12 4.1966e-15   1807.17 0 
  1765.28 3.8097e-15   1819.70 0 
  1773.42 3.9255e-15   1828.10 0 
  1785.72 4.0169e-15   1840.77 0 
  1793.96 4.3541e-15   1849.27 0 
  1806.39 4.3341e-15   1862.09 0 
  1814.73 3.9527e-15   1870.68 0 
  1823.11 4.0728e-15   1879.32 0 
  1835.75 3.8895e-15   1892.34 0 
  1844.22 3.5555e-15   1901.08 0 
  1857.00 3.5637e-15   1914.26 0 
  1865.57 3.7059e-15   1923.09 0 
  1874.19 4.0822e-15   1931.97 0 
  1882.84 3.7316e-15   1940.89 0 
  1895.89 3.5801e-15   1954.34 0 
  1904.64 3.8273e-15   1963.36 0 
  1913.43 3.6719e-15   1972.42 0 
  1926.69 3.6132e-15   1986.10 0 
  1935.59 3.7402e-15   1995.26 0 
  1944.52 3.9255e-15   2004.47 0 
  1953.50 3.6635e-15   2013.72 0 
  1967.04 4.0728e-15   2027.68 0 
  1976.12 4.2063e-15   2037.04 0 
  1985.24 3.9618e-15   2046.45 0 
  1994.40 3.8450e-15   2055.89 0 
  2003.61 3.9801e-15   2065.38 0 
  2012.85 3.8273e-15   2074.91 0 
  2026.81 4.0448e-15   2089.30 0 
  2036.16 3.8097e-15   2098.94 0 
  2045.56 3.9985e-15   2108.63 0 
  2055.00 3.8185e-15   2118.36 0 
  2064.49 3.8361e-15   2128.14 0 
  2074.02 4.1390e-15   2137.96 0 
  2078.80 3.9255e-15   2142.89 0 
  2083.59 4.0916e-15   2147.83 0 
  2093.21 3.8627e-15   2157.74 0 
  2102.87 3.8895e-15   2167.70 0 
  2112.58 3.9345e-15   2177.71 0 
  2127.22 4.0077e-15   2192.81 0 
  2137.04 3.6974e-15   2202.93 0 
  2146.90 3.8097e-15   2213.09 0 
  2156.81 3.9801e-15   2223.31 0 
  2166.77 3.8539e-15   2233.57 0 
  2176.77 3.8273e-15   2243.88 0 
  2186.82 3.7575e-15   2254.24 0 
  2196.91 3.9527e-15   2264.64 0 
  2207.05 3.8450e-15   2275.10 0 
  2217.24 3.6467e-15   2285.60 0 
  2227.47 3.5148e-15   2296.15 0 
  2232.61 3.7925e-15   2301.44 0 
  2242.91 3.6150e-15   2312.07 0 
  2253.27 3.4538e-15   2322.74 0 
  2263.67 3.5604e-15   2333.46 0 
  2274.12 3.6702e-15   2344.23 0 
  2284.61 3.7747e-15   2355.05 0 
  2295.16 3.5651e-15   2365.92 0 
  2305.75 3.5585e-15   2376.84 0 
  2316.39 3.3843e-15   2387.81 0 
  2327.09 2.5862e-15   2398.83 0 
  2332.45 3.1316e-15   2404.36 0 
  2343.22 3.0406e-15   2415.46 0 
  2354.03 3.3125e-15   2426.61 0 
  2364.90 3.0294e-15   2437.81 0 
  2375.81 3.1301e-15   2449.06 0 
  2386.78 2.9024e-15   2460.37 0 
  2392.28 3.1179e-15   2466.04 0 
  2403.33 2.9789e-15   2477.42 0 
  2414.42 3.0709e-15   2488.86 0 
  2425.56 3.2694e-15   2500.35 0 
  2436.76 3.1309e-15   2511.89 0 
  2442.38 3.3326e-15   2517.68 0 
  2453.65 3.2808e-15   2529.30 0 
  2464.98 3.2673e-15   2540.97 0 
  2476.35 3.1434e-15   2552.70 0 
  2487.78 3.2479e-15   2564.48 0 
  2493.52 3.0529e-15   2570.40 0 
  2505.03 3.4113e-15   2582.26 0 
  2510.80 3.0341e-15   2588.21 0 
  2516.59 3.1343e-15   2594.18 0 
  2522.39 2.9870e-15   2600.16 0 
  2534.03 3.0301e-15   2612.16 0 
  2545.73 2.9694e-15   2624.22 0 
  2557.48 3.1980e-15   2636.33 0 
  2563.38 3.1188e-15   2642.41 0 
  2575.21 3.3129e-15   2654.61 0 
  2587.10 3.2766e-15   2666.86 0 
  2593.06 3.2324e-15   2673.01 0 
  2605.03 3.1171e-15   2685.34 0 
  2617.05 3.0758e-15   2697.74 0 
  2623.09 3.2290e-15   2703.96 0 
  2635.19 3.3212e-15   2716.44 0 
  2647.36 3.6018e-15   2728.98 0 
  2653.46 3.6528e-15   2735.27 0 
  2665.71 3.3178e-15   2747.89 0 
  2678.01 3.4839e-15   2760.58 0 
  2684.19 3.4609e-15   2766.94 0 
  2696.58 3.3221e-15   2779.71 0 
  2702.79 3.4160e-15   2786.12 0 
  2715.27 3.2490e-15   2798.98 0 
  2727.80 3.2582e-15   2811.90 0 
  2734.09 3.4284e-15   2818.38 0 
  2746.71 2.9738e-15   2831.39 0 
  2753.04 3.0369e-15   2837.92 0 
  2765.75 3.1453e-15   2851.02 0 
  2772.12 3.3020e-15   2857.59 0 
  2784.92 3.1405e-15   2870.78 0 
  2797.77 2.5424e-15   2884.03 0 
  2804.22 2.7375e-15   2890.68 0 
  2817.17 3.2854e-15   2904.02 0 
  2823.66 3.4332e-15   2910.72 0 
  2836.69 3.2956e-15   2924.15 0 
  2843.23 3.2289e-15   2930.89 0 
  2856.36 3.1354e-15   2944.42 0 
  2862.94 3.4152e-15   2951.21 0 
  2876.16 3.3857e-15   2964.83 0 
  2882.79 3.3866e-15   2971.67 0 
  2896.09 3.3497e-15   2985.38 0 
  2909.46 3.6162e-15   2999.16 0 
  2929.63 3.4883e-15   3019.95 0 
  2949.94 3.4433e-15   3040.89 0 
  2970.38 3.5103e-15   3061.96 0 
  2990.97 3.5132e-15   3083.19 0 
  3011.71 3.5652e-15   3104.56 0 
  3032.58 3.5518e-15   3126.08 0 
  3046.58 3.5457e-15   3140.51 0 
  3067.70 3.5570e-15   3162.28 0 
  3088.96 3.5847e-15   3184.20 0 
  3110.37 3.5550e-15   3206.27 0 
  3131.93 3.5174e-15   3228.49 0 
  3146.39 3.5439e-15   3243.40 0 
  3168.20 3.5308e-15   3265.88 0 
  3190.16 3.3749e-15   3288.52 0 
  3212.27 3.4806e-15   3311.31 0 
  3227.10 3.3567e-15   3326.60 0 
  3249.47 3.5019e-15   3349.66 0 
  3272.00 3.5951e-15   3372.87 0 
  3287.10 3.5725e-15   3388.44 0 
  3309.88 3.5758e-15   3411.93 0 
  3325.16 3.5781e-15   3427.68 0 
  3332.83 3.5874e-15   3435.58 0 
  3340.51 3.4191e-15   3443.50 0 
  3348.21 3.6902e-15   3451.44 0 
  3355.93 3.5579e-15   3459.39 0 
  3363.66 3.3291e-15   3467.37 0 
  3371.42 3.3072e-15   3475.36 0 
  3379.19 3.5694e-15   3483.37 0 
  3386.98 3.6202e-15   3491.40 0 
  3394.79 3.5799e-15   3499.45 0 
  3402.61 3.7240e-15   3507.52 0 
  3410.46 3.4368e-15   3515.60 0 
  3418.32 3.4937e-15   3523.71 0 
  3426.20 3.5762e-15   3531.83 0 
  3434.10 3.6946e-15   3539.97 0 
  3442.01 3.4971e-15   3548.13 0 
  3449.95 3.5063e-15   3556.31 0 
  3457.90 3.4593e-15   3564.51 0 
  3465.87 3.3894e-15   3572.73 0 
  3473.86 3.5831e-15   3580.96 0 
  3481.87 3.4547e-15   3589.22 0 
  3489.90 3.5855e-15   3597.49 0 
  3497.94 3.4649e-15   3605.79 0 
  3506.01 3.5467e-15   3614.10 0 
  3514.09 3.4274e-15   3622.43 0 
  3522.19 3.5901e-15   3630.78 0 
  3530.31 3.4614e-15   3639.15 0 
  3538.45 3.6008e-15   3647.54 0 
  3546.60 3.6689e-15   3655.95 0 
  3554.78 3.6956e-15   3664.37 0 
  3562.97 3.6293e-15   3672.82 0 
  3568.73 2.7154e-15   3678.76 1 
  3571.40 2.2384e-15   3681.51 1 
  3574.07 3.6356e-15   3684.26 1 
  3576.74 5.3986e-15   3687.01 1 
  3579.40 3.6987e-15   3689.76 1 
  3582.07 9.3434e-16   3692.51 1 
  3584.74 -4.1760e-17   3695.26 1 
  3587.41 2.3476e-15   3698.01 1 
  3590.07 2.1122e-15   3700.76 1 
  3592.74 6.7286e-15   3703.51 1 
  3595.41 6.7186e-15   3706.26 1 
  3598.08 4.5273e-15   3709.01 1 
  3600.75 1.3360e-15   3711.76 1 
  3603.41 8.0513e-16   3714.51 1 
  3606.08 2.1866e-15   3717.26 1 
  3608.75 3.1276e-15   3720.01 1 
  3611.42 5.4890e-15   3722.76 1 
  3614.08 1.0372e-15   3725.51 1 
  3616.75 1.8008e-15   3728.26 1 
  3619.42 1.0570e-15   3731.01 1 
  3622.09 1.8296e-15   3733.76 1 
  3624.76 2.6596e-15   3736.51 1 
  3627.42 -5.4155e-16   3739.26 1 
  3630.09 3.2323e-15   3742.01 1 
  3632.76 1.3759e-15   3744.76 1 
  3635.43 -2.1221e-16   3747.51 1 
  3638.09 -1.1152e-15   3750.26 1 
  3640.76 4.3861e-15   3753.01 1 
  3643.43 6.6829e-15   3755.76 1 
  3646.10 3.1255e-15   3758.51 1 
  3648.76 1.9431e-15   3761.26 1 
  3651.43 1.3930e-15   3764.01 1 
  3654.10 3.3410e-15   3766.76 1 
  3656.77 5.4745e-15   3769.51 1 
  3659.44 4.6677e-15   3772.26 1 
  3662.10 3.8630e-15   3775.01 1 
  3664.77 1.6064e-15   3777.76 1 
  3667.44 6.0082e-15   3780.51 1 
  3670.11 5.4004e-15   3783.26 1 
  3672.77 2.8503e-15   3786.01 1 
  3675.44 4.0227e-15   3788.76 1 
  3678.11 5.3449e-15   3791.51 1 
  3680.78 5.9037e-15   3794.26 1 
  3683.45 1.4357e-15   3797.01 1 
  3686.11 3.8738e-15   3799.76 1 
  3688.78 3.1810e-15   3802.51 1 
  3691.45 2.4021e-15   3805.26 1 
  3694.12 4.2510e-15   3808.01 1 
  3696.78 5.2929e-15   3810.76 1 
  3699.45 2.2235e-15   3813.51 1 
  3702.12 3.1363e-15   3816.26 1 
  3704.79 2.7906e-15   3819.01 1 
  3707.46 2.5730e-15   3821.76 1 
  3710.12 3.2612e-15   3824.51 1 
  3712.79 4.2831e-15   3827.26 1 
  3715.46 5.0647e-15   3830.01 1 
  3718.13 2.3503e-15   3832.76 1 
  3720.79 4.1279e-15   3835.51 1 
  3723.46 6.6577e-15   3838.26 1 
  3726.13 7.5123e-15   3841.01 1 
  3728.80 1.0993e-14   3843.76 1 
  3731.47 9.5878e-15   3846.51 1 
  3734.13 8.2385e-15   3849.26 1 
  3736.80 4.7298e-15   3852.01 1 
  3739.47 3.4229e-15   3854.76 1 
  3742.14 3.7426e-15   3857.51 1 
  3744.80 3.9825e-15   3860.26 1 
  3747.47 5.2258e-15   3863.01 1 
  3750.14 5.1893e-15   3865.76 1 
  3752.81 3.8549e-15   3868.51 1 
  3755.47 2.9252e-15   3871.26 1 
  3758.14 5.0023e-15   3874.01 1 
  3760.81 5.5257e-15   3876.76 1 
  3763.48 4.8512e-15   3879.51 1 
  3766.15 5.1313e-15   3882.26 1 
  3768.81 3.5289e-15   3885.01 1 
  3771.48 2.4186e-15   3887.76 1 
  3774.15 4.0998e-15   3890.51 1 
  3776.82 5.0014e-15   3893.26 1 
  3779.48 3.4231e-15   3896.01 1 
  3782.15 4.7669e-15   3898.76 1 
  3784.82 5.5379e-15   3901.51 1 
  3787.49 4.6836e-15   3904.26 1 
  3790.16 3.8128e-15   3907.01 1 
  3792.82 1.1178e-15   3909.76 1 
  3795.49 3.8407e-15   3912.51 1 
  3798.16 5.7032e-15   3915.26 1 
  3800.83 2.8058e-15   3918.01 1 
  3803.49 2.1510e-15   3920.76 1 
  3806.16 4.9347e-15   3923.51 1 
  3808.83 5.5028e-15   3926.26 1 
  3811.50 5.8247e-15   3929.01 1 
  3814.17 6.0950e-15   3931.76 1 
  3816.83 5.1465e-15   3934.51 1 
  3819.50 5.9229e-15   3937.26 1 
  3822.17 6.6668e-15   3940.01 1 
  3824.84 2.9236e-15   3942.76 1 
  3827.50 4.0657e-15   3945.51 1 
  3830.17 3.8649e-15   3948.26 1 
  3832.84 4.5192e-15   3951.01 1 
  3835.51 3.6047e-15   3953.76 1 
  3838.18 3.1937e-15   3956.51 1 
  3840.84 4.6068e-15   3959.26 1 
  3843.51 5.5800e-15   3962.01 1 
  3846.18 2.1000e-15   3964.76 1 
  3848.85 4.0405e-15   3967.51 1 
  3851.51 6.2870e-15   3970.26 1 
  3854.18 7.1678e-15   3973.01 1 
  3856.85 5.9563e-15   3975.76 1 
  3859.52 4.2992e-15   3978.51 1 
  3862.18 5.7640e-15   3981.26 1 
  3864.85 4.7471e-15   3984.01 1 
  3867.52 7.1690e-15   3986.76 1 
  3870.19 6.8598e-15   3989.51 1 
  3872.86 6.4368e-15   3992.26 1 
  3875.52 6.6233e-15   3995.01 1 
  3878.19 4.4975e-15   3997.76 1 
  3880.86 6.6741e-15   4000.51 1 
  3883.53 6.1092e-15   4003.26 1 
  3886.19 6.1422e-15   4006.01 1 
  3888.86 4.1436e-15   4008.76 1 
  3891.53 1.7764e-15   4011.51 1 
  3894.20 1.5488e-15   4014.26 1 
  3896.87 6.1223e-15   4017.01 1 
  3899.53 5.3062e-15   4019.76 1 
  3902.20 5.7426e-15   4022.51 1 
  3904.87 2.7016e-15   4025.26 1 
  3907.54 4.7348e-15   4028.01 1 
  3910.20 5.0878e-15   4030.76 1 
  3912.87 7.4875e-15   4033.51 1 
  3915.54 6.6676e-15   4036.26 1 
  3918.21 6.4257e-15   4039.01 1 
  3920.88 6.0412e-15   4041.76 1 
  3923.54 5.5097e-15   4044.51 1 
  3926.21 6.9024e-15   4047.26 1 
  3928.88 7.6341e-15   4050.01 1 
  3931.55 3.9330e-15   4052.76 1 
  3934.21 2.6571e-15   4055.51 1 
  3936.88 6.1049e-15   4058.26 1 
  3939.55 2.9699e-15   4061.01 1 
  3942.22 3.9749e-15   4063.76 1 
  3944.89 4.5426e-15   4066.51 1 
  3947.55 4.3875e-15   4069.26 1 
  3950.22 6.8219e-15   4072.01 1 
  3952.89 6.2283e-15   4074.76 1 
  3955.56 6.6439e-15   4077.51 1 
  3958.22 4.6357e-15   4080.26 1 
  3960.89 6.6035e-15   4083.01 1 
  3963.56 6.4406e-15   4085.76 1 
  3966.23 4.4243e-15   4088.51 1 
  3968.90 4.9452e-15   4091.26 1 
  3971.56 2.4346e-15   4094.01 1 
  3974.23 3.6545e-15   4096.76 1 
  3976.90 3.7568e-15   4099.51 1 
  3979.57 3.1811e-15   4102.26 1 
  3982.23 6.1939e-15   4105.01 1 
  3984.90 5.8807e-15   4107.76 1 
  3987.57 4.5723e-15   4110.51 1 
  3990.24 5.0885e-15   4113.26 1 
  3992.90 6.6191e-15   4116.01 1 
  3995.57 6.1831e-15   4118.76 1 
  3998.24 9.7204e-15   4121.51 1 
  4000.91 5.8367e-15   4124.26 1 
  4003.58 5.6006e-15   4127.01 1 
  4006.24 5.6177e-15   4129.76 1 
  4008.91 6.2855e-15   4132.51 1 
  4011.58 5.6202e-15   4135.26 1 
  4014.25 7.8866e-15   4138.01 1 
  4016.91 7.3011e-15   4140.76 1 
  4019.58 6.1104e-15   4143.51 1 
  4022.25 7.4208e-15   4146.26 1 
  4024.92 7.7879e-15   4149.01 1 
  4027.59 6.1795e-15   4151.76 1 
  4030.25 5.3436e-15   4154.51 1 
  4032.92 5.8779e-15   4157.26 1 
  4035.59 7.4167e-15   4160.01 1 
  4038.26 6.3510e-15   4162.76 1 
  4040.92 6.1506e-15   4165.51 1 
  4043.59 7.0915e-15   4168.26 1 
  4046.26 6.6075e-15   4171.01 1 
  4048.93 6.2732e-15   4173.76 1 
  4051.60 5.9272e-15   4176.51 1 
  4054.26 3.9529e-15   4179.26 1 
  4056.93 4.4507e-15   4182.01 1 
  4059.60 6.6280e-15   4184.76 1 
  4062.27 6.9221e-15   4187.51 1 
  4064.93 7.0708e-15   4190.26 1 
  4067.60 8.6907e-15   4193.01 1 
  4070.27 5.7980e-15   4195.76 1 
  4072.94 5.1789e-15   4198.51 1 
  4075.60 4.6058e-15   4201.26 1 
  4078.27 6.3915e-15   4204.01 1 
  4080.94 7.2583e-15   4206.76 1 
  4083.61 5.9235e-15   4209.51 1 
  4086.28 5.7999e-15   4212.26 1 
  4088.94 7.0582e-15   4215.01 1 
  4091.61 5.8782e-15   4217.76 1 
  4094.28 5.8437e-15   4220.51 1 
  4096.95 6.3273e-15   4223.26 1 
  4099.61 6.2013e-15   4226.01 1 
  4102.28 5.4502e-15   4228.76 1 
  4104.95 4.9671e-15   4231.51 1 
  4107.62 4.1973e-15   4234.26 1 
  4110.29 3.8664e-15   4237.01 1 
  4112.95 5.0112e-15   4239.76 1 
  4115.62 5.2267e-15   4242.51 1 
  4118.29 6.2131e-15   4245.26 1 
  4120.96 7.3093e-15   4248.01 1 
  4123.62 7.0145e-15   4250.76 1 
  4126.29 5.4796e-15   4253.51 1 
  4128.96 5.5800e-15   4256.26 1 
  4131.63 5.7359e-15   4259.01 1 
  4134.30 7.1547e-15   4261.76 1 
  4136.96 7.0079e-15   4264.51 1 
  4139.63 6.3535e-15   4267.26 1 
  4142.30 4.6742e-15   4270.01 1 
  4144.97 6.2409e-15   4272.76 1 
  4147.63 5.8044e-15   4275.51 1 
  4150.30 6.6227e-15   4278.26 1 
  4152.97 7.3594e-15   4281.01 1 
  4155.64 6.6868e-15   4283.76 1 
  4158.31 5.8686e-15   4286.51 1 
  4160.97 5.3451e-15   4289.26 1 
  4163.64 5.9450e-15   4292.01 1 
  4166.31 6.6895e-15   4294.76 1 
  4168.98 6.5033e-15   4297.51 1 
  4171.64 5.0486e-15   4300.26 1 
  4174.31 5.0114e-15   4303.01 1 
  4176.98 5.1856e-15   4305.76 1 
  4179.65 5.7380e-15   4308.51 1 
  4182.31 6.0021e-15   4311.26 1 
  4184.98 7.3037e-15   4314.01 1 
  4187.65 6.6698e-15   4316.76 1 
  4190.32 5.1041e-15   4319.51 1 
  4192.99 4.8033e-15   4322.26 1 
  4195.65 5.1990e-15   4325.01 1 
  4198.32 5.6283e-15   4327.76 1 
  4200.99 6.4485e-15   4330.51 1 
  4203.66 6.4689e-15   4333.26 1 
  4206.32 5.9926e-15   4336.01 1 
  4208.99 6.3222e-15   4338.76 1 
  4211.66 6.3387e-15   4341.51 1 
  4214.33 6.4634e-15   4344.26 1 
  4217.00 6.8588e-15   4347.01 1 
  4219.66 6.1933e-15   4349.76 1 
  4222.33 5.7439e-15   4352.51 1 
  4225.00 6.0061e-15   4355.26 1 
  4227.67 6.7964e-15   4358.01 1 
  4230.33 6.0826e-15   4360.76 1 
  4233.00 5.2441e-15   4363.51 1 
  4235.67 5.6500e-15   4366.26 1 
  4238.34 5.9961e-15   4369.01 1 
  4241.01 6.0545e-15   4371.76 1 
  4243.67 5.7903e-15   4374.51 1 
  4246.34 5.9417e-15   4377.26 1 
  4249.01 4.0532e-15   4380.01 1 
  4251.68 4.9293e-15   4382.76 1 
  4254.34 5.0204e-15   4385.51 1 
  4257.01 6.5897e-15   4388.26 1 
  4259.68 5.3120e-15   4391.01 1 
  4262.35 6.4271e-15   4393.76 1 
  4265.02 6.6621e-15   4396.51 1 
  4267.68 8.0422e-15   4399.26 1 
  4270.35 6.2076e-15   4402.01 1 
  4273.02 6.4096e-15   4404.76 1 
  4275.69 6.0955e-15   4407.51 1 
  4278.35 5.3346e-15   4410.26 1 
  4281.02 5.5128e-15   4413.01 1 
  4283.69 4.5498e-15   4415.76 1 
  4286.36 5.6750e-15   4418.51 1 
  4289.02 6.9128e-15   4421.26 1 
  4291.69 4.6931e-15   4424.01 1 
  4294.36 5.4177e-15   4426.76 1 
  4297.03 5.3275e-15   4429.51 1 
  4299.70 5.8594e-15   4432.26 1 
  4302.36 5.5247e-15   4435.01 1 
  4305.03 6.0922e-15   4437.76 1 
  4307.70 4.6560e-15   4440.51 1 
  4310.37 4.4388e-15   4443.26 1 
  4313.03 4.8462e-15   4446.01 1 
  4315.70 5.6168e-15   4448.76 1 
  4318.37 6.2534e-15   4451.51 1 
  4321.04 6.1406e-15   4454.26 1 
  4323.71 5.6454e-15   4457.01 1 
  4326.37 5.4345e-15   4459.76 1 
  4329.04 5.6647e-15   4462.51 1 
  4331.71 5.1298e-15   4465.26 1 
  4334.38 5.1962e-15   4468.01 1 
  4337.04 4.5714e-15   4470.76 1 
  4339.71 5.1097e-15   4473.51 1 
  4342.38 5.7943e-15   4476.26 1 
  4345.05 4.9516e-15   4479.01 1 
  4347.72 4.4539e-15   4481.76 1 
  4350.38 3.9968e-15   4484.51 1 
  4353.05 6.9692e-15   4487.26 1 
  4355.72 5.5138e-15   4490.01 1 
  4358.39 6.4879e-15   4492.76 1 
  4361.05 7.7341e-15   4495.51 1 
  4363.72 6.3866e-15   4498.26 1 
  4366.39 5.0438e-15   4501.01 1 
  4369.06 4.2709e-15   4503.76 1 
  4371.73 5.3282e-15   4506.51 1 
  4374.39 6.1765e-15   4509.26 1 
  4377.06 6.2587e-15   4512.01 1 
  4379.73 6.4222e-15   4514.76 1 
  4382.40 4.5421e-15   4517.51 1 
  4385.06 6.1804e-15   4520.26 1 
  4387.73 5.2439e-15   4523.01 1 
  4390.40 5.2102e-15   4525.76 1 
  4393.07 5.0998e-15   4528.51 1 
  4395.73 5.4045e-15   4531.26 1 
  4398.40 6.8085e-15   4534.01 1 
  4401.07 6.6298e-15   4536.76 1 
  4403.74 5.7262e-15   4539.51 1 
  4406.41 4.7518e-15   4542.26 1 
  4409.07 7.8713e-15   4545.01 1 
  4411.74 6.5346e-15   4547.76 1 
  4414.41 5.6143e-15   4550.51 1 
  4417.08 5.4031e-15   4553.26 1 
  4419.74 6.6215e-15   4556.01 1 
  4422.41 7.7230e-15   4558.76 1 
  4425.08 6.2682e-15   4561.51 1 
  4427.75 5.6959e-15   4564.26 1 
  4430.42 7.2935e-15   4567.01 1 
  4433.08 4.6095e-15   4569.76 1 
  4435.75 5.7756e-15   4572.51 1 
  4438.42 5.7207e-15   4575.26 1 
  4441.09 5.9119e-15   4578.01 1 
  4443.75 7.1938e-15   4580.76 1 
  4446.42 4.6563e-15   4583.51 1 
  4449.09 7.0896e-15   4586.26 1 
  4451.76 4.9659e-15   4589.01 1 
  4454.43 5.2170e-15   4591.76 1 
  4457.09 6.2287e-15   4594.51 1 
  4459.76 6.3308e-15   4597.26 1 
  4462.43 5.7032e-15   4600.01 1 
  4465.10 6.5362e-15   4602.76 1 
  4467.76 6.1514e-15   4605.51 1 
  4470.43 5.7474e-15   4608.26 1 
  4473.10 4.9451e-15   4611.01 1 
  4475.77 5.5871e-15   4613.76 1 
  4478.44 3.1450e-15   4616.51 1 
  4481.10 7.2547e-15   4619.26 1 
  4483.77 4.5370e-15   4622.01 1 
  4486.44 6.5280e-15   4624.76 1 
  4489.11 6.2563e-15   4627.51 1 
  4491.77 7.1742e-15   4630.26 1 
  4494.44 6.1592e-15   4633.01 1 
  4497.11 5.3008e-15   4635.76 1 
  4499.78 7.3640e-15   4638.51 1 
  4502.44 5.7045e-15   4641.26 1 
  4505.11 5.8175e-15   4644.01 1 
  4507.78 6.4379e-15   4646.76 1 
  4510.45 6.1012e-15   4649.51 1 
  4513.12 6.2790e-15   4652.26 1 
  4515.78 6.0218e-15   4655.01 1 
  4518.45 6.7944e-15   4657.76 1 
  4521.12 6.7872e-15   4660.51 1 
  4523.79 6.2853e-15   4663.26 1 
  4526.45 5.2517e-15   4666.01 1 
  4529.12 5.1947e-15   4668.76 1 
  4531.79 5.8218e-15   4671.51 1 
  4534.46 6.3262e-15   4674.26 1 
  4537.13 3.9080e-15   4677.01 1 
  4539.79 6.0506e-15   4679.76 1 
  4542.46 6.6289e-15   4682.51 1 
  4545.13 6.2403e-15   4685.26 1 
  4547.80 5.4735e-15   4688.01 1 
  4550.46 7.2447e-15   4690.76 1 
  4553.13 5.9341e-15   4693.51 1 
  4555.80 4.4616e-15   4696.26 1 
  4558.47 6.0709e-15   4699.01 1 
  4561.14 6.3181e-15   4701.76 1 
  4563.80 6.9847e-15   4704.51 1 
  4566.47 6.1842e-15   4707.26 1 
  4569.14 7.1122e-15   4710.01 1 
  4571.81 7.1917e-15   4712.76 1 
  4574.47 5.8441e-15   4715.51 1 
  4577.14 5.3054e-15   4718.26 1 
  4579.81 6.5270e-15   4721.01 1 
  4582.48 6.5940e-15   4723.76 1 
  4585.15 5.8762e-15   4726.51 1 
  4587.81 6.0307e-15   4729.26 1 
  4590.48 5.6708e-15   4732.01 1 
  4593.15 5.5673e-15   4734.76 1 
  4595.82 5.4607e-15   4737.51 1 
  4598.48 6.7618e-15   4740.26 1 
  4601.15 6.3138e-15   4743.01 1 
  4603.82 7.2784e-15   4745.76 1 
  4606.49 6.8872e-15   4748.51 1 
  4609.15 6.4711e-15   4751.26 1 
  4611.82 5.3558e-15   4754.01 1 
  4614.49 6.5036e-15   4756.76 1 
  4617.16 6.8915e-15   4759.51 1 
  4619.83 6.9205e-15   4762.26 1 
  4622.49 6.6218e-15   4765.01 1 
  4625.16 6.7169e-15   4767.76 1 
  4627.83 6.3934e-15   4770.51 1 
  4630.50 6.8865e-15   4773.26 1 
  4633.16 6.5309e-15   4776.01 1 
  4635.83 6.5950e-15   4778.76 1 
  4638.50 5.5163e-15   4781.51 1 
  4641.17 6.7695e-15   4784.26 1 
  4643.84 6.0860e-15   4787.01 1 
  4646.50 6.5727e-15   4789.76 1 
  4649.17 6.2863e-15   4792.51 1 
  4651.84 5.5632e-15   4795.26 1 
  4654.51 7.0827e-15   4798.01 1 
  4657.17 7.1541e-15   4800.76 1 
  4659.84 6.7228e-15   4803.51 1 
  4662.51 5.4598e-15   4806.26 1 
  4665.18 5.3215e-15   4809.01 1 
  4667.85 6.1563e-15   4811.76 1 
  4670.51 6.2925e-15   4814.51 1 
  4673.18 6.3742e-15   4817.26 1 
  4675.85 6.3030e-15   4820.01 1 
  4678.52 5.1717e-15   4822.76 1 
  4681.18 4.9572e-15   4825.51 1 
  4683.85 5.7893e-15   4828.26 1 
  4686.52 6.4912e-15   4831.01 1 
  4689.19 4.7022e-15   4833.76 1 
  4691.86 6.0479e-15   4836.51 1 
  4694.52 7.0718e-15   4839.26 1 
  4697.19 7.6770e-15   4842.01 1 
  4699.86 5.2092e-15   4844.76 1 
  4702.53 5.6788e-15   4847.51 1 
  4705.19 5.9779e-15   4850.26 1 
  4707.86 5.1767e-15   4853.01 1 
  4710.53 5.7979e-15   4855.76 1 
  4713.20 6.1901e-15   4858.51 1 
  4715.86 5.6842e-15   4861.26 1 
  4718.53 6.9871e-15   4864.01 1 
  4721.20 5.8643e-15   4866.76 1 
  4723.87 6.8920e-15   4869.51 1 
  4726.54 7.2580e-15   4872.26 1 
  4729.20 6.6712e-15   4875.01 1 
  4731.87 6.4269e-15   4877.76 1 
  4734.54 6.1955e-15   4880.51 1 
  4737.21 6.5674e-15   4883.26 1 
  4739.87 7.5460e-15   4886.01 1 
  4742.54 5.5086e-15   4888.76 1 
  4745.21 6.3014e-15   4891.51 1 
  4747.88 6.2312e-15   4894.26 1 
  4750.55 6.2672e-15   4897.01 1 
  4753.21 6.1812e-15   4899.76 1 
  4755.88 6.0467e-15   4902.51 1 
  4758.55 6.1520e-15   4905.26 1 
  4761.22 6.0260e-15   4908.01 1 
  4763.88 7.1704e-15   4910.76 1 
  4766.55 5.4221e-15   4913.51 1 
  4769.22 5.5017e-15   4916.26 1 
  4771.89 5.8175e-15   4919.01 1 
  4774.56 6.3916e-15   4921.76 1 
  4777.22 5.9475e-15   4924.51 1 
  4779.89 4.9471e-15   4927.26 1 
  4782.56 6.2941e-15   4930.01 1 
  4785.23 7.2663e-15   4932.76 1 
  4787.89 6.0330e-15   4935.51 1 
  4790.56 5.4830e-15   4938.26 1 
  4793.23 5.5362e-15   4941.01 1 
  4795.90 6.1842e-15   4943.76 1 
  4798.57 5.4424e-15   4946.51 1 
  4801.23 5.5940e-15   4949.26 1 
  4803.90 6.2600e-15   4952.01 1 
  4806.57 5.6529e-15   4954.76 1 
  4809.24 5.4779e-15   4957.51 1 
  4811.90 5.8181e-15   4960.26 1 
  4814.57 5.4627e-15   4963.01 1 
  4817.24 4.9768e-15   4965.76 1 
  4819.91 5.1698e-15   4968.51 1 
  4822.57 6.0595e-15   4971.26 1 
  4825.24 6.4147e-15   4974.01 1 
  4827.91 6.2899e-15   4976.76 1 
  4830.58 6.3231e-15   4979.51 1 
  4833.25 5.9173e-15   4982.26 1 
  4835.91 5.1518e-15   4985.01 1 
  4838.58 5.6283e-15   4987.76 1 
  4841.25 6.2487e-15   4990.51 1 
  4843.92 5.2363e-15   4993.26 1 
  4846.58 5.1457e-15   4996.01 1 
  4849.25 5.2394e-15   4998.76 1 
  4851.92 4.3877e-15   5001.51 1 
  4854.59 4.8946e-15   5004.26 1 
  4857.26 5.4267e-15   5007.01 1 
  4859.92 5.2221e-15   5009.76 1 
  4862.59 6.2918e-15   5012.51 1 
  4865.26 7.0356e-15   5015.26 1 
  4867.93 6.7964e-15   5018.01 1 
  4870.59 5.7961e-15   5020.76 1 
  4873.26 5.5303e-15   5023.51 1 
  4875.93 3.8210e-15   5026.26 1 
  4878.60 4.2236e-15   5029.01 1 
  4881.27 5.1785e-15   5031.76 1 
  4883.93 4.9333e-15   5034.51 1 
  4886.60 5.3724e-15   5037.26 1 
  4889.27 5.5084e-15   5040.01 1 
  4891.94 5.9260e-15   5042.76 1 
  4894.60 4.9510e-15   5045.51 1 
  4897.27 5.2064e-15   5048.26 1 
  4899.94 4.7468e-15   5051.01 1 
  4902.61 5.3932e-15   5053.76 1 
  4905.28 5.9133e-15   5056.51 1 
  4907.94 5.5026e-15   5059.26 1 
  4910.61 6.0479e-15   5062.01 1 
  4913.28 4.8296e-15   5064.76 1 
  4915.95 4.8670e-15   5067.51 1 
  4918.61 5.2603e-15   5070.26 1 
  4921.28 5.8297e-15   5073.01 1 
  4923.95 5.5592e-15   5075.76 1 
  4926.62 5.1930e-15   5078.51 1 
  4929.28 5.4818e-15   5081.26 1 
  4931.95 6.0245e-15   5084.01 1 
  4934.62 6.0844e-15   5086.76 1 
  4937.29 5.3772e-15   5089.51 1 
  4939.96 5.2324e-15   5092.26 1 
  4942.62 6.1014e-15   5095.01 1 
  4945.29 5.5767e-15   5097.76 1 
  4947.96 5.5713e-15   5100.51 1 
  4950.63 5.6428e-15   5103.26 1 
  4953.29 6.0203e-15   5106.01 1 
  4955.96 6.4281e-15   5108.76 1 
  4958.63 6.8208e-15   5111.51 1 
  4961.30 7.1715e-15   5114.26 1 
  4963.97 6.7699e-15   5117.01 1 
  4966.63 7.0604e-15   5119.76 1 
  4969.30 5.9612e-15   5122.51 1 
  4971.97 5.6496e-15   5125.26 1 
  4974.64 5.5120e-15   5128.01 1 
  4977.30 5.4106e-15   5130.76 1 
  4979.97 6.6172e-15   5133.51 1 
  4982.64 6.7095e-15   5136.26 1 
  4985.31 6.5937e-15   5139.01 1 
  4987.98 6.0192e-15   5141.76 1 
  4990.64 5.6053e-15   5144.51 1 
  4993.31 5.4822e-15   5147.26 1 
  4995.98 5.5414e-15   5150.01 1 
  4998.65 5.5368e-15   5152.76 1 
  5001.31 6.4511e-15   5155.51 1 
  5003.98 6.6612e-15   5158.26 1 
  5006.65 7.4826e-15   5161.01 1 
  5009.32 7.7310e-15   5163.76 1 
  5011.99 7.9027e-15   5166.51 1 
  5014.65 7.3851e-15   5169.26 1 
  5017.32 7.1255e-15   5172.01 1 
  5019.99 6.5420e-15   5174.76 1 
  5022.66 5.5525e-15   5177.51 1 
  5025.32 4.9948e-15   5180.26 1 
  5027.99 5.0860e-15   5183.01 1 
  5030.66 6.1076e-15   5185.76 1 
  5033.33 5.9700e-15   5188.51 1 
  5036.00 5.9091e-15   5191.26 1 
  5038.66 4.6083e-15   5194.01 1 
  5041.33 4.5264e-15   5196.76 1 
  5044.00 4.8046e-15   5199.51 1 
  5046.67 4.8178e-15   5202.26 1 
  5049.33 4.4171e-15   5205.01 1 
  5052.00 4.8729e-15   5207.76 1 
  5054.67 5.4796e-15   5210.51 1 
  5057.34 5.1923e-15   5213.26 1 
  5060.00 5.4573e-15   5216.01 1 
  5062.67 6.0619e-15   5218.76 1 
  5065.34 5.6190e-15   5221.51 1 
  5068.01 5.3059e-15   5224.26 1 
  5070.68 4.9531e-15   5227.01 1 
  5073.34 5.5298e-15   5229.76 1 
  5076.01 6.2645e-15   5232.51 1 
  5078.68 6.7043e-15   5235.26 1 
  5081.35 5.9674e-15   5238.01 1 
  5084.01 5.3822e-15   5240.76 1 
  5086.68 5.7505e-15   5243.51 1 
  5089.35 5.3738e-15   5246.26 1 
  5092.02 5.1823e-15   5249.01 1 
  5094.69 5.3468e-15   5251.76 1 
  5097.35 5.9711e-15   5254.51 1 
  5100.02 5.5447e-15   5257.26 1 
  5102.69 4.4849e-15   5260.01 1 
  5105.36 5.1731e-15   5262.76 1 
  5108.02 5.6415e-15   5265.51 1 
  5110.69 5.3975e-15   5268.26 1 
  5113.36 5.6534e-15   5271.01 1 
  5116.03 5.4584e-15   5273.76 1 
  5118.70 5.4468e-15   5276.51 1 
  5121.36 5.6358e-15   5279.26 1 
  5124.03 4.8126e-15   5282.01 1 
  5126.70 5.1237e-15   5284.76 1 
  5129.37 5.9256e-15   5287.51 1 
  5132.03 6.4698e-15   5290.26 1 
  5134.70 5.4388e-15   5293.01 1 
  5137.37 4.8284e-15   5295.76 1 
  5140.04 5.4321e-15   5298.51 1 
  5142.71 5.4229e-15   5301.26 1 
  5145.37 5.3186e-15   5304.01 1 
  5148.04 5.7712e-15   5306.76 1 
  5150.71 5.4442e-15   5309.51 1 
  5153.38 5.3298e-15   5312.26 1 
  5156.04 5.4204e-15   5315.01 1 
  5158.71 4.9601e-15   5317.76 1 
  5161.38 5.7065e-15   5320.51 1 
  5164.05 5.5090e-15   5323.26 1 
  5166.71 5.0293e-15   5326.01 1 
  5169.38 5.4444e-15   5328.76 1 
  5172.05 5.9461e-15   5331.51 1 
  5174.72 6.3736e-15   5334.26 1 
  5177.39 5.5590e-15   5337.01 1 
  5180.05 5.1366e-15   5339.76 1 
  5182.72 5.7700e-15   5342.51 1 
  5185.39 5.7748e-15   5345.26 1 
  5188.06 4.4955e-15   5348.01 1 
  5190.72 4.3597e-15   5350.76 1 
  5193.39 5.3670e-15   5353.51 1 
  5196.06 5.7343e-15   5356.26 1 
  5198.73 5.5084e-15   5359.01 1 
  5201.40 5.2841e-15   5361.76 1 
  5204.06 5.6925e-15   5364.51 1 
  5206.73 6.1451e-15   5367.26 1 
  5209.40 5.2436e-15   5370.01 1 
  5212.07 5.1242e-15   5372.76 1 
  5214.73 5.6368e-15   5375.51 1 
  5217.40 5.5208e-15   5378.26 1 
  5220.07 4.8938e-15   5381.01 1 
  5222.74 4.8989e-15   5383.76 1 
  5225.41 5.1725e-15   5386.51 1 
  5228.07 5.1949e-15   5389.26 1 
  5230.74 5.2530e-15   5392.01 1 
  5233.41 4.8065e-15   5394.76 1 
  5236.08 5.1077e-15   5397.51 1 
  5238.74 6.0714e-15   5400.26 1 
  5241.41 5.8949e-15   5403.01 1 
  5244.08 5.6676e-15   5405.76 1 
  5246.75 5.0105e-15   5408.51 1 
  5249.42 5.1270e-15   5411.26 1 
  5252.08 5.3813e-15   5414.01 1 
  5254.75 5.4113e-15   5416.76 1 
  5257.42 5.4839e-15   5419.51 1 
  5260.09 5.2658e-15   5422.26 1 
  5262.75 4.5463e-15   5425.01 1 
  5265.42 4.7683e-15   5427.76 1 
  5268.09 4.8381e-15   5430.51 1 
  5270.76 4.8340e-15   5433.26 1 
  5273.42 4.9950e-15   5436.01 1 
  5276.09 4.4149e-15   5438.76 1 
  5278.76 5.1763e-15   5441.51 1 
  5281.43 5.3495e-15   5444.26 1 
  5284.10 5.1964e-15   5447.01 1 
  5286.76 5.1628e-15   5449.76 1 
  5289.43 5.4381e-15   5452.51 1 
  5292.10 5.5266e-15   5455.26 1 
  5294.77 5.9057e-15   5458.01 1 
  5297.43 5.9610e-15   5460.76 1 
  5300.10 5.1932e-15   5463.51 1 
  5302.77 4.5370e-15   5466.26 1 
  5305.44 5.1391e-15   5469.01 1 
  5308.11 5.6863e-15   5471.76 1 
  5310.77 4.8780e-15   5474.51 1 
  5313.44 5.1804e-15   5477.26 1 
  5316.11 5.6052e-15   5480.01 1 
  5318.78 5.0299e-15   5482.76 1 
  5321.44 5.8826e-15   5485.51 1 
  5324.11 6.1358e-15   5488.26 1 
  5326.78 5.4058e-15   5491.01 1 
  5329.45 4.9866e-15   5493.76 1 
  5332.12 5.1728e-15   5496.51 1 
  5334.78 4.8244e-15   5499.26 1 
  5337.45 4.7090e-15   5502.01 1 
  5340.12 5.5478e-15   5504.76 1 
  5342.79 6.4801e-15   5507.51 1 
  5345.45 4.8674e-15   5510.26 1 
  5348.12 4.9316e-15   5513.01 1 
  5350.79 5.1750e-15   5515.76 1 
  5353.46 5.5832e-15   5518.51 1 
  5356.13 5.7758e-15   5521.26 1 
  5358.79 5.7120e-15   5524.01 1 
  5361.46 4.7600e-15   5526.76 1 
  5364.13 5.4144e-15   5529.51 1 
  5366.80 5.3213e-15   5532.26 1 
  5369.46 5.9043e-15   5535.01 1 
  5372.13 5.4201e-15   5537.76 1 
  5374.80 4.7160e-15   5540.51 1 
  5377.47 5.5811e-15   5543.26 1 
  5380.13 5.8238e-15   5546.01 1 
  5382.80 4.8872e-15   5548.76 1 
  5385.47 4.9707e-15   5551.51 1 
  5388.14 4.8214e-15   5554.26 1 
  5390.81 5.9529e-15   5557.01 1 
  5393.47 6.4265e-15   5559.76 1 
  5396.14 5.6836e-15   5562.51 1 
  5398.81 5.6553e-15   5565.26 1 
  5401.48 5.2320e-15   5568.01 1 
  5404.14 6.1910e-15   5570.76 1 
  5406.81 5.5896e-15   5573.51 1 
  5409.48 5.6919e-15   5576.26 1 
  5412.15 5.2194e-15   5579.01 1 
  5414.82 5.8287e-15   5581.76 1 
  5417.48 5.3456e-15   5584.51 1 
  5420.15 5.4340e-15   5587.26 1 
  5422.82 5.7807e-15   5590.01 1 
  5425.49 5.2206e-15   5592.76 1 
  5428.15 6.2287e-15   5595.51 1 
  5430.82 6.2595e-15   5598.26 1 
  5433.49 5.0767e-15   5601.01 1 
  5436.16 6.4166e-15   5603.76 1 
  5438.83 5.4316e-15   5606.51 1 
  5441.49 5.8425e-15   5609.26 1 
  5444.16 5.2573e-15   5612.01 1 
  5446.83 5.3296e-15   5614.76 1 
  5449.50 5.3017e-15   5617.51 1 
  5452.16 5.7631e-15   5620.26 1 
  5454.83 4.5097e-15   5623.01 1 
  5457.50 5.3224e-15   5625.76 1 
  5460.17 5.3343e-15   5628.51 1 
  5462.84 5.6816e-15   5631.26 1 
  5465.50 5.8648e-15   5634.01 1 
  5468.17 5.4359e-15   5636.76 1 
  5470.84 5.2401e-15   5639.51 1 
  5473.51 5.7732e-15   5642.26 1 
  5476.17 6.6275e-15   5645.01 1 
  5478.84 4.3308e-15   5647.76 1 
  5481.51 4.5885e-15   5650.51 1 
  5484.18 4.6334e-15   5653.26 1 
  5486.84 5.7667e-15   5656.01 1 
  5489.51 5.3640e-15   5658.76 1 
  5492.18 5.2163e-15   5661.51 1 
  5494.85 5.0773e-15   5664.26 1 
  5497.52 5.2650e-15   5667.01 1 
  5500.18 5.5270e-15   5669.76 1 
  5502.85 5.6444e-15   5672.51 1 
  5505.52 4.4437e-15   5675.26 1 
  5508.19 4.9258e-15   5678.01 1 
  5510.85 4.7308e-15   5680.76 1 
  5513.52 5.4769e-15   5683.51 1 
  5516.19 5.7149e-15   5686.26 1 
  5518.86 6.0215e-15   5689.01 1 
  5521.53 4.9357e-15   5691.76 1 
  5524.19 5.1606e-15   5694.51 1 
  5526.86 4.7261e-15   5697.26 1 
  5529.53 5.6377e-15   5700.01 1 
  5532.20 4.1691e-15   5702.76 1 
  5534.86 5.5739e-15   5705.51 1 
  5537.53 4.0480e-15   5708.26 1 
  5540.20 6.6199e-15   5711.01 1 
  5542.87 3.1893e-15   5713.76 1 
  5545.54 6.8328e-15   5716.51 1 
  5548.20 3.3070e-15   5719.26 1 
  5550.87 6.3598e-15   5722.01 1 
  5553.54 4.0049e-15   5724.76 1 
  5556.21 6.2872e-15   5727.51 1 
  5558.87 4.1694e-15   5730.26 1 
  5561.54 6.3662e-15   5733.01 1 
  5564.21 3.2621e-15   5735.76 1 
  5566.88 6.7248e-15   5738.51 1 
  5569.55 6.0623e-15   5741.26 1 
  5572.21 4.9875e-15   5744.01 1 
  5574.88 5.3046e-15   5746.76 1 
  5577.55 7.0548e-15   5749.51 1 
  5580.22 4.9637e-15   5752.26 1 
  5582.88 5.8980e-15   5755.01 1 
  5585.55 6.2274e-15   5757.76 1 
  5588.22 6.9476e-15   5760.51 1 
  5590.89 4.2866e-15   5763.26 1 
  5593.55 5.2902e-15   5766.01 1 
  5596.22 5.7285e-15   5768.76 1 
  5598.89 5.2108e-15   5771.51 1 
  5601.56 4.5734e-15   5774.26 1 
  5604.23 5.0406e-15   5777.01 1 
  5606.89 5.0155e-15   5779.76 1 
  5609.56 5.3868e-15   5782.51 1 
  5612.23 4.8058e-15   5785.26 1 
  5614.90 4.8006e-15   5788.01 1 
  5617.56 6.9698e-15   5790.76 1 
  5620.23 4.8350e-15   5793.51 1 
  5622.90 5.2248e-15   5796.26 1 
  5625.57 4.0127e-15   5799.01 1 
  5628.24 4.9619e-15   5801.76 1 
  5630.90 3.8684e-15   5804.51 1 
  5633.57 5.0617e-15   5807.26 1 
  5636.24 4.7332e-15   5810.01 1 
  5638.91 5.6255e-15   5812.76 1 
  5641.57 6.5868e-15   5815.51 1 
  5644.24 5.7124e-15   5818.26 1 
  5646.91 5.2424e-15   5821.01 1 
  5649.58 5.0408e-15   5823.76 1 
  5652.25 5.5553e-15   5826.51 1 
  5654.91 6.2558e-15   5829.26 1 
  5657.58 6.6746e-15   5832.01 1 
  5660.25 5.8156e-15   5834.76 1 
  5662.92 5.6549e-15   5837.51 1 
  5665.58 4.8992e-15   5840.26 1 
  5668.25 4.9142e-15   5843.01 1 
  5670.92 4.7992e-15   5845.76 1 
  5673.59 4.6451e-15   5848.51 1 
  5676.26 5.5204e-15   5851.26 1 
  5678.92 6.0377e-15   5854.01 1 
  5681.59 5.8719e-15   5856.76 1 
  5684.26 6.1788e-15   5859.51 1 
  5686.93 5.3253e-15   5862.26 1 
  5689.59 5.2862e-15   5865.01 1 
  5692.26 4.8615e-15   5867.76 1 
  5694.93 3.9976e-15   5870.51 1 
  5697.60 5.0647e-15   5873.26 1 
  5700.26 5.4228e-15   5876.01 1 
  5702.93 6.6010e-15   5878.76 1 
  5705.60 5.9144e-15   5881.51 1 
  5708.27 6.5861e-15   5884.26 1 
  5710.94 9.2550e-15   5887.01 1 
  5713.60 8.5640e-15   5889.76 1 
  5716.27 6.5218e-15   5892.51 1 
  5718.94 4.2753e-15   5895.26 1 
  5721.61 2.0652e-15   5898.01 1 
  5724.27 4.9674e-16   5900.76 1 
  5726.94 2.4090e-15   5903.51 1 
  5729.61 4.9285e-15   5906.26 1 
  5732.28 5.5591e-15   5909.01 1 
  5734.95 4.7722e-15   5911.76 1 
  5737.61 4.8623e-15   5914.51 1 
  5740.28 4.5613e-15   5917.26 1 
  5742.95 5.2053e-15   5920.01 1 
  5745.62 5.6111e-15   5922.76 1 
  5748.28 5.0062e-15   5925.51 1 
  5750.95 5.4228e-15   5928.26 1 
  5753.62 6.1839e-15   5931.01 1 
  5756.29 6.2072e-15   5933.76 1 
  5758.96 5.7751e-15   5936.51 1 
  5761.62 4.6589e-15   5939.26 1 
  5764.29 4.4825e-15   5942.01 1 
  5766.96 4.9104e-15   5944.76 1 
  5769.63 5.9724e-15   5947.51 1 
  5772.29 6.9024e-15   5950.26 1 
  5774.96 6.7060e-15   5953.01 1 
  5777.63 5.4931e-15   5955.76 1 
  5780.30 4.2751e-15   5958.51 1 
  5782.97 4.5420e-15   5961.26 1 
  5785.63 5.4006e-15   5964.01 1 
  5788.30 5.1006e-15   5966.76 1 
  5790.97 5.0309e-15   5969.51 1 
  5793.64 5.0888e-15   5972.26 1 
  5796.30 5.4261e-15   5975.01 1 
  5798.97 5.3817e-15   5977.76 1 
  5801.64 5.1075e-15   5980.51 1 
  5804.31 4.9842e-15   5983.26 1 
  5806.97 4.8742e-15   5986.01 1 
  5809.64 5.0829e-15   5988.76 1 
  5812.31 5.7150e-15   5991.51 1 
  5814.98 5.5920e-15   5994.26 1 
  5817.65 5.1657e-15   5997.01 1 
  5820.31 5.7577e-15   5999.76 1 
  5822.98 5.7968e-15   6002.51 1 
  5825.65 5.2717e-15   6005.26 1 
  5828.32 4.6142e-15   6008.01 1 
  5830.98 4.8314e-15   6010.76 1 
  5833.65 5.1139e-15   6013.51 1 
  5836.32 5.3365e-15   6016.26 1 
  5838.99 4.7459e-15   6019.01 1 
  5841.66 5.3709e-15   6021.76 1 
  5844.32 4.9337e-15   6024.51 1 
  5846.99 5.2926e-15   6027.26 1 
  5849.66 5.7066e-15   6030.01 1 
  5852.33 5.3787e-15   6032.76 1 
  5854.99 4.9584e-15   6035.51 1 
  5857.66 5.2257e-15   6038.26 1 
  5860.33 4.9401e-15   6041.01 1 
  5863.00 5.3476e-15   6043.76 1 
  5865.67 4.7936e-15   6046.51 1 
  5868.33 5.1607e-15   6049.26 1 
  5871.00 5.4232e-15   6052.01 1 
  5873.67 5.5291e-15   6054.76 1 
  5876.34 4.8277e-15   6057.51 1 
  5879.00 5.3015e-15   6060.26 1 
  5881.67 5.6733e-15   6063.01 1 
  5884.34 5.9526e-15   6065.76 1 
  5887.01 5.2517e-15   6068.51 1 
  5889.68 4.8593e-15   6071.26 1 
  5892.34 4.1179e-15   6074.01 1 
  5895.01 5.0090e-15   6076.76 1 
  5897.68 4.1667e-15   6079.51 1 
  5900.35 5.9975e-15   6082.26 1 
  5903.01 5.1538e-15   6085.01 1 
  5905.68 5.5883e-15   6087.76 1 
  5908.35 5.3155e-15   6090.51 1 
  5911.02 4.0309e-15   6093.26 1 
  5913.68 4.4651e-15   6096.01 1 
  5916.35 5.5800e-15   6098.76 1 
  5919.02 4.7801e-15   6101.51 1 
  5921.69 5.7316e-15   6104.26 1 
  5924.36 4.7161e-15   6107.01 1 
  5927.02 4.9200e-15   6109.76 1 
  5929.69 6.6674e-15   6112.51 1 
  5932.36 6.1211e-15   6115.26 1 
  5935.03 5.5274e-15   6118.01 1 
  5937.69 5.0645e-15   6120.76 1 
  5940.36 6.5385e-15   6123.51 1 
  5943.03 5.5177e-15   6126.26 1 
  5945.70 6.0732e-15   6129.01 1 
  5948.37 5.5753e-15   6131.76 1 
  5951.03 6.2197e-15   6134.51 1 
  5953.70 4.7924e-15   6137.26 1 
  5956.37 5.2127e-15   6140.01 1 
  5959.04 5.6480e-15   6142.76 1 
  5961.70 5.0647e-15   6145.51 1 
  5964.37 4.5593e-15   6148.26 1 
  5967.04 5.4816e-15   6151.01 1 
  5969.71 5.3855e-15   6153.76 1 
  5972.38 5.0979e-15   6156.51 1 
  5975.04 5.7062e-15   6159.26 1 
  5977.71 4.6378e-15   6162.01 1 
  5980.38 4.0553e-15   6164.76 1 
  5983.05 5.9960e-15   6167.51 1 
  5985.71 5.1862e-15   6170.26 1 
  5988.38 5.9704e-15   6173.01 1 
  5991.05 4.7733e-15   6175.76 1 
  5993.72 5.2927e-15   6178.51 1 
  5996.39 4.5947e-15   6181.26 1 
  5999.05 4.0374e-15   6184.01 1 
  6001.72 4.9875e-15   6186.76 1 
  6004.39 5.3857e-15   6189.51 1 
  6007.06 4.0573e-15   6192.26 1 
  6009.72 4.6305e-15   6195.01 1 
  6012.39 3.7433e-15   6197.76 1 
  6015.06 4.8293e-15   6200.51 1 
  6017.73 4.8358e-15   6203.26 1 
  6020.39 5.2540e-15   6206.01 1 
  6023.06 5.0009e-15   6208.76 1 
  6025.73 4.4733e-15   6211.51 1 
  6028.40 5.2658e-15   6214.26 1 
  6031.07 5.3454e-15   6217.01 1 
  6033.73 5.5118e-15   6219.76 1 
  6036.40 5.3579e-15   6222.51 1 
  6039.07 5.4036e-15   6225.26 1 
  6041.74 5.5626e-15   6228.01 1 
  6044.40 5.2939e-15   6230.76 1 
  6047.07 6.4101e-15   6233.51 1 
  6049.74 6.2092e-15   6236.26 1 
  6052.41 6.1707e-15   6239.01 1 
  6055.08 4.9148e-15   6241.76 1 
  6057.74 5.1678e-15   6244.51 1 
  6060.41 5.5543e-15   6247.26 1 
  6063.08 4.9420e-15   6250.01 1 
  6065.75 5.9730e-15   6252.76 1 
  6068.41 6.9611e-15   6255.51 1 
  6071.08 7.1054e-15   6258.26 1 
  6073.75 4.1770e-15   6261.01 1 
  6076.42 4.2132e-15   6263.76 1 
  6079.09 4.2995e-15   6266.51 1 
  6081.75 4.2895e-15   6269.26 1 
  6084.42 5.0215e-15   6272.01 1 
  6087.09 4.6081e-15   6274.76 1 
  6089.76 5.2019e-15   6277.51 1 
  6092.42 6.1571e-15   6280.26 1 
  6095.09 4.4893e-15   6283.01 1 
  6097.76 6.6746e-15   6285.76 1 
  6100.43 4.6355e-15   6288.51 1 
  6103.10 3.4116e-15   6291.26 1 
  6105.76 5.6548e-15   6294.01 1 
  6108.43 1.3435e-14   6296.76 1 
  6111.10 1.8593e-14   6299.51 1 
  6113.77 7.0772e-15   6302.26 1 
  6116.43 -2.4712e-15   6305.01 1 
  6119.10 -5.8453e-15   6307.76 1 
  6121.77 2.1836e-15   6310.51 1 
  6124.44 2.8396e-15   6313.26 1 
  6127.10 6.1496e-15   6316.01 1 
  6129.77 5.9929e-15   6318.76 1 
  6132.44 4.7170e-15   6321.51 1 
  6135.11 4.6809e-15   6324.26 1 
  6137.78 5.2711e-15   6327.01 1 
  6140.44 6.0510e-15   6329.76 1 
  6143.11 4.6441e-15   6332.51 1 
  6145.78 5.1145e-15   6335.26 1 
  6148.45 5.0126e-15   6338.01 1 
  6151.11 4.2038e-15   6340.76 1 
  6153.78 5.4793e-15   6343.51 1 
  6156.45 5.6462e-15   6346.26 1 
  6159.12 5.1317e-15   6349.01 1 
  6161.79 5.0878e-15   6351.76 1 
  6164.45 5.3950e-15   6354.51 1 
  6167.12 5.1953e-15   6357.26 1 
  6169.79 4.0553e-15   6360.01 1 
  6172.46 5.0505e-15   6362.76 1 
  6175.12 5.2841e-15   6365.51 1 
  6177.79 5.6625e-15   6368.26 1 
  6180.46 5.7204e-15   6371.01 1 
  6183.13 4.8114e-15   6373.76 1 
  6185.80 5.1132e-15   6376.51 1 
  6188.46 6.2285e-15   6379.26 1 
  6191.13 5.1033e-15   6382.01 1 
  6193.80 6.3262e-15   6384.76 1 
  6196.47 3.6159e-15   6387.51 1 
  6199.13 5.5940e-15   6390.26 1 
  6201.80 5.1283e-15   6393.01 1 
  6204.47 5.1281e-15   6395.76 1 
  6207.14 4.0833e-15   6398.51 1 
  6209.81 4.9942e-15   6401.26 1 
  6212.47 5.6165e-15   6404.01 1 
  6215.14 4.5250e-15   6406.76 1 
  6217.81 5.2255e-15   6409.51 1 
  6220.48 4.4542e-15   6412.26 1 
  6223.14 4.2671e-15   6415.01 1 
  6225.81 4.4972e-15   6417.76 1 
  6228.48 4.9380e-15   6420.51 1 
  6231.15 3.8992e-15   6423.26 1 
  6233.82 3.9739e-15   6426.01 1 
  6236.48 3.9713e-15   6428.76 1 
  6239.15 4.7404e-15   6431.51 1 
  6241.82 4.5418e-15   6434.26 1 
  6244.49 4.8909e-15   6437.01 1 
  6247.15 5.1292e-15   6439.76 1 
  6249.82 3.9379e-15   6442.51 1 
  6252.49 4.6571e-15   6445.26 1 
  6255.16 4.4239e-15   6448.01 1 
  6257.82 4.3787e-15   6450.76 1 
  6260.49 3.5634e-15   6453.51 1 
  6263.16 4.2493e-15   6456.26 1 
  6265.83 5.0192e-15   6459.01 1 
  6268.50 6.1037e-15   6461.76 1 
  6271.16 5.4446e-15   6464.51 1 
  6273.83 6.0558e-15   6467.26 1 
  6276.50 4.8115e-15   6470.01 1 
  6279.17 4.7135e-15   6472.76 1 
  6281.83 5.4316e-15   6475.51 1 
  6284.50 5.7804e-15   6478.26 1 
  6287.17 5.3938e-15   6481.01 1 
  6289.84 4.8050e-15   6483.76 1 
  6292.51 4.9369e-15   6486.51 1 
  6295.17 4.4192e-15   6489.26 1 
  6297.84 4.6916e-15   6492.01 1 
  6300.51 6.5774e-15   6494.76 1 
  6303.18 6.7224e-15   6497.51 1 
  6305.84 5.4904e-15   6500.26 1 
  6308.51 4.0927e-15   6503.01 1 
  6311.18 3.6781e-15   6505.76 1 
  6313.85 4.8021e-15   6508.51 1 
  6316.52 4.7610e-15   6511.26 1 
  6319.18 4.1694e-15   6514.01 1 
  6321.85 4.3985e-15   6516.76 1 
  6324.52 5.2113e-15   6519.51 1 
  6327.19 5.0220e-15   6522.26 1 
  6329.85 4.1853e-15   6525.01 1 
  6332.52 5.2994e-15   6527.76 1 
  6335.19 5.8219e-15   6530.51 1 
  6337.86 4.4565e-15   6533.26 1 
  6340.53 3.9882e-15   6536.01 1 
  6343.19 3.6370e-15   6538.76 1 
  6345.86 4.4447e-15   6541.51 1 
  6348.53 6.3925e-15   6544.26 1 
  6351.20 5.5413e-15   6547.01 1 
  6353.86 3.9428e-15   6549.76 1 
  6356.53 5.6063e-15   6552.51 1 
  6359.20 5.5099e-15   6555.26 1 
  6361.87 5.0418e-15   6558.01 1 
  6364.53 5.2248e-15   6560.76 1 
  6367.20 5.3208e-15   6563.51 1 
  6369.87 5.1997e-15   6566.26 1 
  6372.54 4.0324e-15   6569.01 1 
  6375.21 5.5763e-15   6571.76 1 
  6377.87 5.4096e-15   6574.51 1 
  6380.54 5.7829e-15   6577.26 1 
  6383.21 5.3356e-15   6580.01 1 
  6385.88 4.2155e-15   6582.76 1 
  6388.54 4.7247e-15   6585.51 1 
  6391.21 4.7433e-15   6588.26 1 
  6393.88 4.3074e-15   6591.01 1 
  6396.55 6.8397e-15   6593.76 1 
  6399.22 5.9531e-15   6596.51 1 
  6401.88 4.1509e-15   6599.26 1 
  6404.55 6.5107e-15   6602.01 1 
  6407.22 4.4176e-15   6604.76 1 
  6409.89 4.2714e-15   6607.51 1 
  6412.55 3.3426e-15   6610.26 1 
  6415.22 5.9455e-15   6613.01 1 
  6417.89 4.3720e-15   6615.76 1 
  6420.56 5.6353e-15   6618.51 1 
  6423.23 4.9345e-15   6621.26 1 
  6425.89 5.2890e-15   6624.01 1 
  6428.56 4.2753e-15   6626.76 1 
  6431.23 4.3164e-15   6629.51 1 
  6433.90 3.9181e-15   6632.26 1 
  6436.56 4.8643e-15   6635.01 1 
  6439.23 4.0328e-15   6637.76 1 
  6441.90 4.1246e-15   6640.51 1 
  6444.57 4.4998e-15   6643.26 1 
  6447.24 4.0187e-15   6646.01 1 
  6449.90 4.8354e-15   6648.76 1 
  6452.57 5.8834e-15   6651.51 1 
  6455.24 4.2583e-15   6654.26 1 
  6457.91 4.0412e-15   6657.01 1 
  6460.57 5.2886e-15   6659.76 1 
  6463.24 5.0467e-15   6662.51 1 
  6465.91 4.5512e-15   6665.26 1 
  6468.58 5.3772e-15   6668.01 1 
  6471.24 4.7485e-15   6670.76 1 
  6473.91 5.1109e-15   6673.51 1 
  6476.58 4.7571e-15   6676.26 1 
  6479.25 4.8555e-15   6679.01 1 
  6481.92 5.1514e-15   6681.76 1 
  6484.58 5.7662e-15   6684.51 1 
  6487.25 5.0116e-15   6687.26 1 
  6489.92 5.5760e-15   6690.01 1 
  6492.59 5.7219e-15   6692.76 1 
  6495.25 5.5797e-15   6695.51 1 
  6497.92 5.2973e-15   6698.26 1 
  6500.59 4.8546e-15   6701.01 1 
  6503.26 4.0147e-15   6703.76 1 
  6505.93 4.0143e-15   6706.51 1 
  6508.59 4.3985e-15   6709.26 1 
  6511.26 4.4688e-15   6712.01 1 
  6513.93 5.1533e-15   6714.76 1 
  6516.60 5.7103e-15   6717.51 1 
  6519.26 4.7898e-15   6720.26 1 
  6521.93 4.3520e-15   6723.01 1 
  6524.60 4.3814e-15   6725.76 1 
  6527.27 4.9835e-15   6728.51 1 
  6529.94 5.7333e-15   6731.26 1 
  6532.60 5.5331e-15   6734.01 1 
  6535.27 4.4133e-15   6736.76 1 
  6537.94 4.4782e-15   6739.51 1 
  6540.61 4.4270e-15   6742.26 1 
  6543.27 4.3392e-15   6745.01 1 
  6545.94 5.3577e-15   6747.76 1 
  6548.61 6.1945e-15   6750.51 1 
  6551.28 6.3271e-15   6753.26 1 
  6553.95 5.8165e-15   6756.01 1 
  6556.61 7.1369e-15   6758.76 1 
  6559.28 7.3994e-15   6761.51 1 
  6561.95 9.0713e-15   6764.26 1 
  6564.62 1.2167e-14   6767.01 1 
  6567.28 1.4496e-14   6769.76 1 
  6569.95 1.3166e-14   6772.51 1 
  6572.62 9.7829e-15   6775.26 1 
  6575.29 6.3576e-15   6778.01 1 
  6577.95 5.5691e-15   6780.76 1 
  6580.62 6.0880e-15   6783.51 1 
  6583.29 7.7557e-15   6786.26 1 
  6585.96 8.8733e-15   6789.01 1 
  6588.63 1.0820e-14   6791.76 1 
  6591.29 8.9139e-15   6794.51 1 
  6593.96 8.2201e-15   6797.26 1 
  6596.63 5.7368e-15   6800.01 1 
  6599.30 5.5432e-15   6802.76 1 
  6601.96 5.1963e-15   6805.51 1 
  6604.63 5.7384e-15   6808.26 1 
  6607.30 4.4680e-15   6811.01 1 
  6609.97 6.1822e-15   6813.76 1 
  6612.64 5.0352e-15   6816.51 1 
  6615.30 4.8109e-15   6819.26 1 
  6617.97 3.8670e-15   6822.01 1 
  6620.64 6.3183e-15   6824.76 1 
  6623.31 7.3205e-15   6827.51 1 
  6634.57 5.0000e-15   6839.12 0 
  6649.86 4.9182e-15   6854.88 0 
  6665.19 4.9733e-15   6870.68 0 
  6680.56 4.9829e-15   6886.52 0 
  6695.95 4.9468e-15   6902.40 0 
  6711.39 4.8659e-15   6918.31 0 
  6726.86 4.8417e-15   6934.26 0 
  6742.37 4.8847e-15   6950.24 0 
  6757.91 4.7607e-15   6966.26 0 
  6773.49 4.7919e-15   6982.33 0 
  6789.11 4.7901e-15   6998.42 0 
  6804.75 4.8104e-15   7014.55 0 
  6820.44 4.8197e-15   7030.72 0 
  6836.17 4.8178e-15   7046.93 0 
  6851.92 4.8271e-15   7063.18 0 
  6867.72 4.6722e-15   7079.46 0 
  6883.55 4.7354e-15   7095.78 0 
  6899.42 4.7664e-15   7112.14 0 
  6915.32 4.7426e-15   7128.53 0 
  6931.27 4.7627e-15   7144.96 0 
  6947.24 4.8160e-15   7161.43 0 
  6963.26 4.7809e-15   7177.94 0 
  6979.31 4.8456e-15   7194.49 0 
  6995.40 4.7662e-15   7211.08 0 
  7011.52 4.6666e-15   7227.70 0 
  7027.69 4.8287e-15   7244.36 0 
  7043.89 4.7716e-15   7261.06 0 
  7060.13 4.6826e-15   7277.80 0 
  7076.40 4.5953e-15   7294.57 0 
  7092.72 4.5305e-15   7311.39 0 
  7109.07 4.5287e-15   7328.25 0 
  7125.45 4.5165e-15   7345.14 0 
  7141.88 4.4630e-15   7362.07 0 
  7158.34 4.4818e-15   7379.04 0 
  7174.84 4.4389e-15   7396.05 0 
  7191.38 4.2865e-15   7413.10 0 
  7207.96 4.2847e-15   7430.19 0 
  7224.58 4.5368e-15   7447.32 0 
  7241.23 4.4317e-15   7464.49 0 
  7257.93 4.4606e-15   7481.70 0 
  7274.66 4.6049e-15   7498.94 0 
  7291.43 4.4982e-15   7516.23 0 
  7308.24 4.5275e-15   7533.56 0 
  7325.08 4.5152e-15   7550.92 0 
  7341.97 4.6291e-15   7568.33 0 
  7358.90 4.5954e-15   7585.78 0 
  7375.86 4.6574e-15   7603.26 0 
  7392.86 4.5494e-15   7620.79 0 
  7409.90 4.7074e-15   7638.36 0 
  7426.99 4.6195e-15   7655.97 0 
  7444.11 4.7251e-15   7673.61 0 
  7461.26 4.7340e-15   7691.30 0 
  7478.47 4.6350e-15   7709.04 0 
  7495.71 4.6866e-15   7726.81 0 
  7512.98 4.6417e-15   7744.62 0 
  7530.31 4.6397e-15   7762.47 0 
  7547.66 4.6914e-15   7780.37 0 
  7565.06 4.6038e-15   7798.30 0 
  7582.50 4.6337e-15   7816.28 0 
  7599.98 4.5055e-15   7834.30 0 
  7617.50 4.4829e-15   7852.36 0 
  7635.06 4.5748e-15   7870.46 0 
  7652.66 4.4997e-15   7888.60 0 
  7670.30 4.2072e-15   7906.79 0 
  7687.98 4.3632e-15   7925.01 0 
  7705.71 4.3412e-15   7943.28 0 
  7723.47 4.2798e-15   7961.59 0 
  7741.27 4.3274e-15   7979.95 0 
  7759.12 4.2271e-15   7998.34 0 
  7777.01 4.2545e-15   8016.78 0 
  7794.94 4.2428e-15   8035.26 0 
  7812.90 4.3197e-15   8053.78 0 
  7830.92 4.3678e-15   8072.35 0 
  7848.97 4.3358e-15   8090.96 0 
  7867.06 4.3941e-15   8109.61 0 
  7885.20 4.2922e-15   8128.31 0 
  7903.37 4.1542e-15   8147.04 0 
  7921.59 4.0953e-15   8165.82 0 
  7939.86 4.1218e-15   8184.65 0 
  7958.16 4.1485e-15   8203.52 0 
  7976.50 4.2432e-15   8222.43 0 
  7994.89 4.1734e-15   8241.38 0 
  8013.32 4.2393e-15   8260.38 0 
  8031.79 4.2471e-15   8279.42 0 
  8050.31 4.2943e-15   8298.51 0 
  8068.87 4.3121e-15   8317.64 0 
  8087.47 4.2217e-15   8336.81 0 
  8106.11 4.1142e-15   8356.03 0 
  8124.80 4.1504e-15   8375.29 0 
  8143.53 4.1772e-15   8394.60 0 
  8162.30 4.1274e-15   8413.95 0 
  8181.12 4.2606e-15   8433.35 0 
  8199.98 4.2099e-15   8452.79 0 
  8218.88 4.2371e-15   8472.27 0 
  8237.82 3.6632e-15   8491.80 0 
  8256.82 4.3018e-15   8511.38 0 
  8275.85 4.3097e-15   8531.00 0 
  8294.93 4.1327e-15   8550.67 0 
  8314.05 3.9448e-15   8570.38 0 
  8333.21 4.1288e-15   8590.14 0 
  8352.42 4.1363e-15   8609.94 0 
  8371.68 4.0588e-15   8629.79 0 
  8390.98 3.9554e-15   8649.68 0 
  8410.32 4.0830e-15   8669.62 0 
  8429.71 4.0904e-15   8689.60 0 
  8449.14 3.9405e-15   8709.64 0 
  8468.62 4.0118e-15   8729.71 0 
  8488.14 4.0376e-15   8749.84 0 
  8507.71 3.0755e-15   8770.01 0 
  8527.32 3.9327e-15   8790.23 0 
  8546.98 3.4079e-15   8810.49 0 
  8566.68 3.9470e-15   8830.80 0 
  8586.43 4.0369e-15   8851.16 0 
  8606.22 3.7569e-15   8871.56 0 
  8626.06 3.9867e-15   8892.01 0 
  8645.95 4.0216e-15   8912.51 0 
  8665.88 3.6998e-15   8933.05 0 
  8685.85 3.6979e-15   8953.65 0 
  8705.88 3.9060e-15   8974.29 0 
  8725.95 3.9950e-15   8994.98 0 
  8746.06 3.8220e-15   9015.71 0 
  8766.23 3.7763e-15   9036.50 0 
  8786.43 3.9980e-15   9057.33 0 
  8806.69 3.9960e-15   9078.20 0 
  8826.99 4.0123e-15   9099.13 0 
  8847.34 3.8210e-15   9120.11 0 
  8867.73 3.7149e-15   9141.13 0 
  8888.17 3.6620e-15   9162.20 0 
  8908.66 3.8062e-15   9183.33 0 
  8929.20 3.7868e-15   9204.50 0 
  8949.78 3.8198e-15   9225.71 0 
  8970.42 3.7309e-15   9246.98 0 
  8991.09 3.7118e-15   9268.30 0 
  9011.82 3.4942e-15   9289.66 0 
  9032.60 3.4050e-15   9311.08 0 
  9053.42 3.9618e-15   9332.54 0 
  9074.29 3.8606e-15   9354.06 0 
  9095.20 3.7019e-15   9375.62 0 
  9116.17 3.6157e-15   9397.23 0 
  9137.19 3.8103e-15   9418.90 0 
  9158.25 3.7473e-15   9440.61 0 
  9179.36 3.5521e-15   9462.37 0 
  9200.52 3.7347e-15   9484.18 0 
  9221.73 3.5157e-15   9506.05 0 
  9242.99 3.4576e-15   9527.96 0 
  9264.30 3.6437e-15   9549.93 0 
  9285.65 3.7783e-15   9571.94 0 
  9307.06 3.3656e-15   9594.01 0 
  9328.52 3.7482e-15   9616.12 0 
  9350.02 3.7375e-15   9638.29 0 
  9371.57 3.6842e-15   9660.51 0 
  9393.18 3.7248e-15   9682.78 0 
  9414.83 3.6463e-15   9705.10 0 
  9436.53 3.7464e-15   9727.47 0 
  9458.29 3.6929e-15   9749.90 0 
  9480.09 3.7681e-15   9772.37 0 
  9501.94 3.6633e-15   9794.90 0 
  9523.85 3.6361e-15   9817.48 0 
  9545.80 3.4465e-15   9840.11 0 
  9567.81 3.6319e-15   9862.79 0 
  9589.86 3.7230e-15   9885.53 0 
  9611.97 3.6867e-15   9908.32 0 
  9634.13 3.6931e-15   9931.16 0 
  9656.34 3.6655e-15   9954.05 0 
  9678.60 3.6550e-15   9977.00 0 
  9700.91 3.6867e-15  10000.00 0 
  9723.27 3.5924e-15  10023.05 0 
  9745.69 3.5738e-15  10046.15 0 
  9768.15 3.5882e-15  10069.31 0 
  9790.68 3.5532e-15  10092.53 0 
  9813.24 3.6171e-15  10115.80 0 
  9835.87 3.5819e-15  10139.12 0 
  9858.54 3.5880e-15  10162.49 0 
  9881.26 3.5612e-15  10185.91 0 
  9904.04 3.5427e-15  10209.39 0 
  9926.88 3.5651e-15  10232.94 0 
  9949.76 3.5712e-15  10256.52 0 
  9972.70 3.5691e-15  10280.17 0 
  9995.68 3.5505e-15  10303.86 0 
 10018.72 3.5240e-15  10327.61 0 
 10064.97 3.4554e-15  10375.28 0 
 10134.74 3.5785e-15  10447.20 0 
 10181.52 3.5495e-15  10495.42 0 
 10228.51 3.5779e-15  10543.86 0 
 10275.73 3.5983e-15  10592.54 0 
 10299.41 3.5877e-15  10616.96 0 
 10490.89 3.4506e-15  10814.34 0 
 10710.57 3.2953e-15  11040.79 0 
 10909.70 3.1615e-15  11246.05 0 
 11112.52 3.0123e-15  11455.13 0 
 11293.08 2.9915e-15  11641.26 0 
 11503.03 3.0054e-15  11857.68 0 
 11689.94 2.9369e-15  12050.36 0 
 11907.28 2.7919e-15  12274.40 0 
 12100.76 2.7790e-15  12473.84 0 
 12297.38 2.7472e-15  12676.52 0 
 12497.20 2.6540e-15  12882.50 0 
 12700.26 2.5995e-15  13091.82 0 
 12906.62 2.5462e-15  13304.55 0 
 13086.17 2.5113e-15  13489.63 0 
 13298.80 2.4260e-15  13708.82 0 
 13514.89 2.3653e-15  13931.57 0 
 13702.90 2.3222e-15  14125.38 0 
 13893.53 2.2228e-15  14321.88 0 
 14086.81 2.1081e-15  14521.12 0 
 14315.70 2.0792e-15  14757.07 0 
 14514.86 2.0936e-15  14962.36 0 
 14716.78 2.0179e-15  15170.51 0 
 14887.18 2.0554e-15  15346.17 0 
 15094.28 2.0696e-15  15559.65 0 
 15304.27 2.1081e-15  15776.11 0 
 15517.17 2.0936e-15  15995.58 0 
 15696.85 2.0412e-15  16180.80 0 
 15915.22 1.9539e-15  16405.90 0 
 16099.50 1.9494e-15  16595.86 0 
 16285.93 1.9494e-15  16788.04 0 
 16512.49 1.9271e-15  17021.58 0 
 16703.70 1.9360e-15  17218.69 0 
 16897.12 1.9182e-15  17418.08 0 
 17092.76 1.9006e-15  17619.75 0 
 17290.70 1.8319e-15  17823.79 0 
 17490.92 1.7819e-15  18030.18 0 
 17693.46 1.7057e-15  18238.96 0 
 17898.32 1.6327e-15  18450.14 0 
 18105.58 1.5413e-15  18663.79 0 
 18315.24 1.5028e-15  18879.91 0 
 18484.71 1.4518e-15  19054.62 0 
 18698.74 1.3769e-15  19275.24 0 
 18915.27 1.3486e-15  19498.44 0 
 19090.30 1.3363e-15  19678.87 0 
 19311.33 1.2999e-15  19906.72 0 
 19490.03 1.2500e-15  20090.93 0 
 19715.72 1.2103e-15  20323.57 0 
 19898.13 1.1746e-15  20511.61 0 
 20082.26 1.1558e-15  20701.41 0 
 20314.80 1.1217e-15  20941.13 0 
 20502.76 1.1140e-15  21134.88 0 
 20692.48 1.0912e-15  21330.45 0 
 20883.95 1.0713e-15  21527.83 0 
 21077.18 1.0590e-15  21727.01 0 
 21321.24 1.0373e-15  21978.60 0 
 21518.54 1.0207e-15  22181.97 0 
 21717.63 9.8831e-16  22387.21 0 
 21918.59 9.7475e-16  22594.36 0 
 22121.39 9.4819e-16  22803.41 0 
 22274.74 9.2448e-16  22961.49 0 
 22480.83 9.0070e-16  23173.93 0 
 22688.85 8.7489e-16  23388.37 0 
 22898.80 7.8579e-16  23604.79 0 
 23110.66 7.7738e-16  23823.19 0 
 23324.51 6.8225e-16  24043.63 0 
 23486.18 6.3776e-16  24210.28 0 
 23703.50 6.4406e-16  24434.31 0 
 23922.84 5.9316e-16  24660.40 0 
 24088.65 5.6865e-16  24831.33 0 
 24311.55 5.5596e-16  25061.10 0 
 24480.06 5.1249e-16  25234.80 0 
 24670.68 3.9200e-16  25431.30 2 
 24764.49 5.6795e-16  25528.00 2 
 24858.39 5.4327e-16  25624.80 2 
 24952.30 5.1920e-16  25721.60 2 
 25046.10 5.1834e-16  25818.30 2 
 25140.01 5.1773e-16  25915.10 2 
 25233.91 5.1720e-16  26011.90 2 
 25327.72 5.1234e-16  26108.60 2 
 25421.62 4.9743e-16  26205.40 2 
 25515.43 4.7991e-16  26302.10 2 
 25609.34 4.5835e-16  26398.90 2 
 25703.24 4.2276e-16  26495.70 2 
 25797.05 3.9376e-16  26592.40 2 
 25890.96 3.7279e-16  26689.20 2 
 25984.86 3.8883e-16  26786.00 2 
 26078.67 4.0944e-16  26882.70 2 
 26172.57 4.1574e-16  26979.50 2 
 26266.38 4.1396e-16  27076.20 2 
 26360.29 3.8417e-16  27173.00 2 
 26454.19 3.6921e-16  27269.80 2 
 26548.00 3.4063e-16  27366.50 2 
 26641.90 3.4797e-16  27463.30 2 
 26735.81 3.6161e-16  27560.10 2 
 26829.62 3.5932e-16  27656.80 2 
 26923.52 3.6962e-16  27753.60 2 
 27017.33 3.7107e-16  27850.30 2 
 27111.23 3.8031e-16  27947.10 2 
 27205.14 4.0706e-16  28043.90 2 
 27298.95 4.1796e-16  28140.60 2 
 27392.85 4.1852e-16  28237.40 2 
 27486.76 4.2655e-16  28334.20 2 
 27580.56 4.1341e-16  28430.90 2 
 27674.47 4.0390e-16  28527.70 2 
 27768.28 4.0014e-16  28624.40 2 
 27862.18 3.8048e-16  28721.20 2 
 27956.09 3.6864e-16  28818.00 2 
 28049.89 3.4800e-16  28914.70 2 
 28143.80 3.3711e-16  29011.50 2 
 28237.70 3.4720e-16  29108.30 2 
 28331.51 3.7505e-16  29205.00 2 
 28425.42 3.7483e-16  29301.80 2 
 28519.22 3.3113e-16  29398.50 2 
 28613.13 2.9017e-16  29495.30 2 
 28707.03 2.6691e-16  29592.10 2 
 28800.84 2.5693e-16  29688.80 2 
 28894.75 2.5586e-16  29785.60 2 
 28988.55 2.4016e-16  29882.30 2 
 29082.46 2.4742e-16  29979.10 2 
 29176.36 2.5552e-16  30075.90 2 
 29270.17 2.5974e-16  30172.60 2 
 29364.08 2.3879e-16  30269.40 2 
 29457.98 2.3673e-16  30366.20 2 
 29551.79 2.3656e-16  30462.90 2 
 29645.69 2.4330e-16  30559.70 2 
 29739.50 2.7312e-16  30656.40 2 
 29833.41 2.7066e-16  30753.20 2 
 29927.31 2.8582e-16  30850.00 2 
 30021.12 2.9790e-16  30946.70 2 
 30115.02 2.9563e-16  31043.50 2 
 30208.93 3.0812e-16  31140.30 2 
 30302.74 3.0148e-16  31237.00 2 
 30396.64 2.8987e-16  31333.80 2 
 30490.45 2.9734e-16  31430.50 2 
 30584.35 3.1986e-16  31527.30 2 
 30678.26 3.1724e-16  31624.10 2 
 30772.07 3.1003e-16  31720.80 2 
 30865.97 2.9248e-16  31817.60 2 
 30959.88 2.5884e-16  31914.40 2 
 31053.68 2.5292e-16  32011.10 2 
 31147.59 2.6364e-16  32107.90 2 
 31241.40 2.8147e-16  32204.60 2 
 31335.30 3.0116e-16  32301.40 2 
 31429.21 2.9959e-16  32398.20 2 
 31523.01 3.1754e-16  32494.90 2 
 31616.92 3.1801e-16  32591.70 2 
 31710.82 3.0126e-16  32688.50 2 
 31804.63 2.7307e-16  32785.20 2 
 31898.54 2.5902e-16  32882.00 2 
 31992.34 2.6393e-16  32978.70 2 
 32086.25 2.7678e-16  33075.50 2 
 32180.15 2.9657e-16  33172.30 2 
 32273.96 3.1606e-16  33269.00 2 
 32367.87 3.7122e-16  33365.80 2 
 32461.77 3.9384e-16  33462.60 2 
 32555.58 4.1858e-16  33559.30 2 
 32649.48 4.2888e-16  33656.10 2 
 32743.39 4.4380e-16  33752.90 2 
 32837.19 4.4607e-16  33849.60 2 
 32931.10 4.2773e-16  33946.40 2 
 33024.91 4.0207e-16  34043.10 2 
 33118.81 3.7968e-16  34139.90 2 
 33212.72 3.6238e-16  34236.70 2 
 33306.53 3.3062e-16  34333.40 2 
 33400.43 3.1342e-16  34430.20 2 
 33494.24 3.1226e-16  34526.90 2 
 33588.14 2.9959e-16  34623.70 2 
 33682.05 2.7828e-16  34720.50 2 
 33775.86 2.7735e-16  34817.20 2 
 33869.76 2.9421e-16  34914.00 2 
 33963.67 3.1822e-16  35010.80 2 
 34057.47 2.9320e-16  35107.50 2 
 34151.38 2.6811e-16  35204.30 2 
 34245.28 2.4919e-16  35301.10 2 
 34339.09 2.4229e-16  35397.80 2 
 34432.99 2.2941e-16  35494.60 2 
 34526.80 2.3303e-16  35591.30 2 
 34620.71 2.3498e-16  35688.10 2 
 34714.61 2.3472e-16  35784.90 2 
 34808.42 2.5351e-16  35881.60 2 
 34902.33 2.5699e-16  35978.40 2 
 34996.23 2.4071e-16  36075.20 2 
 35090.04 2.2601e-16  36171.90 2 
 35183.94 2.1930e-16  36268.70 2 
 35277.75 2.2530e-16  36365.40 2 
 35371.66 2.2478e-16  36462.20 2 
 35465.56 2.3044e-16  36559.00 2 
 35559.37 2.3732e-16  36655.70 2 
 35653.27 2.3991e-16  36752.50 2 
 35747.18 2.2000e-16  36849.30 2 
 35840.99 2.0885e-16  36946.00 2 
 35934.89 1.9876e-16  37042.80 2 
 36028.70 1.9852e-16  37139.50 2 
 36122.60 2.0798e-16  37236.30 2 
 36216.51 2.1606e-16  37333.10 2 
 36310.32 2.2153e-16  37429.80 2 
 36404.22 2.2164e-16  37526.60 2 
 36498.13 2.1492e-16  37623.40 2 
 36591.94 2.1296e-16  37720.10 2 
 36685.84 2.1137e-16  37816.90 2 
 36779.64 2.1280e-16  37913.60 2 
 36873.55 2.0763e-16  38010.40 2 
 36967.46 2.0657e-16  38107.20 2 
 37061.26 2.1191e-16  38203.90 2 
 37155.17 2.2023e-16  38300.70 2 
 37249.07 2.1665e-16  38397.50 2 
 37342.88 2.1555e-16  38494.20 2 
 37436.79 2.0967e-16  38591.00 2 
 37530.59 1.8685e-16  38687.70 2 
 37624.50 1.9705e-16  38784.50 2 
 37718.40 1.9821e-16  38881.30 2 
 37812.21 1.9920e-16  38978.00 2 
 37906.12 1.9293e-16  39074.80 2 
 38000.02 1.8305e-16  39171.60 2 
 38093.83 1.7571e-16  39268.30 2 
 38187.74 1.6668e-16  39365.10 2 
 38281.54 1.5780e-16  39461.80 2 
 38375.44 1.5942e-16  39558.60 2 
 38469.35 1.7961e-16  39655.40 2 
 38563.16 1.7849e-16  39752.10 2 
 38657.06 1.7905e-16  39848.90 2 
 38750.97 1.8059e-16  39945.70 2 
 38844.78 1.7253e-16  40042.40 2 
 38938.68 1.5352e-16  40139.20 2 
 39032.49 1.4871e-16  40235.90 2 
 39126.39 1.5184e-16  40332.70 2 
 39220.30 1.6380e-16  40429.50 2 
 39314.11 1.6763e-16  40526.20 2 
 39408.02 1.6814e-16  40623.00 2 
 39501.92 1.7221e-16  40719.80 2 
 39595.72 1.6824e-16  40816.50 2 
 39689.63 1.7027e-16  40913.30 2 
 39783.44 1.5742e-16  41010.00 2 
 39877.34 1.5249e-16  41106.80 2 
 39971.24 1.5624e-16  41203.60 2 
 40065.06 1.6178e-16  41300.30 2 
 40158.96 1.6006e-16  41397.10 2 
 40252.77 1.5456e-16  41493.80 2 
 40346.67 1.5682e-16  41590.60 2 
 40440.58 1.7033e-16  41687.40 2 
 40534.39 1.5977e-16  41784.10 2 
 40628.29 1.6615e-16  41880.90 2 
 40722.20 1.6647e-16  41977.70 2 
 40816.00 1.4777e-16  42074.40 2 
 40909.91 1.2761e-16  42171.20 2 
 41003.81 1.1516e-16  42268.00 2 
 41097.62 1.3073e-16  42364.70 2 
 41191.52 1.1719e-16  42461.50 2 
 41285.33 1.1630e-16  42558.20 2 
 41379.24 1.2360e-16  42655.00 2 
 41473.14 1.4305e-16  42751.80 2 
 41566.95 1.4244e-16  42848.50 2 
 41660.85 1.5187e-16  42945.30 2 
 41754.76 1.5242e-16  43042.10 2 
 41848.57 1.5566e-16  43138.80 2 
 41942.47 1.5115e-16  43235.60 2 
 42036.28 1.4877e-16  43332.30 2 
 42130.18 1.4602e-16  43429.10 2 
 42224.09 1.2950e-16  43525.90 2 
 42317.89 1.4458e-16  43622.60 2 
 42411.80 1.5994e-16  43719.40 2 
 42505.71 1.5988e-16  43816.20 2 
 42599.52 1.6355e-16  43912.90 2 
 42693.42 1.5822e-16  44009.70 2 
 42787.23 1.5477e-16  44106.40 2 
 42881.13 1.5013e-16  44203.20 2 
 42975.04 1.4336e-16  44300.00 2 
 43068.84 1.4598e-16  44396.70 2 
 43162.75 1.4912e-16  44493.50 2 
 43256.65 1.5453e-16  44590.30 2 
 43350.46 1.6334e-16  44687.00 2 
 43444.37 1.6870e-16  44783.80 2 
 43538.17 1.5953e-16  44880.50 2 
 43632.08 1.4756e-16  44977.30 2 
 43725.99 1.4098e-16  45074.10 2 
 43819.79 1.2101e-16  45170.80 2 
 43913.70 1.1576e-16  45267.60 2 
 44007.60 1.1456e-16  45364.40 2 
 44101.41 1.1276e-16  45461.10 2 
 44195.31 1.0700e-16  45557.90 2 
 44289.12 1.0383e-16  45654.60 2 
 44383.03 1.0226e-16  45751.40 2 
 44476.93 1.0056e-16  45848.20 2 
 44570.74 1.1345e-16  45944.90 2 
 44664.64 1.2086e-16  46041.70 2 
 44758.55 1.1085e-16  46138.50 2 
 44852.36 1.1315e-16  46235.20 2 
 44946.26 1.1073e-16  46332.00 2 
 45040.07 1.2248e-16  46428.70 2 
 45133.98 1.3575e-16  46525.50 2 
 45227.88 1.4013e-16  46622.30 2 
 45321.68 1.5192e-16  46719.00 2 
 45415.59 1.6983e-16  46815.80 2 
 45509.49 1.8354e-16  46912.60 2 
 45603.31 1.7073e-16  47009.30 2 
 45697.21 1.5000e-16  47106.10 2 
 45791.02 1.1656e-16  47202.80 2 
 45884.92 9.3807e-17  47299.60 2 
 45978.83 7.2032e-17  47396.40 2 
 46072.64 5.9850e-17  47493.10 2 
 46166.54 6.4984e-17  47589.90 2 
 46260.44 6.1177e-17  47686.70 2 
 46354.25 7.0504e-17  47783.40 2 
 46448.16 9.5199e-17  47880.20 2 
 46541.96 1.0872e-16  47976.90 2 
 46635.87 1.1315e-16  48073.70 2 
 46729.77 1.1230e-16  48170.50 2 
 46823.59 1.0472e-16  48267.20 2 
 46917.49 1.0600e-16  48364.00 2 
 47011.39 1.0490e-16  48460.80 2 
 47105.20 1.0751e-16  48557.50 2 
 47199.10 1.1219e-16  48654.30 2 
 47292.91 9.4210e-17  48751.00 2 
 47386.82 7.7538e-17  48847.80 2 
 47480.72 8.2054e-17  48944.60 2 
 47574.53 7.3913e-17  49041.30 2 
 47668.43 8.1203e-17  49138.10 2 
 47762.34 6.6899e-17  49234.90 2 
 47856.14 3.8357e-17  49331.60 2 
 47950.05 3.4897e-17  49428.40 2 
 48043.86 5.7057e-17  49525.10 2 
 48137.77 4.5690e-17  49621.90 2 
 48630.28 1.1341e-16  50129.60 2 
 49116.59 1.1382e-16  50630.90 0 
 49607.75 1.1424e-16  51137.21 0 
 50103.83 1.1466e-16  51648.58 0 
 50604.86 1.1509e-16  52165.06 0 
 51110.91 1.1552e-16  52686.71 0 
 51622.02 1.1595e-16  53213.58 0 
 52138.24 1.1639e-16  53745.72 0 
 52659.63 1.1683e-16  54283.18 0 
 53186.22 1.1728e-16  54826.01 0 
 53718.09 1.1773e-16  55374.27 0 
 54255.27 1.1819e-16  55928.01 0 
 54797.82 1.1865e-16  56487.29 0 
 55345.80 1.1912e-16  57052.16 0 
 55899.26 1.1959e-16  57622.69 0 
 56270.65 1.1990e-16  58005.53 3 
 56571.24 1.4820e-16  58315.39 3 
 56871.83 1.5600e-16  58625.25 3 
 57172.41 1.5586e-16  58935.10 3 
 57473.00 1.4448e-16  59244.95 3 
 57773.59 1.3889e-16  59554.81 3 
 58074.18 1.3346e-16  59864.66 3 
 58374.76 1.3676e-16  60174.51 3 
 58675.35 1.4088e-16  60484.37 3 
 58975.93 1.4356e-16  60794.22 3 
 59276.52 1.5375e-16  61104.07 3 
 59577.11 1.7719e-16  61413.93 3 
 59877.69 1.8604e-16  61723.78 3 
 60178.27 2.1705e-16  62033.63 3 
 60478.86 2.4251e-16  62343.49 3 
 60779.45 2.4159e-16  62653.34 3 
 61080.03 2.7426e-16  62963.19 3 
 61380.62 3.9276e-16  63273.05 3 
 61681.21 5.8705e-16  63582.90 3 
 61981.80 7.1707e-16  63892.76 3 
 62282.38 7.1105e-16  64202.61 3 
 62582.96 5.9425e-16  64512.46 3 
 62883.56 4.9011e-16  64822.32 3 
 63184.14 4.0271e-16  65132.17 3 
 63484.72 3.3946e-16  65442.02 3 
 63785.32 3.3616e-16  65751.88 3 
 64085.89 2.8522e-16  66061.73 3 
 64386.48 2.8209e-16  66371.58 3 
 64687.08 2.3699e-16  66681.45 3 
 64987.65 1.8078e-16  66991.29 3 
 65288.24 1.9859e-16  67301.14 3 
 65588.83 2.0413e-16  67611.00 3 
 65889.42 2.8890e-16  67920.85 3 
 66190.01 2.1873e-16  68230.71 3 
 66490.59 2.1036e-16  68540.56 3 
 66791.18 2.1155e-16  68850.41 3 
 67091.77 2.0914e-16  69160.27 3 
 67392.34 2.2108e-16  69470.12 3 
 67692.94 2.4138e-16  69779.98 3 
 67993.52 2.0918e-16  70089.83 3 
 68294.10 1.7811e-16  70399.68 3 
 68594.70 2.0591e-16  70709.54 3 
 68895.28 2.3373e-16  71019.39 3 
 69195.86 2.4331e-16  71329.24 3 
 69496.46 2.5306e-16  71639.10 3 
 69797.03 2.7704e-16  71948.95 3 
 70097.63 2.6970e-16  72258.81 3 
 70398.21 2.6736e-16  72568.66 3 
 70698.79 2.5813e-16  72878.51 3 
 70999.39 2.6088e-16  73188.38 3 
 71299.97 2.5455e-16  73498.22 3 
 71600.55 2.2489e-16  73808.07 3 
 71901.15 2.5514e-16  74117.93 3 
 72201.73 2.9335e-16  74427.78 3 
 72502.31 3.1259e-16  74737.63 3 
 72802.90 3.1972e-16  75047.48 3 
 73083.82 2.8414e-16  75337.06 3 
 73103.49 3.4329e-16  75357.34 3 
 73404.08 3.4897e-16  75667.20 3 
 73686.17 3.8409e-16  75957.99 3 
 73704.66 3.6068e-16  75977.05 3 
 74288.55 4.7710e-16  76578.94 3 
 74890.91 5.7483e-16  77199.88 3 
 75493.29 7.5015e-16  77820.82 3 
 76095.65 7.4365e-16  78441.76 3 
 76698.03 6.9821e-16  79062.71 3 
 77300.40 6.6158e-16  79683.65 3 
 77902.77 6.3748e-16  80304.59 3 
 78505.15 6.1859e-16  80925.54 3 
 79107.51 5.3715e-16  81546.48 3 
 79709.88 4.7212e-16  82167.41 3 
 80312.25 3.9452e-16  82788.36 3 
 80914.62 3.4611e-16  83409.30 3 
 81517.00 3.1820e-16  84030.25 3 
 82119.37 2.8718e-16  84651.19 3 
 82721.74 2.8279e-16  85272.13 3 
 83324.10 2.5820e-16  85893.07 3 
 83926.49 2.7873e-16  86514.02 3 
 84528.84 2.9318e-16  87134.95 3 
 85131.22 3.1694e-16  87755.90 3 
 85733.59 3.2444e-16  88376.84 3 
 86335.96 3.0729e-16  88997.78 3 
 86938.32 2.5898e-16  89618.72 3 
 87540.70 1.9434e-16  90239.66 3 
 88143.06 1.6011e-16  90860.60 3 
 88745.44 1.4318e-16  91481.55 3 
 89347.81 1.1833e-16  92102.49 3 
 89950.18 1.0622e-16  92723.44 3 
 90552.56 8.8302e-17  93344.38 3 
 91154.92 8.3667e-17  93965.32 3 
 91757.29 6.4698e-17  94586.26 3 
 92359.65 7.1071e-17  95207.20 3 
 92962.04 7.0605e-17  95828.15 3 
 93564.40 6.4584e-17  96449.09 3 
 94166.77 6.4634e-17  97070.02 3 
 94769.15 6.3416e-17  97690.98 3 
 95371.52 6.1288e-17  98311.92 3 
 95973.89 6.4896e-17  98932.86 3 
 96576.26 7.0517e-17  99553.80 3 
 97178.59 6.3722e-17 100174.70 3 
 97781.01 6.0812e-17 100795.70 3 
 98383.34 5.4201e-17 101416.59 3 
 98985.77 5.4353e-17 102037.60 3 
 99588.10 5.3158e-17 102658.50 3 
100190.52 5.4701e-17 103279.49 3 
100792.86 5.3226e-17 103900.41 3 
101395.19 4.9378e-17 104521.30 3 
101997.61 4.9931e-17 105142.30 3 
102599.94 4.9824e-17 105763.20 3 
103202.37 4.5568e-17 106384.20 3 
103804.70 5.1748e-17 107005.10 3 
104407.03 5.8749e-17 107626.00 3 
105009.45 6.9043e-17 108247.00 3 
105611.79 7.4129e-17 108867.91 3 
106214.21 7.5081e-17 109488.90 3 
106816.54 7.5435e-17 110109.80 3 
107418.96 7.4672e-17 110730.80 3 
108021.30 7.5198e-17 111351.70 3 
108623.63 7.8611e-17 111972.60 3 
109226.05 8.9332e-17 112593.60 3 
109828.38 1.1158e-16 113214.50 3 
110430.81 1.2536e-16 113835.50 3 
111033.14 1.5052e-16 114456.40 3 
111635.56 2.4400e-16 115077.40 3 
112237.89 3.4523e-16 115698.30 3 
112840.22 3.3143e-16 116319.20 3 
113442.65 2.6546e-16 116940.20 3 
114044.98 2.1215e-16 117561.10 3 
114647.40 1.7303e-16 118182.09 3 
115249.73 1.6411e-16 118802.99 3 
115852.16 1.5063e-16 119424.00 3 
116454.49 1.2499e-16 120044.90 3 
117056.82 1.1448e-16 120665.80 3 
117659.25 1.1490e-16 121286.80 3 
118261.58 1.1915e-16 121907.70 3 
118864.00 1.3687e-16 122528.70 3 
119466.33 1.3139e-16 123149.59 3 
120068.67 1.3680e-16 123770.51 3 
120671.09 1.3105e-16 124391.50 3 
121273.42 1.2674e-16 125012.40 3 
121875.84 1.2318e-16 125633.40 3 
122478.18 1.3388e-16 126254.30 3 
123080.60 1.4218e-16 126875.30 3 
123682.93 1.4493e-16 127496.20 3 
124285.26 1.4513e-16 128117.10 3 
124887.69 1.5530e-16 128738.10 3 
125490.02 1.6585e-16 129359.00 3 
126092.44 1.7766e-16 129980.00 3 
126694.77 1.8536e-16 130600.90 3 
127297.10 2.1136e-16 131221.80 3 
127899.53 2.8009e-16 131842.80 3 
128501.86 2.5934e-16 132463.70 3 
129104.29 1.5049e-16 133084.70 3 
129706.61 1.1349e-16 133705.59 3 
130309.04 1.0608e-16 134326.59 3 
130911.37 1.0140e-16 134947.50 3 
131513.71 1.0367e-16 135568.41 3 
132116.13 1.0213e-16 136189.41 3 
132718.45 9.9098e-17 136810.30 3 
133320.88 9.5851e-17 137431.30 3 
133923.22 1.0081e-16 138052.20 3 
134525.64 1.0204e-16 138673.20 3 
135127.96 9.9127e-17 139294.09 3 
135730.30 9.0045e-17 139915.00 3 
136332.73 9.5307e-17 140536.00 3 
136935.06 9.3390e-17 141156.91 3 
137537.47 8.9066e-17 141777.89 3 
138139.81 8.7885e-17 142398.80 3 
138742.24 7.9555e-17 143019.80 3 
139344.57 8.2772e-17 143640.70 3 
139946.89 7.9505e-17 144261.59 3 
140549.33 7.5817e-17 144882.61 3 
141067.65 8.4295e-17 145416.91 3 
141957.12 9.0864e-17 146333.80 3 
142846.69 9.1347e-17 147250.80 3 
143736.17 8.0605e-17 148167.70 3 
144625.64 7.9821e-17 149084.59 3 
145515.12 7.7641e-17 150001.50 3 
146404.70 8.6003e-17 150918.50 3 
147294.18 7.2258e-17 151835.41 3 
148183.65 7.3893e-17 152752.30 3 
149073.22 7.4929e-17 153669.30 3 
149962.70 7.4140e-17 154586.20 3 
150852.17 6.8760e-17 155503.09 3 
151741.65 6.9396e-17 156420.00 3 
152631.23 6.8308e-17 157337.00 3 
153520.71 7.1382e-17 158253.91 3 
154410.18 7.3658e-17 159170.80 3 
155299.75 1.0063e-16 160087.80 3 
156189.23 9.9681e-17 161004.70 3 
157078.70 7.2643e-17 161921.59 3 
157968.27 7.3175e-17 162838.59 3 
158857.76 7.2950e-17 163755.50 3 
159747.22 7.1901e-17 164672.39 3 
160636.71 7.6001e-17 165589.30 3 
161526.30 7.4253e-17 166506.31 3 
162415.75 8.7556e-17 167423.19 3 
163305.23 9.2327e-17 168340.09 3 
164194.71 1.0204e-16 169257.00 3 
165084.29 1.0288e-16 170174.00 3 
165973.77 1.0979e-16 171090.91 3 
166863.25 9.2419e-17 172007.81 3 
167752.83 9.1797e-17 172924.81 3 
168642.29 9.5175e-17 173841.70 3 
169531.78 9.7907e-17 174758.61 3 
170421.35 1.1381e-16 175675.61 3 
171310.82 1.0551e-16 176592.50 3 
172200.30 9.4153e-17 177509.41 3 
173089.77 9.2921e-17 178426.30 3 
173979.34 7.3946e-17 179343.30 3 
174868.82 8.9970e-17 180260.20 3 
175758.29 8.4663e-17 181177.09 3 
176647.86 7.9609e-17 182094.09 3 
177537.35 7.7557e-17 183011.00 3 
178426.81 7.9073e-17 183927.89 3 
179316.39 8.6869e-17 184844.89 3 
180205.87 7.5230e-17 185761.80 3 
181095.35 7.0426e-17 186678.70 3 
181984.82 7.2578e-17 187595.59 3 
182874.39 7.0184e-17 188512.59 3 
183763.88 7.1947e-17 189429.50 3 
184653.34 7.0642e-17 190346.39 3 
185542.93 7.3178e-17 191263.41 3 
186432.41 8.8349e-17 192180.31 3 
187321.87 1.1775e-16 193097.19 3 
188211.35 8.9243e-17 194014.09 3 
189100.94 7.2032e-17 194931.11 3 
189990.41 7.6261e-17 195848.00 3 
190879.89 7.8156e-17 196764.91 3 
191769.46 7.7460e-17 197681.91 3 
192658.93 8.2617e-17 198598.80 3 
193548.41 7.2176e-17 199515.70 3 
194437.89 8.1072e-17 200432.61 3 
195327.47 7.9203e-17 201349.61 3 
196216.94 5.0157e-17 202266.50 3 
197106.42 6.8561e-17 203183.41 3 
197995.99 7.9276e-17 204100.41 3 
199404.56 6.5113e-17 205552.41 3 
201107.06 8.6754e-17 207307.39 3 
202810.54 8.1453e-17 209063.39 3 
204515.00 7.4011e-17 210820.41 3 
206220.32 8.0855e-17 212578.30 3 
207926.51 8.4033e-17 214337.09 3 
209633.67 7.8679e-17 216096.89 3 
211341.73 8.0947e-17 217857.61 3 
213050.73 8.8350e-17 219619.30 3 
214760.71 7.8778e-17 221382.00 3 
216471.56 7.7784e-17 223145.59 3 
218183.39 8.4013e-17 224910.20 3 
219896.09 8.7629e-17 226675.70 3 
221609.74 8.5516e-17 228442.19 3 
223324.37 8.0391e-17 230209.69 3 
225039.89 8.5648e-17 231978.09 3 
226756.37 8.9549e-17 233747.50 3 
228473.83 9.0442e-17 235517.91 3 
230192.15 8.9855e-17 237289.20 3 
231911.54 8.7671e-17 239061.61 3 
233631.71 9.2358e-17 240834.81 3 
235352.93 7.3301e-17 242609.09 3 
237075.14 9.4429e-17 244384.41 3 
238798.22 9.3177e-17 246160.61 3 
240522.26 9.5513e-17 247937.80 3 
242247.27 9.9657e-17 249716.00 3 
243973.16 1.0011e-16 251495.09 3 
245700.12 9.8960e-17 253275.30 3 
247427.95 9.7832e-17 255056.41 3 
249156.85 1.0142e-16 256838.61 3 
250886.60 1.0127e-16 258621.69 3 
252617.37 1.0283e-16 260405.81 3 
254349.07 1.1203e-16 262190.91 3 
256081.74 1.0456e-16 263977.00 3 
257815.39 1.0775e-16 265764.09 3 
259550.03 1.1177e-16 267552.22 3 
261285.62 1.0856e-16 269341.31 3 
263022.17 1.0877e-16 271131.41 3 
264759.69 1.0954e-16 272922.50 3 
266498.19 1.0767e-16 274714.59 3 
268237.77 1.0888e-16 276507.81 3 
269978.21 1.0995e-16 278301.91 3 
271719.61 1.1118e-16 280097.00 3 
273462.08 1.1271e-16 281893.19 3 
275205.54 1.1242e-16 283690.41 3 
276949.86 1.1426e-16 285488.50 3 
278695.23 1.1313e-16 287287.69 3 
280441.61 1.1607e-16 289087.91 3 
282189.05 1.1914e-16 290889.22 3 
283937.43 1.1922e-16 292691.50 3 
285686.71 1.2741e-16 294494.72 3 
287437.12 1.2045e-16 296299.09 3 
289188.44 1.2262e-16 298104.41 3 
290940.79 1.2056e-16 299910.78 3 
292694.13 1.1895e-16 301718.19 3 
294448.45 1.2349e-16 303526.59 3 
296203.83 1.2013e-16 305336.09 3 
297960.18 1.2530e-16 307146.59 3 
299717.50 1.2423e-16 308958.09 3 
301475.88 1.2928e-16 310770.69 3 
303235.36 1.2866e-16 312584.41 3 
304995.77 1.2647e-16 314399.09 3 
306757.18 1.4732e-16 316214.81 3 
308519.53 1.3282e-16 318031.50 3 
310283.07 1.2829e-16 319849.41 3 
312047.48 1.3179e-16 321668.22 3 
313813.02 1.3565e-16 323488.19 3 
315579.46 1.3405e-16 325309.09 3 
317347.06 1.3741e-16 327131.19 3 
319115.66 1.3112e-16 328954.31 3 
320885.16 1.3752e-16 330778.38 3 
322655.79 1.4057e-16 332603.59 3 
324427.48 1.2211e-16 334429.91 3 
326200.20 1.4804e-16 336257.28 3 
327973.95 1.3666e-16 338085.72 3 
329748.71 1.5668e-16 339915.19 3 
331524.46 1.4329e-16 341745.69 3 
333301.30 1.6801e-16 343577.31 3 
335079.30 1.8417e-16 345410.12 3 
336858.14 1.5940e-16 347243.81 3 
338638.17 1.5361e-16 349078.72 3 
