     0.400000   1.6949599e-08   1.6890231e-08   1.4690251e-09
     0.405714   1.6532027e-08   1.7708529e-08   1.2036402e-09
     0.411510   1.6123494e-08   1.6837754e-08   1.1907777e-09
     0.417389   1.5732190e-08   1.8601627e-08   1.5708829e-09
     0.423352   1.5352800e-08   1.7977551e-08   2.1823035e-09
     0.429400   1.4978008e-08   1.5049018e-08   1.0841774e-09
     0.435534   1.4611953e-08   1.2566759e-08   8.0282475e-10
     0.441756   1.4135753e-08   1.4597998e-08   6.3183613e-10
     0.448067   1.3721060e-08   1.3963668e-08   6.3394735e-10
     0.454467   1.3552569e-08   1.4178802e-08   6.9446747e-10
     0.460960   1.3160445e-08   1.2864286e-08   5.7206572e-10
     0.467545   1.2281030e-08   1.2413610e-08   5.4458151e-10
     0.474224   1.0172604e-08   1.0727331e-08   6.0075788e-10
     0.480999   1.0461024e-08   9.8102061e-09   5.6520464e-10
     0.487870   1.1801792e-08   1.1234876e-08   4.6129867e-10
     0.494840   1.1618913e-08   1.2056673e-08   5.9585028e-10
     0.501909   1.1267753e-08   1.0981556e-08   5.8625776e-10
     0.509079   1.0938338e-08   1.1493211e-08   5.5883277e-10
     0.516352   1.0651740e-08   1.0569835e-08   6.1232532e-10
     0.523728   1.0151507e-08   9.5009864e-09   4.1313232e-10
     0.531210   9.4859338e-09   9.5451362e-09   3.3484666e-10
     0.538799   9.4859338e-09   9.5093051e-09   3.3731866e-10
     0.546496   9.3624434e-09             NaN             NaN
     0.554303   8.9015466e-09             NaN             NaN
     0.562221   7.8365351e-09             NaN             NaN
     0.570253   5.6482110e-09             NaN             NaN
     0.578400   4.9238959e-09             NaN             NaN
     0.586662   7.1912822e-09             NaN             NaN
     0.595043   8.0057228e-09             NaN             NaN
     0.603544   7.8531849e-09             NaN             NaN
     0.612166   7.4892912e-09             NaN             NaN
     0.620911   6.3360245e-09             NaN             NaN
     0.629781   5.1705632e-09             NaN             NaN
     0.638778   6.7442463e-09             NaN             NaN
     0.647904   8.2091195e-09             NaN             NaN
     0.657160   8.4837341e-09             NaN             NaN
     0.666547   8.5512243e-09             NaN             NaN
     0.676070   8.5477253e-09             NaN             NaN
     0.685728   7.1839851e-09             NaN             NaN
     0.695524   7.6562474e-09             NaN             NaN
     0.705460   8.7041780e-09             NaN             NaN
     0.715538   8.7445845e-09             NaN             NaN
     0.725760   8.7413638e-09             NaN             NaN
     0.736128   8.7217530e-09             NaN             NaN
     0.746644   8.5641497e-09             NaN             NaN
     0.757310   5.7630602e-09             NaN             NaN
     0.768129   5.1820037e-09             NaN             NaN
     0.779102   8.3790061e-09             NaN             NaN
     0.790232   8.6227933e-09             NaN             NaN
     0.801521   8.6358330e-09             NaN             NaN
     0.812972   8.6517321e-09             NaN             NaN
     0.824586   8.6290917e-09             NaN             NaN
     0.836365   8.5991190e-09             NaN             NaN
     0.848313   8.5703290e-09             NaN             NaN
     0.860432   8.5407617e-09             NaN             NaN
     0.872724   8.5156642e-09             NaN             NaN
     0.885192   8.4928510e-09             NaN             NaN
     0.897837   8.4699364e-09             NaN             NaN
     0.910663   8.4482603e-09             NaN             NaN
     0.923673   8.4275085e-09             NaN             NaN
     0.936868   8.4076994e-09             NaN             NaN
     0.950252   8.3884757e-09             NaN             NaN
     0.963827   8.3681701e-09             NaN             NaN
     0.977596   8.3411007e-09             NaN             NaN
     0.991562   8.2900365e-09             NaN             NaN
      1.00573   8.1680189e-09             NaN             NaN
      1.02009   7.8317159e-09             NaN             NaN
      1.03467   6.8684867e-09             NaN             NaN
      1.04945   4.9641736e-09             NaN             NaN
      1.06444   3.4277215e-09             NaN             NaN
      1.07965   4.9049348e-09             NaN             NaN
      1.09507   6.8396103e-09             NaN             NaN
      1.11071   7.7111297e-09             NaN             NaN
      1.12658   8.0296026e-09             NaN             NaN
      1.14268   8.0885172e-09             NaN             NaN
      1.15900   8.0155946e-09             NaN             NaN
      1.17556   7.9098711e-09             NaN             NaN
      1.19235   7.6590131e-09             NaN             NaN
      1.20938   6.8780874e-09             NaN             NaN
      1.22666   5.4009056e-09             NaN             NaN
      1.24418   3.3881106e-09             NaN             NaN
      1.26196   1.7655455e-09             NaN             NaN
      1.27999   3.5328037e-09             NaN             NaN
      1.29827   6.2209054e-09             NaN             NaN
      1.31682   7.4106075e-09             NaN             NaN
      1.33563   7.8233258e-09             NaN             NaN
      1.35471   7.9018808e-09             NaN             NaN
      1.37406   7.9055101e-09             NaN             NaN
      1.39369   7.9050064e-09             NaN             NaN
      1.41360   7.7771702e-09             NaN             NaN
      1.43380   6.9920810e-09             NaN             NaN
      1.45428   7.6300040e-09             NaN             NaN
      1.47506   7.8705065e-09             NaN             NaN
      1.49613   7.8929518e-09             NaN             NaN
      1.51750   7.8787159e-09             NaN             NaN
      1.53918   7.8119924e-09             NaN             NaN
      1.56117   7.6382885e-09             NaN             NaN
      1.58347   7.4039309e-09             NaN             NaN
      1.60609   7.3685610e-09             NaN             NaN
      1.62904   7.7550824e-09             NaN             NaN
      1.65231   7.8298265e-09             NaN             NaN
      1.67591   7.8995700e-09             NaN             NaN
      1.69985   7.9086381e-09             NaN             NaN
      1.72414   7.9102557e-09             NaN             NaN
      1.74877   7.9115239e-09             NaN             NaN
      1.77375   7.9125058e-09             NaN             NaN
      1.79909   7.9135588e-09             NaN             NaN
      1.82479   7.9149413e-09             NaN             NaN
      1.85086   7.9062993e-09             NaN             NaN
      1.87730   7.8200579e-09             NaN             NaN
      1.90412   7.8784968e-09             NaN             NaN
      1.93132   7.1876689e-09             NaN             NaN
      1.95891   4.5842745e-09             NaN             NaN
      1.98689   5.1415716e-09             NaN             NaN
      2.01528   3.2495021e-09             NaN             NaN
      2.04407   5.3842162e-09             NaN             NaN
      2.07327   5.7047145e-09             NaN             NaN
      2.10289   7.4749162e-09             NaN             NaN
      2.13293   7.8891241e-09             NaN             NaN
      2.16340   7.8993589e-09             NaN             NaN
      2.19431   7.9276084e-09             NaN             NaN
      2.22565   7.9335278e-09             NaN             NaN
      2.25745   7.9356059e-09             NaN             NaN
      2.28970   7.9371939e-09             NaN             NaN
      2.32241   7.9357107e-09             NaN             NaN
      2.35558   7.9357243e-09             NaN             NaN
      2.38923   7.9404962e-09             NaN             NaN
      2.42337   7.9433756e-09             NaN             NaN
      2.45799   7.9249530e-09             NaN             NaN
      2.49310   7.8734809e-09             NaN             NaN
      2.52872   7.9301263e-09             NaN             NaN
