     0.400000   3.0539430e-10   2.9803797e-10   1.2365899e-10
     0.405714   2.9770728e-10   3.1672880e-10   1.0064562e-10
     0.411510   2.9017411e-10   2.6915716e-10   9.9873748e-11
     0.417389   2.8290429e-10   2.1374771e-10   1.3363388e-10
     0.423352   2.7592408e-10   5.8998986e-11   1.8787941e-10
     0.429400   2.6913995e-10   1.5236602e-10   9.1430127e-11
     0.435534   2.6255603e-10   2.1932350e-10   6.6879218e-11
     0.441756   2.5584503e-10   2.4528802e-10   5.2054933e-11
     0.448067   2.4958780e-10   2.4604056e-10   5.2454102e-11
     0.454467   2.4378925e-10   2.8368039e-10   5.7931189e-11
     0.460960   2.3772101e-10   2.4922875e-10   4.7298666e-11
     0.467545   2.3117901e-10   2.5519141e-10   4.5187722e-11
     0.474224   2.2254672e-10   2.3514325e-10   5.0838207e-11
     0.480999   2.1775952e-10   2.2425925e-10   4.7634762e-11
     0.487870   2.1478180e-10   2.2811457e-10   3.8073704e-11
     0.494840   2.0937690e-10   2.2569480e-10   5.0068958e-11
     0.501909   2.0253943e-10   2.5871011e-10   4.9334018e-11
     0.509079   1.9728483e-10   2.4192880e-10   4.7008445e-11
     0.516352   1.9352783e-10   1.9821591e-10   5.1836664e-11
     0.523728   1.8799704e-10   1.3672204e-10   3.4335497e-11
     0.531210   1.8190562e-10   2.3547404e-10   2.7589341e-11
     0.538799   1.7713870e-10   1.7073768e-10   2.7803389e-11
     0.546496   1.7278526e-10   1.3479308e-10   2.9996745e-11
     0.554303   1.6844114e-10   1.2839315e-10   2.9105372e-11
     0.562221   1.6204089e-10   1.3609063e-10   2.6646230e-11
     0.570253   1.5300065e-10   1.0287343e-10   2.2342337e-11
     0.578400   1.4923988e-10   1.4016325e-10   2.1740934e-11
     0.586662   1.4836061e-10   1.4522091e-10   3.2251972e-11
     0.595043   1.4475232e-10   1.1818608e-10   2.6728211e-11
     0.603544   1.4834398e-10   1.3427625e-10   2.0430682e-11
     0.612166   1.4918057e-10   1.5319102e-10   2.2074737e-11
     0.620911   1.4735577e-10   1.6166524e-10   3.1978731e-11
     0.629781   1.4397344e-10   1.5311920e-10   2.5249372e-11
     0.638778   1.4803527e-10   1.4058617e-10   1.8818830e-11
     0.647904   1.4742906e-10   1.4918782e-10   1.6079805e-11
     0.657160   1.4926526e-10   1.5185082e-10   1.7012022e-11
     0.666547   1.5238600e-10   1.6508318e-10   2.2004671e-11
     0.676070   1.5226677e-10   1.5539067e-10   2.4799251e-11
     0.685728   1.3666050e-10   1.5437420e-10   2.4902102e-11
     0.695524   1.3026892e-10   1.6669397e-10   1.8407621e-11
     0.705460   1.4096482e-10   1.0083326e-10   1.7917114e-11
     0.715538   1.2944613e-10   1.1330250e-10   1.9290099e-11
     0.725760   1.1260326e-10   1.0874315e-10   1.3345292e-11
     0.736128   1.3292423e-10   1.2575538e-10   1.1182813e-11
     0.746644   1.4748398e-10   1.5223762e-10   1.0414421e-11
     0.757310   1.1141843e-10   1.2000643e-10   1.1736961e-11
     0.768129   1.0605679e-10   1.1405477e-10   1.4479284e-11
     0.779102   1.4516865e-10   1.2223942e-10   1.4390655e-11
     0.790232   1.4179934e-10   1.1656139e-10   1.3389092e-11
     0.801521   1.3594444e-10   1.5066885e-10   1.2054296e-11
     0.812972   1.1794624e-10   1.3410046e-10   1.1473389e-11
     0.824586   1.0792164e-10   1.0599056e-10   1.2083048e-11
     0.836365   1.2952365e-10   1.4593805e-10   1.4931824e-11
     0.848313   1.4259857e-10   1.2672146e-10   1.5591591e-11
     0.860432   1.4488875e-10   1.4640622e-10   1.5410543e-11
     0.872724   1.4473662e-10   1.5344853e-10   1.5745761e-11
     0.885192   1.3765201e-10   1.4192954e-10   1.7004010e-11
     0.897837   1.0657437e-10   7.0608959e-11   1.8754664e-11
     0.910663   8.7300061e-11   1.1587033e-10   2.0858427e-11
     0.923673   7.5308122e-11   4.8862164e-11   2.4400671e-11
     0.936868   3.2702071e-11   2.2318764e-11   2.8305603e-11
     0.950252   3.4385906e-11             NaN             NaN
     0.963827   6.7662868e-11   6.8161692e-11   4.7521439e-11
     0.977596   1.0431635e-10   1.3860799e-11   7.4691067e-11
     0.991562   1.3270881e-10   2.5579528e-10   1.9772498e-10
      1.00573   1.3862505e-10   1.3473022e-10   8.3548693e-12
      1.02009   1.3845931e-10   1.4786980e-10   8.2459874e-12
      1.03467   1.3833996e-10   1.3230588e-10   8.1375800e-12
      1.04945   1.3509539e-10   1.4239883e-10   8.0301366e-12
      1.06444   1.2927952e-10   1.3987670e-10   8.0088390e-12
      1.07965   1.2541685e-10   1.2604458e-10   7.9032102e-12
      1.09507   1.0750864e-10   9.8179932e-11   7.8128039e-12
      1.11071   5.4865015e-11   5.4115700e-11   7.9160798e-12
      1.12658   1.3827743e-11   1.9287939e-11   7.9008916e-12
      1.14268   1.7611171e-11   1.3802045e-12   7.8522896e-12
      1.15900   5.1439591e-11   5.2237630e-11   7.7996143e-12
      1.17556   8.8396958e-11   9.0827456e-11   7.9550066e-12
      1.19235   9.7019850e-11   9.6717539e-11   7.9883546e-12
      1.20938   1.0272537e-10   1.0575461e-10   7.8771287e-12
      1.22666   1.2025084e-10   1.2543946e-10   7.8958139e-12
      1.24418   1.2622212e-10   1.0613146e-10   7.9869406e-12
      1.26196   1.1193407e-10   1.2500529e-10   8.0067130e-12
      1.27999   1.1762787e-10   1.2509245e-10   8.0313547e-12
      1.29827   1.0978818e-10   9.9544473e-11   8.0111086e-12
      1.31682   7.4753201e-11   7.4816511e-11   8.1986405e-12
      1.33563   3.1941667e-11   2.8870586e-11   8.3968956e-12
      1.35471   4.8672656e-12   7.1301141e-12   8.6427429e-12
      1.37406   7.1234405e-13   2.1330301e-11   8.6740334e-12
      1.39369   6.8732342e-13   4.7885724e-12   9.3948655e-12
      1.41360   1.0372115e-12             NaN             NaN
      1.43380   2.4650091e-12   3.5876485e-12   9.1259167e-12
      1.45428   8.3143774e-12   1.5165847e-11   9.1107945e-12
      1.47506   1.4762997e-11   1.4942760e-11   9.2287362e-12
      1.49613   5.4413144e-11   6.1072265e-11   9.0493866e-12
      1.51750   1.0375355e-10   1.0527107e-10   8.8924492e-12
      1.53918   1.2558776e-10   1.4639534e-10   8.9921303e-12
      1.56117   1.2914674e-10   1.3068305e-10   8.7007761e-12
      1.58347   1.2547128e-10   1.3380667e-10   8.5163128e-12
      1.60609   1.2519028e-10   1.1869632e-10   8.5880562e-12
      1.62904   1.3034427e-10   1.2768724e-10   8.6072730e-12
      1.65231   1.2818028e-10   1.0732027e-10   8.6434440e-12
      1.67591   1.2891118e-10   1.4751456e-10   8.8056330e-12
      1.69985   1.2388218e-10   1.2590819e-10   9.1069377e-12
      1.72414   1.1126092e-10   9.7031489e-11   9.4439132e-12
      1.74877   9.3715821e-11   9.2398251e-11   9.7920382e-12
      1.77375   5.9995269e-11   6.5269232e-11   1.0273838e-11
      1.79909   1.5128268e-11   6.6601727e-12   1.0698426e-11
      1.82479   8.2163250e-13   6.4229931e-12   1.1392686e-11
      1.85086   1.7619702e-13   1.6829495e-12   1.1897437e-11
      1.87730   1.6098273e-13   6.5624943e-12   1.2084921e-11
      1.90412   1.7578668e-13             NaN             NaN
      1.93132   6.4952174e-13             NaN             NaN
      1.95891   1.2978239e-11             NaN             NaN
      1.98689   3.7788648e-11             NaN             NaN
      2.01528   3.4983741e-11             NaN             NaN
      2.04407   7.6105907e-11             NaN             NaN
      2.07327   8.4393878e-11             NaN             NaN
      2.10289   1.1455674e-10             NaN             NaN
      2.13293   1.2556885e-10             NaN             NaN
      2.16340   1.2154853e-10             NaN             NaN
      2.19431   1.1732052e-10             NaN             NaN
      2.22565   1.1992247e-10             NaN             NaN
      2.25745   1.1277220e-10             NaN             NaN
      2.28970   1.0409716e-10             NaN             NaN
      2.32241   9.4563051e-11             NaN             NaN
      2.35558   7.3863506e-11             NaN             NaN
      2.38923   5.4318421e-11             NaN             NaN
      2.42337   3.8821993e-11             NaN             NaN
      2.45799   2.1661816e-11             NaN             NaN
      2.49310   3.6811639e-12             NaN             NaN
      2.52872   1.2371924e-13             NaN             NaN
