# An Atlas of Galaxy Spectral Energy Distributions from the Ultraviolet to the Mid-Infrared
# Brown et al. (2014)
# http://dx.doi.org/10.5072/03/529D3551F0117
# 
# Column 1 : Restframe Wavelength (Angstrom)
# Column 2 : Flux per unit wavelength (ergs/s/cm^2/Angstrom)
# Column 3 : Observed wavelength (Angstrom)
# Column 4 : Source (0 = model, 1 = Optical Spectrum, 2 = Akari, 3 = Spitzer IRS)
# 
   100.09 3.6528e-24    105.93 0 
   101.95 5.3529e-24    107.89 0 
   104.08 7.1049e-24    110.15 0 
   106.02 9.5835e-24    112.20 0 
   107.99 1.3197e-23    114.29 0 
   109.99 2.0345e-23    116.41 0 
   114.12 3.3527e-23    120.78 0 
   118.13 5.1561e-23    125.03 0 
   120.88 2.1591e-22    127.94 0 
   125.13 3.0493e-22    132.43 0 
   126.87 3.4928e-22    134.28 0 
   128.05 3.8032e-22    135.52 0 
   131.03 4.5825e-22    138.68 0 
   131.94 5.5858e-22    139.64 0 
   134.08 6.2381e-22    141.91 0 
   136.89 8.5705e-22    144.88 0 
   140.08 1.0068e-21    148.25 0 
   143.01 3.0262e-21    151.36 0 
   147.02 8.4886e-21    155.60 0 
   151.14 9.9487e-21    159.96 0 
   155.01 1.1768e-20    164.06 0 
   158.99 1.3952e-20    168.27 0 
   161.95 1.5689e-20    171.40 0 
   166.10 1.8515e-20    175.79 0 
   169.97 2.1206e-20    179.89 0 
   173.13 2.3626e-20    183.23 0 
   177.16 2.6874e-20    187.50 0 
   180.04 2.9531e-20    190.55 0 
   182.13 3.1423e-20    192.75 0 
   185.94 3.5333e-20    196.79 0 
   191.15 4.0747e-20    202.30 0 
   193.81 4.4571e-20    205.12 0 
   197.87 4.9315e-20    209.41 0 
   202.01 5.4816e-20    213.80 0 
   204.82 5.9137e-20    216.77 0 
   210.07 6.3500e-20    222.33 0 
   215.96 7.6151e-20    228.56 0 
   219.97 8.3485e-20    232.81 0 
   223.03 8.8015e-20    236.05 0 
   227.18 9.6491e-20    240.44 0 
   229.81 1.5221e-19    243.22 0 
   234.08 2.5315e-19    247.74 0 
   240.09 3.3210e-19    254.10 0 
   246.25 3.3049e-19    260.62 0 
   251.98 3.7159e-19    266.69 0 
   257.26 3.2732e-19    272.27 0 
   260.24 3.8719e-19    275.42 0 
   263.86 4.1867e-19    279.25 0 
   268.76 4.3430e-19    284.45 0 
   273.76 4.4844e-19    289.73 0 
   278.85 4.6304e-19    295.12 0 
   284.03 4.7921e-19    300.61 0 
   289.98 4.7362e-19    306.90 0 
   296.05 4.9926e-19    313.33 0 
   300.86 5.0611e-19    318.42 0 
   307.87 5.3226e-19    325.84 0 
   317.96 5.7010e-19    336.51 0 
   328.38 5.9536e-19    347.54 0 
   338.35 6.1462e-19    358.10 0 
   347.83 6.3161e-19    368.13 0 
   356.76 6.4908e-19    377.57 0 
   365.91 6.7475e-19    387.26 0 
   375.29 6.8704e-19    397.19 0 
   384.92 6.7581e-19    407.38 0 
   394.79 7.1557e-19    417.83 0 
   404.92 7.3873e-19    428.55 0 
   414.35 7.4529e-19    438.53 0 
   422.06 7.4164e-19    446.68 0 
   429.90 7.4312e-19    454.99 0 
   440.93 7.6010e-19    466.66 0 
   451.20 7.5980e-19    477.53 0 
   459.59 7.5432e-19    486.41 0 
   470.30 7.5749e-19    497.74 0 
   480.14 7.6950e-19    508.16 0 
   490.20 7.5169e-19    518.80 0 
   500.46 7.7244e-19    529.66 0 
   506.26 7.5817e-19    535.80 0 
   512.12 8.6829e-19    542.00 0 
   520.44 8.7201e-19    550.81 0 
   530.12 8.7168e-19    561.05 0 
   539.97 8.4176e-19    571.48 0 
   550.01 9.0786e-19    582.10 0 
   560.24 9.7689e-19    592.93 0 
   570.65 1.0415e-18    603.95 0 
   579.92 1.0151e-18    613.76 0 
   589.35 1.1152e-18    623.73 0 
   600.30 1.1199e-18    635.33 0 
   610.06 1.1429e-18    645.65 0 
   619.97 1.3208e-18    656.15 0 
   630.04 1.3793e-18    666.81 0 
   640.28 1.3915e-18    677.64 0 
   650.68 1.5111e-18    688.65 0 
   658.22 1.5929e-18    696.63 0 
   664.31 1.6599e-18    703.07 0 
   675.10 1.6592e-18    714.50 0 
   684.50 1.6320e-18    724.44 0 
   695.62 2.0302e-18    736.21 0 
   705.29 1.9515e-18    746.45 0 
   716.76 2.2604e-18    758.58 0 
   726.73 2.3443e-18    769.13 0 
   735.14 2.4314e-18    778.04 0 
   745.37 2.7270e-18    788.86 0 
   755.74 2.9074e-18    799.83 0 
   764.49 3.0364e-18    809.10 0 
   775.12 3.3433e-18    820.35 0 
   784.10 3.5812e-18    829.85 0 
   795.01 3.7397e-18    841.40 0 
   804.21 3.9145e-18    851.14 0 
   815.40 4.0596e-18    862.98 0 
   824.84 4.4702e-18    872.97 0 
   834.39 3.5988e-18    883.08 0 
   844.05 4.6989e-18    893.31 0 
   855.80 4.8394e-18    905.73 0 
   865.71 5.2315e-18    916.22 0 
   875.73 5.6553e-18    926.83 0 
   885.87 6.2127e-18    937.56 0 
   894.07 6.5787e-18    946.24 0 
   904.42 6.4857e-18    957.19 0 
   914.89 1.0834e-17    968.28 0 
   925.49 8.5427e-17    979.49 0 
   934.05 1.8899e-16    988.55 0 
   944.87 3.6920e-16   1000.00 0 
   955.81 5.4837e-16   1011.58 0 
   964.65 5.6614e-16   1020.94 0 
   975.82 7.6512e-17   1032.76 0 
   984.85 4.0047e-16   1042.32 0 
   993.96 4.8130e-16   1051.96 0 
  1005.47 8.0579e-16   1064.14 0 
  1014.78 8.0921e-16   1073.99 0 
  1024.17 3.6049e-16   1083.93 0 
  1036.03 5.1014e-16   1096.48 0 
  1045.61 1.1182e-15   1106.62 0 
  1055.29 1.1025e-15   1116.86 0 
  1065.05 7.9651e-16   1127.20 0 
  1074.91 1.0047e-15   1137.63 0 
  1084.85 7.3089e-16   1148.15 0 
  1094.89 1.0831e-15   1158.78 0 
  1105.02 1.0387e-15   1169.50 0 
  1115.25 9.6900e-16   1180.32 0 
  1125.57 8.4946e-16   1191.24 0 
  1135.98 1.1857e-15   1202.26 0 
  1143.85 1.0564e-15   1210.60 0 
  1154.44 1.1605e-15   1221.80 0 
  1165.12 1.1953e-15   1233.11 0 
  1175.90 7.5731e-16   1244.51 0 
  1184.05 1.1591e-15   1253.14 0 
  1195.01 7.0460e-16   1264.74 0 
  1206.06 4.5264e-16   1276.44 0 
  1214.42 3.7205e-16   1285.29 0 
  1225.66 7.8779e-16   1297.18 0 
  1234.16 1.2920e-15   1306.17 0 
  1245.58 1.4324e-15   1318.26 0 
  1254.21 1.3333e-15   1327.39 0 
  1265.82 1.1033e-15   1339.68 0 
  1274.59 1.5366e-15   1348.96 0 
  1286.38 1.6382e-15   1361.44 0 
  1295.30 1.1727e-15   1370.88 0 
  1304.28 1.1536e-15   1380.38 0 
  1316.35 1.5734e-15   1393.16 0 
  1325.47 1.4917e-15   1402.81 0 
  1334.66 1.2489e-15   1412.54 0 
  1343.91 1.6157e-15   1422.33 0 
  1356.35 1.5565e-15   1435.49 0 
  1365.75 1.3365e-15   1445.44 0 
  1375.22 1.4382e-15   1455.46 0 
  1384.75 1.4543e-15   1465.55 0 
  1394.35 1.2487e-15   1475.71 0 
  1404.01 1.3011e-15   1485.94 0 
  1413.74 1.3156e-15   1496.24 0 
  1423.54 1.3866e-15   1506.61 0 
  1433.41 1.3639e-15   1517.05 0 
  1443.35 1.4643e-15   1527.57 0 
  1446.67 1.5051e-15   1531.09 0 
  1453.35 1.4436e-15   1538.15 0 
  1463.43 1.3010e-15   1548.82 0 
  1473.57 1.3064e-15   1559.55 0 
  1483.78 1.3487e-15   1570.36 0 
  1494.07 1.3859e-15   1581.25 0 
  1504.43 1.2899e-15   1592.21 0 
  1511.37 1.1077e-15   1599.56 0 
  1518.35 1.2170e-15   1606.94 0 
  1525.35 1.1619e-15   1614.36 0 
  1535.93 9.7275e-16   1625.55 0 
  1546.57 1.1241e-15   1636.82 0 
  1553.71 1.0512e-15   1644.37 0 
  1564.48 1.0629e-15   1655.77 0 
  1575.33 1.1437e-15   1667.25 0 
  1586.25 1.2249e-15   1678.80 0 
  1593.57 1.2502e-15   1686.55 0 
  1604.61 1.2325e-15   1698.24 0 
  1615.74 1.2462e-15   1710.02 0 
  1623.19 1.1574e-15   1717.91 0 
  1634.45 1.2539e-15   1729.82 0 
  1645.78 1.2767e-15   1741.81 0 
  1653.37 1.1586e-15   1749.85 0 
  1664.83 1.2904e-15   1761.98 0 
  1672.52 1.1056e-15   1770.11 0 
  1676.37 1.2928e-15   1774.19 0 
  1684.11 1.3817e-15   1782.38 0 
  1695.78 1.2770e-15   1794.73 0 
  1703.61 1.2163e-15   1803.02 0 
  1715.42 1.1294e-15   1815.52 0 
  1723.34 1.1264e-15   1823.90 0 
  1735.28 1.2204e-15   1836.54 0 
  1743.29 1.1895e-15   1845.02 0 
  1755.38 1.2946e-15   1857.80 0 
  1763.48 1.1588e-15   1866.38 0 
  1775.70 1.1934e-15   1879.32 0 
  1783.90 1.2208e-15   1887.99 0 
  1796.27 1.3317e-15   1901.08 0 
  1804.56 1.3221e-15   1909.85 0 
  1817.07 1.1914e-15   1923.09 0 
  1825.45 1.2243e-15   1931.97 0 
  1833.88 1.1635e-15   1940.89 0 
  1846.59 1.0532e-15   1954.34 0 
  1855.11 1.0480e-15   1963.36 0 
  1863.68 1.0895e-15   1972.42 0 
  1876.60 1.2134e-15   1986.10 0 
  1885.26 1.0986e-15   1995.26 0 
  1893.96 1.0512e-15   2004.47 0 
  1907.09 1.1232e-15   2018.37 0 
  1915.89 1.0698e-15   2027.68 0 
  1924.73 1.0547e-15   2037.04 0 
  1933.62 1.0914e-15   2046.45 0 
  1947.02 1.1422e-15   2060.63 0 
  1956.01 1.0607e-15   2070.14 0 
  1965.04 1.1869e-15   2079.70 0 
  1974.11 1.2254e-15   2089.30 0 
  1983.22 1.1458e-15   2098.94 0 
  1996.97 1.1063e-15   2113.49 0 
  2006.18 1.1500e-15   2123.24 0 
  2015.44 1.0928e-15   2133.04 0 
  2024.75 1.1624e-15   2142.89 0 
  2034.09 1.0844e-15   2152.78 0 
  2043.48 1.1430e-15   2162.72 0 
  2052.91 1.0861e-15   2172.70 0 
  2067.14 1.0830e-15   2187.76 0 
  2071.91 1.1763e-15   2192.81 0 
  2076.69 1.1078e-15   2197.86 0 
  2086.27 1.1595e-15   2208.01 0 
  2095.90 1.0867e-15   2218.20 0 
  2105.58 1.0913e-15   2228.44 0 
  2115.29 1.1035e-15   2238.72 0 
  2125.06 1.1209e-15   2249.05 0 
  2134.87 1.0243e-15   2259.44 0 
  2144.72 1.0598e-15   2269.86 0 
  2154.62 1.1093e-15   2280.34 0 
  2164.56 1.0688e-15   2290.87 0 
  2174.56 1.0561e-15   2301.44 0 
  2184.59 1.0316e-15   2312.07 0 
  2194.68 1.0875e-15   2322.74 0 
  2204.81 1.0531e-15   2333.46 0 
  2214.98 9.9192e-16   2344.23 0 
  2225.21 9.5168e-16   2355.05 0 
  2235.48 1.0316e-15   2365.92 0 
  2245.80 9.7841e-16   2376.84 0 
  2256.16 9.2584e-16   2387.81 0 
  2266.58 9.5620e-16   2398.83 0 
  2277.04 9.8529e-16   2409.91 0 
  2287.55 1.0153e-15   2421.03 0 
  2292.82 9.5409e-16   2426.61 0 
  2303.41 9.4974e-16   2437.81 0 
  2314.04 8.9252e-16   2449.06 0 
  2324.72 6.6014e-16   2460.37 0 
  2335.45 8.1592e-16   2471.72 0 
  2346.23 7.9189e-16   2483.13 0 
  2357.06 8.6632e-16   2494.60 0 
  2362.49 7.8286e-16   2500.35 0 
  2373.40 8.1041e-16   2511.89 0 
  2384.35 7.4425e-16   2523.48 0 
  2395.36 8.0674e-16   2535.13 0 
  2406.42 7.6516e-16   2546.83 0 
  2417.52 7.9025e-16   2558.59 0 
  2423.10 8.4484e-16   2564.48 0 
  2434.28 8.0684e-16   2576.32 0 
  2445.52 8.6259e-16   2588.21 0 
  2456.80 8.4688e-16   2600.16 0 
  2462.47 8.4106e-16   2606.15 0 
  2473.83 8.0509e-16   2618.18 0 
  2485.25 8.3150e-16   2630.27 0 
  2496.72 7.8141e-16   2642.41 0 
  2502.48 8.7677e-16   2648.50 0 
  2514.03 7.6896e-16   2660.72 0 
  2519.83 7.9600e-16   2666.86 0 
  2525.64 7.5495e-16   2673.01 0 
  2537.29 7.6725e-16   2685.34 0 
  2543.14 7.4807e-16   2691.54 0 
  2554.88 8.1089e-16   2703.96 0 
  2566.67 7.8520e-16   2716.44 0 
  2572.59 8.3943e-16   2722.70 0 
  2584.47 8.2604e-16   2735.27 0 
  2596.39 8.1287e-16   2747.89 0 
  2602.38 7.7988e-16   2754.23 0 
  2614.39 7.6744e-16   2766.94 0 
  2626.46 8.0735e-16   2779.71 0 
  2632.51 8.3382e-16   2786.12 0 
  2644.67 9.1010e-16   2798.98 0 
  2656.87 9.2919e-16   2811.90 0 
  2663.00 8.3007e-16   2818.38 0 
  2675.29 8.7525e-16   2831.39 0 
  2687.64 8.6726e-16   2844.46 0 
  2693.83 8.2824e-16   2851.02 0 
  2706.27 8.5344e-16   2864.18 0 
  2712.51 8.0758e-16   2870.78 0 
  2725.03 8.0575e-16   2884.03 0 
  2737.60 8.4961e-16   2897.34 0 
  2743.92 7.2482e-16   2904.02 0 
  2756.58 7.4003e-16   2917.43 0 
  2762.94 7.6958e-16   2924.15 0 
  2775.69 8.0960e-16   2937.65 0 
  2782.09 7.6609e-16   2944.42 0 
  2794.93 6.0996e-16   2958.01 0 
  2807.83 6.5814e-16   2971.67 0 
  2814.30 8.0044e-16   2978.52 0 
  2827.29 8.4401e-16   2992.27 0 
  2833.81 8.0604e-16   2999.16 0 
  2846.89 7.8591e-16   3013.01 0 
  2853.45 7.5750e-16   3019.95 0 
  2866.62 8.3638e-16   3033.89 0 
  2873.23 8.3255e-16   3040.89 0 
  2886.49 8.2686e-16   3054.92 0 
  2893.15 8.1553e-16   3061.96 0 
  2913.20 8.9016e-16   3083.19 0 
  2926.65 8.5406e-16   3097.42 0 
  2946.94 8.3852e-16   3118.89 0 
  2967.36 8.5417e-16   3140.51 0 
  2987.93 8.5423e-16   3162.28 0 
  3008.64 8.6617e-16   3184.20 0 
  3029.50 8.6225e-16   3206.27 0 
  3050.50 8.5834e-16   3228.49 0 
  3071.64 8.5840e-16   3250.87 0 
  3092.93 8.6441e-16   3273.41 0 
  3107.21 8.5652e-16   3288.52 0 
  3128.75 8.4483e-16   3311.31 0 
  3150.44 8.4684e-16   3334.26 0 
  3172.27 8.4301e-16   3357.38 0 
  3186.92 7.9956e-16   3372.87 0 
  3209.01 8.2772e-16   3396.25 0 
  3231.25 7.8870e-16   3419.79 0 
  3253.65 8.2975e-16   3443.50 0 
  3268.67 8.5303e-16   3459.39 0 
  3291.32 8.4527e-16   3483.37 0 
  3306.52 8.4531e-16   3499.45 0 
  3321.78 8.3568e-16   3515.60 0 
  3329.44 8.6308e-16   3523.71 0 
  3337.11 8.4540e-16   3531.83 0 
  3344.80 8.2427e-16   3539.97 0 
  3352.51 8.1674e-16   3548.13 0 
  3360.24 8.3386e-16   3556.31 0 
  3367.99 8.3002e-16   3564.51 0 
  3375.75 7.6926e-16   3572.73 0 
  3383.53 7.7992e-16   3580.96 0 
  3391.34 8.4146e-16   3589.22 0 
  3399.15 8.5904e-16   3597.49 0 
  3406.99 8.1469e-16   3605.79 0 
  3414.84 8.3171e-16   3614.10 0 
  3422.71 8.6487e-16   3622.43 0 
  3430.60 8.4905e-16   3630.78 0 
  3438.51 8.5687e-16   3639.15 0 
  3446.44 7.6894e-16   3647.54 0 
  3454.38 8.2961e-16   3655.95 0 
  3462.35 7.7599e-16   3664.37 0 
  3470.33 8.1252e-16   3672.82 0 
  3478.33 7.6175e-16   3681.29 0 
  3486.35 7.9578e-16   3689.78 0 
  3494.39 7.9026e-16   3698.28 0 
  3502.44 8.1988e-16   3706.81 0 
  3510.51 8.0118e-16   3715.35 0 
  3518.61 7.9380e-16   3723.92 0 
  3526.72 7.8830e-16   3732.50 0 
  3534.85 8.2541e-16   3741.11 0 
  3543.00 8.5832e-16   3749.73 0 
  3544.80 8.7908e-16   3751.64 1 
  3547.40 3.4430e-16   3754.39 1 
  3550.00 1.0742e-15   3757.14 1 
  3552.60 7.8153e-16   3759.89 1 
  3555.19 8.6849e-16   3762.64 1 
  3557.79 6.9443e-16   3765.39 1 
  3560.39 1.1093e-15   3768.14 1 
  3562.99 6.5334e-16   3770.89 1 
  3565.59 4.9430e-16   3773.64 1 
  3568.19 8.1570e-16   3776.39 1 
  3570.78 2.4583e-16   3779.14 1 
  3573.38 7.0065e-16   3781.89 1 
  3575.98 1.0142e-16   3784.64 1 
  3578.58 4.2830e-16   3787.39 1 
  3581.18 5.5760e-16   3790.14 1 
  3583.78 1.3077e-15   3792.89 1 
  3586.37 8.9412e-16   3795.64 1 
  3588.97 7.6297e-16   3798.39 1 
  3591.57 7.4584e-16   3801.14 1 
  3594.17 1.0437e-15   3803.89 1 
  3596.77 7.0495e-16   3806.64 1 
  3599.37 1.1215e-15   3809.39 1 
  3601.97 8.7344e-16   3812.14 1 
  3604.56 1.0477e-15   3814.89 1 
  3607.16 1.1322e-15   3817.64 1 
  3609.76 2.6214e-16   3820.39 1 
  3612.36 4.1640e-16   3823.14 1 
  3614.96 6.7161e-16   3825.89 1 
  3617.56 4.3681e-16   3828.64 1 
  3620.15 8.0217e-16   3831.39 1 
  3622.75 1.3434e-15   3834.14 1 
  3625.35 4.1956e-16   3836.89 1 
  3627.95 9.6379e-16   3839.64 1 
  3630.55 8.4992e-16   3842.39 1 
  3633.15 8.3832e-16   3845.14 1 
  3635.74 6.2431e-16   3847.89 1 
  3638.34 9.5803e-16   3850.64 1 
  3640.94 4.7397e-16   3853.39 1 
  3643.54 5.6922e-16   3856.14 1 
  3646.14 9.3448e-16   3858.89 1 
  3648.74 2.9851e-16   3861.64 1 
  3651.33 6.3023e-16   3864.39 1 
  3653.93 9.1627e-16   3867.14 1 
  3656.53 5.0065e-16   3869.89 1 
  3659.13 7.8200e-16   3872.64 1 
  3661.73 7.4921e-16   3875.39 1 
  3664.33 7.7448e-16   3878.14 1 
  3666.92 5.9453e-16   3880.89 1 
  3669.52 8.6147e-16   3883.64 1 
  3672.12 7.9039e-16   3886.39 1 
  3674.72 9.4324e-16   3889.14 1 
  3677.32 1.1200e-15   3891.89 1 
  3679.92 1.0107e-15   3894.64 1 
  3682.52 8.9935e-16   3897.39 1 
  3685.11 1.2798e-15   3900.14 1 
  3687.71 8.9044e-16   3902.89 1 
  3690.31 8.2842e-16   3905.64 1 
  3692.91 4.2378e-16   3908.39 1 
  3695.51 6.0718e-16   3911.14 1 
  3698.11 8.5740e-16   3913.89 1 
  3700.70 6.6965e-16   3916.64 1 
  3703.30 1.1411e-15   3919.39 1 
  3705.90 1.2743e-15   3922.14 1 
  3708.50 8.0470e-16   3924.89 1 
  3711.10 9.9159e-16   3927.64 1 
  3713.70 1.3114e-15   3930.39 1 
  3716.29 1.2126e-15   3933.14 1 
  3718.89 1.0092e-15   3935.89 1 
  3721.49 1.3220e-15   3938.64 1 
  3724.09 1.9600e-15   3941.39 1 
  3726.69 2.5543e-15   3944.14 1 
  3729.29 2.6356e-15   3946.89 1 
  3731.88 1.9074e-15   3949.64 1 
  3734.48 1.5813e-15   3952.39 1 
  3737.08 1.1371e-15   3955.14 1 
  3739.68 1.2701e-15   3957.89 1 
  3742.28 9.6795e-16   3960.64 1 
  3744.88 9.4961e-16   3963.39 1 
  3747.47 7.6874e-16   3966.14 1 
  3750.07 9.0673e-16   3968.89 1 
  3752.67 1.0010e-15   3971.64 1 
  3755.27 1.1831e-15   3974.39 1 
  3757.87 1.2894e-15   3977.14 1 
  3760.47 1.2670e-15   3979.89 1 
  3763.07 9.4820e-16   3982.64 1 
  3765.66 7.7478e-16   3985.39 1 
  3768.26 9.1601e-16   3988.14 1 
  3770.86 1.2928e-15   3990.89 1 
  3773.46 6.0270e-16   3993.64 1 
  3776.06 1.1820e-15   3996.39 1 
  3778.66 1.1274e-15   3999.14 1 
  3781.25 1.2080e-15   4001.89 1 
  3783.85 1.1394e-15   4004.64 1 
  3786.45 1.3583e-15   4007.39 1 
  3789.05 1.3938e-15   4010.14 1 
  3791.65 1.4364e-15   4012.89 1 
  3794.25 1.3065e-15   4015.64 1 
  3796.84 8.3312e-16   4018.39 1 
  3799.44 1.1370e-15   4021.14 1 
  3802.04 7.9084e-16   4023.89 1 
  3804.64 9.0557e-16   4026.64 1 
  3807.24 1.2584e-15   4029.39 1 
  3809.84 1.5236e-15   4032.14 1 
  3812.43 1.1768e-15   4034.89 1 
  3815.03 1.0784e-15   4037.64 1 
  3817.63 1.3222e-15   4040.39 1 
  3820.23 1.0188e-15   4043.14 1 
  3822.83 9.0627e-16   4045.89 1 
  3825.43 1.3577e-15   4048.64 1 
  3828.02 1.3062e-15   4051.39 1 
  3830.62 1.0732e-15   4054.14 1 
  3833.22 8.7585e-16   4056.89 1 
  3835.82 1.1149e-15   4059.64 1 
  3838.42 7.5361e-16   4062.39 1 
  3841.02 1.0160e-15   4065.14 1 
  3843.61 1.4976e-15   4067.89 1 
  3846.21 1.7001e-15   4070.64 1 
  3848.81 1.4174e-15   4073.39 1 
  3851.41 1.2955e-15   4076.14 1 
  3854.01 1.7750e-15   4078.89 1 
  3856.61 1.4565e-15   4081.64 1 
  3859.21 1.1851e-15   4084.39 1 
  3861.80 1.1774e-15   4087.14 1 
  3864.40 1.3301e-15   4089.89 1 
  3867.00 1.4019e-15   4092.64 1 
  3869.60 1.2816e-15   4095.39 1 
  3872.20 1.3591e-15   4098.14 1 
  3874.80 1.7313e-15   4100.89 1 
  3877.39 1.4215e-15   4103.64 1 
  3879.99 1.2029e-15   4106.39 1 
  3882.59 1.1823e-15   4109.14 1 
  3885.19 8.7110e-16   4111.89 1 
  3887.79 6.6332e-16   4114.64 1 
  3890.39 1.3066e-15   4117.39 1 
  3892.98 1.0962e-15   4120.14 1 
  3895.58 9.1199e-16   4122.89 1 
  3898.18 1.2882e-15   4125.64 1 
  3900.78 1.4508e-15   4128.39 1 
  3903.38 1.3370e-15   4131.14 1 
  3905.98 1.3077e-15   4133.89 1 
  3908.57 1.3047e-15   4136.64 1 
  3911.17 1.1489e-15   4139.39 1 
  3913.77 1.4347e-15   4142.14 1 
  3916.37 1.3979e-15   4144.89 1 
  3918.97 1.4484e-15   4147.64 1 
  3921.57 1.7365e-15   4150.39 1 
  3924.17 1.2875e-15   4153.14 1 
  3926.76 1.2100e-15   4155.89 1 
  3929.36 1.3513e-15   4158.64 1 
  3931.96 8.8905e-16   4161.39 1 
  3934.56 1.0445e-15   4164.14 1 
  3937.16 1.1282e-15   4166.89 1 
  3939.76 1.4024e-15   4169.64 1 
  3942.35 1.2168e-15   4172.39 1 
  3944.95 1.1533e-15   4175.14 1 
  3947.55 1.3766e-15   4177.89 1 
  3950.15 1.4373e-15   4180.64 1 
  3952.75 9.5117e-16   4183.39 1 
  3955.35 1.3381e-15   4186.14 1 
  3957.94 1.3181e-15   4188.89 1 
  3960.54 9.7321e-16   4191.64 1 
  3963.14 9.0350e-16   4194.39 1 
  3965.74 8.9704e-16   4197.14 1 
  3968.34 8.9880e-16   4199.89 1 
  3970.94 9.3013e-16   4202.64 1 
  3973.53 9.8436e-16   4205.39 1 
  3976.13 9.5666e-16   4208.14 1 
  3978.73 9.9114e-16   4210.89 1 
  3981.33 1.0199e-15   4213.64 1 
  3983.93 1.3405e-15   4216.39 1 
  3986.53 1.9207e-15   4219.14 1 
  3989.12 1.3571e-15   4221.89 1 
  3991.72 1.5157e-15   4224.64 1 
  3994.32 1.4063e-15   4227.39 1 
  3996.92 1.9517e-15   4230.14 1 
  3999.52 1.5763e-15   4232.89 1 
  4002.12 1.3324e-15   4235.64 1 
  4004.72 1.4299e-15   4238.39 1 
  4007.31 1.2905e-15   4241.14 1 
  4009.91 1.6790e-15   4243.89 1 
  4012.51 1.5459e-15   4246.64 1 
  4015.11 1.6696e-15   4249.39 1 
  4017.71 1.4200e-15   4252.14 1 
  4020.31 1.3647e-15   4254.89 1 
  4022.90 1.7163e-15   4257.64 1 
  4025.50 1.4308e-15   4260.39 1 
  4028.10 1.5086e-15   4263.14 1 
  4030.70 1.4932e-15   4265.89 1 
  4033.30 1.5234e-15   4268.64 1 
  4035.90 1.3622e-15   4271.39 1 
  4038.49 1.3446e-15   4274.14 1 
  4041.09 1.1765e-15   4276.89 1 
  4043.69 1.2940e-15   4279.64 1 
  4046.29 1.1464e-15   4282.39 1 
  4048.89 1.0372e-15   4285.14 1 
  4051.49 1.2993e-15   4287.89 1 
  4054.08 1.6409e-15   4290.64 1 
  4056.68 1.7196e-15   4293.39 1 
  4059.28 1.4986e-15   4296.14 1 
  4061.88 1.4737e-15   4298.89 1 
  4064.48 1.5616e-15   4301.64 1 
  4067.08 1.4223e-15   4304.39 1 
  4069.67 1.6380e-15   4307.14 1 
  4072.27 1.5278e-15   4309.89 1 
  4074.87 1.1663e-15   4312.64 1 
  4077.47 1.2320e-15   4315.39 1 
  4080.07 1.4941e-15   4318.14 1 
  4082.67 1.5280e-15   4320.89 1 
  4085.26 1.3722e-15   4323.64 1 
  4087.86 1.3215e-15   4326.39 1 
  4090.46 1.3830e-15   4329.14 1 
  4093.06 1.0777e-15   4331.89 1 
  4095.66 1.1327e-15   4334.64 1 
  4098.26 8.6055e-16   4337.39 1 
  4100.86 9.3770e-16   4340.14 1 
  4103.45 1.1455e-15   4342.89 1 
  4106.05 1.2699e-15   4345.64 1 
  4108.65 1.3815e-15   4348.39 1 
  4111.25 1.4919e-15   4351.14 1 
  4113.85 1.4938e-15   4353.89 1 
  4116.45 1.5210e-15   4356.64 1 
  4119.04 1.3418e-15   4359.39 1 
  4121.64 1.1924e-15   4362.14 1 
  4124.24 1.5514e-15   4364.89 1 
  4126.84 1.5021e-15   4367.64 1 
  4129.44 1.5802e-15   4370.39 1 
  4132.04 1.6856e-15   4373.14 1 
  4134.63 1.3071e-15   4375.89 1 
  4137.23 1.7793e-15   4378.64 1 
  4139.83 1.6169e-15   4381.39 1 
  4142.43 1.6021e-15   4384.14 1 
  4145.03 1.4249e-15   4386.89 1 
  4147.63 1.4691e-15   4389.64 1 
  4150.22 1.6278e-15   4392.39 1 
  4152.82 1.6065e-15   4395.14 1 
  4155.42 1.6662e-15   4397.89 1 
  4158.02 1.5272e-15   4400.64 1 
  4160.62 1.4097e-15   4403.39 1 
  4163.22 1.3750e-15   4406.14 1 
  4165.81 1.4772e-15   4408.89 1 
  4168.41 1.1192e-15   4411.64 1 
  4171.01 1.2449e-15   4414.39 1 
  4173.61 1.6159e-15   4417.14 1 
  4176.21 1.4806e-15   4419.89 1 
  4178.81 1.4904e-15   4422.64 1 
  4181.41 1.5442e-15   4425.39 1 
  4184.00 1.3684e-15   4428.14 1 
  4186.60 1.4747e-15   4430.89 1 
  4189.20 1.6656e-15   4433.64 1 
  4191.80 1.4059e-15   4436.39 1 
  4194.40 1.5352e-15   4439.14 1 
  4197.00 1.4761e-15   4441.89 1 
  4199.59 1.3830e-15   4444.64 1 
  4202.19 1.4713e-15   4447.39 1 
  4204.79 1.5366e-15   4450.14 1 
  4207.39 1.6663e-15   4452.89 1 
  4209.99 1.4899e-15   4455.64 1 
  4212.59 1.4363e-15   4458.39 1 
  4215.18 1.5081e-15   4461.14 1 
  4217.78 1.5969e-15   4463.89 1 
  4220.38 1.5682e-15   4466.64 1 
  4222.98 1.4315e-15   4469.39 1 
  4225.58 1.2546e-15   4472.14 1 
  4228.18 1.4268e-15   4474.89 1 
  4230.77 1.5559e-15   4477.64 1 
  4233.37 1.4736e-15   4480.39 1 
  4235.97 1.1938e-15   4483.14 1 
  4238.57 1.3184e-15   4485.89 1 
  4241.17 1.3413e-15   4488.64 1 
  4243.77 1.4867e-15   4491.39 1 
  4246.36 1.6438e-15   4494.14 1 
  4248.96 1.7259e-15   4496.89 1 
  4251.56 1.5914e-15   4499.64 1 
  4254.16 1.7106e-15   4502.39 1 
  4256.76 1.4127e-15   4505.14 1 
  4259.36 1.3837e-15   4507.89 1 
  4261.96 1.4147e-15   4510.64 1 
  4264.55 1.6459e-15   4513.39 1 
  4267.15 1.3254e-15   4516.14 1 
  4269.75 1.6513e-15   4518.89 1 
  4272.35 1.6175e-15   4521.64 1 
  4274.95 1.4579e-15   4524.39 1 
  4277.55 1.3442e-15   4527.14 1 
  4280.14 1.3967e-15   4529.89 1 
  4282.74 1.2461e-15   4532.64 1 
  4285.34 1.4847e-15   4535.39 1 
  4287.94 1.5078e-15   4538.14 1 
  4290.54 1.1054e-15   4540.89 1 
  4293.14 1.3630e-15   4543.64 1 
  4295.73 1.3109e-15   4546.39 1 
  4298.33 1.3299e-15   4549.14 1 
  4300.93 1.1576e-15   4551.89 1 
  4303.53 1.4208e-15   4554.64 1 
  4306.13 1.2744e-15   4557.39 1 
  4308.73 1.3233e-15   4560.14 1 
  4311.32 1.3760e-15   4562.89 1 
  4313.92 1.5886e-15   4565.64 1 
  4316.52 1.6089e-15   4568.39 1 
  4319.12 1.3070e-15   4571.14 1 
  4321.72 1.1659e-15   4573.89 1 
  4324.32 1.3027e-15   4576.64 1 
  4326.91 1.4343e-15   4579.39 1 
  4329.51 1.2527e-15   4582.14 1 
  4332.11 1.0028e-15   4584.89 1 
  4334.71 1.1788e-15   4587.64 1 
  4337.31 1.3501e-15   4590.39 1 
  4339.91 1.3358e-15   4593.14 1 
  4342.50 1.2172e-15   4595.89 1 
  4345.10 1.1593e-15   4598.64 1 
  4347.70 1.0810e-15   4601.39 1 
  4350.30 1.1663e-15   4604.14 1 
  4352.90 1.2574e-15   4606.89 1 
  4355.50 1.2864e-15   4609.64 1 
  4358.10 1.2592e-15   4612.39 1 
  4360.69 1.4069e-15   4615.14 1 
  4363.29 1.4431e-15   4617.89 1 
  4365.89 1.2838e-15   4620.64 1 
  4368.49 1.3527e-15   4623.39 1 
  4371.09 1.3755e-15   4626.14 1 
  4373.69 1.4382e-15   4628.89 1 
  4376.28 1.5066e-15   4631.64 1 
  4378.88 1.4807e-15   4634.39 1 
  4381.48 1.4285e-15   4637.14 1 
  4384.08 1.5450e-15   4639.89 1 
  4386.68 1.6334e-15   4642.64 1 
  4389.28 1.4043e-15   4645.39 1 
  4391.87 1.4965e-15   4648.14 1 
  4394.47 1.4196e-15   4650.89 1 
  4397.07 1.2672e-15   4653.64 1 
  4399.67 1.3285e-15   4656.39 1 
  4402.27 1.5068e-15   4659.14 1 
  4404.87 1.4991e-15   4661.89 1 
  4407.46 1.3720e-15   4664.64 1 
  4410.06 1.2965e-15   4667.39 1 
  4412.66 1.3298e-15   4670.14 1 
  4415.26 1.5418e-15   4672.89 1 
  4417.86 1.8055e-15   4675.64 1 
  4420.46 1.5230e-15   4678.39 1 
  4423.05 1.5237e-15   4681.14 1 
  4425.65 1.3430e-15   4683.89 1 
  4428.25 1.3760e-15   4686.64 1 
  4430.85 1.4540e-15   4689.39 1 
  4433.45 1.5728e-15   4692.14 1 
  4436.05 1.3292e-15   4694.89 1 
  4438.65 1.3325e-15   4697.64 1 
  4441.24 1.4776e-15   4700.39 1 
  4443.84 1.5545e-15   4703.14 1 
  4446.44 1.5703e-15   4705.89 1 
  4449.04 1.4760e-15   4708.64 1 
  4451.64 1.5502e-15   4711.39 1 
  4454.24 1.2829e-15   4714.14 1 
  4456.83 1.3271e-15   4716.89 1 
  4459.43 1.4983e-15   4719.64 1 
  4462.03 1.4332e-15   4722.39 1 
  4464.63 1.3241e-15   4725.14 1 
  4467.23 1.2124e-15   4727.89 1 
  4469.83 1.3219e-15   4730.64 1 
  4472.42 1.5509e-15   4733.39 1 
  4475.02 1.4219e-15   4736.14 1 
  4477.62 1.3069e-15   4738.89 1 
  4480.22 1.4974e-15   4741.64 1 
  4482.82 1.6677e-15   4744.39 1 
  4485.42 1.4967e-15   4747.14 1 
  4488.01 1.7592e-15   4749.89 1 
  4490.61 1.7359e-15   4752.64 1 
  4493.21 1.7319e-15   4755.39 1 
  4495.81 1.6262e-15   4758.14 1 
  4498.41 1.7381e-15   4760.89 1 
  4501.01 1.7956e-15   4763.64 1 
  4503.60 1.6765e-15   4766.39 1 
  4506.20 1.8700e-15   4769.14 1 
  4508.80 2.0225e-15   4771.89 1 
  4511.40 1.8742e-15   4774.64 1 
  4514.00 1.5017e-15   4777.39 1 
  4516.60 1.4010e-15   4780.14 1 
  4519.20 1.3915e-15   4782.89 1 
  4521.79 1.6484e-15   4785.64 1 
  4524.39 1.3138e-15   4788.39 1 
  4526.99 1.3599e-15   4791.14 1 
  4529.59 1.5934e-15   4793.89 1 
  4532.19 1.5038e-15   4796.64 1 
  4534.79 1.4940e-15   4799.39 1 
  4537.38 1.4836e-15   4802.14 1 
  4539.98 1.4185e-15   4804.89 1 
  4542.58 1.2927e-15   4807.64 1 
  4545.18 1.3662e-15   4810.39 1 
  4547.78 1.5488e-15   4813.14 1 
  4550.38 1.5171e-15   4815.89 1 
  4552.97 1.4125e-15   4818.64 1 
  4555.57 1.4666e-15   4821.39 1 
  4558.17 1.3148e-15   4824.14 1 
  4560.77 1.5403e-15   4826.89 1 
  4563.37 1.4505e-15   4829.64 1 
  4565.97 1.3296e-15   4832.39 1 
  4568.56 1.4819e-15   4835.14 1 
  4571.16 1.5714e-15   4837.89 1 
  4573.76 1.6362e-15   4840.64 1 
  4576.36 1.7102e-15   4843.39 1 
  4578.96 1.7767e-15   4846.14 1 
  4581.56 1.9141e-15   4848.89 1 
  4584.15 1.7822e-15   4851.64 1 
  4586.75 1.7136e-15   4854.39 1 
  4589.35 1.5255e-15   4857.14 1 
  4591.95 1.3645e-15   4859.89 1 
  4594.55 1.3313e-15   4862.64 1 
  4597.15 1.6074e-15   4865.39 1 
  4599.75 1.4978e-15   4868.14 1 
  4602.34 1.5261e-15   4870.89 1 
  4604.94 1.4634e-15   4873.64 1 
  4607.54 1.4934e-15   4876.39 1 
  4610.14 1.5464e-15   4879.14 1 
  4612.74 1.4143e-15   4881.89 1 
  4615.34 1.5171e-15   4884.64 1 
  4617.93 1.2242e-15   4887.39 1 
  4620.53 1.3265e-15   4890.14 1 
  4623.13 1.5960e-15   4892.89 1 
  4625.73 1.4083e-15   4895.64 1 
  4628.33 1.3455e-15   4898.39 1 
  4630.93 1.3959e-15   4901.14 1 
  4633.52 1.5782e-15   4903.89 1 
  4636.12 1.4439e-15   4906.64 1 
  4638.72 1.3761e-15   4909.39 1 
  4641.32 1.5701e-15   4912.14 1 
  4643.92 1.3083e-15   4914.89 1 
  4646.52 1.3282e-15   4917.64 1 
  4649.11 1.3081e-15   4920.39 1 
  4651.71 1.1964e-15   4923.14 1 
  4654.31 1.2077e-15   4925.89 1 
  4656.91 1.2579e-15   4928.64 1 
  4659.51 1.5275e-15   4931.39 1 
  4662.11 1.2362e-15   4934.14 1 
  4664.70 1.2465e-15   4936.89 1 
  4667.30 1.3718e-15   4939.64 1 
  4669.90 1.5163e-15   4942.39 1 
  4672.50 1.1021e-15   4945.14 1 
  4675.10 1.4137e-15   4947.89 1 
  4677.70 1.5268e-15   4950.64 1 
  4680.29 1.6314e-15   4953.39 1 
  4682.89 1.4910e-15   4956.14 1 
  4685.49 1.3639e-15   4958.89 1 
  4688.09 1.2487e-15   4961.64 1 
  4690.69 1.2214e-15   4964.39 1 
  4693.29 1.5922e-15   4967.14 1 
  4695.89 1.4406e-15   4969.89 1 
  4698.48 1.5209e-15   4972.64 1 
  4701.08 1.1944e-15   4975.39 1 
  4703.68 1.2850e-15   4978.14 1 
  4706.28 1.2343e-15   4980.89 1 
  4708.88 1.0444e-15   4983.64 1 
  4711.48 1.3700e-15   4986.39 1 
  4714.07 1.4328e-15   4989.14 1 
  4716.67 1.4319e-15   4991.89 1 
  4719.27 1.0217e-15   4994.64 1 
  4721.87 1.3631e-15   4997.39 1 
  4724.47 1.2725e-15   5000.14 1 
  4727.07 1.3964e-15   5002.89 1 
  4729.66 1.6677e-15   5005.64 1 
  4732.26 1.4001e-15   5008.39 1 
  4734.86 1.2042e-15   5011.14 1 
  4737.46 1.3055e-15   5013.89 1 
  4740.06 1.3033e-15   5016.64 1 
  4742.66 1.4648e-15   5019.39 1 
  4745.25 1.5505e-15   5022.14 1 
  4747.85 1.4480e-15   5024.89 1 
  4750.45 1.3686e-15   5027.64 1 
  4753.05 1.4024e-15   5030.39 1 
  4755.65 1.4296e-15   5033.14 1 
  4758.25 1.3930e-15   5035.89 1 
  4760.84 1.2696e-15   5038.64 1 
  4763.44 1.3549e-15   5041.39 1 
  4766.04 1.3723e-15   5044.14 1 
  4768.64 1.3768e-15   5046.89 1 
  4771.24 1.1487e-15   5049.64 1 
  4773.84 1.6614e-15   5052.39 1 
  4776.44 1.5482e-15   5055.14 1 
  4779.03 1.3367e-15   5057.89 1 
  4781.63 1.4267e-15   5060.64 1 
  4784.23 1.2125e-15   5063.39 1 
  4786.83 1.3453e-15   5066.14 1 
  4789.43 1.2806e-15   5068.89 1 
  4792.03 1.1332e-15   5071.64 1 
  4794.62 1.3256e-15   5074.39 1 
  4797.22 1.2150e-15   5077.14 1 
  4799.82 1.2655e-15   5079.89 1 
  4802.42 1.4913e-15   5082.64 1 
  4805.02 1.2731e-15   5085.39 1 
  4807.62 1.1911e-15   5088.14 1 
  4810.21 1.3007e-15   5090.89 1 
  4812.81 1.3187e-15   5093.64 1 
  4815.41 1.2830e-15   5096.39 1 
  4818.01 1.2236e-15   5099.14 1 
  4820.61 1.5153e-15   5101.89 1 
  4823.21 1.5738e-15   5104.64 1 
  4825.80 1.2546e-15   5107.39 1 
  4828.40 1.3558e-15   5110.14 1 
  4831.00 1.4586e-15   5112.89 1 
  4833.60 1.2527e-15   5115.64 1 
  4836.20 1.6293e-15   5118.39 1 
  4838.80 1.5344e-15   5121.14 1 
  4841.39 1.5154e-15   5123.89 1 
  4843.99 1.3980e-15   5126.64 1 
  4846.59 1.3131e-15   5129.39 1 
  4849.19 1.2906e-15   5132.14 1 
  4851.79 1.5379e-15   5134.89 1 
  4854.39 8.8993e-16   5137.64 1 
  4856.99 1.3854e-15   5140.39 1 
  4859.58 1.4172e-15   5143.14 1 
  4862.18 1.3965e-15   5145.89 1 
  4864.78 1.4625e-15   5148.64 1 
  4867.38 1.3329e-15   5151.39 1 
  4869.98 1.2527e-15   5154.14 1 
  4872.58 1.2235e-15   5156.89 1 
  4875.17 1.3717e-15   5159.64 1 
  4877.77 1.0746e-15   5162.39 1 
  4880.37 1.2753e-15   5165.14 1 
  4882.97 1.4000e-15   5167.89 1 
  4885.57 1.0803e-15   5170.64 1 
  4888.17 1.1899e-15   5173.39 1 
  4890.76 1.3426e-15   5176.14 1 
  4893.36 1.4015e-15   5178.89 1 
  4895.96 1.2620e-15   5181.64 1 
  4898.56 1.3119e-15   5184.39 1 
  4901.16 1.4503e-15   5187.14 1 
  4903.76 1.3983e-15   5189.89 1 
  4906.35 1.3347e-15   5192.64 1 
  4908.95 1.2672e-15   5195.39 1 
  4911.55 1.1574e-15   5198.14 1 
  4914.15 1.3640e-15   5200.89 1 
  4916.75 1.2773e-15   5203.64 1 
  4919.35 1.2601e-15   5206.39 1 
  4921.94 1.1366e-15   5209.14 1 
  4924.54 1.2765e-15   5211.89 1 
  4927.14 1.5219e-15   5214.64 1 
  4929.74 1.1438e-15   5217.39 1 
  4932.34 1.3421e-15   5220.14 1 
  4934.94 1.2639e-15   5222.89 1 
  4937.53 1.1810e-15   5225.64 1 
  4940.13 1.1573e-15   5228.39 1 
  4942.73 1.3298e-15   5231.14 1 
  4945.33 1.3174e-15   5233.89 1 
  4947.93 1.4334e-15   5236.64 1 
  4950.53 1.4279e-15   5239.39 1 
  4953.13 1.6204e-15   5242.14 1 
  4955.72 1.2911e-15   5244.89 1 
  4958.32 1.5031e-15   5247.64 1 
  4960.92 1.6892e-15   5250.39 1 
  4963.52 1.6695e-15   5253.14 1 
  4966.12 1.3564e-15   5255.89 1 
  4968.72 1.4712e-15   5258.64 1 
  4971.31 1.2534e-15   5261.39 1 
  4973.91 1.3954e-15   5264.14 1 
  4976.51 1.5360e-15   5266.89 1 
  4979.11 1.3038e-15   5269.64 1 
  4981.71 1.5063e-15   5272.39 1 
  4984.31 1.5834e-15   5275.14 1 
  4986.90 1.3789e-15   5277.89 1 
  4989.50 1.2585e-15   5280.64 1 
  4992.10 1.2182e-15   5283.39 1 
  4994.70 1.3370e-15   5286.14 1 
  4997.30 1.3364e-15   5288.89 1 
  4999.90 1.2948e-15   5291.64 1 
  5002.49 1.7537e-15   5294.39 1 
  5005.09 1.9193e-15   5297.14 1 
  5007.69 2.1683e-15   5299.89 1 
  5010.29 2.1174e-15   5302.64 1 
  5012.89 1.4977e-15   5305.39 1 
  5015.49 1.6022e-15   5308.14 1 
  5018.08 1.4758e-15   5310.89 1 
  5020.68 1.5765e-15   5313.64 1 
  5023.28 1.5374e-15   5316.39 1 
  5025.88 1.5848e-15   5319.14 1 
  5028.48 1.3502e-15   5321.89 1 
  5031.08 1.4915e-15   5324.64 1 
  5033.68 1.6044e-15   5327.39 1 
  5036.27 1.6131e-15   5330.14 1 
  5038.87 1.2865e-15   5332.89 1 
  5041.47 1.2427e-15   5335.64 1 
  5044.07 1.3284e-15   5338.39 1 
  5046.67 1.3571e-15   5341.14 1 
  5049.27 1.6228e-15   5343.89 1 
  5051.86 1.3773e-15   5346.64 1 
  5054.46 1.3136e-15   5349.39 1 
  5057.06 1.0658e-15   5352.14 1 
  5059.66 1.3442e-15   5354.89 1 
  5062.26 1.3231e-15   5357.64 1 
  5064.86 1.3435e-15   5360.39 1 
  5067.45 1.0273e-15   5363.14 1 
  5070.05 1.3130e-15   5365.89 1 
  5072.65 1.2124e-15   5368.64 1 
  5075.25 1.3911e-15   5371.39 1 
  5077.85 1.2576e-15   5374.14 1 
  5080.45 1.0261e-15   5376.89 1 
  5083.04 1.4654e-15   5379.64 1 
  5085.64 1.1557e-15   5382.39 1 
  5088.24 1.1712e-15   5385.14 1 
  5090.84 1.3842e-15   5387.89 1 
  5093.44 1.0727e-15   5390.64 1 
  5096.04 1.2312e-15   5393.39 1 
  5098.63 8.7946e-16   5396.14 1 
  5101.23 1.4351e-15   5398.89 1 
  5103.83 1.4199e-15   5401.64 1 
  5106.43 1.3647e-15   5404.39 1 
  5109.03 1.2545e-15   5407.14 1 
  5111.63 1.0839e-15   5409.89 1 
  5114.23 1.3505e-15   5412.64 1 
  5116.82 1.2406e-15   5415.39 1 
  5119.42 1.2234e-15   5418.14 1 
  5122.02 1.2462e-15   5420.89 1 
  5124.62 1.0112e-15   5423.64 1 
  5127.22 1.1201e-15   5426.39 1 
  5129.82 1.2632e-15   5429.14 1 
  5132.41 8.6929e-16   5431.89 1 
  5135.01 1.1289e-15   5434.64 1 
  5137.61 8.8478e-16   5437.39 1 
  5140.21 1.0535e-15   5440.14 1 
  5142.81 1.2041e-15   5442.89 1 
  5145.41 9.4695e-16   5445.64 1 
  5148.00 1.5353e-15   5448.39 1 
  5150.60 1.1071e-15   5451.14 1 
  5153.20 1.2567e-15   5453.89 1 
  5155.80 1.3213e-15   5456.64 1 
  5158.40 1.1496e-15   5459.39 1 
  5161.00 1.6543e-15   5462.14 1 
  5163.59 1.1526e-15   5464.89 1 
  5166.19 1.1328e-15   5467.64 1 
  5168.79 1.1463e-15   5470.39 1 
  5171.39 8.5775e-16   5473.14 1 
  5173.99 9.6225e-16   5475.89 1 
  5176.59 1.3374e-15   5478.64 1 
  5179.18 1.0347e-15   5481.39 1 
  5181.78 1.1342e-15   5484.14 1 
  5184.38 1.1026e-15   5486.89 1 
  5186.98 1.1266e-15   5489.64 1 
  5189.58 1.0687e-15   5492.39 1 
  5192.18 9.6379e-16   5495.14 1 
  5194.78 1.2313e-15   5497.89 1 
  5197.37 1.2666e-15   5500.64 1 
  5199.97 1.1428e-15   5503.39 1 
  5202.57 1.2083e-15   5506.14 1 
  5205.17 1.0039e-15   5508.89 1 
  5207.77 1.0932e-15   5511.64 1 
  5210.37 1.0129e-15   5514.39 1 
  5212.96 1.1524e-15   5517.14 1 
  5215.56 1.4439e-15   5519.89 1 
  5218.16 1.0376e-15   5522.64 1 
  5220.76 1.1676e-15   5525.39 1 
  5223.36 1.4018e-15   5528.14 1 
  5225.96 1.3758e-15   5530.89 1 
  5228.55 1.1582e-15   5533.64 1 
  5231.15 1.1599e-15   5536.39 1 
  5233.75 1.3965e-15   5539.14 1 
  5236.35 1.1923e-15   5541.89 1 
  5238.95 1.3149e-15   5544.64 1 
  5241.55 1.3477e-15   5547.39 1 
  5244.14 1.2227e-15   5550.14 1 
  5246.74 1.5485e-15   5552.89 1 
  5249.34 1.4196e-15   5555.64 1 
  5251.94 1.2899e-15   5558.39 1 
  5254.54 1.4925e-15   5561.14 1 
  5257.14 1.4908e-15   5563.89 1 
  5259.73 1.4021e-15   5566.64 1 
  5262.33 1.1466e-15   5569.39 1 
  5264.93 9.5137e-16   5572.14 1 
  5267.53 1.1522e-15   5574.89 1 
  5270.13 1.2170e-15   5577.64 1 
  5272.73 1.1804e-15   5580.39 1 
  5275.32 1.0745e-15   5583.14 1 
  5277.92 1.2796e-15   5585.89 1 
  5280.52 1.4161e-15   5588.64 1 
  5283.12 1.1989e-15   5591.39 1 
  5285.72 1.2694e-15   5594.14 1 
  5288.32 1.5347e-15   5596.89 1 
  5290.92 1.7505e-15   5599.64 1 
  5293.51 1.1194e-15   5602.39 1 
  5296.11 1.3103e-15   5605.14 1 
  5298.71 1.0200e-15   5607.89 1 
  5301.31 1.4144e-15   5610.64 1 
  5303.91 1.1368e-15   5613.39 1 
  5306.51 1.1907e-15   5616.14 1 
  5309.10 1.2914e-15   5618.89 1 
  5311.70 1.4616e-15   5621.64 1 
  5314.30 1.2843e-15   5624.39 1 
  5316.90 1.3312e-15   5627.14 1 
  5319.50 1.3401e-15   5629.89 1 
  5322.10 1.2072e-15   5632.64 1 
  5324.69 1.3394e-15   5635.39 1 
  5327.29 1.1466e-15   5638.14 1 
  5329.89 1.3051e-15   5640.89 1 
  5332.49 1.2674e-15   5643.64 1 
  5335.09 1.2901e-15   5646.39 1 
  5337.69 1.1054e-15   5649.14 1 
  5340.28 1.2282e-15   5651.89 1 
  5342.88 1.1259e-15   5654.64 1 
  5345.48 1.0634e-15   5657.39 1 
  5348.08 1.3172e-15   5660.14 1 
  5350.68 1.2717e-15   5662.89 1 
  5353.28 1.4234e-15   5665.64 1 
  5355.87 1.4879e-15   5668.39 1 
  5358.47 1.4959e-15   5671.14 1 
  5361.07 1.2213e-15   5673.89 1 
  5363.67 1.4653e-15   5676.64 1 
  5366.27 1.3402e-15   5679.39 1 
  5368.87 1.0938e-15   5682.14 1 
  5371.47 1.2368e-15   5684.89 1 
  5374.06 1.1628e-15   5687.64 1 
  5376.66 1.0124e-15   5690.39 1 
  5379.26 1.1350e-15   5693.14 1 
  5381.86 1.2539e-15   5695.89 1 
  5384.46 1.1177e-15   5698.64 1 
  5387.06 1.2752e-15   5701.39 1 
  5389.65 1.2523e-15   5704.14 1 
  5392.25 1.0370e-15   5706.89 1 
  5394.85 1.4597e-15   5709.64 1 
  5397.45 1.1813e-15   5712.39 1 
  5400.05 1.2017e-15   5715.14 1 
  5402.65 1.4812e-15   5717.89 1 
  5405.24 1.3360e-15   5720.64 1 
  5407.84 1.1170e-15   5723.39 1 
  5410.44 1.0756e-15   5726.14 1 
  5413.04 1.2367e-15   5728.89 1 
  5415.64 1.4360e-15   5731.64 1 
  5418.24 1.3554e-15   5734.39 1 
  5420.83 1.0432e-15   5737.14 1 
  5423.43 1.1775e-15   5739.89 1 
  5426.03 1.3436e-15   5742.64 1 
  5428.63 1.2808e-15   5745.39 1 
  5431.23 1.2113e-15   5748.14 1 
  5433.83 1.3837e-15   5750.89 1 
  5436.42 1.1250e-15   5753.64 1 
  5439.02 1.1025e-15   5756.39 1 
  5441.62 9.8909e-16   5759.14 1 
  5444.22 1.1155e-15   5761.89 1 
  5446.82 1.2227e-15   5764.64 1 
  5449.42 1.1738e-15   5767.39 1 
  5452.02 1.1597e-15   5770.14 1 
  5454.61 1.2614e-15   5772.89 1 
  5457.21 1.1938e-15   5775.64 1 
  5459.81 1.1650e-15   5778.39 1 
  5462.41 1.1398e-15   5781.14 1 
  5465.01 1.1145e-15   5783.89 1 
  5467.61 1.2800e-15   5786.64 1 
  5470.20 1.2437e-15   5789.39 1 
  5472.80 1.3416e-15   5792.14 1 
  5475.40 1.1957e-15   5794.89 1 
  5478.00 9.9193e-16   5797.64 1 
  5480.60 1.3378e-15   5800.39 1 
  5483.20 1.1259e-15   5803.14 1 
  5485.79 1.1329e-15   5805.89 1 
  5488.39 1.0195e-15   5808.64 1 
  5490.99 9.6578e-16   5811.39 1 
  5493.59 9.8123e-16   5814.14 1 
  5496.19 1.0247e-15   5816.89 1 
  5498.79 1.1052e-15   5819.64 1 
  5501.38 9.5554e-16   5822.39 1 
  5503.98 1.2006e-15   5825.14 1 
  5506.58 1.1387e-15   5827.89 1 
  5509.18 1.2775e-15   5830.64 1 
  5511.78 1.1779e-15   5833.39 1 
  5514.38 1.2597e-15   5836.14 1 
  5516.97 1.3875e-15   5838.89 1 
  5519.57 1.1472e-15   5841.64 1 
  5522.17 1.1260e-15   5844.39 1 
  5524.77 1.1768e-15   5847.14 1 
  5527.37 1.2333e-15   5849.89 1 
  5529.97 1.2428e-15   5852.64 1 
  5532.56 1.2451e-15   5855.39 1 
  5535.16 1.0993e-15   5858.14 1 
  5537.76 1.2685e-15   5860.89 1 
  5540.36 1.4286e-15   5863.64 1 
  5542.96 1.3422e-15   5866.39 1 
  5545.56 1.0813e-15   5869.14 1 
  5548.16 1.2490e-15   5871.89 1 
  5550.75 1.2535e-15   5874.64 1 
  5553.35 1.1477e-15   5877.39 1 
  5555.95 1.2597e-15   5880.14 1 
  5558.55 1.2948e-15   5882.89 1 
  5561.15 1.3016e-15   5885.64 1 
  5563.75 1.3267e-15   5888.39 1 
  5566.34 1.1180e-15   5891.14 1 
  5568.94 1.1312e-15   5893.89 1 
  5571.54 1.3670e-15   5896.64 1 
  5574.14 1.4152e-15   5899.39 1 
  5576.74 1.3348e-15   5902.14 1 
  5579.34 1.2870e-15   5904.89 1 
  5581.93 1.3214e-15   5907.64 1 
  5584.53 8.8899e-16   5910.39 1 
  5587.13 9.4926e-16   5913.14 1 
  5589.73 1.1447e-15   5915.89 1 
  5592.33 1.1524e-15   5918.64 1 
  5594.93 1.0121e-15   5921.39 1 
  5597.52 9.2118e-16   5924.14 1 
  5600.12 1.1933e-15   5926.89 1 
  5602.72 1.0406e-15   5929.64 1 
  5605.32 1.1122e-15   5932.39 1 
  5607.92 1.1484e-15   5935.14 1 
  5610.52 1.4135e-15   5937.89 1 
  5613.11 1.1271e-15   5940.64 1 
  5615.71 1.2267e-15   5943.39 1 
  5618.31 9.5632e-16   5946.14 1 
  5620.91 1.4769e-15   5948.89 1 
  5623.51 1.1728e-15   5951.64 1 
  5626.11 1.3910e-15   5954.39 1 
  5628.71 1.0830e-15   5957.14 1 
  5631.30 1.1731e-15   5959.89 1 
  5633.90 7.5096e-16   5962.64 1 
  5636.50 1.2793e-15   5965.39 1 
  5639.10 8.6502e-16   5968.14 1 
  5641.70 1.5447e-15   5970.89 1 
  5644.30 9.7643e-16   5973.64 1 
  5646.89 1.1813e-15   5976.39 1 
  5649.49 8.6085e-16   5979.14 1 
  5652.09 1.2888e-15   5981.89 1 
  5654.69 1.0199e-15   5984.64 1 
  5657.29 1.0170e-15   5987.39 1 
  5659.89 1.2267e-15   5990.14 1 
  5662.48 8.4266e-16   5992.89 1 
  5665.08 1.0581e-15   5995.64 1 
  5667.68 1.0555e-15   5998.39 1 
  5670.28 1.3118e-15   6001.14 1 
  5672.88 1.1624e-15   6003.89 1 
  5675.48 1.0593e-15   6006.64 1 
  5678.07 1.0778e-15   6009.39 1 
  5680.67 9.1641e-16   6012.14 1 
  5683.27 1.3171e-15   6014.89 1 
  5685.87 1.0686e-15   6017.64 1 
  5688.47 1.0841e-15   6020.39 1 
  5691.07 8.8851e-16   6023.14 1 
  5693.66 1.3102e-15   6025.89 1 
  5696.26 1.1636e-15   6028.64 1 
  5698.86 1.2494e-15   6031.39 1 
  5701.46 9.6856e-16   6034.14 1 
  5704.06 1.4120e-15   6036.89 1 
  5706.66 1.1306e-15   6039.64 1 
  5709.26 1.5618e-15   6042.39 1 
  5711.85 1.2491e-15   6045.14 1 
  5714.45 1.2920e-15   6047.89 1 
  5717.05 9.7480e-16   6050.64 1 
  5719.65 1.3101e-15   6053.39 1 
  5722.25 1.2956e-15   6056.14 1 
  5724.85 1.2516e-15   6058.89 1 
  5727.44 1.3347e-15   6061.64 1 
  5730.04 1.2103e-15   6064.39 1 
  5732.64 1.3089e-15   6067.14 1 
  5735.24 1.1790e-15   6069.89 1 
  5737.84 1.0926e-15   6072.64 1 
  5740.44 1.2154e-15   6075.39 1 
  5743.03 1.3035e-15   6078.14 1 
  5745.63 1.1814e-15   6080.89 1 
  5748.23 1.1100e-15   6083.64 1 
  5750.83 1.1467e-15   6086.39 1 
  5753.43 1.2742e-15   6089.14 1 
  5756.03 1.0490e-15   6091.89 1 
  5758.62 1.2098e-15   6094.64 1 
  5761.22 1.1282e-15   6097.39 1 
  5763.82 1.5263e-15   6100.14 1 
  5766.42 1.4603e-15   6102.89 1 
  5769.02 1.1126e-15   6105.64 1 
  5771.62 1.2404e-15   6108.39 1 
  5774.21 1.3357e-15   6111.14 1 
  5776.81 1.2616e-15   6113.89 1 
  5779.41 1.3069e-15   6116.64 1 
  5782.01 1.2848e-15   6119.39 1 
  5784.61 8.9061e-16   6122.14 1 
  5787.21 1.1862e-15   6124.89 1 
  5789.81 8.8506e-16   6127.64 1 
  5792.40 9.7290e-16   6130.39 1 
  5795.00 8.5488e-16   6133.14 1 
  5797.60 1.0780e-15   6135.89 1 
  5800.20 1.3385e-15   6138.64 1 
  5802.80 1.1020e-15   6141.39 1 
  5805.40 9.5550e-16   6144.14 1 
  5807.99 1.2269e-15   6146.89 1 
  5810.59 1.1167e-15   6149.64 1 
  5813.19 1.0624e-15   6152.39 1 
  5815.79 1.1228e-15   6155.14 1 
  5818.39 1.0707e-15   6157.89 1 
  5820.99 8.8464e-16   6160.64 1 
  5823.58 1.0609e-15   6163.39 1 
  5826.18 1.2132e-15   6166.14 1 
  5828.78 1.1910e-15   6168.89 1 
  5831.38 1.0952e-15   6171.64 1 
  5833.98 1.2119e-15   6174.39 1 
  5836.58 1.0382e-15   6177.14 1 
  5839.17 9.9447e-16   6179.89 1 
  5841.77 1.1602e-15   6182.64 1 
  5844.37 1.4138e-15   6185.39 1 
  5846.97 1.5340e-15   6188.14 1 
  5849.57 1.3545e-15   6190.89 1 
  5852.17 1.3214e-15   6193.64 1 
  5854.76 1.1780e-15   6196.39 1 
  5857.36 1.0722e-15   6199.14 1 
  5859.96 1.0661e-15   6201.89 1 
  5862.56 9.7346e-16   6204.64 1 
  5865.16 1.1068e-15   6207.39 1 
  5867.76 1.1549e-15   6210.14 1 
  5870.35 1.1524e-15   6212.89 1 
  5872.95 1.2033e-15   6215.64 1 
  5875.55 1.2147e-15   6218.39 1 
  5878.15 1.3941e-15   6221.14 1 
  5880.75 1.2074e-15   6223.89 1 
  5883.35 1.0598e-15   6226.64 1 
  5885.95 1.1598e-15   6229.39 1 
  5888.54 1.1164e-15   6232.14 1 
  5891.14 1.1945e-15   6234.89 1 
  5893.74 1.1707e-15   6237.64 1 
  5896.34 1.1539e-15   6240.39 1 
  5898.94 1.0246e-15   6243.14 1 
  5901.54 1.2581e-15   6245.89 1 
  5904.13 9.9658e-16   6248.64 1 
  5906.73 1.3163e-15   6251.39 1 
  5909.33 1.2305e-15   6254.14 1 
  5911.93 1.2330e-15   6256.89 1 
  5914.53 1.0160e-15   6259.64 1 
  5917.13 1.0163e-15   6262.39 1 
  5919.72 1.0089e-15   6265.14 1 
  5922.32 1.1197e-15   6267.89 1 
  5924.92 1.2192e-15   6270.64 1 
  5927.52 1.1872e-15   6273.39 1 
  5930.12 9.6919e-16   6276.14 1 
  5932.72 1.0068e-15   6278.89 1 
  5935.31 1.1114e-15   6281.64 1 
  5937.91 9.1091e-16   6284.39 1 
  5940.51 1.1805e-15   6287.14 1 
  5943.11 9.6820e-16   6289.89 1 
  5945.71 1.0292e-15   6292.64 1 
  5948.31 1.0261e-15   6295.39 1 
  5950.90 7.2547e-16   6298.14 1 
  5953.50 1.2295e-15   6300.89 1 
  5956.10 1.2242e-15   6303.64 1 
  5958.70 9.9109e-16   6306.39 1 
  5961.30 1.1022e-15   6309.14 1 
  5963.90 1.1110e-15   6311.89 1 
  5966.50 9.8693e-16   6314.64 1 
  5969.09 1.1378e-15   6317.39 1 
  5971.69 1.1884e-15   6320.14 1 
  5974.29 1.1971e-15   6322.89 1 
  5976.89 1.0297e-15   6325.64 1 
  5979.49 1.1183e-15   6328.39 1 
  5982.09 8.6892e-16   6331.14 1 
  5984.68 6.3973e-16   6333.89 1 
  5987.28 9.6909e-16   6336.64 1 
  5989.88 1.3362e-15   6339.39 1 
  5992.48 9.3209e-16   6342.14 1 
  5995.08 1.1375e-15   6344.89 1 
  5997.68 1.0746e-15   6347.64 1 
  6000.27 1.0923e-15   6350.39 1 
  6002.87 9.1707e-16   6353.14 1 
  6005.47 1.1236e-15   6355.89 1 
  6008.07 1.2343e-15   6358.64 1 
  6010.67 8.9960e-16   6361.39 1 
  6013.27 1.2852e-15   6364.14 1 
  6015.86 9.2774e-16   6366.89 1 
  6018.46 1.6056e-15   6369.64 1 
  6021.06 1.2025e-15   6372.39 1 
  6023.66 1.4783e-15   6375.14 1 
  6026.26 9.1541e-16   6377.89 1 
  6028.86 1.5101e-15   6380.64 1 
  6031.45 7.7043e-16   6383.39 1 
  6034.05 1.3901e-15   6386.14 1 
  6036.65 1.6472e-15   6388.89 1 
  6039.25 1.1453e-15   6391.64 1 
  6041.85 9.8990e-16   6394.39 1 
  6044.45 9.2785e-16   6397.14 1 
  6047.05 1.1826e-15   6399.89 1 
  6049.64 9.8495e-16   6402.64 1 
  6052.24 1.1136e-15   6405.39 1 
  6054.84 1.1124e-15   6408.14 1 
  6057.44 1.4414e-15   6410.89 1 
  6060.04 8.9654e-16   6413.64 1 
  6062.64 8.3769e-16   6416.39 1 
  6065.23 1.0299e-15   6419.14 1 
  6067.83 1.0196e-15   6421.89 1 
  6070.43 1.0233e-15   6424.64 1 
  6073.03 1.1369e-15   6427.39 1 
  6075.63 1.0895e-15   6430.14 1 
  6078.23 1.2181e-15   6432.89 1 
  6080.82 1.5092e-15   6435.64 1 
  6083.42 1.3786e-15   6438.39 1 
  6086.02 1.3467e-15   6441.14 1 
  6088.62 1.2925e-15   6443.89 1 
  6091.22 1.1929e-15   6446.64 1 
  6093.82 1.1885e-15   6449.39 1 
  6096.41 1.2225e-15   6452.14 1 
  6099.01 1.1083e-15   6454.89 1 
  6101.61 1.1407e-15   6457.64 1 
  6104.21 1.2037e-15   6460.39 1 
  6106.81 1.1481e-15   6463.14 1 
  6109.41 1.1701e-15   6465.89 1 
  6112.00 1.1949e-15   6468.64 1 
  6114.60 1.0921e-15   6471.39 1 
  6117.20 8.1942e-16   6474.14 1 
  6119.80 7.0280e-16   6476.89 1 
  6122.40 8.3535e-16   6479.64 1 
  6125.00 1.0537e-15   6482.39 1 
  6127.59 1.0799e-15   6485.14 1 
  6130.19 1.0619e-15   6487.89 1 
  6132.79 1.1097e-15   6490.64 1 
  6135.39 1.0754e-15   6493.39 1 
  6137.99 1.2198e-15   6496.14 1 
  6140.59 1.0187e-15   6498.89 1 
  6143.19 9.6398e-16   6501.64 1 
  6145.78 1.2067e-15   6504.39 1 
  6148.38 9.9293e-16   6507.14 1 
  6150.98 9.9145e-16   6509.89 1 
  6153.58 1.0214e-15   6512.64 1 
  6156.18 1.0740e-15   6515.39 1 
  6158.78 1.0930e-15   6518.14 1 
  6161.37 1.0350e-15   6520.89 1 
  6163.97 9.7829e-16   6523.64 1 
  6166.57 9.6016e-16   6526.39 1 
  6169.17 1.1225e-15   6529.14 1 
  6171.77 1.1197e-15   6531.89 1 
  6174.37 1.1840e-15   6534.64 1 
  6176.96 1.2036e-15   6537.39 1 
  6179.56 8.8891e-16   6540.14 1 
  6182.16 1.4233e-15   6542.89 1 
  6184.76 9.2184e-16   6545.64 1 
  6187.36 1.1833e-15   6548.39 1 
  6189.96 8.9566e-16   6551.14 1 
  6192.55 1.2676e-15   6553.89 1 
  6195.15 7.3615e-16   6556.64 1 
  6197.75 1.4786e-15   6559.39 1 
  6200.35 8.1346e-16   6562.14 1 
  6202.95 1.0459e-15   6564.89 1 
  6205.55 8.2255e-16   6567.64 1 
  6208.14 1.3666e-15   6570.39 1 
  6210.74 5.6642e-16   6573.14 1 
  6213.34 1.0442e-15   6575.89 1 
  6215.94 6.7196e-16   6578.64 1 
  6218.54 8.0493e-16   6581.39 1 
  6221.14 8.7149e-16   6584.14 1 
  6223.74 1.1083e-15   6586.89 1 
  6226.33 5.0899e-16   6589.64 1 
  6228.93 9.1318e-16   6592.39 1 
  6231.53 1.1625e-15   6595.14 1 
  6234.13 1.1141e-15   6597.89 1 
  6236.73 1.1882e-15   6600.64 1 
  6239.33 1.0405e-15   6603.39 1 
  6241.92 1.0530e-15   6606.14 1 
  6244.52 1.4295e-15   6608.89 1 
  6247.12 1.2626e-15   6611.64 1 
  6249.72 1.2987e-15   6614.39 1 
  6252.32 1.0253e-15   6617.14 1 
  6254.92 8.8852e-16   6619.89 1 
  6257.51 7.4557e-16   6622.64 1 
  6260.11 1.0017e-15   6625.39 1 
  6262.71 1.1754e-15   6628.14 1 
  6265.31 1.2876e-15   6630.89 1 
  6267.91 1.0231e-15   6633.64 1 
  6270.51 1.0694e-15   6636.39 1 
  6273.10 1.0509e-15   6639.14 1 
  6275.70 1.2466e-15   6641.89 1 
  6278.30 1.3842e-15   6644.64 1 
  6280.90 1.2088e-15   6647.39 1 
  6283.50 1.0924e-15   6650.14 1 
  6286.10 1.2950e-15   6652.89 1 
  6288.69 1.1608e-15   6655.64 1 
  6291.29 1.2011e-15   6658.39 1 
  6293.89 1.2176e-15   6661.14 1 
  6296.49 1.4431e-15   6663.89 1 
  6299.09 1.3248e-15   6666.64 1 
  6301.69 1.3686e-15   6669.39 1 
  6304.29 1.3734e-15   6672.14 1 
  6306.88 1.4693e-15   6674.89 1 
  6309.48 1.2090e-15   6677.64 1 
  6312.08 9.0360e-16   6680.39 1 
  6314.68 1.0609e-15   6683.14 1 
  6317.28 1.0269e-15   6685.89 1 
  6319.88 1.1174e-15   6688.64 1 
  6322.47 1.1087e-15   6691.39 1 
  6325.07 1.1450e-15   6694.14 1 
  6327.67 1.2835e-15   6696.89 1 
  6330.27 1.4234e-15   6699.64 1 
  6332.87 1.4003e-15   6702.39 1 
  6335.47 1.3412e-15   6705.14 1 
  6338.06 1.1754e-15   6707.89 1 
  6340.66 1.2609e-15   6710.64 1 
  6343.26 1.2480e-15   6713.39 1 
  6345.86 1.1827e-15   6716.14 1 
  6348.46 1.1955e-15   6718.89 1 
  6351.06 1.0329e-15   6721.64 1 
  6353.65 1.1076e-15   6724.39 1 
  6356.25 9.3963e-16   6727.14 1 
  6358.85 1.0458e-15   6729.89 1 
  6361.45 1.3080e-15   6732.64 1 
  6364.05 1.2363e-15   6735.39 1 
  6366.65 1.0383e-15   6738.14 1 
  6369.24 1.0080e-15   6740.89 1 
  6371.84 1.0351e-15   6743.64 1 
  6374.44 9.6109e-16   6746.39 1 
  6377.04 1.0703e-15   6749.14 1 
  6379.64 1.1501e-15   6751.89 1 
  6382.24 1.2074e-15   6754.64 1 
  6384.84 1.0123e-15   6757.39 1 
  6387.43 8.8325e-16   6760.14 1 
  6390.03 7.3423e-16   6762.89 1 
  6392.63 1.2099e-15   6765.64 1 
  6395.23 1.2688e-15   6768.39 1 
  6397.83 1.1281e-15   6771.14 1 
  6400.43 1.2141e-15   6773.89 1 
  6403.02 1.3553e-15   6776.64 1 
  6405.62 9.8371e-16   6779.39 1 
  6408.22 1.2844e-15   6782.14 1 
  6410.82 1.0487e-15   6784.89 1 
  6413.42 1.2505e-15   6787.64 1 
  6416.02 1.0466e-15   6790.39 1 
  6418.61 1.1311e-15   6793.14 1 
  6421.21 8.3031e-16   6795.89 1 
  6423.81 1.0350e-15   6798.64 1 
  6426.41 1.1578e-15   6801.39 1 
  6429.01 8.9655e-16   6804.14 1 
  6431.61 1.1253e-15   6806.89 1 
  6434.20 1.0998e-15   6809.64 1 
  6436.80 9.5174e-16   6812.39 1 
  6439.40 1.1180e-15   6815.14 1 
  6442.00 1.0587e-15   6817.89 1 
  6444.60 9.8188e-16   6820.64 1 
  6447.20 1.1681e-15   6823.39 1 
  6449.79 1.3725e-15   6826.14 1 
  6452.39 1.1025e-15   6828.89 1 
  6462.06 1.0297e-15   6839.12 0 
  6476.95 1.0513e-15   6854.88 0 
  6491.88 1.0442e-15   6870.68 0 
  6506.85 1.0042e-15   6886.52 0 
  6521.85 1.0324e-15   6902.40 0 
  6536.88 1.0444e-15   6918.31 0 
  6551.95 9.9520e-16   6934.26 0 
  6567.06 8.2784e-16   6950.24 0 
  6582.19 9.5936e-16   6966.26 0 
  6597.37 1.0281e-15   6982.33 0 
  6612.58 1.0094e-15   6998.42 0 
  6627.82 1.0330e-15   7014.55 0 
  6643.10 1.0119e-15   7030.72 0 
  6658.41 1.0143e-15   7046.93 0 
  6673.76 9.9356e-16   7063.18 0 
  6689.14 9.9593e-16   7079.46 0 
  6704.57 9.8009e-16   7095.78 0 
  6720.02 9.8017e-16   7112.14 0 
  6735.51 9.8704e-16   7128.53 0 
  6751.04 9.7583e-16   7144.96 0 
  6766.60 9.9405e-16   7161.43 0 
  6782.20 9.9872e-16   7177.94 0 
  6797.84 9.7832e-16   7194.49 0 
  6813.51 9.8066e-16   7211.08 0 
  6829.21 9.8981e-16   7227.70 0 
  6844.95 9.7183e-16   7244.36 0 
  6860.74 9.6745e-16   7261.06 0 
  6876.55 9.6753e-16   7277.80 0 
  6892.40 9.4341e-16   7294.57 0 
  6908.29 9.6103e-16   7311.39 0 
  6924.22 9.5890e-16   7328.25 0 
  6940.18 9.8132e-16   7345.14 0 
  6956.18 9.9277e-16   7362.07 0 
  6972.21 9.8602e-16   7379.04 0 
  6988.29 9.7481e-16   7396.05 0 
  7004.39 9.7940e-16   7413.10 0 
  7020.54 9.7274e-16   7430.19 0 
  7036.73 9.7957e-16   7447.32 0 
  7052.95 1.0025e-15   7464.49 0 
  7069.21 9.4213e-16   7481.70 0 
  7085.50 9.6861e-16   7498.94 0 
  7101.84 9.1872e-16   7516.23 0 
  7118.21 9.0620e-16   7533.56 0 
  7134.62 8.9590e-16   7550.92 0 
  7151.06 9.0845e-16   7568.33 0 
  7167.55 9.1062e-16   7585.78 0 
  7184.07 8.9202e-16   7603.26 0 
  7200.63 8.7179e-16   7620.79 0 
  7217.23 8.9630e-16   7638.36 0 
  7233.87 9.3216e-16   7655.97 0 
  7250.55 9.0893e-16   7673.61 0 
  7267.26 9.2804e-16   7691.30 0 
  7284.01 9.1962e-16   7709.04 0 
  7300.80 9.1127e-16   7726.81 0 
  7317.63 9.2616e-16   7744.62 0 
  7334.50 9.4346e-16   7762.47 0 
  7351.41 9.5228e-16   7780.37 0 
  7368.36 9.5236e-16   7798.30 0 
  7385.34 9.7913e-16   7816.28 0 
  7402.37 9.6356e-16   7834.30 0 
  7419.43 9.5482e-16   7852.36 0 
  7436.53 9.8166e-16   7870.46 0 
  7453.68 9.4841e-16   7888.60 0 
  7470.86 9.4414e-16   7906.79 0 
  7488.08 9.6622e-16   7925.01 0 
  7505.35 9.6409e-16   7943.28 0 
  7522.65 9.7310e-16   7961.59 0 
  7539.99 9.7095e-16   7979.95 0 
  7557.37 9.8229e-16   7998.34 0 
  7574.79 9.6667e-16   8016.78 0 
  7592.25 9.6232e-16   8035.26 0 
  7609.75 9.4702e-16   8053.78 0 
  7627.30 9.1918e-16   8072.35 0 
  7644.88 9.2777e-16   8090.96 0 
  7662.50 9.2786e-16   8109.61 0 
  7680.17 9.0265e-16   8128.31 0 
  7697.87 9.0482e-16   8147.04 0 
  7715.62 8.9868e-16   8165.82 0 
  7733.41 8.9257e-16   8184.65 0 
  7751.23 8.8856e-16   8203.52 0 
  7769.10 8.9274e-16   8222.43 0 
  7787.01 8.7452e-16   8241.38 0 
  7804.96 8.8066e-16   8260.38 0 
  7822.95 9.0960e-16   8279.42 0 
  7840.98 8.7075e-16   8298.51 0 
  7859.06 8.9112e-16   8317.64 0 
  7877.18 8.9738e-16   8336.81 0 
  7895.34 9.0577e-16   8356.03 0 
  7913.54 8.9137e-16   8375.29 0 
  7931.78 8.7117e-16   8394.60 0 
  7950.06 8.5930e-16   8413.95 0 
  7968.39 8.7738e-16   8433.35 0 
  7986.76 8.7746e-16   8452.79 0 
  8005.17 8.6750e-16   8472.27 0 
  8023.62 9.0222e-16   8491.80 0 
  8042.12 9.1066e-16   8511.38 0 
  8060.66 9.0656e-16   8531.00 0 
  8079.24 8.7185e-16   8550.67 0 
  8097.87 8.8203e-16   8570.38 0 
  8116.54 8.9439e-16   8590.14 0 
  8135.24 8.9861e-16   8609.94 0 
  8154.00 8.8637e-16   8629.79 0 
  8172.80 8.3687e-16   8649.68 0 
  8191.64 8.3695e-16   8669.62 0 
  8210.52 8.6845e-16   8689.60 0 
  8229.45 8.6255e-16   8709.64 0 
  8248.42 9.0330e-16   8729.71 0 
  8267.43 8.7071e-16   8749.84 0 
  8286.49 8.6282e-16   8770.01 0 
  8305.59 8.6689e-16   8790.23 0 
  8324.74 8.7701e-16   8810.49 0 
  8343.93 8.4928e-16   8830.80 0 
  8363.17 8.7115e-16   8851.16 0 
  8382.44 8.6524e-16   8871.56 0 
  8401.77 8.7737e-16   8892.01 0 
  8421.14 8.4378e-16   8912.51 0 
  8440.55 8.8363e-16   8933.05 0 
  8460.00 8.4980e-16   8953.65 0 
  8479.51 8.2103e-16   8974.29 0 
  8499.06 8.6180e-16   8994.98 0 
  8518.65 8.5202e-16   9015.71 0 
  8538.29 8.4236e-16   9036.50 0 
  8557.97 7.8803e-16   9057.33 0 
  8577.70 8.5425e-16   9078.20 0 
  8597.47 8.4068e-16   9099.13 0 
  8617.29 8.3498e-16   9120.11 0 
  8637.15 8.5060e-16   9141.13 0 
  8657.06 8.0867e-16   9162.20 0 
  8677.02 7.6880e-16   9183.33 0 
  8697.02 7.6183e-16   9204.50 0 
  8717.07 8.3542e-16   9225.71 0 
  8737.17 8.2785e-16   9246.98 0 
  8757.31 7.9433e-16   9268.30 0 
  8777.50 8.3185e-16   9289.66 0 
  8797.73 8.4936e-16   9311.08 0 
  8818.01 7.7828e-16   9332.54 0 
  8838.34 8.3982e-16   9354.06 0 
  8858.71 8.2458e-16   9375.62 0 
  8879.14 7.6962e-16   9397.23 0 
  8899.60 8.0598e-16   9418.90 0 
  8920.12 8.1353e-16   9440.61 0 
  8940.68 8.0802e-16   9462.37 0 
  8961.29 8.1183e-16   9484.18 0 
  8981.95 7.7182e-16   9506.05 0 
  9002.66 7.4914e-16   9527.96 0 
  9023.41 7.1385e-16   9549.93 0 
  9044.21 8.3880e-16   9571.94 0 
  9065.06 8.5646e-16   9594.01 0 
  9085.96 8.3321e-16   9616.12 0 
  9106.90 8.1809e-16   9638.29 0 
  9127.89 7.3088e-16   9660.51 0 
  9148.94 7.9231e-16   9682.78 0 
  9170.03 8.0899e-16   9705.10 0 
  9191.17 8.0351e-16   9727.47 0 
  9212.36 8.0546e-16   9749.90 0 
  9233.59 7.5525e-16   9772.37 0 
  9254.88 7.6057e-16   9794.90 0 
  9276.21 8.3596e-16   9817.48 0 
  9297.60 7.5725e-16   9840.11 0 
  9319.03 8.0963e-16   9862.79 0 
  9340.51 8.1159e-16   9885.53 0 
  9362.04 7.9870e-16   9908.32 0 
  9383.63 8.0990e-16   9931.16 0 
  9405.26 7.9156e-16   9954.05 0 
  9426.94 8.1758e-16   9977.00 0 
  9448.67 8.0646e-16  10000.00 0 
  9470.45 8.2534e-16  10023.05 0 
  9492.28 8.2543e-16  10046.15 0 
  9514.16 7.9934e-16  10069.31 0 
  9536.10 7.9943e-16  10092.53 0 
  9558.08 7.6178e-16  10115.80 0 
  9580.12 7.9778e-16  10139.12 0 
  9602.20 8.0897e-16  10162.49 0 
  9624.33 8.1280e-16  10185.91 0 
  9646.52 8.0544e-16  10209.39 0 
  9668.76 8.0368e-16  10232.94 0 
  9691.05 8.1308e-16  10256.52 0 
  9713.39 7.9834e-16  10280.17 0 
  9735.78 7.8929e-16  10303.86 0 
  9758.22 7.8576e-16  10327.61 0 
  9780.71 7.8948e-16  10351.42 0 
  9803.26 7.9871e-16  10375.28 0 
  9825.87 7.8967e-16  10399.21 0 
  9848.52 7.9341e-16  10423.18 0 
  9871.22 7.8985e-16  10447.20 0 
  9893.97 7.8813e-16  10471.29 0 
  9916.78 7.8641e-16  10495.42 0 
  9939.64 7.9379e-16  10519.62 0 
  9962.55 7.9754e-16  10543.86 0 
  9985.52 7.9398e-16  10568.18 0 
 10031.61 7.9417e-16  10616.96 0 
 10077.91 7.7986e-16  10665.96 0 
 10124.44 8.1113e-16  10715.20 0 
 10171.17 8.0740e-16  10764.65 0 
 10218.11 8.2052e-16  10814.34 0 
 10265.27 8.2812e-16  10864.25 0 
 10288.95 8.2812e-16  10889.31 0 
 10504.39 7.9450e-16  11117.32 0 
 10699.67 7.5178e-16  11324.00 0 
 10898.59 7.2961e-16  11534.53 0 
 11101.22 6.8091e-16  11748.98 0 
 11307.61 6.8563e-16  11967.41 0 
 11491.34 6.9357e-16  12161.86 0 
 11704.98 6.7935e-16  12387.96 0 
 11895.17 6.3400e-16  12589.25 0 
 12088.45 6.3840e-16  12793.81 0 
 12313.19 6.3400e-16  13031.66 0 
 12513.27 6.0826e-16  13243.42 0 
 12687.34 5.9579e-16  13427.64 0 
 12893.50 5.8626e-16  13645.84 0 
 13103.00 5.7689e-16  13867.56 0 
 13285.27 5.5602e-16  14060.47 0 
 13501.15 5.3962e-16  14288.95 0 
 13688.96 5.2856e-16  14487.71 0 
 13911.40 5.0245e-16  14723.13 0 
 14104.91 4.6999e-16  14927.94 0 
 14301.14 4.6568e-16  15135.61 0 
 14500.09 4.7108e-16  15346.17 0 
 14701.80 4.5195e-16  15559.65 0 
 14906.33 4.6354e-16  15776.11 0 
 15113.70 4.6999e-16  15995.58 0 
 15288.71 4.8205e-16  16180.80 0 
 15501.40 4.7763e-16  16405.90 0 
 15717.05 4.6461e-16  16634.13 0 
 15899.03 4.4370e-16  16826.73 0 
 16083.13 4.4065e-16  17021.58 0 
 16306.87 4.4065e-16  17258.38 0 
 16495.70 4.3761e-16  17458.23 0 
 16686.72 4.4268e-16  17660.39 0 
 16918.83 4.4268e-16  17906.05 0 
 17114.75 4.4065e-16  18113.40 0 
 17312.93 4.2569e-16  18323.14 0 
 17513.41 4.1313e-16  18535.32 0 
 17716.20 3.9273e-16  18749.94 0 
 17880.13 3.7333e-16  18923.43 0 
 18087.18 3.5083e-16  19142.56 0 
 18296.62 3.4126e-16  19364.23 0 
 18508.47 3.2892e-16  19588.44 0 
 18679.73 3.1052e-16  19769.70 0 
 18896.04 3.0485e-16  19998.62 0 
 19114.85 3.0275e-16  20230.20 0 
 19291.71 2.9586e-16  20417.38 0 
 19515.10 2.8516e-16  20653.80 0 
 19695.66 2.7421e-16  20844.90 0 
 19877.91 2.7017e-16  21037.78 0 
 20108.09 2.9216e-16  21281.39 0 
 20294.13 3.0510e-16  21478.29 0 
 20481.92 3.2479e-16  21677.04 0 
 20719.09 3.4494e-16  21928.05 0 
 20910.79 3.6041e-16  22130.94 0 
 21104.29 3.7730e-16  22335.72 0 
 21299.57 3.9224e-16  22542.40 0 
 21496.64 4.0594e-16  22750.97 0 
 21695.55 4.1448e-16  22961.49 0 
 21896.29 4.2831e-16  23173.93 0 
 22098.90 4.3681e-16  23388.37 0 
 22303.39 4.4478e-16  23604.79 0 
 22509.74 4.5434e-16  23823.19 0 
 22718.03 4.6136e-16  24043.63 0 
 22875.50 4.2848e-16  24210.28 0 
 23087.17 4.4124e-16  24434.31 0 
 23300.80 4.0452e-16  24660.40 0 
 23516.39 3.9244e-16  24888.57 0 
 23679.41 4.0772e-16  25061.10 0 
 23898.50 3.9126e-16  25292.97 0 
 24119.64 3.8744e-16  25527.02 0 
 24161.76 4.6627e-16  25571.60 2 
 24253.22 4.2457e-16  25668.40 2 
 24344.59 4.1125e-16  25765.10 2 
 24436.06 4.0994e-16  25861.90 2 
 24527.52 4.3341e-16  25958.70 2 
 24618.89 4.2127e-16  26055.40 2 
 24710.35 4.0553e-16  26152.20 2 
 24801.72 3.9127e-16  26248.90 2 
 24893.18 4.0937e-16  26345.70 2 
 24984.65 4.1884e-16  26442.50 2 
 25076.01 4.2208e-16  26539.20 2 
 25167.48 4.3681e-16  26636.00 2 
 25258.94 4.5855e-16  26732.80 2 
 25350.31 4.7033e-16  26829.50 2 
 25441.77 4.5192e-16  26926.30 2 
 25533.14 4.4721e-16  27023.00 2 
 25624.61 4.6858e-16  27119.80 2 
 25716.07 4.8517e-16  27216.60 2 
 25807.43 4.9047e-16  27313.30 2 
 25898.90 4.9470e-16  27410.10 2 
 25990.36 5.1982e-16  27506.90 2 
 26081.73 5.4111e-16  27603.60 2 
 26173.19 5.3763e-16  27700.40 2 
 26264.56 5.3853e-16  27797.10 2 
 26356.03 5.4719e-16  27893.90 2 
 26447.49 5.5972e-16  27990.70 2 
 26538.86 5.5901e-16  28087.40 2 
 26630.32 5.4892e-16  28184.20 2 
 26721.78 5.5353e-16  28281.00 2 
 26813.15 5.5037e-16  28377.70 2 
 26904.62 5.5663e-16  28474.50 2 
 26995.99 5.5861e-16  28571.20 2 
 27087.45 5.8079e-16  28668.00 2 
 27178.91 5.8524e-16  28764.80 2 
 27270.28 5.7377e-16  28861.50 2 
 27361.74 5.7233e-16  28958.30 2 
 27453.21 5.8594e-16  29055.10 2 
 27544.57 5.9036e-16  29151.80 2 
 27636.04 5.8578e-16  29248.60 2 
 27727.41 5.8653e-16  29345.30 2 
 27818.87 6.0335e-16  29442.10 2 
 27910.33 5.9127e-16  29538.90 2 
 28001.70 5.6304e-16  29635.60 2 
 28093.16 5.5497e-16  29732.40 2 
 28184.63 5.4840e-16  29829.20 2 
 28276.00 5.6340e-16  29925.90 2 
 28367.46 5.6767e-16  30022.70 2 
 28458.83 5.7656e-16  30119.40 2 
 28550.29 5.7830e-16  30216.20 2 
 28641.75 5.6875e-16  30313.00 2 
 28733.12 5.6133e-16  30409.70 2 
 28824.58 5.5105e-16  30506.50 2 
 28916.05 5.4569e-16  30603.30 2 
 29007.42 5.4236e-16  30700.00 2 
 29098.88 5.3132e-16  30796.80 2 
 29190.25 5.4536e-16  30893.50 2 
 29281.71 5.5658e-16  30990.30 2 
 29373.17 5.5978e-16  31087.10 2 
 29464.54 5.3915e-16  31183.80 2 
 29556.01 5.3038e-16  31280.60 2 
 29647.47 5.5236e-16  31377.40 2 
 29738.84 5.8261e-16  31474.10 2 
 29830.30 5.8545e-16  31570.90 2 
 29921.67 5.7631e-16  31667.60 2 
 30013.13 5.5894e-16  31764.40 2 
 30104.60 5.5631e-16  31861.20 2 
 30195.97 5.5740e-16  31957.90 2 
 30287.43 5.6089e-16  32054.70 2 
 30378.89 5.6737e-16  32151.50 2 
 30470.26 5.7567e-16  32248.20 2 
 30561.72 5.9973e-16  32345.00 2 
 30653.09 6.3197e-16  32441.70 2 
 30744.56 6.5621e-16  32538.50 2 
 30836.02 6.7281e-16  32635.30 2 
 30927.39 6.8376e-16  32732.00 2 
 31018.85 6.8522e-16  32828.80 2 
 31110.31 7.0777e-16  32925.60 2 
 31201.68 7.1660e-16  33022.30 2 
 31293.14 7.3660e-16  33119.10 2 
 31384.51 7.2648e-16  33215.80 2 
 31475.98 7.6124e-16  33312.60 2 
 31567.44 7.8033e-16  33409.40 2 
 31658.81 7.7590e-16  33506.10 2 
 31750.27 7.7217e-16  33602.90 2 
 31841.73 8.0112e-16  33699.70 2 
 31933.11 8.1594e-16  33796.40 2 
 32024.57 8.1440e-16  33893.20 2 
 32115.93 8.3266e-16  33989.90 2 
 32207.40 9.0943e-16  34086.70 2 
 32298.86 9.0070e-16  34183.50 2 
 32390.23 8.4677e-16  34280.20 2 
 32481.69 7.8087e-16  34377.00 2 
 32573.16 8.0668e-16  34473.80 2 
 32664.52 8.5478e-16  34570.50 2 
 32755.99 8.7751e-16  34667.30 2 
 32847.36 8.9219e-16  34764.00 2 
 32938.82 9.1391e-16  34860.80 2 
 33030.28 9.1408e-16  34957.60 2 
 33121.65 8.7063e-16  35054.30 2 
 33213.12 8.0637e-16  35151.10 2 
 33304.58 7.7318e-16  35247.90 2 
 33395.95 7.3331e-16  35344.60 2 
 33487.41 6.6261e-16  35441.40 2 
 33578.78 5.9476e-16  35538.10 2 
 33670.24 5.7142e-16  35634.90 2 
 33761.70 5.4202e-16  35731.70 2 
 33853.07 5.1665e-16  35828.40 2 
 33944.54 4.8297e-16  35925.20 2 
 34036.00 4.9578e-16  36022.00 2 
 34127.37 5.1263e-16  36118.70 2 
 34218.83 5.4323e-16  36215.50 2 
 34310.20 5.9869e-16  36312.20 2 
 34401.66 6.5351e-16  36409.00 2 
 34493.13 6.7781e-16  36505.80 2 
 34584.49 6.5883e-16  36602.50 2 
 34675.96 6.7891e-16  36699.30 2 
 34767.42 7.1848e-16  36796.10 2 
 34858.79 7.6814e-16  36892.80 2 
 34950.25 8.1206e-16  36989.60 2 
 35041.62 8.9107e-16  37086.30 2 
 35133.09 9.5594e-16  37183.10 2 
 35224.55 9.7685e-16  37279.90 2 
 35315.91 9.8087e-16  37376.60 2 
 35407.38 1.0111e-15  37473.40 2 
 35498.84 1.0750e-15  37570.20 2 
 35590.21 1.1033e-15  37666.90 2 
 35681.67 1.1128e-15  37763.70 2 
 35773.05 1.1238e-15  37860.40 2 
 35864.51 1.1624e-15  37957.20 2 
 35955.97 1.1825e-15  38054.00 2 
 36047.34 1.1732e-15  38150.70 2 
 36138.80 1.1722e-15  38247.50 2 
 36230.26 1.1875e-15  38344.30 2 
 36321.63 1.2302e-15  38441.00 2 
 36413.10 1.2544e-15  38537.80 2 
 36504.46 1.2679e-15  38634.50 2 
 36595.93 1.2685e-15  38731.30 2 
 36687.39 1.2660e-15  38828.10 2 
 36778.76 1.2652e-15  38924.80 2 
 36870.22 1.2695e-15  39021.60 2 
 36961.68 1.2751e-15  39118.40 2 
 37053.06 1.3051e-15  39215.10 2 
 37144.52 1.3062e-15  39311.90 2 
 37235.89 1.3048e-15  39408.60 2 
 37327.35 1.3539e-15  39505.40 2 
 37418.81 1.3756e-15  39602.20 2 
 37510.18 1.3856e-15  39698.90 2 
 37601.64 1.3641e-15  39795.70 2 
 37693.11 1.3654e-15  39892.50 2 
 37784.48 1.3665e-15  39989.20 2 
 37875.94 1.3366e-15  40086.00 2 
 37967.31 1.3404e-15  40182.70 2 
 38058.77 1.3858e-15  40279.50 2 
 38150.23 1.4328e-15  40376.30 2 
 38241.60 1.4276e-15  40473.00 2 
 38333.07 1.4188e-15  40569.80 2 
 38424.53 1.4271e-15  40666.60 2 
 38515.90 1.4326e-15  40763.30 2 
 38607.36 1.4420e-15  40860.10 2 
 38698.73 1.4965e-15  40956.80 2 
 38790.19 1.5761e-15  41053.60 2 
 38881.65 1.5811e-15  41150.40 2 
 38973.03 1.5430e-15  41247.10 2 
 39064.49 1.5137e-15  41343.90 2 
 39155.95 1.5420e-15  41440.70 2 
 39247.32 1.5623e-15  41537.40 2 
 39338.79 1.5842e-15  41634.20 2 
 39430.15 1.5928e-15  41730.90 2 
 39521.61 1.5773e-15  41827.70 2 
 39613.08 1.5459e-15  41924.50 2 
 39704.44 1.5253e-15  42021.20 2 
 39795.91 1.5343e-15  42118.00 2 
 39887.37 1.5642e-15  42214.80 2 
 39978.74 1.5716e-15  42311.50 2 
 40070.20 1.5594e-15  42408.30 2 
 40161.58 1.5667e-15  42505.00 2 
 40253.04 1.6019e-15  42601.80 2 
 40344.50 1.6067e-15  42698.60 2 
 40435.87 1.5946e-15  42795.30 2 
 40527.33 1.5923e-15  42892.10 2 
 40618.80 1.6298e-15  42988.90 2 
 40710.16 1.6668e-15  43085.60 2 
 40801.63 1.6662e-15  43182.40 2 
 40892.99 1.6891e-15  43279.10 2 
 40984.46 1.7098e-15  43375.90 2 
 41075.92 1.7225e-15  43472.70 2 
 41167.29 1.7240e-15  43569.40 2 
 41258.75 1.7362e-15  43666.20 2 
 41350.21 1.7589e-15  43763.00 2 
 41441.58 1.7967e-15  43859.70 2 
 41533.05 1.8003e-15  43956.50 2 
 41624.42 1.8000e-15  44053.20 2 
 41715.88 1.7846e-15  44150.00 2 
 41807.34 1.7762e-15  44246.80 2 
 41898.71 1.7624e-15  44343.50 2 
 41990.17 1.7454e-15  44440.30 2 
 42081.64 1.6978e-15  44537.10 2 
 42173.00 1.6778e-15  44633.80 2 
 42264.47 1.6127e-15  44730.60 2 
 42355.84 1.5984e-15  44827.30 2 
 42447.30 1.5747e-15  44924.10 2 
 42538.76 1.6157e-15  45020.90 2 
 42630.13 1.6599e-15  45117.60 2 
 42721.59 1.7366e-15  45214.40 2 
 42813.06 1.8103e-15  45311.20 2 
 42904.43 1.8499e-15  45407.90 2 
 42995.89 1.8632e-15  45504.70 2 
 43087.26 1.8346e-15  45601.40 2 
 43178.72 1.8416e-15  45698.20 2 
 43270.19 1.8276e-15  45795.00 2 
 43361.55 1.8460e-15  45891.70 2 
 43453.01 1.8592e-15  45988.50 2 
 43544.48 1.8493e-15  46085.30 2 
 43635.85 1.7949e-15  46182.00 2 
 43727.31 1.7553e-15  46278.80 2 
 43818.68 1.7851e-15  46375.50 2 
 43910.14 1.8365e-15  46472.30 2 
 44001.60 1.8493e-15  46569.10 2 
 44092.98 1.8166e-15  46665.80 2 
 44184.44 1.8164e-15  46762.60 2 
 44275.90 1.8059e-15  46859.40 2 
 44367.27 1.7861e-15  46956.10 2 
 44458.73 1.7245e-15  47052.90 2 
 44550.10 1.6623e-15  47149.60 2 
 44641.56 1.6342e-15  47246.40 2 
 44733.03 1.5858e-15  47343.20 2 
 44824.39 1.5596e-15  47439.90 2 
 44915.86 1.4940e-15  47536.70 2 
 45007.32 1.4319e-15  47633.50 2 
 45098.69 1.3611e-15  47730.20 2 
 45190.15 1.3196e-15  47827.00 2 
 45281.52 1.2852e-15  47923.70 2 
 45372.99 1.2738e-15  48020.50 2 
 45464.45 1.2164e-15  48117.30 2 
 45555.82 1.1748e-15  48214.00 2 
 45647.28 1.1182e-15  48310.80 2 
 45738.75 1.1086e-15  48407.60 2 
 45830.11 1.1191e-15  48504.30 2 
 45921.57 1.1368e-15  48601.10 2 
 46012.95 1.1973e-15  48697.80 2 
 46104.41 1.2192e-15  48794.60 2 
 46195.87 1.2732e-15  48891.40 2 
 46287.24 1.3082e-15  48988.10 2 
 46378.70 1.3758e-15  49084.90 2 
 46470.17 1.4079e-15  49181.70 2 
 46561.54 1.3980e-15  49278.40 2 
 46653.00 1.3452e-15  49375.20 2 
 46745.31 1.2775e-15  49472.90 2 
 47212.76 1.3870e-15  49967.63 0 
 47684.89 1.4976e-15  50467.30 0 
 48161.74 1.6093e-15  50971.98 0 
 48643.36 1.7222e-15  51481.70 0 
 49129.79 1.8361e-15  51996.51 0 
 49296.07 1.8751e-15  52172.50 3 
 49581.80 1.9873e-15  52474.90 3 
 49867.53 1.9929e-15  52777.30 3 
 50153.26 2.0111e-15  53079.70 3 
 50438.99 2.0339e-15  53382.10 3 
 50724.81 2.0712e-15  53684.60 3 
 51010.54 2.0963e-15  53987.00 3 
 51296.26 2.1236e-15  54289.40 3 
 51581.99 2.1510e-15  54591.80 3 
 51867.72 2.1834e-15  54894.20 3 
 52153.54 2.2161e-15  55196.70 3 
 52439.27 2.2564e-15  55499.10 3 
 52725.00 2.2604e-15  55801.50 3 
 53010.73 2.2708e-15  56103.90 3 
 53296.45 2.3069e-15  56406.30 3 
 53582.27 2.3047e-15  56708.80 3 
 53868.00 2.3096e-15  57011.20 3 
 54153.73 2.3138e-15  57313.60 3 
 54439.46 2.3342e-15  57616.00 3 
 54725.19 2.3466e-15  57918.40 3 
 55011.01 2.3791e-15  58220.90 3 
 55296.74 2.3920e-15  58523.30 3 
 55582.46 2.3946e-15  58825.70 3 
 55868.19 2.4080e-15  59128.10 3 
 56153.92 2.4081e-15  59430.50 3 
 56439.74 2.4050e-15  59733.00 3 
 56725.47 2.4206e-15  60035.40 3 
 57011.20 2.4141e-15  60337.80 3 
 57296.93 2.3752e-15  60640.20 3 
 57582.65 2.3588e-15  60942.60 3 
 57868.47 2.3274e-15  61245.10 3 
 58154.20 2.2984e-15  61547.50 3 
 58439.93 2.2664e-15  61849.90 3 
 58725.66 2.2248e-15  62152.30 3 
 59011.38 2.2425e-15  62454.70 3 
 59297.21 2.2419e-15  62757.20 3 
 59582.94 2.2392e-15  63059.60 3 
 59868.67 2.2131e-15  63362.00 3 
 60154.39 2.1767e-15  63664.40 3 
 60440.12 2.1209e-15  63966.80 3 
 60725.94 2.1248e-15  64269.30 3 
 61011.67 2.1207e-15  64571.70 3 
 61297.40 2.0852e-15  64874.10 3 
 61583.12 2.0409e-15  65176.50 3 
 61868.85 2.0366e-15  65478.90 3 
 62154.67 2.1168e-15  65781.40 3 
 62440.40 2.1641e-15  66083.80 3 
 62726.13 2.1696e-15  66386.20 3 
 63011.86 2.1747e-15  66688.60 3 
 63297.59 2.1459e-15  66991.00 3 
 63583.41 2.1506e-15  67293.50 3 
 63869.13 2.1632e-15  67595.90 3 
 64154.87 2.1603e-15  67898.30 3 
 64440.59 2.1988e-15  68200.70 3 
 64726.32 2.1905e-15  68503.10 3 
 65012.14 2.2118e-15  68805.60 3 
 65297.87 2.2407e-15  69108.00 3 
 65583.60 2.2480e-15  69410.40 3 
 65869.33 2.2637e-15  69712.80 3 
 66155.06 2.2808e-15  70015.20 3 
 66440.88 2.3009e-15  70317.70 3 
 66726.60 2.3204e-15  70620.10 3 
 67012.33 2.3059e-15  70922.50 3 
 67298.06 2.2671e-15  71224.90 3 
 67583.78 2.2078e-15  71527.30 3 
 67869.61 2.0932e-15  71829.80 3 
 68155.34 1.9642e-15  72132.20 3 
 68441.07 1.8858e-15  72434.60 3 
 68726.79 1.8924e-15  72737.00 3 
 69012.52 1.9525e-15  73039.40 3 
 69298.34 2.0136e-15  73341.90 3 
 69584.07 2.0894e-15  73644.30 3 
 69869.80 2.1747e-15  73946.70 3 
 70155.53 2.2200e-15  74249.10 3 
 70441.25 2.4931e-15  74551.50 3 
 70727.08 2.2997e-15  74854.00 3 
 71012.80 2.3230e-15  75156.40 3 
 71298.53 2.3236e-15  75458.80 3 
 71584.25 2.2797e-15  75761.20 3 
 72155.71 2.2212e-15  76366.00 3 
 72727.26 2.1744e-15  76970.90 3 
 73298.72 2.2872e-15  77575.70 3 
 73870.18 2.4102e-15  78180.50 3 
 74441.72 2.4594e-15  78785.40 3 
 75013.18 2.4969e-15  79390.20 3 
 75584.73 2.5122e-15  79995.10 3 
 76156.19 2.5188e-15  80599.90 3 
 76727.65 2.5272e-15  81204.70 3 
 77299.19 2.5304e-15  81809.59 3 
 77870.65 2.5361e-15  82414.40 3 
 78442.11 2.4962e-15  83019.20 3 
 79013.65 2.4689e-15  83624.09 3 
 79585.11 2.4200e-15  84228.90 3 
 80156.56 2.3698e-15  84833.70 3 
 80728.12 2.2789e-15  85438.60 3 
 81299.57 2.1704e-15  86043.40 3 
 81871.12 2.0493e-15  86648.30 3 
 82442.58 1.9159e-15  87253.10 3 
 83014.04 1.7823e-15  87857.91 3 
 83585.59 1.6462e-15  88462.80 3 
 84157.04 1.5101e-15  89067.60 3 
 84728.50 1.3764e-15  89672.41 3 
 85300.04 1.2498e-15  90277.30 3 
 85871.50 1.1252e-15  90882.10 3 
 86442.95 1.0037e-15  91486.90 3 
 87014.50 8.7482e-16  92091.80 3 
 87585.96 7.5210e-16  92696.60 3 
 88157.51 6.3463e-16  93301.50 3 
 88728.96 5.2539e-16  93906.30 3 
 89300.42 4.3126e-16  94511.10 3 
 89871.96 3.4960e-16  95115.99 3 
 90443.42 2.7645e-16  95720.80 3 
 91014.88 2.1955e-16  96325.60 3 
 91586.43 1.7584e-16  96930.50 3 
 92157.88 1.4109e-16  97535.30 3 
 92729.34 1.1426e-16  98140.09 3 
 93300.89 9.2290e-17  98745.00 3 
 93872.35 7.8778e-17  99349.80 3 
 94443.90 6.7139e-17  99954.70 3 
 95015.35 5.7437e-17 100559.50 3 
 95586.81 5.1285e-17 101164.30 3 
 96158.36 4.9044e-17 101769.20 3 
 96729.82 4.5734e-17 102374.00 3 
 97301.28 3.9294e-17 102978.80 3 
 97872.82 3.7534e-17 103583.70 3 
 98444.28 3.7409e-17 104188.50 3 
 99015.73 3.5891e-17 104793.30 3 
 99587.28 3.7870e-17 105398.20 3 
100158.74 4.1405e-17 106003.00 3 
100730.29 4.3414e-17 106607.91 3 
101301.74 4.5354e-17 107212.70 3 
101873.20 4.9084e-17 107817.50 3 
102444.75 5.2706e-17 108422.41 3 
103016.21 5.6267e-17 109027.20 3 
103587.66 6.0843e-17 109632.00 3 
104159.21 6.3793e-17 110236.90 3 
104730.67 6.8889e-17 110841.70 3 
105302.13 7.2744e-17 111446.51 3 
105873.67 7.6538e-17 112051.40 3 
106445.13 7.9434e-17 112656.20 3 
107016.68 8.1605e-17 113261.10 3 
107588.13 8.2665e-17 113865.90 3 
108159.59 8.7148e-17 114470.70 3 
108731.14 9.0648e-17 115075.60 3 
109302.59 9.8385e-17 115680.40 3 
109874.05 1.1006e-16 116285.20 3 
110445.59 1.2215e-16 116890.09 3 
111017.05 1.3811e-16 117494.90 3 
111588.51 1.6565e-16 118099.70 3 
112160.05 1.9727e-16 118704.59 3 
112731.51 2.2249e-16 119309.40 3 
113303.07 2.4192e-16 119914.30 3 
113874.52 2.6159e-16 120519.10 3 
114445.98 2.8622e-16 121123.90 3 
115017.53 3.1179e-16 121728.80 3 
115588.98 3.3674e-16 122333.60 3 
116160.44 3.6240e-16 122938.41 3 
116731.99 3.8762e-16 123543.30 3 
117303.45 4.1547e-16 124148.10 3 
117874.91 4.4295e-16 124752.91 3 
118446.45 4.6796e-16 125357.80 3 
119017.91 5.0021e-16 125962.60 3 
119589.46 5.4412e-16 126567.50 3 
120160.91 5.9214e-16 127172.30 3 
120732.37 6.4672e-16 127777.10 3 
121303.92 7.0065e-16 128382.00 3 
121875.37 7.5321e-16 128986.80 3 
122446.83 8.0509e-16 129591.60 3 
123018.39 8.5838e-16 130196.51 3 
123589.83 9.0309e-16 130801.30 3 
124161.28 9.4477e-16 131406.09 3 
124732.84 9.8555e-16 132011.00 3 
125304.29 1.0229e-15 132615.80 3 
125875.74 1.0565e-15 133220.59 3 
126447.30 1.0876e-15 133825.50 3 
127018.75 1.1149e-15 134430.30 3 
127590.31 1.1457e-15 135035.20 3 
128161.76 1.1829e-15 135640.00 3 
128733.21 1.1700e-15 136244.80 3 
129304.77 1.1567e-15 136849.70 3 
129876.22 1.1577e-15 137454.50 3 
130447.68 1.1527e-15 138059.30 3 
131019.23 1.1435e-15 138664.20 3 
131590.68 1.1410e-15 139269.00 3 
132162.14 1.1401e-15 139873.80 3 
132733.69 1.1307e-15 140478.70 3 
133305.14 1.1252e-15 141083.50 3 
133876.70 1.1144e-15 141688.41 3 
134448.15 1.0855e-15 142293.20 3 
135019.61 1.0536e-15 142898.00 3 
135591.16 1.0050e-15 143502.91 3 
136162.61 9.4496e-16 144107.70 3 
136734.07 9.0469e-16 144712.50 3 
137737.13 1.0687e-15 145774.09 3 
138537.26 1.0710e-15 146620.91 3 
139337.37 1.0537e-15 147467.70 3 
140137.48 1.0358e-15 148314.50 3 
140937.50 1.0380e-15 149161.20 3 
141737.61 1.0341e-15 150008.00 3 
142537.72 1.0375e-15 150854.80 3 
143337.74 1.0370e-15 151701.50 3 
144137.85 1.0269e-15 152548.30 3 
144937.96 1.0123e-15 153395.09 3 
145737.99 9.9401e-16 154241.80 3 
146538.10 9.7673e-16 155088.59 3 
147338.22 9.6393e-16 155935.41 3 
148138.24 9.4627e-16 156782.11 3 
148938.35 9.3012e-16 157628.91 3 
149738.46 9.1819e-16 158475.70 3 
150538.47 8.9525e-16 159322.39 3 
151338.60 8.6529e-16 160169.20 3 
152138.71 8.3313e-16 161016.00 3 
152938.82 8.0441e-16 161862.80 3 
153738.84 7.7543e-16 162709.50 3 
154538.96 7.3603e-16 163556.31 3 
155339.06 7.1264e-16 164403.09 3 
156139.10 6.7662e-16 165249.81 3 
156939.19 6.4563e-16 166096.59 3 
157739.30 6.1497e-16 166943.39 3 
158539.34 5.8144e-16 167790.11 3 
159339.43 5.4919e-16 168636.89 3 
160139.56 5.1741e-16 169483.70 3 
160939.57 5.0125e-16 170330.39 3 
161739.69 4.9686e-16 171177.20 3 
162539.80 4.9258e-16 172024.00 3 
163339.81 4.9868e-16 172870.69 3 
164139.93 5.0047e-16 173717.50 3 
164940.05 5.0040e-16 174564.30 3 
165740.16 4.9691e-16 175411.09 3 
166540.18 5.0057e-16 176257.80 3 
167340.30 5.0039e-16 177104.61 3 
168140.40 4.9652e-16 177951.39 3 
168940.43 4.9441e-16 178798.11 3 
169740.55 5.0367e-16 179644.91 3 
170540.66 5.0136e-16 180491.70 3 
171340.68 4.9085e-16 181338.41 3 
172140.77 4.8776e-16 182185.19 3 
172940.90 4.8208e-16 183032.00 3 
173740.92 4.8272e-16 183878.70 3 
174541.03 4.7430e-16 184725.50 3 
175341.14 4.6765e-16 185572.30 3 
176141.15 4.6173e-16 186418.98 3 
176941.27 4.5429e-16 187265.80 3 
177741.40 4.5009e-16 188112.61 3 
178541.51 4.4402e-16 188959.41 3 
179341.52 4.3008e-16 189806.09 3 
180141.64 4.2303e-16 190652.91 3 
180941.74 4.1851e-16 191499.69 3 
181741.77 4.1200e-16 192346.41 3 
182541.88 4.1115e-16 193193.20 3 
183341.99 4.0482e-16 194040.00 3 
184142.02 4.0005e-16 194886.70 3 
184942.14 4.0807e-16 195733.52 3 
185742.24 4.1674e-16 196580.30 3 
186542.26 4.2409e-16 197427.00 3 
187342.37 4.2857e-16 198273.80 3 
188142.48 4.3642e-16 199120.59 3 
188942.52 4.4659e-16 199967.31 3 
189742.61 4.5490e-16 200814.09 3 
190542.74 4.6597e-16 201660.91 3 
191342.85 4.7968e-16 202507.70 3 
192142.86 4.8715e-16 203354.39 3 
192942.98 4.9910e-16 204201.20 3 
194543.11 4.9455e-16 205894.70 3 
196143.33 5.2891e-16 207588.30 3 
197743.48 5.5670e-16 209281.81 3 
199343.60 5.8278e-16 210975.30 3 
200943.82 6.0735e-16 212668.89 3 
202543.95 6.2978e-16 214362.39 3 
204144.19 6.4494e-16 216056.00 3 
205744.32 6.5424e-16 217749.50 3 
207344.45 6.6086e-16 219443.00 3 
208944.69 6.6266e-16 221136.61 3 
210544.82 6.7119e-16 222830.11 3 
212144.94 6.8077e-16 224523.59 3 
213745.16 6.9175e-16 226217.19 3 
215345.30 6.9605e-16 227910.70 3 
216945.53 7.0299e-16 229604.30 3 
218545.66 7.1483e-16 231297.80 3 
220145.79 7.1962e-16 232991.30 3 
221746.03 7.2397e-16 234684.91 3 
223346.16 7.2293e-16 236378.41 3 
224946.29 7.2132e-16 238071.91 3 
226546.50 7.2613e-16 239765.48 3 
228146.64 7.3139e-16 241459.00 3 
229746.86 7.3706e-16 243152.59 3 
231347.00 7.4735e-16 244846.09 3 
232947.13 7.6383e-16 246539.59 3 
234547.36 7.8152e-16 248233.20 3 
236147.50 7.9893e-16 249926.70 3 
237747.63 8.1747e-16 251620.20 3 
239347.86 8.3572e-16 253313.81 3 
240948.00 8.5834e-16 255007.31 3 
242548.20 8.7860e-16 256700.89 3 
244148.34 8.9135e-16 258394.39 3 
245748.47 9.1412e-16 260087.89 3 
247348.70 9.2412e-16 261781.50 3 
248948.84 9.4204e-16 263475.00 3 
250548.97 9.5833e-16 265168.50 3 
252149.19 9.7677e-16 266862.09 3 
253749.32 9.9371e-16 268555.59 3 
255349.54 1.0002e-15 270249.19 3 
256949.67 1.0070e-15 271942.69 3 
258549.84 1.0188e-15 273636.22 3 
260150.06 1.0250e-15 275329.81 3 
261750.16 1.0213e-15 277023.28 3 
263350.29 1.0296e-15 278716.78 3 
264950.54 1.0298e-15 280410.41 3 
266550.67 1.0390e-15 282103.91 3 
268150.90 1.0339e-15 283797.50 3 
269751.03 1.0388e-15 285491.00 3 
271351.16 1.0464e-15 287184.50 3 
272951.38 1.0504e-15 288878.09 3 
274551.51 1.0592e-15 290571.59 3 
276151.65 1.0609e-15 292265.09 3 
277751.87 1.0763e-15 293958.69 3 
279352.00 1.0751e-15 295652.19 3 
280952.22 1.0878e-15 297345.78 3 
282552.38 1.1019e-15 299039.31 3 
284152.51 1.1041e-15 300732.81 3 
285752.73 1.1101e-15 302426.41 3 
287352.87 1.1166e-15 304119.91 3 
288953.00 1.1110e-15 305813.41 3 
290553.22 1.1318e-15 307507.00 3 
292153.35 1.1356e-15 309200.50 3 
293753.57 1.1320e-15 310894.09 3 
295353.71 1.1331e-15 312587.59 3 
296953.84 1.1346e-15 314281.09 3 
298554.06 1.1576e-15 315974.69 3 
300154.22 1.1506e-15 317668.22 3 
301754.35 1.1421e-15 319361.72 3 
303354.57 1.1405e-15 321055.31 3 
304954.68 1.1499e-15 322748.78 3 
306554.93 1.1549e-15 324442.41 3 
308155.06 1.1517e-15 326135.91 3 
309755.19 1.1290e-15 327829.41 3 
311355.41 1.1244e-15 329523.00 3 
312955.54 1.1443e-15 331216.50 3 
314555.68 1.1498e-15 332910.00 3 
316155.93 1.1542e-15 334603.62 3 
317756.06 1.1220e-15 336297.12 3 
319356.25 1.1399e-15 337990.69 3 
320956.38 1.1795e-15 339684.19 3 
322556.54 1.1254e-15 341377.72 3 
324156.74 1.1131e-15 343071.28 3 
325756.87 1.1241e-15 344764.78 3 
327357.00 1.1337e-15 346458.28 3 
328957.25 1.1544e-15 348151.91 3 
330557.35 1.1433e-15 349845.38 3 
