# An Atlas of Galaxy Spectral Energy Distributions from the Ultraviolet to the Mid-Infrared
# Brown et al. (2014)
# http://dx.doi.org/10.5072/03/529D3551F0117
# 
# Column 1 : Restframe Wavelength (Angstrom)
# Column 2 : Flux per unit wavelength (ergs/s/cm^2/Angstrom)
# Column 3 : Observed wavelength (Angstrom)
# Column 4 : Source (0 = model, 1 = Optical Spectrum, 2 = Akari, 3 = Spitzer IRS)
# 
   100.04 1.6738e-23    100.23 0 
   101.90 2.1613e-23    102.09 0 
   104.03 2.6224e-23    104.23 0 
   105.96 3.2487e-23    106.17 0 
   107.93 4.0337e-23    108.14 0 
   109.94 5.7904e-23    110.15 0 
   114.07 8.3889e-23    114.29 0 
   118.07 1.1527e-22    118.30 0 
   121.10 2.5044e-22    121.34 0 
   125.07 3.4018e-22    125.31 0 
   127.10 3.9238e-22    127.35 0 
   127.98 4.2238e-22    128.23 0 
   130.97 5.1488e-22    131.22 0 
   131.87 5.7373e-22    132.13 0 
   134.02 6.4969e-22    134.28 0 
   137.14 8.1415e-22    137.40 0 
   140.01 9.7209e-22    140.28 0 
   142.94 1.4181e-21    143.22 0 
   146.95 2.0216e-21    147.23 0 
   151.06 2.4872e-21    151.36 0 
   154.94 3.0458e-21    155.24 0 
   158.91 3.6958e-21    159.22 0 
   161.87 4.2433e-21    162.18 0 
   166.02 5.0782e-21    166.34 0 
   169.89 6.0077e-21    170.22 0 
   173.04 6.7874e-21    173.38 0 
   177.07 7.9379e-21    177.42 0 
   179.95 8.8860e-21    180.30 0 
   182.04 9.5655e-21    182.39 0 
   185.85 1.1033e-20    186.21 0 
   191.05 1.3023e-20    191.43 0 
   194.16 1.4378e-20    194.54 0 
   198.22 1.6319e-20    198.61 0 
   201.91 1.8353e-20    202.30 0 
   205.19 2.0031e-20    205.59 0 
   209.97 2.2683e-20    210.38 0 
   215.85 2.6959e-20    216.27 0 
   219.86 2.9834e-20    220.29 0 
   222.92 3.2041e-20    223.36 0 
   227.07 3.5294e-20    227.51 0 
   230.23 9.4342e-20    230.67 0 
   233.97 1.3388e-19    234.42 0 
   239.97 1.6133e-19    240.44 0 
   246.13 1.6815e-19    246.60 0 
   251.86 1.8185e-19    252.35 0 
   257.13 1.7049e-19    257.63 0 
   260.11 1.9174e-19    260.62 0 
   263.73 2.0310e-19    264.24 0 
   269.25 2.1121e-19    269.77 0 
   274.26 2.1863e-19    274.79 0 
   278.71 2.2579e-19    279.25 0 
   283.89 2.3319e-19    284.45 0 
   289.84 2.3589e-19    290.40 0 
   295.91 2.4701e-19    296.48 0 
   300.72 2.4701e-19    301.30 0 
   307.72 2.5984e-19    308.32 0 
   317.80 2.7778e-19    318.42 0 
   328.21 2.8954e-19    328.85 0 
   338.19 3.0110e-19    338.84 0 
   347.66 3.1240e-19    348.34 0 
   357.40 3.2487e-19    358.10 0 
   365.73 3.4018e-19    366.44 0 
   375.11 3.5132e-19    375.84 0 
   384.73 3.6200e-19    385.48 0 
   394.60 3.8789e-19    395.37 0 
   404.72 4.1087e-19    405.51 0 
   414.15 4.3522e-19    414.95 0 
   421.85 4.5573e-19    422.67 0 
   429.69 4.8162e-19    430.53 0 
   440.71 5.3053e-19    441.57 0 
   450.98 5.7770e-19    451.86 0 
   460.42 6.2331e-19    461.32 0 
   470.06 6.9455e-19    470.98 0 
   479.91 7.7930e-19    480.84 0 
   489.95 8.6837e-19    490.91 0 
   500.21 9.9702e-19    501.19 0 
   506.01 3.3397e-18    506.99 0 
   511.87 1.1580e-17    512.86 0 
   520.18 1.1687e-17    521.19 0 
   529.85 1.1987e-17    530.88 0 
   539.70 1.1369e-17    540.75 0 
   549.74 1.4181e-17    550.81 0 
   559.96 1.6777e-17    561.05 0 
   570.37 1.8395e-17    571.48 0 
   579.64 1.7771e-17    580.76 0 
   590.41 2.0451e-17    591.56 0 
   600.01 2.0592e-17    601.17 0 
   609.76 2.3373e-17    610.94 0 
   619.66 2.6467e-17    620.87 0 
   629.73 2.7971e-17    630.96 0 
   639.96 2.8887e-17    641.21 0 
   650.36 3.1312e-17    651.63 0 
   657.89 3.2412e-17    659.17 0 
   665.51 3.4491e-17    666.81 0 
   674.77 3.6033e-17    676.08 0 
   685.73 3.5621e-17    687.07 0 
   695.27 4.1755e-17    696.63 0 
   704.95 4.0430e-17    706.32 0 
   716.40 4.7174e-17    717.79 0 
   726.37 4.8945e-17    727.78 0 
   734.78 5.1134e-17    736.21 0 
   745.00 5.4665e-17    746.45 0 
   755.36 5.7241e-17    756.83 0 
   765.87 5.9801e-17    767.36 0 
   774.74 6.3490e-17    776.25 0 
   785.52 6.7718e-17    787.05 0 
   794.61 7.0260e-17    796.16 0 
   805.67 7.2896e-17    807.24 0 
   815.00 7.5458e-17    816.58 0 
   824.43 8.0483e-17    826.04 0 
   835.90 7.4252e-17    837.53 0 
   845.58 8.5449e-17    847.23 0 
   855.37 8.8656e-17    857.04 0 
   865.28 9.3262e-17    866.96 0 
   875.30 9.7883e-17    877.00 0 
   885.43 1.0297e-16    887.16 0 
   895.69 1.0733e-16    897.43 0 
   903.97 1.0957e-16    905.73 0 
   914.44 1.5407e-16    916.22 0 
   925.03 8.5449e-16    926.83 0 
   935.74 1.7527e-15    937.56 0 
   944.40 3.4412e-15    946.24 0 
   955.34 4.5678e-15    957.19 0 
   964.18 5.6326e-15    966.05 0 
   975.34 1.7567e-15    977.24 0 
   984.36 6.0912e-15    986.28 0 
   995.76 5.9663e-15    997.70 0 
  1004.98 6.8819e-15   1006.93 0 
  1014.28 6.2188e-15   1016.25 0 
  1026.02 2.6285e-15   1028.02 0 
  1035.51 5.2325e-15   1037.53 0 
  1045.10 7.7394e-15   1047.13 0 
  1054.77 7.6684e-15   1056.82 0 
  1064.53 6.8502e-15   1066.60 0 
  1074.38 7.4939e-15   1076.47 0 
  1084.32 6.7097e-15   1086.43 0 
  1094.35 7.6156e-15   1096.48 0 
  1104.48 7.2729e-15   1106.62 0 
  1114.70 7.2228e-15   1116.86 0 
  1125.01 6.6789e-15   1127.20 0 
  1135.42 7.3740e-15   1137.63 0 
  1145.92 6.9296e-15   1148.15 0 
  1153.87 7.1237e-15   1156.11 0 
  1164.54 7.2228e-15   1166.81 0 
  1175.32 5.8171e-15   1177.61 0 
  1186.20 6.9776e-15   1188.50 0 
  1194.42 6.0354e-15   1196.74 0 
  1205.47 4.9058e-15   1207.81 0 
  1213.83 2.4530e-15   1216.19 0 
  1225.06 5.1845e-15   1227.44 0 
  1236.39 6.5570e-15   1238.80 0 
  1244.96 6.8345e-15   1247.38 0 
  1253.59 6.7407e-15   1256.03 0 
  1265.19 6.4373e-15   1267.65 0 
  1273.96 6.9136e-15   1276.44 0 
  1285.75 6.9455e-15   1288.25 0 
  1294.66 6.2908e-15   1297.18 0 
  1303.64 6.3053e-15   1306.17 0 
  1315.70 6.8031e-15   1318.26 0 
  1324.82 6.5721e-15   1327.39 0 
  1334.00 6.2619e-15   1336.60 0 
  1346.34 6.5721e-15   1348.96 0 
  1355.68 6.5119e-15   1358.31 0 
  1365.07 6.2331e-15   1367.73 0 
  1374.54 6.2331e-15   1377.21 0 
  1384.06 6.2619e-15   1386.76 0 
  1393.66 5.6455e-15   1396.37 0 
  1406.55 5.7638e-15   1409.29 0 
  1416.30 5.9938e-15   1419.06 0 
  1426.12 5.9252e-15   1428.89 0 
  1436.01 5.9389e-15   1438.80 0 
  1442.63 6.0215e-15   1445.44 0 
  1445.96 5.9801e-15   1448.77 0 
  1455.98 5.8980e-15   1458.81 0 
  1466.07 5.7109e-15   1468.93 0 
  1476.24 5.6716e-15   1479.11 0 
  1486.47 5.6196e-15   1489.36 0 
  1493.33 5.5938e-15   1496.24 0 
  1503.68 5.4039e-15   1506.61 0 
  1510.62 5.1251e-15   1513.56 0 
  1517.60 5.2445e-15   1520.55 0 
  1524.60 5.2204e-15   1527.57 0 
  1535.17 4.8496e-15   1538.15 0 
  1545.81 4.9058e-15   1548.82 0 
  1556.53 4.7392e-15   1559.55 0 
  1563.71 4.8496e-15   1566.75 0 
  1574.55 4.9855e-15   1577.61 0 
  1585.46 5.0085e-15   1588.55 0 
  1596.45 5.0316e-15   1599.56 0 
  1603.82 4.8945e-15   1606.94 0 
  1614.94 4.8608e-15   1618.08 0 
  1626.13 4.7831e-15   1629.30 0 
  1633.64 4.8720e-15   1636.82 0 
  1644.96 4.8162e-15   1648.16 0 
  1656.37 4.7174e-15   1659.59 0 
  1664.01 4.8496e-15   1667.25 0 
  1671.69 4.6527e-15   1674.94 0 
  1675.54 4.8384e-15   1678.80 0 
  1683.28 4.8273e-15   1686.55 0 
  1694.95 4.6958e-15   1698.24 0 
  1706.70 4.5783e-15   1710.02 0 
  1714.57 4.4535e-15   1717.91 0 
  1726.46 4.4127e-15   1729.82 0 
  1734.43 4.5051e-15   1737.80 0 
  1746.45 4.4127e-15   1749.85 0 
  1754.51 4.4844e-15   1757.92 0 
  1766.67 4.2925e-15   1770.11 0 
  1774.83 4.3123e-15   1778.28 0 
  1783.02 4.3222e-15   1786.49 0 
  1795.38 4.3723e-15   1798.87 0 
  1803.67 4.3622e-15   1807.17 0 
  1816.17 4.1851e-15   1819.70 0 
  1824.55 4.2141e-15   1828.10 0 
  1832.97 4.1372e-15   1836.54 0 
  1845.68 3.9238e-15   1849.27 0 
  1854.20 3.8878e-15   1857.80 0 
  1867.05 3.9238e-15   1870.68 0 
  1875.67 4.0337e-15   1879.32 0 
  1884.33 3.7993e-15   1887.99 0 
  1893.02 3.6535e-15   1896.71 0 
  1906.15 3.8169e-15   1909.85 0 
  1914.94 3.6873e-15   1918.67 0 
  1923.78 3.6117e-15   1927.53 0 
  1937.12 3.6873e-15   1940.89 0 
  1946.06 3.7558e-15   1949.84 0 
  1955.04 3.5539e-15   1958.84 0 
  1968.59 3.7043e-15   1972.42 0 
  1977.68 3.7732e-15   1981.53 0 
  1982.24 3.6200e-15   1986.10 0 
  1995.98 3.5376e-15   1999.86 0 
  2005.19 3.5868e-15   2009.09 0 
  2014.45 3.5621e-15   2018.37 0 
  2023.75 3.6117e-15   2027.68 0 
  2033.09 3.4810e-15   2037.04 0 
  2047.18 3.4890e-15   2051.16 0 
  2056.63 3.3474e-15   2060.63 0 
  2066.12 3.3861e-15   2070.14 0 
  2075.66 3.5132e-15   2079.70 0 
  2085.24 3.4254e-15   2089.30 0 
  2094.87 3.3091e-15   2098.94 0 
  2104.53 3.3551e-15   2108.63 0 
  2114.25 3.3474e-15   2118.36 0 
  2124.01 3.3706e-15   2128.14 0 
  2133.81 3.2863e-15   2137.96 0 
  2143.66 3.2487e-15   2147.83 0 
  2153.56 3.2863e-15   2157.74 0 
  2163.50 3.2263e-15   2167.70 0 
  2173.48 3.2041e-15   2177.71 0 
  2183.51 3.1674e-15   2187.76 0 
  2193.59 3.2041e-15   2197.86 0 
  2203.72 3.1456e-15   2208.01 0 
  2213.89 3.0882e-15   2218.20 0 
  2224.11 3.0318e-15   2228.44 0 
  2234.37 3.0740e-15   2238.72 0 
  2244.69 3.0318e-15   2249.05 0 
  2255.05 2.9697e-15   2259.44 0 
  2265.46 2.9765e-15   2269.86 0 
  2275.92 2.9765e-15   2280.34 0 
  2286.42 2.9765e-15   2290.87 0 
  2296.97 2.8891e-15   2301.44 0 
  2307.58 2.8987e-15   2312.07 0 
  2312.90 2.8538e-15   2317.39 0 
  2323.57 2.5577e-15   2328.09 0 
  2334.30 2.7752e-15   2338.84 0 
  2345.07 2.7210e-15   2349.63 0 
  2355.90 2.7680e-15   2360.48 0 
  2366.77 2.6954e-15   2371.37 0 
  2377.70 2.7106e-15   2382.32 0 
  2383.18 2.6320e-15   2387.81 0 
  2394.18 2.6713e-15   2398.83 0 
  2405.23 2.6253e-15   2409.91 0 
  2416.33 2.6220e-15   2421.03 0 
  2427.48 2.6490e-15   2432.20 0 
  2433.08 2.5900e-15   2437.81 0 
  2444.31 2.6167e-15   2449.06 0 
  2455.59 2.6015e-15   2460.37 0 
  2466.93 2.5685e-15   2471.72 0 
  2472.61 2.5346e-15   2477.42 0 
  2484.03 2.5490e-15   2488.86 0 
  2495.49 2.4424e-15   2500.35 0 
  2507.01 2.5427e-15   2511.89 0 
  2512.79 2.4464e-15   2517.68 0 
  2518.58 2.4817e-15   2523.48 0 
  2524.39 2.4377e-15   2529.30 0 
  2536.04 2.4180e-15   2540.97 0 
  2547.75 2.3984e-15   2552.70 0 
  2553.62 2.4387e-15   2558.59 0 
  2565.41 2.4134e-15   2570.40 0 
  2577.25 2.4328e-15   2582.26 0 
  2583.19 2.4229e-15   2588.21 0 
  2595.11 2.4033e-15   2600.16 0 
  2607.09 2.3675e-15   2612.16 0 
  2613.10 2.3471e-15   2618.18 0 
  2625.16 2.3551e-15   2630.27 0 
  2637.28 2.3523e-15   2642.41 0 
  2643.36 2.4084e-15   2648.50 0 
  2655.56 2.4000e-15   2660.72 0 
  2667.82 2.3426e-15   2673.01 0 
  2673.97 2.3548e-15   2679.17 0 
  2686.31 2.3520e-15   2691.54 0 
  2692.50 2.2997e-15   2697.74 0 
  2704.93 2.3076e-15   2710.19 0 
  2717.42 2.2681e-15   2722.70 0 
  2723.68 2.2434e-15   2728.98 0 
  2736.25 2.2668e-15   2741.57 0 
  2742.56 2.1760e-15   2747.89 0 
  2755.22 2.1785e-15   2760.58 0 
  2767.94 2.1910e-15   2773.32 0 
  2774.32 2.2177e-15   2779.71 0 
  2787.12 2.1847e-15   2792.54 0 
  2793.55 2.0401e-15   2798.98 0 
  2806.44 2.0852e-15   2811.90 0 
  2812.91 2.1748e-15   2818.38 0 
  2825.89 2.1673e-15   2831.39 0 
  2832.41 2.1290e-15   2837.92 0 
  2845.48 2.1168e-15   2851.02 0 
  2852.04 2.0890e-15   2857.59 0 
  2865.21 2.1254e-15   2870.78 0 
  2871.81 2.1121e-15   2877.40 0 
  2885.07 2.1048e-15   2890.68 0 
  2891.72 2.0964e-15   2897.34 0 
  2911.76 2.1147e-15   2917.43 0 
  2931.95 2.0751e-15   2937.65 0 
  2952.27 2.0409e-15   2958.01 0 
  2972.73 2.0352e-15   2978.52 0 
  2993.34 2.0156e-15   2999.16 0 
  3007.16 1.9996e-15   3013.01 0 
  3028.00 1.9849e-15   3033.89 0 
  3048.99 1.9658e-15   3054.92 0 
  3070.12 1.9424e-15   3076.10 0 
  3091.41 1.9238e-15   3097.42 0 
  3112.83 1.9097e-15   3118.89 0 
  3127.20 1.8816e-15   3133.29 0 
  3148.88 1.8636e-15   3155.01 0 
  3170.71 1.8543e-15   3176.87 0 
  3192.69 1.8072e-15   3198.90 0 
  3207.42 1.8137e-15   3213.66 0 
  3229.65 1.7799e-15   3235.94 0 
  3252.04 1.7875e-15   3258.37 0 
  3267.05 1.7898e-15   3273.41 0 
  3289.70 1.7728e-15   3296.10 0 
  3312.50 1.7559e-15   3318.94 0 
  3320.14 1.7530e-15   3326.60 0 
  3327.79 1.7623e-15   3334.26 0 
  3335.46 1.7635e-15   3341.95 0 
  3343.15 1.6621e-15   3349.66 0 
  3350.86 1.7296e-15   3357.38 0 
  3358.58 1.6566e-15   3365.12 0 
  3366.33 1.6731e-15   3372.87 0 
  3374.09 1.6399e-15   3380.65 0 
  3381.86 1.6372e-15   3388.44 0 
  3389.66 1.7037e-15   3396.25 0 
  3397.47 1.7009e-15   3404.08 0 
  3405.31 1.6518e-15   3411.93 0 
  3413.16 1.6606e-15   3419.79 0 
  3421.02 1.7082e-15   3427.68 0 
  3428.91 1.6898e-15   3435.58 0 
  3436.81 1.7027e-15   3443.50 0 
  3444.74 1.6309e-15   3451.44 0 
  3452.68 1.7247e-15   3459.39 0 
  3460.64 1.6369e-15   3467.37 0 
  3468.61 1.6380e-15   3475.36 0 
  3476.61 1.6316e-15   3483.37 0 
  3484.63 1.6140e-15   3491.40 0 
  3492.66 1.6565e-15   3499.45 0 
  3500.71 1.6349e-15   3507.52 0 
  3508.78 1.5988e-15   3515.60 0 
  3516.87 1.5816e-15   3523.71 0 
  3524.98 1.6158e-15   3531.83 0 
  3533.10 1.6432e-15   3539.97 0 
  3541.25 1.6481e-15   3548.13 0 
  3549.41 1.6760e-15   3556.31 0 
  3557.59 1.6542e-15   3564.51 0 
  3565.79 1.6706e-15   3572.73 0 
  3574.01 1.5965e-15   3580.96 0 
  3582.25 1.5505e-15   3589.22 0 
  3590.51 1.5093e-15   3597.49 0 
  3598.79 1.5743e-15   3605.79 0 
  3607.08 1.5790e-15   3614.10 0 
  3615.40 1.5947e-15   3622.43 0 
  3623.73 1.6069e-15   3630.78 0 
  3632.09 1.6955e-15   3639.15 0 
  3640.46 1.6166e-15   3647.54 0 
  3648.85 1.6140e-15   3655.95 0 
  3657.26 1.6376e-15   3664.37 0 
  3665.69 1.6238e-15   3672.82 0 
  3672.09 1.6140e-15   3679.23 1 
  3674.83 2.3041e-15   3681.98 1 
  3677.58 2.0660e-15   3684.73 1 
  3680.32 1.8026e-15   3687.48 1 
  3683.07 1.5667e-15   3690.23 1 
  3685.81 1.1347e-15   3692.98 1 
  3688.56 2.0488e-15   3695.73 1 
  3691.30 2.0702e-15   3698.48 1 
  3694.05 1.7957e-15   3701.23 1 
  3696.79 1.6187e-15   3703.98 1 
  3699.53 1.3733e-15   3706.73 1 
  3702.28 1.3125e-15   3709.48 1 
  3705.02 1.8800e-15   3712.23 1 
  3707.77 1.7417e-15   3714.98 1 
  3710.51 1.6577e-15   3717.73 1 
  3713.26 1.6056e-15   3720.48 1 
  3716.00 1.9308e-15   3723.23 1 
  3718.75 2.8760e-15   3725.98 1 
  3721.49 5.5816e-15   3728.73 1 
  3724.24 1.0700e-14   3731.48 1 
  3726.98 1.5394e-14   3734.23 1 
  3729.73 1.4855e-14   3736.98 1 
  3732.47 9.8214e-15   3739.73 1 
  3735.21 4.8030e-15   3742.48 1 
  3737.96 2.4681e-15   3745.23 1 
  3740.70 1.9804e-15   3747.98 1 
  3743.45 2.1389e-15   3750.73 1 
  3746.19 1.7686e-15   3753.48 1 
  3748.94 1.5779e-15   3756.23 1 
  3751.68 1.6138e-15   3758.98 1 
  3754.43 1.5416e-15   3761.73 1 
  3757.17 1.6367e-15   3764.48 1 
  3759.92 1.7103e-15   3767.23 1 
  3762.66 1.7700e-15   3769.98 1 
  3765.41 2.1112e-15   3772.73 1 
  3768.15 1.4797e-15   3775.48 1 
  3770.90 1.9715e-15   3778.23 1 
  3773.64 1.6950e-15   3780.98 1 
  3776.38 1.6037e-15   3783.73 1 
  3779.13 1.5820e-15   3786.48 1 
  3781.87 1.7643e-15   3789.23 1 
  3784.62 1.4059e-15   3791.98 1 
  3787.36 1.4704e-15   3794.73 1 
  3790.11 1.7078e-15   3797.48 1 
  3792.85 2.0071e-15   3800.23 1 
  3795.60 1.8286e-15   3802.98 1 
  3798.34 2.1720e-15   3805.73 1 
  3801.09 2.4164e-15   3808.48 1 
  3803.83 1.8868e-15   3811.23 1 
  3806.58 1.4537e-15   3813.98 1 
  3809.32 1.6247e-15   3816.73 1 
  3812.07 1.6606e-15   3819.48 1 
  3814.81 1.6562e-15   3822.23 1 
  3817.55 1.4881e-15   3824.98 1 
  3820.30 1.6212e-15   3827.73 1 
  3823.04 2.1734e-15   3830.48 1 
  3825.79 1.9843e-15   3833.23 1 
  3828.53 1.3610e-15   3835.98 1 
  3831.28 1.5560e-15   3838.73 1 
  3834.02 2.1240e-15   3841.48 1 
  3836.77 1.8955e-15   3844.23 1 
  3839.51 1.7640e-15   3846.98 1 
  3842.26 1.2351e-15   3849.73 1 
  3845.00 1.5437e-15   3852.48 1 
  3847.75 1.9850e-15   3855.23 1 
  3850.49 1.7166e-15   3857.98 1 
  3853.24 1.7099e-15   3860.73 1 
  3855.98 1.6419e-15   3863.48 1 
  3858.72 1.4578e-15   3866.23 1 
  3861.47 2.3403e-15   3868.98 1 
  3864.21 3.9616e-15   3871.73 1 
  3866.96 5.7223e-15   3874.48 1 
  3869.70 6.2677e-15   3877.23 1 
  3872.45 4.8614e-15   3879.98 1 
  3875.19 3.0544e-15   3882.73 1 
  3877.94 2.0930e-15   3885.48 1 
  3880.68 1.8045e-15   3888.23 1 
  3883.43 2.0836e-15   3890.98 1 
  3886.17 3.1538e-15   3893.73 1 
  3888.92 3.7240e-15   3896.48 1 
  3891.66 3.4649e-15   3899.23 1 
  3894.41 2.4481e-15   3901.98 1 
  3897.15 1.7651e-15   3904.73 1 
  3899.89 1.5130e-15   3907.48 1 
  3902.64 1.2823e-15   3910.23 1 
  3905.38 1.3218e-15   3912.98 1 
  3908.13 1.4847e-15   3915.73 1 
  3910.87 1.5545e-15   3918.48 1 
  3913.62 1.8223e-15   3921.23 1 
  3916.36 1.9133e-15   3923.98 1 
  3919.11 1.6662e-15   3926.73 1 
  3921.85 1.6194e-15   3929.48 1 
  3924.60 1.5506e-15   3932.23 1 
  3927.34 1.4564e-15   3934.98 1 
  3930.09 1.5367e-15   3937.73 1 
  3932.83 1.4844e-15   3940.48 1 
  3935.58 1.2600e-15   3943.23 1 
  3938.32 1.2532e-15   3945.98 1 
  3941.06 1.3619e-15   3948.73 1 
  3943.81 1.6025e-15   3951.48 1 
  3946.55 1.2942e-15   3954.23 1 
  3949.30 1.6618e-15   3956.98 1 
  3952.04 1.7070e-15   3959.73 1 
  3954.79 1.4034e-15   3962.48 1 
  3957.53 1.3864e-15   3965.23 1 
  3960.28 1.5564e-15   3967.98 1 
  3963.02 2.3684e-15   3970.73 1 
  3965.77 3.6911e-15   3973.48 1 
  3968.51 4.1126e-15   3976.23 1 
  3971.26 3.7215e-15   3978.98 1 
  3974.00 2.9095e-15   3981.73 1 
  3976.75 2.1628e-15   3984.48 1 
  3979.49 1.8339e-15   3987.23 1 
  3982.23 1.5372e-15   3989.98 1 
  3984.98 1.4218e-15   3992.73 1 
  3987.72 1.6289e-15   3995.48 1 
  3990.47 1.7119e-15   3998.23 1 
  3993.21 1.6533e-15   4000.98 1 
  3995.96 1.4999e-15   4003.73 1 
  3998.70 2.0049e-15   4006.48 1 
  4001.45 1.6654e-15   4009.23 1 
  4004.19 1.5084e-15   4011.98 1 
  4006.94 1.3568e-15   4014.73 1 
  4009.68 1.6550e-15   4017.48 1 
  4012.43 1.6677e-15   4020.23 1 
  4015.17 1.8690e-15   4022.98 1 
  4017.92 1.8039e-15   4025.73 1 
  4020.66 1.8139e-15   4028.48 1 
  4023.40 1.8811e-15   4031.23 1 
  4026.15 1.6380e-15   4033.98 1 
  4028.89 1.8124e-15   4036.73 1 
  4031.64 1.9229e-15   4039.48 1 
  4034.38 1.7452e-15   4042.23 1 
  4037.13 1.8526e-15   4044.98 1 
  4039.87 1.6684e-15   4047.73 1 
  4042.62 1.5611e-15   4050.48 1 
  4045.36 1.3408e-15   4053.23 1 
  4048.11 1.6582e-15   4055.98 1 
  4050.85 1.7560e-15   4058.73 1 
  4053.60 1.8559e-15   4061.48 1 
  4056.34 1.7231e-15   4064.23 1 
  4059.09 1.7483e-15   4066.98 1 
  4061.83 1.7974e-15   4069.73 1 
  4064.57 1.7375e-15   4072.48 1 
  4067.32 1.7842e-15   4075.23 1 
  4070.06 1.7818e-15   4077.98 1 
  4072.81 2.0805e-15   4080.73 1 
  4075.55 1.8468e-15   4083.48 1 
  4078.30 1.8144e-15   4086.23 1 
  4081.04 1.6233e-15   4088.98 1 
  4083.79 1.9177e-15   4091.73 1 
  4086.53 1.7293e-15   4094.48 1 
  4089.28 1.5348e-15   4097.23 1 
  4092.02 1.5110e-15   4099.98 1 
  4094.77 2.0993e-15   4102.73 1 
  4097.51 3.2410e-15   4105.48 1 
  4100.25 4.2037e-15   4108.23 1 
  4103.00 4.2694e-15   4110.98 1 
  4105.74 3.3590e-15   4113.73 1 
  4108.49 2.2890e-15   4116.48 1 
  4111.23 1.8603e-15   4119.23 1 
  4113.98 1.6018e-15   4121.98 1 
  4116.72 1.6706e-15   4124.73 1 
  4119.47 1.9136e-15   4127.48 1 
  4122.21 1.4523e-15   4130.23 1 
  4124.96 1.4866e-15   4132.98 1 
  4127.70 1.4390e-15   4135.73 1 
  4130.45 1.5909e-15   4138.48 1 
  4133.19 1.6560e-15   4141.23 1 
  4135.94 1.4640e-15   4143.98 1 
  4138.68 1.5141e-15   4146.73 1 
  4141.42 1.6219e-15   4149.48 1 
  4144.17 1.6470e-15   4152.23 1 
  4146.91 1.8822e-15   4154.98 1 
  4149.66 1.6739e-15   4157.73 1 
  4152.40 1.8214e-15   4160.48 1 
  4155.15 1.4039e-15   4163.23 1 
  4157.89 1.6269e-15   4165.98 1 
  4160.64 1.7223e-15   4168.73 1 
  4163.38 1.5722e-15   4171.48 1 
  4166.13 1.6089e-15   4174.23 1 
  4168.87 1.4306e-15   4176.98 1 
  4171.62 1.8522e-15   4179.73 1 
  4174.36 1.5636e-15   4182.48 1 
  4177.11 1.5111e-15   4185.23 1 
  4179.85 1.6096e-15   4187.98 1 
  4182.59 1.4615e-15   4190.73 1 
  4185.34 1.5398e-15   4193.48 1 
  4188.08 1.5428e-15   4196.23 1 
  4190.83 1.9608e-15   4198.98 1 
  4193.57 1.6529e-15   4201.73 1 
  4196.32 1.6435e-15   4204.48 1 
  4199.06 1.8119e-15   4207.23 1 
  4201.81 1.6925e-15   4209.98 1 
  4204.55 1.5775e-15   4212.73 1 
  4207.30 1.4218e-15   4215.48 1 
  4210.04 1.5063e-15   4218.23 1 
  4212.79 1.4940e-15   4220.98 1 
  4215.53 1.5453e-15   4223.73 1 
  4218.28 1.8022e-15   4226.48 1 
  4221.02 1.6004e-15   4229.23 1 
  4223.76 1.7768e-15   4231.98 1 
  4226.51 1.4620e-15   4234.73 1 
  4229.25 1.3360e-15   4237.48 1 
  4232.00 1.6521e-15   4240.23 1 
  4234.74 1.7698e-15   4242.98 1 
  4237.49 1.5039e-15   4245.73 1 
  4240.23 1.4938e-15   4248.48 1 
  4242.98 1.5102e-15   4251.23 1 
  4245.72 1.5690e-15   4253.98 1 
  4248.47 1.6168e-15   4256.73 1 
  4251.21 1.3872e-15   4259.48 1 
  4253.96 1.6598e-15   4262.23 1 
  4256.70 1.5296e-15   4264.98 1 
  4259.45 1.3692e-15   4267.73 1 
  4262.19 1.2270e-15   4270.48 1 
  4264.93 1.4806e-15   4273.23 1 
  4267.68 1.4570e-15   4275.98 1 
  4270.42 1.7255e-15   4278.73 1 
  4273.17 1.5562e-15   4281.48 1 
  4275.91 1.5003e-15   4284.23 1 
  4278.66 1.5244e-15   4286.98 1 
  4281.40 1.5178e-15   4289.73 1 
  4284.15 1.5682e-15   4292.48 1 
  4286.89 1.4676e-15   4295.23 1 
  4289.64 1.6039e-15   4297.98 1 
  4292.38 1.5430e-15   4300.73 1 
  4295.13 1.4724e-15   4303.48 1 
  4297.87 1.5288e-15   4306.23 1 
  4300.62 1.4674e-15   4308.98 1 
  4303.36 1.2980e-15   4311.73 1 
  4306.10 1.5983e-15   4314.48 1 
  4308.85 1.5082e-15   4317.23 1 
  4311.59 1.5271e-15   4319.98 1 
  4314.34 1.4233e-15   4322.73 1 
  4317.08 1.3900e-15   4325.48 1 
  4319.83 1.3650e-15   4328.23 1 
  4322.57 1.2522e-15   4330.98 1 
  4325.32 1.5881e-15   4333.73 1 
  4328.06 1.4594e-15   4336.48 1 
  4330.81 1.7314e-15   4339.23 1 
  4333.55 2.5128e-15   4341.98 1 
  4336.30 4.2743e-15   4344.73 1 
  4339.04 6.0675e-15   4347.48 1 
  4341.79 6.2054e-15   4350.23 1 
  4344.53 4.7765e-15   4352.98 1 
  4347.27 3.0474e-15   4355.73 1 
  4350.02 2.0465e-15   4358.48 1 
  4352.76 1.4187e-15   4361.23 1 
  4355.51 1.6253e-15   4363.98 1 
  4358.25 1.9492e-15   4366.73 1 
  4361.00 2.2835e-15   4369.48 1 
  4363.74 2.5695e-15   4372.23 1 
  4366.49 2.4671e-15   4374.98 1 
  4369.23 1.8830e-15   4377.73 1 
  4371.98 1.6138e-15   4380.48 1 
  4374.72 1.5063e-15   4383.23 1 
  4377.47 1.4510e-15   4385.98 1 
  4380.21 1.5171e-15   4388.73 1 
  4382.96 1.6115e-15   4391.48 1 
  4385.70 1.4977e-15   4394.23 1 
  4388.44 1.4417e-15   4396.98 1 
  4391.19 1.3670e-15   4399.73 1 
  4393.93 1.6058e-15   4402.48 1 
  4396.68 1.6026e-15   4405.23 1 
  4399.42 1.4876e-15   4407.98 1 
  4402.17 1.6119e-15   4410.73 1 
  4404.91 1.6574e-15   4413.48 1 
  4407.66 1.4116e-15   4416.23 1 
  4410.40 1.2196e-15   4418.98 1 
  4413.15 1.3498e-15   4421.73 1 
  4415.89 1.4574e-15   4424.48 1 
  4418.64 1.6732e-15   4427.23 1 
  4421.38 1.3420e-15   4429.98 1 
  4424.13 1.5045e-15   4432.73 1 
  4426.87 1.3181e-15   4435.48 1 
  4429.61 1.5503e-15   4438.23 1 
  4432.36 1.7164e-15   4440.98 1 
  4435.10 1.7007e-15   4443.73 1 
  4437.85 1.5691e-15   4446.48 1 
  4440.59 1.2530e-15   4449.23 1 
  4443.34 1.3581e-15   4451.98 1 
  4446.08 1.3790e-15   4454.73 1 
  4448.83 1.5006e-15   4457.48 1 
  4451.57 1.5525e-15   4460.23 1 
  4454.32 1.4055e-15   4462.98 1 
  4457.06 1.4338e-15   4465.73 1 
  4459.81 1.6068e-15   4468.48 1 
  4462.55 1.6341e-15   4471.23 1 
  4465.29 1.6811e-15   4473.98 1 
  4468.04 1.8569e-15   4476.73 1 
  4470.78 2.0022e-15   4479.48 1 
  4473.53 2.1596e-15   4482.23 1 
  4476.27 1.9956e-15   4484.98 1 
  4479.02 1.8334e-15   4487.73 1 
  4481.76 1.7211e-15   4490.48 1 
  4484.51 1.6204e-15   4493.23 1 
  4487.25 1.7292e-15   4495.98 1 
  4490.00 1.5971e-15   4498.73 1 
  4492.74 1.4861e-15   4501.48 1 
  4495.49 1.6009e-15   4504.23 1 
  4498.23 1.5509e-15   4506.98 1 
  4500.98 1.5008e-15   4509.73 1 
  4503.72 1.6458e-15   4512.48 1 
  4506.46 1.3552e-15   4515.23 1 
  4509.21 1.5485e-15   4517.98 1 
  4511.95 1.4802e-15   4520.73 1 
  4514.70 1.3612e-15   4523.48 1 
  4517.44 1.4395e-15   4526.23 1 
  4520.19 1.5705e-15   4528.98 1 
  4522.93 1.4267e-15   4531.73 1 
  4525.68 1.5722e-15   4534.48 1 
  4528.42 1.3019e-15   4537.23 1 
  4531.17 1.5825e-15   4539.98 1 
  4533.91 1.4992e-15   4542.73 1 
  4536.66 1.5266e-15   4545.48 1 
  4539.40 1.4747e-15   4548.23 1 
  4542.15 1.2163e-15   4550.98 1 
  4544.89 1.5372e-15   4553.73 1 
  4547.63 1.5223e-15   4556.48 1 
  4550.38 1.5146e-15   4559.23 1 
  4553.12 1.3038e-15   4561.98 1 
  4555.87 1.4203e-15   4564.73 1 
  4558.61 1.5092e-15   4567.48 1 
  4561.36 1.3192e-15   4570.23 1 
  4564.10 1.5048e-15   4572.98 1 
  4566.85 1.3697e-15   4575.73 1 
  4569.59 1.7302e-15   4578.48 1 
  4572.34 1.8418e-15   4581.23 1 
  4575.08 1.6239e-15   4583.98 1 
  4577.83 1.4143e-15   4586.73 1 
  4580.57 1.5036e-15   4589.48 1 
  4583.32 1.5617e-15   4592.23 1 
  4586.06 1.4172e-15   4594.98 1 
  4588.80 1.6419e-15   4597.73 1 
  4591.55 1.6689e-15   4600.48 1 
  4594.29 1.5658e-15   4603.23 1 
  4597.04 1.5667e-15   4605.98 1 
  4599.78 1.2884e-15   4608.73 1 
  4602.53 1.5685e-15   4611.48 1 
  4605.27 1.5133e-15   4614.23 1 
  4608.02 1.6132e-15   4616.98 1 
  4610.76 1.5346e-15   4619.73 1 
  4613.51 1.3328e-15   4622.48 1 
  4616.25 1.4462e-15   4625.23 1 
  4619.00 1.6475e-15   4627.98 1 
  4621.74 1.6812e-15   4630.73 1 
  4624.49 1.5662e-15   4633.48 1 
  4627.23 1.5969e-15   4636.23 1 
  4629.97 1.4554e-15   4638.98 1 
  4632.72 1.4831e-15   4641.73 1 
  4635.46 1.3736e-15   4644.48 1 
  4638.21 1.4518e-15   4647.23 1 
  4640.95 1.4346e-15   4649.98 1 
  4643.70 1.3379e-15   4652.73 1 
  4646.44 1.6328e-15   4655.48 1 
  4649.19 1.4247e-15   4658.23 1 
  4651.93 1.6747e-15   4660.98 1 
  4654.68 1.6114e-15   4663.73 1 
  4657.42 2.0244e-15   4666.48 1 
  4660.17 1.7284e-15   4669.23 1 
  4662.91 1.5889e-15   4671.98 1 
  4665.66 1.4600e-15   4674.73 1 
  4668.40 1.2768e-15   4677.48 1 
  4671.14 1.3596e-15   4680.23 1 
  4673.89 1.4782e-15   4682.98 1 
  4676.63 1.3445e-15   4685.73 1 
  4679.38 1.6284e-15   4688.48 1 
  4682.12 1.6651e-15   4691.23 1 
  4684.87 1.7329e-15   4693.98 1 
  4687.61 1.6438e-15   4696.73 1 
  4690.36 1.5662e-15   4699.48 1 
  4693.10 1.7724e-15   4702.23 1 
  4695.85 1.5170e-15   4704.98 1 
  4698.59 1.7099e-15   4707.73 1 
  4701.34 1.3930e-15   4710.48 1 
  4704.08 1.4715e-15   4713.23 1 
  4706.83 1.3333e-15   4715.98 1 
  4709.57 1.7554e-15   4718.73 1 
  4712.31 1.5349e-15   4721.48 1 
  4715.06 1.5047e-15   4724.23 1 
  4717.80 1.3505e-15   4726.98 1 
  4720.55 1.4282e-15   4729.73 1 
  4723.29 1.5092e-15   4732.48 1 
  4726.04 1.4213e-15   4735.23 1 
  4728.78 1.3578e-15   4737.98 1 
  4731.53 1.4530e-15   4740.73 1 
  4734.27 1.2443e-15   4743.48 1 
  4737.02 1.3458e-15   4746.23 1 
  4739.76 1.5422e-15   4748.98 1 
  4742.51 1.4750e-15   4751.73 1 
  4745.25 1.4509e-15   4754.48 1 
  4748.00 1.5500e-15   4757.23 1 
  4750.74 1.3910e-15   4759.98 1 
  4753.48 1.3713e-15   4762.73 1 
  4756.23 1.3442e-15   4765.48 1 
  4758.97 1.3733e-15   4768.23 1 
  4761.72 1.3421e-15   4770.98 1 
  4764.46 1.4665e-15   4773.73 1 
  4767.21 1.5894e-15   4776.48 1 
  4769.95 1.6001e-15   4779.23 1 
  4772.70 1.5238e-15   4781.98 1 
  4775.44 1.5393e-15   4784.73 1 
  4778.19 1.3390e-15   4787.48 1 
  4780.93 1.4844e-15   4790.23 1 
  4783.68 1.4462e-15   4792.98 1 
  4786.42 1.4343e-15   4795.73 1 
  4789.17 1.4469e-15   4798.48 1 
  4791.91 1.3717e-15   4801.23 1 
  4794.65 1.4831e-15   4803.98 1 
  4797.40 1.6487e-15   4806.73 1 
  4800.14 1.4986e-15   4809.48 1 
  4802.89 1.4510e-15   4812.23 1 
  4805.63 1.3583e-15   4814.98 1 
  4808.38 1.4162e-15   4817.73 1 
  4811.12 1.3211e-15   4820.48 1 
  4813.87 1.2969e-15   4823.23 1 
  4816.61 1.6352e-15   4825.98 1 
  4819.36 1.4184e-15   4828.73 1 
  4822.10 1.4922e-15   4831.48 1 
  4824.85 1.4580e-15   4834.23 1 
  4827.59 1.4635e-15   4836.98 1 
  4830.33 1.5211e-15   4839.73 1 
  4833.08 1.5679e-15   4842.48 1 
  4835.82 1.4066e-15   4845.23 1 
  4838.57 1.3717e-15   4847.98 1 
  4841.31 1.3379e-15   4850.73 1 
  4844.06 1.2891e-15   4853.48 1 
  4846.80 1.1929e-15   4856.23 1 
  4849.55 1.5703e-15   4858.98 1 
  4852.29 1.9259e-15   4861.73 1 
  4855.04 3.7190e-15   4864.48 1 
  4857.78 7.9757e-15   4867.23 1 
  4860.53 1.2367e-14   4869.98 1 
  4863.27 1.2754e-14   4872.73 1 
  4866.02 8.1759e-15   4875.48 1 
  4868.76 3.6441e-15   4878.23 1 
  4871.50 1.9381e-15   4880.98 1 
  4874.25 1.5151e-15   4883.73 1 
  4876.99 1.3754e-15   4886.48 1 
  4879.74 1.3755e-15   4889.23 1 
  4882.48 1.4273e-15   4891.98 1 
  4885.23 1.2547e-15   4894.73 1 
  4887.97 1.4155e-15   4897.48 1 
  4890.72 1.3589e-15   4900.23 1 
  4893.46 1.3669e-15   4902.98 1 
  4896.21 1.3954e-15   4905.73 1 
  4898.95 1.4019e-15   4908.48 1 
  4901.70 1.4278e-15   4911.23 1 
  4904.44 1.4368e-15   4913.98 1 
  4907.19 1.3934e-15   4916.73 1 
  4909.93 1.2419e-15   4919.48 1 
  4912.67 1.3742e-15   4922.23 1 
  4915.42 1.4111e-15   4924.98 1 
  4918.16 1.3086e-15   4927.73 1 
  4920.91 1.4725e-15   4930.48 1 
  4923.65 1.5429e-15   4933.23 1 
  4926.40 1.4981e-15   4935.98 1 
  4929.14 1.5133e-15   4938.73 1 
  4931.89 1.4236e-15   4941.48 1 
  4934.63 1.3289e-15   4944.23 1 
  4937.38 1.6793e-15   4946.98 1 
  4940.12 1.6024e-15   4949.73 1 
  4942.87 1.6255e-15   4952.48 1 
  4945.61 1.5602e-15   4955.23 1 
  4948.36 1.8790e-15   4957.98 1 
  4951.10 3.3818e-15   4960.73 1 
  4953.84 8.2942e-15   4963.48 1 
  4956.59 1.6367e-14   4966.23 1 
  4959.33 2.1371e-14   4968.98 1 
  4962.08 1.7780e-14   4971.73 1 
  4964.82 9.3505e-15   4974.48 1 
  4967.57 3.5545e-15   4977.23 1 
  4970.31 1.9854e-15   4979.98 1 
  4973.06 1.5952e-15   4982.73 1 
  4975.80 1.4205e-15   4985.48 1 
  4978.55 1.4435e-15   4988.23 1 
  4981.29 1.5040e-15   4990.98 1 
  4984.04 1.4357e-15   4993.73 1 
  4986.78 1.4196e-15   4996.48 1 
  4989.53 1.5168e-15   4999.23 1 
  4992.27 1.8415e-15   5001.98 1 
  4995.01 2.2651e-15   5004.73 1 
  4997.76 4.6796e-15   5007.48 1 
  5000.50 1.3891e-14   5010.23 1 
  5003.25 3.5024e-14   5012.98 1 
  5005.99 5.7901e-14   5015.73 1 
  5008.74 5.8889e-14   5018.48 1 
  5011.48 3.6802e-14   5021.23 1 
  5014.23 1.4159e-14   5023.98 1 
  5016.97 4.8222e-15   5026.73 1 
  5019.72 2.3402e-15   5029.48 1 
  5022.46 1.8059e-15   5032.23 1 
  5025.21 1.5577e-15   5034.98 1 
  5027.95 1.4891e-15   5037.73 1 
  5030.70 1.3526e-15   5040.48 1 
  5033.44 1.3704e-15   5043.23 1 
  5036.18 1.3981e-15   5045.98 1 
  5038.93 1.2433e-15   5048.73 1 
  5041.67 1.1692e-15   5051.48 1 
  5044.42 1.4059e-15   5054.23 1 
  5047.16 1.2477e-15   5056.98 1 
  5049.91 1.4458e-15   5059.73 1 
  5052.65 1.3003e-15   5062.48 1 
  5055.40 1.4560e-15   5065.23 1 
  5058.14 1.4581e-15   5067.98 1 
  5060.89 1.3457e-15   5070.73 1 
  5063.63 1.3006e-15   5073.48 1 
  5066.38 1.3121e-15   5076.23 1 
  5069.12 1.2071e-15   5078.98 1 
  5071.87 1.3616e-15   5081.73 1 
  5074.61 1.3131e-15   5084.48 1 
  5077.35 1.3202e-15   5087.23 1 
  5080.10 1.2776e-15   5089.98 1 
  5082.84 1.2547e-15   5092.73 1 
  5085.59 1.1272e-15   5095.48 1 
  5088.33 1.3074e-15   5098.23 1 
  5091.08 1.3749e-15   5100.98 1 
  5093.82 1.3500e-15   5103.73 1 
  5096.57 1.4250e-15   5106.48 1 
  5099.31 1.2472e-15   5109.23 1 
  5102.06 1.2344e-15   5111.98 1 
  5104.80 1.2527e-15   5114.73 1 
  5107.55 1.3493e-15   5117.48 1 
  5110.29 1.2526e-15   5120.23 1 
  5113.04 1.2582e-15   5122.98 1 
  5115.78 1.3142e-15   5125.73 1 
  5118.52 1.4171e-15   5128.48 1 
  5121.27 1.3609e-15   5131.23 1 
  5124.01 1.3415e-15   5133.98 1 
  5126.76 1.3516e-15   5136.73 1 
  5129.50 1.2475e-15   5139.48 1 
  5132.25 1.2528e-15   5142.23 1 
  5134.99 1.1689e-15   5144.98 1 
  5137.74 1.2923e-15   5147.73 1 
  5140.48 1.2350e-15   5150.48 1 
  5143.23 1.3687e-15   5153.23 1 
  5145.97 1.3106e-15   5155.98 1 
  5148.72 1.3731e-15   5158.73 1 
  5151.46 1.1727e-15   5161.48 1 
  5154.21 1.1269e-15   5164.23 1 
  5156.95 1.3011e-15   5166.98 1 
  5159.69 1.3177e-15   5169.73 1 
  5162.44 1.2551e-15   5172.48 1 
  5165.18 1.0517e-15   5175.23 1 
  5167.93 9.6461e-16   5177.98 1 
  5170.67 1.2374e-15   5180.73 1 
  5173.42 1.3052e-15   5183.48 1 
  5176.16 1.1579e-15   5186.23 1 
  5178.91 1.2440e-15   5188.98 1 
  5181.65 1.1878e-15   5191.73 1 
  5184.40 1.1971e-15   5194.48 1 
  5187.14 1.2273e-15   5197.23 1 
  5189.89 1.1880e-15   5199.98 1 
  5192.63 1.0332e-15   5202.73 1 
  5195.37 1.0700e-15   5205.48 1 
  5198.12 1.1150e-15   5208.23 1 
  5200.86 1.2541e-15   5210.98 1 
  5203.61 1.2752e-15   5213.73 1 
  5206.35 1.1690e-15   5216.48 1 
  5209.10 1.1389e-15   5219.23 1 
  5211.84 1.3517e-15   5221.98 1 
  5214.59 1.3505e-15   5224.73 1 
  5217.33 1.2181e-15   5227.48 1 
  5220.08 1.2012e-15   5230.23 1 
  5222.82 1.2409e-15   5232.98 1 
  5225.57 1.2784e-15   5235.73 1 
  5228.31 1.3145e-15   5238.48 1 
  5231.06 1.0716e-15   5241.23 1 
  5233.80 1.1517e-15   5243.98 1 
  5236.54 1.3265e-15   5246.73 1 
  5239.29 1.2263e-15   5249.48 1 
  5242.03 1.2404e-15   5252.23 1 
  5244.78 1.2974e-15   5254.98 1 
  5247.52 1.3611e-15   5257.73 1 
  5250.27 1.3909e-15   5260.48 1 
  5253.01 1.1502e-15   5263.23 1 
  5255.76 1.0483e-15   5265.98 1 
  5258.50 1.1996e-15   5268.73 1 
  5261.25 1.2651e-15   5271.48 1 
  5263.99 1.2351e-15   5274.23 1 
  5266.74 1.1082e-15   5276.98 1 
  5269.48 1.0726e-15   5279.73 1 
  5272.23 1.2715e-15   5282.48 1 
  5274.97 1.3250e-15   5285.23 1 
  5277.71 1.3457e-15   5287.98 1 
  5280.46 1.2237e-15   5290.73 1 
  5283.20 1.0393e-15   5293.48 1 
  5285.95 1.0911e-15   5296.23 1 
  5288.69 1.3152e-15   5298.98 1 
  5291.44 1.4179e-15   5301.73 1 
  5294.18 1.3861e-15   5304.48 1 
  5296.93 1.3394e-15   5307.23 1 
  5299.67 1.3166e-15   5309.98 1 
  5302.42 1.3131e-15   5312.73 1 
  5305.16 1.2273e-15   5315.48 1 
  5307.91 1.2240e-15   5318.23 1 
  5310.65 1.2565e-15   5320.98 1 
  5313.40 1.2784e-15   5323.73 1 
  5316.14 1.2428e-15   5326.48 1 
  5318.88 1.0900e-15   5329.23 1 
  5321.63 1.4689e-15   5331.98 1 
  5324.37 1.3824e-15   5334.73 1 
  5327.12 1.3104e-15   5337.48 1 
  5329.86 1.2139e-15   5340.23 1 
  5332.61 1.2185e-15   5342.98 1 
  5335.35 1.1764e-15   5345.73 1 
  5338.10 1.2635e-15   5348.48 1 
  5340.84 1.2293e-15   5351.23 1 
  5343.59 1.1939e-15   5353.98 1 
  5346.33 1.2046e-15   5356.73 1 
  5349.08 1.2728e-15   5359.48 1 
  5351.82 1.2277e-15   5362.23 1 
  5354.57 1.2487e-15   5364.98 1 
  5357.31 1.2089e-15   5367.73 1 
  5360.05 1.1563e-15   5370.48 1 
  5362.80 1.0745e-15   5373.23 1 
  5365.54 1.1915e-15   5375.98 1 
  5368.29 1.1177e-15   5378.73 1 
  5371.03 1.2062e-15   5381.48 1 
  5373.78 1.1076e-15   5384.23 1 
  5376.52 1.2324e-15   5386.98 1 
  5379.27 1.2958e-15   5389.73 1 
  5382.01 1.2311e-15   5392.48 1 
  5384.76 1.1595e-15   5395.23 1 
  5387.50 1.3618e-15   5397.98 1 
  5390.25 1.2581e-15   5400.73 1 
  5392.99 1.1232e-15   5403.48 1 
  5395.74 1.1524e-15   5406.23 1 
  5398.48 1.1413e-15   5408.98 1 
  5401.22 1.1683e-15   5411.73 1 
  5403.97 1.1936e-15   5414.48 1 
  5406.71 1.2233e-15   5417.23 1 
  5409.46 1.1039e-15   5419.98 1 
  5412.20 1.2858e-15   5422.73 1 
  5414.95 1.3038e-15   5425.48 1 
  5417.69 1.1467e-15   5428.23 1 
  5420.44 1.1324e-15   5430.98 1 
  5423.18 1.1409e-15   5433.73 1 
  5425.93 1.2426e-15   5436.48 1 
  5428.67 1.1502e-15   5439.23 1 
  5431.42 1.2284e-15   5441.98 1 
  5434.16 1.2774e-15   5444.73 1 
  5436.91 1.3892e-15   5447.48 1 
  5439.65 1.4260e-15   5450.23 1 
  5442.39 1.1106e-15   5452.98 1 
  5445.14 1.0620e-15   5455.73 1 
  5447.88 1.2678e-15   5458.48 1 
  5450.63 1.2102e-15   5461.23 1 
  5453.37 1.0213e-15   5463.98 1 
  5456.12 1.1253e-15   5466.73 1 
  5458.86 1.3121e-15   5469.48 1 
  5461.61 1.2296e-15   5472.23 1 
  5464.35 1.2450e-15   5474.98 1 
  5467.10 1.1316e-15   5477.73 1 
  5469.84 1.1686e-15   5480.48 1 
  5472.59 1.2349e-15   5483.23 1 
  5475.33 1.2500e-15   5485.98 1 
  5478.08 1.4307e-15   5488.73 1 
  5480.82 1.4816e-15   5491.48 1 
  5483.56 1.3287e-15   5494.23 1 
  5486.31 1.2337e-15   5496.98 1 
  5489.05 1.1513e-15   5499.73 1 
  5491.80 1.1097e-15   5502.48 1 
  5494.54 1.0584e-15   5505.23 1 
  5497.29 1.3313e-15   5507.98 1 
  5500.03 1.3209e-15   5510.73 1 
  5502.78 1.2682e-15   5513.48 1 
  5505.52 1.3145e-15   5516.23 1 
  5508.27 1.1830e-15   5518.98 1 
  5511.01 1.2764e-15   5521.73 1 
  5513.76 1.2673e-15   5524.48 1 
  5516.50 1.2745e-15   5527.23 1 
  5519.25 1.1875e-15   5529.98 1 
  5521.99 1.1420e-15   5532.73 1 
  5524.73 1.1605e-15   5535.48 1 
  5527.48 1.1253e-15   5538.23 1 
  5530.22 1.0979e-15   5540.98 1 
  5532.97 1.4263e-15   5543.73 1 
  5535.71 1.3550e-15   5546.48 1 
  5538.46 1.2268e-15   5549.23 1 
  5541.20 1.0419e-15   5551.98 1 
  5543.95 1.2731e-15   5554.73 1 
  5546.69 9.9565e-16   5557.48 1 
  5549.44 1.3049e-15   5560.23 1 
  5552.18 1.2436e-15   5562.98 1 
  5554.93 1.1998e-15   5565.73 1 
  5557.67 1.3031e-15   5568.48 1 
  5560.41 1.3029e-15   5571.23 1 
  5563.16 1.1100e-15   5573.98 1 
  5565.90 1.1075e-15   5576.73 1 
  5568.65 1.1930e-15   5579.48 1 
  5571.39 1.1803e-15   5582.23 1 
  5574.14 1.3740e-15   5584.98 1 
  5576.88 9.3259e-16   5587.73 1 
  5579.63 1.2840e-15   5590.48 1 
  5582.37 1.2734e-15   5593.23 1 
  5585.12 1.1457e-15   5595.98 1 
  5587.86 1.1517e-15   5598.73 1 
  5590.61 9.5836e-16   5601.48 1 
  5593.35 1.2610e-15   5604.23 1 
  5596.10 1.0612e-15   5606.98 1 
  5598.84 1.1375e-15   5609.73 1 
  5601.58 1.0754e-15   5612.48 1 
  5604.33 1.1071e-15   5615.23 1 
  5607.07 1.3705e-15   5617.98 1 
  5609.82 1.3188e-15   5620.73 1 
  5612.56 1.1811e-15   5623.48 1 
  5615.31 1.0164e-15   5626.23 1 
  5618.05 1.0397e-15   5628.98 1 
  5620.80 1.1401e-15   5631.73 1 
  5623.54 1.1735e-15   5634.48 1 
  5626.29 1.0536e-15   5637.23 1 
  5629.03 1.1107e-15   5639.98 1 
  5631.78 1.1574e-15   5642.73 1 
  5634.52 1.0930e-15   5645.48 1 
  5637.27 1.0001e-15   5648.23 1 
  5640.01 1.1961e-15   5650.98 1 
  5642.75 1.0954e-15   5653.73 1 
  5645.50 1.2236e-15   5656.48 1 
  5648.24 1.0986e-15   5659.23 1 
  5650.99 1.1842e-15   5661.98 1 
  5653.73 1.0908e-15   5664.73 1 
  5656.48 1.1411e-15   5667.48 1 
  5659.22 1.0041e-15   5670.23 1 
  5661.97 1.0625e-15   5672.98 1 
  5664.71 9.9625e-16   5675.73 1 
  5667.46 1.2368e-15   5678.48 1 
  5670.20 1.1118e-15   5681.23 1 
  5672.95 1.2664e-15   5683.98 1 
  5675.69 1.2113e-15   5686.73 1 
  5678.44 9.9151e-16   5689.48 1 
  5681.18 9.7309e-16   5692.23 1 
  5683.92 1.1483e-15   5694.98 1 
  5686.67 9.9645e-16   5697.73 1 
  5689.41 1.1837e-15   5700.48 1 
  5692.16 9.6524e-16   5703.23 1 
  5694.90 1.0674e-15   5705.98 1 
  5697.65 1.0785e-15   5708.73 1 
  5700.39 1.0568e-15   5711.48 1 
  5703.14 1.1300e-15   5714.23 1 
  5705.88 1.0693e-15   5716.98 1 
  5708.63 1.0691e-15   5719.73 1 
  5711.37 1.2838e-15   5722.48 1 
  5714.12 1.1983e-15   5725.23 1 
  5716.86 1.1155e-15   5727.98 1 
  5719.61 1.3025e-15   5730.73 1 
  5722.35 1.0507e-15   5733.48 1 
  5725.09 1.2193e-15   5736.23 1 
  5727.84 1.1174e-15   5738.98 1 
  5730.58 1.0480e-15   5741.73 1 
  5733.33 1.0552e-15   5744.48 1 
  5736.07 1.2116e-15   5747.23 1 
  5738.82 1.0889e-15   5749.98 1 
  5741.56 9.7720e-16   5752.73 1 
  5744.31 1.1360e-15   5755.48 1 
  5747.05 1.1577e-15   5758.23 1 
  5749.80 1.3625e-15   5760.98 1 
  5752.54 1.3336e-15   5763.73 1 
  5755.29 1.2982e-15   5766.48 1 
  5758.03 1.2684e-15   5769.23 1 
  5760.78 1.2254e-15   5771.98 1 
  5763.52 1.1449e-15   5774.73 1 
  5766.26 1.1674e-15   5777.48 1 
  5769.01 1.3050e-15   5780.23 1 
  5771.75 1.3096e-15   5782.98 1 
  5774.50 1.0695e-15   5785.73 1 
  5777.24 1.3037e-15   5788.48 1 
  5779.99 1.2510e-15   5791.23 1 
  5782.73 1.1889e-15   5793.98 1 
  5785.48 1.1851e-15   5796.73 1 
  5788.22 1.2616e-15   5799.48 1 
  5790.97 1.1444e-15   5802.23 1 
  5793.71 1.1622e-15   5804.98 1 
  5796.46 1.0541e-15   5807.73 1 
  5799.20 1.0927e-15   5810.48 1 
  5801.95 1.0804e-15   5813.23 1 
  5804.69 1.0791e-15   5815.98 1 
  5807.43 1.1109e-15   5818.73 1 
  5810.18 1.1080e-15   5821.48 1 
  5812.92 1.1553e-15   5824.23 1 
  5815.67 1.1634e-15   5826.98 1 
  5818.41 1.0306e-15   5829.73 1 
  5821.16 1.0754e-15   5832.48 1 
  5823.90 1.2699e-15   5835.23 1 
  5826.65 1.3541e-15   5837.98 1 
  5829.39 1.2841e-15   5840.73 1 
  5832.14 1.1420e-15   5843.48 1 
  5834.88 1.1952e-15   5846.23 1 
  5837.63 1.0828e-15   5848.98 1 
  5840.37 1.0277e-15   5851.73 1 
  5843.12 1.1229e-15   5854.48 1 
  5845.86 1.1872e-15   5857.23 1 
  5848.60 1.2840e-15   5859.98 1 
  5851.35 1.0895e-15   5862.73 1 
  5854.09 1.0681e-15   5865.48 1 
  5856.84 1.2513e-15   5868.23 1 
  5859.58 1.2308e-15   5870.98 1 
  5862.33 8.7282e-16   5873.73 1 
  5865.07 9.9069e-16   5876.48 1 
  5867.82 1.3102e-15   5879.23 1 
  5870.56 1.5760e-15   5881.98 1 
  5873.31 2.2879e-15   5884.73 1 
  5876.05 2.5222e-15   5887.48 1 
  5878.80 1.9910e-15   5890.23 1 
  5881.54 1.4033e-15   5892.98 1 
  5884.29 9.5129e-16   5895.73 1 
  5887.03 8.1396e-16   5898.48 1 
  5889.77 8.7567e-16   5901.23 1 
  5892.52 9.8351e-16   5903.98 1 
  5895.26 1.0403e-15   5906.73 1 
  5898.01 1.1129e-15   5909.48 1 
  5900.75 1.1327e-15   5912.23 1 
  5903.50 1.1406e-15   5914.98 1 
  5906.24 1.0451e-15   5917.73 1 
  5908.99 1.0056e-15   5920.48 1 
  5911.73 1.1478e-15   5923.23 1 
  5914.48 9.4093e-16   5925.98 1 
  5917.22 1.0208e-15   5928.73 1 
  5919.97 1.1717e-15   5931.48 1 
  5922.71 1.1713e-15   5934.23 1 
  5925.45 9.8616e-16   5936.98 1 
  5928.20 1.0718e-15   5939.73 1 
  5930.94 1.0748e-15   5942.48 1 
  5933.69 9.5735e-16   5945.23 1 
  5936.43 1.0224e-15   5947.98 1 
  5939.18 1.2174e-15   5950.73 1 
  5941.92 1.2242e-15   5953.48 1 
  5944.67 1.1820e-15   5956.23 1 
  5947.41 1.1623e-15   5958.98 1 
  5950.16 1.1013e-15   5961.73 1 
  5952.90 1.0494e-15   5964.48 1 
  5955.65 1.0418e-15   5967.23 1 
  5958.39 1.0381e-15   5969.98 1 
  5961.14 1.0883e-15   5972.73 1 
  5963.88 1.1475e-15   5975.48 1 
  5966.62 1.1678e-15   5978.23 1 
  5969.37 1.2231e-15   5980.98 1 
  5972.11 1.0090e-15   5983.73 1 
  5974.86 1.0392e-15   5986.48 1 
  5977.60 1.1143e-15   5989.23 1 
  5980.35 1.2608e-15   5991.98 1 
  5983.09 1.2219e-15   5994.73 1 
  5985.84 1.1361e-15   5997.48 1 
  5988.58 1.1387e-15   6000.23 1 
  5991.33 1.1944e-15   6002.98 1 
  5994.07 1.1135e-15   6005.73 1 
  5996.82 1.0599e-15   6008.48 1 
  5999.56 1.1923e-15   6011.23 1 
  6002.31 1.1056e-15   6013.98 1 
  6005.05 1.0174e-15   6016.73 1 
  6007.79 1.1185e-15   6019.48 1 
  6010.54 1.1004e-15   6022.23 1 
  6013.28 1.0415e-15   6024.98 1 
  6016.03 1.0382e-15   6027.73 1 
  6018.77 9.6791e-16   6030.48 1 
  6021.52 9.8736e-16   6033.23 1 
  6024.26 1.2634e-15   6035.98 1 
  6027.01 1.2680e-15   6038.73 1 
  6029.75 1.3613e-15   6041.48 1 
  6032.50 1.2907e-15   6044.23 1 
  6035.24 1.1353e-15   6046.98 1 
  6037.99 1.0736e-15   6049.73 1 
  6040.73 9.9404e-16   6052.48 1 
  6043.48 1.1581e-15   6055.23 1 
  6046.22 1.0469e-15   6057.98 1 
  6048.96 1.1136e-15   6060.73 1 
  6051.71 9.8420e-16   6063.48 1 
  6054.45 6.6367e-16   6066.23 1 
  6057.20 1.3312e-15   6068.98 1 
  6059.94 9.9517e-16   6071.73 1 
  6062.69 1.2965e-15   6074.48 1 
  6065.43 9.7944e-16   6077.23 1 
  6068.18 1.1847e-15   6079.98 1 
  6070.92 9.9749e-16   6082.73 1 
  6073.67 1.2919e-15   6085.48 1 
  6076.41 1.0747e-15   6088.23 1 
  6079.16 1.0577e-15   6090.98 1 
  6081.90 6.4228e-16   6093.73 1 
  6084.65 1.1071e-15   6096.48 1 
  6087.39 9.5306e-16   6099.23 1 
  6090.13 1.2070e-15   6101.98 1 
  6092.88 7.4418e-16   6104.73 1 
  6095.62 1.2222e-15   6107.48 1 
  6098.37 9.1352e-16   6110.23 1 
  6101.11 1.0567e-15   6112.98 1 
  6103.86 7.9580e-16   6115.73 1 
  6106.60 1.0819e-15   6118.48 1 
  6109.35 9.6855e-16   6121.23 1 
  6112.09 1.0269e-15   6123.98 1 
  6114.84 9.1221e-16   6126.73 1 
  6117.58 1.0668e-15   6129.48 1 
  6120.33 9.5111e-16   6132.23 1 
  6123.07 1.0481e-15   6134.98 1 
  6125.82 1.0071e-15   6137.73 1 
  6128.56 9.0798e-16   6140.48 1 
  6131.30 1.0645e-15   6143.23 1 
  6134.05 1.0277e-15   6145.98 1 
  6136.79 1.0020e-15   6148.73 1 
  6139.54 1.0210e-15   6151.48 1 
  6142.28 8.8578e-16   6154.23 1 
  6145.03 1.0147e-15   6156.98 1 
  6147.77 1.0396e-15   6159.73 1 
  6150.52 8.2215e-16   6162.48 1 
  6153.26 9.2556e-16   6165.23 1 
  6156.01 1.0751e-15   6167.98 1 
  6158.75 1.0305e-15   6170.73 1 
  6161.50 1.2054e-15   6173.48 1 
  6164.24 1.0916e-15   6176.23 1 
  6166.99 9.7870e-16   6178.98 1 
  6169.73 1.0928e-15   6181.73 1 
  6172.47 9.1556e-16   6184.48 1 
  6175.22 8.4361e-16   6187.23 1 
  6177.96 8.8561e-16   6189.98 1 
  6180.71 1.0412e-15   6192.73 1 
  6183.45 1.0990e-15   6195.48 1 
  6186.20 1.0173e-15   6198.23 1 
  6188.94 1.1967e-15   6200.98 1 
  6191.69 1.0937e-15   6203.73 1 
  6194.43 1.2023e-15   6206.48 1 
  6197.18 1.0226e-15   6209.23 1 
  6199.92 1.0716e-15   6211.98 1 
  6202.67 1.1417e-15   6214.73 1 
  6205.41 1.0373e-15   6217.48 1 
  6208.16 9.5380e-16   6220.23 1 
  6210.90 9.7844e-16   6222.98 1 
  6213.64 8.6768e-16   6225.73 1 
  6216.39 9.3723e-16   6228.48 1 
  6219.13 1.1332e-15   6231.23 1 
  6221.88 1.0963e-15   6233.98 1 
  6224.62 1.0599e-15   6236.73 1 
  6227.37 8.8759e-16   6239.48 1 
  6230.11 9.7654e-16   6242.23 1 
  6232.86 1.0352e-15   6244.98 1 
  6235.60 9.1730e-16   6247.73 1 
  6238.35 9.0136e-16   6250.48 1 
  6241.09 1.1957e-15   6253.23 1 
  6243.84 1.0771e-15   6255.98 1 
  6246.58 1.1464e-15   6258.73 1 
  6249.33 1.0825e-15   6261.48 1 
  6252.07 1.0085e-15   6264.23 1 
  6254.81 9.6765e-16   6266.98 1 
  6257.56 9.7954e-16   6269.73 1 
  6260.30 9.3746e-16   6272.48 1 
  6263.05 1.0920e-15   6275.23 1 
  6265.79 9.5515e-16   6277.98 1 
  6268.54 1.1115e-15   6280.73 1 
  6271.28 1.2722e-15   6283.48 1 
  6274.03 1.0347e-15   6286.23 1 
  6276.77 8.5410e-16   6288.98 1 
  6279.52 8.4169e-16   6291.73 1 
  6282.26 8.9218e-16   6294.48 1 
  6285.01 1.0828e-15   6297.23 1 
  6287.75 1.8166e-15   6299.98 1 
  6290.49 3.8536e-16   6302.73 1 
  6293.24 9.4414e-16   6305.48 1 
  6295.98 2.0286e-15   6308.23 1 
  6298.73 2.2077e-15   6310.98 1 
  6301.47 1.4436e-15   6313.73 1 
  6304.22 1.3303e-15   6316.48 1 
  6306.96 1.3003e-15   6319.23 1 
  6309.71 1.4210e-15   6321.98 1 
  6312.45 1.4598e-15   6324.73 1 
  6315.20 1.2614e-15   6327.48 1 
  6317.94 1.1125e-15   6330.23 1 
  6320.69 9.0146e-16   6332.98 1 
  6323.43 9.2897e-16   6335.73 1 
  6326.18 9.9772e-16   6338.48 1 
  6328.92 9.9446e-16   6341.23 1 
  6331.66 1.1409e-15   6343.98 1 
  6334.41 1.0461e-15   6346.73 1 
  6337.15 1.0432e-15   6349.48 1 
  6339.90 1.0855e-15   6352.23 1 
  6342.64 9.7899e-16   6354.98 1 
  6345.39 1.1010e-15   6357.73 1 
  6348.13 1.0248e-15   6360.48 1 
  6350.88 9.7978e-16   6363.23 1 
  6353.62 1.1447e-15   6365.98 1 
  6356.37 8.7390e-16   6368.73 1 
  6359.11 1.0411e-15   6371.48 1 
  6361.86 6.9306e-16   6374.23 1 
  6364.60 1.1920e-15   6376.98 1 
  6367.35 1.0740e-15   6379.73 1 
  6370.09 1.0486e-15   6382.48 1 
  6372.83 1.0394e-15   6385.23 1 
  6375.58 8.6949e-16   6387.98 1 
  6378.32 1.2809e-15   6390.73 1 
  6381.07 1.2295e-15   6393.48 1 
  6383.81 8.7755e-16   6396.23 1 
  6386.56 1.2469e-15   6398.98 1 
  6389.30 1.0048e-15   6401.73 1 
  6392.05 8.4241e-16   6404.48 1 
  6394.79 1.0777e-15   6407.23 1 
  6397.54 9.5761e-16   6409.98 1 
  6400.28 1.0343e-15   6412.73 1 
  6403.03 1.0026e-15   6415.48 1 
  6405.77 1.1199e-15   6418.23 1 
  6408.52 1.0491e-15   6420.98 1 
  6411.26 9.8739e-16   6423.73 1 
  6414.00 8.9268e-16   6426.48 1 
  6416.75 1.0728e-15   6429.23 1 
  6419.49 1.0710e-15   6431.98 1 
  6422.24 9.7767e-16   6434.73 1 
  6424.98 1.0323e-15   6437.48 1 
  6427.73 1.0728e-15   6440.23 1 
  6430.47 1.1461e-15   6442.98 1 
  6433.22 1.0247e-15   6445.73 1 
  6435.96 9.7153e-16   6448.48 1 
  6438.71 1.0907e-15   6451.23 1 
  6441.45 1.1008e-15   6453.98 1 
  6444.20 1.0240e-15   6456.73 1 
  6446.94 1.0091e-15   6459.48 1 
  6449.69 1.1639e-15   6462.23 1 
  6452.43 1.2986e-15   6464.98 1 
  6455.17 1.1343e-15   6467.73 1 
  6457.92 8.8247e-16   6470.48 1 
  6460.66 8.7021e-16   6473.23 1 
  6463.41 7.9644e-16   6475.98 1 
  6466.15 7.8742e-16   6478.73 1 
  6468.90 8.4937e-16   6481.48 1 
  6471.64 8.4079e-16   6484.23 1 
  6474.39 8.8403e-16   6486.98 1 
  6477.13 1.0019e-15   6489.73 1 
  6479.88 1.0249e-15   6492.48 1 
  6482.62 9.2239e-16   6495.23 1 
  6485.37 9.6001e-16   6497.98 1 
  6488.11 9.6598e-16   6500.73 1 
  6490.86 7.8236e-16   6503.48 1 
  6493.60 7.4553e-16   6506.23 1 
  6496.34 9.2321e-16   6508.98 1 
  6499.09 1.1100e-15   6511.73 1 
  6501.83 1.0393e-15   6514.48 1 
  6504.58 1.0855e-15   6517.23 1 
  6507.32 9.2995e-16   6519.98 1 
  6510.07 1.0612e-15   6522.73 1 
  6512.81 9.9180e-16   6525.48 1 
  6515.56 8.8573e-16   6528.23 1 
  6518.30 1.3099e-15   6530.98 1 
  6521.05 1.1541e-15   6533.73 1 
  6523.79 1.0732e-15   6536.48 1 
  6526.54 1.1019e-15   6539.23 1 
  6529.28 8.5680e-16   6541.98 1 
  6532.03 1.0289e-15   6544.73 1 
  6534.77 9.5000e-16   6547.48 1 
  6537.51 8.8101e-16   6550.23 1 
  6540.26 9.1307e-16   6552.98 1 
  6543.00 1.1763e-15   6555.73 1 
  6545.75 1.2040e-15   6558.48 1 
  6548.49 1.5259e-15   6561.23 1 
  6551.24 1.9374e-15   6563.98 1 
  6553.98 3.1401e-15   6566.73 1 
  6556.73 7.6050e-15   6569.48 1 
  6559.47 2.0956e-14   6572.23 1 
  6562.22 3.5085e-14   6574.98 1 
  6564.96 3.4134e-14   6577.73 1 
  6567.71 1.9269e-14   6580.48 1 
  6570.45 5.8336e-15   6583.23 1 
  6573.20 2.4041e-15   6585.98 1 
  6575.94 1.5248e-15   6588.73 1 
  6578.68 1.1662e-15   6591.48 1 
  6581.43 1.8177e-15   6594.23 1 
  6584.17 1.7308e-15   6596.98 1 
  6586.92 1.9912e-15   6599.73 1 
  6589.66 1.0633e-15   6602.48 1 
  6592.41 9.1486e-16   6605.23 1 
  6595.15 9.8498e-16   6607.98 1 
  6597.90 8.2603e-16   6610.73 1 
  6600.64 9.6771e-16   6613.48 1 
  6603.39 9.9455e-16   6616.23 1 
  6606.13 9.2632e-16   6618.98 1 
  6608.88 1.1006e-15   6621.73 1 
  6611.62 9.2986e-16   6624.48 1 
  6614.37 9.3094e-16   6627.23 1 
  6617.11 1.0846e-15   6629.98 1 
  6619.85 1.0064e-15   6632.73 1 
  6622.60 1.1204e-15   6635.48 1 
  6625.34 1.0489e-15   6638.23 1 
  6628.09 1.0077e-15   6640.98 1 
  6630.83 9.2038e-16   6643.73 1 
  6633.58 8.0852e-16   6646.48 1 
  6636.32 9.3078e-16   6649.23 1 
  6639.07 9.1108e-16   6651.98 1 
  6641.81 9.9593e-16   6654.73 1 
  6644.56 1.0933e-15   6657.48 1 
  6647.30 1.0608e-15   6660.23 1 
  6650.05 1.0032e-15   6662.98 1 
  6652.79 9.1468e-16   6665.73 1 
  6655.53 1.0838e-15   6668.48 1 
  6658.28 1.0053e-15   6671.23 1 
  6661.02 1.0367e-15   6673.98 1 
  6663.77 9.3316e-16   6676.73 1 
  6666.51 9.1192e-16   6679.48 1 
  6669.26 9.9320e-16   6682.23 1 
  6672.00 1.0371e-15   6684.98 1 
  6674.75 1.0839e-15   6687.73 1 
  6677.49 1.2748e-15   6690.48 1 
  6680.24 1.2521e-15   6693.23 1 
  6682.98 1.1096e-15   6695.98 1 
  6685.73 1.0308e-15   6698.73 1 
  6688.47 8.0501e-16   6701.48 1 
  6691.22 9.7668e-16   6704.23 1 
  6693.96 1.1635e-15   6706.98 1 
  6696.70 1.1061e-15   6709.73 1 
  6699.45 1.0253e-15   6712.48 1 
  6702.19 9.6115e-16   6715.23 1 
  6704.94 1.1128e-15   6717.98 1 
  6707.68 1.2190e-15   6720.73 1 
  6710.43 1.4080e-15   6723.48 1 
  6713.17 2.0857e-15   6726.23 1 
  6715.92 2.8190e-15   6728.98 1 
  6718.66 2.6803e-15   6731.73 1 
  6721.41 1.9282e-15   6734.48 1 
  6724.15 1.5045e-15   6737.23 1 
  6726.90 1.6029e-15   6739.98 1 
  6729.64 2.2463e-15   6742.73 1 
  6732.39 2.1318e-15   6745.48 1 
  6735.13 1.8867e-15   6748.23 1 
  6737.87 1.4369e-15   6750.98 1 
  6740.62 1.2149e-15   6753.73 1 
  6743.36 7.8029e-16   6756.48 1 
  6746.11 9.8100e-16   6759.23 1 
  6748.85 9.7952e-16   6761.98 1 
  6751.60 1.1136e-15   6764.73 1 
  6754.34 1.2129e-15   6767.48 1 
  6757.09 9.8771e-16   6770.23 1 
  6759.83 8.5502e-16   6772.98 1 
  6762.58 9.8101e-16   6775.73 1 
  6765.32 1.3762e-15   6778.48 1 
  6768.07 8.0510e-16   6781.23 1 
  6770.81 8.5162e-16   6783.98 1 
  6773.56 6.0104e-16   6786.73 1 
  6776.30 9.6707e-16   6789.48 1 
  6779.04 7.0514e-16   6792.23 1 
  6781.79 1.0017e-15   6794.98 1 
  6784.53 6.7063e-16   6797.73 1 
  6787.28 1.2016e-15   6800.48 1 
  6790.02 6.8548e-16   6803.23 1 
  6792.77 7.9965e-16   6805.98 1 
  6795.51 8.1983e-16   6808.73 1 
  6798.26 9.7188e-16   6811.48 1 
  6801.00 8.5907e-16   6814.23 1 
  6803.75 7.6705e-16   6816.98 1 
  6806.49 9.2221e-16   6819.73 1 
  6809.24 9.5494e-16   6822.48 1 
  6811.98 9.0108e-16   6825.23 1 
  6814.73 1.0808e-15   6827.98 1 
  6825.84 9.4963e-16   6839.12 0 
  6841.57 9.4947e-16   6854.88 0 
  6857.35 9.4060e-16   6870.68 0 
  6873.16 9.2967e-16   6886.52 0 
  6889.00 9.2524e-16   6902.40 0 
  6904.88 9.2721e-16   6918.31 0 
  6920.80 9.2705e-16   6934.26 0 
  6936.75 9.2688e-16   6950.24 0 
  6952.74 9.2886e-16   6966.26 0 
  6968.77 9.2018e-16   6982.33 0 
  6984.83 9.0530e-16   6998.42 0 
  7000.94 9.0932e-16   7014.55 0 
  7017.07 9.1335e-16   7030.72 0 
  7033.25 9.0482e-16   7046.93 0 
  7049.46 9.2148e-16   7063.18 0 
  7065.71 9.0658e-16   7079.46 0 
  7082.00 9.1060e-16   7095.78 0 
  7098.33 8.9588e-16   7112.14 0 
  7114.69 8.9572e-16   7128.53 0 
  7131.09 8.9555e-16   7144.96 0 
  7147.53 8.8923e-16   7161.43 0 
  7164.01 8.8498e-16   7177.94 0 
  7180.53 8.4890e-16   7194.49 0 
  7197.08 8.3325e-16   7211.08 0 
  7213.67 8.3887e-16   7227.70 0 
  7230.29 8.6023e-16   7244.36 0 
  7246.97 8.4827e-16   7261.06 0 
  7263.67 8.5991e-16   7277.80 0 
  7280.41 8.4406e-16   7294.57 0 
  7297.20 8.3233e-16   7311.39 0 
  7314.02 8.5352e-16   7328.25 0 
  7330.88 8.6523e-16   7345.14 0 
  7347.78 8.7508e-16   7362.07 0 
  7364.72 8.5895e-16   7379.04 0 
  7381.69 8.6674e-16   7396.05 0 
  7398.71 8.5272e-16   7413.10 0 
  7415.77 8.4864e-16   7430.19 0 
  7432.86 8.5239e-16   7447.32 0 
  7450.00 8.4832e-16   7464.49 0 
  7467.17 8.5207e-16   7481.70 0 
  7484.38 8.5191e-16   7498.94 0 
  7501.64 8.3427e-16   7516.23 0 
  7518.93 8.3796e-16   7533.56 0 
  7536.26 8.4555e-16   7550.92 0 
  7553.64 8.4151e-16   7568.33 0 
  7571.05 8.3748e-16   7585.78 0 
  7588.50 8.3732e-16   7603.26 0 
  7606.00 8.1622e-16   7620.79 0 
  7623.53 8.2361e-16   7638.36 0 
  7641.11 8.0656e-16   7655.97 0 
  7658.72 8.1386e-16   7673.61 0 
  7676.37 7.4725e-16   7691.30 0 
  7694.07 7.9137e-16   7709.04 0 
  7711.81 7.6965e-16   7726.81 0 
  7729.58 7.8924e-16   7744.62 0 
  7747.40 7.8908e-16   7762.47 0 
  7765.26 7.8169e-16   7780.37 0 
  7783.16 7.4122e-16   7798.30 0 
  7801.10 7.7422e-16   7816.28 0 
  7819.09 7.7763e-16   7834.30 0 
  7837.11 7.7569e-16   7852.36 0 
  7855.18 7.8451e-16   7870.46 0 
  7873.29 7.7896e-16   7888.60 0 
  7891.44 7.7701e-16   7906.79 0 
  7909.63 7.6796e-16   7925.01 0 
  7927.86 7.5379e-16   7943.28 0 
  7946.14 7.5017e-16   7961.59 0 
  7964.45 7.5175e-16   7979.95 0 
  7982.82 7.5855e-16   7998.34 0 
  8001.22 7.5144e-16   8016.78 0 
  8019.66 7.4955e-16   8035.26 0 
  8038.15 7.4768e-16   8053.78 0 
  8056.68 7.4238e-16   8072.35 0 
  8075.25 7.5082e-16   8090.96 0 
  8093.87 7.3866e-16   8109.61 0 
  8112.53 7.4534e-16   8128.31 0 
  8131.23 7.4518e-16   8147.04 0 
  8149.97 7.2639e-16   8165.82 0 
  8168.76 7.0645e-16   8184.65 0 
  8187.59 7.0467e-16   8203.52 0 
  8206.46 6.8375e-16   8222.43 0 
  8225.38 7.1912e-16   8241.38 0 
  8244.35 7.1238e-16   8260.38 0 
  8263.35 7.2380e-16   8279.42 0 
  8282.40 7.0231e-16   8298.51 0 
  8301.49 7.0702e-16   8317.64 0 
  8320.63 7.0687e-16   8336.81 0 
  8339.81 6.9702e-16   8356.03 0 
  8359.04 7.1475e-16   8375.29 0 
  8378.30 7.0968e-16   8394.60 0 
  8397.62 6.7915e-16   8413.95 0 
  8416.98 7.0448e-16   8433.35 0 
  8436.38 7.0109e-16   8452.79 0 
  8455.83 6.7559e-16   8472.27 0 
  8475.32 6.6771e-16   8491.80 0 
  8494.86 7.0712e-16   8511.38 0 
  8514.44 6.7670e-16   8531.00 0 
  8534.07 7.0194e-16   8550.67 0 
  8553.74 5.4476e-16   8570.38 0 
  8573.46 7.0163e-16   8590.14 0 
  8593.22 6.8867e-16   8609.94 0 
  8613.04 6.7130e-16   8629.79 0 
  8632.89 6.8678e-16   8649.68 0 
  8652.79 6.8505e-16   8669.62 0 
  8672.73 5.0075e-16   8689.60 0 
  8692.73 6.5694e-16   8709.64 0 
  8712.77 6.6593e-16   8729.71 0 
  8732.85 6.7972e-16   8749.84 0 
  8752.99 6.4600e-16   8770.01 0 
  8773.16 6.5937e-16   8790.23 0 
  8793.38 6.7148e-16   8810.49 0 
  8813.66 6.4556e-16   8830.80 0 
  8833.97 6.4097e-16   8851.16 0 
  8854.34 6.4675e-16   8871.56 0 
  8874.75 5.8835e-16   8892.01 0 
  8895.21 6.4496e-16   8912.51 0 
  8915.71 6.5228e-16   8933.05 0 
  8936.26 6.3144e-16   8953.65 0 
  8956.87 6.3421e-16   8974.29 0 
  8977.51 6.2106e-16   8994.98 0 
  8998.21 5.6889e-16   9015.71 0 
  9018.96 5.8067e-16   9036.50 0 
  9039.74 6.3508e-16   9057.33 0 
  9060.58 6.5422e-16   9078.20 0 
  9081.47 6.1182e-16   9099.13 0 
  9102.41 6.1875e-16   9120.11 0 
  9123.39 6.3740e-16   9141.13 0 
  9144.42 5.8656e-16   9162.20 0 
  9165.50 5.6651e-16   9183.33 0 
  9186.63 5.9718e-16   9204.50 0 
  9207.80 6.0954e-16   9225.71 0 
  9229.03 5.8735e-16   9246.98 0 
  9250.31 5.9264e-16   9268.30 0 
  9271.63 5.9523e-16   9289.66 0 
  9293.01 5.9921e-16   9311.08 0 
  9314.43 6.0740e-16   9332.54 0 
  9335.90 6.0586e-16   9354.06 0 
  9357.42 6.0154e-16   9375.62 0 
  9378.99 5.9725e-16   9397.23 0 
  9400.61 5.9711e-16   9418.90 0 
  9422.28 5.9285e-16   9440.61 0 
  9444.00 5.8727e-16   9462.37 0 
  9465.77 5.8713e-16   9484.18 0 
  9487.59 5.8428e-16   9506.05 0 
  9509.47 5.7745e-16   9527.96 0 
  9531.39 5.6547e-16   9549.93 0 
  9553.36 5.3003e-16   9571.94 0 
  9575.38 5.6259e-16   9594.01 0 
  9597.46 5.6896e-16   9616.12 0 
  9619.58 5.6620e-16   9638.29 0 
  9641.75 5.6087e-16   9660.51 0 
  9663.98 5.5815e-16   9682.78 0 
  9686.26 5.5930e-16   9705.10 0 
  9708.59 5.5531e-16   9727.47 0 
  9730.97 5.5261e-16   9749.90 0 
  9753.40 5.4993e-16   9772.37 0 
  9775.88 5.4853e-16   9794.90 0 
  9798.42 5.4336e-16   9817.48 0 
  9821.01 5.4447e-16   9840.11 0 
  9843.65 5.4058e-16   9862.79 0 
  9866.34 5.3672e-16   9885.53 0 
  9889.09 5.3412e-16   9908.32 0 
  9911.88 5.3153e-16   9931.16 0 
  9934.73 5.3017e-16   9954.05 0 
  9957.63 5.2759e-16   9977.00 0 
  9980.59 5.2503e-16  10000.00 0 
 10026.65 5.0811e-16  10046.15 0 
 10072.94 4.9628e-16  10092.53 0 
 10119.43 5.0524e-16  10139.12 0 
 10166.14 4.9919e-16  10185.91 0 
 10236.61 4.9535e-16  10256.52 0 
 10283.86 4.9167e-16  10303.86 0 
 10307.56 4.8703e-16  10327.61 0 
 10499.19 4.6624e-16  10519.62 0 
 10694.40 4.4433e-16  10715.20 0 
 10893.22 4.1851e-16  10914.41 0 
 11095.74 4.1182e-16  11117.32 0 
 11302.02 3.9419e-16  11324.00 0 
 11512.14 3.8257e-16  11534.53 0 
 11699.19 3.6788e-16  11721.95 0 
 11889.30 3.5376e-16  11912.43 0 
 12110.34 3.4096e-16  12133.89 0 
 12307.11 3.3091e-16  12331.05 0 
 12507.09 3.2041e-16  12531.41 0 
 12710.31 3.0953e-16  12735.03 0 
 12887.13 2.9971e-16  12912.19 0 
 13096.53 2.9155e-16  13122.00 0 
 13309.33 2.8230e-16  13335.21 0 
 13494.48 2.7587e-16  13520.73 0 
 13713.75 2.6774e-16  13740.42 0 
 13904.53 2.6104e-16  13931.57 0 
 14097.96 2.5393e-16  14125.38 0 
 14294.08 2.4757e-16  14321.88 0 
 14492.93 2.4250e-16  14521.12 0 
 14694.55 2.3698e-16  14723.13 0 
 14898.96 2.3212e-16  14927.94 0 
 15106.22 2.2736e-16  15135.61 0 
 15316.37 2.2372e-16  15346.17 0 
 15493.73 2.2167e-16  15523.87 0 
 15709.28 2.1464e-16  15739.83 0 
 15891.18 2.0831e-16  15922.09 0 
 16112.25 2.0640e-16  16143.59 0 
 16298.81 2.0404e-16  16330.51 0 
 16487.55 1.9575e-16  16519.62 0 
 16716.91 1.9086e-16  16749.43 0 
 16910.49 1.8353e-16  16943.38 0 
 17106.31 1.7894e-16  17139.58 0 
 17304.38 1.7049e-16  17338.03 0 
 17504.76 1.6700e-16  17538.80 0 
 17707.46 1.6170e-16  17741.90 0 
 17912.50 1.5657e-16  17947.34 0 
 18119.91 1.4918e-16  18155.15 0 
 18287.58 1.4612e-16  18323.14 0 
 18499.34 1.4148e-16  18535.32 0 
 18713.54 1.3449e-16  18749.94 0 
 18886.70 1.3204e-16  18923.43 0 
 19105.40 1.2844e-16  19142.56 0 
 19282.17 1.2408e-16  19319.67 0 
 19505.45 1.1850e-16  19543.39 0 
 19685.94 1.1607e-16  19724.23 0 
 19913.90 1.1264e-16  19952.63 0 
 20098.15 1.0983e-16  20137.24 0 
 20284.12 1.0585e-16  20323.57 0 
 20519.01 1.0344e-16  20558.92 0 
 20708.85 9.9932e-17  20749.13 0 
 20900.48 9.6985e-17  20941.13 0 
 21093.85 9.4560e-17  21134.88 0 
 21289.04 9.1771e-17  21330.45 0 
 21486.04 8.9270e-17  21527.83 0 
 21684.83 8.5449e-17  21727.01 0 
 21885.49 8.4083e-17  21928.05 0 
 22087.97 8.1603e-17  22130.94 0 
 22292.36 7.9196e-17  22335.72 0 
 22498.64 7.7038e-17  22542.40 0 
 22706.80 7.4939e-17  22750.97 0 
 22916.92 6.9776e-17  22961.49 0 
 23075.76 6.8819e-17  23120.64 0 
 23289.28 6.3053e-17  23334.58 0 
 23504.79 6.0772e-17  23550.50 0 
 23722.26 6.0772e-17  23768.40 0 
 23886.71 5.6716e-17  23933.17 0 
 24107.71 5.5553e-17  24154.60 0 
 24274.83 5.5043e-17  24322.05 0 
 24499.43 5.2204e-17  24547.08 0 
 24726.13 5.1964e-17  24774.22 0 
 24897.51 4.8384e-17  24945.94 0 
 25127.90 4.7831e-17  25176.77 0 
 25302.06 4.7066e-17  25351.28 0 
 25477.46 4.6101e-17  25527.02 0 
 25713.19 4.5573e-17  25763.20 0 
 25891.44 4.4331e-17  25941.79 0 
 26070.89 4.3522e-17  26121.60 0 
 26312.14 4.2238e-17  26363.31 0 
 26494.51 4.1851e-17  26546.04 0 
 26678.18 4.0617e-17  26730.07 0 
 26925.04 4.0060e-17  26977.41 0 
 27111.66 3.9328e-17  27164.39 0 
 27299.58 3.8433e-17  27352.67 0 
 27488.83 3.7472e-17  27542.29 0 
 27679.36 3.6703e-17  27733.19 0 
 27871.24 3.6033e-17  27925.45 0 
 28129.11 3.5213e-17  28183.82 0 
 28324.10 3.4491e-17  28379.20 0 
 28520.42 3.3706e-17  28575.90 0 
 28718.14 3.2637e-17  28773.99 0 
 28917.19 3.2189e-17  28973.43 0 
 29117.65 3.1456e-17  29174.28 0 
 29319.47 3.0740e-17  29376.49 0 
 29522.72 3.0040e-17  29580.14 0 
 29727.34 2.9424e-17  29785.16 0 
 29933.42 2.8688e-17  29991.64 0 
 30071.58 2.8100e-17  30130.07 0 
 30280.01 2.7271e-17  30338.90 0 
 30489.92 2.6774e-17  30549.22 0 
 30701.25 2.6285e-17  30760.96 0 
 30914.08 2.5687e-17  30974.21 0 
 31128.35 2.5102e-17  31188.89 0 
 31272.02 2.4587e-17  31332.84 0 
 31488.81 2.4027e-17  31550.05 0 
 31707.06 2.3535e-17  31768.73 0 
 31926.86 2.3052e-17  31988.96 0 
 32074.22 2.2527e-17  32136.60 0 
 32296.57 2.2065e-17  32359.38 0 
 32520.42 2.1662e-17  32583.67 0 
 32670.51 2.1267e-17  32734.06 0 
 32897.00 2.0975e-17  32960.98 0 
 33125.01 2.0687e-17  33189.44 0 
 33277.90 1.9939e-17  33342.62 0 
 33508.59 1.9440e-17  33573.76 0 
 33663.25 1.8954e-17  33728.72 0 
 33896.61 1.8523e-17  33962.54 0 
 34131.55 1.8143e-17  34197.94 0 
 34289.09 1.7771e-17  34355.78 0 
 34526.79 1.7406e-17  34593.94 0 
 34686.14 1.7049e-17  34753.61 0 
 34926.60 1.6700e-17  34994.53 0 
 35087.80 1.6357e-17  35156.04 0 
 35331.00 1.5985e-17  35399.71 0 
 35494.10 1.5693e-17  35563.14 0 
 35740.12 1.5371e-17  35809.64 0 
 35905.12 1.5056e-17  35974.95 0 
 36070.83 1.4747e-17  36140.99 0 
 36320.85 1.4478e-17  36391.49 0 
 36488.53 1.4148e-17  36559.50 0 
 36741.43 1.3922e-17  36812.89 0 
 36911.01 1.3574e-17  36982.80 0 
 37081.42 1.3357e-17  37153.54 0 
 37338.43 1.3083e-17  37411.05 0 
 37510.76 1.2726e-17  37583.72 0 
 37683.94 1.2610e-17  37757.23 0 
 37857.87 1.2380e-17  37931.50 0 
 38120.26 1.2126e-17  38194.41 0 
 38296.25 1.1932e-17  38370.73 0 
 38473.00 1.1714e-17  38547.83 0 
 38739.71 1.1500e-17  38815.06 0 
 38918.51 1.1290e-17  38994.21 0 
 39098.14 1.1033e-17  39174.18 0 
 39278.59 1.0882e-17  39354.99 0 
 39459.92 1.0683e-17  39536.67 0 
 39733.43 1.0488e-17  39810.71 0 
 39916.86 1.0273e-17  39994.50 0 
 40101.09 1.0086e-17  40179.09 0 
 40286.18 9.9244e-18  40364.54 0 
 40472.12 9.6985e-18  40550.84 0 
 40658.96 9.6096e-18  40738.04 0 
 40940.77 9.4560e-18  41020.40 0 
 41129.73 9.3048e-18  41209.73 0 
 41319.61 9.1349e-18  41399.98 0 
 41510.32 8.9889e-18  41591.06 0 
 41701.91 8.8045e-18  41783.02 0 
 41894.43 8.6837e-18  41975.91 0 
 42087.79 8.5449e-18  42169.65 0 
 42282.04 8.4276e-18  42364.28 0 
 42477.24 8.2738e-18  42559.86 0 
 42673.29 8.1603e-18  42756.29 0 
 42870.25 7.8470e-18  42953.63 0 
 43068.16 7.5632e-18  43151.93 0 
 43266.94 7.5632e-18  43351.10 0 
 43466.64 7.2561e-18  43551.18 0 
 43667.26 7.0910e-18  43752.19 0 
 43868.85 6.9937e-18  43954.18 0 
 44071.32 6.7252e-18  44157.04 0 
 44274.73 6.6789e-18  44360.85 0 
 44479.13 6.5570e-18  44565.64 0 
 44684.42 6.3344e-18  44771.33 0 
 44890.66 6.3490e-18  44977.97 0 
 45097.90 6.2188e-18  45185.62 0 
 45306.05 6.0493e-18  45394.17 0 
 45515.16 6.0354e-18  45603.68 0 
 45725.23 5.9663e-18  45814.16 0 
 45936.32 5.7770e-18  46025.67 0 
 46148.34 5.8037e-18  46238.10 0 
 46254.71 5.6978e-18  46344.68 0 
 46468.25 5.6067e-18  46558.63 0 
 46682.73 5.5681e-18  46773.52 0 
 46898.19 5.5170e-18  46989.40 0 
 47114.64 5.4413e-18  47206.28 0 
 47332.15 5.4413e-18  47424.21 0 
 47550.61 5.3420e-18  47643.10 0 
 47660.22 5.2930e-18  47752.92 0 
 47880.24 5.2325e-18  47973.37 0 
 48101.23 5.1370e-18  48194.79 0 
 48323.24 5.1488e-18  48417.23 0 
 48546.28 5.0782e-18  48640.70 0 
 48658.23 4.9970e-18  48752.87 0 
 48882.81 4.9626e-18  48977.89 0 
 49108.43 4.9058e-18  49203.95 0 
 49335.09 4.8496e-18  49431.04 0 
 49448.86 4.7941e-18  49545.04 0 
 49677.09 4.7721e-18  49773.71 0 
 49906.37 4.7174e-18  50003.44 0 
 50136.77 4.6850e-18  50234.29 0 
 50252.34 4.6420e-18  50350.08 0 
 50484.27 4.5678e-18  50582.46 0 
 50717.28 4.5363e-18  50815.93 0 
 50834.19 4.5155e-18  50933.06 0 
 50951.42 4.5051e-18  51050.52 0 
 51068.87 4.4638e-18  51168.20 0 
 51186.59 4.4331e-18  51286.14 0 
 51304.57 4.4026e-18  51404.36 0 
 51422.83 4.3823e-18  51522.85 0 
 51541.37 4.3723e-18  51641.62 0 
 51660.23 4.3723e-18  51760.71 0 
 51779.31 4.3622e-18  51880.02 0 
 51898.67 4.3222e-18  51999.61 0 
 52018.30 4.3024e-18  52119.47 0 
 52138.20 4.2727e-18  52239.61 0 
 52258.38 4.2531e-18  52360.03 0 
 52378.84 4.2336e-18  52480.72 0 
 52499.64 4.2238e-18  52601.75 0 
 52620.65 4.2141e-18  52723.00 0 
 52741.95 4.2141e-18  52844.53 0 
 52863.52 4.1755e-18  52966.34 0 
 52985.38 4.1372e-18  53088.43 0 
 53107.51 4.1182e-18  53210.80 0 
 53229.99 4.1087e-18  53333.52 0 
 53352.69 4.0993e-18  53456.46 0 
 53475.67 4.0804e-18  53579.68 0 
 53598.93 4.0617e-18  53703.18 0 
 53722.48 4.0430e-18  53826.97 0 
 53846.32 4.0337e-18  53951.05 0 
 53970.43 4.0152e-18  54075.41 0 
 54094.90 4.0060e-18  54200.11 0 
 54219.59 3.9784e-18  54325.05 0 
 54344.57 3.9601e-18  54450.27 0 
 54469.84 3.9510e-18  54575.79 0 
 54595.40 3.9419e-18  54701.59 0 
 54721.24 3.9238e-18  54827.68 0 
 54847.38 3.9058e-18  54954.06 0 
 54973.87 3.8968e-18  55080.79 0 
 55100.59 3.8789e-18  55207.76 0 
 55227.60 3.8789e-18  55335.02 0 
 55354.90 3.8789e-18  55462.57 0 
 55482.50 3.8522e-18  55590.41 0 
 55610.39 3.8257e-18  55718.55 0 
 55738.64 3.8345e-18  55847.05 0 
 55867.12 3.8169e-18  55975.78 0 
 55995.90 3.7993e-18  56104.81 0 
 56124.97 3.7906e-18  56234.13 0 
 56254.34 3.7819e-18  56363.76 0 
 56384.01 3.7645e-18  56493.68 0 
 56513.98 3.7645e-18  56623.90 0 
 56644.31 3.7558e-18  56754.48 0 
 56774.88 3.7386e-18  56885.31 0 
 56905.75 3.7214e-18  57016.43 0 
 57036.92 3.7214e-18  57147.86 0 
 57168.40 3.7214e-18  57279.59 0 
 57300.17 3.7128e-18  57411.62 0 
 57432.32 3.7043e-18  57544.02 0 
 57564.70 3.6958e-18  57676.67 0 
 57697.40 3.6873e-18  57809.62 0 
 57830.39 3.6788e-18  57942.87 0 
 57963.69 3.6788e-18  58076.43 0 
 58097.31 3.6703e-18  58210.30 0 
 58231.22 3.6619e-18  58344.48 0 
 58365.51 3.6619e-18  58479.04 0 
 58500.05 3.6619e-18  58613.83 0 
 58634.90 3.6619e-18  58748.94 0 
 58770.06 3.6535e-18  58884.36 0 
 58905.52 3.6535e-18  59020.09 0 
 59013.32 4.0920e-18  59128.10 3 
 59315.13 3.8918e-18  59430.50 3 
 59617.04 4.7783e-18  59733.00 3 
 59918.86 4.4193e-18  60035.40 3 
 60220.67 3.2247e-18  60337.80 3 
 60522.49 5.0135e-18  60640.20 3 
 60824.30 5.5515e-18  60942.60 3 
 61126.21 3.8769e-18  61245.10 3 
 61428.02 6.1516e-18  61547.50 3 
 61729.83 5.6443e-18  61849.90 3 
 62031.65 7.6971e-18  62152.30 3 
 62333.46 8.6965e-18  62454.70 3 
 62635.38 5.7294e-18  62757.20 3 
 62937.19 7.3214e-18  63059.60 3 
 63239.00 6.0908e-18  63362.00 3 
 63540.81 7.0519e-18  63664.40 3 
 63842.62 4.8804e-18  63966.80 3 
 64144.54 4.8703e-18  64269.30 3 
 64446.35 4.4286e-18  64571.70 3 
 64748.17 2.8105e-18  64874.10 3 
 65049.98 4.6662e-18  65176.50 3 
 65351.79 2.5730e-18  65478.90 3 
 65653.70 4.7308e-18  65781.40 3 
 65955.51 3.5461e-18  66083.80 3 
 66257.32 3.1190e-18  66386.20 3 
 66559.14 3.5948e-18  66688.60 3 
 66860.96 3.9305e-18  66991.00 3 
 67162.87 2.6511e-18  67293.50 3 
 67464.68 2.1497e-18  67595.90 3 
 67766.50 2.4121e-18  67898.30 3 
 68068.30 2.6001e-18  68200.70 3 
 68370.12 3.2623e-18  68503.10 3 
 68672.03 3.1091e-18  68805.60 3 
 68973.85 4.8545e-18  69108.00 3 
 69275.66 2.8653e-18  69410.40 3 
 69577.48 2.8952e-18  69712.80 3 
 69879.29 3.0266e-18  70015.20 3 
 70181.20 3.3944e-18  70317.70 3 
 70483.01 2.1529e-18  70620.10 3 
 70784.82 2.5275e-18  70922.50 3 
 71086.63 3.0526e-18  71224.90 3 
 71388.45 2.8885e-18  71527.30 3 
 71690.36 4.4936e-18  71829.80 3 
 71992.18 4.0251e-18  72132.20 3 
 72293.99 5.8412e-18  72434.60 3 
 72595.80 5.6924e-18  72737.00 3 
 72897.61 5.8444e-18  73039.40 3 
 73199.53 5.6592e-18  73341.90 3 
 73501.34 5.2974e-18  73644.30 3 
 73803.16 3.4200e-18  73946.70 3 
 74104.97 4.8904e-18  74249.10 3 
 74406.78 7.3133e-18  74551.50 3 
 74708.69 7.5807e-18  74854.00 3 
 75010.50 7.8071e-18  75156.40 3 
 75312.31 5.7450e-18  75458.80 3 
 75614.13 3.6333e-18  75761.20 3 
 76217.76 4.8253e-18  76366.00 3 
 76821.48 5.2775e-18  76970.90 3 
 77425.10 4.4652e-18  77575.70 3 
 78028.73 3.9235e-18  78180.50 3 
 78632.46 4.7664e-18  78785.40 3 
 79236.09 3.8142e-18  79390.20 3 
 79839.81 3.2451e-18  79995.10 3 
 80443.44 3.6097e-18  80599.90 3 
 81047.07 3.2073e-18  81204.70 3 
 81650.78 3.4245e-18  81809.59 3 
 82254.41 3.3136e-18  82414.40 3 
 82858.04 2.6363e-18  83019.20 3 
 83461.76 3.0876e-18  83624.09 3 
 84065.39 3.1848e-18  84228.90 3 
 84669.01 3.2830e-18  84833.70 3 
 85272.75 2.7963e-18  85438.60 3 
 85876.37 3.2551e-18  86043.40 3 
 86480.10 3.5948e-18  86648.30 3 
 87083.72 3.5878e-18  87253.10 3 
 87687.35 2.5641e-18  87857.91 3 
 88291.08 2.0166e-18  88462.80 3 
 88894.70 2.2235e-18  89067.60 3 
 89498.33 5.5207e-18  89672.41 3 
 90102.05 7.0286e-18  90277.30 3 
 90705.68 2.8070e-18  90882.10 3 
 91309.30 2.3471e-18  91486.90 3 
 91913.03 1.9234e-18  92091.80 3 
 92516.66 2.0151e-18  92696.60 3 
 93120.38 2.2025e-18  93301.50 3 
 93724.00 1.6524e-18  93906.30 3 
 94327.63 2.4371e-18  94511.10 3 
 94931.35 2.0769e-18  95115.99 3 
 95534.98 1.8897e-18  95720.80 3 
 96138.61 1.9583e-18  96325.60 3 
 96742.34 2.3515e-18  96930.50 3 
 97345.96 2.7689e-18  97535.30 3 
 97949.58 2.0060e-18  98140.09 3 
 98553.31 1.8968e-18  98745.00 3 
 99156.94 1.7452e-18  99349.80 3 
 99760.67 2.0903e-18  99954.70 3 
100364.29 1.9777e-18 100559.50 3 
100967.92 1.8994e-18 101164.30 3 
101571.65 2.6715e-18 101769.20 3 
102175.27 2.0208e-18 102374.00 3 
102778.90 1.8442e-18 102978.80 3 
103382.62 2.0591e-18 103583.70 3 
103986.25 2.8342e-18 104188.50 3 
104589.87 1.8875e-17 104793.30 3 
105193.59 2.9131e-17 105398.20 3 
105797.22 1.1367e-17 106003.00 3 
106400.96 1.5728e-18 106607.91 3 
107004.57 1.9991e-18 107212.70 3 
107608.20 2.1340e-18 107817.50 3 
108211.93 2.4013e-18 108422.41 3 
108815.56 1.6080e-18 109027.20 3 
109419.18 1.9192e-18 109632.00 3 
110022.90 2.5414e-18 110236.90 3 
110626.53 2.8234e-18 110841.70 3 
111230.17 2.6433e-18 111446.51 3 
111833.88 3.7777e-18 112051.40 3 
112437.51 4.9017e-18 112656.20 3 
113041.24 3.7044e-18 113261.10 3 
113644.86 3.7447e-18 113865.90 3 
114248.49 3.1583e-18 114470.70 3 
114852.21 2.5883e-18 115075.60 3 
115455.84 2.6693e-18 115680.40 3 
116059.47 2.6067e-18 116285.20 3 
116663.18 2.2625e-18 116890.09 3 
117266.81 2.2029e-18 117494.90 3 
117870.44 2.3729e-18 118099.70 3 
118474.16 2.2859e-18 118704.59 3 
119077.79 2.4141e-18 119309.40 3 
119681.52 2.2421e-18 119914.30 3 
120285.15 2.2968e-18 120519.10 3 
120888.77 2.1453e-18 121123.90 3 
121492.50 2.3052e-18 121728.80 3 
122096.12 2.2410e-18 122333.60 3 
122699.76 2.5625e-18 122938.41 3 
123303.47 3.0748e-18 123543.30 3 
123907.10 3.1406e-18 124148.10 3 
124510.73 2.3843e-18 124752.91 3 
125114.45 2.5152e-18 125357.80 3 
125718.08 2.5915e-18 125962.60 3 
126321.80 2.7123e-18 126567.50 3 
126925.43 2.9601e-18 127172.30 3 
127529.06 3.3784e-18 127777.10 3 
128132.78 4.6495e-18 128382.00 3 
128736.40 3.8596e-18 128986.80 3 
129340.04 2.6241e-18 129591.60 3 
129943.77 2.6119e-18 130196.51 3 
130547.38 2.2465e-18 130801.30 3 
131151.01 2.2053e-18 131406.09 3 
131754.74 2.3984e-18 132011.00 3 
132358.36 1.9456e-18 132615.80 3 
132961.98 1.9446e-18 133220.59 3 
133565.71 2.4145e-18 133825.50 3 
134169.34 2.1007e-18 134430.30 3 
134773.07 2.2502e-18 135035.20 3 
135376.69 2.3359e-18 135640.00 3 
135980.32 2.2469e-18 136244.80 3 
136584.05 2.2618e-18 136849.70 3 
137187.67 2.4074e-18 137454.50 3 
137791.29 2.3631e-18 138059.30 3 
138395.02 2.2260e-18 138664.20 3 
138998.65 2.2188e-18 139269.00 3 
139602.27 2.2721e-18 139873.80 3 
140206.00 2.3093e-18 140478.70 3 
140809.63 2.3755e-18 141083.50 3 
141413.36 2.1966e-18 141688.41 3 
142016.98 2.0221e-18 142293.20 3 
142620.60 2.0137e-18 142898.00 3 
143224.33 2.6227e-18 143502.91 3 
143827.96 2.4899e-18 144107.70 3 
144431.58 2.2156e-18 144712.50 3 
145491.11 2.3264e-18 145774.09 3 
146336.28 1.9827e-18 146620.91 3 
147181.44 2.2218e-18 147467.70 3 
148026.59 2.2126e-18 148314.50 3 
148871.65 2.3148e-18 149161.20 3 
149716.80 2.5614e-18 150008.00 3 
150561.95 2.4173e-18 150854.80 3 
151407.01 1.9828e-18 151701.50 3 
152252.17 2.1599e-18 152548.30 3 
153097.32 2.2552e-18 153395.09 3 
153942.38 2.5417e-18 154241.80 3 
154787.53 5.4009e-18 155088.59 3 
155632.70 1.0948e-17 155935.41 3 
156477.76 8.1073e-18 156782.11 3 
157322.91 2.1286e-18 157628.91 3 
158168.07 2.6497e-18 158475.70 3 
159013.11 2.5751e-18 159322.39 3 
159858.28 2.3824e-18 160169.20 3 
160703.43 2.7078e-18 161016.00 3 
161548.58 2.9284e-18 161862.80 3 
162393.64 2.7810e-18 162709.50 3 
163238.81 2.8691e-18 163556.31 3 
164083.95 2.7087e-18 164403.09 3 
164929.03 2.5838e-18 165249.81 3 
165774.16 2.5768e-18 166096.59 3 
166619.32 2.7909e-18 166943.39 3 
167464.39 2.7880e-18 167790.11 3 
168309.53 2.7850e-18 168636.89 3 
169154.70 2.9431e-18 169483.70 3 
169999.74 3.0135e-18 170330.39 3 
170844.91 2.9848e-18 171177.20 3 
171690.06 2.8877e-18 172024.00 3 
172535.11 3.1082e-18 172870.69 3 
173380.28 3.3888e-18 173717.50 3 
174225.43 3.0540e-18 174564.30 3 
175070.58 2.8424e-18 175411.09 3 
175915.64 2.8788e-18 176257.80 3 
176760.81 3.1410e-18 177104.61 3 
177605.95 3.5545e-18 177951.39 3 
178451.02 3.3180e-18 178798.11 3 
179296.18 3.4431e-18 179644.91 3 
180141.33 3.4371e-18 180491.70 3 
180986.39 2.9431e-18 181338.41 3 
181831.53 3.3042e-18 182185.19 3 
182676.69 3.4594e-18 183032.00 3 
183521.75 3.6484e-18 183878.70 3 
184366.91 3.4421e-18 184725.50 3 
185212.06 2.9568e-18 185572.30 3 
186057.10 6.0697e-18 186418.98 3 
186902.27 1.6522e-17 187265.80 3 
187747.44 1.0633e-17 188112.61 3 
188592.59 3.6704e-18 188959.41 3 
189437.64 3.7164e-18 189806.09 3 
190282.81 3.8108e-18 190652.91 3 
191127.94 3.6091e-18 191499.69 3 
191973.02 3.6252e-18 192346.41 3 
192818.17 3.9673e-18 193193.20 3 
193663.32 3.4204e-18 194040.00 3 
194508.38 3.2269e-18 194886.70 3 
195353.55 3.6487e-18 195733.52 3 
196198.69 3.4853e-18 196580.30 3 
197043.75 3.9995e-18 197427.00 3 
197888.90 3.6886e-18 198273.80 3 
198734.06 4.1245e-18 199120.59 3 
199579.13 4.2482e-18 199967.31 3 
200424.27 4.1086e-18 200814.09 3 
201269.44 4.2018e-18 201660.91 3 
202114.59 4.5919e-18 202507.70 3 
202959.63 4.4881e-18 203354.39 3 
203804.80 4.1312e-18 204201.20 3 
205495.02 3.8130e-18 205894.70 3 
207185.32 4.6484e-18 207588.30 3 
208875.55 4.5580e-18 209281.81 3 
210565.75 4.4427e-18 210975.30 3 
212256.05 4.4564e-18 212668.89 3 
213946.27 4.7380e-18 214362.39 3 
215636.59 4.7171e-18 216056.00 3 
217326.80 4.5513e-18 217749.50 3 
219017.01 4.8838e-18 219443.00 3 
220707.33 4.7303e-18 221136.61 3 
222397.55 4.6212e-18 222830.11 3 
224087.74 4.8595e-18 224523.59 3 
225778.05 4.9894e-18 226217.19 3 
227468.28 5.0222e-18 227910.70 3 
229158.58 5.2685e-18 229604.30 3 
230848.80 5.2991e-18 231297.80 3 
232539.01 5.2126e-18 232991.30 3 
234229.33 5.0627e-18 234684.91 3 
235919.54 5.2385e-18 236378.41 3 
237609.76 5.1137e-18 238071.91 3 
239300.05 5.3199e-18 239765.48 3 
240990.27 5.3350e-18 241459.00 3 
242680.58 5.5035e-18 243152.59 3 
244370.79 5.5235e-18 244846.09 3 
246061.01 5.5853e-18 246539.59 3 
247751.33 5.5538e-18 248233.20 3 
249441.54 5.6280e-18 249926.70 3 
251131.75 5.5017e-18 251620.20 3 
252822.07 5.7828e-18 253313.81 3 
254512.29 6.5078e-18 255007.31 3 
256202.58 6.0569e-18 256700.89 3 
257892.79 7.7520e-18 258394.39 3 
259583.00 7.4805e-18 260087.89 3 
261273.32 6.4607e-18 261781.50 3 
262963.54 6.3648e-18 263475.00 3 
264653.75 6.0316e-18 265168.50 3 
266344.05 6.1007e-18 266862.09 3 
268034.27 6.4321e-18 268555.59 3 
269724.57 6.4919e-18 270249.19 3 
271414.79 6.3455e-18 271942.69 3 
273105.03 6.5536e-18 273636.22 3 
274795.34 6.5530e-18 275329.81 3 
276485.52 6.7184e-18 277023.28 3 
278175.73 6.7326e-18 278716.78 3 
279866.07 6.3113e-18 280410.41 3 
281556.28 6.3807e-18 282103.91 3 
283246.59 6.6300e-18 283797.50 3 
284936.80 6.8675e-18 285491.00 3 
286627.01 6.7267e-18 287184.50 3 
288317.32 6.8000e-18 288878.09 3 
290007.53 6.8597e-18 290571.59 3 
291697.74 6.8319e-18 292265.09 3 
293388.05 6.8780e-18 293958.69 3 
295078.26 6.9070e-18 295652.19 3 
296768.57 6.8686e-18 297345.78 3 
298458.81 6.9461e-18 299039.31 3 
300149.02 7.1463e-18 300732.81 3 
301839.33 7.1506e-18 302426.41 3 
303529.54 6.8917e-18 304119.91 3 
305219.75 6.8073e-18 305813.41 3 
306910.06 7.2086e-18 307507.00 3 
308600.27 7.2283e-18 309200.50 3 
310290.58 7.0698e-18 310894.09 3 
311980.79 6.9973e-18 312587.59 3 
313671.00 7.3623e-18 314281.09 3 
315361.31 7.5249e-18 315974.69 3 
317051.55 7.1757e-18 317668.22 3 
318741.77 7.4590e-18 319361.72 3 
320432.07 7.4976e-18 321055.31 3 
322122.25 7.4103e-18 322748.78 3 
323812.59 7.5879e-18 324442.41 3 
325502.80 7.7530e-18 326135.91 3 
327193.02 7.8902e-18 327829.41 3 
328883.32 8.1160e-18 329523.00 3 
330573.53 7.9752e-18 331216.50 3 
332263.75 1.0323e-17 332910.00 3 
333954.08 1.8214e-17 334603.62 3 
335644.30 1.1685e-17 336297.12 3 
337334.57 8.7600e-18 337990.69 3 
339024.78 8.9272e-18 339684.19 3 
340715.03 8.6136e-18 341377.72 3 
342405.30 8.4440e-18 343071.28 3 
344095.52 8.1171e-18 344764.78 3 
345785.73 9.7527e-18 346458.28 3 
347476.07 1.1744e-17 348151.91 3 
349166.25 1.0488e-17 349845.38 3 
