# An Atlas of Galaxy Spectral Energy Distributions from the Ultraviolet to the Mid-Infrared
# Brown et al. (2014)
# http://dx.doi.org/10.5072/03/529D3551F0117
# 
# Column 1 : Restframe Wavelength (Angstrom)
# Column 2 : Flux per unit wavelength (ergs/s/cm^2/Angstrom)
# Column 3 : Observed wavelength (Angstrom)
# Column 4 : Source (0 = model, 1 = Optical Spectrum, 2 = Akari, 3 = Spitzer IRS)
# 
   100.01 1.4783e-18    100.46 0 
   102.10 1.8104e-18    102.57 0 
   104.00 2.0406e-18    104.47 0 
   105.94 2.3865e-18    106.41 0 
   107.90 2.8104e-18    108.39 0 
   109.91 4.0623e-18    110.41 0 
   114.04 5.2453e-18    114.55 0 
   118.04 6.4531e-18    118.58 0 
   121.07 1.7489e-17    121.62 0 
   125.04 2.1417e-17    125.60 0 
   127.07 2.3376e-17    127.64 0 
   127.95 2.4591e-17    128.53 0 
   130.93 2.7718e-17    131.52 0 
   132.14 3.1244e-17    132.74 0 
   133.98 3.3633e-17    134.59 0 
   137.10 4.0529e-17    137.72 0 
   139.97 4.5161e-17    140.60 0 
   142.90 8.1615e-17    143.55 0 
   146.91 1.4150e-16    147.57 0 
   151.02 1.5914e-16    151.71 0 
   154.90 1.7979e-16    155.60 0 
   158.87 2.0313e-16    159.59 0 
   161.82 2.2170e-16    162.55 0 
   165.97 2.4875e-16    166.72 0 
   169.84 2.7464e-16    170.61 0 
   173.00 2.9769e-16    173.78 0 
   177.03 3.2717e-16    177.83 0 
   179.90 3.5056e-16    180.72 0 
   181.99 3.6709e-16    182.81 0 
   185.80 4.0065e-16    186.64 0 
   191.00 4.4439e-16    191.87 0 
   194.11 4.7399e-16    194.98 0 
   198.17 5.1141e-16    199.07 0 
   201.86 5.5178e-16    202.77 0 
   205.14 5.8313e-16    206.06 0 
   209.91 6.1627e-16    210.86 0 
   215.79 7.0270e-16    216.77 0 
   219.81 7.5295e-16    220.80 0 
   222.86 7.8301e-16    223.87 0 
   227.01 8.3516e-16    228.03 0 
   230.17 1.2699e-15    231.21 0 
   233.91 2.1368e-15    234.96 0 
   239.91 2.8891e-15    240.99 0 
   246.06 2.8429e-15    247.17 0 
   251.79 3.1029e-15    252.93 0 
   257.06 2.5455e-15    258.23 0 
   260.04 3.1244e-15    261.22 0 
   264.27 3.3711e-15    265.46 0 
   269.18 3.4417e-15    270.40 0 
   274.18 3.4976e-15    275.42 0 
   279.28 3.5218e-15    280.54 0 
   283.82 3.6122e-15    285.10 0 
   289.76 3.5218e-15    291.07 0 
   295.83 3.6122e-15    297.17 0 
   301.33 3.4815e-15    302.69 0 
   308.35 3.6288e-15    309.74 0 
   317.72 3.8262e-15    319.15 0 
   328.13 3.8884e-15    329.61 0 
   338.10 3.8973e-15    339.63 0 
   348.37 3.8973e-15    349.95 0 
   357.31 3.9607e-15    358.92 0 
   365.63 4.0810e-15    367.28 0 
   375.01 4.0716e-15    376.70 0 
   384.63 3.9063e-15    386.37 0 
   395.40 4.0810e-15    397.19 0 
   404.61 4.1569e-15    406.44 0 
   414.04 4.1283e-15    415.91 0 
   421.74 4.0529e-15    423.64 0 
   429.58 3.9973e-15    431.52 0 
   440.60 4.0436e-15    442.59 0 
   450.86 3.9973e-15    452.90 0 
   460.30 3.9063e-15    462.38 0 
   469.94 3.8705e-15    472.06 0 
   479.78 3.8794e-15    481.95 0 
   489.82 3.7477e-15    492.04 0 
   500.08 3.8086e-15    502.34 0 
   505.87 3.7134e-15    508.16 0 
   511.73 3.9789e-15    514.04 0 
   520.04 3.9063e-15    522.40 0 
   529.71 3.7911e-15    532.11 0 
   539.56 3.5873e-15    542.00 0 
   549.59 3.5056e-15    552.08 0 
   559.81 3.6456e-15    562.34 0 
   570.22 3.6793e-15    572.80 0 
   579.48 3.5956e-15    582.10 0 
   590.26 3.5626e-15    592.93 0 
   599.85 3.3944e-15    602.56 0 
   609.59 3.0183e-15    612.35 0 
   619.50 3.4258e-15    622.30 0 
   629.56 3.3172e-15    632.41 0 
   639.79 3.3556e-15    642.69 0 
   650.19 3.2641e-15    653.13 0 
   657.72 3.1606e-15    660.69 0 
   665.33 3.2194e-15    668.34 0 
   674.59 3.2119e-15    677.64 0 
   685.55 3.0323e-15    688.65 0 
   695.09 3.1029e-15    698.23 0 
   704.76 2.8958e-15    707.95 0 
   716.21 3.0253e-15    719.45 0 
   726.17 2.9907e-15    729.46 0 
   734.58 2.9564e-15    737.90 0 
   744.80 2.8825e-15    748.17 0 
   755.16 2.8299e-15    758.58 0 
   765.67 2.5749e-15    769.13 0 
   774.53 2.7464e-15    778.04 0 
   785.31 2.6228e-15    788.86 0 
   794.40 2.6471e-15    797.99 0 
   805.45 2.6349e-15    809.10 0 
   814.78 2.5988e-15    818.46 0 
   824.21 2.5749e-15    827.94 0 
   835.68 2.3484e-15    839.46 0 
   845.36 2.4875e-15    849.18 0 
   855.15 2.4365e-15    859.01 0 
   865.05 2.4253e-15    868.96 0 
   875.06 2.3976e-15    879.02 0 
   885.20 2.3592e-15    889.20 0 
   895.45 2.3322e-15    899.50 0 
   905.82 2.2791e-15    909.91 0 
   914.20 2.2739e-15    918.33 0 
   924.78 3.7134e-15    928.97 0 
   935.49 5.1733e-15    939.72 0 
   944.15 6.4531e-15    948.42 0 
   955.08 7.1083e-15    959.40 0 
   963.92 7.5992e-15    968.28 0 
   975.08 4.3030e-15    979.49 0 
   984.10 6.6339e-15    988.55 0 
   995.50 6.3646e-15   1000.00 0 
  1004.71 7.2238e-15   1009.25 0 
  1014.00 7.2572e-15   1018.59 0 
  1025.75 4.9519e-15   1030.39 0 
  1035.24 6.5278e-15   1039.92 0 
  1044.82 8.0310e-15   1049.54 0 
  1054.48 7.7941e-15   1059.25 0 
  1064.24 6.9465e-15   1069.05 0 
  1074.09 7.3751e-15   1078.95 0 
  1084.03 6.2772e-15   1088.93 0 
  1094.06 7.4262e-15   1099.01 0 
  1104.18 7.1083e-15   1109.18 0 
  1114.40 6.9625e-15   1119.44 0 
  1124.71 6.3499e-15   1129.80 0 
  1135.12 7.0757e-15   1140.25 0 
  1145.62 6.7728e-15   1150.80 0 
  1156.22 6.7728e-15   1161.45 0 
  1164.23 6.7107e-15   1169.50 0 
  1175.01 5.2212e-15   1180.32 0 
  1185.88 6.4383e-15   1191.24 0 
  1194.10 5.7117e-15   1199.50 0 
  1205.15 5.0092e-15   1210.60 0 
  1216.30 3.7391e-15   1221.80 0 
  1224.73 5.5561e-15   1230.27 0 
  1236.06 6.2484e-15   1241.65 0 
  1244.63 6.3646e-15   1250.26 0 
  1256.15 6.2054e-15   1261.83 0 
  1264.85 5.9947e-15   1270.57 0 
  1273.62 6.3939e-15   1279.38 0 
  1285.41 6.4087e-15   1291.22 0 
  1294.32 5.6986e-15   1300.17 0 
  1306.29 5.7117e-15   1312.20 0 
  1315.35 6.2340e-15   1321.30 0 
  1324.46 5.9947e-15   1330.45 0 
  1333.64 5.6204e-15   1339.68 0 
  1345.98 6.0085e-15   1352.07 0 
  1355.31 5.8718e-15   1361.44 0 
  1364.71 5.5178e-15   1370.88 0 
  1374.17 5.5051e-15   1380.38 0 
  1383.69 5.4798e-15   1389.95 0 
  1396.50 4.5790e-15   1402.81 0 
  1406.18 4.5058e-15   1412.54 0 
  1415.92 5.1733e-15   1422.33 0 
  1425.74 5.0555e-15   1432.19 0 
  1435.62 5.1495e-15   1442.12 0 
  1442.25 5.1972e-15   1448.77 0 
  1445.57 5.1733e-15   1452.11 0 
  1455.59 5.0439e-15   1462.18 0 
  1465.68 4.8280e-15   1472.31 0 
  1475.84 4.8169e-15   1482.52 0 
  1486.07 4.8280e-15   1492.79 0 
  1496.37 4.7618e-15   1503.14 0 
  1503.28 4.5790e-15   1510.08 0 
  1513.70 4.2832e-15   1520.55 0 
  1517.19 4.3931e-15   1524.05 0 
  1524.19 4.3628e-15   1531.09 0 
  1534.76 3.9334e-15   1541.70 0 
  1545.40 3.7477e-15   1552.39 0 
  1556.11 3.6878e-15   1563.15 0 
  1563.29 3.9063e-15   1570.36 0 
  1574.13 4.0623e-15   1581.25 0 
  1585.04 4.0999e-15   1592.21 0 
  1596.03 4.1093e-15   1603.25 0 
  1603.39 3.9973e-15   1610.65 0 
  1614.51 3.9516e-15   1621.81 0 
  1625.70 3.8705e-15   1633.05 0 
  1633.20 3.9789e-15   1640.59 0 
  1644.52 3.9516e-15   1651.96 0 
  1655.92 3.8616e-15   1663.41 0 
  1663.57 3.9698e-15   1671.09 0 
  1671.24 3.7219e-15   1678.80 0 
  1675.10 4.0343e-15   1682.67 0 
  1686.71 4.0250e-15   1694.34 0 
  1694.49 3.8705e-15   1702.16 0 
  1706.24 3.7737e-15   1713.96 0 
  1714.12 3.6288e-15   1721.87 0 
  1726.00 3.5956e-15   1733.80 0 
  1733.96 3.7477e-15   1741.81 0 
  1745.98 3.6793e-15   1753.88 0 
  1754.04 3.7911e-15   1761.98 0 
  1766.20 3.6122e-15   1774.19 0 
  1774.35 3.5956e-15   1782.38 0 
  1786.65 3.6624e-15   1794.73 0 
  1794.90 3.7999e-15   1803.02 0 
  1803.18 3.7911e-15   1811.34 0 
  1815.68 3.5544e-15   1823.90 0 
  1824.06 3.6288e-15   1832.31 0 
  1836.71 3.5544e-15   1845.02 0 
  1845.19 3.2491e-15   1853.53 0 
  1853.70 3.3402e-15   1862.09 0 
  1866.55 3.4976e-15   1874.99 0 
  1875.17 3.6122e-15   1883.65 0 
  1883.82 3.4180e-15   1892.34 0 
  1896.88 3.4180e-15   1905.46 0 
  1905.64 3.5299e-15   1914.26 0 
  1914.43 3.4655e-15   1923.09 0 
  1923.27 3.2717e-15   1931.97 0 
  1936.60 3.1244e-15   1945.36 0 
  1945.54 3.6205e-15   1954.34 0 
  1954.52 3.4735e-15   1963.36 0 
  1968.07 3.8350e-15   1976.97 0 
  1977.15 3.7564e-15   1986.10 0 
  1986.28 3.8086e-15   1995.26 0 
  1995.45 3.8174e-15   2004.47 0 
  2004.66 3.7999e-15   2013.72 0 
  2013.91 3.8439e-15   2023.02 0 
  2023.21 3.6205e-15   2032.36 0 
  2037.23 3.9153e-15   2046.45 0 
  2046.63 4.1569e-15   2055.89 0 
  2056.08 3.8794e-15   2065.38 0 
  2065.57 3.8794e-15   2074.91 0 
  2075.11 4.3228e-15   2084.49 0 
  2079.89 5.7912e-15   2089.30 0 
  2084.68 6.6339e-15   2094.11 0 
  2094.31 6.1769e-15   2103.78 0 
  2103.97 6.0224e-15   2113.49 0 
  2113.68 6.6645e-15   2123.24 0 
  2123.44 6.0502e-15   2133.04 0 
  2133.24 5.8313e-15   2142.89 0 
  2143.09 6.9465e-15   2152.78 0 
  2152.98 6.9146e-15   2162.72 0 
  2162.92 6.1627e-15   2172.70 0 
  2172.90 6.2340e-15   2182.73 0 
  2182.93 7.4777e-15   2192.81 0 
  2193.01 7.5122e-15   2202.93 0 
  2203.13 7.3075e-15   2213.09 0 
  2213.30 5.9672e-15   2223.31 0 
  2223.52 6.8041e-15   2233.57 0 
  2233.78 8.6053e-15   2243.88 0 
  2244.09 8.2180e-15   2254.24 0 
  2254.45 6.4978e-15   2264.64 0 
  2264.85 6.1202e-15   2275.10 0 
  2275.31 6.5278e-15   2285.60 0 
  2285.81 8.4873e-15   2296.15 0 
  2296.36 7.1597e-15   2306.75 0 
  2306.96 8.5526e-15   2317.39 0 
  2317.61 7.4526e-15   2328.09 0 
  2322.95 6.1717e-15   2333.46 0 
  2333.67 5.6314e-15   2344.23 0 
  2344.45 4.1766e-15   2355.05 0 
  2355.27 7.0799e-15   2365.92 0 
  2366.14 4.5106e-15   2376.84 0 
  2377.06 5.6292e-15   2387.81 0 
  2382.54 3.7115e-15   2393.32 0 
  2393.54 4.4439e-15   2404.36 0 
  2404.58 4.4460e-15   2415.46 0 
  2415.68 5.1308e-15   2426.61 0 
  2426.83 8.3252e-15   2437.81 0 
  2432.43 8.3273e-15   2443.43 0 
  2443.66 9.8791e-15   2454.71 0 
  2454.94 1.0422e-14   2466.04 0 
  2466.27 9.0604e-15   2477.42 0 
  2477.65 7.9317e-15   2488.86 0 
  2483.36 4.9485e-15   2494.60 0 
  2494.82 6.0075e-15   2506.11 0 
  2506.34 9.1603e-15   2517.68 0 
  2512.12 4.3353e-15   2523.48 0 
  2517.91 3.4925e-15   2529.30 0 
  2523.71 3.8837e-15   2535.13 0 
  2535.36 6.3163e-15   2546.83 0 
  2547.07 6.6479e-15   2558.59 0 
  2552.94 1.1879e-14   2564.48 0 
  2564.72 8.8312e-15   2576.32 0 
  2576.56 1.1304e-14   2588.21 0 
  2582.50 9.9853e-15   2594.18 0 
  2594.42 8.9451e-15   2606.15 0 
  2606.39 7.6703e-15   2618.18 0 
  2612.40 6.9171e-15   2624.22 0 
  2624.46 9.4657e-15   2636.33 0 
  2636.58 1.6726e-14   2648.50 0 
  2642.65 2.2672e-14   2654.61 0 
  2654.85 3.1822e-14   2666.86 0 
  2667.10 2.0463e-14   2679.17 0 
  2673.25 2.3125e-14   2685.34 0 
  2685.59 2.7121e-14   2697.74 0 
  2697.99 1.9299e-14   2710.19 0 
  2704.21 2.4080e-14   2716.44 0 
  2716.69 1.7096e-14   2728.98 0 
  2722.95 1.3305e-14   2735.27 0 
  2735.52 1.7268e-14   2747.89 0 
  2748.15 9.7161e-15   2760.58 0 
  2754.48 1.3571e-14   2766.94 0 
  2767.20 1.8149e-14   2779.71 0 
  2773.58 1.9318e-14   2786.12 0 
  2786.38 1.1148e-14   2798.98 0 
  2792.80 4.9926e-15   2805.43 0 
  2805.69 6.0058e-15   2818.38 0 
  2812.16 1.6776e-14   2824.88 0 
  2825.14 2.4885e-14   2837.92 0 
  2838.18 2.3024e-14   2851.02 0 
  2844.72 1.5860e-14   2857.59 0 
  2857.85 8.6607e-15   2870.78 0 
  2864.44 2.2525e-14   2877.40 0 
  2877.66 3.1690e-14   2890.68 0 
  2884.30 2.8843e-14   2897.34 0 
  2897.61 3.5999e-14   2910.72 0 
  2910.99 4.9266e-14   2924.15 0 
  2931.16 4.2946e-14   2944.42 0 
  2951.48 3.9382e-14   2964.83 0 
  2971.94 4.0896e-14   2985.38 0 
  2992.54 4.1790e-14   3006.08 0 
  3013.28 4.1731e-14   3026.91 0 
  3027.19 4.5052e-14   3040.89 0 
  3048.18 4.7654e-14   3061.96 0 
  3069.31 5.2059e-14   3083.19 0 
  3090.58 5.0337e-14   3104.56 0 
  3112.00 5.9195e-14   3126.08 0 
  3133.57 5.4286e-14   3147.75 0 
  3148.04 5.4195e-14   3162.28 0 
  3169.86 6.0584e-14   3184.20 0 
  3191.83 5.2816e-14   3206.27 0 
  3206.56 5.8754e-14   3221.07 0 
  3228.79 4.9825e-14   3243.40 0 
  3251.17 7.1099e-14   3265.88 0 
  3273.71 8.3613e-14   3288.52 0 
  3288.82 8.2140e-14   3303.70 0 
  3311.62 7.6379e-14   3326.60 0 
  3319.25 6.9841e-14   3334.26 0 
  3326.90 7.1163e-14   3341.95 0 
  3334.57 7.8958e-14   3349.66 0 
  3342.26 7.3712e-14   3357.38 0 
  3349.96 7.9740e-14   3365.12 0 
  3357.69 8.2190e-14   3372.87 0 
  3365.43 5.6359e-14   3380.65 0 
  3373.18 5.6248e-14   3388.44 0 
  3380.96 7.4687e-14   3396.25 0 
  3388.76 7.8594e-14   3404.08 0 
  3396.57 6.7691e-14   3411.93 0 
  3404.40 8.9676e-14   3419.79 0 
  3412.24 7.5304e-14   3427.68 0 
  3420.11 7.7618e-14   3435.58 0 
  3427.99 8.1116e-14   3443.50 0 
  3435.90 8.3995e-14   3451.44 0 
  3443.82 6.0172e-14   3459.39 0 
  3451.76 8.0083e-14   3467.37 0 
  3459.71 8.2735e-14   3475.36 0 
  3467.69 8.1252e-14   3483.37 0 
  3475.68 8.1654e-14   3491.40 0 
  3483.69 8.2438e-14   3499.45 0 
  3491.73 8.3999e-14   3507.52 0 
  3499.78 7.1190e-14   3515.60 0 
  3507.84 9.3662e-14   3523.71 0 
  3515.93 7.6509e-14   3531.83 0 
  3524.03 8.5874e-14   3539.97 0 
  3532.16 8.8922e-14   3548.13 0 
  3540.30 9.4440e-14   3556.31 0 
  3548.46 9.9840e-14   3564.51 0 
  3556.64 8.7188e-14   3572.73 0 
  3564.84 9.1538e-14   3580.96 0 
  3573.06 6.6184e-14   3589.22 0 
  3581.30 7.3774e-14   3597.49 0 
  3589.55 5.3217e-14   3605.79 0 
  3597.16 7.6706e-14   3613.43 1 
  3599.90 7.2305e-14   3616.18 1 
  3602.64 8.7006e-14   3618.93 1 
  3605.37 5.9171e-14   3621.68 1 
  3608.11 6.4997e-14   3624.43 1 
  3610.85 7.5990e-14   3627.18 1 
  3613.59 7.1219e-14   3629.93 1 
  3616.32 1.1269e-13   3632.68 1 
  3619.06 8.9957e-14   3635.43 1 
  3621.80 8.3452e-14   3638.18 1 
  3624.54 7.6865e-14   3640.93 1 
  3627.27 8.1826e-14   3643.68 1 
  3630.01 8.7038e-14   3646.43 1 
  3632.75 8.6686e-14   3649.18 1 
  3635.49 9.4525e-14   3651.93 1 
  3638.22 9.5437e-14   3654.68 1 
  3640.96 9.6420e-14   3657.43 1 
  3643.70 8.9435e-14   3660.18 1 
  3646.44 8.4792e-14   3662.93 1 
  3649.17 9.1777e-14   3665.68 1 
  3651.91 9.8916e-14   3668.43 1 
  3654.65 1.0370e-13   3671.18 1 
  3657.39 1.2083e-13   3673.93 1 
  3660.13 1.1678e-13   3676.68 1 
  3662.86 1.0200e-13   3679.43 1 
  3665.60 9.3376e-14   3682.18 1 
  3668.34 1.0724e-13   3684.93 1 
  3671.08 1.1265e-13   3687.68 1 
  3673.81 1.1393e-13   3690.43 1 
  3676.55 9.7524e-14   3693.18 1 
  3679.29 9.4109e-14   3695.93 1 
  3682.03 9.8671e-14   3698.68 1 
  3684.76 9.7187e-14   3701.43 1 
  3687.50 9.9971e-14   3704.18 1 
  3690.24 1.0201e-13   3706.93 1 
  3692.98 1.0395e-13   3709.68 1 
  3695.71 1.0814e-13   3712.43 1 
  3698.45 1.1113e-13   3715.18 1 
  3701.19 1.0350e-13   3717.93 1 
  3703.93 9.4676e-14   3720.68 1 
  3706.66 8.4827e-14   3723.43 1 
  3709.40 9.3718e-14   3726.18 1 
  3712.14 9.8424e-14   3728.93 1 
  3714.88 8.9554e-14   3731.68 1 
  3717.62 9.8824e-14   3734.43 1 
  3720.35 9.9020e-14   3737.18 1 
  3723.09 1.0005e-13   3739.93 1 
  3725.83 9.5795e-14   3742.68 1 
  3728.57 9.7925e-14   3745.43 1 
  3731.30 1.0127e-13   3748.18 1 
  3734.04 8.5217e-14   3750.93 1 
  3736.78 7.2936e-14   3753.68 1 
  3739.52 7.2689e-14   3756.43 1 
  3742.25 8.3919e-14   3759.18 1 
  3744.99 7.3841e-14   3761.93 1 
  3747.73 7.2820e-14   3764.68 1 
  3750.47 8.1975e-14   3767.43 1 
  3753.20 9.1634e-14   3770.18 1 
  3755.94 9.0552e-14   3772.93 1 
  3758.68 8.9693e-14   3775.68 1 
  3761.42 8.6274e-14   3778.43 1 
  3764.15 8.5664e-14   3781.18 1 
  3766.89 9.6275e-14   3783.93 1 
  3769.63 1.1355e-13   3786.68 1 
  3772.37 1.0641e-13   3789.43 1 
  3775.11 9.9527e-14   3792.18 1 
  3777.84 1.1659e-13   3794.93 1 
  3780.58 1.1945e-13   3797.68 1 
  3783.32 1.0878e-13   3800.43 1 
  3786.06 9.6161e-14   3803.18 1 
  3788.79 1.0293e-13   3805.93 1 
  3791.53 9.4967e-14   3808.68 1 
  3794.27 9.5618e-14   3811.43 1 
  3797.01 9.6517e-14   3814.18 1 
  3799.74 9.8383e-14   3816.93 1 
  3802.48 9.7464e-14   3819.68 1 
  3805.22 1.0744e-13   3822.43 1 
  3807.96 9.5139e-14   3825.18 1 
  3810.69 9.0348e-14   3827.93 1 
  3813.43 8.3288e-14   3830.68 1 
  3816.17 7.8637e-14   3833.43 1 
  3818.91 7.6694e-14   3836.18 1 
  3821.64 7.1594e-14   3838.93 1 
  3824.38 6.3984e-14   3841.68 1 
  3827.12 6.2346e-14   3844.43 1 
  3829.86 7.1626e-14   3847.18 1 
  3832.60 5.4353e-14   3849.93 1 
  3835.33 5.5264e-14   3852.68 1 
  3838.07 6.6082e-14   3855.43 1 
  3840.81 8.0612e-14   3858.18 1 
  3843.55 8.9273e-14   3860.93 1 
  3846.28 7.9906e-14   3863.68 1 
  3849.02 9.9635e-14   3866.43 1 
  3851.76 9.1720e-14   3869.18 1 
  3854.50 7.7684e-14   3871.93 1 
  3857.23 9.1958e-14   3874.68 1 
  3859.97 8.2880e-14   3877.43 1 
  3862.71 9.3948e-14   3880.18 1 
  3865.45 9.3116e-14   3882.93 1 
  3868.18 9.5547e-14   3885.68 1 
  3870.92 7.9011e-14   3888.43 1 
  3873.66 8.1952e-14   3891.18 1 
  3876.40 9.0284e-14   3893.93 1 
  3879.13 9.7882e-14   3896.68 1 
  3881.87 9.0593e-14   3899.43 1 
  3884.61 1.0297e-13   3902.18 1 
  3887.35 9.8907e-14   3904.93 1 
  3890.09 9.4772e-14   3907.68 1 
  3892.82 1.0173e-13   3910.43 1 
  3895.56 1.1010e-13   3913.18 1 
  3898.30 1.2160e-13   3915.93 1 
  3901.04 1.1100e-13   3918.68 1 
  3903.77 1.1603e-13   3921.43 1 
  3906.51 1.1751e-13   3924.18 1 
  3909.25 1.1742e-13   3926.93 1 
  3911.99 1.2461e-13   3929.68 1 
  3914.72 1.1343e-13   3932.43 1 
  3917.46 1.1435e-13   3935.18 1 
  3920.20 1.1289e-13   3937.93 1 
  3922.94 9.0126e-14   3940.68 1 
  3925.67 7.9383e-14   3943.43 1 
  3928.41 6.6042e-14   3946.18 1 
  3931.15 5.9878e-14   3948.93 1 
  3933.89 6.4664e-14   3951.68 1 
  3936.62 7.4058e-14   3954.43 1 
  3939.36 8.8459e-14   3957.18 1 
  3942.10 1.0272e-13   3959.93 1 
  3944.84 1.1244e-13   3962.68 1 
  3947.58 1.1605e-13   3965.43 1 
  3950.31 1.1700e-13   3968.18 1 
  3953.05 1.1250e-13   3970.93 1 
  3955.79 1.1095e-13   3973.68 1 
  3958.53 1.0792e-13   3976.43 1 
  3961.26 8.3095e-14   3979.18 1 
  3964.00 6.4720e-14   3981.93 1 
  3966.74 7.2425e-14   3984.68 1 
  3969.48 8.1348e-14   3987.43 1 
  3972.21 9.7979e-14   3990.18 1 
  3974.95 1.1573e-13   3992.93 1 
  3977.69 1.3029e-13   3995.68 1 
  3980.43 1.3963e-13   3998.43 1 
  3983.16 1.4879e-13   4001.18 1 
  3985.90 1.5604e-13   4003.93 1 
  3988.64 1.5769e-13   4006.68 1 
  3991.38 1.6185e-13   4009.43 1 
  3994.11 1.5987e-13   4012.18 1 
  3996.85 1.6032e-13   4014.93 1 
  3999.59 1.6048e-13   4017.68 1 
  4002.33 1.6083e-13   4020.43 1 
  4005.07 1.6846e-13   4023.18 1 
  4007.80 1.6894e-13   4025.93 1 
  4010.54 1.7492e-13   4028.68 1 
  4013.28 1.8321e-13   4031.43 1 
  4016.02 1.8109e-13   4034.18 1 
  4018.75 1.7613e-13   4036.93 1 
  4021.49 1.8110e-13   4039.68 1 
  4024.23 1.7377e-13   4042.43 1 
  4026.97 1.7325e-13   4045.18 1 
  4029.70 1.7056e-13   4047.93 1 
  4032.44 1.6327e-13   4050.68 1 
  4035.18 1.6865e-13   4053.43 1 
  4037.92 1.7487e-13   4056.18 1 
  4040.65 1.7092e-13   4058.93 1 
  4043.39 1.6687e-13   4061.68 1 
  4046.13 1.6545e-13   4064.43 1 
  4048.87 1.6251e-13   4067.18 1 
  4051.60 1.6582e-13   4069.93 1 
  4054.34 1.6294e-13   4072.68 1 
  4057.08 1.5880e-13   4075.43 1 
  4059.82 1.5805e-13   4078.18 1 
  4062.55 1.5705e-13   4080.93 1 
  4065.29 1.5966e-13   4083.68 1 
  4068.03 1.6336e-13   4086.43 1 
  4070.77 1.5874e-13   4089.18 1 
  4073.51 1.6112e-13   4091.93 1 
  4076.24 1.6766e-13   4094.68 1 
  4078.98 1.7861e-13   4097.43 1 
  4081.72 1.9001e-13   4100.18 1 
  4084.46 1.8609e-13   4102.93 1 
  4087.19 1.8257e-13   4105.68 1 
  4089.93 1.7765e-13   4108.43 1 
  4092.67 1.7253e-13   4111.18 1 
  4095.41 1.6823e-13   4113.93 1 
  4098.14 1.6323e-13   4116.68 1 
  4100.88 1.6425e-13   4119.43 1 
  4103.62 1.6879e-13   4122.18 1 
  4106.36 1.7126e-13   4124.93 1 
  4109.09 1.7083e-13   4127.68 1 
  4111.83 1.7292e-13   4130.43 1 
  4114.57 1.7883e-13   4133.18 1 
  4117.31 1.8234e-13   4135.93 1 
  4120.05 1.7518e-13   4138.68 1 
  4122.78 1.7229e-13   4141.43 1 
  4125.52 1.6594e-13   4144.18 1 
  4128.26 1.7221e-13   4146.93 1 
  4131.00 1.7189e-13   4149.68 1 
  4133.73 1.7632e-13   4152.43 1 
  4136.47 1.7220e-13   4155.18 1 
  4139.21 1.7163e-13   4157.93 1 
  4141.95 1.7106e-13   4160.68 1 
  4144.68 1.7032e-13   4163.43 1 
  4147.42 1.7098e-13   4166.18 1 
  4150.16 1.6899e-13   4168.93 1 
  4152.90 1.6843e-13   4171.68 1 
  4155.63 1.7052e-13   4174.43 1 
  4158.37 1.7220e-13   4177.18 1 
  4161.11 1.7891e-13   4179.93 1 
  4163.85 1.8303e-13   4182.68 1 
  4166.58 1.7435e-13   4185.43 1 
  4169.32 1.7180e-13   4188.18 1 
  4172.06 1.7233e-13   4190.93 1 
  4174.80 1.6961e-13   4193.68 1 
  4177.54 1.7547e-13   4196.43 1 
  4180.27 1.7880e-13   4199.18 1 
  4183.01 1.8032e-13   4201.93 1 
  4185.75 1.8826e-13   4204.68 1 
  4188.49 1.7981e-13   4207.43 1 
  4191.22 1.7497e-13   4210.18 1 
  4193.96 1.7034e-13   4212.93 1 
  4196.70 1.7311e-13   4215.68 1 
  4199.44 1.7179e-13   4218.43 1 
  4202.17 1.8018e-13   4221.18 1 
  4204.91 1.8382e-13   4223.93 1 
  4207.65 1.8869e-13   4226.68 1 
  4210.39 1.8405e-13   4229.43 1 
  4213.12 1.8222e-13   4232.18 1 
  4215.86 1.8287e-13   4234.93 1 
  4218.60 1.7672e-13   4237.68 1 
  4221.34 1.7657e-13   4240.43 1 
  4224.07 1.6566e-13   4243.18 1 
  4226.81 1.6488e-13   4245.93 1 
  4229.55 1.7039e-13   4248.68 1 
  4232.29 1.7869e-13   4251.43 1 
  4235.03 1.8061e-13   4254.18 1 
  4237.76 1.8705e-13   4256.93 1 
  4240.50 1.8997e-13   4259.68 1 
  4243.24 1.8136e-13   4262.43 1 
  4245.98 1.8087e-13   4265.18 1 
  4248.71 1.8184e-13   4267.93 1 
  4251.45 1.7620e-13   4270.68 1 
  4254.19 1.7631e-13   4273.43 1 
  4256.93 1.8018e-13   4276.18 1 
  4259.66 1.8345e-13   4278.93 1 
  4262.40 1.8395e-13   4281.68 1 
  4265.14 1.8031e-13   4284.43 1 
  4267.88 1.7623e-13   4287.18 1 
  4270.61 1.7352e-13   4289.93 1 
  4273.35 1.6844e-13   4292.68 1 
  4276.09 1.7826e-13   4295.43 1 
  4278.83 1.7610e-13   4298.18 1 
  4281.56 1.7797e-13   4300.93 1 
  4284.30 1.7680e-13   4303.68 1 
  4287.04 1.6726e-13   4306.43 1 
  4289.78 1.5645e-13   4309.18 1 
  4292.52 1.6069e-13   4311.93 1 
  4295.25 1.4891e-13   4314.68 1 
  4297.99 1.4483e-13   4317.43 1 
  4300.73 1.3712e-13   4320.18 1 
  4303.47 1.3348e-13   4322.93 1 
  4306.20 1.4410e-13   4325.68 1 
  4308.94 1.6390e-13   4328.43 1 
  4311.68 1.7596e-13   4331.18 1 
  4314.42 1.9723e-13   4333.93 1 
  4317.15 1.9618e-13   4336.68 1 
  4319.89 1.9368e-13   4339.43 1 
  4322.63 1.9523e-13   4342.18 1 
  4325.37 1.9581e-13   4344.93 1 
  4328.10 2.0232e-13   4347.68 1 
  4330.84 2.0921e-13   4350.43 1 
  4333.58 2.0226e-13   4353.18 1 
  4336.32 1.9939e-13   4355.93 1 
  4339.05 1.9291e-13   4358.68 1 
  4341.79 1.9591e-13   4361.43 1 
  4344.53 2.0640e-13   4364.18 1 
  4347.27 2.1016e-13   4366.93 1 
  4350.01 2.0582e-13   4369.68 1 
  4352.74 2.0337e-13   4372.43 1 
  4355.48 2.2006e-13   4375.18 1 
  4358.22 2.2426e-13   4377.93 1 
  4360.96 2.2205e-13   4380.68 1 
  4363.69 2.2444e-13   4383.43 1 
  4366.43 2.1684e-13   4386.18 1 
  4369.17 2.0554e-13   4388.93 1 
  4371.91 2.0508e-13   4391.68 1 
  4374.64 1.9831e-13   4394.43 1 
  4377.38 1.9474e-13   4397.18 1 
  4380.12 1.8870e-13   4399.93 1 
  4382.86 1.8520e-13   4402.68 1 
  4385.59 1.8931e-13   4405.43 1 
  4388.33 2.0185e-13   4408.18 1 
  4391.07 2.0627e-13   4410.93 1 
  4393.81 2.0844e-13   4413.68 1 
  4396.54 2.0881e-13   4416.43 1 
  4399.28 2.0426e-13   4419.18 1 
  4402.02 2.0068e-13   4421.93 1 
  4404.76 2.0498e-13   4424.68 1 
  4407.50 2.1179e-13   4427.43 1 
  4410.23 2.1434e-13   4430.18 1 
  4412.97 2.2201e-13   4432.93 1 
  4415.71 2.2670e-13   4435.68 1 
  4418.45 2.2663e-13   4438.43 1 
  4421.18 2.2110e-13   4441.18 1 
  4423.92 2.2535e-13   4443.93 1 
  4426.66 2.2313e-13   4446.68 1 
  4429.40 2.1585e-13   4449.43 1 
  4432.13 2.2566e-13   4452.18 1 
  4434.87 2.2482e-13   4454.93 1 
  4437.61 2.2571e-13   4457.68 1 
  4440.35 2.3423e-13   4460.43 1 
  4443.08 2.3674e-13   4463.18 1 
  4445.82 2.3501e-13   4465.93 1 
  4448.56 2.3025e-13   4468.68 1 
  4451.30 2.2229e-13   4471.43 1 
  4454.03 2.1829e-13   4474.18 1 
  4456.77 2.1475e-13   4476.93 1 
  4459.51 2.1852e-13   4479.68 1 
  4462.25 2.1812e-13   4482.43 1 
  4464.99 2.2696e-13   4485.18 1 
  4467.72 2.4053e-13   4487.93 1 
  4470.46 2.3478e-13   4490.68 1 
  4473.20 2.4671e-13   4493.43 1 
  4475.94 2.5057e-13   4496.18 1 
  4478.67 2.5319e-13   4498.93 1 
  4481.41 2.4613e-13   4501.68 1 
  4484.15 2.4678e-13   4504.43 1 
  4486.89 2.4749e-13   4507.18 1 
  4489.62 2.4287e-13   4509.93 1 
  4492.36 2.4563e-13   4512.68 1 
  4495.10 2.4872e-13   4515.43 1 
  4497.84 2.5437e-13   4518.18 1 
  4500.57 2.5990e-13   4520.93 1 
  4503.31 2.6798e-13   4523.68 1 
  4506.05 2.7120e-13   4526.43 1 
  4508.79 2.6624e-13   4529.18 1 
  4511.52 2.5996e-13   4531.93 1 
  4514.26 2.5585e-13   4534.68 1 
  4517.00 2.5257e-13   4537.43 1 
  4519.74 2.4965e-13   4540.18 1 
  4522.48 2.4390e-13   4542.93 1 
  4525.21 2.3354e-13   4545.68 1 
  4527.95 2.3008e-13   4548.43 1 
  4530.69 2.3279e-13   4551.18 1 
  4533.43 2.3306e-13   4553.93 1 
  4536.16 2.4091e-13   4556.68 1 
  4538.90 2.4983e-13   4559.43 1 
  4541.64 2.4838e-13   4562.18 1 
  4544.38 2.5412e-13   4564.93 1 
  4547.11 2.5158e-13   4567.68 1 
  4549.85 2.5087e-13   4570.43 1 
  4552.59 2.5863e-13   4573.18 1 
  4555.33 2.6186e-13   4575.93 1 
  4558.06 2.6307e-13   4578.68 1 
  4560.80 2.6366e-13   4581.43 1 
  4563.54 2.6671e-13   4584.18 1 
  4566.28 2.6584e-13   4586.93 1 
  4569.01 2.6201e-13   4589.68 1 
  4571.75 2.5959e-13   4592.43 1 
  4574.49 2.6277e-13   4595.18 1 
  4577.23 2.5897e-13   4597.93 1 
  4579.96 2.5436e-13   4600.68 1 
  4582.70 2.5009e-13   4603.43 1 
  4585.44 2.5239e-13   4606.18 1 
  4588.18 2.5537e-13   4608.93 1 
  4590.92 2.5521e-13   4611.68 1 
  4593.65 2.5416e-13   4614.43 1 
  4596.39 2.5454e-13   4617.18 1 
  4599.13 2.5550e-13   4619.93 1 
  4601.87 2.5902e-13   4622.68 1 
  4604.60 2.5873e-13   4625.43 1 
  4607.34 2.6786e-13   4628.18 1 
  4610.08 2.7233e-13   4630.93 1 
  4612.82 2.6884e-13   4633.68 1 
  4615.55 2.6816e-13   4636.43 1 
  4618.29 2.7030e-13   4639.18 1 
  4621.03 2.7368e-13   4641.93 1 
  4623.77 2.7052e-13   4644.68 1 
  4626.50 2.7134e-13   4647.43 1 
  4629.24 2.7109e-13   4650.18 1 
  4631.98 2.6495e-13   4652.93 1 
  4634.72 2.5687e-13   4655.68 1 
  4637.45 2.5033e-13   4658.43 1 
  4640.19 2.5242e-13   4661.18 1 
  4642.93 2.5106e-13   4663.93 1 
  4645.67 2.4682e-13   4666.68 1 
  4648.41 2.4512e-13   4669.43 1 
  4651.14 2.4929e-13   4672.18 1 
  4653.88 2.5623e-13   4674.93 1 
  4656.62 2.6156e-13   4677.68 1 
  4659.36 2.5749e-13   4680.43 1 
  4662.09 2.4785e-13   4683.18 1 
  4664.83 2.4179e-13   4685.93 1 
  4667.57 2.4067e-13   4688.68 1 
  4670.31 2.4872e-13   4691.43 1 
  4673.04 2.4767e-13   4694.18 1 
  4675.78 2.4863e-13   4696.93 1 
  4678.52 2.5396e-13   4699.68 1 
  4681.26 2.5496e-13   4702.43 1 
  4683.99 2.5396e-13   4705.18 1 
  4686.73 2.5193e-13   4707.93 1 
  4689.47 2.4991e-13   4710.68 1 
  4692.21 2.4901e-13   4713.43 1 
  4694.94 2.4791e-13   4716.18 1 
  4697.68 2.4802e-13   4718.93 1 
  4700.42 2.4736e-13   4721.68 1 
  4703.16 2.4827e-13   4724.43 1 
  4705.90 2.5036e-13   4727.18 1 
  4708.63 2.4569e-13   4729.93 1 
  4711.37 2.5120e-13   4732.68 1 
  4714.11 2.6112e-13   4735.43 1 
  4716.85 2.6472e-13   4738.18 1 
  4719.58 2.6474e-13   4740.93 1 
  4722.32 2.6697e-13   4743.68 1 
  4725.06 2.6354e-13   4746.43 1 
  4727.80 2.5733e-13   4749.18 1 
  4730.53 2.5264e-13   4751.93 1 
  4733.27 2.5843e-13   4754.68 1 
  4736.01 2.6201e-13   4757.43 1 
  4738.75 2.6564e-13   4760.18 1 
  4741.48 2.7153e-13   4762.93 1 
  4744.22 2.7581e-13   4765.68 1 
  4746.96 2.7450e-13   4768.43 1 
  4749.70 2.7170e-13   4771.18 1 
  4752.43 2.6871e-13   4773.93 1 
  4755.17 2.6561e-13   4776.68 1 
  4757.91 2.6547e-13   4779.43 1 
  4760.65 2.5847e-13   4782.18 1 
  4763.39 2.5102e-13   4784.93 1 
  4766.12 2.5353e-13   4787.68 1 
  4768.86 2.6235e-13   4790.43 1 
  4771.60 2.6582e-13   4793.18 1 
  4774.34 2.6763e-13   4795.93 1 
  4777.07 2.6774e-13   4798.68 1 
  4779.81 2.6711e-13   4801.43 1 
  4782.55 2.6685e-13   4804.18 1 
  4785.29 2.6266e-13   4806.93 1 
  4788.02 2.6587e-13   4809.68 1 
  4790.76 2.7149e-13   4812.43 1 
  4793.50 2.7336e-13   4815.18 1 
  4796.24 2.7422e-13   4817.93 1 
  4798.97 2.7300e-13   4820.68 1 
  4801.71 2.7564e-13   4823.43 1 
  4804.45 2.7653e-13   4826.18 1 
  4807.19 2.7172e-13   4828.93 1 
  4809.92 2.7371e-13   4831.68 1 
  4812.66 2.7807e-13   4834.43 1 
  4815.40 2.7915e-13   4837.18 1 
  4818.14 2.7898e-13   4839.93 1 
  4820.88 2.7480e-13   4842.68 1 
  4823.61 2.7417e-13   4845.43 1 
  4826.35 2.7584e-13   4848.18 1 
  4829.09 2.7381e-13   4850.93 1 
  4831.83 2.7359e-13   4853.68 1 
  4834.56 2.7122e-13   4856.43 1 
  4837.30 2.6994e-13   4859.18 1 
  4840.04 2.7094e-13   4861.93 1 
  4842.78 2.7257e-13   4864.68 1 
  4845.51 2.7088e-13   4867.43 1 
  4848.25 2.6737e-13   4870.18 1 
  4850.99 2.5996e-13   4872.93 1 
  4853.73 2.5180e-13   4875.68 1 
  4856.46 2.4433e-13   4878.43 1 
  4859.20 2.4269e-13   4881.18 1 
  4861.94 2.4246e-13   4883.93 1 
  4864.68 2.4371e-13   4886.68 1 
  4867.41 2.4735e-13   4889.43 1 
  4870.15 2.4953e-13   4892.18 1 
  4872.89 2.5637e-13   4894.93 1 
  4875.63 2.6011e-13   4897.68 1 
  4878.37 2.6185e-13   4900.43 1 
  4881.10 2.6268e-13   4903.18 1 
  4883.84 2.6241e-13   4905.93 1 
  4886.58 2.6335e-13   4908.68 1 
  4889.32 2.6377e-13   4911.43 1 
  4892.05 2.6796e-13   4914.18 1 
  4894.79 2.7380e-13   4916.93 1 
  4897.53 2.7984e-13   4919.68 1 
  4900.27 2.8010e-13   4922.43 1 
  4903.00 2.7814e-13   4925.18 1 
  4905.74 2.7814e-13   4927.93 1 
  4908.48 2.7427e-13   4930.68 1 
  4911.22 2.6848e-13   4933.43 1 
  4913.95 2.6450e-13   4936.18 1 
  4916.69 2.6191e-13   4938.93 1 
  4919.43 2.5968e-13   4941.68 1 
  4922.17 2.6407e-13   4944.43 1 
  4924.90 2.7101e-13   4947.18 1 
  4927.64 2.7313e-13   4949.93 1 
  4930.38 2.7434e-13   4952.68 1 
  4933.12 2.7045e-13   4955.43 1 
  4935.86 2.7050e-13   4958.18 1 
  4938.59 2.7353e-13   4960.93 1 
  4941.33 2.7487e-13   4963.68 1 
  4944.07 2.7766e-13   4966.43 1 
  4946.81 2.7946e-13   4969.18 1 
  4949.54 2.8116e-13   4971.93 1 
  4952.28 2.7883e-13   4974.68 1 
  4955.02 2.7319e-13   4977.43 1 
  4957.76 2.6694e-13   4980.18 1 
  4960.49 2.6289e-13   4982.93 1 
  4963.23 2.6221e-13   4985.68 1 
  4965.97 2.6454e-13   4988.43 1 
  4968.71 2.6823e-13   4991.18 1 
  4971.44 2.6713e-13   4993.93 1 
  4974.18 2.6433e-13   4996.68 1 
  4976.92 2.5958e-13   4999.43 1 
  4979.66 2.5754e-13   5002.18 1 
  4982.39 2.5318e-13   5004.93 1 
  4985.13 2.5107e-13   5007.68 1 
  4987.87 2.5673e-13   5010.43 1 
  4990.61 2.6057e-13   5013.18 1 
  4993.35 2.6096e-13   5015.93 1 
  4996.08 2.5823e-13   5018.68 1 
  4998.82 2.5794e-13   5021.43 1 
  5001.56 2.5250e-13   5024.18 1 
  5004.30 2.4948e-13   5026.93 1 
  5007.03 2.4557e-13   5029.68 1 
  5009.77 2.4182e-13   5032.43 1 
  5012.51 2.4169e-13   5035.18 1 
  5015.25 2.4160e-13   5037.93 1 
  5017.98 2.4173e-13   5040.68 1 
  5020.72 2.4396e-13   5043.43 1 
  5023.46 2.4832e-13   5046.18 1 
  5026.20 2.5088e-13   5048.93 1 
  5028.93 2.5100e-13   5051.68 1 
  5031.67 2.4943e-13   5054.43 1 
  5034.41 2.4686e-13   5057.18 1 
  5037.15 2.4573e-13   5059.93 1 
  5039.88 2.4780e-13   5062.68 1 
  5042.62 2.5267e-13   5065.43 1 
  5045.36 2.5487e-13   5068.18 1 
  5048.10 2.5563e-13   5070.93 1 
  5050.84 2.5811e-13   5073.68 1 
  5053.57 2.6208e-13   5076.43 1 
  5056.31 2.6518e-13   5079.18 1 
  5059.05 2.6438e-13   5081.93 1 
  5061.79 2.6006e-13   5084.68 1 
  5064.52 2.5674e-13   5087.43 1 
  5067.26 2.5486e-13   5090.18 1 
  5070.00 2.5224e-13   5092.93 1 
  5072.74 2.5021e-13   5095.68 1 
  5075.47 2.4889e-13   5098.43 1 
  5078.21 2.4594e-13   5101.18 1 
  5080.95 2.4622e-13   5103.93 1 
  5083.69 2.5138e-13   5106.68 1 
  5086.42 2.5629e-13   5109.43 1 
  5089.16 2.5811e-13   5112.18 1 
  5091.90 2.5795e-13   5114.93 1 
  5094.64 2.5569e-13   5117.68 1 
  5097.37 2.5176e-13   5120.43 1 
  5100.11 2.5079e-13   5123.18 1 
  5102.85 2.4921e-13   5125.93 1 
  5105.59 2.4624e-13   5128.68 1 
  5108.33 2.5077e-13   5131.43 1 
  5111.06 2.5470e-13   5134.18 1 
  5113.80 2.5370e-13   5136.93 1 
  5116.54 2.5550e-13   5139.68 1 
  5119.28 2.5269e-13   5142.43 1 
  5122.01 2.4825e-13   5145.18 1 
  5124.75 2.4209e-13   5147.93 1 
  5127.49 2.4405e-13   5150.68 1 
  5130.23 2.4601e-13   5153.43 1 
  5132.96 2.4698e-13   5156.18 1 
  5135.70 2.4309e-13   5158.93 1 
  5138.44 2.4233e-13   5161.68 1 
  5141.18 2.4096e-13   5164.43 1 
  5143.91 2.4207e-13   5167.18 1 
  5146.65 2.4076e-13   5169.93 1 
  5149.39 2.4197e-13   5172.68 1 
  5152.13 2.4499e-13   5175.43 1 
  5154.86 2.4453e-13   5178.18 1 
  5157.60 2.3732e-13   5180.93 1 
  5160.34 2.2735e-13   5183.68 1 
  5163.08 2.1680e-13   5186.43 1 
  5165.82 2.1063e-13   5189.18 1 
  5168.55 2.0488e-13   5191.93 1 
  5171.29 2.0250e-13   5194.68 1 
  5174.03 2.1002e-13   5197.43 1 
  5176.77 2.1166e-13   5200.18 1 
  5179.50 2.1216e-13   5202.93 1 
  5182.24 2.1531e-13   5205.68 1 
  5184.98 2.2348e-13   5208.43 1 
  5187.72 2.3033e-13   5211.18 1 
  5190.45 2.3737e-13   5213.93 1 
  5193.19 2.4425e-13   5216.68 1 
  5195.93 2.4799e-13   5219.43 1 
  5198.67 2.4935e-13   5222.18 1 
  5201.40 2.4667e-13   5224.93 1 
  5204.14 2.4117e-13   5227.68 1 
  5206.88 2.4241e-13   5230.43 1 
  5209.62 2.4789e-13   5233.18 1 
  5212.35 2.5191e-13   5235.93 1 
  5215.09 2.5288e-13   5238.68 1 
  5217.83 2.5661e-13   5241.43 1 
  5220.57 2.5641e-13   5244.18 1 
  5223.31 2.5371e-13   5246.93 1 
  5226.04 2.5361e-13   5249.68 1 
  5228.78 2.5613e-13   5252.43 1 
  5231.52 2.6397e-13   5255.18 1 
  5234.26 2.7006e-13   5257.93 1 
  5236.99 2.7226e-13   5260.68 1 
  5239.73 2.7421e-13   5263.43 1 
  5242.47 2.7317e-13   5266.18 1 
  5245.21 2.6965e-13   5268.93 1 
  5247.94 2.6711e-13   5271.68 1 
  5250.68 2.6217e-13   5274.43 1 
  5253.42 2.6080e-13   5277.18 1 
  5256.16 2.6278e-13   5279.93 1 
  5258.89 2.5579e-13   5282.68 1 
  5261.63 2.5115e-13   5285.43 1 
  5264.37 2.4360e-13   5288.18 1 
  5267.11 2.4328e-13   5290.93 1 
  5269.84 2.4486e-13   5293.68 1 
  5272.58 2.4952e-13   5296.43 1 
  5275.32 2.6354e-13   5299.18 1 
  5278.06 2.7086e-13   5301.93 1 
  5280.80 2.7380e-13   5304.68 1 
  5283.53 2.7785e-13   5307.43 1 
  5286.27 2.8231e-13   5310.18 1 
  5289.01 2.8874e-13   5312.93 1 
  5291.75 2.8494e-13   5315.68 1 
  5294.48 2.7966e-13   5318.43 1 
  5297.22 2.7617e-13   5321.18 1 
  5299.96 2.8091e-13   5323.93 1 
  5302.70 2.8616e-13   5326.68 1 
  5305.43 2.9063e-13   5329.43 1 
  5308.17 2.9149e-13   5332.18 1 
  5310.91 2.9545e-13   5334.93 1 
  5313.65 2.9261e-13   5337.68 1 
  5316.38 2.8655e-13   5340.43 1 
  5319.12 2.7732e-13   5343.18 1 
  5321.86 2.7199e-13   5345.93 1 
  5324.60 2.6680e-13   5348.68 1 
  5327.33 2.6755e-13   5351.43 1 
  5330.07 2.6440e-13   5354.18 1 
  5332.81 2.7274e-13   5356.93 1 
  5335.55 2.7672e-13   5359.68 1 
  5338.29 2.7612e-13   5362.43 1 
  5341.02 2.7851e-13   5365.18 1 
  5343.76 2.7730e-13   5367.93 1 
  5346.50 2.7941e-13   5370.68 1 
  5349.24 2.8768e-13   5373.43 1 
  5351.97 2.9370e-13   5376.18 1 
  5354.71 2.9487e-13   5378.93 1 
  5357.45 2.9546e-13   5381.68 1 
  5360.19 2.9255e-13   5384.43 1 
  5362.92 2.8321e-13   5387.18 1 
  5365.66 2.8361e-13   5389.93 1 
  5368.40 2.8216e-13   5392.68 1 
  5371.14 2.8004e-13   5395.43 1 
  5373.87 2.8044e-13   5398.18 1 
  5376.61 2.8754e-13   5400.93 1 
  5379.35 2.9119e-13   5403.68 1 
  5382.09 2.8843e-13   5406.43 1 
  5384.82 2.8663e-13   5409.18 1 
  5387.56 2.8298e-13   5411.93 1 
  5390.30 2.7591e-13   5414.68 1 
  5393.04 2.6949e-13   5417.43 1 
  5395.78 2.6891e-13   5420.18 1 
  5398.51 2.6477e-13   5422.93 1 
  5401.25 2.6470e-13   5425.68 1 
  5403.99 2.6802e-13   5428.43 1 
  5406.73 2.6825e-13   5431.18 1 
  5409.46 2.7554e-13   5433.93 1 
  5412.20 2.7994e-13   5436.68 1 
  5414.94 2.8214e-13   5439.43 1 
  5417.68 2.8663e-13   5442.18 1 
  5420.41 2.8395e-13   5444.93 1 
  5423.15 2.8163e-13   5447.68 1 
  5425.89 2.7831e-13   5450.43 1 
  5428.63 2.7678e-13   5453.18 1 
  5431.36 2.7338e-13   5455.93 1 
  5434.10 2.7881e-13   5458.68 1 
  5436.84 2.7650e-13   5461.43 1 
  5439.58 2.7882e-13   5464.18 1 
  5442.31 2.8200e-13   5466.93 1 
  5445.05 2.8412e-13   5469.68 1 
  5447.79 2.7961e-13   5472.43 1 
  5450.53 2.7433e-13   5475.18 1 
  5453.27 2.8025e-13   5477.93 1 
  5456.00 2.8037e-13   5480.68 1 
  5458.74 2.7586e-13   5483.43 1 
  5461.48 2.8152e-13   5486.18 1 
  5464.22 2.7681e-13   5488.93 1 
  5466.95 2.7650e-13   5491.68 1 
  5469.69 2.7078e-13   5494.43 1 
  5472.43 2.7129e-13   5497.18 1 
  5475.17 2.7232e-13   5499.93 1 
  5477.90 2.7373e-13   5502.68 1 
  5480.64 2.7450e-13   5505.43 1 
  5483.38 2.7634e-13   5508.18 1 
  5486.12 2.7410e-13   5510.93 1 
  5488.85 2.7667e-13   5513.68 1 
  5491.59 2.7982e-13   5516.43 1 
  5494.33 2.7877e-13   5519.18 1 
  5497.07 2.7660e-13   5521.93 1 
  5499.80 2.7607e-13   5524.68 1 
  5502.54 2.7245e-13   5527.43 1 
  5505.28 2.7824e-13   5530.18 1 
  5508.02 2.7360e-13   5532.93 1 
  5510.76 2.6990e-13   5535.68 1 
  5513.49 2.7468e-13   5538.43 1 
  5516.23 2.7528e-13   5541.18 1 
  5518.97 2.8093e-13   5543.93 1 
  5521.71 2.7906e-13   5546.68 1 
  5524.44 2.7743e-13   5549.43 1 
  5527.18 2.7327e-13   5552.18 1 
  5529.92 2.7303e-13   5554.93 1 
  5532.66 2.7975e-13   5557.68 1 
  5535.39 2.7611e-13   5560.43 1 
  5538.13 2.8043e-13   5563.18 1 
  5540.87 2.8161e-13   5565.93 1 
  5543.61 2.8344e-13   5568.68 1 
  5546.34 2.8869e-13   5571.43 1 
  5549.08 2.8769e-13   5574.18 1 
  5551.82 2.8878e-13   5576.93 1 
  5554.56 2.8427e-13   5579.68 1 
  5557.29 2.8552e-13   5582.43 1 
  5560.03 2.8200e-13   5585.18 1 
  5562.77 2.7322e-13   5587.93 1 
  5565.51 2.7319e-13   5590.68 1 
  5568.25 2.8781e-13   5593.43 1 
  5570.98 2.7534e-13   5596.18 1 
  5573.72 2.7993e-13   5598.93 1 
  5576.46 2.7315e-13   5601.68 1 
  5579.20 2.7503e-13   5604.43 1 
  5581.93 2.7552e-13   5607.18 1 
  5584.67 2.7118e-13   5609.93 1 
  5587.41 2.6925e-13   5612.68 1 
  5590.15 2.7192e-13   5615.43 1 
  5592.88 2.6981e-13   5618.18 1 
  5595.62 2.7300e-13   5620.93 1 
  5598.36 2.6943e-13   5623.68 1 
  5601.10 2.8110e-13   5626.43 1 
  5603.83 2.8214e-13   5629.18 1 
  5606.57 2.8129e-13   5631.93 1 
  5609.31 2.8253e-13   5634.68 1 
  5612.05 2.8376e-13   5637.43 1 
  5614.78 2.8125e-13   5640.18 1 
  5617.52 2.8124e-13   5642.93 1 
  5620.26 2.8231e-13   5645.68 1 
  5623.00 2.7898e-13   5648.43 1 
  5625.73 2.8861e-13   5651.18 1 
  5628.47 2.8249e-13   5653.93 1 
  5631.21 2.7813e-13   5656.68 1 
  5633.95 2.7977e-13   5659.43 1 
  5636.69 2.7837e-13   5662.18 1 
  5639.42 2.7819e-13   5664.93 1 
  5642.16 2.7984e-13   5667.68 1 
  5644.90 2.8197e-13   5670.43 1 
  5647.64 2.7882e-13   5673.18 1 
  5650.37 2.7898e-13   5675.93 1 
  5653.11 2.7863e-13   5678.68 1 
  5655.85 2.7283e-13   5681.43 1 
  5658.59 2.7481e-13   5684.18 1 
  5661.32 2.7309e-13   5686.93 1 
  5664.06 2.7601e-13   5689.68 1 
  5666.80 2.7995e-13   5692.43 1 
  5669.54 2.8203e-13   5695.18 1 
  5672.27 2.8237e-13   5697.93 1 
  5675.01 2.8324e-13   5700.68 1 
  5677.75 2.8320e-13   5703.43 1 
  5680.49 2.7869e-13   5706.18 1 
  5683.22 2.8049e-13   5708.93 1 
  5685.96 2.8313e-13   5711.68 1 
  5688.70 2.8300e-13   5714.43 1 
  5691.44 2.8320e-13   5717.18 1 
  5694.18 2.8362e-13   5719.93 1 
  5696.91 2.8159e-13   5722.68 1 
  5699.65 2.7530e-13   5725.43 1 
  5702.39 2.7414e-13   5728.18 1 
  5705.13 2.7252e-13   5730.93 1 
  5707.86 2.7060e-13   5733.68 1 
  5710.60 2.7373e-13   5736.43 1 
  5713.34 2.7699e-13   5739.18 1 
  5716.08 2.8351e-13   5741.93 1 
  5718.81 2.8801e-13   5744.68 1 
  5721.55 2.9159e-13   5747.43 1 
  5724.29 2.9044e-13   5750.18 1 
  5727.03 2.9235e-13   5752.93 1 
  5729.76 2.9066e-13   5755.68 1 
  5732.50 2.9426e-13   5758.43 1 
  5735.24 2.9492e-13   5761.18 1 
  5737.98 2.9181e-13   5763.93 1 
  5740.71 2.9365e-13   5766.68 1 
  5743.45 2.9305e-13   5769.43 1 
  5746.19 2.9091e-13   5772.18 1 
  5748.93 2.8780e-13   5774.93 1 
  5751.67 2.8808e-13   5777.68 1 
  5754.40 2.9100e-13   5780.43 1 
  5757.14 2.8846e-13   5783.18 1 
  5759.88 2.8828e-13   5785.93 1 
  5762.62 2.9200e-13   5788.68 1 
  5765.35 2.9446e-13   5791.43 1 
  5768.09 2.9309e-13   5794.18 1 
  5770.83 2.8934e-13   5796.93 1 
  5773.57 2.8449e-13   5799.68 1 
  5776.30 2.8124e-13   5802.43 1 
  5779.04 2.7704e-13   5805.18 1 
  5781.78 2.7666e-13   5807.93 1 
  5784.52 2.8136e-13   5810.68 1 
  5787.25 2.8467e-13   5813.43 1 
  5789.99 2.8936e-13   5816.18 1 
  5792.73 2.9198e-13   5818.93 1 
  5795.47 2.9268e-13   5821.68 1 
  5798.20 2.9332e-13   5824.43 1 
  5800.94 2.9455e-13   5827.18 1 
  5803.68 2.9235e-13   5829.93 1 
  5806.42 2.9751e-13   5832.68 1 
  5809.16 2.9782e-13   5835.43 1 
  5811.89 2.9564e-13   5838.18 1 
  5814.63 2.9669e-13   5840.93 1 
  5817.37 2.9414e-13   5843.68 1 
  5820.11 2.9647e-13   5846.43 1 
  5822.84 2.9887e-13   5849.18 1 
  5825.58 2.9839e-13   5851.93 1 
  5828.32 2.9822e-13   5854.68 1 
  5831.06 2.9727e-13   5857.43 1 
  5833.79 2.9842e-13   5860.18 1 
  5836.53 2.9622e-13   5862.93 1 
  5839.27 2.9488e-13   5865.68 1 
  5842.01 2.9937e-13   5868.43 1 
  5844.74 2.9474e-13   5871.18 1 
  5847.48 2.9425e-13   5873.93 1 
  5850.22 2.9016e-13   5876.68 1 
  5852.96 2.8830e-13   5879.43 1 
  5855.69 2.8311e-13   5882.18 1 
  5858.43 2.7657e-13   5884.93 1 
  5861.17 2.7284e-13   5887.68 1 
  5863.91 2.6583e-13   5890.43 1 
  5866.65 2.6840e-13   5893.18 1 
  5869.38 2.6787e-13   5895.93 1 
  5872.12 2.7020e-13   5898.68 1 
  5874.86 2.7623e-13   5901.43 1 
  5877.60 2.7381e-13   5904.18 1 
  5880.33 2.6664e-13   5906.93 1 
  5883.07 2.5267e-13   5909.68 1 
  5885.81 2.3762e-13   5912.43 1 
  5888.55 2.2941e-13   5915.18 1 
  5891.28 2.2436e-13   5917.93 1 
  5894.02 2.2625e-13   5920.68 1 
  5896.76 2.4288e-13   5923.43 1 
  5899.50 2.5863e-13   5926.18 1 
  5902.23 2.6721e-13   5928.93 1 
  5904.97 2.7172e-13   5931.68 1 
  5907.71 2.7440e-13   5934.43 1 
  5910.45 2.8006e-13   5937.18 1 
  5913.18 2.8352e-13   5939.93 1 
  5915.92 2.8126e-13   5942.68 1 
  5918.66 2.8064e-13   5945.43 1 
  5921.40 2.7616e-13   5948.18 1 
  5924.14 2.8137e-13   5950.93 1 
  5926.87 2.7893e-13   5953.68 1 
  5929.61 2.7273e-13   5956.43 1 
  5932.35 2.7645e-13   5959.18 1 
  5935.09 2.8086e-13   5961.93 1 
  5937.82 2.8435e-13   5964.68 1 
  5940.56 2.8489e-13   5967.43 1 
  5943.30 2.8755e-13   5970.18 1 
  5946.04 2.8106e-13   5972.93 1 
  5948.77 2.8357e-13   5975.68 1 
  5951.51 2.8049e-13   5978.43 1 
  5954.25 2.8755e-13   5981.18 1 
  5956.99 2.8647e-13   5983.93 1 
  5959.72 2.8378e-13   5986.68 1 
  5962.46 2.8143e-13   5989.43 1 
  5965.20 2.8446e-13   5992.18 1 
  5967.94 2.8362e-13   5994.93 1 
  5970.67 2.8641e-13   5997.68 1 
  5973.41 2.8635e-13   6000.43 1 
  5976.15 2.8211e-13   6003.18 1 
  5978.89 2.8089e-13   6005.93 1 
  5981.63 2.7585e-13   6008.68 1 
  5984.36 2.8041e-13   6011.43 1 
  5987.10 2.8086e-13   6014.18 1 
  5989.84 2.8113e-13   6016.93 1 
  5992.58 2.8973e-13   6019.68 1 
  5995.31 2.8841e-13   6022.43 1 
  5998.05 2.8036e-13   6025.18 1 
  6000.79 2.8243e-13   6027.93 1 
  6003.53 2.8345e-13   6030.68 1 
  6006.26 2.7954e-13   6033.43 1 
  6009.00 2.7654e-13   6036.18 1 
  6011.74 2.7727e-13   6038.93 1 
  6014.48 2.8325e-13   6041.68 1 
  6017.21 2.8065e-13   6044.43 1 
  6019.95 2.8681e-13   6047.18 1 
  6022.69 2.7881e-13   6049.93 1 
  6025.43 2.9416e-13   6052.68 1 
  6028.16 2.8832e-13   6055.43 1 
  6030.90 2.8807e-13   6058.18 1 
  6033.64 2.9091e-13   6060.93 1 
  6036.38 2.9374e-13   6063.68 1 
  6039.12 2.9203e-13   6066.43 1 
  6041.85 2.9304e-13   6069.18 1 
  6044.59 2.9243e-13   6071.93 1 
  6047.33 2.9448e-13   6074.68 1 
  6050.07 2.9224e-13   6077.43 1 
  6052.80 2.9230e-13   6080.18 1 
  6055.54 2.9263e-13   6082.93 1 
  6058.28 2.9174e-13   6085.68 1 
  6061.02 2.9181e-13   6088.43 1 
  6063.75 2.8744e-13   6091.18 1 
  6066.49 2.8792e-13   6093.93 1 
  6069.23 2.9257e-13   6096.68 1 
  6071.97 2.9527e-13   6099.43 1 
  6074.70 2.8969e-13   6102.18 1 
  6077.44 2.8602e-13   6104.93 1 
  6080.18 2.8280e-13   6107.68 1 
  6082.92 2.8408e-13   6110.43 1 
  6085.65 2.8740e-13   6113.18 1 
  6088.39 2.8510e-13   6115.93 1 
  6091.13 2.8321e-13   6118.68 1 
  6093.87 2.8447e-13   6121.43 1 
  6096.61 2.8187e-13   6124.18 1 
  6099.34 2.7862e-13   6126.93 1 
  6102.08 2.8210e-13   6129.68 1 
  6104.82 2.8531e-13   6132.43 1 
  6107.56 2.8496e-13   6135.18 1 
  6110.29 2.8430e-13   6137.93 1 
  6113.03 2.8539e-13   6140.68 1 
  6115.77 2.8304e-13   6143.43 1 
  6118.51 2.8046e-13   6146.18 1 
  6121.24 2.8052e-13   6148.93 1 
  6123.98 2.8406e-13   6151.68 1 
  6126.72 2.8201e-13   6154.43 1 
  6129.46 2.7946e-13   6157.18 1 
  6132.19 2.7644e-13   6159.93 1 
  6134.93 2.7636e-13   6162.68 1 
  6137.67 2.8028e-13   6165.43 1 
  6140.41 2.8000e-13   6168.18 1 
  6143.14 2.8391e-13   6170.93 1 
  6145.88 2.8204e-13   6173.68 1 
  6148.62 2.8041e-13   6176.43 1 
  6151.36 2.7591e-13   6179.18 1 
  6154.10 2.7206e-13   6181.93 1 
  6156.83 2.6936e-13   6184.68 1 
  6159.57 2.6415e-13   6187.43 1 
  6162.31 2.6383e-13   6190.18 1 
  6165.05 2.6707e-13   6192.93 1 
  6167.78 2.6414e-13   6195.68 1 
  6170.52 2.6875e-13   6198.43 1 
  6173.26 2.7235e-13   6201.18 1 
  6176.00 2.7298e-13   6203.93 1 
  6178.73 2.7826e-13   6206.68 1 
  6181.47 2.7726e-13   6209.43 1 
  6184.21 2.7241e-13   6212.18 1 
  6186.95 2.6865e-13   6214.93 1 
  6189.68 2.6735e-13   6217.68 1 
  6192.42 2.6810e-13   6220.43 1 
  6195.16 2.6774e-13   6223.18 1 
  6197.90 2.7211e-13   6225.93 1 
  6200.63 2.7579e-13   6228.68 1 
  6203.37 2.7319e-13   6231.43 1 
  6206.11 2.6831e-13   6234.18 1 
  6208.85 2.6602e-13   6236.93 1 
  6211.59 2.6549e-13   6239.68 1 
  6214.32 2.6560e-13   6242.43 1 
  6217.06 2.6547e-13   6245.18 1 
  6219.80 2.6539e-13   6247.93 1 
  6222.54 2.6756e-13   6250.68 1 
  6225.27 2.6877e-13   6253.43 1 
  6228.01 2.6643e-13   6256.18 1 
  6230.75 2.6029e-13   6258.93 1 
  6233.49 2.6115e-13   6261.68 1 
  6236.22 2.6370e-13   6264.43 1 
  6238.96 2.6084e-13   6267.18 1 
  6241.70 2.6136e-13   6269.93 1 
  6244.44 2.5624e-13   6272.68 1 
  6247.17 2.6400e-13   6275.43 1 
  6249.91 2.5966e-13   6278.18 1 
  6252.65 2.6126e-13   6280.93 1 
  6255.39 2.5967e-13   6283.68 1 
  6258.12 2.6890e-13   6286.43 1 
  6260.86 2.7104e-13   6289.18 1 
  6263.60 2.6866e-13   6291.93 1 
  6266.34 2.7909e-13   6294.68 1 
  6269.08 2.6584e-13   6297.43 1 
  6271.81 2.6660e-13   6300.18 1 
  6274.55 2.6235e-13   6302.93 1 
  6277.29 2.6847e-13   6305.68 1 
  6280.03 2.7028e-13   6308.43 1 
  6282.76 2.7177e-13   6311.18 1 
  6285.50 2.7762e-13   6313.93 1 
  6288.24 2.7754e-13   6316.68 1 
  6290.98 2.7118e-13   6319.43 1 
  6293.71 2.7858e-13   6322.18 1 
  6296.45 2.8178e-13   6324.93 1 
  6299.19 2.6830e-13   6327.68 1 
  6301.93 2.7146e-13   6330.43 1 
  6304.66 2.7460e-13   6333.18 1 
  6307.40 2.7061e-13   6335.93 1 
  6310.14 2.7515e-13   6338.68 1 
  6312.88 2.7273e-13   6341.43 1 
  6315.61 2.6771e-13   6344.18 1 
  6318.35 2.7547e-13   6346.93 1 
  6321.09 2.7425e-13   6349.68 1 
  6323.83 2.8030e-13   6352.43 1 
  6326.57 2.8584e-13   6355.18 1 
  6329.30 2.9040e-13   6357.93 1 
  6332.04 2.7458e-13   6360.68 1 
  6334.78 2.7154e-13   6363.43 1 
  6337.52 2.7739e-13   6366.18 1 
  6340.25 2.8403e-13   6368.93 1 
  6342.99 2.7456e-13   6371.68 1 
  6345.73 2.7644e-13   6374.43 1 
  6348.47 2.7520e-13   6377.18 1 
  6351.20 2.7056e-13   6379.93 1 
  6353.94 2.6947e-13   6382.68 1 
  6356.68 2.7488e-13   6385.43 1 
  6359.42 2.7319e-13   6388.18 1 
  6362.15 2.7027e-13   6390.93 1 
  6364.89 2.7469e-13   6393.68 1 
  6367.63 2.8005e-13   6396.43 1 
  6370.37 2.8201e-13   6399.18 1 
  6373.10 2.8605e-13   6401.93 1 
  6375.84 2.8645e-13   6404.68 1 
  6378.58 2.8396e-13   6407.43 1 
  6381.32 2.8062e-13   6410.18 1 
  6384.06 2.8449e-13   6412.93 1 
  6386.79 2.8352e-13   6415.68 1 
  6389.53 2.7745e-13   6418.43 1 
  6392.27 2.7525e-13   6421.18 1 
  6395.01 2.7493e-13   6423.93 1 
  6397.74 2.7562e-13   6426.68 1 
  6400.48 2.7920e-13   6429.43 1 
  6403.22 2.8041e-13   6432.18 1 
  6405.96 2.8016e-13   6434.93 1 
  6408.69 2.7798e-13   6437.68 1 
  6411.43 2.7695e-13   6440.43 1 
  6414.17 2.7685e-13   6443.18 1 
  6416.91 2.7493e-13   6445.93 1 
  6419.64 2.7509e-13   6448.68 1 
  6422.38 2.7540e-13   6451.43 1 
  6425.12 2.7410e-13   6454.18 1 
  6427.86 2.7570e-13   6456.93 1 
  6430.59 2.7949e-13   6459.68 1 
  6433.33 2.7734e-13   6462.43 1 
  6436.07 2.7417e-13   6465.18 1 
  6438.81 2.7614e-13   6467.93 1 
  6441.55 2.7773e-13   6470.68 1 
  6444.28 2.7290e-13   6473.43 1 
  6447.02 2.7026e-13   6476.18 1 
  6449.76 2.6895e-13   6478.93 1 
  6452.50 2.6935e-13   6481.68 1 
  6455.23 2.7037e-13   6484.43 1 
  6457.97 2.7399e-13   6487.18 1 
  6460.71 2.7596e-13   6489.93 1 
  6463.45 2.7735e-13   6492.68 1 
  6466.18 2.8004e-13   6495.43 1 
  6468.92 2.8257e-13   6498.18 1 
  6471.66 2.7655e-13   6500.93 1 
  6474.40 2.8082e-13   6503.68 1 
  6477.13 2.7785e-13   6506.43 1 
  6479.87 2.7526e-13   6509.18 1 
  6482.61 2.7688e-13   6511.93 1 
  6485.35 2.7376e-13   6514.68 1 
  6488.08 2.6706e-13   6517.43 1 
  6490.82 2.6196e-13   6520.18 1 
  6493.56 2.6229e-13   6522.93 1 
  6496.30 2.6634e-13   6525.68 1 
  6499.04 2.7174e-13   6528.43 1 
  6501.77 2.7140e-13   6531.18 1 
  6504.51 2.6939e-13   6533.93 1 
  6507.25 2.7451e-13   6536.68 1 
  6509.99 2.8040e-13   6539.43 1 
  6512.72 2.8041e-13   6542.18 1 
  6515.46 2.8011e-13   6544.93 1 
  6518.20 2.7717e-13   6547.68 1 
  6520.94 2.8285e-13   6550.43 1 
  6523.67 2.8107e-13   6553.18 1 
  6526.41 2.7793e-13   6555.93 1 
  6529.15 2.8982e-13   6558.68 1 
  6531.89 2.8710e-13   6561.43 1 
  6534.62 2.8223e-13   6564.18 1 
  6537.36 2.8548e-13   6566.93 1 
  6540.10 2.9377e-13   6569.68 1 
  6542.84 2.9590e-13   6572.43 1 
  6545.57 2.8849e-13   6575.18 1 
  6548.31 2.8031e-13   6577.93 1 
  6551.05 2.7599e-13   6580.68 1 
  6553.79 2.6999e-13   6583.43 1 
  6556.53 2.7142e-13   6586.18 1 
  6559.26 2.6869e-13   6588.93 1 
  6562.00 2.7488e-13   6591.68 1 
  6564.74 2.7173e-13   6594.43 1 
  6567.48 2.7462e-13   6597.18 1 
  6570.21 2.7909e-13   6599.93 1 
  6572.95 2.8091e-13   6602.68 1 
  6575.69 2.8306e-13   6605.43 1 
  6578.43 2.9804e-13   6608.18 1 
  6581.16 3.0128e-13   6610.93 1 
  6583.90 3.0044e-13   6613.68 1 
  6586.64 2.9748e-13   6616.43 1 
  6589.38 2.8996e-13   6619.18 1 
  6592.11 2.8308e-13   6621.93 1 
  6594.85 2.8500e-13   6624.68 1 
  6597.59 2.8182e-13   6627.43 1 
  6600.33 2.7968e-13   6630.18 1 
  6603.06 2.8273e-13   6632.93 1 
  6605.80 2.8595e-13   6635.68 1 
  6608.54 2.8473e-13   6638.43 1 
  6611.28 2.8785e-13   6641.18 1 
  6614.01 2.8864e-13   6643.93 1 
  6616.75 2.8462e-13   6646.68 1 
  6619.49 2.8236e-13   6649.43 1 
  6622.23 2.8506e-13   6652.18 1 
  6624.97 2.8558e-13   6654.93 1 
  6627.70 2.8076e-13   6657.68 1 
  6630.44 2.7798e-13   6660.43 1 
  6633.18 2.7722e-13   6663.18 1 
  6635.92 2.7785e-13   6665.93 1 
  6638.65 2.7810e-13   6668.68 1 
  6641.39 2.7735e-13   6671.43 1 
  6644.13 2.7961e-13   6674.18 1 
  6646.87 2.8170e-13   6676.93 1 
  6649.60 2.8004e-13   6679.68 1 
  6652.34 2.7494e-13   6682.43 1 
  6655.08 2.7074e-13   6685.18 1 
  6657.82 2.7458e-13   6687.93 1 
  6660.55 2.7465e-13   6690.68 1 
  6663.29 2.7524e-13   6693.43 1 
  6666.03 2.7181e-13   6696.18 1 
  6668.77 2.7376e-13   6698.93 1 
  6671.50 2.7528e-13   6701.68 1 
  6674.24 2.7144e-13   6704.43 1 
  6676.98 2.7308e-13   6707.18 1 
  6679.72 2.7485e-13   6709.93 1 
  6682.46 2.7316e-13   6712.68 1 
  6685.19 2.7643e-13   6715.43 1 
  6687.93 2.7273e-13   6718.18 1 
  6690.67 2.7140e-13   6720.93 1 
  6693.41 2.7384e-13   6723.68 1 
  6696.14 2.7121e-13   6726.43 1 
  6698.88 2.6844e-13   6729.18 1 
  6701.62 2.6692e-13   6731.93 1 
  6704.36 2.7531e-13   6734.68 1 
  6707.09 2.7194e-13   6737.43 1 
  6709.83 2.7206e-13   6740.18 1 
  6712.57 2.7432e-13   6742.93 1 
  6715.31 2.7549e-13   6745.68 1 
  6718.04 2.6979e-13   6748.43 1 
  6720.78 2.7169e-13   6751.18 1 
  6723.52 2.7855e-13   6753.93 1 
  6726.26 2.7416e-13   6756.68 1 
  6728.99 2.7900e-13   6759.43 1 
  6731.73 2.7218e-13   6762.18 1 
  6734.47 2.7056e-13   6764.93 1 
  6737.21 2.6954e-13   6767.68 1 
  6739.95 2.6680e-13   6770.43 1 
  6742.68 2.6620e-13   6773.18 1 
  6745.42 2.6322e-13   6775.93 1 
  6748.16 2.6734e-13   6778.68 1 
  6750.90 2.6574e-13   6781.43 1 
  6753.63 2.6287e-13   6784.18 1 
  6756.37 2.6913e-13   6786.93 1 
  6759.11 2.6987e-13   6789.68 1 
  6761.85 2.6627e-13   6792.43 1 
  6764.58 2.6815e-13   6795.18 1 
  6767.32 2.7011e-13   6797.93 1 
  6770.06 2.6646e-13   6800.68 1 
  6772.80 2.6359e-13   6803.43 1 
  6775.53 2.6893e-13   6806.18 1 
  6778.27 2.6833e-13   6808.93 1 
  6781.01 2.6868e-13   6811.68 1 
  6783.75 2.6520e-13   6814.43 1 
  6786.48 2.6254e-13   6817.18 1 
  6789.22 2.6507e-13   6819.93 1 
  6791.96 2.6785e-13   6822.68 1 
  6794.70 2.6516e-13   6825.43 1 
  6797.44 2.6063e-13   6828.18 1 
  6808.32 2.7291e-13   6839.12 0 
  6824.02 2.7541e-13   6854.88 0 
  6839.75 2.7539e-13   6870.68 0 
  6855.52 2.7348e-13   6886.52 0 
  6871.32 2.6055e-13   6902.40 0 
  6887.16 2.7031e-13   6918.31 0 
  6903.04 2.7029e-13   6934.26 0 
  6918.95 2.7215e-13   6950.24 0 
  6934.90 2.6716e-13   6966.26 0 
  6950.89 2.7974e-13   6982.33 0 
  6966.91 2.7715e-13   6998.42 0 
  6982.97 2.7145e-13   7014.55 0 
  6999.06 2.8032e-13   7030.72 0 
  7015.20 2.7519e-13   7046.93 0 
  7031.37 2.6890e-13   7063.18 0 
  7047.58 2.8613e-13   7079.46 0 
  7063.83 2.7576e-13   7095.78 0 
  7080.11 2.7511e-13   7112.14 0 
  7096.43 2.6150e-13   7128.53 0 
  7112.79 2.6451e-13   7144.96 0 
  7129.19 2.6207e-13   7161.43 0 
  7145.62 2.5965e-13   7177.94 0 
  7162.10 2.6263e-13   7194.49 0 
  7178.61 2.6141e-13   7211.08 0 
  7195.15 2.4394e-13   7227.70 0 
  7211.74 2.5838e-13   7244.36 0 
  7228.37 2.6256e-13   7261.06 0 
  7245.03 2.6804e-13   7277.80 0 
  7261.73 2.6864e-13   7294.57 0 
  7278.47 2.6924e-13   7311.39 0 
  7295.25 2.6552e-13   7328.25 0 
  7312.07 2.7547e-13   7345.14 0 
  7328.92 2.8057e-13   7362.07 0 
  7345.82 2.8576e-13   7379.04 0 
  7362.75 2.6976e-13   7396.05 0 
  7379.72 2.8638e-13   7413.10 0 
  7396.74 2.7600e-13   7430.19 0 
  7413.79 2.8371e-13   7447.32 0 
  7430.88 2.7596e-13   7464.49 0 
  7448.01 2.7914e-13   7481.70 0 
  7465.18 2.8760e-13   7498.94 0 
  7482.38 2.8494e-13   7516.23 0 
  7499.64 2.7843e-13   7533.56 0 
  7516.92 2.8164e-13   7550.92 0 
  7534.25 2.8884e-13   7568.33 0 
  7551.62 2.9283e-13   7585.78 0 
  7569.03 2.8946e-13   7603.26 0 
  7586.48 2.9011e-13   7620.79 0 
  7603.96 2.8218e-13   7638.36 0 
  7621.50 2.8022e-13   7655.97 0 
  7639.06 2.7319e-13   7673.61 0 
  7656.67 2.7506e-13   7691.30 0 
  7674.33 2.3626e-13   7709.04 0 
  7692.02 2.6876e-13   7726.81 0 
  7709.75 2.4228e-13   7744.62 0 
  7727.52 2.6564e-13   7762.47 0 
  7745.33 2.7118e-13   7780.37 0 
  7763.19 2.6499e-13   7798.30 0 
  7781.08 2.6193e-13   7816.28 0 
  7799.02 2.6556e-13   7834.30 0 
  7817.00 2.6432e-13   7852.36 0 
  7835.02 2.7170e-13   7870.46 0 
  7853.08 2.7293e-13   7888.60 0 
  7871.18 2.7291e-13   7906.79 0 
  7889.33 2.6791e-13   7925.01 0 
  7907.52 2.6789e-13   7943.28 0 
  7925.75 2.5758e-13   7961.59 0 
  7944.02 2.6417e-13   7979.95 0 
  7962.33 2.6598e-13   7998.34 0 
  7980.68 2.7028e-13   8016.78 0 
  7999.08 2.7213e-13   8035.26 0 
  8017.52 2.7086e-13   8053.78 0 
  8036.00 2.5865e-13   8072.35 0 
  8054.53 2.6344e-13   8090.96 0 
  8073.09 2.7647e-13   8109.61 0 
  8091.71 2.6953e-13   8128.31 0 
  8110.36 2.7642e-13   8147.04 0 
  8129.06 2.7513e-13   8165.82 0 
  8147.80 2.7701e-13   8184.65 0 
  8166.58 2.7763e-13   8203.52 0 
  8185.40 2.6880e-13   8222.43 0 
  8204.27 2.4457e-13   8241.38 0 
  8223.19 2.7062e-13   8260.38 0 
  8242.14 2.6201e-13   8279.42 0 
  8261.14 2.7816e-13   8298.51 0 
  8280.19 2.7749e-13   8317.64 0 
  8299.27 2.6377e-13   8336.81 0 
  8318.41 2.6314e-13   8356.03 0 
  8337.58 2.6130e-13   8375.29 0 
  8356.80 2.6249e-13   8394.60 0 
  8376.07 2.7044e-13   8413.95 0 
  8395.38 2.5353e-13   8433.35 0 
  8414.73 2.7164e-13   8452.79 0 
  8434.13 2.5643e-13   8472.27 0 
  8453.57 2.5937e-13   8491.80 0 
  8473.06 2.5697e-13   8511.38 0 
  8492.59 2.5993e-13   8531.00 0 
  8512.17 2.5224e-13   8550.67 0 
  8531.79 2.5750e-13   8570.38 0 
  8551.46 1.5232e-13   8590.14 0 
  8571.17 2.5746e-13   8609.94 0 
  8590.93 2.5216e-13   8629.79 0 
  8610.73 2.5860e-13   8649.68 0 
  8630.58 2.5211e-13   8669.62 0 
  8650.48 2.5737e-13   8689.60 0 
  8670.42 1.6388e-13   8709.64 0 
  8690.41 2.4859e-13   8729.71 0 
  8710.44 2.4857e-13   8749.84 0 
  8730.52 2.5906e-13   8770.01 0 
  8750.65 2.5140e-13   8790.23 0 
  8770.82 2.5961e-13   8810.49 0 
  8791.04 2.5840e-13   8830.80 0 
  8811.30 2.5366e-13   8851.16 0 
  8831.61 2.4958e-13   8871.56 0 
  8851.97 2.5714e-13   8892.01 0 
  8872.38 2.3886e-13   8912.51 0 
  8892.83 2.4553e-13   8933.05 0 
  8913.33 2.4949e-13   8953.65 0 
  8933.88 2.4718e-13   8974.29 0 
  8954.47 2.3877e-13   8994.98 0 
  8975.12 2.3171e-13   9015.71 0 
  8995.81 2.2641e-13   9036.50 0 
  9016.54 2.3816e-13   9057.33 0 
  9037.33 2.3869e-13   9078.20 0 
  9058.16 2.6350e-13   9099.13 0 
  9079.04 2.3919e-13   9120.11 0 
  9099.97 2.3643e-13   9141.13 0 
  9120.95 2.5508e-13   9162.20 0 
  9141.98 2.3913e-13   9183.33 0 
  9163.05 2.2059e-13   9204.50 0 
  9184.17 2.1357e-13   9225.71 0 
  9205.35 2.3578e-13   9246.98 0 
  9226.57 2.3252e-13   9268.30 0 
  9247.83 2.3628e-13   9289.66 0 
  9269.16 2.3790e-13   9311.08 0 
  9290.52 2.2980e-13   9332.54 0 
  9311.94 2.4792e-13   9354.06 0 
  9333.40 2.4789e-13   9375.62 0 
  9354.92 2.4730e-13   9397.23 0 
  9376.49 2.4389e-13   9418.90 0 
  9398.10 2.4669e-13   9440.61 0 
  9419.77 2.4328e-13   9462.37 0 
  9441.48 2.4438e-13   9484.18 0 
  9463.24 2.4718e-13   9506.05 0 
  9485.06 2.4659e-13   9527.96 0 
  9506.93 2.4375e-13   9549.93 0 
  9528.84 2.4429e-13   9571.94 0 
  9550.81 2.4036e-13   9594.01 0 
  9572.83 2.4256e-13   9616.12 0 
  9594.89 2.4478e-13   9638.29 0 
  9617.01 2.4195e-13   9660.51 0 
  9639.18 2.4249e-13   9682.78 0 
  9661.40 2.3914e-13   9705.10 0 
  9683.67 2.4077e-13   9727.47 0 
  9706.00 2.3799e-13   9749.90 0 
  9728.37 2.3633e-13   9772.37 0 
  9750.80 2.3576e-13   9794.90 0 
  9773.28 2.3628e-13   9817.48 0 
  9795.80 2.3302e-13   9840.11 0 
  9818.39 2.3733e-13   9862.79 0 
  9841.02 2.3567e-13   9885.53 0 
  9863.71 2.3457e-13   9908.32 0 
  9886.44 2.3400e-13   9931.16 0 
  9909.23 2.3077e-13   9954.05 0 
  9932.08 2.3235e-13   9977.00 0 
  9954.97 2.3232e-13  10000.00 0 
  9977.92 2.3230e-13  10023.05 0 
 10000.92 2.3121e-13  10046.15 0 
 10023.97 2.3012e-13  10069.31 0 
 10070.25 2.2744e-13  10115.80 0 
 10116.73 2.2792e-13  10162.49 0 
 10163.42 2.2527e-13  10209.39 0 
 10233.88 2.2468e-13  10280.17 0 
 10281.11 2.2412e-13  10327.61 0 
 10304.81 2.2255e-13  10351.42 0 
 10496.39 2.1581e-13  10543.86 0 
 10691.54 2.0690e-13  10739.90 0 
 10890.31 1.9988e-13  10939.56 0 
 11092.77 1.9221e-13  11142.94 0 
 11299.00 1.8697e-13  11350.10 0 
 11509.07 1.8398e-13  11561.13 0 
 11696.08 1.7814e-13  11748.98 0 
 11913.52 1.7249e-13  11967.41 0 
 12107.10 1.6818e-13  12161.86 0 
 12303.82 1.6473e-13  12359.47 0 
 12503.74 1.6024e-13  12560.30 0 
 12706.91 1.5659e-13  12764.39 0 
 12913.38 1.5268e-13  12971.79 0 
 13093.03 1.4954e-13  13152.25 0 
 13305.77 1.4547e-13  13365.95 0 
 13490.87 1.4314e-13  13551.89 0 
 13710.08 1.4053e-13  13772.09 0 
 13900.81 1.3639e-13  13963.68 0 
 14094.19 1.3206e-13  14157.94 0 
 14290.26 1.2965e-13  14354.90 0 
 14489.06 1.2995e-13  14554.59 0 
 14690.62 1.2612e-13  14757.07 0 
 14894.99 1.2670e-13  14962.36 0 
 15102.20 1.2670e-13  15170.51 0 
 15312.28 1.2787e-13  15381.54 0 
 15489.59 1.2670e-13  15559.65 0 
 15705.08 1.2525e-13  15776.11 0 
 15886.94 1.2183e-13  15958.79 0 
 16107.95 1.2211e-13  16180.80 0 
 16294.47 1.2100e-13  16368.17 0 
 16483.14 1.1879e-13  16557.70 0 
 16712.45 1.1662e-13  16788.04 0 
 16905.97 1.1370e-13  16982.44 0 
 17101.74 1.1060e-13  17179.09 0 
 17299.75 1.0636e-13  17378.00 0 
 17500.08 1.0322e-13  17579.23 0 
 17702.73 9.9487e-14  17782.79 0 
 17907.72 9.6331e-14  17988.71 0 
 18115.08 9.2421e-14  18197.02 0 
 18282.69 8.9902e-14  18365.38 0 
 18494.40 8.7251e-14  18578.05 0 
 18708.56 8.3901e-14  18793.18 0 
 18881.65 8.1615e-14  18967.05 0 
 19100.30 7.9757e-14  19186.69 0 
 19321.47 7.6872e-14  19408.86 0 
 19500.24 7.3751e-14  19588.44 0 
 19680.68 7.1576e-14  19769.70 0 
 19908.58 6.9465e-14  19998.62 0 
 20092.78 6.8197e-14  20183.66 0 
 20278.70 6.5882e-14  20370.42 0 
 20513.52 6.4680e-14  20606.30 0 
 20703.32 6.2772e-14  20796.96 0 
 20894.89 6.1202e-14  20989.40 0 
 21088.24 5.9809e-14  21183.62 0 
 21283.35 5.8313e-14  21379.62 0 
 21480.29 5.6986e-14  21577.45 0 
 21679.03 5.5051e-14  21777.09 0 
 21879.64 5.4047e-14  21978.60 0 
 22082.10 5.2453e-14  22181.97 0 
 22286.41 5.1023e-14  22387.21 0 
 22492.63 4.9747e-14  22594.36 0 
 22700.73 4.8391e-14  22803.41 0 
 22910.79 4.3528e-14  23014.42 0 
 23122.79 4.3129e-14  23227.38 0 
 23283.06 3.7911e-14  23388.37 0 
 23498.51 3.5956e-14  23604.79 0 
 23715.92 3.6372e-14  23823.19 0 
 23880.33 3.3479e-14  23988.34 0 
 24101.27 3.2491e-14  24210.28 0 
 24324.29 3.2194e-14  24434.31 0 
 24492.88 3.0183e-14  24603.66 0 
 24719.52 2.9838e-14  24831.33 0 
 24890.86 2.5513e-14  25003.44 0 
 25121.18 2.5163e-14  25234.80 0 
 25295.33 2.5338e-14  25409.74 0 
 25529.37 2.5163e-14  25644.84 0 
 25706.34 2.5455e-14  25822.61 0 
 25884.52 2.4990e-14  26001.59 0 
 26124.04 2.4875e-14  26242.20 0 
 26305.11 2.4253e-14  26424.08 0 
 26487.46 2.3920e-14  26607.26 0 
 26671.05 2.3484e-14  26791.68 0 
 26917.84 2.3108e-14  27039.59 0 
 27104.42 2.2687e-14  27227.01 0 
 27292.31 2.2221e-14  27415.75 0 
 27481.48 2.1816e-14  27605.78 0 
 27671.96 2.1368e-14  27797.12 0 
 27928.02 2.1027e-14  28054.33 0 
 28121.62 2.0595e-14  28248.81 0 
 28316.54 2.0219e-14  28444.61 0 
 28512.80 1.9759e-14  28641.77 0 
 28710.46 1.9354e-14  28840.32 0 
 28909.46 1.9001e-14  29040.21 0 
 29109.87 1.8611e-14  29241.53 0 
 29311.63 1.8229e-14  29444.21 0 
 29514.83 1.7855e-14  29648.32 0 
 29719.40 1.7529e-14  29853.82 0 
 29925.42 1.7130e-14  30060.77 0 
 30132.84 1.6818e-14  30269.13 0 
 30271.92 1.6473e-14  30408.84 0 
 30481.77 1.6209e-14  30619.64 0 
 30693.04 1.5950e-14  30831.87 0 
 30905.82 1.5623e-14  31045.60 0 
 31120.03 1.5373e-14  31260.79 0 
 31335.76 1.5093e-14  31477.49 0 
 31480.39 1.4817e-14  31622.78 0 
 31698.59 1.4513e-14  31841.96 0 
 31918.33 1.4281e-14  32062.70 0 
 32065.65 1.3988e-14  32210.68 0 
 32287.93 1.3733e-14  32433.97 0 
 32511.73 1.3482e-14  32658.78 0 
 32737.11 1.3236e-14  32885.18 0 
 32888.20 1.2995e-14  33036.96 0 
 33116.16 1.2758e-14  33265.94 0 
 33269.04 1.2467e-14  33419.52 0 
 33499.63 1.2211e-14  33651.15 0 
 33731.86 1.1961e-14  33884.43 0 
 33887.55 1.1689e-14  34040.82 0 
 34122.43 1.1449e-14  34276.77 0 
 34279.96 1.1240e-14  34435.01 0 
 34517.56 1.1010e-14  34673.68 0 
 34676.88 1.0784e-14  34833.72 0 
 34917.26 1.0587e-14  35075.20 0 
 35078.42 1.0370e-14  35237.08 0 
 35321.60 1.0134e-14  35481.36 0 
 35484.62 9.9487e-15  35645.12 0 
 35730.57 9.7447e-15  35892.18 0 
 35895.52 9.5448e-15  36057.88 0 
 36061.20 9.3706e-15  36224.30 0 
 36311.14 9.1996e-15  36475.38 0 
 36478.78 8.9902e-15  36643.77 0 
 36731.62 8.8058e-15  36897.75 0 
 36901.15 8.6252e-15  37068.05 0 
 37071.51 8.4483e-15  37239.18 0 
 37328.45 8.2941e-15  37497.29 0 
 37500.78 8.1053e-15  37670.40 0 
 37673.87 7.9757e-15  37844.27 0 
 37934.99 7.8301e-15  38106.57 0 
 38110.12 7.6695e-15  38282.49 0 
 38286.01 7.5295e-15  38459.18 0 
 38462.72 7.3921e-15  38636.69 0 
 38729.35 7.2405e-15  38904.53 0 
 38908.11 7.1083e-15  39084.09 0 
 39087.69 6.9786e-15  39264.48 0 
 39268.14 6.8512e-15  39445.75 0 
 39540.31 6.6953e-15  39719.15 0 
 39722.81 6.5882e-15  39902.48 0 
 39906.19 6.4383e-15  40086.69 0 
 40090.38 6.3353e-15  40271.71 0 
 40275.41 6.2197e-15  40457.58 0 
 40461.34 6.0921e-15  40644.35 0 
 40741.79 5.9947e-15  40926.07 0 
 40929.83 5.8989e-15  41114.96 0 
 41118.79 5.7912e-15  41304.77 0 
 41308.57 5.6986e-15  41495.41 0 
 41499.22 5.5946e-15  41686.93 0 
 41690.81 5.5051e-15  41879.38 0 
 41883.23 5.4047e-15  42072.67 0 
 42076.54 5.3060e-15  42266.86 0 
 42270.74 5.2332e-15  42461.93 0 
 42465.89 5.1377e-15  42657.96 0 
 42661.89 5.0672e-15  42854.85 0 
 42858.79 4.8503e-15  43052.64 0 
 43056.65 4.6534e-15  43251.40 0 
 43255.38 4.6427e-15  43451.02 0 
 43455.02 4.4439e-15  43651.57 0 
 43655.64 4.3428e-15  43853.09 0 
 43857.13 4.2635e-15  44055.49 0 
 44059.55 4.1188e-15  44258.83 0 
 44262.90 4.0436e-15  44463.10 0 
 44467.24 3.9789e-15  44668.37 0 
 44672.48 3.8705e-15  44874.54 0 
 44878.66 3.8350e-15  45081.65 0 
 45085.85 3.7650e-15  45289.77 0 
 45293.94 3.6878e-15  45498.80 0 
 45502.99 3.6540e-15  45708.80 0 
 45713.06 3.6039e-15  45919.82 0 
 45924.05 3.4976e-15  46131.76 0 
 46136.01 3.4895e-15  46344.68 0 
 46349.00 3.4258e-15  46558.63 0 
 46455.83 3.3866e-15  46665.95 0 
 46670.25 3.3633e-15  46881.34 0 
 46885.65 3.3019e-15  47097.72 0 
 47102.11 3.2491e-15  47315.15 0 
 47319.50 3.2417e-15  47533.53 0 
 47537.90 3.1679e-15  47752.92 0 
 47647.48 3.1388e-15  47862.99 0 
 47867.45 3.1029e-15  48083.95 0 
 48088.38 3.0253e-15  48305.88 0 
 48310.33 3.0323e-15  48528.84 0 
 48533.35 2.9701e-15  48752.87 0 
 48645.23 2.9159e-15  48865.25 0 
 48869.75 2.8759e-15  49090.79 0 
 49095.31 2.8299e-15  49317.36 0 
 49321.96 2.8039e-15  49545.04 0 
 49549.60 2.7591e-15  49773.71 0 
 49663.82 2.7401e-15  49888.45 0 
 49893.04 2.6839e-15  50118.70 0 
 50123.37 2.6351e-15  50350.08 0 
 50354.71 2.5870e-15  50582.46 0 
 50470.78 2.5340e-15  50699.06 0 
 50703.73 2.4991e-15  50933.06 0 
 50820.66 2.4761e-15  51050.52 0 
 50937.80 2.4533e-15  51168.20 0 
 51055.22 2.4251e-15  51286.14 0 
 51172.90 2.3972e-15  51404.36 0 
 51290.86 2.3805e-15  51522.85 0 
 51409.09 2.3584e-15  51641.62 0 
 51527.65 2.3312e-15  51760.71 0 
 51646.43 2.3096e-15  51880.02 0 
 51765.47 2.2934e-15  51999.61 0 
 51884.80 2.2668e-15  52119.47 0 
 52004.39 2.2406e-15  52239.61 0 
 52124.27 2.2197e-15  52360.03 0 
 52244.42 2.1939e-15  52480.72 0 
 52364.90 2.1734e-15  52601.75 0 
 52485.61 2.1530e-15  52723.00 0 
 52606.59 2.1427e-15  52844.53 0 
 52727.85 2.1275e-15  52966.34 0 
 52849.40 2.0978e-15  53088.43 0 
 52971.22 2.0685e-15  53210.80 0 
 53093.38 2.0490e-15  53333.52 0 
 53215.76 2.0297e-15  53456.46 0 
 53338.43 2.0152e-15  53579.68 0 
 53461.38 1.9961e-15  53703.18 0 
 53584.61 1.9772e-15  53826.97 0 
 53708.13 1.9585e-15  53951.05 0 
 53831.92 1.9399e-15  54075.41 0 
 53956.07 1.9214e-15  54200.11 0 
 54080.44 1.9031e-15  54325.05 0 
 54205.10 1.8806e-15  54450.27 0 
 54330.05 1.8584e-15  54575.79 0 
 54455.28 1.8406e-15  54701.59 0 
 54580.81 1.8272e-15  54827.68 0 
 54706.62 1.8055e-15  54954.06 0 
 54832.78 1.7841e-15  55080.79 0 
 54959.18 1.7669e-15  55207.76 0 
 55085.86 1.7459e-15  55335.02 0 
 55212.84 1.7330e-15  55462.57 0 
 55340.11 1.7242e-15  55590.41 0 
 55467.67 1.6958e-15  55718.55 0 
 55595.59 1.6755e-15  55847.05 0 
 55723.74 1.6669e-15  55975.78 0 
 55852.19 1.6469e-15  56104.81 0 
 55980.93 1.6271e-15  56234.13 0 
 56109.97 1.6150e-15  56363.76 0 
 56239.31 1.5956e-15  56493.68 0 
 56368.95 1.5763e-15  56623.90 0 
 56498.94 1.5645e-15  56754.48 0 
 56629.17 1.5492e-15  56885.31 0 
 56759.71 1.5339e-15  57016.43 0 
 56890.54 1.5154e-15  57147.86 0 
 57021.68 1.4970e-15  57279.59 0 
 57153.12 1.4891e-15  57411.62 0 
 57284.92 1.4709e-15  57544.02 0 
 57416.97 1.4564e-15  57676.67 0 
 57549.32 1.4419e-15  57809.62 0 
 57681.98 1.4276e-15  57942.87 0 
 57814.94 1.4134e-15  58076.43 0 
 57948.20 1.3993e-15  58210.30 0 
 58081.78 1.3854e-15  58344.48 0 
 58215.73 1.3684e-15  58479.04 0 
 58349.92 1.3578e-15  58613.83 0 
 58484.42 1.3442e-15  58748.94 0 
 58619.23 1.3276e-15  58884.36 0 
 58754.35 1.3142e-15  59020.09 0 
 58889.78 1.3010e-15  59156.14 0 
 59286.66 1.4360e-15  59554.81 3 
 59595.11 1.4041e-15  59864.66 3 
 59903.56 1.1909e-15  60174.51 3 
 60212.03 1.4004e-15  60484.37 3 
 60520.48 1.2847e-15  60794.22 3 
 60828.94 1.2204e-15  61104.07 3 
 61137.41 1.3427e-15  61413.93 3 
 61445.86 1.1467e-15  61723.78 3 
 61754.31 1.1086e-15  62033.63 3 
 62062.78 1.1657e-15  62343.49 3 
 62371.23 1.1165e-15  62653.34 3 
 62679.69 1.2622e-15  62963.19 3 
 62988.15 9.3552e-16  63273.05 3 
 63296.61 1.1300e-15  63582.90 3 
 63605.08 1.1000e-15  63892.76 3 
 63913.53 1.1796e-15  64202.61 3 
 64221.98 1.1159e-15  64512.46 3 
 64530.45 1.1307e-15  64822.32 3 
 64838.90 1.0355e-15  65132.17 3 
 65147.36 1.1351e-15  65442.02 3 
 65455.83 1.1297e-15  65751.88 3 
 65764.27 1.0007e-15  66061.73 3 
 66072.73 8.3288e-16  66371.58 3 
 66381.20 1.0084e-15  66681.45 3 
 66689.65 8.7210e-16  66991.29 3 
 66998.11 9.4330e-16  67301.14 3 
 67306.57 8.4369e-16  67611.00 3 
 67615.03 8.4168e-16  67920.85 3 
 67923.49 9.1182e-16  68230.71 3 
 68231.95 8.1627e-16  68540.56 3 
 68540.41 7.9803e-16  68850.41 3 
 68848.87 7.4451e-16  69160.27 3 
 69157.32 8.1293e-16  69470.12 3 
 69465.78 7.6794e-16  69779.98 3 
 69774.24 8.4558e-16  70089.83 3 
 70082.70 8.3203e-16  70399.68 3 
 70391.16 8.1712e-16  70709.54 3 
 70699.62 8.1827e-16  71019.39 3 
 71008.07 7.0151e-16  71329.24 3 
 71316.54 6.6222e-16  71639.10 3 
 71624.99 5.3188e-16  71948.95 3 
 71933.46 6.9592e-16  72258.81 3 
 72241.91 7.3822e-16  72568.66 3 
 72550.36 6.0939e-16  72878.51 3 
 72858.83 6.6465e-16  73188.38 3 
 73167.28 6.6441e-16  73498.22 3 
 73475.74 7.3850e-16  73808.07 3 
 73784.20 7.6713e-16  74117.93 3 
 74092.66 5.4203e-16  74427.78 3 
 74401.12 5.8106e-16  74737.63 3 
 74709.57 7.9135e-16  75047.48 3 
 74997.85 6.4093e-16  75337.06 3 
 75615.98 5.9864e-16  75957.99 3 
 76234.13 6.0921e-16  76578.94 3 
 76852.27 4.6775e-16  77199.88 3 
 77470.42 5.1187e-16  77820.82 3 
 78088.56 5.4114e-16  78441.76 3 
 78706.72 4.2364e-16  79062.71 3 
 79324.86 4.5466e-16  79683.65 3 
 79943.00 4.9359e-16  80304.59 3 
 80561.16 5.1429e-16  80925.54 3 
 81179.30 3.8753e-16  81546.48 3 
 81797.44 4.6279e-16  82167.41 3 
 82415.59 4.1654e-16  82788.36 3 
 83033.74 3.4816e-16  83409.30 3 
 83651.89 4.0586e-16  84030.25 3 
 84270.03 3.6135e-16  84651.19 3 
 84888.18 3.6341e-16  85272.13 3 
 85506.33 4.3498e-16  85893.07 3 
 86124.48 4.5194e-16  86514.02 3 
 86742.62 4.5296e-16  87134.95 3 
 87360.77 3.4271e-16  87755.90 3 
 87978.92 3.6379e-16  88376.84 3 
 88597.06 3.1476e-16  88997.78 3 
 89215.20 3.2042e-16  89618.72 3 
 89833.35 3.3189e-16  90239.66 3 
 90451.49 3.1588e-16  90860.60 3 
 91069.65 3.3976e-16  91481.55 3 
 91687.79 2.8366e-16  92102.49 3 
 92305.94 3.6723e-16  92723.44 3 
 92924.09 3.1670e-16  93344.38 3 
 93542.23 3.1620e-16  93965.32 3 
 94160.37 3.8536e-16  94586.26 3 
 94778.51 2.8057e-16  95207.20 3 
 95396.67 2.9209e-16  95828.15 3 
 96014.81 3.2073e-16  96449.09 3 
 96632.95 3.6391e-16  97070.02 3 
 97251.11 2.9182e-16  97690.98 3 
 97869.26 2.5528e-16  98311.92 3 
 98487.40 3.2520e-16  98932.86 3 
 99105.55 2.6285e-16  99553.80 3 
 99723.65 2.7605e-16 100174.70 3 
100341.85 2.9439e-16 100795.70 3 
100959.95 2.7579e-16 101416.59 3 
101578.16 2.9266e-16 102037.60 3 
102196.27 2.3864e-16 102658.50 3 
102814.46 2.6591e-16 103279.49 3 
103432.58 2.5227e-16 103900.41 3 
104050.68 2.3688e-16 104521.30 3 
104668.88 2.8596e-16 105142.30 3 
105286.98 2.4801e-16 105763.20 3 
105905.19 2.4915e-16 106384.20 3 
106523.30 2.6002e-16 107005.10 3 
107141.40 2.6144e-16 107626.00 3 
107759.60 2.5568e-16 108247.00 3 
108377.71 2.7224e-16 108867.91 3 
108995.91 2.5485e-16 109488.90 3 
109614.01 2.4133e-16 110109.80 3 
110232.22 2.4727e-16 110730.80 3 
110850.33 2.3278e-16 111351.70 3 
111468.43 2.3478e-16 111972.60 3 
112086.63 3.2730e-16 112593.60 3 
112704.74 3.3351e-16 113214.50 3 
113322.94 2.9154e-16 113835.50 3 
113941.04 2.6498e-16 114456.40 3 
114559.25 2.3952e-16 115077.40 3 
115177.35 2.3608e-16 115698.30 3 
115795.45 2.2396e-16 116319.20 3 
116413.66 2.2308e-16 116940.20 3 
117031.77 1.9952e-16 117561.10 3 
117649.96 1.7732e-16 118182.09 3 
118268.07 1.4292e-16 118802.99 3 
118886.28 2.2787e-16 119424.00 3 
119504.38 1.9566e-16 120044.90 3 
120122.48 2.0174e-16 120665.80 3 
120740.69 2.2291e-16 121286.80 3 
121358.80 2.0706e-16 121907.70 3 
121976.99 1.7609e-16 122528.70 3 
122595.10 2.1321e-16 123149.59 3 
123213.21 2.1906e-16 123770.51 3 
123831.41 2.0574e-16 124391.50 3 
124449.51 2.0094e-16 125012.40 3 
125067.72 1.6382e-16 125633.40 3 
125685.83 1.7383e-16 126254.30 3 
126304.02 1.9201e-16 126875.30 3 
126922.13 1.8008e-16 127496.20 3 
127540.24 1.9328e-16 128117.10 3 
128158.44 2.2677e-16 128738.10 3 
128776.54 1.5332e-16 129359.00 3 
129394.75 1.6554e-16 129980.00 3 
130012.85 1.4013e-16 130600.90 3 
130630.95 1.5238e-16 131221.80 3 
131249.16 1.6434e-16 131842.80 3 
131867.27 1.5794e-16 132463.70 3 
132485.47 1.3732e-16 133084.70 3 
133103.57 1.3096e-16 133705.59 3 
133721.77 1.7223e-16 134326.59 3 
134339.88 1.2014e-16 134947.50 3 
134957.99 1.4211e-16 135568.41 3 
135576.20 1.5179e-16 136189.41 3 
136194.29 1.1226e-16 136810.30 3 
136812.49 1.0763e-16 137431.30 3 
137430.60 9.7550e-17 138052.20 3 
138048.81 1.3408e-16 138673.20 3 
138666.90 1.2899e-16 139294.09 3 
139285.01 1.2105e-16 139915.00 3 
139903.22 1.0857e-16 140536.00 3 
140521.33 1.4109e-16 141156.91 3 
141139.52 1.3199e-16 141777.89 3 
141757.63 9.7450e-17 142398.80 3 
142023.72 1.0407e-16 142666.09 3 
142936.50 1.1647e-16 143583.00 3 
143849.37 9.9091e-17 144500.00 3 
144762.15 9.8623e-17 145416.91 3 
145674.91 9.0982e-17 146333.80 3 
146587.78 9.1538e-17 147250.80 3 
147500.56 8.7165e-17 148167.70 3 
148413.32 8.5203e-17 149084.59 3 
149326.10 8.6378e-17 150001.50 3 
150238.97 8.5692e-17 150918.50 3 
151151.75 8.3513e-17 151835.41 3 
152064.51 8.4847e-17 152752.30 3 
152977.38 8.2083e-17 153669.30 3 
153890.16 8.5861e-17 154586.20 3 
154802.92 1.1032e-16 155503.09 3 
155715.70 1.3263e-16 156420.00 3 
156628.57 1.0164e-16 157337.00 3 
157541.35 8.3487e-17 158253.91 3 
158454.11 8.2353e-17 159170.80 3 
159366.98 8.2419e-17 160087.80 3 
160279.76 8.3332e-17 161004.70 3 
161192.52 8.0178e-17 161921.59 3 
162105.39 7.4605e-17 162838.59 3 
163018.17 7.6914e-17 163755.50 3 
163930.93 8.5848e-17 164672.39 3 
164843.71 8.5510e-17 165589.30 3 
165756.60 8.8875e-17 166506.31 3 
166669.34 8.7865e-17 167423.19 3 
167582.12 8.7138e-17 168340.09 3 
168494.90 7.9116e-17 169257.00 3 
169407.77 9.5760e-17 170174.00 3 
170320.55 1.2425e-16 171090.91 3 
171233.32 1.0531e-16 172007.81 3 
172146.20 8.5480e-17 172924.81 3 
173058.96 7.6560e-17 173841.70 3 
173971.74 7.5160e-17 174758.61 3 
174884.61 7.6660e-17 175675.61 3 
175797.37 7.5354e-17 176592.50 3 
176710.15 6.9066e-17 177509.41 3 
177622.91 6.8425e-17 178426.30 3 
178535.78 6.6483e-17 179343.30 3 
179448.56 6.2672e-17 180260.20 3 
180361.32 6.6379e-17 181177.09 3 
181274.19 6.1572e-17 182094.09 3 
182186.97 6.0032e-17 183011.00 3 
183099.73 6.4879e-17 183927.89 3 
184012.60 5.9492e-17 184844.89 3 
184925.38 5.9812e-17 185761.80 3 
185838.16 5.9955e-17 186678.70 3 
186750.92 7.0675e-17 187595.59 3 
187663.79 7.4308e-17 188512.59 3 
188576.57 6.0291e-17 189429.50 3 
189489.33 5.4771e-17 190346.39 3 
190402.22 5.6120e-17 191263.41 3 
191314.99 5.3750e-17 192180.31 3 
192227.74 5.0348e-17 193097.19 3 
193140.52 5.4908e-17 194014.09 3 
194053.41 5.1589e-17 194931.11 3 
194966.17 4.4160e-17 195848.00 3 
195878.95 4.6621e-17 196764.91 3 
196791.82 4.6946e-17 197681.91 3 
197704.58 4.3958e-17 198598.80 3 
198617.36 4.5333e-17 199515.70 3 
199530.13 4.4435e-17 200432.61 3 
200443.01 4.3715e-17 201349.61 3 
201355.77 4.9265e-17 202266.50 3 
202268.55 5.0291e-17 203183.41 3 
203181.42 3.5367e-17 204100.41 3 
204094.18 3.5393e-17 205017.30 3 
204276.56 3.7941e-17 205200.50 3 
206033.92 4.4881e-17 206965.81 3 
207792.36 4.4547e-17 208732.20 3 
209551.70 3.9593e-17 210499.50 3 
211312.13 3.6221e-17 212267.89 3 
213073.57 3.2637e-17 214037.30 3 
214836.09 3.6176e-17 215807.80 3 
216599.51 3.9552e-17 217579.19 3 
218364.03 3.4634e-17 219351.69 3 
220129.56 3.2094e-17 221125.20 3 
221896.16 3.4255e-17 222899.80 3 
223663.77 3.3811e-17 224675.41 3 
225432.37 3.2549e-17 226452.00 3 
227202.05 3.0599e-17 228229.69 3 
228972.75 3.1517e-17 230008.39 3 
230744.44 3.2532e-17 231788.09 3 
232517.22 3.0858e-17 233568.89 3 
234291.00 3.0341e-17 235350.70 3 
236065.87 3.0325e-17 237133.59 3 
237841.84 2.8590e-17 238917.59 3 
239618.80 2.9390e-17 240702.59 3 
241396.76 3.0080e-17 242488.59 3 
243175.82 2.9446e-17 244275.70 3 
244955.86 2.9219e-17 246063.80 3 
246737.12 2.7337e-17 247853.11 3 
248519.26 2.6776e-17 249643.31 3 
250302.48 2.6904e-17 251434.59 3 
252086.81 2.6052e-17 253227.00 3 
253872.24 2.7360e-17 255020.50 3 
255658.66 2.6179e-17 256815.00 3 
257446.16 2.7362e-17 258610.59 3 
259234.78 3.1615e-17 260407.30 3 
261024.48 3.0123e-17 262205.09 3 
262815.19 2.6126e-17 264003.91 3 
264606.96 2.4000e-17 265803.78 3 
266399.89 2.5880e-17 267604.81 3 
268193.74 2.5168e-17 269406.78 3 
269988.84 2.5902e-17 271210.00 3 
271784.90 2.6591e-17 273014.19 3 
273582.09 2.5179e-17 274819.50 3 
275380.36 2.4083e-17 276625.91 3 
277179.72 2.3801e-17 278433.41 3 
278980.17 2.4975e-17 280242.00 3 
280781.71 2.6099e-17 282051.69 3 
282584.37 2.6431e-17 283862.50 3 
284388.12 2.4275e-17 285674.41 3 
286192.96 2.5060e-17 287487.41 3 
287998.88 2.4642e-17 289301.50 3 
289805.90 2.6375e-17 291116.69 3 
291614.03 2.5478e-17 292933.00 3 
293423.25 2.6789e-17 294750.41 3 
295233.56 2.4785e-17 296568.91 3 
297045.06 2.5481e-17 298388.59 3 
298857.67 2.5448e-17 300209.41 3 
300671.25 2.6371e-17 302031.19 3 
302486.04 2.7054e-17 303854.19 3 
304301.92 2.5960e-17 305678.28 3 
306119.02 2.8089e-17 307503.59 3 
307937.11 2.8099e-17 309329.91 3 
309756.38 2.6856e-17 311157.41 3 
311576.83 2.7812e-17 312986.09 3 
313398.31 2.7329e-17 314815.81 3 
315220.97 2.8529e-17 316646.72 3 
317044.79 2.7819e-17 318478.78 3 
318869.63 2.8165e-17 320311.88 3 
320695.68 2.8005e-17 322146.19 3 
322522.95 2.9338e-17 323981.72 3 
324351.24 3.0126e-17 325818.28 3 
326180.65 3.1570e-17 327655.97 3 
328011.31 3.1528e-17 329494.91 3 
329843.12 3.2534e-17 331335.00 3 
331676.02 3.1525e-17 333176.19 3 
333510.03 3.9552e-17 335018.50 3 
335345.23 4.3533e-17 336862.00 3 
337181.65 3.5483e-17 338706.72 3 
339019.21 3.7282e-17 340552.59 3 
340857.89 3.5652e-17 342399.59 3 
342697.70 3.2919e-17 344247.72 3 
344538.75 3.4719e-17 346097.09 3 
346380.94 5.0543e-17 347947.62 3 
348224.29 8.2953e-17 349799.31 3 
