# An Atlas of Galaxy Spectral Energy Distributions from the Ultraviolet to the Mid-Infrared
# Brown et al. (2014)
# http://dx.doi.org/10.5072/03/529D3551F0117
# 
# Column 1 : Restframe Wavelength (Angstrom)
# Column 2 : Flux per unit wavelength (ergs/s/cm^2/Angstrom)
# Column 3 : Observed wavelength (Angstrom)
# Column 4 : Source (0 = model, 1 = Optical Spectrum, 2 = Akari, 3 = Spitzer IRS)
# 
   100.09 5.5949e-18    100.23 0 
   101.95 6.4534e-18    102.09 0 
   104.08 6.8358e-18    104.23 0 
   106.02 7.5126e-18    106.17 0 
   107.99 8.3905e-18    108.14 0 
   110.00 1.1556e-17    110.15 0 
   114.12 1.3452e-17    114.29 0 
   118.13 1.4955e-17    118.30 0 
   120.89 3.9700e-17    121.06 0 
   125.13 4.4442e-17    125.31 0 
   126.87 4.6536e-17    127.06 0 
   128.05 4.7950e-17    128.23 0 
   131.03 5.0674e-17    131.22 0 
   131.94 5.6207e-17    132.13 0 
   134.08 5.8048e-17    134.28 0 
   136.89 6.6495e-17    137.09 0 
   140.08 7.0111e-17    140.28 0 
   143.01 1.2268e-16    143.22 0 
   147.02 2.0361e-16    147.23 0 
   151.14 2.1418e-16    151.36 0 
   155.02 2.2792e-16    155.24 0 
   158.99 2.4254e-16    159.22 0 
   161.95 2.5339e-16    162.18 0 
   166.10 2.6964e-16    166.34 0 
   169.97 2.8300e-16    170.22 0 
   173.13 2.9498e-16    173.38 0 
   177.16 3.0959e-16    177.42 0 
   180.04 3.2047e-16    180.30 0 
   182.13 3.2869e-16    182.39 0 
   185.94 3.4339e-16    186.21 0 
   191.15 3.6123e-16    191.43 0 
   193.81 3.7479e-16    194.09 0 
   197.87 3.8886e-16    198.15 0 
   202.01 4.0438e-16    202.30 0 
   204.82 4.1667e-16    205.12 0 
   210.08 4.2052e-16    210.38 0 
   215.96 4.5792e-16    216.27 0 
   219.98 4.7401e-16    220.29 0 
   223.04 4.8171e-16    223.36 0 
   227.18 4.9979e-16    227.51 0 
   229.81 7.4266e-16    230.14 0 
   234.09 1.2156e-15    234.42 0 
   240.09 1.4886e-15    240.44 0 
   246.25 1.4086e-15    246.60 0 
   251.99 1.4548e-15    252.35 0 
   257.26 1.2017e-15    257.63 0 
   260.24 1.3893e-15    260.62 0 
   263.86 1.4381e-15    264.24 0 
   268.77 1.4216e-15    269.15 0 
   273.76 1.3989e-15    274.16 0 
   278.85 1.3765e-15    279.25 0 
   284.04 1.3608e-15    284.45 0 
   289.99 1.2817e-15    290.40 0 
   296.06 1.2817e-15    296.48 0 
   300.87 1.2268e-15    301.30 0 
   307.88 1.2240e-15    308.32 0 
   317.96 1.2156e-15    318.42 0 
   327.62 1.1797e-15    328.10 0 
   338.36 1.1371e-15    338.84 0 
   347.84 1.0934e-15    348.34 0 
   356.76 1.0612e-15    357.27 0 
   365.91 1.0394e-15    366.44 0 
   375.30 1.0041e-15    375.84 0 
   384.92 9.3927e-16    385.48 0 
   394.80 9.3495e-16    395.37 0 
   404.93 9.0947e-16    405.51 0 
   414.36 8.7860e-16    414.95 0 
   422.06 8.4682e-16    422.67 0 
   429.91 8.1807e-16    430.53 0 
   440.94 7.9394e-16    441.57 0 
   451.21 7.6171e-16    451.86 0 
   459.60 7.3416e-16    460.26 0 
   470.30 7.0760e-16    470.98 0 
   480.15 6.8832e-16    480.84 0 
   490.20 6.5583e-16    490.91 0 
   500.47 6.4386e-16    501.19 0 
   506.26 6.4534e-16    506.99 0 
   512.13 7.8305e-16    512.86 0 
   520.45 7.6522e-16    521.19 0 
   530.12 7.4266e-16    530.88 0 
   539.98 6.9950e-16    540.75 0 
   550.02 7.4266e-16    550.81 0 
   560.24 7.8485e-16    561.05 0 
   569.35 8.0684e-16    570.16 0 
   579.93 7.6876e-16    580.76 0 
   589.35 8.1431e-16    590.20 0 
   600.31 7.8848e-16    601.17 0 
   610.06 8.0314e-16    610.94 0 
   619.98 8.9493e-16    620.87 0 
   630.05 9.0738e-16    630.96 0 
   640.29 9.1157e-16    641.21 0 
   650.69 9.5453e-16    651.63 0 
   658.23 9.6336e-16    659.17 0 
   664.32 1.0064e-15    665.27 0 
   675.11 1.0181e-15    676.08 0 
   684.50 9.7901e-16    685.49 0 
   695.63 1.1397e-15    696.63 0 
   705.30 1.0661e-15    706.32 0 
   716.76 1.2353e-15    717.79 0 
   726.73 1.2641e-15    727.78 0 
   735.15 1.2965e-15    736.21 0 
   745.38 1.3797e-15    746.45 0 
   755.75 1.4315e-15    756.83 0 
   764.50 1.4481e-15    765.60 0 
   775.13 1.5696e-15    776.25 0 
   784.11 1.6360e-15    785.24 0 
   795.02 1.7013e-15    796.16 0 
   804.22 1.7611e-15    805.38 0 
   815.41 1.8063e-15    816.58 0 
   824.85 1.9310e-15    826.04 0 
   834.40 1.6664e-15    835.60 0 
   844.07 2.0127e-15    845.28 0 
   855.81 2.0644e-15    857.04 0 
   865.72 2.1867e-15    866.96 0 
   875.74 2.3003e-15    877.00 0 
   885.88 2.4366e-15    887.16 0 
   894.08 2.5339e-15    895.36 0 
   904.43 2.5573e-15    905.73 0 
   914.90 3.4577e-15    916.22 0 
   925.50 1.8612e-14    926.83 0 
   934.06 3.9065e-14    935.41 0 
   944.88 7.2910e-14    946.24 0 
   955.82 9.9035e-14    957.19 0 
   964.66 1.1609e-13    966.05 0 
   975.83 2.3757e-14    977.24 0 
   984.86 1.0884e-13    986.28 0 
   993.98 1.0859e-13    995.41 0 
  1005.49 1.4315e-13   1006.93 0 
  1014.79 1.3207e-13   1016.25 0 
  1024.18 5.6207e-14   1025.65 0 
  1036.04 9.7676e-14   1037.53 0 
  1045.62 1.7092e-13   1047.13 0 
  1055.30 1.6780e-13   1056.82 0 
  1065.06 1.3861e-13   1066.60 0 
  1074.92 1.5914e-13   1076.47 0 
  1084.87 1.3146e-13   1086.43 0 
  1094.90 1.6248e-13   1096.48 0 
  1105.03 1.5552e-13   1106.62 0 
  1115.26 1.5128e-13   1116.86 0 
  1125.58 1.3671e-13   1127.20 0 
  1135.99 1.6323e-13   1137.63 0 
  1143.87 1.4886e-13   1145.51 0 
  1154.45 1.5516e-13   1156.11 0 
  1165.13 1.5878e-13   1166.81 0 
  1175.92 1.1609e-13   1177.61 0 
  1184.07 1.5059e-13   1185.77 0 
  1195.02 1.1061e-13   1196.74 0 
  1206.08 8.4099e-14   1207.81 0 
  1214.44 4.9635e-14   1216.19 0 
  1225.68 1.0018e-13   1227.44 0 
  1234.17 1.4348e-13   1235.95 0 
  1245.59 1.5624e-13   1247.38 0 
  1254.23 1.5128e-13   1256.03 0 
  1265.83 1.3329e-13   1267.65 0 
  1274.61 1.6248e-13   1276.44 0 
  1286.40 1.6741e-13   1288.25 0 
  1295.32 1.4021e-13   1297.18 0 
  1304.30 1.3765e-13   1306.17 0 
  1316.36 1.6248e-13   1318.26 0 
  1325.49 1.5588e-13   1327.39 0 
  1334.68 1.4184e-13   1336.60 0 
  1343.93 1.5988e-13   1345.86 0 
  1356.36 1.5481e-13   1358.31 0 
  1365.76 1.4151e-13   1367.73 0 
  1375.23 1.4581e-13   1377.21 0 
  1384.76 1.4648e-13   1386.76 0 
  1394.36 1.2817e-13   1396.37 0 
  1404.03 1.3146e-13   1406.05 0 
  1413.76 1.3608e-13   1415.79 0 
  1423.56 1.3671e-13   1425.61 0 
  1433.43 1.3608e-13   1435.49 0 
  1443.36 1.4119e-13   1445.44 0 
  1446.69 1.4216e-13   1448.77 0 
  1453.37 1.3861e-13   1455.46 0 
  1463.44 1.2965e-13   1465.55 0 
  1473.59 1.2847e-13   1475.71 0 
  1483.80 1.2906e-13   1485.94 0 
  1494.09 1.2995e-13   1496.24 0 
  1504.44 1.2382e-13   1506.61 0 
  1511.39 1.1292e-13   1513.56 0 
  1518.36 1.1852e-13   1520.55 0 
  1525.37 1.1556e-13   1527.57 0 
  1535.95 1.0275e-13   1538.15 0 
  1546.59 1.0834e-13   1548.82 0 
  1553.73 1.0299e-13   1555.97 0 
  1564.50 1.0490e-13   1566.75 0 
  1575.35 1.1061e-13   1577.61 0 
  1586.27 1.1371e-13   1588.55 0 
  1593.59 1.1556e-13   1595.88 0 
  1604.63 1.1189e-13   1606.94 0 
  1615.76 1.1138e-13   1618.08 0 
  1623.21 1.0636e-13   1625.55 0 
  1634.47 1.1112e-13   1636.82 0 
  1645.80 1.1163e-13   1648.16 0 
  1653.39 1.0466e-13   1655.77 0 
  1664.85 1.1189e-13   1667.25 0 
  1672.54 1.0204e-13   1674.94 0 
  1676.39 1.1189e-13   1678.80 0 
  1684.13 1.1450e-13   1686.55 0 
  1695.81 1.0834e-13   1698.24 0 
  1703.63 1.0442e-13   1706.08 0 
  1715.44 1.0018e-13   1717.91 0 
  1723.36 9.9035e-14   1725.84 0 
  1735.31 1.0370e-13   1737.80 0 
  1743.32 1.0111e-13   1745.82 0 
  1755.40 1.0563e-13   1757.92 0 
  1763.50 9.8127e-14   1766.04 0 
  1775.73 9.9951e-14   1778.28 0 
  1783.92 1.0064e-13   1786.49 0 
  1796.29 1.0490e-13   1798.87 0 
  1804.58 1.0394e-13   1807.17 0 
  1817.09 9.7452e-14   1819.70 0 
  1825.48 9.8353e-14   1828.10 0 
  1833.90 9.5233e-14   1836.54 0 
  1846.61 8.8265e-14   1849.27 0 
  1855.14 8.8468e-14   1857.80 0 
  1863.70 9.0321e-14   1866.38 0 
  1876.62 9.5014e-14   1879.32 0 
  1885.28 8.8468e-14   1887.99 0 
  1893.98 8.5072e-14   1896.71 0 
  1907.11 8.8877e-14   1909.85 0 
  1915.91 8.6058e-14   1918.67 0 
  1924.76 8.3905e-14   1927.53 0 
  1933.64 8.5465e-14   1936.42 0 
  1947.04 8.8877e-14   1949.84 0 
  1956.03 8.3520e-14   1958.84 0 
  1965.06 8.9082e-14   1967.89 0 
  1974.13 9.0738e-14   1976.97 0 
  1983.24 8.6455e-14   1986.10 0 
  1996.99 8.4099e-14   1999.86 0 
  2006.21 8.5465e-14   2009.09 0 
  2015.47 8.3328e-14   2018.37 0 
  2024.77 8.5465e-14   2027.68 0 
  2034.12 8.1995e-14   2037.04 0 
  2043.51 8.3712e-14   2046.45 0 
  2052.94 7.9029e-14   2055.89 0 
  2067.17 7.9945e-14   2070.14 0 
  2071.93 8.4877e-14   2074.91 0 
  2076.71 8.1995e-14   2079.70 0 
  2086.30 8.4099e-14   2089.30 0 
  2095.93 7.9945e-14   2098.94 0 
  2105.60 8.0499e-14   2108.63 0 
  2115.32 8.0870e-14   2118.36 0 
  2125.08 8.1244e-14   2128.14 0 
  2134.89 7.6876e-14   2137.96 0 
  2144.75 7.7945e-14   2147.83 0 
  2154.65 7.9761e-14   2157.74 0 
  2164.59 7.7053e-14   2167.70 0 
  2174.58 7.6522e-14   2177.71 0 
  2184.62 7.5646e-14   2187.76 0 
  2194.70 7.8125e-14   2197.86 0 
  2204.83 7.5996e-14   2208.01 0 
  2215.01 7.2743e-14   2218.20 0 
  2225.24 7.0923e-14   2228.44 0 
  2235.51 7.4609e-14   2238.72 0 
  2245.83 7.1910e-14   2249.05 0 
  2256.19 6.9149e-14   2259.44 0 
  2266.61 6.9789e-14   2269.86 0 
  2277.07 7.1087e-14   2280.34 0 
  2287.58 7.2242e-14   2290.87 0 
  2292.85 6.8516e-14   2296.15 0 
  2303.43 6.9018e-14   2306.75 0 
  2314.07 6.6718e-14   2317.39 0 
  2324.75 5.6172e-14   2328.09 0 
  2335.48 6.2777e-14   2338.84 0 
  2346.26 6.0545e-14   2349.63 0 
  2357.09 6.4470e-14   2360.48 0 
  2362.52 6.0048e-14   2365.92 0 
  2373.43 6.1345e-14   2376.84 0 
  2384.38 5.7288e-14   2387.81 0 
  2395.39 6.0028e-14   2398.83 0 
  2406.44 5.8162e-14   2409.91 0 
  2417.55 5.8874e-14   2421.03 0 
  2423.13 6.1811e-14   2426.61 0 
  2434.31 5.9615e-14   2437.81 0 
  2445.55 6.2036e-14   2449.06 0 
  2456.83 6.1226e-14   2460.37 0 
  2462.50 6.0546e-14   2466.04 0 
  2473.86 5.8530e-14   2477.42 0 
  2485.28 5.8840e-14   2488.86 0 
  2496.76 5.5331e-14   2500.35 0 
  2502.51 6.0970e-14   2506.11 0 
  2514.06 5.5260e-14   2517.68 0 
  2519.86 5.6048e-14   2523.48 0 
  2525.67 5.4414e-14   2529.30 0 
  2537.32 5.4955e-14   2540.97 0 
  2543.17 5.4345e-14   2546.83 0 
  2554.91 5.7605e-14   2558.59 0 
  2566.71 5.6074e-14   2570.40 0 
  2572.62 5.8467e-14   2576.32 0 
  2584.50 5.7705e-14   2588.21 0 
  2596.43 5.6823e-14   2600.16 0 
  2602.41 5.4913e-14   2606.15 0 
  2614.42 5.4073e-14   2618.18 0 
  2626.49 5.6013e-14   2630.27 0 
  2632.55 5.8002e-14   2636.33 0 
  2644.70 6.2195e-14   2648.50 0 
  2656.90 6.3983e-14   2660.72 0 
  2663.03 5.8509e-14   2666.86 0 
  2675.32 6.0330e-14   2679.17 0 
  2687.67 6.0792e-14   2691.54 0 
  2693.87 5.7412e-14   2697.74 0 
  2706.30 5.8928e-14   2710.19 0 
  2712.54 5.5780e-14   2716.44 0 
  2725.06 5.4929e-14   2728.98 0 
  2737.64 5.7163e-14   2741.57 0 
  2743.95 5.0732e-14   2747.89 0 
  2756.61 5.2071e-14   2760.58 0 
  2762.97 5.3921e-14   2766.94 0 
  2775.72 5.5729e-14   2779.71 0 
  2782.12 5.2269e-14   2786.12 0 
  2794.96 4.3709e-14   2798.98 0 
  2807.86 4.6015e-14   2811.90 0 
  2814.34 5.4458e-14   2818.38 0 
  2827.33 5.6936e-14   2831.39 0 
  2833.84 5.5151e-14   2837.92 0 
  2846.92 5.3074e-14   2851.02 0 
  2853.49 5.0355e-14   2857.59 0 
  2866.66 5.5639e-14   2870.78 0 
  2873.27 5.6565e-14   2877.40 0 
  2886.53 5.5960e-14   2890.68 0 
  2893.18 5.6370e-14   2897.34 0 
  2913.24 6.0750e-14   2917.43 0 
  2926.68 5.8061e-14   2930.89 0 
  2946.97 5.6806e-14   2951.21 0 
  2967.40 5.7267e-14   2971.67 0 
  2987.97 5.7072e-14   2992.27 0 
  3008.68 5.7271e-14   3013.01 0 
  3029.54 5.7340e-14   3033.89 0 
  3050.53 5.7409e-14   3054.92 0 
  3071.68 5.7611e-14   3076.10 0 
  3092.97 5.7417e-14   3097.42 0 
  3107.25 5.7995e-14   3111.72 0 
  3128.79 5.6614e-14   3133.29 0 
  3150.47 5.6424e-14   3155.01 0 
  3172.31 5.7017e-14   3176.87 0 
  3186.95 5.3997e-14   3191.54 0 
  3209.05 5.5707e-14   3213.66 0 
  3231.29 5.2901e-14   3235.94 0 
  3253.69 5.7018e-14   3258.37 0 
  3268.71 5.9345e-14   3273.41 0 
  3291.36 5.8606e-14   3296.10 0 
  3306.56 5.7718e-14   3311.31 0 
  3321.82 5.6844e-14   3326.60 0 
  3329.48 5.9412e-14   3334.26 0 
  3337.15 5.7818e-14   3341.95 0 
  3344.85 5.6396e-14   3349.66 0 
  3352.56 5.5647e-14   3357.38 0 
  3360.28 5.7363e-14   3365.12 0 
  3368.03 5.6993e-14   3372.87 0 
  3375.79 5.0817e-14   3380.65 0 
  3383.58 5.2505e-14   3388.44 0 
  3391.38 5.7463e-14   3396.25 0 
  3399.19 5.9099e-14   3404.08 0 
  3407.03 5.5561e-14   3411.93 0 
  3414.88 5.6750e-14   3419.79 0 
  3422.76 5.9587e-14   3427.68 0 
  3430.65 5.8123e-14   3435.58 0 
  3438.55 5.8552e-14   3443.50 0 
  3446.48 5.1255e-14   3451.44 0 
  3454.43 5.7270e-14   3459.39 0 
  3462.39 5.2616e-14   3467.37 0 
  3470.37 5.5375e-14   3475.36 0 
  3478.37 5.0875e-14   3483.37 0 
  3486.39 5.4539e-14   3491.40 0 
  3494.43 5.3198e-14   3499.45 0 
  3502.48 5.6767e-14   3507.52 0 
  3510.56 5.5628e-14   3515.60 0 
  3518.65 5.3516e-14   3523.71 0 
  3526.76 5.2806e-14   3531.83 0 
  3534.89 5.6348e-14   3539.97 0 
  3543.04 5.9440e-14   3548.13 0 
  3551.21 5.8651e-14   3556.31 0 
  3559.39 5.7342e-14   3564.51 0 
  3567.60 5.6192e-14   3572.73 0 
  3575.82 5.1271e-14   3580.96 0 
  3584.07 4.9325e-14   3589.22 0 
  3592.33 4.9690e-14   3597.49 0 
  3600.61 5.7606e-14   3605.79 0 
  3606.07 5.4433e-14   3611.26 1 
  3608.82 5.1383e-14   3614.01 1 
  3611.57 5.6814e-14   3616.76 1 
  3614.31 5.1520e-14   3619.51 1 
  3617.06 5.4652e-14   3622.26 1 
  3619.80 5.2578e-14   3625.01 1 
  3622.55 6.2378e-14   3627.76 1 
  3625.30 6.2719e-14   3630.51 1 
  3628.04 5.9815e-14   3633.26 1 
  3630.79 5.3089e-14   3636.01 1 
  3633.53 5.4159e-14   3638.76 1 
  3636.28 4.7346e-14   3641.51 1 
  3639.03 6.1343e-14   3644.26 1 
  3641.77 5.1956e-14   3647.01 1 
  3644.52 5.2254e-14   3649.76 1 
  3647.27 5.3779e-14   3652.51 1 
  3650.01 5.8617e-14   3655.26 1 
  3652.76 5.8906e-14   3658.01 1 
  3655.50 5.5359e-14   3660.76 1 
  3658.25 5.3024e-14   3663.51 1 
  3661.00 5.4753e-14   3666.26 1 
  3663.74 5.6461e-14   3669.01 1 
  3666.49 5.0407e-14   3671.76 1 
  3669.23 5.7949e-14   3674.51 1 
  3671.98 5.9235e-14   3677.26 1 
  3674.73 5.3479e-14   3680.01 1 
  3677.47 5.2159e-14   3682.76 1 
  3680.22 5.1873e-14   3685.51 1 
  3682.96 5.4853e-14   3688.26 1 
  3685.71 5.8023e-14   3691.01 1 
  3688.46 4.9497e-14   3693.76 1 
  3691.20 5.6985e-14   3696.51 1 
  3693.95 5.6216e-14   3699.26 1 
  3696.69 5.9481e-14   3702.01 1 
  3699.44 5.6525e-14   3704.76 1 
  3702.19 5.3903e-14   3707.51 1 
  3704.93 5.1204e-14   3710.26 1 
  3707.68 5.4807e-14   3713.01 1 
  3710.42 6.1169e-14   3715.76 1 
  3713.17 6.4946e-14   3718.51 1 
  3715.92 6.2853e-14   3721.26 1 
  3718.66 7.6611e-14   3724.01 1 
  3721.41 1.2617e-13   3726.76 1 
  3724.15 2.0573e-13   3729.51 1 
  3726.90 2.7455e-13   3732.26 1 
  3729.65 2.3772e-13   3735.01 1 
  3732.39 1.5426e-13   3737.76 1 
  3735.14 8.9577e-14   3740.51 1 
  3737.88 6.0384e-14   3743.26 1 
  3740.63 6.1480e-14   3746.01 1 
  3743.38 5.8428e-14   3748.76 1 
  3746.12 5.3916e-14   3751.51 1 
  3748.87 5.3763e-14   3754.26 1 
  3751.62 5.5529e-14   3757.01 1 
  3754.36 6.1592e-14   3759.76 1 
  3757.11 6.2990e-14   3762.51 1 
  3759.85 6.3169e-14   3765.26 1 
  3762.60 6.2942e-14   3768.01 1 
  3765.35 6.2882e-14   3770.76 1 
  3768.09 5.9278e-14   3773.51 1 
  3770.84 6.3858e-14   3776.26 1 
  3773.58 6.7584e-14   3779.01 1 
  3776.33 7.0345e-14   3781.76 1 
  3779.08 7.3381e-14   3784.51 1 
  3781.82 7.3678e-14   3787.26 1 
  3784.57 7.2647e-14   3790.01 1 
  3787.31 7.1192e-14   3792.76 1 
  3790.06 6.4926e-14   3795.51 1 
  3792.81 6.1456e-14   3798.26 1 
  3795.55 6.0763e-14   3801.01 1 
  3798.30 6.0772e-14   3803.76 1 
  3801.04 5.9776e-14   3806.51 1 
  3803.79 6.4555e-14   3809.26 1 
  3806.54 7.2300e-14   3812.01 1 
  3809.28 7.8319e-14   3814.76 1 
  3812.03 7.4075e-14   3817.51 1 
  3814.77 7.3229e-14   3820.26 1 
  3817.52 7.0621e-14   3823.01 1 
  3820.27 7.1112e-14   3825.76 1 
  3823.01 6.9002e-14   3828.51 1 
  3825.76 6.6514e-14   3831.26 1 
  3828.50 6.2298e-14   3834.01 1 
  3831.25 5.7126e-14   3836.76 1 
  3834.00 5.8121e-14   3839.51 1 
  3836.74 5.8286e-14   3842.26 1 
  3839.49 5.9092e-14   3845.01 1 
  3842.23 6.1553e-14   3847.76 1 
  3844.98 6.7072e-14   3850.51 1 
  3847.73 7.4888e-14   3853.26 1 
  3850.47 7.4502e-14   3856.01 1 
  3853.22 7.5548e-14   3858.76 1 
  3855.97 7.8728e-14   3861.51 1 
  3858.71 7.5950e-14   3864.26 1 
  3861.46 8.0529e-14   3867.01 1 
  3864.20 8.6241e-14   3869.76 1 
  3866.95 8.4112e-14   3872.51 1 
  3869.70 8.0473e-14   3875.26 1 
  3872.44 8.0642e-14   3878.01 1 
  3875.19 7.5271e-14   3880.76 1 
  3877.93 7.0692e-14   3883.51 1 
  3880.68 6.9937e-14   3886.26 1 
  3883.43 6.6484e-14   3889.01 1 
  3886.17 6.9869e-14   3891.76 1 
  3888.92 6.7768e-14   3894.51 1 
  3891.66 6.4629e-14   3897.26 1 
  3894.41 6.9917e-14   3900.01 1 
  3897.16 7.0914e-14   3902.76 1 
  3899.90 7.2258e-14   3905.51 1 
  3902.65 7.4436e-14   3908.26 1 
  3905.39 7.7385e-14   3911.01 1 
  3908.14 7.8700e-14   3913.76 1 
  3910.89 7.9425e-14   3916.51 1 
  3913.63 7.8509e-14   3919.26 1 
  3916.38 7.8541e-14   3922.01 1 
  3919.12 7.5214e-14   3924.76 1 
  3921.87 7.4226e-14   3927.51 1 
  3924.62 7.0316e-14   3930.26 1 
  3927.36 6.3063e-14   3933.01 1 
  3930.11 6.0581e-14   3935.76 1 
  3932.85 5.9585e-14   3938.51 1 
  3935.60 6.4093e-14   3941.26 1 
  3938.35 6.7562e-14   3944.01 1 
  3941.09 7.2725e-14   3946.76 1 
  3943.84 7.2591e-14   3949.51 1 
  3946.58 7.5369e-14   3952.26 1 
  3949.33 7.4855e-14   3955.01 1 
  3952.08 7.7089e-14   3957.76 1 
  3954.82 7.3730e-14   3960.51 1 
  3957.57 6.8326e-14   3963.26 1 
  3960.32 6.1181e-14   3966.01 1 
  3963.06 5.5662e-14   3968.76 1 
  3965.81 5.4603e-14   3971.51 1 
  3968.55 5.6835e-14   3974.26 1 
  3971.30 5.7252e-14   3977.01 1 
  3974.05 6.0916e-14   3979.76 1 
  3976.79 6.5693e-14   3982.51 1 
  3979.54 7.1786e-14   3985.26 1 
  3982.28 7.7991e-14   3988.01 1 
  3985.03 7.7898e-14   3990.76 1 
  3987.78 8.0203e-14   3993.51 1 
  3990.52 8.2453e-14   3996.26 1 
  3993.27 8.0631e-14   3999.01 1 
  3996.01 8.2455e-14   4001.76 1 
  3998.76 8.4042e-14   4004.51 1 
  4001.51 8.3955e-14   4007.26 1 
  4004.25 8.2198e-14   4010.01 1 
  4007.00 8.4554e-14   4012.76 1 
  4009.74 8.8330e-14   4015.51 1 
  4012.49 8.8485e-14   4018.26 1 
  4015.24 8.7056e-14   4021.01 1 
  4017.98 8.8239e-14   4023.76 1 
  4020.73 8.6039e-14   4026.51 1 
  4023.47 8.3849e-14   4029.26 1 
  4026.22 8.6375e-14   4032.01 1 
  4028.97 8.2821e-14   4034.76 1 
  4031.71 8.3274e-14   4037.51 1 
  4034.46 8.6575e-14   4040.26 1 
  4037.20 8.6842e-14   4043.01 1 
  4039.95 8.2669e-14   4045.76 1 
  4042.70 8.4791e-14   4048.51 1 
  4045.44 8.4283e-14   4051.26 1 
  4048.19 8.4494e-14   4054.01 1 
  4050.93 8.3464e-14   4056.76 1 
  4053.68 8.0599e-14   4059.51 1 
  4056.43 8.3747e-14   4062.26 1 
  4059.17 7.9548e-14   4065.01 1 
  4061.92 8.3377e-14   4067.76 1 
  4064.67 8.3655e-14   4070.51 1 
  4067.41 8.6797e-14   4073.26 1 
  4070.16 8.2797e-14   4076.01 1 
  4072.90 8.5038e-14   4078.76 1 
  4075.65 8.2212e-14   4081.51 1 
  4078.40 7.8278e-14   4084.26 1 
  4081.14 8.2014e-14   4087.01 1 
  4083.89 8.1782e-14   4089.76 1 
  4086.63 8.1820e-14   4092.51 1 
  4089.38 8.0308e-14   4095.26 1 
  4092.13 7.5308e-14   4098.01 1 
  4094.87 7.3746e-14   4100.76 1 
  4097.62 7.5695e-14   4103.51 1 
  4100.36 7.5819e-14   4106.26 1 
  4103.11 7.6019e-14   4109.01 1 
  4105.86 7.3169e-14   4111.76 1 
  4108.60 7.2947e-14   4114.51 1 
  4111.35 7.7918e-14   4117.26 1 
  4114.09 7.9044e-14   4120.01 1 
  4116.84 8.0474e-14   4122.76 1 
  4119.59 8.0526e-14   4125.51 1 
  4122.33 7.8779e-14   4128.26 1 
  4125.08 8.1178e-14   4131.01 1 
  4127.82 8.2676e-14   4133.76 1 
  4130.57 8.1957e-14   4136.51 1 
  4133.32 8.2574e-14   4139.26 1 
  4136.06 8.2480e-14   4142.01 1 
  4138.81 8.2496e-14   4144.76 1 
  4141.55 8.0229e-14   4147.51 1 
  4144.30 8.2909e-14   4150.26 1 
  4147.05 8.0710e-14   4153.01 1 
  4149.79 8.0036e-14   4155.76 1 
  4152.54 8.2243e-14   4158.51 1 
  4155.28 8.1343e-14   4161.26 1 
  4158.03 8.4221e-14   4164.01 1 
  4160.78 8.4207e-14   4166.76 1 
  4163.52 8.1408e-14   4169.51 1 
  4166.27 8.4183e-14   4172.26 1 
  4169.01 8.2476e-14   4175.01 1 
  4171.76 8.1971e-14   4177.76 1 
  4174.51 8.2899e-14   4180.51 1 
  4177.25 8.0783e-14   4183.26 1 
  4180.00 7.9907e-14   4186.01 1 
  4182.74 8.2495e-14   4188.76 1 
  4185.49 8.2686e-14   4191.51 1 
  4188.24 8.0975e-14   4194.26 1 
  4190.98 8.1375e-14   4197.01 1 
  4193.73 8.2400e-14   4199.76 1 
  4196.48 8.1735e-14   4202.51 1 
  4199.22 8.0528e-14   4205.26 1 
  4201.97 8.0437e-14   4208.01 1 
  4204.71 8.1625e-14   4210.76 1 
  4207.46 8.3254e-14   4213.51 1 
  4210.21 8.3005e-14   4216.26 1 
  4212.95 8.1485e-14   4219.01 1 
  4215.70 8.2977e-14   4221.76 1 
  4218.44 8.1280e-14   4224.51 1 
  4221.19 7.9342e-14   4227.26 1 
  4223.94 7.8428e-14   4230.01 1 
  4226.68 7.8368e-14   4232.76 1 
  4229.43 7.9107e-14   4235.51 1 
  4232.17 7.9381e-14   4238.26 1 
  4234.92 8.0048e-14   4241.01 1 
  4237.67 8.2640e-14   4243.76 1 
  4240.41 8.2303e-14   4246.51 1 
  4243.16 7.8916e-14   4249.26 1 
  4245.90 7.7922e-14   4252.01 1 
  4248.65 7.9189e-14   4254.76 1 
  4251.40 8.0666e-14   4257.51 1 
  4254.14 8.1291e-14   4260.26 1 
  4256.89 8.0109e-14   4263.01 1 
  4259.63 7.9797e-14   4265.76 1 
  4262.38 8.0815e-14   4268.51 1 
  4265.13 8.1276e-14   4271.26 1 
  4267.87 7.9489e-14   4274.01 1 
  4270.62 7.6693e-14   4276.76 1 
  4273.36 7.8133e-14   4279.51 1 
  4276.11 8.0334e-14   4282.26 1 
  4278.86 8.0633e-14   4285.01 1 
  4281.60 8.0692e-14   4287.76 1 
  4284.35 7.8368e-14   4290.51 1 
  4287.09 7.7345e-14   4293.26 1 
  4289.84 7.7269e-14   4296.01 1 
  4292.59 7.5056e-14   4298.76 1 
  4295.33 7.3452e-14   4301.51 1 
  4298.08 7.1887e-14   4304.26 1 
  4300.83 7.2292e-14   4307.01 1 
  4303.57 7.3121e-14   4309.76 1 
  4306.32 7.3084e-14   4312.51 1 
  4309.06 7.3793e-14   4315.26 1 
  4311.81 7.4293e-14   4318.01 1 
  4314.56 7.6731e-14   4320.76 1 
  4317.30 7.8609e-14   4323.51 1 
  4320.05 7.7024e-14   4326.26 1 
  4322.79 7.4734e-14   4329.01 1 
  4325.54 7.4853e-14   4331.76 1 
  4328.29 7.4743e-14   4334.51 1 
  4331.03 7.5885e-14   4337.26 1 
  4333.78 8.1292e-14   4340.01 1 
  4336.52 8.9866e-14   4342.76 1 
  4339.27 9.2598e-14   4345.51 1 
  4342.02 8.6903e-14   4348.26 1 
  4344.76 8.0027e-14   4351.01 1 
  4347.51 7.4972e-14   4353.76 1 
  4350.25 7.7205e-14   4356.51 1 
  4353.00 7.7321e-14   4359.26 1 
  4355.75 8.0253e-14   4362.01 1 
  4358.49 8.0673e-14   4364.76 1 
  4361.24 8.1700e-14   4367.51 1 
  4363.98 8.3755e-14   4370.26 1 
  4366.73 8.0721e-14   4373.01 1 
  4369.48 7.9248e-14   4375.76 1 
  4372.22 7.7885e-14   4378.51 1 
  4374.97 7.9871e-14   4381.26 1 
  4377.71 8.0459e-14   4384.01 1 
  4380.46 7.7855e-14   4386.76 1 
  4383.21 7.6320e-14   4389.51 1 
  4385.95 7.7142e-14   4392.26 1 
  4388.70 7.9184e-14   4395.01 1 
  4391.44 8.1412e-14   4397.76 1 
  4394.19 8.1315e-14   4400.51 1 
  4396.94 8.0626e-14   4403.26 1 
  4399.68 7.8135e-14   4406.01 1 
  4402.43 7.6633e-14   4408.76 1 
  4405.18 7.8659e-14   4411.51 1 
  4407.92 8.1286e-14   4414.26 1 
  4410.67 8.1163e-14   4417.01 1 
  4413.41 7.8855e-14   4419.76 1 
  4416.16 7.7239e-14   4422.51 1 
  4418.91 7.9482e-14   4425.26 1 
  4421.65 8.1366e-14   4428.01 1 
  4424.40 8.0580e-14   4430.76 1 
  4427.14 8.0511e-14   4433.51 1 
  4429.89 8.1994e-14   4436.26 1 
  4432.64 8.1047e-14   4439.01 1 
  4435.38 7.9836e-14   4441.76 1 
  4438.13 8.2026e-14   4444.51 1 
  4440.87 8.0867e-14   4447.26 1 
  4443.62 8.2565e-14   4450.01 1 
  4446.37 8.2062e-14   4452.76 1 
  4449.11 8.1168e-14   4455.51 1 
  4451.86 8.0914e-14   4458.26 1 
  4454.60 7.9868e-14   4461.01 1 
  4457.35 7.9440e-14   4463.76 1 
  4460.10 7.7103e-14   4466.51 1 
  4462.84 8.1371e-14   4469.26 1 
  4465.59 8.2255e-14   4472.01 1 
  4468.33 8.3897e-14   4474.76 1 
  4471.08 8.2280e-14   4477.51 1 
  4473.83 8.2851e-14   4480.26 1 
  4476.57 8.3665e-14   4483.01 1 
  4479.32 8.4466e-14   4485.76 1 
  4482.06 8.2479e-14   4488.51 1 
  4484.81 8.3084e-14   4491.26 1 
  4487.56 8.3109e-14   4494.01 1 
  4490.30 7.9955e-14   4496.76 1 
  4493.05 8.3267e-14   4499.51 1 
  4495.79 8.5335e-14   4502.26 1 
  4498.54 8.6459e-14   4505.01 1 
  4501.29 8.3976e-14   4507.76 1 
  4504.03 8.5098e-14   4510.51 1 
  4506.78 8.6137e-14   4513.26 1 
  4509.53 8.4871e-14   4516.01 1 
  4512.27 8.5218e-14   4518.76 1 
  4515.02 8.5650e-14   4521.51 1 
  4517.76 8.4453e-14   4524.26 1 
  4520.51 8.3521e-14   4527.01 1 
  4523.26 8.4387e-14   4529.76 1 
  4526.00 7.9750e-14   4532.51 1 
  4528.75 7.8974e-14   4535.26 1 
  4531.49 7.9326e-14   4538.01 1 
  4534.24 8.0842e-14   4540.76 1 
  4536.99 8.0843e-14   4543.51 1 
  4539.73 8.3639e-14   4546.26 1 
  4542.48 8.1924e-14   4549.01 1 
  4545.22 7.9033e-14   4551.76 1 
  4547.97 8.2395e-14   4554.51 1 
  4550.72 7.9799e-14   4557.26 1 
  4553.46 8.0238e-14   4560.01 1 
  4556.21 8.0615e-14   4562.76 1 
  4558.95 8.1127e-14   4565.51 1 
  4561.70 8.4290e-14   4568.26 1 
  4564.45 8.0561e-14   4571.01 1 
  4567.19 8.4271e-14   4573.76 1 
  4569.94 8.4415e-14   4576.51 1 
  4572.68 8.1135e-14   4579.26 1 
  4575.43 8.4830e-14   4582.01 1 
  4578.18 8.3622e-14   4584.76 1 
  4580.92 7.8987e-14   4587.51 1 
  4583.67 8.1699e-14   4590.26 1 
  4586.41 8.0545e-14   4593.01 1 
  4589.16 8.3034e-14   4595.76 1 
  4591.91 7.9878e-14   4598.51 1 
  4594.65 8.1033e-14   4601.26 1 
  4597.40 8.2862e-14   4604.01 1 
  4600.14 8.1482e-14   4606.76 1 
  4602.89 8.2885e-14   4609.51 1 
  4605.64 8.4651e-14   4612.26 1 
  4608.38 8.4649e-14   4615.01 1 
  4611.13 8.2303e-14   4617.76 1 
  4613.88 8.3428e-14   4620.51 1 
  4616.62 8.2822e-14   4623.26 1 
  4619.37 8.2570e-14   4626.01 1 
  4622.11 8.2368e-14   4628.76 1 
  4624.86 8.2365e-14   4631.51 1 
  4627.61 8.4580e-14   4634.26 1 
  4630.35 8.4389e-14   4637.01 1 
  4633.10 8.3755e-14   4639.76 1 
  4635.84 8.1065e-14   4642.51 1 
  4638.59 8.1593e-14   4645.26 1 
  4641.34 8.2660e-14   4648.01 1 
  4644.08 8.0334e-14   4650.76 1 
  4646.83 8.2683e-14   4653.51 1 
  4649.57 8.1609e-14   4656.26 1 
  4652.32 8.2000e-14   4659.01 1 
  4655.07 8.2077e-14   4661.76 1 
  4657.81 8.3281e-14   4664.51 1 
  4660.56 8.2924e-14   4667.26 1 
  4663.30 7.9790e-14   4670.01 1 
  4666.05 7.9631e-14   4672.76 1 
  4668.80 8.0544e-14   4675.51 1 
  4671.54 8.1100e-14   4678.26 1 
  4674.29 8.0379e-14   4681.01 1 
  4677.03 8.2441e-14   4683.76 1 
  4679.78 8.1508e-14   4686.51 1 
  4682.53 8.2160e-14   4689.26 1 
  4685.27 8.2570e-14   4692.01 1 
  4688.02 8.1703e-14   4694.76 1 
  4690.76 8.1675e-14   4697.51 1 
  4693.51 8.0912e-14   4700.26 1 
  4696.26 8.0393e-14   4703.01 1 
  4699.00 7.9887e-14   4705.76 1 
  4701.75 7.9258e-14   4708.51 1 
  4704.49 7.8546e-14   4711.26 1 
  4707.24 8.1880e-14   4714.01 1 
  4709.99 8.1934e-14   4716.76 1 
  4712.73 7.9828e-14   4719.51 1 
  4715.48 8.0513e-14   4722.26 1 
  4718.22 8.1510e-14   4725.01 1 
  4720.97 8.1852e-14   4727.76 1 
  4723.72 8.1607e-14   4730.51 1 
  4726.46 8.1397e-14   4733.26 1 
  4729.21 7.9521e-14   4736.01 1 
  4731.96 7.6948e-14   4738.76 1 
  4734.70 7.8212e-14   4741.51 1 
  4737.45 7.9561e-14   4744.26 1 
  4740.19 8.0007e-14   4747.01 1 
  4742.94 7.9192e-14   4749.76 1 
  4745.69 8.0500e-14   4752.51 1 
  4748.43 8.0676e-14   4755.26 1 
  4751.18 8.1522e-14   4758.01 1 
  4753.92 7.9769e-14   4760.76 1 
  4756.67 7.9046e-14   4763.51 1 
  4759.42 7.9419e-14   4766.26 1 
  4762.16 7.8421e-14   4769.01 1 
  4764.91 7.7973e-14   4771.76 1 
  4767.65 7.9102e-14   4774.51 1 
  4770.40 7.7894e-14   4777.26 1 
  4773.15 8.1733e-14   4780.01 1 
  4775.89 8.0996e-14   4782.76 1 
  4778.64 8.0758e-14   4785.51 1 
  4781.38 8.1576e-14   4788.26 1 
  4784.13 7.9805e-14   4791.01 1 
  4786.88 8.0138e-14   4793.76 1 
  4789.62 7.9653e-14   4796.51 1 
  4792.37 8.0569e-14   4799.26 1 
  4795.11 8.2152e-14   4802.01 1 
  4797.86 8.2076e-14   4804.76 1 
  4800.61 8.0664e-14   4807.51 1 
  4803.35 7.9563e-14   4810.26 1 
  4806.10 8.0476e-14   4813.01 1 
  4808.84 8.1265e-14   4815.76 1 
  4811.59 8.1457e-14   4818.51 1 
  4814.34 8.0459e-14   4821.26 1 
  4817.08 8.1165e-14   4824.01 1 
  4819.83 8.1117e-14   4826.76 1 
  4822.57 7.9948e-14   4829.51 1 
  4825.32 7.9040e-14   4832.26 1 
  4828.07 7.8264e-14   4835.01 1 
  4830.81 7.8620e-14   4837.76 1 
  4833.56 7.9402e-14   4840.51 1 
  4836.31 8.0053e-14   4843.26 1 
  4839.05 7.7898e-14   4846.01 1 
  4841.80 7.7164e-14   4848.76 1 
  4844.54 7.5542e-14   4851.51 1 
  4847.29 7.6080e-14   4854.26 1 
  4850.04 7.5824e-14   4857.01 1 
  4852.78 8.1518e-14   4859.76 1 
  4855.53 1.0146e-13   4862.51 1 
  4858.27 1.2721e-13   4865.26 1 
  4861.02 1.3076e-13   4868.01 1 
  4863.77 1.0970e-13   4870.76 1 
  4866.51 8.6469e-14   4873.51 1 
  4869.26 7.7182e-14   4876.26 1 
  4872.00 7.3825e-14   4879.01 1 
  4874.75 7.3583e-14   4881.76 1 
  4877.50 7.4934e-14   4884.51 1 
  4880.24 7.6915e-14   4887.26 1 
  4882.99 7.6223e-14   4890.01 1 
  4885.73 7.5437e-14   4892.76 1 
  4888.48 7.5223e-14   4895.51 1 
  4891.23 7.7252e-14   4898.26 1 
  4893.97 7.9633e-14   4901.01 1 
  4896.72 7.8769e-14   4903.76 1 
  4899.46 7.7898e-14   4906.51 1 
  4902.21 7.9084e-14   4909.26 1 
  4904.96 7.8439e-14   4912.01 1 
  4907.70 8.0139e-14   4914.76 1 
  4910.45 7.8659e-14   4917.51 1 
  4913.19 7.7499e-14   4920.26 1 
  4915.94 7.6548e-14   4923.01 1 
  4918.69 7.5434e-14   4925.76 1 
  4921.43 7.5500e-14   4928.51 1 
  4924.18 7.6614e-14   4931.26 1 
  4926.92 7.7844e-14   4934.01 1 
  4929.67 7.7137e-14   4936.76 1 
  4932.42 7.6879e-14   4939.51 1 
  4935.16 7.6877e-14   4942.26 1 
  4937.91 7.5267e-14   4945.01 1 
  4940.66 7.5785e-14   4947.76 1 
  4943.40 7.7535e-14   4950.51 1 
  4946.15 7.9151e-14   4953.26 1 
  4948.89 8.3478e-14   4956.01 1 
  4951.64 9.1478e-14   4958.76 1 
  4954.39 1.0454e-13   4961.51 1 
  4957.13 1.1359e-13   4964.26 1 
  4959.88 1.0886e-13   4967.01 1 
  4962.62 9.4687e-14   4969.76 1 
  4965.37 8.2506e-14   4972.51 1 
  4968.12 7.7302e-14   4975.26 1 
  4970.86 7.7883e-14   4978.01 1 
  4973.61 7.9418e-14   4980.76 1 
  4976.35 7.7767e-14   4983.51 1 
  4979.10 7.6409e-14   4986.26 1 
  4981.85 7.6604e-14   4989.01 1 
  4984.59 7.6256e-14   4991.76 1 
  4987.34 7.7159e-14   4994.51 1 
  4990.08 7.7285e-14   4997.26 1 
  4992.83 7.8533e-14   5000.01 1 
  4995.58 8.1804e-14   5002.76 1 
  4998.32 9.6209e-14   5005.51 1 
  5001.07 1.3176e-13   5008.26 1 
  5003.81 1.7491e-13   5011.01 1 
  5006.56 1.8435e-13   5013.76 1 
  5009.31 1.4820e-13   5016.51 1 
  5012.05 1.0446e-13   5019.26 1 
  5014.80 8.1907e-14   5022.01 1 
  5017.54 7.7176e-14   5024.76 1 
  5020.29 7.7001e-14   5027.51 1 
  5023.04 7.5818e-14   5030.26 1 
  5025.78 7.4666e-14   5033.01 1 
  5028.53 7.5471e-14   5035.76 1 
  5031.27 7.5552e-14   5038.51 1 
  5034.02 7.5931e-14   5041.26 1 
  5036.77 7.4206e-14   5044.01 1 
  5039.51 7.3402e-14   5046.76 1 
  5042.26 7.4240e-14   5049.51 1 
  5045.01 7.5478e-14   5052.26 1 
  5047.75 7.6138e-14   5055.01 1 
  5050.50 7.6694e-14   5057.76 1 
  5053.24 7.7761e-14   5060.51 1 
  5055.99 7.8441e-14   5063.26 1 
  5058.74 7.8190e-14   5066.01 1 
  5061.48 7.6636e-14   5068.76 1 
  5064.23 7.4972e-14   5071.51 1 
  5066.97 7.3943e-14   5074.26 1 
  5069.72 7.4469e-14   5077.01 1 
  5072.47 7.5298e-14   5079.76 1 
  5075.21 7.4722e-14   5082.51 1 
  5077.96 7.3953e-14   5085.26 1 
  5080.70 7.2623e-14   5088.01 1 
  5083.45 7.3988e-14   5090.76 1 
  5086.20 7.4645e-14   5093.51 1 
  5088.94 7.4469e-14   5096.26 1 
  5091.69 7.4649e-14   5099.01 1 
  5094.43 7.5223e-14   5101.76 1 
  5097.18 7.5358e-14   5104.51 1 
  5099.93 7.5136e-14   5107.26 1 
  5102.67 7.4214e-14   5110.01 1 
  5105.42 7.4202e-14   5112.76 1 
  5108.16 7.4367e-14   5115.51 1 
  5110.91 7.4638e-14   5118.26 1 
  5113.66 7.5366e-14   5121.01 1 
  5116.40 7.5275e-14   5123.76 1 
  5119.15 7.4461e-14   5126.51 1 
  5121.89 7.3674e-14   5129.26 1 
  5124.64 7.2666e-14   5132.01 1 
  5127.39 7.0663e-14   5134.76 1 
  5130.13 7.0954e-14   5137.51 1 
  5132.88 7.3027e-14   5140.26 1 
  5135.62 7.3404e-14   5143.01 1 
  5138.37 7.2660e-14   5145.76 1 
  5141.12 7.1778e-14   5148.51 1 
  5143.86 7.1773e-14   5151.26 1 
  5146.61 7.1270e-14   5154.01 1 
  5149.35 7.2484e-14   5156.76 1 
  5152.10 7.2899e-14   5159.51 1 
  5154.85 7.2742e-14   5162.26 1 
  5157.59 7.3746e-14   5165.01 1 
  5160.34 7.2438e-14   5167.76 1 
  5163.09 6.8633e-14   5170.51 1 
  5165.83 6.6381e-14   5173.26 1 
  5168.58 6.4778e-14   5176.01 1 
  5171.32 6.6084e-14   5178.76 1 
  5174.07 6.7452e-14   5181.51 1 
  5176.82 6.7625e-14   5184.26 1 
  5179.56 6.7187e-14   5187.01 1 
  5182.31 6.7345e-14   5189.76 1 
  5185.05 6.7567e-14   5192.51 1 
  5187.80 6.7981e-14   5195.26 1 
  5190.55 6.8429e-14   5198.01 1 
  5193.29 7.0427e-14   5200.76 1 
  5196.04 7.1835e-14   5203.51 1 
  5198.78 7.2296e-14   5206.26 1 
  5201.53 7.1329e-14   5209.01 1 
  5204.28 6.9722e-14   5211.76 1 
  5207.02 7.0300e-14   5214.51 1 
  5209.77 7.1284e-14   5217.26 1 
  5212.51 7.2130e-14   5220.01 1 
  5215.26 7.2682e-14   5222.76 1 
  5218.01 7.2252e-14   5225.51 1 
  5220.75 7.2952e-14   5228.26 1 
  5223.50 7.1662e-14   5231.01 1 
  5226.24 6.9813e-14   5233.76 1 
  5228.99 6.9936e-14   5236.51 1 
  5231.74 7.0557e-14   5239.26 1 
  5234.48 7.2679e-14   5242.01 1 
  5237.23 7.4614e-14   5244.76 1 
  5239.97 7.5568e-14   5247.51 1 
  5242.72 7.4944e-14   5250.26 1 
  5245.47 7.2854e-14   5253.01 1 
  5248.21 7.2542e-14   5255.76 1 
  5250.96 7.1032e-14   5258.51 1 
  5253.70 7.0027e-14   5261.26 1 
  5256.45 7.0043e-14   5264.01 1 
  5259.20 6.9869e-14   5266.76 1 
  5261.94 6.9001e-14   5269.51 1 
  5264.69 6.7950e-14   5272.26 1 
  5267.44 6.7041e-14   5275.01 1 
  5270.18 6.8068e-14   5277.76 1 
  5272.93 6.9642e-14   5280.51 1 
  5275.67 7.1777e-14   5283.26 1 
  5278.42 7.2941e-14   5286.01 1 
  5281.17 7.2262e-14   5288.76 1 
  5283.91 7.4231e-14   5291.51 1 
  5286.66 7.4543e-14   5294.26 1 
  5289.40 7.4436e-14   5297.01 1 
  5292.15 7.4290e-14   5299.76 1 
  5294.90 7.2300e-14   5302.51 1 
  5297.64 7.2521e-14   5305.26 1 
  5300.39 7.3795e-14   5308.01 1 
  5303.13 7.4011e-14   5310.76 1 
  5305.88 7.6292e-14   5313.51 1 
  5308.63 7.6897e-14   5316.26 1 
  5311.37 7.5877e-14   5319.01 1 
  5314.12 7.5085e-14   5321.76 1 
  5316.86 7.5110e-14   5324.51 1 
  5319.61 7.5225e-14   5327.26 1 
  5322.36 7.3763e-14   5330.01 1 
  5325.10 7.0353e-14   5332.76 1 
  5327.85 6.9722e-14   5335.51 1 
  5330.59 7.1836e-14   5338.26 1 
  5333.34 7.5018e-14   5341.01 1 
  5336.09 7.5456e-14   5343.76 1 
  5338.83 7.4086e-14   5346.51 1 
  5341.58 7.5912e-14   5349.26 1 
  5344.32 7.6036e-14   5352.01 1 
  5347.07 7.5871e-14   5354.76 1 
  5349.82 7.5832e-14   5357.51 1 
  5352.56 7.6532e-14   5360.26 1 
  5355.31 7.8650e-14   5363.01 1 
  5358.05 7.8412e-14   5365.76 1 
  5360.80 7.7000e-14   5368.51 1 
  5363.55 7.5682e-14   5371.26 1 
  5366.29 7.4918e-14   5374.01 1 
  5369.04 7.3668e-14   5376.76 1 
  5371.79 7.3510e-14   5379.51 1 
  5374.53 7.4843e-14   5382.26 1 
  5377.28 7.4721e-14   5385.01 1 
  5380.02 7.4399e-14   5387.76 1 
  5382.77 7.4205e-14   5390.51 1 
  5385.52 7.4141e-14   5393.26 1 
  5388.26 7.3013e-14   5396.01 1 
  5391.01 7.2381e-14   5398.76 1 
  5393.75 7.2768e-14   5401.51 1 
  5396.50 7.2382e-14   5404.26 1 
  5399.25 7.0432e-14   5407.01 1 
  5401.99 7.0148e-14   5409.76 1 
  5404.74 7.0158e-14   5412.51 1 
  5407.48 6.8909e-14   5415.26 1 
  5410.23 7.1246e-14   5418.01 1 
  5412.98 7.3196e-14   5420.76 1 
  5415.72 7.4122e-14   5423.51 1 
  5418.47 7.4405e-14   5426.26 1 
  5421.21 7.4127e-14   5429.01 1 
  5423.96 7.3533e-14   5431.76 1 
  5426.71 7.2491e-14   5434.51 1 
  5429.45 7.3140e-14   5437.26 1 
  5432.20 7.2288e-14   5440.01 1 
  5434.94 7.2513e-14   5442.76 1 
  5437.69 7.1746e-14   5445.51 1 
  5440.44 7.4115e-14   5448.26 1 
  5443.18 7.3602e-14   5451.01 1 
  5445.93 7.3552e-14   5453.76 1 
  5448.67 7.3105e-14   5456.51 1 
  5451.42 7.2524e-14   5459.26 1 
  5454.17 7.1415e-14   5462.01 1 
  5456.91 7.1731e-14   5464.76 1 
  5459.66 7.2775e-14   5467.51 1 
  5462.40 7.1772e-14   5470.26 1 
  5465.15 7.2696e-14   5473.01 1 
  5467.90 7.1672e-14   5475.76 1 
  5470.64 7.1506e-14   5478.51 1 
  5473.39 7.0878e-14   5481.26 1 
  5476.14 7.1731e-14   5484.01 1 
  5478.88 7.0007e-14   5486.76 1 
  5481.63 7.2521e-14   5489.51 1 
  5484.37 7.3744e-14   5492.26 1 
  5487.12 7.3147e-14   5495.01 1 
  5489.87 7.4685e-14   5497.76 1 
  5492.61 7.3532e-14   5500.51 1 
  5495.36 7.2132e-14   5503.26 1 
  5498.10 7.3281e-14   5506.01 1 
  5500.85 7.2342e-14   5508.76 1 
  5503.60 7.1844e-14   5511.51 1 
  5506.34 7.2355e-14   5514.26 1 
  5509.09 7.2477e-14   5517.01 1 
  5511.83 7.0684e-14   5519.76 1 
  5514.58 7.2179e-14   5522.51 1 
  5517.33 7.3066e-14   5525.26 1 
  5520.07 7.3621e-14   5528.01 1 
  5522.82 7.2889e-14   5530.76 1 
  5525.56 7.2118e-14   5533.51 1 
  5528.31 7.2816e-14   5536.26 1 
  5531.06 7.2003e-14   5539.01 1 
  5533.80 7.1859e-14   5541.76 1 
  5536.55 7.3297e-14   5544.51 1 
  5539.29 7.3680e-14   5547.26 1 
  5542.04 7.3197e-14   5550.01 1 
  5544.79 7.4098e-14   5552.76 1 
  5547.53 7.3668e-14   5555.51 1 
  5550.28 7.2585e-14   5558.26 1 
  5553.02 7.2082e-14   5561.01 1 
  5555.77 7.0658e-14   5563.76 1 
  5558.52 7.2571e-14   5566.51 1 
  5561.26 7.1211e-14   5569.26 1 
  5564.01 7.0237e-14   5572.01 1 
  5566.75 7.1074e-14   5574.76 1 
  5569.50 7.2706e-14   5577.51 1 
  5572.25 7.1480e-14   5580.26 1 
  5574.99 7.2905e-14   5583.01 1 
  5577.74 7.1952e-14   5585.76 1 
  5580.49 7.0155e-14   5588.51 1 
  5583.23 7.0275e-14   5591.26 1 
  5585.98 6.9045e-14   5594.01 1 
  5588.72 6.8329e-14   5596.76 1 
  5591.47 6.9393e-14   5599.51 1 
  5594.22 7.0460e-14   5602.26 1 
  5596.96 6.9787e-14   5605.01 1 
  5599.71 7.2941e-14   5607.76 1 
  5602.45 7.2119e-14   5610.51 1 
  5605.20 7.4440e-14   5613.26 1 
  5607.95 7.2924e-14   5616.01 1 
  5610.69 7.2371e-14   5618.76 1 
  5613.44 7.1874e-14   5621.51 1 
  5616.18 7.0916e-14   5624.26 1 
  5618.93 7.1381e-14   5627.01 1 
  5621.68 7.0344e-14   5629.76 1 
  5624.42 7.1024e-14   5632.51 1 
  5627.17 7.1567e-14   5635.26 1 
  5629.91 7.4999e-14   5638.01 1 
  5632.66 6.9814e-14   5640.76 1 
  5635.41 7.1320e-14   5643.51 1 
  5638.15 7.0538e-14   5646.26 1 
  5640.90 6.8739e-14   5649.01 1 
  5643.64 7.1975e-14   5651.76 1 
  5646.39 7.0972e-14   5654.51 1 
  5649.14 7.0531e-14   5657.26 1 
  5651.88 7.1880e-14   5660.01 1 
  5654.63 6.9921e-14   5662.76 1 
  5657.37 6.7168e-14   5665.51 1 
  5660.12 6.9595e-14   5668.26 1 
  5662.87 7.0802e-14   5671.01 1 
  5665.61 7.1403e-14   5673.76 1 
  5668.36 7.1319e-14   5676.51 1 
  5671.10 7.1983e-14   5679.26 1 
  5673.85 7.3908e-14   5682.01 1 
  5676.60 7.3620e-14   5684.76 1 
  5679.34 7.0712e-14   5687.51 1 
  5682.09 7.3091e-14   5690.26 1 
  5684.83 7.2301e-14   5693.01 1 
  5687.58 7.1136e-14   5695.76 1 
  5690.33 7.0333e-14   5698.51 1 
  5693.07 7.1924e-14   5701.26 1 
  5695.82 7.2312e-14   5704.01 1 
  5698.57 7.1015e-14   5706.76 1 
  5701.31 6.9823e-14   5709.51 1 
  5704.06 6.7467e-14   5712.26 1 
  5706.80 6.8539e-14   5715.01 1 
  5709.55 6.8183e-14   5717.76 1 
  5712.30 7.0025e-14   5720.51 1 
  5715.04 7.0710e-14   5723.26 1 
  5717.79 7.2538e-14   5726.01 1 
  5720.53 7.1101e-14   5728.76 1 
  5723.28 7.3426e-14   5731.51 1 
  5726.03 7.2552e-14   5734.26 1 
  5728.77 7.1987e-14   5737.01 1 
  5731.52 7.2693e-14   5739.76 1 
  5734.26 7.1450e-14   5742.51 1 
  5737.01 7.2000e-14   5745.26 1 
  5739.76 7.2442e-14   5748.01 1 
  5742.50 7.0160e-14   5750.76 1 
  5745.25 7.2272e-14   5753.51 1 
  5747.99 7.1139e-14   5756.26 1 
  5750.74 7.0912e-14   5759.01 1 
  5753.49 7.1121e-14   5761.76 1 
  5756.23 7.3680e-14   5764.51 1 
  5758.98 7.0685e-14   5767.26 1 
  5761.72 7.1230e-14   5770.01 1 
  5764.47 6.9929e-14   5772.76 1 
  5767.22 7.1163e-14   5775.51 1 
  5769.96 7.0890e-14   5778.26 1 
  5772.71 7.2057e-14   5781.01 1 
  5775.45 7.0768e-14   5783.76 1 
  5778.20 7.1391e-14   5786.51 1 
  5780.95 6.8257e-14   5789.26 1 
  5783.69 6.8762e-14   5792.01 1 
  5786.44 6.8932e-14   5794.76 1 
  5789.18 6.9399e-14   5797.51 1 
  5791.93 7.1118e-14   5800.26 1 
  5794.68 7.1335e-14   5803.01 1 
  5797.42 7.1116e-14   5805.76 1 
  5800.17 7.1944e-14   5808.51 1 
  5802.92 7.0443e-14   5811.26 1 
  5805.66 7.2090e-14   5814.01 1 
  5808.41 6.9763e-14   5816.76 1 
  5811.15 7.0077e-14   5819.51 1 
  5813.90 6.9683e-14   5822.26 1 
  5816.65 7.2149e-14   5825.01 1 
  5819.39 7.0414e-14   5827.76 1 
  5822.14 7.2914e-14   5830.51 1 
  5824.88 7.1332e-14   5833.26 1 
  5827.63 7.1770e-14   5836.01 1 
  5830.38 7.3171e-14   5838.76 1 
  5833.12 7.3513e-14   5841.51 1 
  5835.87 7.2196e-14   5844.26 1 
  5838.61 7.1692e-14   5847.01 1 
  5841.36 7.0904e-14   5849.76 1 
  5844.11 7.2977e-14   5852.51 1 
  5846.85 7.2098e-14   5855.26 1 
  5849.60 7.0405e-14   5858.01 1 
  5852.34 6.9691e-14   5860.76 1 
  5855.09 7.0380e-14   5863.51 1 
  5857.84 7.0499e-14   5866.26 1 
  5860.58 7.0631e-14   5869.01 1 
  5863.33 7.1166e-14   5871.76 1 
  5866.07 7.0928e-14   5874.51 1 
  5868.82 7.3559e-14   5877.26 1 
  5871.57 7.5903e-14   5880.01 1 
  5874.31 8.2160e-14   5882.76 1 
  5877.06 8.0105e-14   5885.51 1 
  5879.80 7.3902e-14   5888.26 1 
  5882.55 7.0382e-14   5891.01 1 
  5885.30 6.2367e-14   5893.76 1 
  5888.04 5.9647e-14   5896.51 1 
  5890.79 6.0862e-14   5899.26 1 
  5893.53 6.5068e-14   5902.01 1 
  5896.28 6.6774e-14   5904.76 1 
  5899.03 6.9170e-14   5907.51 1 
  5901.77 6.9732e-14   5910.26 1 
  5904.52 6.9385e-14   5913.01 1 
  5907.27 6.8124e-14   5915.76 1 
  5910.01 6.8304e-14   5918.51 1 
  5912.76 6.8495e-14   5921.26 1 
  5915.50 6.7598e-14   5924.01 1 
  5918.25 6.9402e-14   5926.76 1 
  5921.00 6.8727e-14   5929.51 1 
  5923.74 6.8215e-14   5932.26 1 
  5926.49 6.8878e-14   5935.01 1 
  5929.23 7.0339e-14   5937.76 1 
  5931.98 6.9952e-14   5940.51 1 
  5934.73 6.9934e-14   5943.26 1 
  5937.47 6.9148e-14   5946.01 1 
  5940.22 6.9469e-14   5948.76 1 
  5942.96 6.9969e-14   5951.51 1 
  5945.71 6.8874e-14   5954.26 1 
  5948.46 6.8496e-14   5957.01 1 
  5951.20 6.8610e-14   5959.76 1 
  5953.95 6.9070e-14   5962.51 1 
  5956.69 6.9692e-14   5965.26 1 
  5959.44 6.9912e-14   5968.01 1 
  5962.19 6.7831e-14   5970.76 1 
  5964.93 6.7978e-14   5973.51 1 
  5967.68 6.8774e-14   5976.26 1 
  5970.42 6.8060e-14   5979.01 1 
  5973.17 6.8862e-14   5981.76 1 
  5975.92 6.9521e-14   5984.51 1 
  5978.66 6.7836e-14   5987.26 1 
  5981.41 6.8796e-14   5990.01 1 
  5984.15 6.9353e-14   5992.76 1 
  5986.90 6.9688e-14   5995.51 1 
  5989.65 6.9068e-14   5998.26 1 
  5992.39 7.0038e-14   6001.01 1 
  5995.14 6.8779e-14   6003.76 1 
  5997.88 6.7250e-14   6006.51 1 
  6000.63 6.6367e-14   6009.26 1 
  6003.38 6.6295e-14   6012.01 1 
  6006.12 6.5076e-14   6014.76 1 
  6008.87 6.6267e-14   6017.51 1 
  6011.62 6.7507e-14   6020.26 1 
  6014.36 6.5938e-14   6023.01 1 
  6017.11 6.7071e-14   6025.76 1 
  6019.85 6.7054e-14   6028.51 1 
  6022.60 6.7002e-14   6031.26 1 
  6025.35 6.7895e-14   6034.01 1 
  6028.09 6.8650e-14   6036.76 1 
  6030.84 6.8485e-14   6039.51 1 
  6033.58 6.9898e-14   6042.26 1 
  6036.33 7.0606e-14   6045.01 1 
  6039.08 6.9686e-14   6047.76 1 
  6041.82 6.7792e-14   6050.51 1 
  6044.57 6.8396e-14   6053.26 1 
  6047.31 6.6632e-14   6056.01 1 
  6050.06 6.6497e-14   6058.76 1 
  6052.81 6.6533e-14   6061.51 1 
  6055.55 6.8292e-14   6064.26 1 
  6058.30 6.9171e-14   6067.01 1 
  6061.04 6.7636e-14   6069.76 1 
  6063.79 6.8079e-14   6072.51 1 
  6066.54 6.7825e-14   6075.26 1 
  6069.28 6.7998e-14   6078.01 1 
  6072.03 6.9823e-14   6080.76 1 
  6074.77 6.7956e-14   6083.51 1 
  6077.52 6.8619e-14   6086.26 1 
  6080.27 6.6810e-14   6089.01 1 
  6083.01 6.7974e-14   6091.76 1 
  6085.76 6.7315e-14   6094.51 1 
  6088.50 6.6232e-14   6097.26 1 
  6091.25 6.7492e-14   6100.01 1 
  6094.00 6.8189e-14   6102.76 1 
  6096.74 6.6586e-14   6105.51 1 
  6099.49 6.6607e-14   6108.26 1 
  6102.23 6.5811e-14   6111.01 1 
  6104.98 6.8786e-14   6113.76 1 
  6107.73 6.7997e-14   6116.51 1 
  6110.47 6.7671e-14   6119.26 1 
  6113.22 6.8314e-14   6122.01 1 
  6115.97 6.6080e-14   6124.76 1 
  6118.71 6.7239e-14   6127.51 1 
  6121.46 6.4132e-14   6130.26 1 
  6124.20 6.5858e-14   6133.01 1 
  6126.95 6.5414e-14   6135.76 1 
  6129.70 6.8895e-14   6138.51 1 
  6132.44 6.8352e-14   6141.26 1 
  6135.19 6.3487e-14   6144.01 1 
  6137.93 6.4384e-14   6146.76 1 
  6140.68 6.6266e-14   6149.51 1 
  6143.43 6.5473e-14   6152.26 1 
  6146.17 6.8247e-14   6155.01 1 
  6148.92 6.5249e-14   6157.76 1 
  6151.66 6.5347e-14   6160.51 1 
  6154.41 6.4414e-14   6163.26 1 
  6157.16 6.4630e-14   6166.01 1 
  6159.90 6.1826e-14   6168.76 1 
  6162.65 6.2960e-14   6171.51 1 
  6165.39 6.2879e-14   6174.26 1 
  6168.14 6.3532e-14   6177.01 1 
  6170.89 6.2308e-14   6179.76 1 
  6173.63 6.4850e-14   6182.51 1 
  6176.38 6.5304e-14   6185.26 1 
  6179.12 6.5408e-14   6188.01 1 
  6181.87 6.5393e-14   6190.76 1 
  6184.62 6.6039e-14   6193.51 1 
  6187.36 6.7440e-14   6196.26 1 
  6190.11 6.5116e-14   6199.01 1 
  6192.85 6.4077e-14   6201.76 1 
  6195.60 6.4095e-14   6204.51 1 
  6198.35 6.5964e-14   6207.26 1 
  6201.09 6.4711e-14   6210.01 1 
  6203.84 6.4052e-14   6212.76 1 
  6206.58 6.7109e-14   6215.51 1 
  6209.33 6.5808e-14   6218.26 1 
  6212.08 6.3617e-14   6221.01 1 
  6214.82 6.3249e-14   6223.76 1 
  6217.57 6.2810e-14   6226.51 1 
  6220.31 6.5129e-14   6229.26 1 
  6223.06 6.4062e-14   6232.01 1 
  6225.81 6.4288e-14   6234.76 1 
  6228.55 6.3880e-14   6237.51 1 
  6231.30 6.3356e-14   6240.26 1 
  6234.05 6.4310e-14   6243.01 1 
  6236.79 6.3994e-14   6245.76 1 
  6239.54 6.3381e-14   6248.51 1 
  6242.28 6.3583e-14   6251.26 1 
  6245.03 6.3223e-14   6254.01 1 
  6247.78 6.2647e-14   6256.76 1 
  6250.52 6.1624e-14   6259.51 1 
  6253.27 6.2957e-14   6262.26 1 
  6256.01 6.3069e-14   6265.01 1 
  6258.76 6.2292e-14   6267.76 1 
  6261.51 6.1819e-14   6270.51 1 
  6264.25 6.3693e-14   6273.26 1 
  6267.00 6.3134e-14   6276.01 1 
  6269.74 6.4700e-14   6278.76 1 
  6272.49 6.1301e-14   6281.51 1 
  6275.24 6.2577e-14   6284.26 1 
  6277.98 6.2464e-14   6287.01 1 
  6280.73 6.3786e-14   6289.76 1 
  6283.47 6.3666e-14   6292.51 1 
  6286.22 7.3009e-14   6295.26 1 
  6288.97 6.9786e-14   6298.01 1 
  6291.71 6.1699e-14   6300.76 1 
  6294.46 5.9780e-14   6303.51 1 
  6297.20 6.7666e-14   6306.26 1 
  6299.95 6.8729e-14   6309.01 1 
  6302.70 6.8092e-14   6311.76 1 
  6305.44 6.6581e-14   6314.51 1 
  6308.19 6.7077e-14   6317.26 1 
  6310.93 6.6146e-14   6320.01 1 
  6313.68 6.5102e-14   6322.76 1 
  6316.43 6.4776e-14   6325.51 1 
  6319.17 6.3701e-14   6328.26 1 
  6321.92 6.2825e-14   6331.01 1 
  6324.66 6.4831e-14   6333.76 1 
  6327.41 6.4837e-14   6336.51 1 
  6330.16 6.5234e-14   6339.26 1 
  6332.90 6.4562e-14   6342.01 1 
  6335.65 6.4253e-14   6344.76 1 
  6338.40 6.5215e-14   6347.51 1 
  6341.14 6.3544e-14   6350.26 1 
  6343.89 6.4749e-14   6353.01 1 
  6346.63 6.5068e-14   6355.76 1 
  6349.38 6.4810e-14   6358.51 1 
  6352.13 6.4743e-14   6361.26 1 
  6354.87 6.3860e-14   6364.01 1 
  6357.62 6.2957e-14   6366.76 1 
  6360.36 6.3411e-14   6369.51 1 
  6363.11 6.3627e-14   6372.26 1 
  6365.86 6.4380e-14   6375.01 1 
  6368.60 6.7202e-14   6377.76 1 
  6371.35 6.5659e-14   6380.51 1 
  6374.09 6.6184e-14   6383.26 1 
  6376.84 6.4559e-14   6386.01 1 
  6379.59 6.3985e-14   6388.76 1 
  6382.33 6.4768e-14   6391.51 1 
  6385.08 6.6662e-14   6394.26 1 
  6387.82 6.3624e-14   6397.01 1 
  6390.57 6.3340e-14   6399.76 1 
  6393.32 6.3715e-14   6402.51 1 
  6396.06 6.3560e-14   6405.26 1 
  6398.81 6.3821e-14   6408.01 1 
  6401.55 6.3288e-14   6410.76 1 
  6404.30 6.4754e-14   6413.51 1 
  6407.05 6.2083e-14   6416.26 1 
  6409.79 6.3951e-14   6419.01 1 
  6412.54 6.1446e-14   6421.76 1 
  6415.28 6.0845e-14   6424.51 1 
  6418.03 6.0158e-14   6427.26 1 
  6420.78 6.2886e-14   6430.01 1 
  6423.52 6.3953e-14   6432.76 1 
  6426.27 6.2818e-14   6435.51 1 
  6429.01 6.3368e-14   6438.26 1 
  6431.76 6.4033e-14   6441.01 1 
  6434.51 6.2775e-14   6443.76 1 
  6437.25 6.3649e-14   6446.51 1 
  6440.00 6.5149e-14   6449.26 1 
  6442.75 6.3706e-14   6452.01 1 
  6445.49 6.2271e-14   6454.76 1 
  6448.24 6.2068e-14   6457.51 1 
  6450.98 6.3182e-14   6460.26 1 
  6453.73 6.4995e-14   6463.01 1 
  6456.48 6.2273e-14   6465.76 1 
  6459.22 6.2466e-14   6468.51 1 
  6461.97 6.1937e-14   6471.26 1 
  6464.71 6.2656e-14   6474.01 1 
  6467.46 6.3917e-14   6476.76 1 
  6470.21 6.3387e-14   6479.51 1 
  6472.95 6.4408e-14   6482.26 1 
  6475.70 6.6452e-14   6485.01 1 
  6478.44 6.4436e-14   6487.76 1 
  6481.19 6.3280e-14   6490.51 1 
  6483.94 6.4899e-14   6493.26 1 
  6486.68 6.4015e-14   6496.01 1 
  6489.43 6.2676e-14   6498.76 1 
  6492.17 5.9320e-14   6501.51 1 
  6494.92 5.9093e-14   6504.26 1 
  6497.67 5.9119e-14   6507.01 1 
  6500.41 6.1357e-14   6509.76 1 
  6503.16 6.3934e-14   6512.51 1 
  6505.90 6.2778e-14   6515.26 1 
  6508.65 6.3956e-14   6518.01 1 
  6511.40 6.2087e-14   6520.76 1 
  6514.14 6.1167e-14   6523.51 1 
  6516.89 6.2922e-14   6526.26 1 
  6519.63 6.6003e-14   6529.01 1 
  6522.38 6.3863e-14   6531.76 1 
  6525.13 6.3581e-14   6534.51 1 
  6527.87 6.4208e-14   6537.26 1 
  6530.62 6.2438e-14   6540.01 1 
  6533.36 6.5648e-14   6542.76 1 
  6536.11 6.5581e-14   6545.51 1 
  6538.86 6.5824e-14   6548.26 1 
  6541.60 6.6662e-14   6551.01 1 
  6544.35 7.3806e-14   6553.76 1 
  6547.10 7.9230e-14   6556.51 1 
  6549.84 7.8684e-14   6559.26 1 
  6552.59 8.5285e-14   6562.01 1 
  6555.33 1.2327e-13   6564.76 1 
  6558.08 2.1663e-13   6567.51 1 
  6560.83 2.9540e-13   6570.26 1 
  6563.57 2.6747e-13   6573.01 1 
  6566.32 1.6071e-13   6575.76 1 
  6569.06 8.8212e-14   6578.51 1 
  6571.81 6.6785e-14   6581.26 1 
  6574.56 6.7319e-14   6584.01 1 
  6577.30 7.9859e-14   6586.76 1 
  6580.05 1.0117e-13   6589.51 1 
  6582.79 1.0756e-13   6592.26 1 
  6585.54 9.0747e-14   6595.01 1 
  6588.29 7.2600e-14   6597.76 1 
  6591.03 6.3296e-14   6600.51 1 
  6593.78 6.2593e-14   6603.26 1 
  6596.52 6.0841e-14   6606.01 1 
  6599.27 6.0393e-14   6608.76 1 
  6602.02 6.1316e-14   6611.51 1 
  6604.76 6.0710e-14   6614.26 1 
  6607.51 6.1095e-14   6617.01 1 
  6610.25 6.1659e-14   6619.76 1 
  6613.00 6.4956e-14   6622.51 1 
  6615.75 6.4507e-14   6625.26 1 
  6618.49 6.3177e-14   6628.01 1 
  6621.24 6.1532e-14   6630.76 1 
  6623.98 6.2141e-14   6633.51 1 
  6626.73 6.1068e-14   6636.26 1 
  6629.48 6.0788e-14   6639.01 1 
  6632.22 6.0453e-14   6641.76 1 
  6634.97 6.1956e-14   6644.51 1 
  6637.71 6.3106e-14   6647.26 1 
  6640.46 6.0867e-14   6650.01 1 
  6643.21 6.2939e-14   6652.76 1 
  6645.95 6.1865e-14   6655.51 1 
  6648.70 6.2763e-14   6658.26 1 
  6651.44 6.3338e-14   6661.01 1 
  6654.19 6.1610e-14   6663.76 1 
  6656.94 6.1643e-14   6666.51 1 
  6659.68 6.2030e-14   6669.26 1 
  6662.43 6.2577e-14   6672.01 1 
  6665.18 6.2244e-14   6674.76 1 
  6667.92 6.1958e-14   6677.51 1 
  6670.67 6.3090e-14   6680.26 1 
  6673.41 6.4876e-14   6683.01 1 
  6676.16 6.5111e-14   6685.76 1 
  6678.91 6.3662e-14   6688.51 1 
  6681.65 6.3542e-14   6691.26 1 
  6684.40 6.1042e-14   6694.01 1 
  6687.14 6.1306e-14   6696.76 1 
  6689.89 6.0370e-14   6699.51 1 
  6692.64 6.0993e-14   6702.26 1 
  6695.38 6.1331e-14   6705.01 1 
  6698.13 6.0463e-14   6707.76 1 
  6700.87 6.0956e-14   6710.51 1 
  6703.62 6.1067e-14   6713.26 1 
  6706.37 6.5376e-14   6716.01 1 
  6709.11 7.4660e-14   6718.76 1 
  6711.86 9.2565e-14   6721.51 1 
  6714.60 1.0747e-13   6724.26 1 
  6717.35 1.0310e-13   6727.01 1 
  6720.10 8.4216e-14   6729.76 1 
  6722.84 7.4593e-14   6732.51 1 
  6725.59 8.1005e-14   6735.26 1 
  6728.33 9.2386e-14   6738.01 1 
  6731.08 9.0442e-14   6740.76 1 
  6733.83 7.9522e-14   6743.51 1 
  6736.57 6.5587e-14   6746.26 1 
  6739.32 6.0032e-14   6749.01 1 
  6742.06 5.7789e-14   6751.76 1 
  6744.81 5.9018e-14   6754.51 1 
  6747.56 5.9097e-14   6757.26 1 
  6750.30 5.8914e-14   6760.01 1 
  6753.05 5.9931e-14   6762.76 1 
  6755.79 5.8367e-14   6765.51 1 
  6758.54 6.0310e-14   6768.26 1 
  6761.29 5.8328e-14   6771.01 1 
  6764.03 5.8967e-14   6773.76 1 
  6766.78 6.0096e-14   6776.51 1 
  6769.53 5.9157e-14   6779.26 1 
  6772.27 6.0240e-14   6782.01 1 
  6775.02 6.2523e-14   6784.76 1 
  6777.76 5.9959e-14   6787.51 1 
  6780.51 5.9550e-14   6790.26 1 
  6783.26 5.6670e-14   6793.01 1 
  6786.00 5.8422e-14   6795.76 1 
  6788.75 5.8882e-14   6798.51 1 
  6791.49 5.8624e-14   6801.26 1 
  6794.24 5.8907e-14   6804.01 1 
  6796.99 6.1116e-14   6806.76 1 
  6799.73 5.7836e-14   6809.51 1 
  6802.48 5.9165e-14   6812.26 1 
  6805.22 6.0677e-14   6815.01 1 
  6807.97 6.0623e-14   6817.76 1 
  6810.72 5.7544e-14   6820.51 1 
  6813.46 5.8850e-14   6823.26 1 
  6816.21 6.1448e-14   6826.01 1 
  6818.95 5.9791e-14   6828.76 1 
  6829.30 6.0846e-14   6839.12 0 
  6845.04 5.9595e-14   6854.88 0 
  6860.82 5.9318e-14   6870.68 0 
  6876.64 5.9179e-14   6886.52 0 
  6892.49 5.7696e-14   6902.40 0 
  6908.37 5.8765e-14   6918.31 0 
  6924.30 5.8627e-14   6934.26 0 
  6940.26 5.9714e-14   6950.24 0 
  6956.26 6.0264e-14   6966.26 0 
  6972.30 5.9984e-14   6982.33 0 
  6988.37 5.9294e-14   6998.42 0 
  7004.48 5.9427e-14   7014.55 0 
  7020.63 5.8880e-14   7030.72 0 
  7036.81 5.9421e-14   7046.93 0 
  7053.03 6.0523e-14   7063.18 0 
  7069.29 5.7663e-14   7079.46 0 
  7085.59 5.9003e-14   7095.78 0 
  7101.92 5.6735e-14   7112.14 0 
  7118.29 5.5825e-14   7128.53 0 
  7134.71 5.5822e-14   7144.96 0 
  7151.15 5.6077e-14   7161.43 0 
  7167.63 5.6332e-14   7177.94 0 
  7184.16 5.4668e-14   7194.49 0 
  7200.72 5.3421e-14   7211.08 0 
  7217.32 5.6065e-14   7227.70 0 
  7233.96 5.6580e-14   7244.36 0 
  7250.63 5.5289e-14   7261.06 0 
  7267.35 5.6444e-14   7277.80 0 
  7284.10 5.5667e-14   7294.57 0 
  7300.89 5.5280e-14   7311.39 0 
  7317.72 5.6176e-14   7328.25 0 
  7334.59 5.6954e-14   7345.14 0 
  7351.50 5.6820e-14   7362.07 0 
  7368.45 5.7079e-14   7379.04 0 
  7385.43 5.8810e-14   7396.05 0 
  7402.46 5.7601e-14   7413.10 0 
  7419.52 5.6938e-14   7430.19 0 
  7436.63 5.7860e-14   7447.32 0 
  7453.77 5.6410e-14   7464.49 0 
  7470.95 5.6537e-14   7481.70 0 
  7488.17 5.7452e-14   7498.94 0 
  7505.43 5.7581e-14   7516.23 0 
  7522.74 5.8111e-14   7533.56 0 
  7540.08 5.7841e-14   7550.92 0 
  7557.46 5.8373e-14   7568.33 0 
  7574.89 5.7569e-14   7585.78 0 
  7592.35 5.7301e-14   7603.26 0 
  7609.85 5.6381e-14   7620.79 0 
  7627.39 5.4716e-14   7638.36 0 
  7644.97 5.5219e-14   7655.97 0 
  7662.60 5.5343e-14   7673.61 0 
  7680.26 5.3832e-14   7691.30 0 
  7697.97 5.3953e-14   7709.04 0 
  7715.71 5.3578e-14   7726.81 0 
  7733.50 5.3084e-14   7744.62 0 
  7751.33 5.3081e-14   7762.47 0 
  7769.19 5.3323e-14   7780.37 0 
  7787.10 5.1986e-14   7798.30 0 
  7805.05 5.1983e-14   7816.28 0 
  7823.05 5.4055e-14   7834.30 0 
  7841.08 5.1738e-14   7852.36 0 
  7859.15 5.3062e-14   7870.46 0 
  7877.28 5.3427e-14   7888.60 0 
  7895.43 5.3794e-14   7906.79 0 
  7913.63 5.2931e-14   7925.01 0 
  7931.88 5.1842e-14   7943.28 0 
  7950.16 5.0426e-14   7961.59 0 
  7968.49 5.1836e-14   7979.95 0 
  7986.86 5.1833e-14   7998.34 0 
  8005.27 5.1119e-14   8016.78 0 
  8023.72 5.3156e-14   8035.26 0 
  8042.22 5.3521e-14   8053.78 0 
  8060.76 5.3395e-14   8072.35 0 
  8079.34 5.1579e-14   8090.96 0 
  8097.96 5.1339e-14   8109.61 0 
  8116.63 5.2653e-14   8128.31 0 
  8135.34 5.2893e-14   8147.04 0 
  8154.10 5.2044e-14   8165.82 0 
  8172.90 4.9470e-14   8184.65 0 
  8191.74 4.9014e-14   8203.52 0 
  8210.62 5.1085e-14   8222.43 0 
  8229.54 5.0381e-14   8241.38 0 
  8248.52 5.2752e-14   8260.38 0 
  8267.53 5.1905e-14   8279.42 0 
  8286.59 5.0955e-14   8298.51 0 
  8305.70 5.0834e-14   8317.64 0 
  8324.84 5.1066e-14   8336.81 0 
  8344.03 4.9785e-14   8356.03 0 
  8363.27 5.0825e-14   8375.29 0 
  8382.55 5.0356e-14   8394.60 0 
  8401.87 5.0936e-14   8413.95 0 
  8421.24 4.9090e-14   8433.35 0 
  8440.65 5.1282e-14   8452.79 0 
  8460.11 4.9424e-14   8472.27 0 
  8479.61 4.7853e-14   8491.80 0 
  8499.16 4.9990e-14   8511.38 0 
  8518.75 4.9415e-14   8531.00 0 
  8538.39 4.8846e-14   8550.67 0 
  8558.07 4.6004e-14   8570.38 0 
  8577.80 4.9178e-14   8590.14 0 
  8597.57 4.8612e-14   8609.94 0 
  8617.40 4.8163e-14   8629.79 0 
  8637.26 4.8718e-14   8649.68 0 
  8657.17 4.6415e-14   8669.62 0 
  8677.12 4.4631e-14   8689.60 0 
  8697.13 4.3813e-14   8709.64 0 
  8717.18 4.7597e-14   8729.71 0 
  8737.27 4.7266e-14   8749.84 0 
  8757.42 4.5975e-14   8770.01 0 
  8777.60 4.7478e-14   8790.23 0 
  8797.84 4.7914e-14   8810.49 0 
  8818.12 4.4201e-14   8830.80 0 
  8838.45 4.7468e-14   8851.16 0 
  8858.82 4.6922e-14   8871.56 0 
  8879.24 4.4807e-14   8892.01 0 
  8899.71 4.5848e-14   8912.51 0 
  8920.23 4.5950e-14   8933.05 0 
  8940.79 4.5631e-14   8953.65 0 
  8961.40 4.5210e-14   8974.29 0 
  8982.06 4.3471e-14   8994.98 0 
  9002.76 4.3070e-14   9015.71 0 
  9023.52 4.0845e-14   9036.50 0 
  9044.32 4.7656e-14   9057.33 0 
  9065.17 4.8427e-14   9078.20 0 
  9086.07 4.6564e-14   9099.13 0 
  9107.01 4.6028e-14   9120.11 0 
  9128.01 4.1304e-14   9141.13 0 
  9149.05 4.4768e-14   9162.20 0 
  9170.14 4.5387e-14   9183.33 0 
  9191.28 4.5280e-14   9204.50 0 
  9212.47 4.5486e-14   9225.71 0 
  9233.71 4.2058e-14   9246.98 0 
  9254.99 4.2837e-14   9268.30 0 
  9276.32 4.6858e-14   9289.66 0 
  9297.71 4.3028e-14   9311.08 0 
  9319.14 4.5053e-14   9332.54 0 
  9340.62 4.5050e-14   9354.06 0 
  9362.15 4.4327e-14   9375.62 0 
  9383.74 4.4631e-14   9397.23 0 
  9405.37 4.3914e-14   9418.90 0 
  9427.05 4.4522e-14   9440.61 0 
  9448.79 4.4110e-14   9462.37 0 
  9470.57 4.4515e-14   9484.18 0 
  9492.40 4.4410e-14   9506.05 0 
  9514.28 4.3697e-14   9527.96 0 
  9536.21 4.3493e-14   9549.93 0 
  9558.19 4.1917e-14   9571.94 0 
  9580.23 4.3187e-14   9594.01 0 
  9602.32 4.3284e-14   9616.12 0 
  9624.45 4.3281e-14   9638.29 0 
  9646.63 4.2881e-14   9660.51 0 
  9668.88 4.2779e-14   9682.78 0 
  9691.16 4.2973e-14   9705.10 0 
  9713.50 4.2576e-14   9727.47 0 
  9735.90 4.2280e-14   9749.90 0 
  9758.34 4.2083e-14   9772.37 0 
  9780.83 4.2080e-14   9794.90 0 
  9803.38 4.2076e-14   9817.48 0 
  9825.98 4.1784e-14   9840.11 0 
  9848.63 4.1781e-14   9862.79 0 
  9871.33 4.1490e-14   9885.53 0 
  9894.09 4.1391e-14   9908.32 0 
  9916.90 4.1103e-14   9931.16 0 
  9939.76 4.1100e-14   9954.05 0 
  9962.68 4.1003e-14   9977.00 0 
  9985.64 4.0811e-14  10000.00 0 
 10031.73 4.0153e-14  10046.15 0 
 10078.04 3.9505e-14  10092.53 0 
 10124.56 3.9956e-14  10139.12 0 
 10171.28 3.9402e-14  10185.91 0 
 10218.24 3.9305e-14  10232.94 0 
 10265.40 3.9119e-14  10280.17 0 
 10289.07 3.8846e-14  10303.86 0 
 10504.51 3.7329e-14  10519.62 0 
 10699.81 3.5628e-14  10715.20 0 
 10898.73 3.3946e-14  10914.41 0 
 11101.35 3.2794e-14  11117.32 0 
 11307.74 3.1680e-14  11324.00 0 
 11491.48 3.1030e-14  11508.00 0 
 11705.12 2.9908e-14  11721.95 0 
 11895.32 2.8826e-14  11912.43 0 
 12088.60 2.7976e-14  12105.99 0 
 12313.34 2.7277e-14  12331.05 0 
 12513.42 2.6472e-14  12531.41 0 
 12687.50 2.5691e-14  12705.74 0 
 12893.65 2.4934e-14  12912.19 0 
 13103.16 2.4366e-14  13122.00 0 
 13285.44 2.3593e-14  13304.55 0 
 13501.31 2.3109e-14  13520.73 0 
 13689.14 2.2583e-14  13708.82 0 
 13911.56 2.1867e-14  13931.57 0 
 14105.10 2.1125e-14  14125.38 0 
 14301.32 2.0691e-14  14321.88 0 
 14500.27 2.0596e-14  14521.12 0 
 14701.99 1.9943e-14  14723.13 0 
 14906.50 1.9943e-14  14927.94 0 
 15113.87 1.9806e-14  15135.61 0 
 15288.89 1.9851e-14  15310.87 0 
 15501.58 1.9669e-14  15523.87 0 
 15717.23 1.9266e-14  15739.83 0 
 15899.23 1.8655e-14  15922.09 0 
 16083.32 1.8655e-14  16106.45 0 
 16307.06 1.8484e-14  16330.51 0 
 16495.89 1.8021e-14  16519.62 0 
 16686.91 1.7733e-14  16710.91 0 
 16919.05 1.7250e-14  16943.38 0 
 17114.97 1.6819e-14  17139.58 0 
 17313.14 1.6099e-14  17338.03 0 
 17513.62 1.5660e-14  17538.80 0 
 17716.42 1.5059e-14  17741.90 0 
 17880.34 1.4548e-14  17906.05 0 
 18087.39 1.3925e-14  18113.40 0 
 18296.83 1.3577e-14  18323.14 0 
 18508.71 1.3146e-14  18535.32 0 
 18679.95 1.2583e-14  18706.81 0 
 18896.26 1.2240e-14  18923.43 0 
 19115.08 1.1962e-14  19142.56 0 
 19291.93 1.1529e-14  19319.67 0 
 19515.33 1.1061e-14  19543.39 0 
 19695.91 1.0735e-14  19724.23 0 
 19878.14 1.0418e-14  19906.72 0 
 20108.32 1.0204e-14  20137.24 0 
 20294.39 9.8580e-15  20323.57 0 
 20482.16 9.6781e-15  20511.61 0 
 20719.34 9.3927e-15  20749.13 0 
 20911.06 9.1367e-15  20941.13 0 
 21104.53 8.9493e-15  21134.88 0 
 21299.82 8.7054e-15  21330.45 0 
 21496.91 8.5072e-15  21527.83 0 
 21695.81 8.1995e-15  21727.01 0 
 21896.57 8.0499e-15  21928.05 0 
 22099.16 7.8125e-15  22130.94 0 
 22303.65 7.5821e-15  22335.72 0 
 22510.03 7.3925e-15  22542.40 0 
 22718.30 7.1910e-15  22750.97 0 
 22875.79 6.4981e-15  22908.68 0 
 23087.44 6.4386e-15  23120.64 0 
 23301.08 5.6858e-15  23334.58 0 
 23516.69 5.3801e-15  23550.50 0 
 23679.68 5.4424e-15  23713.74 0 
 23898.80 5.0094e-15  23933.17 0 
 24119.92 4.8617e-15  24154.60 0 
 24287.12 4.8171e-15  24322.05 0 
 24511.83 4.5164e-15  24547.08 0 
 24681.76 4.4544e-15  24717.25 0 
 24910.12 3.8618e-15  24945.94 0 
 25082.80 3.8088e-15  25118.87 0 
 25314.87 3.8176e-15  25351.28 0 
 25490.36 3.7739e-15  25527.02 0 
 25726.20 3.8000e-15  25763.20 0 
 25904.54 3.7221e-15  25941.79 0 
 26084.09 3.6965e-15  26121.60 0 
 26325.46 3.5957e-15  26363.31 0 
 26507.92 3.5546e-15  26546.04 0 
 26691.68 3.4817e-15  26730.07 0 
 26876.69 3.4260e-15  26915.34 0 
 27125.39 3.3712e-15  27164.39 0 
 27313.40 3.2945e-15  27352.67 0 
 27502.74 3.2418e-15  27542.29 0 
 27693.37 3.1680e-15  27733.19 0 
 27885.35 3.1174e-15  27925.45 0 
 28078.62 3.0534e-15  28119.00 0 
 28273.27 2.9977e-15  28313.93 0 
 28469.24 2.9362e-15  28510.18 0 
 28732.67 2.8694e-15  28773.99 0 
 28931.83 2.8235e-15  28973.43 0 
 29132.39 2.7656e-15  29174.28 0 
 29266.85 2.7026e-15  29308.93 0 
 29469.70 2.6472e-15  29512.08 0 
 29673.99 2.6049e-15  29716.66 0 
 29879.67 2.5456e-15  29922.63 0 
 30086.80 2.4991e-15  30130.07 0 
 30295.34 2.4422e-15  30338.90 0 
 30505.35 2.4087e-15  30549.22 0 
 30716.79 2.3702e-15  30760.96 0 
 30929.73 2.3216e-15  30974.21 0 
 31072.48 2.2845e-15  31117.17 0 
 31287.85 2.2480e-15  31332.84 0 
 31504.75 2.2019e-15  31550.05 0 
 31723.11 2.1667e-15  31768.73 0 
 31869.56 2.1320e-15  31915.39 0 
 32090.46 2.0931e-15  32136.60 0 
 32312.92 2.0691e-15  32359.38 0 
 32536.88 2.0549e-15  32583.67 0 
 32687.05 2.0787e-15  32734.06 0 
 32913.65 2.2069e-15  32960.98 0 
 33065.56 2.1716e-15  33113.11 0 
 33294.75 1.9624e-15  33342.62 0 
 33525.55 1.8655e-15  33573.76 0 
 33680.29 1.8063e-15  33728.72 0 
 33913.77 1.7571e-15  33962.54 0 
 34070.30 1.7171e-15  34119.29 0 
 34306.44 1.6819e-15  34355.78 0 
 34464.82 1.6474e-15  34514.38 0 
 34703.70 1.6136e-15  34753.61 0 
 34863.92 1.5805e-15  34914.05 0 
 35105.56 1.5481e-15  35156.04 0 
 35267.59 1.5163e-15  35318.30 0 
 35512.07 1.4852e-15  35563.14 0 
 35675.98 1.4548e-15  35727.28 0 
 35923.30 1.4282e-15  35974.95 0 
 36089.10 1.4021e-15  36140.99 0 
 36339.24 1.3734e-15  36391.49 0 
 36507.00 1.3452e-15  36559.50 0 
 36675.50 1.3176e-15  36728.23 0 
 36929.70 1.2876e-15  36982.80 0 
 37100.19 1.2641e-15  37153.54 0 
 37271.42 1.2410e-15  37325.02 0 
 37529.75 1.2100e-15  37583.72 0 
 37703.01 1.1934e-15  37757.23 0 
 37877.03 1.1716e-15  37931.50 0 
 38139.56 1.1502e-15  38194.41 0 
 38315.64 1.1292e-15  38370.73 0 
 38492.48 1.1086e-15  38547.83 0 
 38670.14 1.0859e-15  38725.75 0 
 38938.21 1.0661e-15  38994.21 0 
 39117.93 1.0466e-15  39174.18 0 
 39298.48 1.0299e-15  39354.99 0 
 39479.90 1.0088e-15  39536.67 0 
 39662.12 9.9035e-16  39719.15 0 
 39937.07 9.7004e-16  39994.50 0 
 40121.40 9.5233e-16  40179.09 0 
 40306.57 9.3711e-16  40364.54 0 
 40492.61 9.1789e-16  40550.84 0 
 40679.54 9.0529e-16  40738.04 0 
 40867.30 8.9082e-16  40926.07 0 
 41055.92 8.7657e-16  41114.96 0 
 41340.53 8.6256e-16  41399.98 0 
 41531.34 8.4682e-16  41591.06 0 
 41723.02 8.3328e-16  41783.02 0 
 41915.64 8.1995e-16  41975.91 0 
 42109.10 8.0499e-16  42169.65 0 
 42303.45 7.9577e-16  42364.28 0 
 42498.75 7.8125e-16  42559.86 0 
 42694.90 7.7053e-16  42756.29 0 
 42891.95 7.3925e-16  42953.63 0 
 43089.97 7.1251e-16  43151.93 0 
 43288.85 7.1087e-16  43351.10 0 
 43488.64 6.8358e-16  43551.18 0 
 43689.37 6.6956e-16  43752.19 0 
 43891.06 6.5734e-16  43954.18 0 
 44093.64 6.3649e-16  44157.04 0 
 44297.15 6.2775e-16  44360.85 0 
 44501.65 6.1772e-16  44565.64 0 
 44707.04 6.0088e-16  44771.33 0 
 44913.39 5.9812e-16  44977.97 0 
 45120.73 5.8720e-16  45185.62 0 
 45328.98 5.7384e-16  45394.17 0 
 45538.20 5.6989e-16  45603.68 0 
 45748.38 5.6336e-16  45814.16 0 
 45853.88 5.4801e-16  45919.82 0 
 46065.52 5.4675e-16  46131.76 0 
 46278.13 5.3801e-16  46344.68 0 
 46491.78 5.3063e-16  46558.63 0 
 46706.36 5.2697e-16  46773.52 0 
 46921.93 5.1974e-16  46989.40 0 
 47138.50 5.1261e-16  47206.28 0 
 47247.21 5.1143e-16  47315.15 0 
 47465.27 5.0210e-16  47533.53 0 
 47684.35 4.9635e-16  47752.92 0 
 47904.48 4.9067e-16  47973.37 0 
 48125.58 4.8171e-16  48194.79 0 
 48347.71 4.8171e-16  48417.23 0 
 48459.15 4.7401e-16  48528.84 0 
 48682.87 4.6751e-16  48752.87 0 
 48907.56 4.6216e-16  48977.89 0 
 49133.29 4.5582e-16  49203.95 0 
 49246.55 4.5164e-16  49317.36 0 
 49473.90 4.4544e-16  49545.04 0 
 49702.24 4.4339e-16  49773.71 0 
 49931.64 4.3736e-16  50003.44 0 
 50046.74 4.3519e-16  50118.70 0 
 50277.78 4.3384e-16  50350.08 0 
 50509.83 4.3050e-16  50582.46 0 
 50742.96 4.3113e-16  50815.93 0 
 50859.93 4.2994e-16  50933.06 0 
 50977.22 4.2975e-16  51050.52 0 
 51094.72 4.2857e-16  51168.20 0 
 51212.50 4.2739e-16  51286.14 0 
 51330.55 4.2718e-16  51404.36 0 
 51448.87 4.2600e-16  51522.85 0 
 51567.46 4.2579e-16  51641.62 0 
 51686.39 4.2656e-16  51760.71 0 
 51805.53 4.2537e-16  51880.02 0 
 51924.94 4.2418e-16  51999.61 0 
 52044.63 4.2396e-16  52119.47 0 
 52164.60 4.2276e-16  52239.61 0 
 52284.84 4.2254e-16  52360.03 0 
 52405.36 4.2134e-16  52480.72 0 
 52526.22 4.2208e-16  52601.75 0 
 52647.29 4.2282e-16  52723.00 0 
 52768.65 4.2356e-16  52844.53 0 
 52890.28 4.2138e-16  52966.34 0 
 53012.20 4.1920e-16  53088.43 0 
 53134.40 4.1896e-16  53210.80 0 
 53256.94 4.1968e-16  53333.52 0 
 53379.70 4.2040e-16  53456.46 0 
 53502.74 4.1918e-16  53579.68 0 
 53626.07 4.1989e-16  53703.18 0 
 53749.68 4.1963e-16  53826.97 0 
 53873.58 4.1937e-16  53951.05 0 
 53997.76 4.1911e-16  54075.41 0 
 54122.29 4.1981e-16  54200.11 0 
 54247.04 4.1858e-16  54325.05 0 
 54372.09 4.1830e-16  54450.27 0 
 54497.42 4.1900e-16  54575.79 0 
 54623.04 4.1872e-16  54701.59 0 
 54748.95 4.1844e-16  54827.68 0 
 54875.15 4.1912e-16  54954.06 0 
 55001.70 4.1884e-16  55080.79 0 
 55128.48 4.1952e-16  55207.76 0 
 55255.56 4.2116e-16  55335.02 0 
 55382.93 4.2281e-16  55462.57 0 
 55510.59 4.2057e-16  55590.41 0 
 55638.54 4.2124e-16  55718.55 0 
 55766.85 4.2386e-16  55847.05 0 
 55895.40 4.2355e-16  55975.78 0 
 56024.25 4.2422e-16  56104.81 0 
 56153.38 4.2586e-16  56234.13 0 
 56282.82 4.2555e-16  56363.76 0 
 56412.56 4.2621e-16  56493.68 0 
 56542.59 4.2884e-16  56623.90 0 
 56672.99 4.3050e-16  56754.48 0 
 56803.62 4.3116e-16  56885.31 0 
 56934.56 4.3182e-16  57016.43 0 
 57065.80 4.3448e-16  57147.86 0 
 57197.34 4.3714e-16  57279.59 0 
 57329.18 4.3983e-16  57411.62 0 
 57461.39 4.4151e-16  57544.02 0 
 57593.85 4.4421e-16  57676.67 0 
 57726.61 4.4693e-16  57809.62 0 
 57859.67 4.5070e-16  57942.87 0 
 57993.04 4.5450e-16  58076.43 0 
 58126.72 4.5833e-16  58210.30 0 
 58260.71 4.6219e-16  58344.48 0 
 58395.06 4.6715e-16  58479.04 0 
 58529.67 4.7216e-16  58613.83 0 
 58664.58 4.7723e-16  58748.94 0 
 58799.81 4.8346e-16  58884.36 0 
 58935.34 4.8976e-16  59020.09 0 
 59043.19 4.4853e-16  59128.10 3 
 59345.16 4.6110e-16  59430.50 3 
 59647.23 4.9937e-16  59733.00 3 
 59949.19 5.6854e-16  60035.40 3 
 60251.16 6.0827e-16  60337.80 3 
 60553.13 5.5818e-16  60640.20 3 
 60855.09 5.6902e-16  60942.60 3 
 61157.15 7.3760e-16  61245.10 3 
 61459.12 9.7499e-16  61547.50 3 
 61761.09 1.3755e-15  61849.90 3 
 62063.05 1.6634e-15  62152.30 3 
 62365.02 1.6115e-15  62454.70 3 
 62667.09 1.3617e-15  62757.20 3 
 62969.05 1.0755e-15  63059.60 3 
 63271.02 9.2143e-16  63362.00 3 
 63572.98 7.5658e-16  63664.40 3 
 63874.94 7.1696e-16  63966.80 3 
 64177.01 5.9431e-16  64269.30 3 
 64478.98 6.2519e-16  64571.70 3 
 64780.95 5.4236e-16  64874.10 3 
 65082.91 4.5460e-16  65176.50 3 
 65384.88 4.9210e-16  65478.90 3 
 65686.94 4.9841e-16  65781.40 3 
 65988.90 5.5040e-16  66083.80 3 
 66290.87 5.1123e-16  66386.20 3 
 66592.84 5.6160e-16  66688.60 3 
 66894.81 5.1401e-16  66991.00 3 
 67196.87 5.2208e-16  67293.50 3 
 67498.84 4.7573e-16  67595.90 3 
 67800.81 4.8607e-16  67898.30 3 
 68102.76 4.8608e-16  68200.70 3 
 68404.74 4.8643e-16  68503.10 3 
 68706.80 4.5978e-16  68805.60 3 
 69008.77 5.0803e-16  69108.00 3 
 69310.73 4.5824e-16  69410.40 3 
 69612.70 4.4211e-16  69712.80 3 
 69914.67 5.7112e-16  70015.20 3 
 70216.73 4.6123e-16  70317.70 3 
 70518.70 3.4505e-16  70620.10 3 
 70820.66 5.6316e-16  70922.50 3 
 71122.62 5.3123e-16  71224.90 3 
 71424.59 5.9814e-16  71527.30 3 
 71726.65 6.0280e-16  71829.80 3 
 72028.63 5.8368e-16  72132.20 3 
 72330.59 5.4164e-16  72434.60 3 
 72632.55 6.1366e-16  72737.00 3 
 72934.52 7.1734e-16  73039.40 3 
 73236.58 7.5934e-16  73341.90 3 
 73538.55 8.2370e-16  73644.30 3 
 73840.52 9.2447e-16  73946.70 3 
 74142.48 9.7105e-16  74249.10 3 
 74444.45 1.1200e-15  74551.50 3 
 74746.51 1.3238e-15  74854.00 3 
 75048.48 1.3567e-15  75156.40 3 
 75350.44 1.3215e-15  75458.80 3 
 75652.41 1.4484e-15  75761.20 3 
 76860.37 1.1463e-15  76970.90 3 
 77464.30 1.0635e-15  77575.70 3 
 78068.24 9.6238e-16  78180.50 3 
 78672.27 1.0043e-15  78785.40 3 
 79276.20 8.6442e-16  79390.20 3 
 79880.23 7.0635e-16  79995.10 3 
 80484.16 6.0882e-16  80599.90 3 
 81088.10 5.3902e-16  81204.70 3 
 81692.12 4.3232e-16  81809.59 3 
 82296.06 4.8422e-16  82414.40 3 
 82899.99 5.2024e-16  83019.20 3 
 83504.01 4.7901e-16  83624.09 3 
 84107.95 4.7585e-16  84228.90 3 
 84711.88 4.9306e-16  84833.70 3 
 85315.92 5.3137e-16  85438.60 3 
 85919.85 5.2600e-16  86043.40 3 
 86523.88 5.2551e-16  86648.30 3 
 87127.81 4.9514e-16  87253.10 3 
 87731.75 3.9692e-16  87857.91 3 
 88335.78 3.5194e-16  88462.80 3 
 88939.71 3.2485e-16  89067.60 3 
 89543.64 3.4449e-16  89672.41 3 
 90147.66 4.8656e-16  90277.30 3 
 90751.60 2.4838e-16  90882.10 3 
 91355.53 2.1033e-16  91486.90 3 
 91959.56 2.2998e-16  92091.80 3 
 92563.50 2.1514e-16  92696.60 3 
 93167.53 2.1460e-16  93301.50 3 
 93771.45 2.0378e-16  93906.30 3 
 94375.39 2.1591e-16  94511.10 3 
 94979.41 2.0519e-16  95115.99 3 
 95583.35 1.9820e-16  95720.80 3 
 96187.28 2.1550e-16  96325.60 3 
 96791.31 2.0582e-16  96930.50 3 
 97395.24 2.1119e-16  97535.30 3 
 97999.17 1.9718e-16  98140.09 3 
 98603.21 2.0442e-16  98745.00 3 
 99207.14 1.9789e-16  99349.80 3 
 99811.17 1.9214e-16  99954.70 3 
100415.10 1.9829e-16 100559.50 3 
101019.04 1.9706e-16 101164.30 3 
101623.07 1.9379e-16 101769.20 3 
102227.00 1.9174e-16 102374.00 3 
102830.93 1.9174e-16 102978.80 3 
103434.96 1.8947e-16 103583.70 3 
104038.89 1.8499e-16 104188.50 3 
104642.82 3.3759e-16 104793.30 3 
105246.85 5.2114e-16 105398.20 3 
105850.79 3.3691e-16 106003.00 3 
106454.82 2.1134e-16 106607.91 3 
107058.74 2.2925e-16 107212.70 3 
107662.68 2.4149e-16 107817.50 3 
108266.72 2.2636e-16 108422.41 3 
108870.65 2.3552e-16 109027.20 3 
109474.58 2.6623e-16 109632.00 3 
110078.61 2.9477e-16 110236.90 3 
110682.54 3.0947e-16 110841.70 3 
111286.48 3.5790e-16 111446.51 3 
111890.50 5.9322e-16 112051.40 3 
112494.44 6.9082e-16 112656.20 3 
113098.47 5.4392e-16 113261.10 3 
113702.39 4.2172e-16 113865.90 3 
114306.33 3.4790e-16 114470.70 3 
114910.36 3.2250e-16 115075.60 3 
115514.29 2.7340e-16 115680.40 3 
116118.23 2.6141e-16 116285.20 3 
116722.25 2.5719e-16 116890.09 3 
117326.18 2.5901e-16 117494.90 3 
117930.11 2.4290e-16 118099.70 3 
118534.14 2.4892e-16 118704.59 3 
119138.08 2.5619e-16 119309.40 3 
119742.12 2.4851e-16 119914.30 3 
120346.04 2.4619e-16 120519.10 3 
120949.97 2.4167e-16 121123.90 3 
121554.01 2.4229e-16 121728.80 3 
122157.94 2.2760e-16 122333.60 3 
122761.87 2.3822e-16 122938.41 3 
123365.90 2.4542e-16 123543.30 3 
123969.83 2.4376e-16 124148.10 3 
124573.77 2.4848e-16 124752.91 3 
125177.79 2.5329e-16 125357.80 3 
125781.73 2.5857e-16 125962.60 3 
126385.76 2.6400e-16 126567.50 3 
126989.69 2.8530e-16 127172.30 3 
127593.62 3.8952e-16 127777.10 3 
128197.65 5.0997e-16 128382.00 3 
128801.58 3.4256e-16 128986.80 3 
129405.52 2.0426e-16 129591.60 3 
130009.55 1.9790e-16 130196.51 3 
130613.47 1.8803e-16 130801.30 3 
131217.40 1.8583e-16 131406.09 3 
131821.44 1.7869e-16 132011.00 3 
132425.37 1.8727e-16 132615.80 3 
133029.30 1.7866e-16 133220.59 3 
133633.34 1.7539e-16 133825.50 3 
134237.26 1.6916e-16 134430.30 3 
134841.30 1.7273e-16 135035.20 3 
135445.23 1.6982e-16 135640.00 3 
136049.16 1.7120e-16 136244.80 3 
136653.20 1.7282e-16 136849.70 3 
137257.12 1.5936e-16 137454.50 3 
137861.05 1.5764e-16 138059.30 3 
138465.09 1.6221e-16 138664.20 3 
139069.02 1.6712e-16 139269.00 3 
139672.95 1.5964e-16 139873.80 3 
140276.98 1.5938e-16 140478.70 3 
140880.91 1.5793e-16 141083.50 3 
141484.95 1.5796e-16 141688.41 3 
142088.88 1.5564e-16 142293.20 3 
142692.81 1.5005e-16 142898.00 3 
143296.85 1.4708e-16 143502.91 3 
143900.77 1.4442e-16 144107.70 3 
144504.70 1.3861e-16 144712.50 3 
145564.77 1.3673e-16 145774.09 3 
146410.37 1.3871e-16 146620.91 3 
147255.95 1.3656e-16 147467.70 3 
148101.53 1.3198e-16 148314.50 3 
148947.02 1.3227e-16 149161.20 3 
149792.60 1.3439e-16 150008.00 3 
150638.18 1.3166e-16 150854.80 3 
151483.67 1.2932e-16 151701.50 3 
152329.25 1.2769e-16 152548.30 3 
153174.83 1.3147e-16 153395.09 3 
154020.32 1.2477e-16 154241.80 3 
154865.90 2.6098e-16 155088.59 3 
155711.49 3.1699e-16 155935.41 3 
156556.98 1.7511e-16 156782.11 3 
157402.56 1.2716e-16 157628.91 3 
158248.14 1.2923e-16 158475.70 3 
159093.61 1.2864e-16 159322.39 3 
159939.21 1.3266e-16 160169.20 3 
160784.79 1.3081e-16 161016.00 3 
161630.37 1.2713e-16 161862.80 3 
162475.86 1.3756e-16 162709.50 3 
163321.46 1.4749e-16 163556.31 3 
164167.02 1.6630e-16 164403.09 3 
165012.52 1.5643e-16 165249.81 3 
165858.09 1.5295e-16 166096.59 3 
166703.67 1.4896e-16 166943.39 3 
167549.17 1.5245e-16 167790.11 3 
168394.74 1.4989e-16 168636.89 3 
169240.34 1.5353e-16 169483.70 3 
170085.81 1.6347e-16 170330.39 3 
170931.40 1.5904e-16 171177.20 3 
171776.98 1.5275e-16 172024.00 3 
172622.46 1.5249e-16 172870.69 3 
173468.05 1.5445e-16 173717.50 3 
174313.63 1.6121e-16 174564.30 3 
175159.21 1.4840e-16 175411.09 3 
176004.70 1.4774e-16 176257.80 3 
176850.30 1.4708e-16 177104.61 3 
177695.86 1.4595e-16 177951.39 3 
178541.37 1.4404e-16 178798.11 3 
179386.95 1.3557e-16 179644.91 3 
180232.53 1.2758e-16 180491.70 3 
181078.02 1.2863e-16 181338.41 3 
181923.58 1.2698e-16 182185.19 3 
182769.18 1.2000e-16 183032.00 3 
183614.67 1.2767e-16 183878.70 3 
184460.25 1.2360e-16 184725.50 3 
185305.83 1.1844e-16 185572.30 3 
186151.30 1.7392e-16 186418.98 3 
186996.90 3.1289e-16 187265.80 3 
187842.49 2.1860e-16 188112.61 3 
188688.07 1.2497e-16 188959.41 3 
189533.54 1.2892e-16 189806.09 3 
190379.14 1.3548e-16 190652.91 3 
191224.71 1.3416e-16 191499.69 3 
192070.21 1.3729e-16 192346.41 3 
192915.79 1.3827e-16 193193.20 3 
193761.37 1.3641e-16 194040.00 3 
194606.86 1.3668e-16 194886.70 3 
195452.45 1.3829e-16 195733.52 3 
196298.02 1.3893e-16 196580.30 3 
197143.51 1.3918e-16 197427.00 3 
197989.09 1.4251e-16 198273.80 3 
198834.67 1.4482e-16 199120.59 3 
199680.17 1.4371e-16 199967.31 3 
200525.74 1.4201e-16 200814.09 3 
201371.33 1.4179e-16 201660.91 3 
202216.92 1.3822e-16 202507.70 3 
203062.39 1.3470e-16 203354.39 3 
203907.98 1.3895e-16 204201.20 3 
205599.05 1.3611e-16 205894.70 3 
207290.21 1.3954e-16 207588.30 3 
208981.30 1.3817e-16 209281.81 3 
210672.35 1.3509e-16 210975.30 3 
212363.51 1.3706e-16 212668.89 3 
214054.58 1.3757e-16 214362.39 3 
215745.76 1.3855e-16 216056.00 3 
217436.83 1.3648e-16 217749.50 3 
219127.89 1.3933e-16 219443.00 3 
220819.07 1.4110e-16 221136.61 3 
222510.14 1.3967e-16 222830.11 3 
224201.19 1.3994e-16 224523.59 3 
225892.35 1.4370e-16 226217.19 3 
227583.44 1.4505e-16 227910.70 3 
229274.60 1.4840e-16 229604.30 3 
230965.67 1.4514e-16 231297.80 3 
232656.74 1.4509e-16 232991.30 3 
234347.91 1.4838e-16 234684.91 3 
236038.98 1.4732e-16 236378.41 3 
237730.05 1.4903e-16 238071.91 3 
239421.20 1.4691e-16 239765.48 3 
241112.28 1.4548e-16 241459.00 3 
242803.44 1.4851e-16 243152.59 3 
244494.51 1.4862e-16 244846.09 3 
246185.58 1.4693e-16 246539.59 3 
247876.76 1.4911e-16 248233.20 3 
249567.82 1.4740e-16 249926.70 3 
251258.89 1.4794e-16 251620.20 3 
252950.07 1.4679e-16 253313.81 3 
254641.14 1.4741e-16 255007.31 3 
256332.28 1.4896e-16 256700.89 3 
258023.35 1.4738e-16 258394.39 3 
259714.42 1.5068e-16 260087.89 3 
261405.60 1.5017e-16 261781.50 3 
263096.67 1.5036e-16 263475.00 3 
264787.74 1.4839e-16 265168.50 3 
266478.90 1.4889e-16 266862.09 3 
268169.97 1.4944e-16 268555.59 3 
269861.13 1.5002e-16 270249.19 3 
271552.20 1.4875e-16 271942.69 3 
273243.29 1.4949e-16 273636.22 3 
274934.46 1.5110e-16 275329.81 3 
276625.49 1.5170e-16 277023.28 3 
278316.56 1.5225e-16 278716.78 3 
280007.76 1.5188e-16 280410.41 3 
281698.82 1.5369e-16 282103.91 3 
283389.99 1.5341e-16 283797.50 3 
285081.05 1.5199e-16 285491.00 3 
286772.12 1.5358e-16 287184.50 3 
288463.28 1.5515e-16 288878.09 3 
290154.35 1.5731e-16 290571.59 3 
291845.42 1.5461e-16 292265.09 3 
293536.58 1.5811e-16 293958.69 3 
295227.65 1.5797e-16 295652.19 3 
296918.81 1.5793e-16 297345.78 3 
298609.91 1.6002e-16 299039.31 3 
300300.98 1.5992e-16 300732.81 3 
301992.14 1.5944e-16 302426.41 3 
303683.21 1.6077e-16 304119.91 3 
305374.28 1.5966e-16 305813.41 3 
307065.44 1.6234e-16 307507.00 3 
308756.51 1.6124e-16 309200.50 3 
310447.67 1.6116e-16 310894.09 3 
312138.74 1.6317e-16 312587.59 3 
313829.81 1.6497e-16 314281.09 3 
315520.97 1.6407e-16 315974.69 3 
317212.07 1.6543e-16 317668.22 3 
318903.14 1.6661e-16 319361.72 3 
320594.30 1.6840e-16 321055.31 3 
322285.33 1.6690e-16 322748.78 3 
323976.53 1.6954e-16 324442.41 3 
325667.60 1.7221e-16 326135.91 3 
327358.66 1.7460e-16 327829.41 3 
329049.83 1.7905e-16 329523.00 3 
330740.89 1.7948e-16 331216.50 3 
332431.96 2.2487e-16 332910.00 3 
334123.16 3.6287e-16 334603.62 3 
335814.22 2.6353e-16 336297.12 3 
337505.35 1.8826e-16 337990.69 3 
339196.42 1.8138e-16 339684.19 3 
340887.52 1.7962e-16 341377.72 3 
342578.65 1.8052e-16 343071.28 3 
344269.72 1.7528e-16 344764.78 3 
345960.79 2.1192e-16 346458.28 3 
347651.98 2.6177e-16 348151.91 3 
349343.02 2.3437e-16 349845.38 3 
