# Please reference the following sources for the spectra:
#    Optical spectrum -- Kirkpatrick et al. (2008, ApJ, 689, 1295)
#    Near-infrared spectrum -- Burgasser et al. (2004, AJ, 127, 2856)
# 
# 2MASS photometry:
#    J = 15.914+/-0.074 mag
#    H = 15.329+/-0.092 mag
#    Ks= 15.062+/-0.141 mag
#
# Column legend:
#    Column 1 -- Wavelength in um
#    Column 2 -- Flux in units of erg/cm^2/s/um
#
     0.626500  2.47713e-18
     0.626686  5.54349e-18
     0.626873  6.89818e-18
     0.627059  4.10384e-18
     0.627246  4.07974e-19
     0.627432  4.55701e-19
     0.627619  5.28097e-18
     0.627805  6.10410e-18
     0.627991  3.40763e-18
     0.628178  3.18853e-18
     0.628364  4.28792e-18
     0.628551  3.41537e-18
     0.628737  2.04569e-18
     0.628924  1.98908e-18
     0.629110  3.44048e-18
     0.629297  4.06745e-18
     0.629483  6.93777e-18
     0.629669  9.66647e-18
     0.629856  1.09660e-17
     0.630042  1.51404e-17
     0.630229  8.57741e-18
     0.630415 -5.51037e-19
     0.630602  9.56953e-19
     0.630788  3.61893e-18
     0.630975  6.89895e-18
     0.631161  6.03429e-18
     0.631347  1.68325e-18
     0.631534  7.11328e-20
     0.631720  3.75000e-18
     0.631907  6.74136e-18
     0.632093  4.71260e-18
     0.632280  3.65114e-18
     0.632466  3.95134e-18
     0.632652  4.53818e-18
     0.632839  9.83238e-18
     0.633025  1.15934e-17
     0.633212  7.56576e-18
     0.633398  8.00858e-18
     0.633585  7.63436e-18
     0.633771  5.25638e-18
     0.633958  4.58497e-18
     0.634144  5.49584e-18
     0.634330  1.15452e-17
     0.634517  1.29137e-17
     0.634703  3.86588e-18
     0.634890  2.78921e-18
     0.635076  5.87043e-18
     0.635263  3.56739e-18
     0.635449  6.19702e-18
     0.635635  9.83031e-18
     0.635822  4.35190e-18
     0.636008  3.55260e-18
     0.636195  7.90431e-18
     0.636381  4.61136e-18
     0.636568  7.26484e-18
     0.636754  8.87319e-18
     0.636941  7.55858e-18
     0.637127  8.41891e-18
     0.637313  4.14216e-18
     0.637500  1.92051e-18
     0.637686  2.99550e-18
     0.637873  6.63148e-18
     0.638059  1.12647e-17
     0.638246  9.86916e-18
     0.638432  5.10572e-18
     0.638619  4.59955e-18
     0.638805  2.39733e-18
     0.638991  1.50592e-18
     0.639178  3.08081e-18
     0.639364  6.78524e-18
     0.639551  8.40033e-18
     0.639737  7.78413e-18
     0.639924  7.57494e-18
     0.640110  8.79031e-18
     0.640296  6.17327e-18
     0.640483  2.82647e-18
     0.640669  3.73806e-18
     0.640856  5.74414e-18
     0.641042  6.45418e-18
     0.641229  3.77678e-18
     0.641415  2.01454e-18
     0.641602  5.51933e-18
     0.641788  7.16809e-18
     0.641974  6.87372e-18
     0.642161  7.76031e-18
     0.642347  5.67482e-18
     0.642534  1.49282e-18
     0.642720  2.61909e-18
     0.642907  4.00959e-18
     0.643093  4.85840e-18
     0.643279  5.50547e-18
     0.643466  6.14193e-18
     0.643652  7.89284e-18
     0.643839  6.16099e-18
     0.644025  2.23009e-18
     0.644212  4.53434e-18
     0.644398  8.51466e-18
     0.644585  7.42435e-18
     0.644771  6.36444e-18
     0.644957  6.67597e-18
     0.645144  4.81949e-18
     0.645330  5.39489e-18
     0.645517  8.69041e-18
     0.645703  9.26206e-18
     0.645890  7.36021e-18
     0.646076  6.58723e-18
     0.646262  1.06164e-17
     0.646449  9.04916e-18
     0.646635  4.86822e-18
     0.646822  4.63405e-18
     0.647008  5.60576e-18
     0.647195  3.07990e-18
     0.647381  3.56466e-18
     0.647568  4.91241e-18
     0.647754  6.03267e-18
     0.647940  6.89632e-18
     0.648127  4.16718e-18
     0.648313  2.31306e-18
     0.648500  1.33381e-18
     0.648686  5.95950e-18
     0.648873  9.68889e-18
     0.649059  6.74564e-18
     0.649246  7.28283e-18
     0.649432  9.34635e-18
     0.649618  7.64020e-18
     0.649805  6.29305e-18
     0.649991  4.52292e-18
     0.650178  7.00502e-18
     0.650364  8.64512e-18
     0.650551  5.05182e-18
     0.650737  4.12344e-18
     0.650923  5.31574e-18
     0.651110  4.87692e-18
     0.651296  5.80870e-18
     0.651483  5.20817e-18
     0.651669  4.69460e-18
     0.651856  4.40955e-18
     0.652042  5.46921e-18
     0.652229  7.99955e-18
     0.652415  7.93635e-18
     0.652601  7.07086e-18
     0.652788  6.15778e-18
     0.652974  3.51636e-18
     0.653161  3.56340e-19
     0.653347  8.53309e-19
     0.653534  2.34994e-18
     0.653720  5.28427e-18
     0.653906  6.39066e-18
     0.654093  7.93961e-18
     0.654279  9.83401e-18
     0.654466  5.70541e-18
     0.654652  2.10065e-18
     0.654839  2.16360e-18
     0.655025  3.94494e-18
     0.655212  8.08894e-18
     0.655398  1.43593e-17
     0.655584  1.41015e-17
     0.655771  8.10315e-18
     0.655957  5.39052e-18
     0.656144  3.58933e-18
     0.656330  1.86473e-18
     0.656517  2.72833e-18
     0.656703  3.64772e-18
     0.656889  2.96731e-18
     0.657076  4.02420e-18
     0.657262  6.02189e-18
     0.657449  8.63713e-18
     0.657635  6.88832e-18
     0.657822  6.84481e-18
     0.658008  5.29583e-18
     0.658195  3.43106e-18
     0.658381  7.01695e-18
     0.658567  8.07599e-18
     0.658754  4.64004e-18
     0.658940  3.40760e-18
     0.659127  3.92969e-18
     0.659313  4.48880e-18
     0.659500  7.49775e-18
     0.659686  7.25475e-18
     0.659872  6.74177e-18
     0.660059  6.78640e-18
     0.660245  5.58259e-18
     0.660432  6.63442e-18
     0.660618  6.28399e-18
     0.660805  4.34014e-18
     0.660991  5.25951e-18
     0.661178  4.90294e-18
     0.661364  3.25063e-18
     0.661550  2.19702e-18
     0.661737  4.15097e-18
     0.661923  5.58685e-18
     0.662110  8.55026e-18
     0.662296  1.00030e-17
     0.662483  6.15277e-18
     0.662669  3.77899e-18
     0.662856  4.40472e-18
     0.663042  4.63528e-18
     0.663228  4.82692e-18
     0.663415  5.95494e-18
     0.663601  5.95568e-18
     0.663788  6.50737e-18
     0.663974  5.57930e-18
     0.664161  3.64745e-18
     0.664347  4.17324e-18
     0.664533  7.23133e-18
     0.664720  1.06467e-17
     0.664906  9.05634e-18
     0.665093  6.96643e-18
     0.665279  8.70936e-18
     0.665466  6.28561e-18
     0.665652  2.26230e-18
     0.665839  2.13876e-18
     0.666025  6.24324e-18
     0.666211  6.82609e-18
     0.666398  4.10125e-18
     0.666584  4.96231e-18
     0.666771  5.57852e-18
     0.666957  5.51551e-18
     0.667144  7.65064e-18
     0.667330  4.78002e-18
     0.667516  2.60889e-18
     0.667703  4.72520e-18
     0.667889  3.41425e-18
     0.668076 -9.01350e-19
     0.668262  2.01523e-18
     0.668449  7.42768e-18
     0.668635  6.88956e-18
     0.668822  6.75241e-18
     0.669008  9.64146e-18
     0.669194  7.49302e-18
     0.669381  5.49238e-18
     0.669567  6.43832e-18
     0.669754  5.37065e-18
     0.669940  6.26234e-18
     0.670127  4.73851e-18
     0.670313  3.99710e-18
     0.670499  3.59310e-18
     0.670686  4.24548e-18
     0.670872  5.95164e-18
     0.671059  6.09081e-18
     0.671245  6.42825e-18
     0.671432  1.00303e-17
     0.671618  1.17960e-17
     0.671805  7.24606e-18
     0.671991  5.86713e-18
     0.672177  8.09967e-18
     0.672364  8.76574e-18
     0.672550  7.90268e-18
     0.672737  7.17454e-18
     0.672923  7.51500e-18
     0.673110  5.49749e-18
     0.673296  4.61824e-18
     0.673482  7.98282e-18
     0.673669  8.61049e-18
     0.673855  6.62672e-18
     0.674042  7.39956e-18
     0.674228  9.86716e-18
     0.674415  9.36640e-18
     0.674601  7.37232e-18
     0.674788  4.62393e-18
     0.674974  4.46731e-18
     0.675160  7.72012e-18
     0.675347  8.35112e-18
     0.675533  8.80992e-18
     0.675720  8.78313e-18
     0.675906  5.70097e-18
     0.676093  5.07815e-18
     0.676279  8.57364e-18
     0.676465  9.16238e-18
     0.676652  8.10122e-18
     0.676838  8.95814e-18
     0.677025  8.49187e-18
     0.677211  7.54704e-18
     0.677398  6.98794e-18
     0.677584  7.15400e-18
     0.677771  7.77977e-18
     0.677957  7.39545e-18
     0.678143  1.02494e-17
     0.678330  8.71949e-18
     0.678516  5.73710e-18
     0.678703  5.34382e-18
     0.678889  4.47992e-18
     0.679076  5.91415e-18
     0.679262  9.74957e-18
     0.679449  1.44686e-17
     0.679635  1.32860e-17
     0.679821  8.82813e-18
     0.680008  7.91992e-18
     0.680194  9.48021e-18
     0.680381  1.06535e-17
     0.680567  1.14189e-17
     0.680754  9.41842e-18
     0.680940  7.25549e-18
     0.681126  9.58448e-18
     0.681313  9.35486e-18
     0.681499  7.42879e-18
     0.681686  9.12168e-18
     0.681872  7.14846e-18
     0.682059  7.67624e-18
     0.682245  1.04916e-17
     0.682432  8.40440e-18
     0.682618  8.39663e-18
     0.682804  1.07782e-17
     0.682991  9.81551e-18
     0.683177  1.08021e-17
     0.683364  6.38163e-18
     0.683550  3.38910e-18
     0.683737  7.45987e-18
     0.683923  1.01316e-17
     0.684109  9.83275e-18
     0.684296  9.17223e-18
     0.684482  1.02802e-17
     0.684669  1.11833e-17
     0.684855  9.25155e-18
     0.685042  8.40174e-18
     0.685228  8.82398e-18
     0.685415  1.05811e-17
     0.685601  1.21788e-17
     0.685787  1.22151e-17
     0.685974  9.00913e-18
     0.686160  4.93070e-18
     0.686347  7.77015e-18
     0.686533  1.11207e-17
     0.686720  8.86268e-18
     0.686906  8.04158e-18
     0.687092  9.13944e-18
     0.687279  7.77570e-18
     0.687465  6.65275e-18
     0.687652  6.78504e-18
     0.687838  6.25802e-18
     0.688025  8.20882e-18
     0.688211  9.20508e-18
     0.688398  9.77888e-18
     0.688584  1.12720e-17
     0.688770  8.15421e-18
     0.688957  7.50271e-18
     0.689143  9.25866e-18
     0.689330  8.97598e-18
     0.689516  7.54822e-18
     0.689703  7.81914e-18
     0.689889  7.72923e-18
     0.690076  9.72242e-18
     0.690262  8.25292e-18
     0.690448  8.08095e-18
     0.690635  9.04909e-18
     0.690821  6.58086e-18
     0.691008  6.87118e-18
     0.691194  8.26713e-18
     0.691381  9.12982e-18
     0.691567  9.64879e-18
     0.691753  1.08074e-17
     0.691940  1.08619e-17
     0.692126  8.05771e-18
     0.692313  7.96469e-18
     0.692499  1.14864e-17
     0.692686  1.39699e-17
     0.692872  1.09442e-17
     0.693058  6.95737e-18
     0.693245  4.76713e-18
     0.693431  4.76109e-18
     0.693618  6.49074e-18
     0.693804  8.54907e-18
     0.693991  8.33366e-18
     0.694177  9.30343e-18
     0.694364  8.29570e-18
     0.694550  6.10239e-18
     0.694736  8.11810e-18
     0.694923  7.32704e-18
     0.695109  8.95008e-18
     0.695296  1.09726e-17
     0.695482  1.05892e-17
     0.695669  8.71875e-18
     0.695855  7.68601e-18
     0.696042  1.04414e-17
     0.696228  1.14065e-17
     0.696414  9.69962e-18
     0.696601  8.79298e-18
     0.696787  6.55980e-18
     0.696974  6.21171e-18
     0.697160  8.42349e-18
     0.697347  8.74895e-18
     0.697533  1.01384e-17
     0.697719  9.35145e-18
     0.697906  7.34340e-18
     0.698092  9.59921e-18
     0.698279  1.23544e-17
     0.698465  1.09775e-17
     0.698652  1.07077e-17
     0.698838  8.85876e-18
     0.699025  8.56883e-18
     0.699211  1.20315e-17
     0.699397  1.14995e-17
     0.699584  6.31165e-18
     0.699770  4.43106e-18
     0.699957  8.17656e-18
     0.700143  7.71561e-18
     0.700330  4.98157e-18
     0.700516  5.67089e-18
     0.700702  6.57124e-18
     0.700889  7.27210e-18
     0.701075  7.61327e-18
     0.701262  9.05642e-18
     0.701448  9.45964e-18
     0.701635  9.54378e-18
     0.701821  1.04811e-17
     0.702008  8.81347e-18
     0.702194  7.66248e-18
     0.702380  1.00142e-17
     0.702567  8.12912e-18
     0.702753  4.53829e-18
     0.702940  9.80581e-18
     0.703126  1.42631e-17
     0.703313  1.11195e-17
     0.703499  8.86128e-18
     0.703686  1.01836e-17
     0.703872  9.01683e-18
     0.704058  7.22410e-18
     0.704245  1.01966e-17
     0.704431  1.19227e-17
     0.704618  1.12934e-17
     0.704804  1.08641e-17
     0.704991  1.07408e-17
     0.705177  1.15037e-17
     0.705363  1.10936e-17
     0.705550  1.09890e-17
     0.705736  1.01455e-17
     0.705923  9.42612e-18
     0.706109  8.79623e-18
     0.706296  9.28892e-18
     0.706482  8.68782e-18
     0.706668  8.96088e-18
     0.706855  9.45350e-18
     0.707041  9.48599e-18
     0.707228  7.02973e-18
     0.707414  7.34599e-18
     0.707601  1.09760e-17
     0.707787  1.17234e-17
     0.707974  1.16762e-17
     0.708160  9.53298e-18
     0.708346  1.01527e-17
     0.708533  1.09301e-17
     0.708719  8.78269e-18
     0.708906  7.69992e-18
     0.709092  1.02804e-17
     0.709279  1.16027e-17
     0.709465  9.27501e-18
     0.709652  8.79416e-18
     0.709838  9.43604e-18
     0.710024  1.10091e-17
     0.710211  1.13698e-17
     0.710397  8.73644e-18
     0.710584  9.60187e-18
     0.710770  1.00880e-17
     0.710957  6.11467e-18
     0.711143  8.25759e-18
     0.711330  1.07876e-17
     0.711516  9.66899e-18
     0.711702  1.04767e-17
     0.711889  9.63088e-18
     0.712075  1.00456e-17
     0.712262  1.34078e-17
     0.712448  1.17100e-17
     0.712635  9.06493e-18
     0.712821  9.45313e-18
     0.713007  1.11078e-17
     0.713194  1.02726e-17
     0.713380  1.07754e-17
     0.713567  1.24620e-17
     0.713753  1.01447e-17
     0.713940  1.14041e-17
     0.714126  1.37804e-17
     0.714312  1.12617e-17
     0.714499  9.31986e-18
     0.714685  8.42120e-18
     0.714872  9.53098e-18
     0.715058  9.17881e-18
     0.715245  5.26084e-18
     0.715431  5.91981e-18
     0.715618  7.81862e-18
     0.715804  7.05564e-18
     0.715990  1.02833e-17
     0.716177  1.41416e-17
     0.716363  1.26204e-17
     0.716550  9.02164e-18
     0.716736  8.40351e-18
     0.716923  9.42738e-18
     0.717109  9.32874e-18
     0.717296  9.09741e-18
     0.717482  1.18594e-17
     0.717668  1.31374e-17
     0.717855  1.02216e-17
     0.718041  8.20690e-18
     0.718228  9.14522e-18
     0.718414  1.06482e-17
     0.718601  1.00185e-17
     0.718787  1.11084e-17
     0.718973  1.17263e-17
     0.719160  1.02770e-17
     0.719346  9.67365e-18
     0.719533  8.70159e-18
     0.719719  8.39256e-18
     0.719906  1.15805e-17
     0.720092  1.37160e-17
     0.720279  1.22467e-17
     0.720465  8.89717e-18
     0.720651  7.77585e-18
     0.720838  8.64468e-18
     0.721024  9.59225e-18
     0.721211  9.20545e-18
     0.721397  1.17282e-17
     0.721584  1.33155e-17
     0.721770  1.16461e-17
     0.721956  1.05615e-17
     0.722143  9.90934e-18
     0.722329  1.00220e-17
     0.722516  1.23877e-17
     0.722702  1.23958e-17
     0.722889  1.02883e-17
     0.723075  1.04007e-17
     0.723262  1.25164e-17
     0.723448  1.27839e-17
     0.723634  1.46990e-17
     0.723821  1.49374e-17
     0.724007  1.55319e-17
     0.724194  1.75048e-17
     0.724380  1.32798e-17
     0.724567  1.20405e-17
     0.724753  1.02645e-17
     0.724940  9.24623e-18
     0.725126  8.99958e-18
     0.725312  8.22362e-18
     0.725499  7.66359e-18
     0.725685  9.56805e-18
     0.725872  1.08573e-17
     0.726058  1.06690e-17
     0.726245  1.17363e-17
     0.726431  1.31077e-17
     0.726617  1.42056e-17
     0.726804  1.02452e-17
     0.726990  6.53207e-18
     0.727177  7.31290e-18
     0.727363  9.68586e-18
     0.727550  1.23413e-17
     0.727736  1.22333e-17
     0.727922  9.71605e-18
     0.728109  6.58439e-18
     0.728295  8.43030e-18
     0.728482  9.92229e-18
     0.728668  1.08809e-17
     0.728855  1.28537e-17
     0.729041  8.54530e-18
     0.729228  8.45139e-18
     0.729414  1.19704e-17
     0.729600  9.00262e-18
     0.729787  7.09795e-18
     0.729973  7.87412e-18
     0.730160  8.15968e-18
     0.730346  1.02990e-17
     0.730533  1.12992e-17
     0.730719  7.01478e-18
     0.730906  8.04965e-18
     0.731092  1.06917e-17
     0.731278  1.38678e-17
     0.731465  1.50268e-17
     0.731651  6.15048e-18
     0.731838  2.52018e-18
     0.732024  6.10473e-18
     0.732211  8.54315e-18
     0.732397  7.90061e-18
     0.732583  7.80204e-18
     0.732770  9.07987e-18
     0.732956  1.23306e-17
     0.733143  1.23946e-17
     0.733329  1.11769e-17
     0.733516  1.04020e-17
     0.733702  1.23744e-17
     0.733889  1.76290e-17
     0.734075  2.29167e-17
     0.734261  1.67462e-17
     0.734448  8.94438e-18
     0.734634  1.04734e-17
     0.734821  9.52957e-18
     0.735007  8.84337e-18
     0.735194  1.10603e-17
     0.735380  1.06110e-17
     0.735566  1.22981e-17
     0.735753  1.25304e-17
     0.735939  7.87071e-18
     0.736126  7.39497e-18
     0.736312  1.12925e-17
     0.736499  1.25217e-17
     0.736685  8.96547e-18
     0.736872  9.63576e-18
     0.737058  6.71764e-18
     0.737244  5.06016e-18
     0.737431  8.07466e-18
     0.737617  9.12945e-18
     0.737804  1.02573e-17
     0.737990  1.13205e-17
     0.738177  1.20373e-17
     0.738363  1.21405e-17
     0.738550  1.16080e-17
     0.738736  1.03484e-17
     0.738922  1.16497e-17
     0.739109  1.27614e-17
     0.739295  1.21925e-17
     0.739482  1.10223e-17
     0.739668  8.91204e-18
     0.739855  7.70880e-18
     0.740041  8.53102e-18
     0.740227  9.00173e-18
     0.740414  9.65767e-18
     0.740600  7.37791e-18
     0.740787  5.68210e-18
     0.740973  8.55092e-18
     0.741160  9.23550e-18
     0.741346  8.35046e-18
     0.741533  6.38377e-18
     0.741719  7.36752e-18
     0.741905  7.63724e-18
     0.742092  8.91256e-18
     0.742278  8.68797e-18
     0.742465  9.76704e-18
     0.742651  1.29960e-17
     0.742838  1.30332e-17
     0.743024  1.00825e-17
     0.743210  6.82879e-18
     0.743397  4.87645e-18
     0.743583  5.92220e-18
     0.743770  8.72793e-18
     0.743956  9.60483e-18
     0.744143  7.13770e-18
     0.744329  5.66936e-18
     0.744516  6.48005e-18
     0.744702  5.99887e-18
     0.744888  6.19088e-18
     0.745075  8.10648e-18
     0.745261  8.29229e-18
     0.745448  1.17188e-17
     0.745634  9.96995e-18
     0.745821  4.56587e-18
     0.746007  4.43350e-18
     0.746193  4.50744e-18
     0.746380  4.81472e-18
     0.746566  3.18202e-18
     0.746753  6.29603e-18
     0.746939  8.79912e-18
     0.747126  8.62374e-18
     0.747312  7.70236e-18
     0.747499  3.73664e-18
     0.747685  5.68655e-18
     0.747871  6.86526e-18
     0.748058  4.73846e-18
     0.748244  5.70619e-18
     0.748431  6.56580e-18
     0.748617  7.84082e-18
     0.748804  9.83837e-18
     0.748990  8.00673e-18
     0.749176  2.80828e-18
     0.749363  1.26477e-18
     0.749549  3.52998e-18
     0.749736  7.63103e-18
     0.749922  6.53155e-18
     0.750109  3.92579e-18
     0.750295  7.11100e-18
     0.750482  5.61199e-18
     0.750668  3.50928e-18
     0.750854  7.77318e-18
     0.751041  8.54907e-18
     0.751227  5.23042e-18
     0.751414  4.72951e-18
     0.751600  3.66296e-18
     0.751787  4.52879e-18
     0.751973  4.21950e-18
     0.752160  7.75572e-18
     0.752346  6.83084e-18
     0.752532  2.26754e-18
     0.752719  5.14926e-19
     0.752905  4.46290e-18
     0.753092  7.28119e-18
     0.753278  4.46791e-18
     0.753465  2.72501e-18
     0.753651  5.22935e-18
     0.753837  6.87438e-18
     0.754024  5.12014e-18
     0.754210  3.59243e-18
     0.754397  6.63173e-18
     0.754583  1.10578e-17
     0.754770  1.01668e-17
     0.754956  5.76491e-18
     0.755143  4.55163e-18
     0.755329  7.76016e-18
     0.755515  7.78517e-18
     0.755702  5.37559e-18
     0.755888  8.45983e-18
     0.756075  1.14220e-17
     0.756261  9.39082e-18
     0.756448  7.40392e-18
     0.756634  5.93504e-18
     0.756820  3.96518e-18
     0.757007  2.19044e-18
     0.757193  1.81834e-19
     0.757380  2.90431e-18
     0.757566  6.32144e-18
     0.757753  6.74616e-18
     0.757939  4.64005e-18
     0.758126  7.46756e-18
     0.758312  5.61969e-18
     0.758498  4.16228e-18
     0.758685  7.17437e-18
     0.758871  8.10907e-18
     0.759058  8.71246e-18
     0.759244  5.76397e-18
     0.759431  6.95943e-18
     0.759617  8.44007e-18
     0.759803  9.04680e-18
     0.759990  6.00148e-18
     0.760176  1.08336e-18
     0.760363  8.17929e-18
     0.760549  1.23453e-17
     0.760736  9.28737e-18
     0.760922  5.28233e-18
     0.761109  5.81676e-18
     0.761295  4.79601e-18
     0.761481  1.41013e-18
     0.761668  1.50769e-18
     0.761854  5.21488e-18
     0.762041  5.54114e-18
     0.762227  7.82654e-18
     0.762414  1.04381e-17
     0.762600  6.86744e-18
     0.762786  3.67486e-18
     0.762973 -1.09928e-18
     0.763159 -1.51260e-18
     0.763346  6.33798e-19
     0.763532  1.64105e-18
     0.763719  3.76290e-18
     0.763905  4.05779e-18
     0.764092  1.42682e-18
     0.764278  1.37303e-18
     0.764464  5.08334e-18
     0.764651  5.28433e-18
     0.764837  4.00729e-18
     0.765024  3.74434e-18
     0.765210  4.37669e-18
     0.765397  8.62093e-18
     0.765583  1.21569e-17
     0.765769  8.19232e-18
     0.765956  7.74699e-18
     0.766142  6.71769e-18
     0.766329  3.55384e-18
     0.766515  5.52723e-18
     0.766702  7.55037e-18
     0.766888  6.47588e-18
     0.767075  4.74956e-18
     0.767261  3.86478e-18
     0.767447  5.58942e-18
     0.767634  5.90507e-18
     0.767820  4.78410e-18
     0.768007  5.35020e-18
     0.768193  4.52918e-18
     0.768380  4.80151e-18
     0.768566  6.26051e-18
     0.768753  6.03294e-18
     0.768939  6.10684e-18
     0.769125  3.49153e-18
     0.769312  8.65585e-19
     0.769498  1.48651e-18
     0.769685  1.01962e-18
     0.769871  1.87332e-18
     0.770058  7.96566e-21
     0.770244 -1.77661e-18
     0.770430  5.46124e-20
     0.770617  5.80579e-18
     0.770803  1.03909e-17
     0.770990  1.31155e-17
     0.771176  1.93363e-17
     0.771363  2.02753e-17
     0.771549  1.20393e-17
     0.771736  1.16796e-17
     0.771922  1.37821e-17
     0.772108  9.47807e-18
     0.772295  8.66999e-18
     0.772481  1.02902e-17
     0.772668  8.10256e-18
     0.772854  8.01731e-18
     0.773041  8.85166e-18
     0.773227  5.08091e-18
     0.773413  5.26488e-18
     0.773600  4.44939e-18
     0.773786  6.28825e-18
     0.773973  5.92709e-18
     0.774159  2.18244e-18
     0.774346  5.41096e-19
     0.774532  1.28088e-19
     0.774719  3.13671e-18
     0.774905  3.55078e-19
     0.775091 -7.32166e-18
     0.775278 -8.18899e-18
     0.775464 -4.94135e-18
     0.775651 -5.74498e-18
     0.775837 -1.44792e-18
     0.776024  4.67363e-18
     0.776210  5.48994e-18
     0.776397  2.12515e-18
     0.776583  4.56460e-18
     0.776769  8.84640e-18
     0.776956  8.90472e-18
     0.777142  5.23377e-18
     0.777329  3.58736e-18
     0.777515  4.85425e-18
     0.777702  7.74417e-18
     0.777888  6.88231e-18
     0.778074  1.03232e-17
     0.778261  1.04327e-17
     0.778447  8.17034e-18
     0.778634  1.00871e-17
     0.778820  8.64801e-18
     0.779007  9.16135e-18
     0.779193  1.14270e-17
     0.779379  6.45366e-18
     0.779566 -1.31296e-19
     0.779752 -1.27753e-18
     0.779939  3.01070e-18
     0.780125  4.29603e-18
     0.780312  2.69658e-18
     0.780498  2.29145e-18
     0.780685  3.69840e-18
     0.780871  4.99095e-18
     0.781057  8.71520e-18
     0.781244  1.29930e-17
     0.781430  1.14619e-17
     0.781617  1.13881e-17
     0.781803  1.37929e-17
     0.781990  1.52003e-17
     0.782176  7.16824e-18
     0.782363  7.92621e-19
     0.782549 -2.01099e-18
     0.782735  1.16847e-18
     0.782922  5.99493e-18
     0.783108  3.19425e-18
     0.783295  2.98025e-18
     0.783481  5.68834e-18
     0.783668  6.15833e-18
     0.783854  8.25492e-18
     0.784040  1.06129e-17
     0.784227  5.81528e-18
     0.784413  6.43030e-18
     0.784600  1.28053e-17
     0.784786  1.34212e-17
     0.784973  2.09410e-17
     0.785159  2.88491e-17
     0.785346  3.29996e-17
     0.785532  2.88711e-17
     0.785718  1.95659e-17
     0.785905  8.36230e-18
     0.786091  7.21186e-18
     0.786278  8.38953e-18
     0.786464  6.33502e-18
     0.786651  3.60055e-18
     0.786837  6.19770e-18
     0.787023  1.09087e-17
     0.787210  9.40562e-18
     0.787396  6.49752e-18
     0.787583  7.80064e-18
     0.787769  8.34091e-18
     0.787956  1.06829e-17
     0.788142  1.45985e-17
     0.788329  1.43721e-17
     0.788515  1.51727e-17
     0.788701  1.51503e-17
     0.788888  1.72039e-17
     0.789074  1.98740e-17
     0.789261  1.68302e-17
     0.789447  1.38513e-17
     0.789634  1.33233e-17
     0.789820  1.42669e-17
     0.790007  1.10866e-17
     0.790193  9.14203e-18
     0.790379  1.03505e-17
     0.790566  1.11202e-17
     0.790752  7.61778e-18
     0.790939  5.43631e-18
     0.791125  6.59865e-18
     0.791312  4.47994e-18
     0.791498  3.47836e-18
     0.791684  3.02627e-18
     0.791871  2.97442e-18
     0.792057  6.92687e-18
     0.792244  6.69423e-18
     0.792430  8.44414e-18
     0.792617  1.11477e-17
     0.792803  1.11124e-17
     0.792989  9.98238e-18
     0.793176  8.38072e-18
     0.793362  1.05895e-17
     0.793549  1.45093e-17
     0.793735  1.60687e-17
     0.793922  1.37844e-17
     0.794108  1.11104e-17
     0.794295  1.14737e-17
     0.794481  1.05084e-17
     0.794667  7.17477e-18
     0.794854  9.11902e-18
     0.795040  9.16098e-18
     0.795227  8.80119e-18
     0.795413  1.44198e-17
     0.795600  1.65241e-17
     0.795786  1.67539e-17
     0.795973  2.15760e-17
     0.796159  2.36996e-17
     0.796345  1.68559e-17
     0.796532  1.73825e-17
     0.796718  2.26607e-17
     0.796905  1.68810e-17
     0.797091  1.13370e-17
     0.797278  1.43231e-17
     0.797464  1.70337e-17
     0.797651  1.78895e-17
     0.797837  2.10015e-17
     0.798023  2.23277e-17
     0.798210  2.30946e-17
     0.798396  2.45935e-17
     0.798583  2.11476e-17
     0.798769  1.98472e-17
     0.798956  2.36685e-17
     0.799142  2.52657e-17
     0.799328  2.30974e-17
     0.799515  2.00940e-17
     0.799701  1.78284e-17
     0.799888  1.55168e-17
     0.800074  1.71297e-17
     0.800261  1.80596e-17
     0.800447  1.93631e-17
     0.800633  2.16995e-17
     0.800820  2.34764e-17
     0.801006  2.78659e-17
     0.801193  3.16783e-17
     0.801379  2.73520e-17
     0.801566  2.09009e-17
     0.801752  2.03739e-17
     0.801939  2.10395e-17
     0.802125  1.71642e-17
     0.802311  1.38715e-17
     0.802498  1.51696e-17
     0.802684  1.96783e-17
     0.802871  2.43234e-17
     0.803057  2.62863e-17
     0.803244  2.64577e-17
     0.803430  2.51111e-17
     0.803617  2.46612e-17
     0.803803  2.39024e-17
     0.803989  2.27116e-17
     0.804176  2.25614e-17
     0.804362  2.34800e-17
     0.804549  2.52139e-17
     0.804735  2.45362e-17
     0.804922  2.54498e-17
     0.805108  2.85904e-17
     0.805294  2.70776e-17
     0.805481  2.97590e-17
     0.805667  3.41791e-17
     0.805854  3.39174e-17
     0.806040  3.29273e-17
     0.806227  3.04295e-17
     0.806413  2.85937e-17
     0.806599  2.71451e-17
     0.806786  2.64754e-17
     0.806972  2.77965e-17
     0.807159  3.08123e-17
     0.807345  3.37512e-17
     0.807532  3.16368e-17
     0.807718  3.03620e-17
     0.807905  3.08943e-17
     0.808091  2.85922e-17
     0.808277  2.85692e-17
     0.808464  2.91986e-17
     0.808650  2.80302e-17
     0.808837  2.59448e-17
     0.809023  2.49240e-17
     0.809210  2.54153e-17
     0.809396  2.60339e-17
     0.809583  2.88215e-17
     0.809769  3.18173e-17
     0.809955  3.31240e-17
     0.810142  3.18301e-17
     0.810328  3.22862e-17
     0.810515  3.39272e-17
     0.810701  3.27393e-17
     0.810888  3.53902e-17
     0.811074  3.42519e-17
     0.811261  3.07911e-17
     0.811447  2.98768e-17
     0.811633  3.15042e-17
     0.811820  3.41234e-17
     0.812006  3.31565e-17
     0.812193  3.18284e-17
     0.812379  3.05427e-17
     0.812566  3.15204e-17
     0.812752  3.33446e-17
     0.812938  3.48911e-17
     0.813125  3.48304e-17
     0.813311  3.47574e-17
     0.813498  3.55805e-17
     0.813684  3.41079e-17
     0.813871  3.65269e-17
     0.814057  3.91265e-17
     0.814243  3.74142e-17
     0.814430  3.34630e-17
     0.814616  3.42022e-17
     0.814803  3.47474e-17
     0.814989  3.44808e-17
     0.815176  3.68317e-17
     0.815362  3.62847e-17
     0.815549  3.43550e-17
     0.815735  3.36140e-17
     0.815921  3.50043e-17
     0.816108  3.90417e-17
     0.816294  4.09455e-17
     0.816481  3.95458e-17
     0.816667  3.74735e-17
     0.816854  3.85072e-17
     0.817040  3.88951e-17
     0.817227  3.96220e-17
     0.817413  3.88581e-17
     0.817599  4.13317e-17
     0.817786  4.25829e-17
     0.817972  4.21453e-17
     0.818159  4.06354e-17
     0.818345  4.11977e-17
     0.818532  4.23951e-17
     0.818718  4.28374e-17
     0.818904  4.07946e-17
     0.819091  4.37258e-17
     0.819277  4.72183e-17
     0.819464  4.50741e-17
     0.819650  4.27935e-17
     0.819837  4.18469e-17
     0.820023  4.32688e-17
     0.820210  4.34431e-17
     0.820396  4.42297e-17
     0.820582  4.87246e-17
     0.820769  5.02418e-17
     0.820955  4.88937e-17
     0.821142  4.91563e-17
     0.821328  4.93098e-17
     0.821515  5.03654e-17
     0.821701  5.25749e-17
     0.821887  5.46244e-17
     0.822074  5.52410e-17
     0.822260  5.29239e-17
     0.822447  5.16595e-17
     0.822633  5.14050e-17
     0.822820  4.98550e-17
     0.823006  5.05743e-17
     0.823193  5.05115e-17
     0.823379  4.91298e-17
     0.823565  5.28531e-17
     0.823752  5.51661e-17
     0.823938  5.24437e-17
     0.824125  4.93237e-17
     0.824311  4.95463e-17
     0.824498  5.06621e-17
     0.824684  5.22379e-17
     0.824871  5.58158e-17
     0.825057  5.63824e-17
     0.825243  5.45936e-17
     0.825430  5.45913e-17
     0.825616  5.47328e-17
     0.825803  5.65067e-17
     0.825989  6.09628e-17
     0.826176  6.29502e-17
     0.826362  6.11580e-17
     0.826548  5.86145e-17
     0.826735  6.02736e-17
     0.826921  5.95648e-17
     0.827108  5.81682e-17
     0.827294  5.99039e-17
     0.827481  5.85993e-17
     0.827667  5.69544e-17
     0.827854  5.48432e-17
     0.828040  5.28897e-17
     0.828226  4.67536e-17
     0.828413  3.99937e-17
     0.828599  5.03640e-17
     0.828786  6.65554e-17
     0.828972  7.17638e-17
     0.829159  6.74044e-17
     0.829345  6.33688e-17
     0.829531  6.20986e-17
     0.829718  6.46098e-17
     0.829904  6.87501e-17
     0.830091  6.78990e-17
     0.830277  6.56661e-17
     0.830464  6.58923e-17
     0.830650  6.75840e-17
     0.830837  6.96990e-17
     0.831023  6.75638e-17
     0.831209  6.81726e-17
     0.831396  7.49265e-17
     0.831582  7.49220e-17
     0.831769  7.19159e-17
     0.831955  7.26103e-17
     0.832142  7.11275e-17
     0.832328  6.94378e-17
     0.832514  7.20699e-17
     0.832701  7.42908e-17
     0.832887  7.23276e-17
     0.833074  7.18035e-17
     0.833260  7.36542e-17
     0.833447  7.86561e-17
     0.833633  7.91630e-17
     0.833820  7.47718e-17
     0.834006  7.10687e-17
     0.834192  6.83235e-17
     0.834379  6.73566e-17
     0.834565  7.53764e-17
     0.834752  8.22858e-17
     0.834938  9.29936e-17
     0.835125  9.91630e-17
     0.835311  9.71953e-17
     0.835497  9.22425e-17
     0.835684  8.06844e-17
     0.835870  7.00716e-17
     0.836057  6.45101e-17
     0.836243  6.47309e-17
     0.836430  6.92790e-17
     0.836616  7.24871e-17
     0.836803  7.51477e-17
     0.836989  7.80078e-17
     0.837175  8.16250e-17
     0.837362  8.38871e-17
     0.837548  8.14407e-17
     0.837735  8.08509e-17
     0.837921  8.00473e-17
     0.838108  7.84711e-17
     0.838294  7.92148e-17
     0.838480  8.08154e-17
     0.838667  8.20534e-17
     0.838853  8.16768e-17
     0.839040  7.98608e-17
     0.839226  8.09035e-17
     0.839413  7.22013e-17
     0.839599  5.65551e-17
     0.839786  5.09981e-17
     0.839972  5.64880e-17
     0.840158  6.19333e-17
     0.840345  6.15898e-17
     0.840531  6.40477e-17
     0.840718  6.94755e-17
     0.840904  7.50545e-17
     0.841091  8.13600e-17
     0.841277  8.54226e-17
     0.841464  8.45872e-17
     0.841650  8.52302e-17
     0.841836  8.91530e-17
     0.842023  9.41176e-17
     0.842209  1.00064e-16
     0.842396  1.08735e-16
     0.842582  1.13039e-16
     0.842769  1.05656e-16
     0.842955  7.91756e-17
     0.843141  5.85633e-17
     0.843328  6.59366e-17
     0.843514  8.58274e-17
     0.843701  1.03958e-16
     0.843887  1.08511e-16
     0.844074  1.02531e-16
     0.844260  1.03692e-16
     0.844446  1.09923e-16
     0.844633  1.08549e-16
     0.844819  1.06951e-16
     0.845006  1.03958e-16
     0.845192  9.56221e-17
     0.845379  9.22921e-17
     0.845565  9.48473e-17
     0.845752  9.81469e-17
     0.845938  1.00770e-16
     0.846125  1.06778e-16
     0.846311  1.09593e-16
     0.846497  1.07774e-16
     0.846684  1.09151e-16
     0.846870  1.08278e-16
     0.847057  1.07813e-16
     0.847243  1.15533e-16
     0.847430  1.19005e-16
     0.847616  1.16535e-16
     0.847802  1.16999e-16
     0.847989  1.15571e-16
     0.848175  1.11894e-16
     0.848362  1.09342e-16
     0.848548  1.07973e-16
     0.848735  1.07170e-16
     0.848921  1.09729e-16
     0.849108  1.11173e-16
     0.849294  1.15295e-16
     0.849480  1.16415e-16
     0.849667  1.12822e-16
     0.849853  1.12623e-16
     0.850040  1.17135e-16
     0.850226  1.18192e-16
     0.850413  1.11138e-16
     0.850599  1.05075e-16
     0.850785  1.04464e-16
     0.850972  1.07199e-16
     0.851158  1.09450e-16
     0.851345  1.03698e-16
     0.851531  9.43663e-17
     0.851718  7.98556e-17
     0.851904  6.60725e-17
     0.852091  5.81788e-17
     0.852277  5.53430e-17
     0.852463  6.13327e-17
     0.852650  7.38476e-17
     0.852836  8.68827e-17
     0.853023  9.40695e-17
     0.853209  1.00709e-16
     0.853396  1.11638e-16
     0.853582  1.19422e-16
     0.853768  1.25832e-16
     0.853955  1.31016e-16
     0.854141  1.31326e-16
     0.854328  1.30088e-16
     0.854514  1.30778e-16
     0.854701  1.33205e-16
     0.854887  1.36891e-16
     0.855074  1.37353e-16
     0.855260  1.41763e-16
     0.855446  1.48952e-16
     0.855633  1.43420e-16
     0.855819  1.38445e-16
     0.856006  1.38960e-16
     0.856192  1.40732e-16
     0.856379  1.40093e-16
     0.856565  1.38127e-16
     0.856751  1.40127e-16
     0.856938  1.41158e-16
     0.857124  1.38293e-16
     0.857311  1.33474e-16
     0.857497  1.34299e-16
     0.857684  1.40724e-16
     0.857870  1.42104e-16
     0.858057  1.39909e-16
     0.858243  1.39270e-16
     0.858429  1.43226e-16
     0.858616  1.45719e-16
     0.858802  1.43639e-16
     0.858989  1.40600e-16
     0.859175  1.41842e-16
     0.859362  1.48918e-16
     0.859548  1.53200e-16
     0.859734  1.53730e-16
     0.859921  1.56355e-16
     0.860107  1.59020e-16
     0.860294  1.59913e-16
     0.860480  1.59894e-16
     0.860667  1.61613e-16
     0.860853  1.61127e-16
     0.861040  1.56589e-16
     0.861226  1.54337e-16
     0.861412  1.53215e-16
     0.861599  1.50100e-16
     0.861785  1.47979e-16
     0.861972  1.50927e-16
     0.862158  1.55311e-16
     0.862345  1.49562e-16
     0.862531  1.45955e-16
     0.862718  1.51063e-16
     0.862904  1.55880e-16
     0.863090  1.59373e-16
     0.863277  1.57656e-16
     0.863463  1.48493e-16
     0.863650  1.47468e-16
     0.863836  1.50517e-16
     0.864023  1.50351e-16
     0.864209  1.51704e-16
     0.864395  1.47414e-16
     0.864582  1.46083e-16
     0.864768  1.50853e-16
     0.864955  1.51977e-16
     0.865141  1.48870e-16
     0.865328  1.44515e-16
     0.865514  1.43602e-16
     0.865700  1.51123e-16
     0.865887  1.60317e-16
     0.866073  1.60127e-16
     0.866260  1.58998e-16
     0.866446  1.65900e-16
     0.866633  1.69487e-16
     0.866819  1.69940e-16
     0.867006  1.68693e-16
     0.867192  1.74336e-16
     0.867378  1.79817e-16
     0.867565  1.80755e-16
     0.867751  1.82421e-16
     0.867938  1.82525e-16
     0.868124  1.81387e-16
     0.868311  1.78182e-16
     0.868497  1.77508e-16
     0.868684  1.75433e-16
     0.868870  1.79661e-16
     0.869056  1.82871e-16
     0.869243  1.77414e-16
     0.869429  1.70614e-16
     0.869616  1.69729e-16
     0.869802  1.67395e-16
     0.869989  1.58657e-16
     0.870175  1.58188e-16
     0.870361  1.64586e-16
     0.870548  1.63950e-16
     0.870734  1.64723e-16
     0.870921  1.67128e-16
     0.871107  1.69257e-16
     0.871294  1.75339e-16
     0.871480  1.78569e-16
     0.871666  1.76023e-16
     0.871853  1.73927e-16
     0.872039  1.76938e-16
     0.872226  1.83894e-16
     0.872412  1.81273e-16
     0.872599  1.73994e-16
     0.872785  1.76112e-16
     0.872972  1.78132e-16
     0.873158  1.78059e-16
     0.873344  1.79832e-16
     0.873531  1.84650e-16
     0.873717  1.84469e-16
     0.873904  1.82043e-16
     0.874090  1.89484e-16
     0.874277  1.94886e-16
     0.874463  1.94337e-16
     0.874650  1.95859e-16
     0.874836  1.89646e-16
     0.875022  1.86006e-16
     0.875209  1.85801e-16
     0.875395  1.84637e-16
     0.875582  1.89518e-16
     0.875768  1.95000e-16
     0.875955  1.95911e-16
     0.876141  1.90224e-16
     0.876328  1.91001e-16
     0.876514  2.13967e-16
     0.876700  2.29384e-16
     0.876887  2.17559e-16
     0.877073  2.16204e-16
     0.877260  2.28000e-16
     0.877446  2.32392e-16
     0.877632  2.37146e-16
     0.877819  2.38381e-16
     0.878005  2.28703e-16
     0.878192  2.16819e-16
     0.878378  2.12521e-16
     0.878565  2.09140e-16
     0.878751  2.04219e-16
     0.878938  1.99428e-16
     0.879124  1.97301e-16
     0.879311  1.99162e-16
     0.879497  1.99562e-16
     0.879683  1.98135e-16
     0.879870  1.99057e-16
     0.880056  2.01421e-16
     0.880243  2.03541e-16
     0.880429  2.08243e-16
     0.880616  2.10426e-16
     0.880802  2.07021e-16
     0.880988  2.08568e-16
     0.881175  2.13985e-16
     0.881361  2.19233e-16
     0.881548  2.21584e-16
     0.881734  2.15280e-16
     0.881921  2.10486e-16
     0.882107  2.06134e-16
     0.882294  1.95017e-16
     0.882480  1.98610e-16
     0.882666  2.11322e-16
     0.882853  2.28839e-16
     0.883039  2.40046e-16
     0.883226  2.33864e-16
     0.883412  2.43758e-16
     0.883599  2.58326e-16
     0.883785  2.56898e-16
     0.883972  2.46323e-16
     0.884158  2.38484e-16
     0.884344  2.36239e-16
     0.884531  2.29128e-16
     0.884717  2.22841e-16
     0.884904  2.26823e-16
     0.885090  2.27116e-16
     0.885277  2.27418e-16
     0.885463  2.26649e-16
     0.885649  2.26846e-16
     0.885836  2.33275e-16
     0.886022  2.37126e-16
     0.886209  2.35754e-16
     0.886395  2.36497e-16
     0.886582  2.42245e-16
     0.886768  2.38853e-16
     0.886954  2.27595e-16
     0.887141  2.30382e-16
     0.887327  2.38222e-16
     0.887514  2.45563e-16
     0.887700  2.42858e-16
     0.887887  2.34345e-16
     0.888073  2.39219e-16
     0.888260  2.50896e-16
     0.888446  2.53101e-16
     0.888632  2.48906e-16
     0.888819  2.47506e-16
     0.889005  2.50458e-16
     0.889192  2.51637e-16
     0.889378  2.46705e-16
     0.889565  2.46476e-16
     0.889751  2.47250e-16
     0.889938  2.50905e-16
     0.890124  2.53259e-16
     0.890310  2.51381e-16
     0.890497  2.51492e-16
     0.890683  2.49828e-16
     0.890870  2.43356e-16
     0.891056  2.44055e-16
     0.891243  2.53212e-16
     0.891429  2.58802e-16
     0.891615  2.70823e-16
     0.891802  2.78431e-16
     0.891988  2.78580e-16
     0.892175  2.72216e-16
     0.892361  2.66938e-16
     0.892548  2.62933e-16
     0.892734  2.58885e-16
     0.892920  2.59370e-16
     0.893107  2.57285e-16
     0.893293  2.49356e-16
     0.893480  2.36502e-16
     0.893666  2.23054e-16
     0.893853  2.03757e-16
     0.894039  1.75344e-16
     0.894226  1.58398e-16
     0.894412  1.55304e-16
     0.894598  1.55031e-16
     0.894785  1.62907e-16
     0.894971  1.79999e-16
     0.895158  1.98270e-16
     0.895344  2.17275e-16
     0.895531  2.36027e-16
     0.895717  2.47453e-16
     0.895904  2.59300e-16
     0.896090  2.66197e-16
     0.896276  2.62522e-16
     0.896463  2.62172e-16
     0.896649  2.65694e-16
     0.896836  2.73453e-16
     0.897022  2.76710e-16
     0.897209  2.73617e-16
     0.897395  2.72524e-16
     0.897581  2.76224e-16
     0.897768  2.79223e-16
     0.897954  2.76805e-16
     0.898141  2.76907e-16
     0.898327  2.82357e-16
     0.898514  2.82109e-16
     0.898700  2.70654e-16
     0.898887  2.64817e-16
     0.899073  2.75081e-16
     0.899259  2.80887e-16
     0.899446  2.86462e-16
     0.899632  2.91176e-16
     0.899819  2.85294e-16
     0.900005  2.89297e-16
     0.900192  3.06595e-16
     0.900378  3.13787e-16
     0.900564  3.16874e-16
     0.900751  3.21088e-16
     0.900937  3.24773e-16
     0.901124  3.24763e-16
     0.901310  3.22079e-16
     0.901497  3.27409e-16
     0.901683  3.31105e-16
     0.901870  3.31695e-16
     0.902056  3.27910e-16
     0.902242  3.25935e-16
     0.902429  3.21303e-16
     0.902615  3.13186e-16
     0.902802  3.13471e-16
     0.902988  3.14203e-16
     0.903175  3.11884e-16
     0.903361  3.09618e-16
     0.903547  3.20604e-16
     0.903734  3.25179e-16
     0.903920  3.19440e-16
     0.904107  3.20403e-16
     0.904293  3.25883e-16
     0.904480  3.32904e-16
     0.904666  3.32504e-16
     0.904853  3.29558e-16
     0.905039  3.29731e-16
     0.905226  3.33255e-16
     0.905412  3.30735e-16
     0.905598  3.29211e-16
     0.905785  3.35585e-16
     0.905971  3.40603e-16
     0.906158  3.39976e-16
     0.906344  3.40331e-16
     0.906531  3.39846e-16
     0.906717  3.39963e-16
     0.906903  3.35555e-16
     0.907090  3.29648e-16
     0.907276  3.29133e-16
     0.907463  3.34937e-16
     0.907649  3.42013e-16
     0.907836  3.44201e-16
     0.908022  3.42012e-16
     0.908208  3.43251e-16
     0.908395  3.49182e-16
     0.908581  3.59977e-16
     0.908768  3.63973e-16
     0.908954  3.55412e-16
     0.909141  3.52618e-16
     0.909327  3.59259e-16
     0.909514  3.67561e-16
     0.909700  3.68325e-16
     0.909886  3.63341e-16
     0.910073  3.56793e-16
     0.910259  3.58010e-16
     0.910446  3.52582e-16
     0.910632  3.44947e-16
     0.910819  3.52214e-16
     0.911005  3.64836e-16
     0.911192  3.70590e-16
     0.911378  3.75727e-16
     0.911564  3.79090e-16
     0.911751  3.77550e-16
     0.911937  3.73450e-16
     0.912124  3.70600e-16
     0.912310  3.67227e-16
     0.912497  3.59758e-16
     0.912683  3.56195e-16
     0.912869  3.60877e-16
     0.913056  3.64470e-16
     0.913242  3.69974e-16
     0.913429  3.73288e-16
     0.913615  3.66449e-16
     0.913802  3.62285e-16
     0.913988  3.69513e-16
     0.914174  3.72371e-16
     0.914361  3.72779e-16
     0.914547  3.79953e-16
     0.914734  3.84402e-16
     0.914920  3.86034e-16
     0.915107  3.86921e-16
     0.915293  3.81440e-16
     0.915480  3.79195e-16
     0.915666  3.80549e-16
     0.915852  3.81827e-16
     0.916039  3.86245e-16
     0.916225  3.89111e-16
     0.916412  3.89879e-16
     0.916598  3.92925e-16
     0.916785  3.93766e-16
     0.916971  3.88677e-16
     0.917158  3.80316e-16
     0.917344  3.72373e-16
     0.917530  3.77317e-16
     0.917717  3.85756e-16
     0.917903  3.90568e-16
     0.918090  3.94174e-16
     0.918276  3.96404e-16
     0.918463  4.00238e-16
     0.918649  4.01577e-16
     0.918835  4.02313e-16
     0.919022  4.08770e-16
     0.919208  4.08164e-16
     0.919395  3.99590e-16
     0.919581  3.99641e-16
     0.919768  4.12283e-16
     0.919954  4.20369e-16
     0.920141  4.22422e-16
     0.920327  4.32339e-16
     0.920513  4.37757e-16
     0.920700  4.41286e-16
     0.920886  4.41981e-16
     0.921073  4.41809e-16
     0.921259  4.42738e-16
     0.921446  4.45246e-16
     0.921632  4.53951e-16
     0.921818  4.53551e-16
     0.922005  4.57441e-16
     0.922191  4.70311e-16
     0.922378  4.77458e-16
     0.922564  4.78446e-16
     0.922751  4.80448e-16
     0.922937  4.82390e-16
     0.923124  4.81585e-16
     0.923310  4.85245e-16
     0.923496  4.78590e-16
     0.923683  4.57328e-16
     0.923869  4.53846e-16
     0.924056  4.58950e-16
     0.924242  4.56732e-16
     0.924429  4.51777e-16
     0.924615  4.50067e-16
     0.924801  4.47271e-16
     0.924988  4.51390e-16
     0.925174  4.61083e-16
     0.925361  4.63869e-16
     0.925547  4.62980e-16
     0.925734  4.54193e-16
     0.925920  4.50454e-16
     0.926107  4.49426e-16
     0.926293  4.37987e-16
     0.926479  4.25871e-16
     0.926666  4.20789e-16
     0.926852  4.09475e-16
     0.927039  3.91495e-16
     0.927225  3.75973e-16
     0.927412  3.58583e-16
     0.927598  3.39344e-16
     0.927784  3.23492e-16
     0.927971  3.11021e-16
     0.928157  3.00492e-16
     0.928344  2.99790e-16
     0.928530  3.09430e-16
     0.928717  3.14853e-16
     0.928903  3.17094e-16
     0.929090  3.22417e-16
     0.929276  3.26896e-16
     0.929462  3.29190e-16
     0.929649  3.34812e-16
     0.929835  3.34439e-16
     0.930022  3.39616e-16
     0.930208  3.61844e-16
     0.930395  3.79638e-16
     0.930581  3.86248e-16
     0.930767  3.84292e-16
     0.930954  3.87104e-16
     0.931140  3.92945e-16
     0.931327  3.95030e-16
     0.931513  3.80490e-16
     0.931700  3.46356e-16
     0.931886  3.31620e-16
     0.932073  3.32175e-16
     0.932259  3.28652e-16
     0.932446  3.38580e-16
     0.932632  3.53511e-16
     0.932818  3.58056e-16
     0.933005  3.65730e-16
     0.933191  3.66464e-16
     0.933378  3.60571e-16
     0.933564  3.65420e-16
     0.933751  3.75269e-16
     0.933937  3.76394e-16
     0.934123  3.76855e-16
     0.934310  3.76696e-16
     0.934496  3.78086e-16
     0.934683  4.01200e-16
     0.934869  4.22232e-16
     0.935056  4.22132e-16
     0.935242  4.09389e-16
     0.935429  4.00403e-16
     0.935615  3.96230e-16
     0.935801  3.94313e-16
     0.935988  4.00897e-16
     0.936174  4.16515e-16
     0.936361  4.26369e-16
     0.936547  4.16182e-16
     0.936734  4.08249e-16
     0.936920  4.14493e-16
     0.937106  4.30042e-16
     0.937293  4.54757e-16
     0.937479  4.72187e-16
     0.937666  4.67227e-16
     0.937852  4.54684e-16
     0.938039  4.49612e-16
     0.938225  4.51626e-16
     0.938412  4.41097e-16
     0.938598  4.38014e-16
     0.938784  4.32028e-16
     0.938971  4.32496e-16
     0.939157  4.65009e-16
     0.939344  4.85414e-16
     0.939530  4.88137e-16
     0.939717  4.90804e-16
     0.939903  4.96479e-16
     0.940089  5.05995e-16
     0.940276  5.15134e-16
     0.940462  5.19886e-16
     0.940649  5.23619e-16
     0.940835  5.31627e-16
     0.941022  5.40574e-16
     0.941208  5.47072e-16
     0.941395  5.44537e-16
     0.941581  5.31127e-16
     0.941767  5.25943e-16
     0.941954  5.19766e-16
     0.942140  4.99422e-16
     0.942327  5.05621e-16
     0.942513  5.07498e-16
     0.942700  4.91431e-16
     0.942886  4.90706e-16
     0.943072  4.97410e-16
     0.943259  5.22299e-16
     0.943445  5.22787e-16
     0.943632  4.87087e-16
     0.943818  4.40718e-16
     0.944005  4.08337e-16
     0.944191  4.03567e-16
     0.944378  4.30811e-16
     0.944564  4.67711e-16
     0.944750  4.92025e-16
     0.944937  5.09440e-16
     0.945123  5.25789e-16
     0.945310  5.31031e-16
     0.945496  5.31883e-16
     0.945683  5.18840e-16
     0.945869  5.01011e-16
     0.946055  4.93551e-16
     0.946242  4.95414e-16
     0.946428  4.84950e-16
     0.946615  4.82597e-16
     0.946801  4.87498e-16
     0.946988  4.95219e-16
     0.947174  5.18704e-16
     0.947361  5.27889e-16
     0.947547  5.11234e-16
     0.947733  4.88378e-16
     0.947920  4.72321e-16
     0.948106  4.84161e-16
     0.948293  4.98742e-16
     0.948479  5.04667e-16
     0.948666  5.15996e-16
     0.948852  5.41844e-16
     0.949039  5.58073e-16
     0.949225  5.28636e-16
     0.949411  4.98443e-16
     0.949598  4.95936e-16
     0.949784  4.82014e-16
     0.949971  4.52735e-16
     0.950157  4.48299e-16
     0.950344  4.56030e-16
     0.950530  4.71195e-16
     0.950716  4.97811e-16
     0.950903  5.23838e-16
     0.951089  5.47454e-16
     0.951276  5.71524e-16
     0.951462  6.26836e-16
     0.951649  6.77964e-16
     0.951835  6.58268e-16
     0.952021  6.02210e-16
     0.952208  5.56814e-16
     0.952394  5.43662e-16
     0.952581  5.39992e-16
     0.952767  5.38500e-16
     0.952954  5.51685e-16
     0.953140  5.69380e-16
     0.953327  5.86593e-16
     0.953513  5.98346e-16
     0.953699  6.12920e-16
     0.953886  6.28373e-16
     0.954072  6.36031e-16
     0.954259  6.39908e-16
     0.954445  6.28829e-16
     0.954632  6.24806e-16
     0.954818  6.45830e-16
     0.955005  6.46540e-16
     0.955191  6.07920e-16
     0.955377  5.78370e-16
     0.955564  5.67225e-16
     0.955750  5.54844e-16
     0.955937  5.54640e-16
     0.956123  5.57828e-16
     0.956310  5.57277e-16
     0.956496  5.76587e-16
     0.956682  5.95096e-16
     0.956869  5.88547e-16
     0.957055  5.77894e-16
     0.957242  5.90436e-16
     0.957428  6.02026e-16
     0.957615  5.91882e-16
     0.957801  5.73897e-16
     0.957987  5.64632e-16
     0.958174  5.61183e-16
     0.958360  5.64949e-16
     0.958547  5.63859e-16
     0.958733  5.40671e-16
     0.958920  5.24844e-16
     0.959106  5.21487e-16
     0.959293  5.10475e-16
     0.959479  5.15042e-16
     0.959665  5.33839e-16
     0.959852  5.42740e-16
     0.960038  5.55087e-16
     0.960225  5.59865e-16
     0.960411  5.58481e-16
     0.960598  5.50282e-16
     0.960784  5.41030e-16
     0.960971  5.35404e-16
     0.961157  5.40556e-16
     0.961343  5.26201e-16
     0.961530  5.18881e-16
     0.961716  5.27400e-16
     0.961903  5.44095e-16
     0.962089  5.44447e-16
     0.962276  5.37129e-16
     0.962462  5.44675e-16
     0.962649  5.56600e-16
     0.962835  5.81628e-16
     0.963021  6.03394e-16
     0.963208  5.97964e-16
     0.963394  5.78605e-16
     0.963581  5.56945e-16
     0.963767  5.36561e-16
     0.963953  5.29965e-16
     0.964140  5.34014e-16
     0.964326  5.49322e-16
     0.964513  5.70176e-16
     0.964699  5.77379e-16
     0.964886  5.84995e-16
     0.965072  5.92634e-16
     0.965259  5.91470e-16
     0.965445  6.04338e-16
     0.965632  6.19519e-16
     0.965818  6.20611e-16
     0.966004  6.14366e-16
     0.966191  6.08694e-16
     0.966377  5.80496e-16
     0.966564  5.46517e-16
     0.966750  5.56482e-16
     0.966937  5.75214e-16
     0.967123  6.02466e-16
     0.967309  6.26052e-16
     0.967496  6.28370e-16
     0.967682  6.26468e-16
     0.967869  6.13425e-16
     0.968055  6.25004e-16
     0.968242  6.52109e-16
     0.968428  6.61608e-16
     0.968615  6.66984e-16
     0.968801  6.55587e-16
     0.968987  6.47134e-16
     0.969174  6.34831e-16
     0.969360  6.13567e-16
     0.969547  6.04487e-16
     0.969733  6.15730e-16
     0.969920  6.37338e-16
     0.970106  6.57984e-16
     0.970293  6.64888e-16
     0.970479  6.58272e-16
     0.970665  6.50201e-16
     0.970852  6.41415e-16
     0.971038  6.45762e-16
     0.971225  6.54386e-16
     0.971411  6.44273e-16
     0.971598  6.42770e-16
     0.971784  6.47527e-16
     0.971970  6.32590e-16
     0.972157  6.30644e-16
     0.972343  6.28240e-16
     0.972530  6.20154e-16
     0.972716  6.27517e-16
     0.972903  6.29360e-16
     0.973089  6.34136e-16
     0.973275  6.49029e-16
     0.973462  6.39874e-16
     0.973648  6.35920e-16
     0.973835  6.53089e-16
     0.974021  6.61117e-16
     0.974208  6.79635e-16
     0.974394  7.02193e-16
     0.974581  7.04718e-16
     0.974767  7.02351e-16
     0.974953  7.01430e-16
     0.975140  6.90228e-16
     0.975326  6.77836e-16
     0.975513  6.80229e-16
     0.975699  6.71671e-16
     0.975886  6.62109e-16
     0.976072  6.73635e-16
     0.976259  6.83293e-16
     0.976445  6.99991e-16
     0.976631  7.14975e-16
     0.976818  7.18134e-16
     0.977004  7.17708e-16
     0.977191  7.23858e-16
     0.977377  7.30775e-16
     0.977564  7.26827e-16
     0.977750  7.13671e-16
     0.977936  6.95346e-16
     0.978123  6.98135e-16
     0.978309  7.33799e-16
     0.978496  7.79390e-16
     0.978682  8.14007e-16
     0.978869  8.20320e-16
     0.979055  8.00798e-16
     0.979241  7.95396e-16
     0.979428  8.18174e-16
     0.979614  8.07251e-16
     0.979801  7.66788e-16
     0.979987  7.49827e-16
     0.983605  7.41199e-16
     0.987401  7.53002e-16
     0.991211  7.54497e-16
     0.995036  7.18332e-16
     0.998874  7.51796e-16
      1.00273  7.49161e-16
      1.00659  8.31220e-16
      1.01047  9.14129e-16
      1.01437  9.66277e-16
      1.01827  9.04102e-16
      1.02219  9.95722e-16
      1.02612  1.01068e-15
      1.03007  1.07334e-15
      1.03402  1.13919e-15
      1.03799  1.20082e-15
      1.04197  1.17506e-15
      1.04596  1.21212e-15
      1.04996  1.29482e-15
      1.05398  1.34074e-15
      1.05800  1.29967e-15
      1.06204  1.37948e-15
      1.06609  1.39021e-15
      1.07014  1.44891e-15
      1.07421  1.49945e-15
      1.07829  1.46066e-15
      1.08237  1.49838e-15
      1.08647  1.46943e-15
      1.09058  1.33664e-15
      1.09469  1.23281e-15
      1.09882  1.11084e-15
      1.10295  1.05187e-15
      1.10709  9.54733e-16
      1.11124  8.53864e-16
      1.11540  8.03492e-16
      1.11956  7.81425e-16
      1.12373  8.22384e-16
      1.12791  8.34394e-16
      1.13210  8.46146e-16
      1.13630  7.30602e-16
      1.14050  7.36868e-16
      1.14470  7.76778e-16
      1.14892  8.15843e-16
      1.15314  8.16553e-16
      1.15737  8.34935e-16
      1.16160  8.10034e-16
      1.16584  7.42390e-16
      1.17008  7.24840e-16
      1.17433  7.65108e-16
      1.17858  8.38131e-16
      1.18284  9.12738e-16
      1.18710  1.03075e-15
      1.19137  1.10601e-15
      1.19564  1.13967e-15
      1.19992  1.18914e-15
      1.20420  1.27170e-15
      1.20848  1.32111e-15
      1.21277  1.42099e-15
      1.21706  1.46265e-15
      1.22135  1.54488e-15
      1.22565  1.60239e-15
      1.22994  1.65339e-15
      1.23425  1.67169e-15
      1.23855  1.67913e-15
      1.24285  1.65304e-15
      1.24716  1.68383e-15
      1.25147  1.73039e-15
      1.25578  1.79281e-15
      1.26009  1.86043e-15
      1.26441  1.92778e-15
      1.26872  1.94706e-15
      1.27304  1.97942e-15
      1.27736  2.00000e-15
      1.28167  1.87727e-15
      1.28599  1.89932e-15
      1.29031  1.85005e-15
      1.29463  1.78472e-15
      1.29894  1.77442e-15
      1.30326  1.70461e-15
      1.30758  1.71027e-15
      1.31190  1.61982e-15
      1.31621  1.52107e-15
      1.32053  1.47100e-15
      1.32484  1.32907e-15
      1.32916  1.12751e-15
      1.33347  7.98393e-16
      1.33778  5.19592e-16
      1.34209  3.44308e-16
      1.34640  2.70290e-16
      1.35070  2.30932e-16
      1.35501  2.33360e-16
      1.35931  2.15520e-16
      1.36361  2.73206e-16
      1.36791  2.27168e-16
      1.37220  2.22214e-16
      1.37650  2.82736e-16
      1.38079  2.71674e-16
      1.38508  2.44480e-16
      1.38936  2.12250e-16
      1.39364  2.20390e-16
      1.39792  2.56436e-16
      1.40219  2.35098e-16
      1.40647  2.36676e-16
      1.41073  2.07088e-16
      1.41500  1.73307e-16
      1.41926  1.61436e-16
      1.42352  2.24756e-16
      1.42777  2.38676e-16
      1.43202  2.39198e-16
      1.43627  2.25784e-16
      1.44051  2.63332e-16
      1.44474  3.21686e-16
      1.44898  2.89866e-16
      1.45321  3.45108e-16
      1.45743  3.30736e-16
      1.46165  4.34006e-16
      1.46586  3.92656e-16
      1.47007  3.89010e-16
      1.47428  3.73636e-16
      1.47848  4.48554e-16
      1.48267  4.79288e-16
      1.48686  4.06332e-16
      1.49105  5.19312e-16
      1.49523  5.33352e-16
      1.49940  5.61204e-16
      1.50357  5.40420e-16
      1.50773  6.20808e-16
      1.51189  6.32656e-16
      1.51604  7.07850e-16
      1.52019  7.39488e-16
      1.52433  7.57745e-16
      1.52847  8.29266e-16
      1.53260  8.96377e-16
      1.53672  9.45224e-16
      1.54084  9.39955e-16
      1.54495  1.01401e-15
      1.54906  1.01170e-15
      1.55316  1.13996e-15
      1.55725  1.12209e-15
      1.56134  1.11415e-15
      1.56543  1.12738e-15
      1.56950  1.24566e-15
      1.57357  1.21944e-15
      1.57764  1.24705e-15
      1.58169  1.27090e-15
      1.58574  1.32675e-15
      1.58979  1.28141e-15
      1.59383  1.28375e-15
      1.59786  1.29950e-15
      1.60189  1.21440e-15
      1.60591  1.18672e-15
      1.60992  1.11184e-15
      1.61393  1.02496e-15
      1.61793  1.05275e-15
      1.62192  9.61008e-16
      1.62591  9.30691e-16
      1.62989  9.06559e-16
      1.63386  8.86313e-16
      1.63783  8.67916e-16
      1.64179  8.68449e-16
      1.64575  8.67546e-16
      1.64970  9.10119e-16
      1.65364  9.51699e-16
      1.65757  9.66492e-16
      1.66150  9.41583e-16
      1.66542  8.83649e-16
      1.66934  8.64165e-16
      1.67325  7.93561e-16
      1.67715  7.37750e-16
      1.68105  8.28630e-16
      1.68494  8.70151e-16
      1.68882  8.67953e-16
      1.69270  8.57112e-16
      1.69657  7.92562e-16
      1.70043  8.07695e-16
      1.70428  8.04831e-16
      1.70813  7.41073e-16
      1.71198  7.51958e-16
      1.71582  7.29452e-16
      1.71965  7.29080e-16
      1.72347  7.29006e-16
      1.72729  6.85064e-16
      1.73110  6.82348e-16
      1.73490  6.65816e-16
      1.73870  5.88578e-16
      1.74249  5.84590e-16
      1.74628  5.61066e-16
      1.75006  5.33884e-16
      1.75383  5.14680e-16
      1.75760  5.11932e-16
      1.76136  5.01844e-16
      1.76511  4.85386e-16
      1.76886  4.33816e-16
      1.77260  3.40008e-16
      1.77634  3.37640e-16
      1.78006  3.71240e-16
      1.78379  3.28374e-16
      1.78750  3.32566e-16
      1.79121  3.32986e-16
      1.79492  2.78878e-16
      1.79862  2.91040e-16
      1.80231  2.83868e-16
      1.80599  2.09436e-16
      1.80967  2.55548e-16
      1.81335  2.75982e-16
      1.81702  2.77976e-16
      1.82068  2.62864e-16
      1.82434  2.57980e-16
      1.82799  2.79944e-16
      1.83163  2.76600e-16
      1.83527  2.64152e-16
      1.83890  2.83554e-16
      1.84253  2.35242e-16
      1.84615  1.89034e-16
      1.84977  1.93869e-16
      1.85338  2.47524e-16
      1.85698  2.41754e-16
      1.86058  2.32726e-16
      1.86418  1.51782e-16
      1.86776  2.09232e-16
      1.87135  2.91064e-16
      1.87492  2.93926e-16
      1.87849  2.60744e-16
      1.88206  2.63728e-16
      1.88562  2.61084e-16
      1.88918  2.05262e-16
      1.89272  2.82072e-16
      1.89627  2.45418e-16
      1.89981  2.86678e-16
      1.90334  2.73894e-16
      1.90687  2.60656e-16
      1.91039  3.48654e-16
      1.91391  3.25046e-16
      1.91742  3.10132e-16
      1.92093  3.15196e-16
      1.92444  3.45656e-16
      1.92793  2.98912e-16
      1.93142  2.76930e-16
      1.93491  2.41456e-16
      1.93839  2.49112e-16
      1.94187  1.92307e-16
      1.94534  2.14570e-16
      1.94881  2.12882e-16
      1.95227  2.36414e-16
      1.95573  2.15544e-16
      1.95918  2.45812e-16
      1.96263  2.38090e-16
      1.96607  2.05218e-16
      1.96951  2.09370e-16
      1.97295  2.33958e-16
      1.97637  2.52420e-16
      1.97980  2.60610e-16
      1.98322  2.29448e-16
      1.98663  2.76452e-16
      1.99004  2.83412e-16
      1.99345  2.64750e-16
      1.99685  3.07276e-16
      2.00024  3.10538e-16
      2.00363  2.76316e-16
      2.00702  3.49056e-16
      2.01040  3.32592e-16
      2.01378  3.49210e-16
      2.01715  3.59244e-16
      2.02051  3.65630e-16
      2.02388  3.35482e-16
      2.02724  3.95356e-16
      2.03059  3.58802e-16
      2.03394  3.78178e-16
      2.03728  4.19536e-16
      2.04062  4.23828e-16
      2.04396  4.38576e-16
      2.04729  4.61904e-16
      2.05062  4.61866e-16
      2.05394  4.49936e-16
      2.05726  5.24484e-16
      2.06057  4.55110e-16
      2.06388  4.60130e-16
      2.06718  4.81134e-16
      2.07048  5.15466e-16
      2.07377  5.04992e-16
      2.07706  5.36448e-16
      2.08035  5.03886e-16
      2.08363  4.94308e-16
      2.08691  4.94074e-16
      2.09018  5.07710e-16
      2.09345  5.15972e-16
      2.09671  5.16904e-16
      2.09997  4.92570e-16
      2.10322  4.75598e-16
      2.10647  4.86260e-16
      2.10972  4.88120e-16
      2.11296  4.85080e-16
      2.11620  5.06318e-16
      2.11943  4.81650e-16
      2.12265  5.06494e-16
      2.12588  4.78650e-16
      2.12909  4.92158e-16
      2.13231  4.71788e-16
      2.13551  4.59946e-16
      2.13872  4.62562e-16
      2.14192  4.80634e-16
      2.14511  4.47286e-16
      2.14830  4.56442e-16
      2.15149  4.15914e-16
      2.15467  4.48770e-16
      2.15784  4.36746e-16
      2.16101  4.11236e-16
      2.16418  4.17294e-16
      2.16734  4.33936e-16
      2.17050  4.11450e-16
      2.17365  4.22570e-16
      2.17680  3.83292e-16
      2.17994  3.90058e-16
      2.18308  3.88064e-16
      2.18621  3.59392e-16
      2.18934  3.43514e-16
      2.19246  3.78294e-16
      2.19558  3.52742e-16
      2.19869  2.98124e-16
      2.20180  2.98578e-16
      2.20490  2.85306e-16
      2.20800  2.60212e-16
      2.21109  2.49162e-16
      2.21418  2.66180e-16
      2.21727  2.86568e-16
      2.22035  2.84856e-16
      2.22342  2.36492e-16
      2.22649  2.52758e-16
      2.22955  2.18924e-16
      2.23261  2.32020e-16
      2.23566  2.73738e-16
      2.23871  2.60608e-16
      2.24175  2.45310e-16
      2.24479  2.32482e-16
      2.24782  2.22724e-16
      2.25085  2.09110e-16
      2.25387  2.40664e-16
      2.25689  2.09078e-16
      2.25990  2.19436e-16
      2.26291  2.24712e-16
      2.26591  2.43648e-16
      2.26891  2.12154e-16
      2.27190  2.05510e-16
      2.27489  1.97460e-16
      2.27787  2.03606e-16
      2.28084  2.33082e-16
      2.28382  1.66262e-16
      2.28678  1.83440e-16
      2.28974  2.14476e-16
      2.29270  1.82466e-16
      2.29565  1.73625e-16
      2.29859  1.51213e-16
      2.30153  1.62272e-16
      2.30446  1.53500e-16
      2.30739  1.65348e-16
      2.31032  1.84366e-16
      2.31324  1.72256e-16
      2.31615  1.76745e-16
      2.31906  1.50660e-16
      2.32196  1.49445e-16
      2.32486  1.17099e-16
      2.32776  1.46801e-16
      2.33064  1.15630e-16
      2.33353  1.45312e-16
      2.33641  1.72487e-16
      2.33928  1.52589e-16
      2.34215  1.25972e-16
      2.34501  1.25972e-16
      2.34787  1.42735e-16
      2.35073  1.44640e-16
      2.35358  1.44085e-16
      2.35642  1.43043e-16
      2.35926  1.79200e-16
      2.36210  1.52745e-16
      2.36493  1.90102e-16
      2.36776  1.65911e-16
      2.37058  1.89088e-16
      2.37340  7.64339e-17
      2.37622  1.20426e-16
      2.37903  9.64161e-17
      2.38183  1.11152e-16
      2.38463  1.55462e-16
      2.38743  1.51598e-16
      2.39023  1.62225e-16
      2.39302  1.39915e-16
      2.39581  1.30087e-16
      2.39859  1.73325e-16
      2.40137  1.72736e-16
      2.40415  2.07910e-16
      2.40692  1.61148e-16
      2.40969  1.65339e-16
      2.41246  1.27784e-16
      2.41523  1.71585e-16
      2.41799  1.81105e-16
      2.42075  2.40956e-16
      2.42351  1.41783e-16
      2.42626  1.86497e-16
      2.42902  1.45904e-16
      2.43177  1.27188e-16
      2.43452  1.74246e-16
      2.43727  1.47386e-16
      2.44001  1.98612e-16
      2.44276  1.60433e-16
      2.44551  1.80317e-16
      2.44825  1.66065e-16
      2.45099  1.90290e-16
      2.45374  1.73184e-16
      2.45648  1.11732e-16
      2.45923  2.14464e-16
      2.46197  1.62064e-16
      2.46471  1.19419e-16
      2.46746  1.35461e-16
      2.47021  7.98578e-17
      2.47295  6.49060e-17
      2.47570  1.26852e-16
      2.47846  1.33657e-16
      2.48121  1.84111e-16
      2.48397  2.06664e-16
      2.48673  1.62161e-16
      2.48949  1.32817e-16
      2.49225  1.42321e-16
      2.49502  1.86836e-16
      2.49780  1.21848e-16
      2.50057  1.11611e-16
      2.50336  1.78519e-16
      2.50615  6.79582e-17
      2.50894  1.04116e-16
      2.51174  1.55782e-16
      2.51455  1.69905e-16
      2.51736  1.26572e-16
      2.52018  1.34323e-16
      2.52301  8.66999e-17
      2.52584  3.50784e-17
      2.52868  1.10117e-16
      2.53154  1.36792e-16
      2.53440  2.15298e-16
      2.53727  1.71943e-16
      2.54015 -1.59154e-17
      2.54305  7.49694e-17
      2.54595 -7.71235e-17
      2.54887  5.38190e-16
      2.55180  1.24990e-16
      2.55474  3.25560e-16
      2.55770 -1.48963e-16
      2.56067 -6.33394e-18
