0.4536
0.453
0.4525
0.4525
0.4526
0.4527
0.4536
0.4541
0.4525
0.4518
0.4524
0.4537
0.454
0.454
0.4542
0.454
0.4536
0.4534
0.4541
0.4548
0.4551
0.4547
0.4538
0.4536
0.4545
0.4549
0.4541
0.454
0.4537
0.4545
0.456
0.4566
0.4577
0.4565
0.4555
0.456
0.4562
0.4564
0.4558
0.4554
0.456
0.4568
0.4569
0.4564
0.456
0.4561
0.4566
0.4566
0.4568
0.4574
0.4573
0.4574
0.4577
0.4582
0.4589
0.4585
0.4576
0.4575
0.458
0.459
0.4595
0.4601
0.4603
0.46
0.4597
0.4589
0.4589
0.4602
0.4615
0.4619
0.4609
0.4613
0.4621
0.4634
0.4635
0.463
0.4626
0.4619
0.4627
0.463
0.4633
0.463
0.462
0.4625
0.4631
0.4633
0.4631
0.4627
0.4626
0.4626
0.4629
0.4632
0.4629
0.4626
0.4629
0.4633
0.4632
0.4629
0.463
0.4629
0.4634
0.4644
0.465
0.4645
0.4638
0.464
0.4646
0.4647
0.4643
0.4644
0.4647
0.4651
0.4654
0.4654
0.4651
0.4648
0.4649
0.4648
0.4652
0.4659
0.4664
0.4669
0.4664
0.4655
0.4657
0.4666
0.4672
0.4667
0.4667
0.4667
0.467
0.467
0.467
0.4674
0.4677
0.4686
0.4689
0.4685
0.4681
0.4683
0.4682
0.4682
0.4684
0.4682
0.4685
0.4686
0.4688
0.4685
0.4677
0.4678
0.468
0.4684
0.4689
0.469
0.469
0.4687
0.4681
0.4679
0.4679
0.468
0.4681
0.4679
0.4677
0.4673
0.4678
0.4679
0.4672
0.4675
0.4681
0.4688
0.4689
0.4684
0.4677
0.467
0.467
0.4674
0.4674
0.4671
0.4677
0.468
0.4675
0.4667
0.4666
0.4669
0.4667
0.4666
0.4661
0.4666
0.4668
0.4672
0.4682
0.4682
0.4673
0.466
0.4659
0.4663
0.4655
0.4651
0.4649
0.465
0.4649
0.465
0.4654
0.4651
0.4645
0.4632
0.462
0.4616
0.4619
0.4618
0.4605
0.4587
0.458
0.4584
0.4584
0.4577
0.4568
0.4563
0.4562
0.4552
0.4549
0.4543
0.4541
0.4538
0.4526
0.4527
0.4526
0.4541
0.4544
0.4533
0.4538
0.4526
0.4526
0.4526
0.453
0.4542
0.455
0.4568
0.4585
0.4593
0.4597
0.4604
0.4614
0.4631
0.4649
0.4652
0.4659
0.4672
0.4683
0.4696
0.4704
0.4722
0.4735
0.4745
0.4757
0.476
0.477
0.4778
0.4789
0.4796
0.4797
0.481
0.4818
0.4818
0.4823
0.4826
0.4836
0.4842
0.4844
0.485
0.4853
0.4853
0.4852
0.4853
0.4865
0.487
0.487
0.4873
0.4879
0.489
0.4893
0.4887
0.4882
0.4882
0.4888
0.4893
0.4892
0.4893
0.4895
0.4896
0.4896
0.4897
0.4893
0.489
0.4891
0.4889
0.4884
0.4882
0.4883
0.4882
0.4877
0.4876
0.4881
0.4884
0.4887
0.4882
0.4881
0.4883
0.4887
0.4899
0.4904
0.4911
0.4912
0.4908
0.4912
0.4915
0.4915
0.4915
0.4914
0.492
0.492
0.4915
0.4916
0.4919
0.4919
0.4912
0.4907
0.4907
0.4913
0.4923
0.4925
0.4926
0.4925
0.4928
0.493
0.4929
0.4929
0.4937
0.4938
0.4937
0.4941
0.4943
0.4948
0.4949
0.4952
0.4956
0.4952
0.4949
0.4948
0.4952
0.4955
0.4958
0.496
0.4962
0.4969
0.4975
0.4978
0.4977
0.4975
0.498
0.4984
0.4987
0.4987
0.4984
0.499
0.4993
0.4993
0.4996
0.4999
0.4993
0.4987
0.4985
0.4994
0.5004
0.5001
0.5007
0.5006
0.5012
0.5015
0.5017
0.5018
0.5018
0.5022
0.5021
0.503
0.5034
0.5034
0.5036
0.5032
0.5034
0.5029
0.5026
0.5039
0.5043
0.5043
0.5047
0.5055
0.506
0.5051
0.5053
0.5058
0.506
0.5059
0.5053
0.5052
0.5052
0.5055
0.5059
0.5052
0.5047
0.505
0.5058
0.507
0.5075
0.5066
0.5065
0.5069
0.5071
0.5073
0.507
0.5078
0.5083
0.5086
0.5082
0.5078
0.508
0.5082
0.5085
0.5083
0.5086
0.5091
0.5091
0.509
0.509
0.5089
0.5088
0.5092
0.5098
0.5103
0.5102
0.5098
0.51
0.5102
0.5099
0.5098
0.5097
0.5101
0.5104
0.5107
0.5107
0.5108
0.511
0.5111
0.5116
0.5118
0.5121
0.5122
0.5116
0.5119
0.5114
0.5111
0.5108
0.5107
0.511
0.511
0.5115
0.5119
0.512
0.5119
0.5123
0.5126
0.5125
0.5125
0.5122
0.5123
0.5123
0.5122
0.5123
0.5121
0.512
0.5118
0.5116
0.511
0.5112
0.512
0.5123
0.5119
0.512
0.5128
0.5129
0.5127
0.5126
0.5133
0.5134
0.5132
0.5133
0.5131
0.5129
0.5131
0.5129
0.513
0.5129
0.5129
0.5139
0.514
0.5139
0.5139
0.5139
0.5145
0.5141
0.5142
0.5146
0.5142
0.5143
0.5138
0.5143
0.514
0.5139
0.5141
0.5139
0.5138
0.5134
0.5135
0.5136
0.5136
0.5139
0.5144
0.5149
0.5149
0.5145
0.5138
0.5136
0.5139
0.5139
0.5138
0.5133
0.5128
0.5127
0.5127
0.5129
0.5129
0.5127
0.5126
0.5127
0.5131
0.5129
0.5123
0.5119
0.5117
0.512
0.5121
0.5124
0.5124
0.512
0.5118
0.5118
0.5122
0.5123
0.5119
0.5118
0.5126
0.5128
0.5131
0.5137
0.5142
0.515
0.5147
0.5149
0.5154
0.5165
0.5172
0.5171
0.5166
0.5161
0.5159
0.5154
0.5157
0.5163
0.5171
0.5175
0.5171
0.5172
0.5176
0.5182
0.5187
0.5189
0.5196
0.5204
0.5211
0.5216
0.5212
0.5214
0.5214
0.5214
0.5217
0.5218
0.5224
0.5229
0.5233
0.5235
0.5236
0.524
0.5247
0.5253
0.526
0.5263
0.5265
0.5265
0.5266
0.527
0.527
0.5273
0.5276
0.5278
0.5282
0.5284
0.5283
0.528
0.5279
0.5284
0.5289
0.529
0.5295
0.53
0.5306
0.5307
0.531
0.5313
0.5312
0.531
0.5306
0.5307
0.5312
0.5312
0.5307
0.5303
0.5306
0.5312
0.5317
0.5321
0.5324
0.5327
0.5329
0.5329
0.533
0.5331
0.533
0.5331
0.5333
0.5333
0.533
0.5326
0.5326
0.5331
0.5333
0.5331
0.5335
0.5336
0.5332
0.5338
0.5342
0.5353
0.5357
0.5352
0.5355
0.5353
0.5355
0.5357
0.5353
0.5353
0.5355
0.5353
0.5352
0.535
0.5348
0.5349
0.535
0.5348
0.5343
0.5342
0.535
0.5359
0.536
0.5357
0.5359
0.5367
0.5374
0.5368
0.537
0.5358
0.5354
0.5362
0.5366
0.5384
0.5368
0.5381
0.5376
0.5362
0.536
0.5359
0.5376
0.5373
0.5371
0.5373
0.5376
0.5379
0.538
0.538
0.5379
0.5377
0.5376
0.5373
0.5372
0.5377
0.5375
0.5374
0.5377
0.5379
0.5384
0.538
0.5376
0.5373
0.537
0.5375
0.5378
0.5376
0.5371
0.5371
0.5376
0.5373
0.5373
0.5375
0.5377
0.5375
0.5369
0.5369
0.5374
0.5375
0.5376
0.5375
0.5374
0.5375
0.5369
0.5359
0.5351
0.5351
0.5352
0.535
0.5352
0.5353
0.5356
0.5357
0.5358
0.5358
0.536
0.5362
0.5361
0.5355
0.535
0.5348
0.5349
0.5355
0.5362
0.5369
0.5374
0.5375
0.5374
0.5375
0.5375
0.5374
0.5374
0.5376
0.5378
0.5376
0.5374
0.5376
0.538
0.5384
0.5383
0.5383
0.5384
0.5389
0.5395
0.5397
0.5402
0.5397
0.5395
0.54
0.5401
0.5406
0.5403
0.5405
0.5408
0.5411
0.5419
0.5425
0.5428
0.5429
0.5427
0.543
0.543
0.5436
0.5441
0.5437
0.544
0.544
0.5446
0.5449
0.5443
0.5445
0.5442
0.5448
0.5453
0.5454
0.5456
0.5452
0.5462
0.5469
0.5473
0.5465
0.5451
0.546
0.5464
0.5458
0.5456
0.5455
0.5467
0.5467
0.5461
0.5464
0.5461
0.5461
0.546
0.546
0.5464
0.5465
0.5466
0.5468
0.547
0.5471
0.5468
0.5465
0.5473
0.5482
0.549
0.5491
0.5492
0.5495
0.5496
0.5495
0.5492
0.5493
0.5491
0.5485
0.5484
0.5477
0.5478
0.5478
0.5476
0.5479
0.5477
0.5474
0.5474
0.5468
0.5458
0.5465
0.5465
0.5466
0.5463
0.5461
0.5469
0.5466
0.5463
0.5462
0.5463
0.5468
0.5464
0.5459
0.5457
0.545
0.5447
0.544
0.5443
0.5445
0.544
0.5435
0.5433
0.5435
0.5434
0.5437
0.5442
0.5441
0.5434
0.543
0.5428
0.5437
0.5441
0.5442
0.5441
0.5437
0.5442
0.5432
0.5433
0.5433
0.543
0.5426
0.5409
0.5412
0.5404
0.5397
0.5397
0.5394
0.5399
0.539
0.5378
0.536
0.5341
0.5333
0.5328
0.5334
0.5316
0.5306
0.5294
0.5276
0.5267
0.5244
0.5245
0.5234
0.5215
0.5191
0.5156
0.5117
0.5086
0.507
0.5067
0.5072
0.5058
0.5049
0.5033
0.5019
0.5014
0.4987
0.496
0.4935
0.4921
0.493
0.4918
0.4912
0.4901
0.4891
0.4894
0.4904
0.4913
0.4916
0.4905
0.4906
0.4893
0.4865
0.4846
0.4824
0.4815
0.4818
0.4831
0.4831
0.4816
0.4803
0.4815
0.4833
0.481
0.4779
0.474
0.4704
0.4661
0.4617
0.4588
0.4564
0.4541
0.4515
0.4487
0.4452
0.4405
0.437
0.4351
0.4341
0.433
0.4318
0.4331
0.4348
0.4347
0.4308
0.4273
0.4274
0.4263
0.4279
0.4302
0.4343
0.4363
0.4339
0.432
0.4327
0.4369
0.4404
0.4425
0.4437
0.4454
0.4485
0.4511
0.4528
0.4528
0.4515
0.4521
0.4534
0.4546
0.4556
0.4563
0.4589
0.4629
0.468
0.472
0.4744
0.4761
0.4776
0.4804
0.4832
0.486
0.4879
0.4891
0.4913
0.4945
0.498
0.4992
0.5012
0.5036
0.5054
0.508
0.5102
0.513
0.5156
0.5172
0.5209
0.5237
0.5254
0.5276
0.5292
0.5321
0.533
0.534
0.5345
0.535
0.5358
0.5368
0.5397
0.5409
0.542
0.544
0.5452
0.5453
0.5455
0.5473
0.5498
0.5507
0.5509
0.5517
0.5519
0.5522
0.5527
0.554
0.5549
0.5558
0.5566
0.5566
0.5567
0.5559
0.5555
0.5566
0.5571
0.559
0.5589
0.5574
0.5595
0.5618
0.5642
0.5643
0.5629
0.563
0.5628
0.5641
0.5653
0.5647
0.5658
0.5665
0.5661
0.5666
0.5657
0.5675
0.5666
0.5652
0.5634
0.5648
0.5675
0.5699
0.5722
0.5704
0.5691
0.5693
0.5693
0.5693
0.569
0.5699
0.5725
0.5719
0.5696
0.5687
0.5708
0.5727
0.5706
0.5704
0.5697
0.5707
0.5706
0.5683
0.5678
0.5717
0.5731
0.5719
0.5707
0.5714
0.5726
0.5713
0.5715
0.5716
0.5718
0.5722
0.5719
0.5715
0.5715
0.5717
0.571
0.5706
0.5709
0.5714
0.5721
0.5715
0.5718
0.5721
0.5721
0.5727
0.5722
0.5721
0.572
0.572
0.5726
0.5721
0.5722
0.5722
0.572
0.572
0.5714
0.5718
0.5716
0.5711
0.571
0.5708
0.5706
0.5706
0.571
0.5717
0.5714
0.5703
0.5703
0.5709
0.5715
0.5717
0.5718
0.572
0.5721
0.5723
0.5724
0.5718
0.5715
0.5713
0.5714
0.5712
0.571
0.5715
0.5713
0.5712
0.5713
0.5709
0.571
0.5711
0.5708
0.571
0.5703
0.5701
0.5699
0.5697
0.57
0.5705
0.5713
0.5706
0.5701
0.5696
0.5706
0.5703
0.5695
0.5695
0.5689
0.5687
0.5685
0.5691
0.5691
0.5689
0.5688
0.5688
0.5694
0.5685
0.5679
0.5669
0.5662
0.5664
0.5662
0.5654
0.5646
0.5639
0.564
0.5638
0.5631
0.5626
0.5629
0.5631
0.5623
0.5619
0.5611
0.5609
0.5596
0.559
0.559
0.5579
0.5589
0.5592
0.5593
0.5579
0.5567
0.557
0.5565
0.5569
0.5577
0.5586
0.5589
0.5576
0.5577
0.558
0.5592
0.5605
0.5606
0.5609
0.561
0.5622
0.564
0.5641
0.5642
0.5663
0.5672
0.5672
0.5647
0.5635
0.5635
0.5632
0.5627
0.5614
0.5601
0.5582
0.5569
0.5565
0.5577
0.559
0.5595
0.5591
0.5597
0.5604
0.5614
0.5619
0.5617
0.561
0.5601
0.5601
0.5605
0.5602
0.5601
0.5607
0.5616
0.5633
0.5637
0.5649
0.5648
0.5639
0.5646
0.5633
0.5627
0.562
0.5624
0.5645
0.565
0.5651
0.5643
0.5627
0.5624
0.5632
0.5643
0.5651
0.5651
0.5648
0.5652
0.5666
0.568
0.5691
0.5683
0.5668
0.5662
0.5659
0.5669
0.5675
0.5682
0.5687
0.5683
0.5686
0.569
0.5695
0.5694
0.5693
0.5696
0.5689
0.5681
0.568
0.5679
0.5677
0.5671
0.5673
0.5675
0.5673
0.567
0.5672
0.5675
0.5667
0.5666
0.5662
0.5659
0.5656
0.5643
0.5644
0.5652
0.5664
0.5669
0.5661
0.5647
0.5638
0.5636
0.563
0.5638
0.5636
0.5604
0.5625
0.5628
0.5633
0.5615
0.5592
0.5618
0.5621
0.5627
0.5629
0.5623
0.5611
0.5611
0.5614
0.5611
0.5603
0.5596
0.5603
0.5609
0.5613
0.5611
0.5608
0.5606
0.5604
0.5607
0.5607
0.5604
0.5599
0.5596
0.5591
0.5583
0.5569
0.5565
0.5571
0.5569
0.557
0.5567
0.557
0.5572
0.5574
0.5581
0.5588
0.5592
0.5591
0.5592
0.5586
0.5572
0.5567
0.5567
0.5568
0.5568
0.5564
0.5564
0.556
0.5552
0.5548
0.5543
0.5539
0.5539
0.5535
0.5531
0.5524
0.5516
0.5511
0.5505
0.5505
0.5497
0.5487
0.5483
0.5489
0.55
0.5501
0.5505
0.5506
0.5508
0.5504
0.5502
0.5506
0.5505
0.5501
0.5496
0.5489
0.5493
0.5501
0.5497
0.5496
0.5493
0.5495
0.5494
0.5486
0.5486
0.5484
0.548
0.5469
0.5452
0.5436
0.5422
0.5418
0.5422
0.543
0.5417
0.5398
0.5388
0.5389
0.5406
0.5419
0.5421
0.5408
0.5396
0.5406
0.5423
0.5434
0.5433
0.5421
0.5409
0.5413
0.5423
0.5426
0.5423
0.5416
0.5429
0.545
0.5478
0.5492
0.5487
0.5474
0.546
0.5453
0.5454
0.5472
0.5493
0.5508
0.5514
0.5515
0.5516
0.5521
0.5524
0.5524
0.5531
0.5544
0.5567
0.5582
0.5584
0.5581
0.5583
0.5595
0.5608
0.5616
0.5616
0.5617
0.5625
0.5631
0.5643
0.5655
0.5666
0.5684
0.5694
0.5697
0.5699
0.5696
0.5703
0.5716
0.5732
0.5746
0.5753
0.5757
0.5763
0.5765
0.5766
0.5773
0.5782
0.579
0.5793
0.5797
0.5805
0.5817
0.5833
0.5843
0.5848
0.5848
0.5848
0.5853
0.585
0.5843
0.5842
0.5853
0.5876
0.5896
0.5901
0.5897
0.5896
0.5899
0.5909
0.5917
0.5925
0.5936
0.5941
0.5942
0.5941
0.5941
0.5942
0.5942
0.5943
0.5949
0.5956
0.5963
0.5974
0.5976
0.5975
0.5976
0.5979
0.5984
0.5984
0.5983
0.5985
0.5985
0.5986
0.5985
0.5983
0.5984
0.5984
0.5979
0.5974
0.5972
0.597
0.5968
0.5965
0.5959
0.5954
0.5948
0.5945
0.5943
0.5937
0.593
0.5928
0.5922
0.5916
0.5908
0.5897
0.5893
0.5892
0.5894
0.5888
0.5869
0.5857
0.5857
0.5868
0.5875
0.5874
0.5868
0.586
0.5862
0.5864
0.586
0.5846
0.5832
0.5829
0.5819
0.5801
0.5791
0.5789
0.5789
0.5773
0.5743
0.5722
0.5717
0.5734
0.5753
0.5762
0.5772
0.5773
0.5769
0.5759
0.5751
0.5756
0.5763
0.577
0.5772
0.5767
0.5764
0.5774
0.5795
0.5818
0.5826
0.5826
0.5831
0.5835
0.5837
0.5834
0.5828
0.5822
0.5817
0.5813
0.5812
0.5822
0.583
0.5842
0.5844
0.5844
0.5854
0.5859
0.5865
0.5864
0.5859
0.5847
0.583
0.5811
0.5807
0.5818
0.585
0.5877
0.588
0.5892
0.5901
0.5905
0.5905
0.5911
0.5916
0.5912
0.5907
0.5898
0.5903
0.593
0.5922
0.5918
0.588
0.5858
0.5873
0.5901
0.5927
0.591
0.5931
0.5924
0.5913
0.5922
0.5955
0.5963
0.5954
0.5962
0.5964
0.5934
0.5903
0.5927
0.595
0.5939
0.594
0.594
0.5952
0.5941
0.5921
0.5917
0.594
0.5952
0.5921
0.5938
0.5954
0.5951
0.5943
0.5919
0.5947
0.5954
0.5934
0.5922
0.5893
0.5892
0.5913
0.5938
0.5943
0.5903
0.5885
0.5896
0.5923
0.5906
0.5878
0.5883
0.5886
0.5901
0.5911
0.5908
0.5899
0.5862
0.5855
0.5882
0.5894
0.5877
0.5871
0.5883
0.5892
0.5893
0.5882
0.5877
0.5849
0.5831
0.5804
0.581
0.5812
0.5815
0.5798
0.5774
0.5766
0.5751
0.5765
0.5756
0.5735
0.5711
0.5688
0.5692
0.568
0.5661
0.5653
0.5649
0.5643
0.5643
0.5657
0.5676
0.5677
0.5669
0.5658
0.5653
0.5645
0.5627
0.5619
0.5607
0.5595
0.5592
0.5589
0.5585
0.5574
0.5549
0.5522
0.5493
0.5471
0.546
0.5429
0.5388
0.5352
0.5342
0.5367
0.537
0.5347
0.5316
0.5298
0.5313
0.5336
0.5351
0.5322
0.5274
0.5247
0.5256
0.5272
0.5254
0.5228
0.5198
0.517
0.5176
0.5184
0.5186
0.5165
0.514
0.5108
0.5068
0.5046
0.5056
0.5082
0.5085
0.5086
0.5109
0.5135
0.5162
0.5191
0.521
0.5224
0.5222
0.5225
0.5249
0.5259
0.5269
0.5258
0.523
0.5201
0.5156
0.5131
0.5124
0.5132
0.5132
0.5112
0.5104
0.5128
0.5181
0.5245
0.5304
0.5348
0.5375
0.5388
0.54
0.5412
0.5419
0.5428
0.5439
0.5449
0.5445
0.5426
0.5421
0.5428
0.5435
0.5436
0.5432
0.5433
0.5438
0.5447
0.5467
0.5486
0.5499
0.5507
0.551
0.5513
0.5519
0.5531
0.554
0.5541
0.5538
0.5551
0.5575
0.5599
0.5608
0.5604
0.5601
0.5597
0.5595
0.5588
0.5595
0.5616
0.5628
0.5634
0.5631
0.563
0.563
0.5629
0.5632
0.5636
0.5638
0.5647
0.566
0.5674
0.5687
0.5691
0.5698
0.5708
0.5716
0.572
0.5717
0.5717
0.5722
0.5727
0.5728
0.5725
0.5724
0.5725
0.5728
0.5722
0.571
0.5711
0.5702
0.569
0.5679
0.5685
0.5712
0.5724
0.5728
0.5724
0.5723
0.5731
0.5735
0.5739
0.5739
0.5745
0.5752
0.5747
0.5735
0.5724
0.5719
0.5714
0.5708
0.5694
0.5686
0.5681
0.5668
0.5674
0.567
0.5659
0.5642
0.5617
0.5601
0.557
0.5536
0.5511
0.5483
0.5457
0.5425
0.5376
0.5319
0.5263
0.5231
0.5204
0.5164
0.5112
0.5119
0.5087
0.5072
0.4978
0.4909
0.4788
0.4683
0.4683
0.4701
0.4726
0.4681
0.461
0.4567
0.4552
0.4495
0.4397
0.4345
0.4342
0.4335
0.4342
0.43
0.4324
0.4357
0.4329
0.43
0.4193
0.4098
0.4018
0.401
0.4007
0.4021
0.397
0.389
0.377
0.3717
0.3706
0.3721
0.3741
0.3725
0.3759
0.377
0.3777
0.3757
0.3721
0.3699
0.3691
0.3697
0.3647
0.3592
0.3532
0.3541
0.3569
0.3544
0.3508
0.3522
0.3593
0.368
0.367
0.3601
0.3547
0.3501
0.3435
0.3421
0.3466
0.3457
0.3439
0.3373
0.3303
0.3265
0.322
0.3245
0.3226
0.3148
0.3085
0.302
0.309
0.3184
0.3182
0.3056
0.2821
0.2698
0.2612
0.2578
0.2547
0.2488
0.2423
0.238
0.2388
0.2346
0.2225
0.2082
0.2043
0.2112
0.2247
0.2361
0.245
0.2506
0.2546
0.2555
0.2461
0.2295
0.215
0.2101
0.2138
0.2148
0.2052
0.1914
0.1854
0.197
0.2132
0.2198
0.2154
0.2121
0.2165
0.2206
0.2264
0.2361
0.2535
0.2696
0.2745
0.2746
0.2703
0.2661
0.2639
0.2642
0.2682
0.2662
0.2645
0.2611
0.2656
0.2729
0.2746
0.2751
0.2708
0.2734
0.2836
0.2934
0.2984
0.2967
0.2962
0.3041
0.3144
0.3255
0.3338
0.3386
0.3398
0.3384
0.3418
0.349
0.3568
0.3597
0.3568
0.3561
0.3543
0.3522
0.3548
0.3633
0.369
0.3686
0.3637
0.3588
0.3563
0.3565
0.3628
0.3742
0.3836
0.3871
0.3911
0.3951
0.3988
0.4043
0.412
0.4166
0.4175
0.4154
0.4113
0.4097
0.4145
0.4233
0.4351
0.4445
0.451
0.4539
0.449
0.4378
0.4319
0.4287
0.4325
0.4371
0.4452
0.4578
0.4708
0.477
0.4794
0.4841
0.4889
0.4898
0.4861
0.4815
0.4781
0.4734
0.4699
0.4703
0.475
0.4841
0.493
0.4997
0.5019
0.5031
0.5053
0.507
0.5074
0.5076
0.5096
0.5126
0.5161
0.5194
0.5223
0.5239
0.5259
0.5288
0.5329
0.5367
0.5377
0.5372
0.5369
0.5382
0.5412
0.5442
0.5476
0.5504
0.5528
0.5552
0.5564
0.5575
0.5573
0.5563
0.5552
0.5561
0.5593
0.5624
0.5656
0.567
0.5695
0.5724
0.5733
0.5733
0.5728
0.5742
0.5759
0.5759
0.5749
0.5754
0.5775
0.5803
0.5822
0.5828
0.5832
0.5833
0.5832
0.5833
0.5836
0.5838
0.5841
0.5847
0.5851
0.586
0.5874
0.5889
0.5902
0.5906
0.5909
0.5915
0.592
0.5928
0.5936
0.5936
0.5932
0.5934
0.5935
0.5937
0.5934
0.5935
0.5943
0.5945
0.5945
0.5937
0.5925
0.5918
0.5924
0.5933
0.5938
0.5939
0.5939
0.5939
0.5949
0.5956
0.5957
0.5954
0.595
0.5949
0.5938
0.5923
0.5912
0.5908
0.5918
0.5938
0.5955
0.596
0.5957
0.5951
0.5946
0.5941
0.5931
0.592
0.5918
0.5922
0.5926
0.593
0.5935
0.594
0.5945
0.5944
0.5941
0.5939
0.5935
0.5933
0.5931
0.594
0.5946
0.5932
0.5908
0.5886
0.5886
0.5893
0.5898
0.5903
0.591
0.592
0.593
0.5936
0.5937
0.594
0.5942
0.5955
0.5957
0.5947
0.5936
0.5929
0.5935
0.5945
0.5957
0.5964
0.5956
0.5934
0.5908
0.5896
0.5891
0.5893
0.5901
0.5908
0.5916
0.5911
0.5911
0.5921
0.5926
0.5929
0.5926
0.5929
0.5936
0.5943
0.5944
0.5931
0.5911
0.5898
0.59
0.5906
0.5908
0.5909
0.5904
0.5896
0.5889
0.5888
0.5894
0.59
0.5904
0.5903
0.5898
0.5891
0.5887
0.5885
0.5886
0.589
0.5887
0.5877
0.5862
0.5852
0.5852
0.5855
0.5858
0.5858
0.5847
0.5834
0.5827
0.5819
0.5812
0.5808
0.5809
0.5808
0.5804
0.5799
0.5791
0.578
0.5772
0.5768
0.5765
0.5765
0.5767
0.5765
0.5764
0.5764
0.5763
0.5769
0.5767
0.5765
0.5766
0.5764
0.576
0.5757
0.5756
0.5755
0.5753
0.5749
0.5742
0.5732
0.5719
0.5706
0.5696
0.5691
0.5685
0.568
0.5679
0.5677
0.5671
0.5659
0.5643
0.5631
0.5625
0.5621
0.5614
0.56
0.5589
0.5588
0.5592
0.5592
0.559
0.5594
0.5603
0.5607
0.5609
0.5611
0.5608
0.5603
0.5606
0.5611
0.5603
0.559
0.5584
0.558
0.5568
0.5553
0.5547
0.5546
0.554
0.5527
0.5514
0.5503
0.5492
0.5483
0.548
0.5486
0.5493
0.5497
0.5499
0.5496
0.5484
0.5468
0.5455
0.5453
0.5463
0.5472
0.5475
0.5487
0.5515
0.5552
0.5575
0.5563
0.5526
0.5492
0.5493
0.5507
0.5482
0.5429
0.5397
0.5408
0.5443
0.5471
0.5484
0.5498
0.5522
0.554
0.5545
0.5539
0.5526
0.5528
0.5549
0.5568
0.5569
0.5554
0.5531
0.5506
0.5494
0.5493
0.5488
0.5476
0.547
0.5486
0.5516
0.5539
0.5546
0.554
0.5521
0.5509
0.554
0.5589
0.5601
0.5581
0.5561
0.5539
0.5512
0.5502
0.5492
0.551
0.5518
0.5513
0.55
0.5494
0.5502
0.551
0.5502
0.5485
0.5478
0.5485
0.5491
0.5487
0.5479
0.547
0.5452
0.5422
0.5396
0.5377
0.535
0.5313
0.528
0.5255
0.5232
0.5218
0.5223
0.5245
0.5271
0.5286
0.5282
0.528
0.5294
0.5324
0.536
0.538
0.5375
0.5359
0.5358
0.5361
0.5362
0.5363
0.535
0.5322
0.5286
0.5261
0.5251
0.5253
0.5256
0.5247
0.5237
0.5228
0.5214
0.52
0.5187
0.5176
0.5167
0.517
0.5191
0.5207
0.5204
0.5192
0.5183
0.5177
0.517
0.5159
0.5142
0.5123
0.5116
0.5133
0.5139
0.5123
0.51
0.5077
0.5058
0.5044
0.5052
0.5059
0.5053
0.5038
0.5025
0.5026
0.5018
0.4988
0.4957
0.495
0.4951
0.4914
0.4841
0.4777
0.4752
0.4754
0.4747
0.4729
0.4707
0.4664
0.4593
0.4518
0.4463
0.4418
0.4394
0.4405
0.4436
0.4463
0.4472
0.4471
0.4465
0.445
0.4416
0.4384
0.4397
0.4445
0.4481
0.4481
0.4452
0.441
0.4385
0.441
0.445
0.4457
0.4447
0.4432
0.4395
0.4327
0.4287
0.4286
0.4274
0.4212
0.4117
0.401
0.3924
0.3886
0.3905
0.4005
0.4178
0.4358
0.4459
0.4487
0.4507
0.4543
0.4578
0.4604
0.4645
0.4709
0.474
0.4681
0.4563
0.4483
0.446
0.4452
0.446
0.4487
0.4505
0.4486
0.4469
0.4461
0.4437
0.4414
0.4438
0.4491
0.4516
0.4508
0.4507
0.4527
0.4539
0.4541
0.4537
0.4541
0.4556
0.4565
0.4581
0.4603
0.4628
0.4658
0.4671
0.4683
0.4685
0.4682
0.469
0.47
0.4709
0.4719
0.4723
0.4726
0.4726
0.4715
0.4695
0.4679
0.4679
0.4688
0.4709
0.4736
0.4757
0.4758
0.4736
0.4714
0.4693
0.4671
0.4655
0.4654
0.4681
0.4701
0.4685
0.4661
0.4662
0.4673
0.4645
0.4592
0.456
0.4562
0.4571
0.456
0.4534
0.4476
0.4416
0.4397
0.4409
0.4429
0.4406
0.4356
0.4308
0.4262
0.4233
0.423
0.4254
0.4286
0.4321
0.4368
0.4416
0.444
0.4423
0.4401
0.4393
0.4353
0.4274
0.4208
0.4215
0.4254
0.425
0.4192
0.4128
0.4101
0.4115
0.4147
0.4177
0.4185
0.4154
0.4114
0.4087
0.4086
0.4096
0.4125
0.4193
0.4237
0.4194
0.4118
0.4103
0.4133
0.4139
0.4102
0.4037
0.3986
0.3951
0.3933
0.3928
0.3934
0.397
0.4016
0.404
0.4027
0.3996
0.397
0.3959
0.3964
0.3982
0.4023
0.4084
0.4133
0.4136
0.4098
0.4049
0.3998
0.3963
0.3972
0.403
0.4096
0.4118
0.4105
0.4108
0.4159
0.4233
0.4281
0.4266
0.4203
0.4138
0.4079
0.4038
0.4057
0.4155
0.4291
0.4374
0.4387
0.4399
0.4427
0.443
0.4378
0.43
0.425
0.4217
0.4192
0.4188
0.4216
0.4275
0.434
0.4397
0.444
0.4452
0.4452
0.4443
0.443
0.4435
0.4455
0.4485
0.4503
0.4504
0.4509
0.4533
0.4574
0.4612
0.461
0.4565
0.452
0.4491
0.4481
0.4498
0.453
0.4562
0.4588
0.4615
0.4657
0.4697
0.4728
0.4739
0.4736
0.4725
0.471
0.4699
0.4698
0.4715
0.4743
0.4769
0.4784
0.478
0.4773
0.4797
0.4835
0.4863
0.4861
0.486
0.4891
0.4939
0.4991
0.5024
0.5022
0.4999
0.4973
0.497
0.4995
0.5017
0.5009
0.4982
0.4974
0.5003
0.5038
0.5057
0.5064
0.5074
0.5106
0.512
0.509
0.5015
0.4945
0.4934
0.4957
0.4969
0.4966
0.4969
0.5
0.5048
0.5085
0.5113
0.5127
0.513
0.5117
0.5098
0.5093
0.5094
0.5102
0.5123
0.5145
0.5151
0.5124
0.5093
0.5089
0.5121
0.5178
0.5223
0.5234
0.5232
0.5241
0.5271
0.5298
0.5309
0.5303
0.5286
0.5281
0.5295
0.5312
0.5319
0.5314
0.5307
0.5323
0.5335
0.5325
0.532
0.5325
0.5347
0.537
0.5387
0.5396
0.5404
0.5418
0.5434
0.5447
0.5452
0.5452
0.5451
0.5452
0.5449
0.544
0.543
0.5414
0.5397
0.5401
0.5421
0.5448
0.546
0.5459
0.5471
0.5487
0.5499
0.5494
0.548
0.5474
0.5484
0.5499
0.5513
0.5521
0.5515
0.5514
0.5509
0.5516
0.5525
0.5522
0.5524
0.553
0.5544
0.5558
0.5562
0.5566
0.5573
0.5579
0.5589
0.558
0.5549
0.5545
0.5592
0.566
0.5686
0.5662
0.5625
0.5622
0.5627
0.5633
0.5634
0.5621
0.5597
0.5595
0.5652
0.5704
0.5719
0.57
0.5686
0.5694
0.5688
0.5691
0.5698
0.5694
0.5681
0.5676
0.5677
0.5689
0.5711
0.5715
0.5694
0.5681
0.57
0.5727
0.5738
0.5737
0.5729
0.5708
0.5688
0.5715
0.5774
0.5802
0.5784
0.5751
0.5735
0.5733
0.5727
0.5731
0.5727
0.5712
0.5726
0.5745
0.576
0.5763
0.5749
0.5746
0.5738
0.5737
0.5748
0.5757
0.5758
0.575
0.5744
0.5748
0.5757
0.5752
0.5745
0.5761
0.5789
0.5809
0.5802
0.5781
0.5771
0.5762
0.5759
0.5762
0.5764
0.5762
0.5759
0.5769
0.5775
0.577
0.576
0.5762
0.5768
0.5768
0.5755
0.5749
0.5756
0.5762
0.5758
0.5729
0.5712
0.5727
0.5756
0.5785
0.5789
0.5793
0.5803
0.5801
0.5809
0.581
0.5809
0.581
0.5805
0.5809
0.5812
0.5816
0.5818
0.5815
0.5809
0.5806
0.582
0.5841
0.5852
0.5845
0.5833
0.5833
0.5842
0.585
0.5849
0.5842
0.5831
0.5826
0.5829
0.5837
0.5848
0.5841
0.5824
0.5822
0.5844
0.587
0.588
0.5875
0.5868
0.5857
0.585
0.5845
0.5839
0.583
0.582
0.582
0.5816
0.5819
0.5838
0.5809
0.5789
0.5805
0.5771
0.5799
0.5795
0.5793
0.5778
0.5711
0.574
0.5726
0.5694
0.5667
0.5686
0.5702
0.5697
0.5645
0.5604
0.5576
0.5557
0.5544
0.5505
0.5411
0.5336
0.5327
0.5336
0.5429
0.5421
0.5375
0.5289
0.5141
0.5059
0.5049
0.5184
0.5226
0.5246
0.5206
0.513
0.4964
0.4837
0.4812
0.4957
0.5079
0.5153
0.509
0.4963
0.4802
0.4688
0.4653
0.4727
0.4907
0.5039
0.4908
0.4739
0.4473
0.4263
0.4204
0.4299
0.4397
0.4378
0.4313
0.4289
0.4295
0.425
0.4264
0.4401
0.4624
0.4743
0.4659
0.4534
0.4539
0.4663
0.4741
0.4756
0.4727
0.4672
0.4595
0.4474
0.4411
0.4436
0.4511
0.4538
0.4438
0.4221
0.3977
0.3837
0.386
0.403
0.4196
0.4219
0.4134
0.4053
0.4019
0.3999
0.4036
0.418
0.4422
0.4661
0.482
0.4916
0.4938
0.4929
0.4938
0.4916
0.4879
0.4852
0.4856
0.4855
0.4817
0.4803
0.48
0.4707
0.4541
0.4428
0.4461
0.4565
0.4604
0.4576
0.4565
0.4629
0.4738
0.4842
0.4876
0.4844
0.4824
0.4881
0.5016
0.5123
0.5147
0.5091
0.5022
0.5023
0.511
0.5212
0.5268
0.5254
0.5178
0.5079
0.5045
0.5107
0.5182
0.5212
0.5199
0.5191
0.518
0.5154
0.5104
0.5033
0.5009
0.5058
0.5167
0.5255
0.5267
0.5224
0.5163
0.5129
0.5132
0.5149
0.5179
0.5226
0.529
0.5347
0.5365
0.5348
0.5326
0.5325
0.5344
0.5367
0.5362
0.5354
0.5375
0.5364
0.5289
0.5163
0.5105
0.5123
0.515
0.5187
0.522
0.5242
0.5219
0.5162
0.5124
0.5114
0.5103
0.507
0.5046
0.5068
0.5102
0.5117
0.5129
0.5121
0.5082
0.5022
0.4971
0.4932
0.4899
0.4886
0.4904
0.4936
0.4965
0.4962
0.4898
0.4794
0.4698
0.4639
0.4604
0.4583
0.4566
0.454
0.4524
0.4533
0.456
0.4579
0.4577
0.4556
0.4485
0.4328
0.4197
0.4164
0.4159
0.4129
0.4114
0.4172
0.4273
0.4308
0.4282
0.4278
0.4301
0.4302
0.425
0.4156
0.4052
0.396
0.3913
0.3906
0.3915
0.393
0.3913
0.3845
0.3766
0.373
0.3721
0.3636
0.3475
0.3363
0.3361
0.3419
0.3419
0.3334
0.3275
0.3256
0.326
0.3247
0.3192
0.3139
0.3087
0.3062
0.3065
0.3095
0.3135
0.3191
0.3259
0.3253
0.3153
0.3006
0.2938
0.3005
0.3093
0.311
0.3047
0.2947
0.2856
0.2771
0.2715
0.2682
0.2618
0.2538
0.2479
0.2483
0.2519
0.2517
0.2459
0.2388
0.2364
0.2378
0.2367
0.2274
0.2164
0.2125
0.2144
0.2145
0.206
0.1931
0.1858
0.1893
0.1981
0.2027
0.2015
0.2002
0.2024
0.2076
0.2129
0.2156
0.213
0.205
0.1991
0.2005
0.2071
0.2068
0.1952
0.1837
0.1855
0.2029
0.2158
0.2118
0.2046
0.2072
0.2176
0.2195
0.2098
0.2015
0.2042
0.2162
0.2247
0.2202
0.2068
0.1956
0.1947
0.2059
0.2239
0.2417
0.2522
0.2534
0.2455
0.2316
0.2162
0.2117
0.221
0.234
0.2432
0.2456
0.2438
0.2393
0.2337
0.2344
0.2467
0.2647
0.277
0.2749
0.269
0.2728
0.2876
0.3063
0.3154
0.3102
0.2987
0.295
0.2997
0.3033
0.3057
0.3158
0.332
0.3359
0.324
0.3108
0.3082
0.3112
0.317
0.3241
0.3293
0.3295
0.3262
0.3255
0.3311
0.3379
0.3381
0.3315
0.3256
0.3292
0.3412
0.3544
0.3614
0.3606
0.3572
0.3549
0.357
0.3637
0.372
0.3804
0.3862
0.3889
0.3879
0.385
0.3862
0.3925
0.3972
0.3968
0.3937
0.3911
0.3882
0.3883
0.3947
0.4028
0.4051
0.4057
0.4111
0.4181
0.4193
0.4138
0.4046
0.3965
0.3944
0.3968
0.3988
0.3957
0.3917
0.3919
0.3954
0.3987
0.4005
0.4041
0.4104
0.416
0.4182
0.4168
0.411
0.4021
0.3954
0.3943
0.3971
0.3988
0.3975
0.3967
0.3989
0.4026
0.4031
0.3995
0.3939
0.3915
0.393
0.3922
0.3881
0.3836
0.3845
0.39
0.3917
0.3855
0.3752
0.3692
0.3691
0.3708
0.3693
0.3648
0.362
0.3635
0.369
0.3742
0.3759
0.3722
0.3643
0.3551
0.3498
0.3507
0.3502
0.3433
0.3334
0.3246
0.3186
0.3124
0.3045
0.2918
0.2717
0.2495
0.2335
0.2262
0.2228
0.2197
0.2157
0.2111
0.2055
0.1983
0.1938
0.1944
0.1945
0.1844
0.1643
0.1419
0.1238
0.1096
0.0967
0.0889
0.0853
0.0818
0.079
0.077
0.0747
0.0692
0.0628
0.0609
0.0644
0.068
0.0679
0.0646
0.0581
0.0505
0.0445
0.0442
0.0501
0.0546
0.0525
0.0472
0.0461
0.0518
0.0597
0.0644
0.0657
0.0663
0.0703
0.0789
0.0886
0.096
0.098
0.094
0.0881
0.086
0.0893
0.091
0.0865
0.0813
0.0803
0.0814
0.0803
0.0783
0.0789
0.0793
0.0764
0.0689
0.0587
0.0491
0.0404
0.0334
0.0288
0.027
0.0278
0.0303
0.0323
0.033
0.0345
0.0375
0.0407
0.0422
0.0419
0.0418
0.0436
0.047
0.0493
0.051
0.0553
0.0639
0.0719
0.0737
0.0719
0.07
0.066
0.0585
0.0505
0.0489
0.0557
0.066
0.073
0.0738
0.071
0.0688
0.0665
0.0624
0.0564
0.051
0.0499
0.053
0.0601
0.0677
0.0703
0.0659
0.0584
0.0527
0.05
0.0521
0.059
0.0694
0.0774
0.0796
0.0789
0.0778
0.0754
0.0711
0.0675
0.0659
0.0644
0.0622
0.0622
0.0661
0.0715
0.0698
0.0672
0.0669
0.0674
0.0646
0.0572
0.0492
0.0451
0.045
0.0465
0.0481
0.0505
0.0536
0.056
0.0561
0.0545
0.0551
0.0583
0.0612
0.0607
0.0572
0.0552
0.057
0.0613
0.0628
0.0585
0.0503
0.0437
0.0421
0.0449
0.0513
0.0592
0.0662
0.0703
0.0723
0.074
0.0771
0.0807
0.086
0.0931
0.1009
0.1102
0.1171
0.116
0.1053
0.0948
0.094
0.0988
0.1006
0.0981
0.0952
0.0941
0.0966
0.1014
0.1031
0.0998
0.0927
0.0864
0.0822
0.0812
0.0843
0.0876
0.0907
0.0951
0.0983
0.098
0.0958
0.0984
0.1069
0.116
0.1203
0.1207
0.1204
0.1243
0.1311
0.1349
0.1379
0.1412
0.1451
0.1451
0.14
0.1368
0.141
0.1504
0.1575
0.16
0.1619
0.1639
0.1658
0.1707
0.1809
0.193
0.1968
0.1913
0.1791
0.1692
0.174
0.1869
0.1943
0.1893
0.1844
0.1958
0.2174
0.2325
0.2342
0.23
0.2315
0.2421
0.2573
0.2713
0.2795
0.2789
0.2701
0.2586
0.249
0.245
0.2468
0.2523
0.2591
0.2673
0.2777
0.2895
0.3023
0.3146
0.3226
0.3221
0.3166
0.3146
0.3178
0.3207
0.3223
0.3233
0.3243
0.3276
0.3337
0.3389
0.3414
0.3464
0.3578
0.3711
0.378
0.3726
0.364
0.3609
0.3677
0.3805
0.387
0.388
0.3845
0.3826
0.3875
0.3963
0.4029
0.4028
0.3993
0.3984
0.3983
0.3965
0.3941
0.3946
0.4057
0.4255
0.4394
0.4441
0.4398
0.434
0.4355
0.4401
0.4432
0.4366
0.4238
0.4202
0.4273
0.4387
0.4419
0.4379
0.4348
0.4334
0.4316
0.4254
0.417
0.407
0.3965
0.3939
0.4008
0.4117
0.4154
0.4106
0.4046
0.4033
0.4095
0.4212
0.4264
0.4233
0.4158
0.407
0.3963
0.3848
0.3806
0.3823
0.3835
0.3809
0.3784
0.3799
0.3856
0.3941
0.403
0.4138
0.4235
0.4294
0.4284
0.4237
0.4222
0.4213
0.4211
0.4212
0.4226
0.4255
0.4288
0.4305
0.429
0.4261
0.4271
0.4313
0.4372
0.4445
0.4523
0.4563
0.4449
0.4236
0.4017
0.3911
0.3939
0.4043
0.4158
0.4244
0.4336
0.4441
0.4505
0.4495
0.4442
0.4409
0.4425
0.4485
0.4553
0.4613
0.4661
0.4706
0.4718
0.4719
0.475
0.4798
0.4829
0.4836
0.4811
0.474
0.4612
0.4511
0.4527
0.4634
0.4752
0.4833
0.4879
0.4882
0.485
0.4804
0.476
0.4722
0.4682
0.4665
0.4693
0.4758
0.4842
0.4909
0.4953
0.4965
0.4953
0.4936
0.4937
0.4958
0.4962
0.4952
0.4934
0.4907
0.4902
0.4924
0.498
0.503
0.5032
0.5047
0.5099
0.5162
0.5187
0.5148
0.5074
0.5008
0.4979
0.4989
0.4998
0.5
0.5046
0.5136
0.5223
0.5245
0.5227
0.5219
0.5219
0.5193
0.515
0.5154
0.5228
0.5287
0.5261
0.5191
0.5155
0.5174
0.5212
0.5244
0.5278
0.5305
0.5336
0.5363
0.5365
0.5329
0.5261
0.5186
0.5118
0.5092
0.5123
0.52
0.5278
0.5335
0.5345
0.5298
0.5224
0.5185
0.5199
0.524
0.5288
0.5324
0.5337
0.5341
0.5349
0.5363
0.5373
0.5372
0.535
0.5297
0.524
0.5215
0.5253
0.5312
0.5354
0.537
0.5378
0.5398
0.5409
0.5407
0.54
0.5396
0.5389
0.5383
0.5393
0.5419
0.5438
0.5436
0.542
0.5408
0.5415
0.5429
0.5436
0.5422
0.5404
0.5397
0.54
0.5409
0.5415
0.5419
0.5416
0.543
0.5465
0.5494
0.5487
0.5461
0.5445
0.5446
0.5465
0.5496
0.5531
0.5534
0.5505
0.5467
0.544
0.5433
0.5442
0.547
0.5495
0.5501
0.5479
0.5447
0.5431
0.5429
0.5447
0.5467
0.5485
0.5497
0.5494
0.5487
0.5477
0.5475
0.5478
0.5492
0.552
0.5562
0.5603
0.5619
0.5609
0.5574
0.5521
0.5464
0.5423
0.542
0.5457
0.5517
0.5575
0.5606
0.5614
0.5618
0.5618
0.559
0.5538
0.5502
0.5496
0.5494
0.5489
0.5498
0.5523
0.5543
0.5554
0.5566
0.5576
0.5575
0.5559
0.5542
0.5534
0.5526
0.5509
0.5489
0.5479
0.5484
0.5498
0.5512
0.5513
0.5503
0.5497
0.551
0.5534
0.5557
0.557
0.5579
0.5588
0.5588
0.5573
0.5551
0.5538
0.554
0.5549
0.5559
0.5572
0.5586
0.5594
0.5592
0.5578
0.5556
0.553
0.5509
0.5498
0.5501
0.5516
0.5536
0.5549
0.5544
0.5522
0.5483
0.5445
0.5428
0.5447
0.5497
0.5551
0.5582
0.5574
0.5552
0.5503
0.5472
0.5461
0.546
0.5472
0.5497
0.5534
0.5557
0.5517
0.5406
0.5271
0.5206
0.5227
0.5305
0.5394
0.5454
0.5478
0.5495
0.5488
0.5466
0.5416
0.5358
0.5333
0.531
0.5339
0.5374
0.5399
0.5401
0.5375
0.5354
0.5334
0.5321
0.5317
0.5324
0.5363
0.5418
0.5425
0.5358
0.5275
0.5281
0.5373
0.5427
0.5329
0.5164
0.5087
0.5093
0.5082
0.5027
0.5016
0.5081
0.5162
0.5168
0.5083
0.4982
0.4863
0.4706
0.4514
0.4349
0.4318
0.4452
0.4728
0.5084
0.5332
0.5356
0.5267
0.5167
0.5091
0.5018
0.4992
0.5061
0.518
0.5276
0.5332
0.5388
0.5416
0.5398
0.5311
0.5256
0.5261
0.5304
0.5375
0.5405
0.5287
0.5017
0.486
0.491
0.5059
0.5139
0.5104
0.4997
0.4891
0.48
0.4746
0.4718
0.4676
0.4586
0.4429
0.4313
0.4303
0.4487
0.4774
0.5024
0.5222
0.5234
0.5156
0.5062
0.5016
0.5051
0.5084
0.5134
0.5149
0.5128
0.5086
0.5046
0.5057
0.5117
0.5149
0.5137
0.5079
0.5067
0.5113
0.5118
0.5126
0.5122
0.5102
0.5035
0.4887
0.4858
0.4964
0.5106
0.5164
0.5135
0.5088
0.5076
0.5035
0.4951
0.4916
0.4962
0.5021
0.4959
0.4855
0.4803
0.4836
0.4892
0.4928
0.496
0.4966
0.4895
0.473
0.4575
0.451
0.4529
0.4565
0.4574
0.4604
0.4669
0.4745
0.4819
0.4872
0.493
0.4995
0.5006
0.4875
0.466
0.4541
0.4567
0.4677
0.4754
0.4772
0.4752
0.4693
0.4619
0.4515
0.4436
0.4393
0.4371
0.4384
0.4423
0.4494
0.4569
0.4598
0.4547
0.4432
0.4338
0.4292
0.4253
0.4185
0.409
0.4033
0.4033
0.4075
0.4142
0.4175
0.4159
0.4128
0.4075
0.3984
0.3911
0.386
0.3817
0.3764
0.3685
0.3595
0.3459
0.3328
0.3301
0.3397
0.3534
0.3534
0.3358
0.3161
0.306
0.3042
0.301
0.2934
0.2858
0.2799
0.2759
0.2777
0.2907
0.3069
0.318
0.324
0.3255
0.3226
0.3119
0.2913
0.2669
0.2507
0.252
0.2667
0.2793
0.2774
0.2626
0.2494
0.2472
0.2504
0.2512
0.2496
0.2522
0.2586
0.2601
0.2541
0.2464
0.244
0.2466
0.2486
0.2468
0.2422
0.2394
0.2415
0.2482
0.2588
0.2702
0.2786
0.2799
0.2708
0.2593
0.259
0.2694
0.2797
0.2832
0.2782
0.2723
0.2695
0.2681
0.2611
0.2471
0.2325
0.2234
0.2216
0.2246
0.232
0.241
0.25
0.2572
0.2559
0.2477
0.2396
0.2335
0.2306
0.2272
0.2211
0.2064
0.1802
0.1497
0.1265
0.1211
0.1349
0.1559
0.1714
0.1802
0.1922
0.2136
0.2338
0.2409
0.2345
0.2268
0.2284
0.2346
0.2366
0.2384
0.2452
0.2561
0.2655
0.2668
0.2633
0.26
0.259
0.2607
0.2576
0.2452
0.2312
0.227
0.236
0.2465
0.2457
0.2311
0.2175
0.2155
0.2187
0.2133
0.2001
0.1965
0.2154
0.242
0.2561
0.2548
0.2483
0.2443
0.2477
0.2517
0.251
0.2507
0.2589
0.2758
0.2857
0.2821
0.2746
0.272
0.2726
0.2709
0.2659
0.2612
0.2587
0.2587
0.2642
0.2755
0.2883
0.2951
0.2931
0.2846
0.273
0.2597
0.2478
0.2425
0.2454
0.2525
0.2592
0.2641
0.2691
0.2766
0.2836
0.2898
0.2917
0.2851
0.273
0.258
0.2467
0.2441
0.2509
0.2611
0.2658
0.2609
0.2538
0.2491
0.2509
0.257
0.2657
0.2753
0.2784
0.2678
0.2453
0.2204
0.2091
0.2105
0.2124
0.2099
0.2089
0.2141
0.225
0.2355
0.2369
0.2257
0.208
0.1919
0.1807
0.1752
0.1748
0.1751
0.1749
0.1766
0.1844
0.1926
0.1936
0.1835
0.1659
0.1508
0.1426
0.1386
0.1306
0.1194
0.1144
0.1203
0.1313
0.1388
0.1429
0.1469
0.1515
0.1518
0.1448
0.1343
0.1241
0.117
0.1138
0.1171
0.1284
0.1451
0.1611
0.1744
0.1818
0.1773
0.1623
0.1465
0.1392
0.1359
0.1337
0.1386
0.1502
0.1597
0.1618
0.1573
0.1504
0.1409
0.132
0.1275
0.1276
0.1304
0.1346
0.1395
0.1402
0.1315
0.1149
0.0999
0.091
0.0876
0.0874
0.0899
0.0913
0.0859
0.0791
0.0774
0.078
0.0764
0.074
0.0748
0.0792
0.0823
0.0843
0.0861
0.0876
0.0901
0.0954
0.1063
0.1187
0.1243
0.1204
0.1132
0.1071
0.1022
0.0998
0.1023
0.1084
0.1124
0.1106
0.1057
0.1046
0.1114
0.1229
0.1299
0.1268
0.1177
0.1122
0.1134
0.1177
0.1175
0.1137
0.1137
0.1207
0.1308
0.1345
0.1297
0.1236
0.1244
0.1354
0.1489
0.1544
0.1472
0.1344
0.1234
0.1173
0.115
0.1155
0.1202
0.1285
0.1366
0.1411
0.1402
0.135
0.1308
0.1316
0.1341
0.1313
0.1249
0.1245
0.1337
0.1427
0.1445
