2.000000000000000111e-01 inf inf
2.200000000000000011e-01 inf inf
2.419999999999999929e-01 -2.011634983239596999e-11 5.861224065223552451e-11
2.661999999999999922e-01 -1.855905778118496658e-11 1.659069382554739974e-11
2.928199999999999692e-01 1.848068186547916311e-12 6.764575056934178951e-12
3.221019999999999439e-01 1.057788223557595382e-10 4.097459676256062860e-12
3.543121999999999661e-01 1.752085966785670421e-10 3.429134084780614542e-12
3.897434199999999516e-01 1.657034393724297554e-10 3.075543619418376383e-12
4.018160319901240563e-01 1.594100810136928476e-10 8.975414879612512181e-12
4.044948055367248996e-01 1.536055294195597302e-10 9.356945325228362188e-12
4.071914375736364056e-01 1.683973069386015216e-10 9.506415885813555483e-12
4.099060471574606512e-01 1.626944228378341198e-10 8.894170961241886972e-12
4.126387541385103663e-01 1.485192137337754547e-10 8.465316175549796352e-12
4.153896791661004229e-01 1.365924694865724652e-10 8.310066183036599423e-12
4.181589436938744075e-01 1.392283880366259228e-10 8.631223054643341407e-12
4.209466699851668881e-01 1.274648030893127381e-10 8.515973534093910288e-12
4.237529811184013173e-01 1.248599411635033445e-10 8.810877236386463975e-12
4.265780009925240202e-01 1.470832700464624103e-10 8.633130075327938372e-12
4.294218543324742066e-01 1.340523159068551051e-10 1.039261092002259880e-11
4.322846666946906780e-01 1.341289426164384150e-10 8.780045811283265322e-12
4.351665644726552817e-01 1.469429630904777100e-10 8.270131643339224411e-12
4.380676749024730032e-01 1.196545920287298274e-10 8.247871045478124562e-12
4.409881260684894722e-01 1.393220720934079464e-10 7.731916666727698833e-12
4.439280469089460501e-01 1.274283937966118325e-10 7.383636208542460649e-12
4.468875672216723327e-01 1.384889186288777484e-10 7.425057915391507045e-12
4.498668176698167875e-01 1.281762253278812655e-10 6.800109138934697616e-12
4.528659297876155843e-01 1.343713033068885370e-10 7.090699750866297132e-12
4.558850359861996715e-01 1.359461835964508138e-10 6.828830327222792512e-12
4.589242695594409893e-01 1.315286735114700325e-10 6.869514534879230167e-12
4.619837646898372618e-01 1.352456706854645852e-10 6.792544643907680202e-12
4.650636564544362028e-01 1.234627682110459061e-10 6.850397449739955210e-12
4.681640808307991342e-01 1.241515218910537658e-10 6.771450829960641172e-12
4.712851747030044613e-01 1.273024885035677862e-10 6.772189571437582914e-12
4.744270758676911726e-01 1.264056577840725860e-10 6.688422680432788794e-12
4.775899230401424722e-01 1.235878154431856867e-10 6.546155263075472278e-12
4.807738558604101042e-01 1.311754599971199083e-10 6.500074348330526852e-12
4.839790148994795316e-01 1.297838703949147794e-10 6.577334252753138832e-12
4.872055416654760829e-01 1.063732683648370205e-10 7.196931918697493224e-12
4.904535786099125660e-01 1.274064671614980565e-10 6.683558400443585835e-12
4.937232691339786261e-01 1.192448297440481685e-10 6.482674129774609120e-12
4.970147575948717922e-01 1.107046814848601852e-10 6.544184071330378830e-12
5.003281893121709345e-01 1.167676416551330450e-10 6.688584708733532495e-12
5.036637105742520770e-01 1.159579870663809346e-10 6.635848117659074956e-12
5.070214686447470642e-01 1.287820561188496896e-10 6.353327899521511912e-12
5.104016117690454157e-01 1.130978993348783563e-10 6.260843980305346295e-12
5.138042891808390911e-01 1.212768823260189858e-10 6.557448301435352154e-12
5.172296511087113302e-01 1.148087506734048459e-10 7.050252365764915728e-12
5.206778487827694590e-01 1.109206099871581436e-10 6.462882543633998902e-12
5.241490344413212155e-01 1.100474833985303443e-10 6.304610616561525957e-12
5.276433613375967058e-01 1.038470982543431884e-10 6.495451368572751449e-12
5.311609837465139927e-01 1.030484411522180417e-10 6.112802449231302193e-12
5.347020569714907579e-01 1.101548284806183902e-10 6.275889295131618235e-12
5.382667373513007059e-01 1.077276478763679815e-10 6.161610896844594901e-12
5.418551822669760432e-01 1.070640937053244043e-10 6.296175353470727145e-12
5.454675501487559197e-01 1.012165104793150684e-10 6.000510933398517810e-12
5.491040004830809451e-01 1.149576396877162781e-10 6.126326933163818717e-12
5.527646938196347781e-01 9.743586942419858899e-11 5.989686002051511933e-12
5.564497917784323455e-01 1.070612101939864588e-10 5.998863380250568598e-12
5.601594570569552456e-01 1.014387202764550554e-10 6.065386125355312496e-12
5.638938534373350020e-01 1.046919726191637817e-10 5.909066289364724262e-12
5.676531457935839464e-01 1.070055110115106325e-10 5.950100968987671260e-12
5.714375000988745068e-01 9.953003477986452243e-11 5.835045631193940302e-12
5.752470834328670124e-01 9.495037101112837745e-11 5.771464721549234754e-12
5.790820639890861266e-01 1.019718888916610236e-10 5.793340904253681531e-12
5.829426110823466844e-01 1.020318016494831996e-10 5.668879539997564130e-12
5.868288951562290467e-01 1.071079011944620863e-10 5.754217427955899444e-12
5.907410877906038582e-01 1.020658171790369606e-10 5.911786364211450941e-12
5.946793617092078765e-01 9.040601090678600448e-11 5.718895666796536163e-12
5.986438907872693171e-01 8.411418814146406154e-11 5.723621435453474610e-12
6.026348500591844903e-01 9.668505001111104207e-11 5.748882352010681976e-12
6.066524157262457306e-01 9.708272572564338316e-11 5.648478538535083800e-12
6.106967651644207296e-01 1.036804393843135271e-10 5.720909629599704091e-12
6.147680769321834937e-01 9.859706893032179030e-11 5.876705130716686735e-12
6.188665307783980385e-01 9.641123313645910744e-11 5.702488431427357916e-12
6.229923076502540402e-01 1.086578809599966675e-10 5.769630580914846102e-12
6.271455897012557790e-01 8.800835012931371941e-11 5.705049937149280039e-12
6.313265602992641501e-01 9.631520579038247594e-11 5.730159421574105439e-12
6.355354040345926325e-01 1.053594105998048638e-10 5.744631383634620058e-12
6.397723067281565479e-01 1.049570525325231584e-10 5.716151202810988649e-12
6.440374554396776086e-01 9.876564335798174272e-11 5.743269861612048617e-12
6.483310384759420897e-01 9.121184474102102022e-11 5.800465196645799456e-12
6.526532453991150673e-01 1.008105756492345864e-10 5.708628896914421488e-12
6.570042670351091685e-01 9.247902754542498298e-11 6.147018114713561083e-12
6.613842954820099429e-01 1.075423978147912614e-10 5.755814749588795718e-12
6.657935241185566344e-01 1.086629301320207667e-10 5.773077010702179652e-12
6.702321476126803512e-01 1.059841472306511599e-10 5.765890564215317836e-12
6.747003619300981914e-01 1.073169367819249532e-10 5.774556792353983629e-12
6.791983643429655437e-01 1.060106095260177356e-10 5.803545685611841283e-12
6.837263534385853436e-01 1.021746691114234208e-10 5.839164116827834292e-12
6.882845291281759481e-01 7.494120737479653781e-11 5.739080985353602809e-12
6.928730926556970759e-01 8.912900403007971239e-11 5.822702095830236472e-12
6.974922466067350335e-01 1.084336994457402480e-10 5.850174475052153637e-12
7.021421949174465604e-01 1.096343404011427227e-10 5.925542816533058240e-12
7.068231428835628494e-01 1.002147495723794545e-10 5.874752444628486996e-12
7.115352971694532958e-01 1.005248326782860633e-10 5.908806958024689147e-12
7.162788658172496437e-01 9.617413440336078110e-11 5.926371734260430852e-12
7.210540582560313050e-01 7.675356510719139159e-11 5.942474495098708892e-12
7.258610853110715189e-01 8.936815637554707362e-11 5.839661369168199134e-12
7.307001592131453505e-01 9.946326345151479387e-11 5.969183560371534889e-12
7.355714936078996402e-01 1.208928709574161655e-10 5.946148801501047031e-12
7.404753035652856807e-01 1.316545143873390709e-10 6.130173170588786082e-12
7.454118055890542882e-01 1.191228146195684963e-10 6.028012030205590814e-12
7.503812176263146005e-01 1.380156954175980561e-10 6.077166768000544069e-12
7.553837590771567134e-01 1.291518438998235611e-10 6.043640957929805744e-12
7.604196508043377101e-01 6.792768613200466187e-11 5.859138743580116464e-12
7.654891151430333052e-01 7.596799340685003335e-11 5.927491947503962846e-12
7.705923759106535487e-01 1.157316394087735754e-10 6.130823908988073200e-12
7.757296584167245879e-01 1.309520692036834253e-10 6.126985894690173343e-12
7.809011894728360437e-01 1.313396681305517685e-10 6.105178832370410459e-12
7.861071974026550002e-01 1.244634072452231320e-10 6.105144708694958145e-12
7.913479120520060528e-01 1.337295618787745154e-10 6.139500910139967242e-12
7.966235647990194124e-01 1.310634836055967998e-10 6.146629619148587979e-12
8.019343885643461789e-01 1.254218754880438201e-10 6.138937808326938879e-12
8.072806178214417816e-01 1.219415718111261774e-10 6.207225808532334895e-12
8.126624886069180320e-01 1.182056269938070673e-10 6.102571950375976440e-12
8.180802385309641211e-01 9.715147825368664760e-11 6.145912071594990978e-12
8.235341067878372279e-01 9.974343981105045890e-11 6.182655641486463815e-12
8.290243341664228494e-01 1.080386450916295711e-10 6.150121867130594143e-12
8.345511630608656306e-01 1.134029476731183582e-10 6.248489076288552349e-12
8.401148374812713593e-01 1.182137710364470096e-10 6.270345287118890205e-12
8.457156030644797928e-01 1.316901435229752470e-10 6.392313078946016655e-12
8.556666666666666865e-01 1.426333246442807256e-10 1.094142329099680216e-11
8.613711111111110874e-01 1.326607782231259802e-10 1.034157561701334576e-11
8.671135851851851095e-01 1.213936697794404509e-10 1.096903831012188695e-11
8.728943424197530554e-01 1.360697248762655850e-10 1.041796879246003869e-11
8.787136380358847587e-01 1.079018805252373517e-10 1.047079655272628532e-11
8.845717289561240149e-01 1.420043036411141758e-10 1.054791410273995781e-11
8.904688738158315076e-01 1.010528575297490864e-10 1.049654325816367234e-11
8.964053329746036747e-01 1.021900131314163803e-10 1.046647333835584016e-11
9.023813685277677354e-01 1.015431774223717697e-10 1.065656204792610427e-11
9.083972443179528788e-01 9.920961784803416314e-11 1.068757394219180854e-11
9.144532259467392787e-01 9.841621926117313045e-11 1.060062006779499450e-11
9.205495807863841584e-01 1.086149088789512781e-10 1.083384207628577491e-11
9.266865779916266810e-01 8.825260736967898867e-11 1.083393175650248402e-11
9.328644885115708885e-01 5.378721643169187889e-11 1.073505551200090953e-11
9.390835851016480218e-01 4.760443872103892117e-11 1.091544270511218675e-11
9.453441423356589990e-01 6.596209429907505189e-11 1.091092895361739253e-11
9.516464366178967182e-01 6.352266178624150092e-11 1.095414126939588078e-11
9.579907461953494074e-01 7.277397832164166560e-11 1.111675697224380093e-11
9.643773511699850198e-01 7.266280856757927329e-11 1.118280346679958743e-11
9.708065335111182304e-01 9.298470533665827673e-11 1.125839873686653823e-11
9.772785770678590334e-01 7.744542366369984395e-11 1.139519668420232722e-11
9.837937675816447181e-01 1.070919909536447025e-10 1.142511032794331719e-11
9.903523926988556658e-01 1.325017053206498985e-10 1.157329107840160182e-11
9.969547419835147473e-01 1.255629202845600919e-10 1.157408253915422566e-11
1.003601106930071429e+00 1.465712837305397978e-10 1.181157741403879158e-11
1.010291780976271925e+00 1.244582361317146754e-10 1.173714475649747395e-11
1.017027059516113718e+00 1.215233200200630214e-10 1.194747311942580834e-11
1.023807239912887912e+00 1.264798380205802109e-10 1.199184958474756358e-11
1.030632621512307168e+00 1.218008987010266222e-10 1.209379461093975293e-11
1.037503505655722469e+00 1.358428095859144965e-10 1.224478249936616405e-11
1.044420195693427367e+00 1.233261399152625035e-10 1.234918758429648421e-11
1.051382996998050157e+00 1.395842763960204060e-10 1.240774342744000444e-11
1.058392216978037093e+00 1.276386723865391421e-10 1.256166335362182034e-11
1.065448165091223975e+00 1.396286001408001310e-10 1.259498678215323094e-11
1.072551152858498780e+00 1.515453861257701966e-10 1.276569023610344169e-11
1.079701493877555540e+00 1.429554355675857694e-10 1.278951577812691498e-11
1.086899503836739278e+00 8.520128097301197559e-11 1.274189873348504680e-11
1.094145500528984183e+00 1.035923033570219502e-10 1.297421621757054148e-11
1.101439803865844169e+00 8.134255119519830668e-11 1.295248504579979278e-11
1.108782735891616467e+00 7.431395858243636150e-11 1.297339732408108847e-11
1.116174620797560468e+00 6.601573984407397782e-11 1.301633750208506022e-11
1.123615784936210948e+00 5.666422964260575998e-11 1.308439213806058871e-11
1.131106556835785648e+00 4.624282537439348287e-11 1.316547022312009612e-11
1.138647267214690784e+00 5.353291758799555336e-11 1.327899193647503603e-11
1.146238248996122033e+00 4.463775604741387390e-11 1.332001263559292562e-11
1.153879837322762780e+00 8.446507029830212885e-11 1.336501493603314366e-11
1.161572369571581165e+00 8.001034992890487190e-11 1.360411837299395319e-11
1.169316185368725058e+00 9.413608415894731588e-11 1.364472654147804504e-11
1.177111626604516514e+00 1.217507537058653036e-10 1.374633394250834102e-11
1.184959037448546582e+00 8.840087364675533722e-11 1.389719461758732789e-11
1.192858764364870261e+00 8.827311262131370714e-11 1.380555622043709386e-11
1.200811156127302715e+00 9.731905160915001498e-11 1.408755380331990540e-11
1.208816563834818059e+00 1.002987673335824096e-10 1.411639634777342954e-11
1.216875340927050075e+00 1.169997610134158816e-10 1.409622761008814151e-11
1.224987843199897064e+00 1.153967483765715766e-10 1.426376959180996448e-11
1.233154428821229720e+00 9.973448170363504512e-11 1.439068807934200881e-11
1.241375458346704486e+00 1.172322453448620815e-10 1.457395640366340257e-11
1.249651294735682594e+00 1.440894103661640598e-10 1.460621355384123153e-11
1.257982303367253918e+00 1.237222716556401421e-10 1.472751698510683453e-11
1.266368852056368954e+00 7.411413434298234857e-11 1.484847964321089771e-11
1.274811311070078057e+00 1.103205962306116168e-10 1.479720051850973603e-11
1.283310053143878582e+00 1.163566223745715257e-10 1.538693749312904447e-11
1.291865453498171057e+00 1.278597769023894619e-10 1.524636799470168467e-11
1.300477889854825486e+00 1.292197032798915890e-10 1.545207198362793680e-11
1.309147742453857566e+00 7.481918019291263087e-11 1.557485562749409337e-11
1.317875394070216588e+00 1.138974473913826218e-10 1.578656210361665713e-11
1.326661230030684591e+00 7.535681520618023678e-11 1.594626691107964234e-11
1.335505638230889192e+00 5.058232722849014947e-11 1.615146508978602836e-11
1.344409009152428558e+00 4.505985243064647570e-11 1.627408788546162237e-11
1.353371735880111393e+00 4.774247773743041409e-11 1.647952979016475875e-11
1.362394214119312164e+00 5.482613821688697606e-11 1.653584141807185948e-11
1.371476842213440905e+00 3.537785642184160230e-11 1.669907634523167806e-11
1.380620021161530486e+00 3.927810721203009330e-11 1.679658487607182886e-11
1.389824154635940667e+00 3.228018813340809880e-11 1.690188742654058281e-11
1.399089649000180291e+00 4.144264256250697395e-11 1.705147579270690117e-11
1.408416913326848263e+00 3.718591550215337143e-11 1.718458800372969078e-11
1.417806359415693995e+00 2.740016868225192313e-11 1.726483660207105409e-11
1.427258401811798638e+00 2.510717239276079368e-11 1.758588769665641175e-11
1.436773457823877331e+00 1.992287984976006021e-11 1.755636630669471977e-11
1.446351947542703131e+00 6.834418655834586610e-12 1.778006140373444468e-11
1.455994293859654398e+00 3.148300641017003165e-11 1.795103226450188794e-11
1.465700922485385416e+00 1.919523391413359954e-11 1.802076323758547859e-11
1.475472261968621357e+00 1.575351359994443637e-11 1.824304458604132354e-11
1.485308743715078927e+00 2.312668105763497759e-11 1.845416058864553663e-11
1.495210802006512685e+00 4.511470949699058227e-11 1.830095367815849182e-11
1.505178874019889479e+00 4.996223946171489358e-11 1.891779520788194686e-11
1.515213399846688791e+00 7.419529451016466110e-11 1.877340518749192219e-11
1.525314822512333413e+00 5.767238295670453833e-11 1.911070240855189796e-11
1.535483587995748911e+00 5.473951442539452941e-11 1.923275731439406689e-11
1.545720145249053878e+00 5.108691382845616684e-11 1.940179009146486118e-11
1.556024946217380966e+00 7.104352549869688411e-11 1.965840346813762554e-11
1.566398445858830257e+00 9.272595451458677443e-11 1.975361980741749201e-11
1.576841102164555863e+00 6.812414003921087343e-11 2.009348470709130025e-11
1.587353376178986197e+00 9.422716042208340517e-11 2.057467695284054144e-11
1.597935732020179467e+00 4.851652104951507582e-11 2.039454120911267838e-11
1.608588636900313951e+00 2.821615371709481181e-11 2.083530112410983747e-11
1.619312561146315943e+00 7.710063583458952276e-11 2.123325057004034839e-11
1.630107978220624698e+00 7.656084142277575209e-11 2.117866497629924931e-11
1.640975364742095488e+00 4.976957031621899608e-11 2.204719207278495196e-11
1.651915200507042769e+00 1.082379033467018877e-10 2.204804650173001023e-11
1.662927968510423016e+00 4.972201315597030965e-11 2.235092754672264232e-11
1.674014154967159218e+00 8.425758632423903598e-11 2.273193463518363044e-11
1.685174249333607044e+00 7.658787851354838211e-11 2.352192395736145252e-11
1.696408744329164442e+00 1.030238301643203827e-10 2.350576195743649519e-11
1.707718135958025574e+00 9.030686982218606201e-11 2.424191192077171721e-11
1.719102923531079075e+00 7.257011344118601618e-11 2.452201479414178692e-11
1.730563609687952864e+00 5.933898305591107608e-11 2.523731691557427973e-11
1.742100700419205950e+00 6.517892373653034808e-11 2.602259193217584068e-11
1.753714705088667225e+00 6.445068992115915914e-11 2.639712008311722650e-11
1.765406136455925035e+00 5.802526863469649267e-11 2.718189149513405498e-11
1.777175510698964622e+00 4.441130131677807589e-11 2.788178827155796324e-11
1.789023347436957678e+00 -7.313550355190714523e-12 2.860770748185496937e-11
1.800950169753203989e+00 3.018634043558529241e-11 2.945981508279803031e-11
1.812956504218225406e+00 1.066672073420170709e-10 3.074551970139310692e-11
1.825042880913013477e+00 7.632202811302863000e-11 3.165854965081874567e-11
1.837209833452433605e+00 -4.116295225122706397e-11 3.298868556895489495e-11
1.849457899008783102e+00 -3.239846485714290173e-11 3.440734009177061913e-11
1.861787618335508432e+00 4.709734839421403816e-11 3.576458064192235578e-11
1.874199535791078564e+00 2.507861675745671997e-11 3.842764510742849321e-11
1.886694199363019075e+00 -2.891746315530092198e-11 3.920724939305863132e-11
1.899272160692105915e+00 6.143418106719033628e-12 4.199135729655667346e-11
1.911933975096719918e+00 7.622926084008611065e-13 4.412393432643031226e-11
1.924680201597364748e+00 -1.237684965266220430e-10 4.696081986972194888e-11
1.937511402941347161e+00 -1.595413514623588043e-11 4.988566930007305627e-11
1.950428145627622900e+00 -8.706228072692146796e-11 5.446414987596843851e-11
1.963430999931807142e+00 -1.303651102295746725e-12 5.719921418764983700e-11
1.976520539931352571e+00 -4.251657089777860017e-11 6.171872267806846657e-11
1.989697343530894891e+00 8.400555092676260452e-11 6.627268691559157042e-11
2.002961992487767517e+00 7.021090642792839034e-12 7.144779350612155541e-11
2.016315072437686151e+00 -1.852810225234729409e-11 7.707029164021726175e-11
2.029757172920604091e+00 2.220200784282430411e-11 8.379153686636570624e-11
2.043288887406741416e+00 5.382869387685930768e-12 9.108027264159557146e-11
2.056910813322786247e+00 4.329272531176669547e-11 9.969047482547068412e-11
2.070623552078271423e+00 1.339739810391712102e-12 1.084634943363738558e-10
2.084427709092126602e+00 -2.337617865152905335e-11 1.182245036548702070e-10
2.098323893819407537e+00 -9.202851192278271401e-11 1.290567237110204081e-10
2.112312719778203451e+00 2.160827126434859710e-11 1.394293428067324736e-10
2.126394804576724695e+00 1.186255524145136461e-10 1.513895965067872268e-10
2.140570769940569384e+00 2.507544206717343816e-10 1.641206800715319712e-10
2.154841241740172997e+00 2.387492946730796520e-10 1.778880597170957362e-10
2.169206850018440935e+00 1.158185029251744460e-10 1.992239707959411178e-10
2.183668229018564055e+00 -1.265628359370930526e-10 2.122864755888367249e-10
2.198226017212021155e+00 -6.548305338914434144e-11 2.289318826285243403e-10
2.212880857326767980e+00 -9.570863052594824806e-11 2.517220544839372038e-10
2.227633396375613195e+00 1.060082727435199032e-10 2.727669829003040586e-10
2.242484285684783973e+00 -1.183666380555434836e-10 2.987023562967925100e-10
2.257434180922682554e+00 1.529116515577937833e-10 3.265328318609726417e-10
2.272483742128833750e+00 1.386656362889545433e-11 3.535330903084205272e-10
2.287633633743026085e+00 3.187590510425247813e-10 3.863531825063058830e-10
2.302884524634646102e+00 -1.815506313357990539e-10 4.185170209835082146e-10
2.318237088132210300e+00 -4.528188730948181195e-10 4.561415246428366037e-10
2.333692002053091574e+00 -4.391833484388382201e-11 4.965615341693967238e-10
2.349249948733445503e+00 -2.227934071075080400e-10 5.396222773776516183e-10
2.364911615058335137e+00 -3.806657050652887304e-10 5.839109494988252211e-10
2.380677692492057407e+00 2.454708704713020559e-10 6.394985792572832097e-10
2.396548877108671149e+00 -5.135519657823230377e-10 6.856985605880316504e-10
2.412525869622728969e+00 -1.574705854508630858e-11 7.471589522867744169e-10
2.428609375420213823e+00 1.701798409560649797e-10 8.058014391005286128e-10
2.444800104589682110e+00 4.904516636929509971e-10 8.771995653865553103e-10
2.461098771953613262e+00 6.667123341790745543e-10 9.482120161253502280e-10
2.477506097099970717e+00 1.500656999185534747e-09 1.031509161704505399e-09
2.494022804413970729e+00 4.236709284386800013e-10 1.107838178594475725e-09
2.510649623110063899e+00 1.770680106716288187e-09 1.201589915478464549e-09
