#Wavelength    ReadNoise      Sky           Dark          A_Eff        BEF           Disp_Width    XDisp_Width
#(Angstroms) (Cnt/Exposure) (Cnt/s/res)   (Cnt/s/res)      (cm^2)  (Erg/cm^2/s/res)   (N_resels)     (N_resels)
1000.0000          0.00      5.87e-17      4.20e-06         0.0      1.81e-13         2.72         3.90
1001.1765          0.00      1.69e-13      4.20e-06         1.3      6.36e-17         2.72         3.90
1002.3530          0.00      3.42e-13      4.20e-06         2.6      3.18e-17         2.72         3.89
1003.5294          0.00      5.20e-13      4.20e-06         3.9      2.11e-17         2.72         3.89
1004.7059          0.00      7.01e-13      4.20e-06         5.2      1.58e-17         2.72         3.88
1005.8823          0.00      8.88e-13      4.20e-06         6.6      1.27e-17         2.72         3.88
1007.0588          0.00      1.08e-12      4.20e-06         7.9      1.05e-17         2.72         3.87
1008.2353          0.00      1.27e-12      4.20e-06         9.2      9.02e-18         2.71         3.87
1009.4117          0.00      1.47e-12      4.20e-06        10.5      7.89e-18         2.71         3.86
1010.5883          0.00      9.91e-12      4.20e-06        69.6      1.19e-18         2.71         3.86
1011.7647          0.00      2.69e-11      4.20e-06       186.5      4.42e-19         2.71         3.85
1012.9412          0.00      4.43e-11      4.20e-06       303.4      2.72e-19         2.71         3.85
1014.1177          0.00      6.21e-11      4.20e-06       420.3      1.96e-19         2.71         3.85
1015.2941          0.00      8.05e-11      4.20e-06       537.2      1.53e-19         2.71         3.84
1016.4706          0.00      9.92e-11      4.20e-06       654.1      1.26e-19         2.71         3.84
1017.6470          0.00      1.19e-10      4.20e-06       771.0      1.06e-19         2.71         3.83
1018.8235          0.00      1.38e-10      4.20e-06       887.9      9.23e-20         2.71         3.83
1020.0000          0.00      1.59e-10      4.20e-06      1004.8      8.15e-20         2.70         3.82
1021.1765          0.00      3.67e-10      4.20e-06      2297.7      3.56e-20         2.70         3.82
1022.3530          0.00      5.82e-10      4.20e-06      3590.6      2.27e-20         2.70         3.81
1023.5294          0.00      8.02e-10      4.20e-06      4883.5      1.67e-20         2.70         3.81
1024.7059          0.00      1.03e-09      4.20e-06      6176.4      1.32e-20         2.70         3.80
1025.8823          0.00      1.26e-09      4.20e-06      7469.2      1.09e-20         2.70         3.80
1027.0588          0.00      1.50e-09      4.20e-06      8762.1      9.28e-21         2.70         3.79
1028.2354          0.00      1.74e-09      4.20e-06     10055.0      8.08e-21         2.70         3.79
1029.4117          0.00      1.99e-09      4.20e-06     11347.8      7.15e-21         2.70         3.79
1030.5883          0.00      2.36e-09      4.20e-06     13223.1      6.13e-21         2.69         3.78
1031.7646          0.00      2.83e-09      4.20e-06     15680.5      5.16e-21         2.69         3.78
1032.9412          0.00      3.32e-09      4.20e-06     18138.1      4.46e-21         2.69         3.77
1034.1177          0.00      3.83e-09      4.20e-06     20595.7      3.92e-21         2.69         3.77
1035.2941          0.00      4.34e-09      4.20e-06     23053.0      3.50e-21         2.69         3.76
1036.4706          0.00      4.88e-09      4.20e-06     25510.6      3.16e-21         2.69         3.76
1037.6471          0.00      5.42e-09      4.20e-06     27968.2      2.88e-21         2.69         3.75
1038.8235          0.00      5.99e-09      4.20e-06     30425.6      2.65e-21         2.69         3.75
1040.0000          0.00      6.56e-09      4.20e-06     32883.2      2.45e-21         2.69         3.74
1041.1765          0.00      6.93e-09      4.20e-06     34230.7      2.35e-21         2.69         3.74
1042.3529          0.00      7.31e-09      4.20e-06     35578.1      2.26e-21         2.68         3.73
1043.5294          0.00      7.70e-09      4.20e-06     36925.5      2.17e-21         2.68         3.73
1044.7059          0.00      8.10e-09      4.20e-06     38273.0      2.09e-21         2.68         3.72
1045.8823          0.00      8.51e-09      4.20e-06     39620.4      2.02e-21         2.68         3.72
1047.0588          0.00      8.94e-09      4.20e-06     40967.9      1.95e-21         2.68         3.72
1048.2354          0.00      9.37e-09      4.20e-06     42315.4      1.89e-21         2.68         3.71
1049.4117          0.00      9.82e-09      4.20e-06     43662.8      1.83e-21         2.68         3.71
1050.5883          0.00      1.03e-08      4.20e-06     44896.1      1.77e-21         2.68         3.70
1051.7646          0.00      1.07e-08      4.20e-06     46015.3      1.73e-21         2.68         3.70
1052.9412          0.00      1.11e-08      4.20e-06     47134.6      1.69e-21         2.68         3.69
1054.1177          0.00      1.15e-08      4.20e-06     48253.9      1.65e-21         2.67         3.69
1055.2941          0.00      1.20e-08      4.20e-06     49373.1      1.61e-21         2.67         3.68
1056.4706          0.00      1.25e-08      4.20e-06     50492.4      1.57e-21         2.67         3.68
1057.6471          0.00      1.29e-08      4.20e-06     51611.7      1.53e-21         2.67         3.67
1058.8235          0.00      1.34e-08      4.20e-06     52730.9      1.50e-21         2.67         3.67
1060.0000          0.00      1.40e-08      4.20e-06     53850.2      1.47e-21         2.67         3.66
1061.1765          0.00      1.45e-08      4.20e-06     55237.9      1.43e-21         2.67         3.66
1062.3529          0.00      1.52e-08      4.20e-06     56625.5      1.39e-21         2.67         3.66
1063.5294          0.00      1.58e-08      4.20e-06     58013.3      1.36e-21         2.67         3.65
1064.7059          0.00      1.64e-08      4.20e-06     59401.0      1.33e-21         2.66         3.65
1065.8823          0.00      1.71e-08      4.20e-06     60788.6      1.29e-21         2.66         3.64
1067.0588          0.00      1.78e-08      4.20e-06     62176.4      1.26e-21         2.66         3.64
1068.2354          0.00      1.85e-08      4.20e-06     63564.1      1.23e-21         2.66         3.63
1069.4117          0.00      1.92e-08      4.20e-06     64951.7      1.21e-21         2.66         3.63
1070.5883          0.00      2.00e-08      4.20e-06     66385.0      1.18e-21         2.66         3.62
1071.7646          0.00      2.08e-08      4.20e-06     67863.6      1.15e-21         2.66         3.62
1072.9412          0.00      2.16e-08      4.20e-06     69342.4      1.13e-21         2.66         3.62
1074.1177          0.00      2.25e-08      4.20e-06     70821.2      1.10e-21         2.66         3.61
1075.2941          0.00      2.34e-08      4.20e-06     72299.8      1.08e-21         2.66         3.61
1076.4706          0.00      2.43e-08      4.20e-06     73778.6      1.06e-21         2.66         3.60
1077.6471          0.00      2.52e-08      4.20e-06     75257.4      1.04e-21         2.65         3.60
1078.8235          0.00      2.62e-08      4.20e-06     76736.0      1.01e-21         2.65         3.60
1080.0000          0.00      2.72e-08      4.20e-06     78214.8      9.95e-22         2.65         3.59
1081.1765          0.00      2.81e-08      4.20e-06     79479.9      9.78e-22         2.65         3.59
1082.3529          0.00      2.91e-08      4.20e-06     80744.8      9.62e-22         2.65         3.58
1083.5294          0.00      3.01e-08      4.20e-06     82009.9      9.46e-22         2.65         3.58
1084.7059          0.00      3.12e-08      4.20e-06     83275.0      9.31e-22         2.65         3.57
1085.8823          0.00      3.23e-08      4.20e-06     84539.9      9.16e-22         2.65         3.57
1087.0588          0.00      3.34e-08      4.20e-06     85805.0      9.02e-22         2.65         3.57
1088.2354          0.00      3.46e-08      4.20e-06     87070.1      8.88e-22         2.65         3.56
1089.4117          0.00      3.57e-08      4.20e-06     88335.1      8.75e-22         2.65         3.56
1090.5883          0.00      3.69e-08      4.20e-06     89454.2      8.63e-22         2.65         3.55
1091.7646          0.00      3.81e-08      4.20e-06     90427.3      8.53e-22         2.64         3.55
1092.9412          0.00      3.93e-08      4.20e-06     91400.5      8.44e-22         2.64         3.55
1094.1177          0.00      4.05e-08      4.20e-06     92373.7      8.34e-22         2.64         3.54
1095.2941          0.00      4.18e-08      4.20e-06     93346.9      8.25e-22         2.64         3.54
1096.4706          0.00      4.31e-08      4.20e-06     94320.1      8.16e-22         2.64         3.53
1097.6471          0.00      4.45e-08      4.20e-06     95293.3      8.07e-22         2.64         3.53
1098.8235          0.00      4.59e-08      4.20e-06     96266.4      7.98e-22         2.64         3.53
1100.0000          0.00      4.73e-08      4.20e-06     97239.6      7.89e-22         2.64         3.52
1101.1765          0.00      4.87e-08      4.20e-06     97802.4      7.84e-22         2.64         3.52
1102.3529          0.00      5.00e-08      4.20e-06     98365.1      7.79e-22         2.64         3.51
1103.5294          0.00      5.14e-08      4.20e-06     98927.9      7.74e-22         2.64         3.51
1104.7059          0.00      5.29e-08      4.20e-06     99490.6      7.69e-22         2.64         3.50
1105.8823          0.00      5.44e-08      4.20e-06    100053.4      7.64e-22         2.63         3.50
1107.0588          0.00      5.59e-08      4.20e-06    100616.1      7.59e-22         2.63         3.50
1108.2354          0.00      5.75e-08      4.20e-06    101178.9      7.55e-22         2.63         3.49
1109.4117          0.00      5.92e-08      4.20e-06    101741.6      7.50e-22         2.63         3.49
1110.5883          0.00      6.09e-08      4.20e-06    102183.0      7.46e-22         2.63         3.48
1111.7646          0.00      6.25e-08      4.20e-06    102503.0      7.44e-22         2.63         3.48
1112.9412          0.00      6.42e-08      4.20e-06    102823.0      7.41e-22         2.63         3.48
1114.1177          0.00      6.60e-08      4.20e-06    103143.0      7.38e-22         2.63         3.47
1115.2941          0.00      6.78e-08      4.20e-06    103463.0      7.35e-22         2.63         3.47
1116.4706          0.00      6.97e-08      4.20e-06    103783.0      7.32e-22         2.63         3.46
1117.6471          0.00      7.17e-08      4.20e-06    104103.0      7.30e-22         2.63         3.46
1118.8235          0.00      7.38e-08      4.20e-06    104423.0      7.27e-22         2.62         3.46
1120.0000          0.00      7.59e-08      4.20e-06    104743.0      7.25e-22         2.62         3.45
1121.1765          0.00      7.79e-08      4.20e-06    104843.4      7.23e-22         2.62         3.45
1122.3529          0.00      8.01e-08      4.20e-06    104943.7      7.22e-22         2.62         3.44
1123.5294          0.00      8.23e-08      4.20e-06    105044.1      7.21e-22         2.62         3.44
1124.7058          0.00      8.46e-08      4.20e-06    105144.4      7.20e-22         2.62         3.43
1125.8823          0.00      8.70e-08      4.20e-06    105244.8      7.19e-22         2.62         3.43
1127.0588          0.00      8.95e-08      4.20e-06    105345.1      7.18e-22         2.62         3.43
1128.2354          0.00      9.21e-08      4.20e-06    105445.5      7.17e-22         2.62         3.42
1129.4117          0.00      9.49e-08      4.20e-06    105545.8      7.16e-22         2.62         3.42
1130.5883          0.00      9.76e-08      4.20e-06    105579.5      7.16e-22         2.62         3.41
1131.7646          0.00      1.00e-07      4.20e-06    105546.4      7.16e-22         2.62         3.41
1132.9412          0.00      1.03e-07      4.20e-06    105513.4      7.16e-22         2.61         3.41
1134.1177          0.00      1.06e-07      4.20e-06    105480.3      7.16e-22         2.61         3.40
1135.2941          0.00      1.10e-07      4.20e-06    105447.2      7.16e-22         2.61         3.40
1136.4706          0.00      1.13e-07      4.20e-06    105414.2      7.16e-22         2.61         3.39
1137.6471          0.00      1.17e-07      4.20e-06    105381.1      7.16e-22         2.61         3.39
1138.8235          0.00      1.20e-07      4.20e-06    105348.1      7.16e-22         2.61         3.39
1140.0000          0.00      1.24e-07      4.20e-06    105315.0      7.16e-22         2.61         3.38
1141.1765          0.00      1.28e-07      4.20e-06    105194.1      7.17e-22         2.61         3.38
1142.3529          0.00      1.32e-07      4.20e-06    105073.1      7.17e-22         2.61         3.38
1143.5294          0.00      1.37e-07      4.20e-06    104952.2      7.18e-22         2.61         3.37
1144.7058          0.00      1.41e-07      4.20e-06    104831.2      7.19e-22         2.61         3.37
1145.8823          0.00      1.46e-07      4.20e-06    104710.3      7.20e-22         2.61         3.37
1147.0588          0.00      1.51e-07      4.20e-06    104589.4      7.21e-22         2.61         3.36
1148.2354          0.00      1.56e-07      4.20e-06    104468.4      7.22e-22         2.61         3.36
1149.4117          0.00      1.62e-07      4.20e-06    104347.5      7.23e-22         2.61         3.36
1150.5883          0.00      1.68e-07      4.20e-06    104231.1      7.24e-22         2.60         3.35
1151.7646          0.00      1.74e-07      4.20e-06    104119.4      7.25e-22         2.60         3.35
1152.9412          0.00      1.80e-07      4.20e-06    104007.6      7.26e-22         2.60         3.35
1154.1177          0.00      1.87e-07      4.20e-06    103895.8      7.27e-22         2.60         3.34
1155.2941          0.00      1.95e-07      4.20e-06    103784.1      7.29e-22         2.60         3.34
1156.4706          0.00      2.02e-07      4.20e-06    103672.3      7.30e-22         2.60         3.34
1157.6471          0.00      2.11e-07      4.20e-06    103560.5      7.31e-22         2.60         3.33
1158.8235          0.00      2.20e-07      4.20e-06    103448.8      7.33e-22         2.60         3.33
1160.0000          0.00      2.29e-07      4.20e-06    103337.0      7.34e-22         2.60         3.32
1161.1765          0.00      2.39e-07      4.20e-06    103329.7      7.35e-22         2.60         3.32
1162.3529          0.00      2.50e-07      4.20e-06    103322.4      7.37e-22         2.60         3.32
1163.5294          0.00      2.62e-07      4.20e-06    103315.1      7.38e-22         2.60         3.31
1164.7058          0.00      2.74e-07      4.20e-06    103307.8      7.39e-22         2.60         3.31
1165.8823          0.00      2.88e-07      4.20e-06    103300.5      7.41e-22         2.60         3.31
1167.0588          0.00      3.02e-07      4.20e-06    103293.2      7.42e-22         2.59         3.30
1168.2354          0.00      3.17e-07      4.20e-06    103285.9      7.44e-22         2.59         3.30
1169.4117          0.00      3.34e-07      4.20e-06    103278.6      7.46e-22         2.59         3.30
1170.5883          0.00      3.52e-07      4.20e-06    103217.6      7.49e-22         2.59         3.29
1171.7646          0.00      3.71e-07      4.20e-06    103102.9      7.52e-22         2.59         3.29
1172.9412          0.00      3.91e-07      4.20e-06    102988.2      7.56e-22         2.59         3.29
1174.1177          0.00      4.14e-07      4.20e-06    102873.5      7.59e-22         2.59         3.28
1175.2941          0.00      4.38e-07      4.20e-06    102758.8      7.63e-22         2.59         3.28
1176.4706          0.00      4.65e-07      4.20e-06    102644.1      7.68e-22         2.59         3.28
1177.6471          0.00      4.94e-07      4.20e-06    102529.4      7.73e-22         2.59         3.27
1178.8235          0.00      5.26e-07      4.20e-06    102414.7      7.78e-22         2.59         3.27
1180.0000          0.00      5.61e-07      4.20e-06    102300.0      7.84e-22         2.59         3.27
1181.1765          0.00      5.99e-07      4.20e-06    101950.0      7.92e-22         2.59         3.26
1182.3529          0.00      6.40e-07      4.20e-06    101599.9      8.01e-22         2.59         3.26
1183.5294          0.00      6.86e-07      4.20e-06    101249.9      8.10e-22         2.59         3.25
1184.7058          0.00      7.37e-07      4.20e-06    100899.9      8.21e-22         2.58         3.25
1185.8823          0.00      7.95e-07      4.20e-06    100549.8      8.33e-22         2.58         3.25
1187.0588          0.00      8.59e-07      4.20e-06    100199.8      8.45e-22         2.58         3.24
1188.2354          0.00      9.32e-07      4.20e-06     99849.7      8.60e-22         2.58         3.24
1189.4117          0.00      1.01e-06      4.20e-06     99499.7      8.76e-22         2.58         3.24
1190.5883          0.00      1.11e-06      4.20e-06     99039.2      8.95e-22         2.58         3.23
1191.7646          0.00      1.21e-06      4.20e-06     98468.1      9.17e-22         2.58         3.23
1192.9412          0.00      1.34e-06      4.20e-06     97897.1      9.42e-22         2.58         3.23
1194.1177          0.00      1.48e-06      4.20e-06     97326.0      9.71e-22         2.58         3.22
1195.2941          0.00      1.65e-06      4.20e-06     96755.0      1.00e-21         2.58         3.22
1196.4706          0.00      1.84e-06      4.20e-06     96183.9      1.04e-21         2.58         3.22
1197.6471          0.00      2.08e-06      4.20e-06     95612.8      1.09e-21         2.58         3.21
1198.8235          0.00      2.37e-06      4.20e-06     95041.8      1.15e-21         2.58         3.21
1200.0000          0.00      2.72e-06      4.20e-06     94470.7      1.21e-21         2.58         3.21
1201.1765          0.00      3.17e-06      4.20e-06     93827.4      1.30e-21         2.58         3.20
1202.3529          0.00      3.73e-06      4.20e-06     93184.2      1.41e-21         2.58         3.20
1203.5294          0.00      4.45e-06      4.20e-06     92541.0      1.54e-21         2.57         3.20
1204.7058          0.00      5.42e-06      4.20e-06     91897.8      1.73e-21         2.57         3.19
1205.8823          0.00      6.76e-06      4.20e-06     91254.5      1.98e-21         2.57         3.19
1207.0588          0.00      8.67e-06      4.20e-06     90611.2      2.34e-21         2.57         3.19
1208.2352          0.00      1.16e-05      4.20e-06     89968.0      2.88e-21         2.57         3.19
1209.4117          0.00      1.62e-05      4.20e-06     89324.7      3.75e-21         2.57         3.18
1210.5883          0.00      2.43e-05      4.20e-06     88683.5      5.28e-21         2.57         3.18
1211.7646          0.00      4.07e-05      4.20e-06     88044.2      8.37e-21         2.57         3.18
1212.9412          0.00      8.22e-05      4.20e-06     87405.0      1.62e-20         2.57         3.18
1214.1177          0.00      2.46e-04      4.20e-06     86765.7      4.72e-20         2.57         3.17
1215.2941          0.00      3.03e-03      4.20e-06     86126.5      5.76e-19         2.57         3.17
1216.4706          0.00      9.80e-04      4.20e-06     85487.2      1.88e-19         2.57         3.17
1217.6471          0.00      1.60e-04      4.20e-06     84847.9      3.16e-20         2.57         3.16
1218.8235          0.00      6.21e-05      4.20e-06     84208.7      1.28e-20         2.57         3.16
1220.0000          0.00      3.26e-05      4.20e-06     83569.4      7.17e-21         2.57         3.16
1221.1765          0.00      2.00e-05      4.20e-06     82938.7      4.75e-21         2.57         3.16
1222.3529          0.00      1.35e-05      4.20e-06     82308.1      3.49e-21         2.57         3.15
1223.5294          0.00      9.65e-06      4.20e-06     81677.4      2.76e-21         2.57         3.15
1224.7058          0.00      7.25e-06      4.20e-06     81046.8      2.29e-21         2.57         3.15
1225.8823          0.00      5.63e-06      4.20e-06     80416.1      1.98e-21         2.57         3.15
1227.0588          0.00      4.49e-06      4.20e-06     79785.4      1.77e-21         2.56         3.14
1228.2352          0.00      3.66e-06      4.20e-06     79154.7      1.61e-21         2.56         3.14
1229.4117          0.00      3.04e-06      4.20e-06     78524.0      1.49e-21         2.56         3.14
1230.5883          0.00      2.56e-06      4.20e-06     77901.4      1.40e-21         2.56         3.13
1231.7646          0.00      2.19e-06      4.20e-06     77286.8      1.33e-21         2.56         3.13
1232.9412          0.00      1.88e-06      4.20e-06     76672.1      1.28e-21         2.56         3.13
1234.1177          0.00      1.64e-06      4.20e-06     76057.5      1.24e-21         2.56         3.13
1235.2941          0.00      1.44e-06      4.20e-06     75442.9      1.20e-21         2.56         3.12
1236.4706          0.00      1.27e-06      4.20e-06     74828.2      1.18e-21         2.56         3.12
1237.6471          0.00      1.13e-06      4.20e-06     74213.5      1.15e-21         2.56         3.12
1238.8235          0.00      1.01e-06      4.20e-06     73599.0      1.14e-21         2.56         3.11
1240.0000          0.00      9.08e-07      4.20e-06     72984.3      1.12e-21         2.56         3.11
1241.1765          0.00      8.20e-07      4.20e-06     72363.7      1.11e-21         2.56         3.11
1242.3529          0.00      7.43e-07      4.20e-06     71743.2      1.10e-21         2.56         3.11
1243.5294          0.00      6.77e-07      4.20e-06     71122.6      1.10e-21         2.56         3.10
1244.7058          0.00      6.18e-07      4.20e-06     70502.0      1.09e-21         2.56         3.10
1245.8823          0.00      5.66e-07      4.20e-06     69881.4      1.09e-21         2.56         3.10
1247.0588          0.00      5.20e-07      4.20e-06     69260.8      1.09e-21         2.56         3.10
1248.2352          0.00      4.80e-07      4.20e-06     68640.3      1.09e-21         2.56         3.09
1249.4117          0.00      4.43e-07      4.20e-06     68019.7      1.09e-21         2.56         3.09
1250.5883          0.00      4.10e-07      4.20e-06     67391.9      1.09e-21         2.56         3.09
1251.7646          0.00      3.81e-07      4.20e-06     66756.9      1.09e-21         2.55         3.08
1252.9412          0.00      3.54e-07      4.20e-06     66121.9      1.09e-21         2.55         3.08
1254.1177          0.00      3.30e-07      4.20e-06     65486.9      1.10e-21         2.55         3.08
1255.2941          0.00      3.08e-07      4.20e-06     64852.0      1.10e-21         2.55         3.08
1256.4706          0.00      2.88e-07      4.20e-06     64217.0      1.11e-21         2.55         3.07
1257.6470          0.00      2.69e-07      4.20e-06     63582.0      1.11e-21         2.55         3.07
1258.8235          0.00      2.52e-07      4.20e-06     62947.0      1.12e-21         2.55         3.07
1260.0000          0.00      2.37e-07      4.20e-06     62312.0      1.12e-21         2.55         3.07
1261.1765          0.00      2.23e-07      4.20e-06     61667.7      1.13e-21         2.55         3.06
1262.3529          0.00      2.10e-07      4.20e-06     61023.4      1.14e-21         2.55         3.06
1263.5294          0.00      1.98e-07      4.20e-06     60379.0      1.15e-21         2.55         3.06
1264.7058          0.00      1.86e-07      4.20e-06     59734.8      1.15e-21         2.55         3.05
1265.8823          0.00      1.76e-07      4.20e-06     59090.4      1.16e-21         2.55         3.05
1267.0588          0.00      1.66e-07      4.20e-06     58446.1      1.17e-21         2.55         3.05
1268.2354          0.00      1.57e-07      4.20e-06     57801.7      1.18e-21         2.55         3.05
1269.4117          0.00      1.49e-07      4.20e-06     57157.5      1.19e-21         2.55         3.05
1270.5883          0.00      1.41e-07      4.20e-06     56534.6      1.20e-21         2.55         3.04
1271.7646          0.00      1.34e-07      4.20e-06     55933.3      1.21e-21         2.55         3.04
1272.9412          0.00      1.27e-07      4.20e-06     55331.9      1.22e-21         2.55         3.04
1274.1177          0.00      1.21e-07      4.20e-06     54730.6      1.23e-21         2.55         3.04
1275.2941          0.00      1.15e-07      4.20e-06     54129.2      1.24e-21         2.55         3.04
1276.4706          0.00      1.10e-07      4.20e-06     53527.9      1.25e-21         2.55         3.03
1277.6470          0.00      1.04e-07      4.20e-06     52926.6      1.27e-21         2.55         3.03
1278.8235          0.00      9.95e-08      4.20e-06     52325.2      1.28e-21         2.55         3.03
1280.0000          0.00      9.49e-08      4.20e-06     51723.8      1.29e-21         2.55         3.03
1281.1765          0.00      9.06e-08      4.20e-06     51179.3      1.30e-21         2.55         3.03
1282.3529          0.00      8.66e-08      4.20e-06     50634.8      1.31e-21         2.54         3.02
1283.5294          0.00      8.28e-08      4.20e-06     50090.3      1.32e-21         2.54         3.02
1284.7058          0.00      7.92e-08      4.20e-06     49545.9      1.34e-21         2.54         3.02
1285.8823          0.00      7.58e-08      4.20e-06     49001.3      1.35e-21         2.54         3.02
1287.0588          0.00      7.26e-08      4.20e-06     48456.8      1.36e-21         2.54         3.02
1288.2354          0.00      6.95e-08      4.20e-06     47912.3      1.38e-21         2.54         3.01
1289.4117          0.00      6.66e-08      4.20e-06     47367.9      1.39e-21         2.54         3.01
1290.5883          0.00      6.39e-08      4.20e-06     46852.3      1.40e-21         2.54         3.01
1291.7646          0.00      6.13e-08      4.20e-06     46365.7      1.41e-21         2.54         3.01
1292.9412          0.00      5.89e-08      4.20e-06     45879.0      1.43e-21         2.54         3.01
1294.1177          0.00      5.66e-08      4.20e-06     45392.4      1.44e-21         2.54         3.01
1295.2941          0.00      5.44e-08      4.20e-06     44905.8      1.45e-21         2.54         3.00
1296.4706          0.00      5.23e-08      4.20e-06     44419.1      1.47e-21         2.54         3.00
1297.6470          0.00      5.03e-08      4.20e-06     43932.5      1.48e-21         2.54         3.00
1298.8235          0.00      4.84e-08      4.20e-06     43445.9      1.50e-21         2.54         3.00
1300.0000          0.00      4.66e-08      4.20e-06     42959.2      1.51e-21         2.54         3.00
1301.1765          0.00      4.49e-08      4.20e-06     42530.8      1.52e-21         2.54         2.99
1302.3529          0.00      4.33e-08      4.20e-06     42102.4      1.54e-21         2.54         2.99
1303.5294          0.00      4.17e-08      4.20e-06     41673.9      1.55e-21         2.54         2.99
1304.7058          0.00      4.02e-08      4.20e-06     41245.5      1.57e-21         2.54         2.99
1305.8823          0.00      3.88e-08      4.20e-06     40817.1      1.58e-21         2.54         2.99
1307.0588          0.00      3.75e-08      4.20e-06     40388.7      1.60e-21         2.54         2.98
1308.2354          0.00      3.62e-08      4.20e-06     39960.2      1.61e-21         2.54         2.98
1309.4117          0.00      3.49e-08      4.20e-06     39531.8      1.63e-21         2.54         2.98
1310.5883          0.00      3.38e-08      4.20e-06     39141.1      1.64e-21         2.54         2.98
1311.7646          0.00      3.27e-08      4.20e-06     38788.1      1.65e-21         2.54         2.98
1312.9412          0.00      3.16e-08      4.20e-06     38435.1      1.67e-21         2.54         2.98
1314.1177          0.00      3.06e-08      4.20e-06     38082.1      1.68e-21         2.54         2.97
1315.2941          0.00      2.96e-08      4.20e-06     37729.2      1.69e-21         2.54         2.97
1316.4706          0.00      2.87e-08      4.20e-06     37376.2      1.71e-21         2.54         2.97
1317.6470          0.00      2.78e-08      4.20e-06     37023.2      1.72e-21         2.54         2.97
1318.8235          0.00      2.69e-08      4.20e-06     36670.2      1.74e-21         2.54         2.97
1320.0000          0.00      2.61e-08      4.20e-06     36317.2      1.75e-21         2.54         2.96
1321.1765          0.00      2.53e-08      4.20e-06     36026.0      1.76e-21         2.54         2.96
1322.3529          0.00      2.46e-08      4.20e-06     35734.9      1.78e-21         2.53         2.96
1323.5294          0.00      2.39e-08      4.20e-06     35443.7      1.79e-21         2.53         2.96
1324.7058          0.00      2.32e-08      4.20e-06     35152.6      1.80e-21         2.53         2.96
1325.8823          0.00      2.26e-08      4.20e-06     34861.4      1.82e-21         2.53         2.95
1327.0588          0.00      2.19e-08      4.20e-06     34570.3      1.83e-21         2.53         2.95
1328.2352          0.00      2.13e-08      4.20e-06     34279.1      1.84e-21         2.53         2.95
1329.4117          0.00      2.07e-08      4.20e-06     33988.0      1.86e-21         2.53         2.95
1330.5883          0.00      2.01e-08      4.20e-06     33716.4      1.87e-21         2.53         2.95
1331.7646          0.00      1.96e-08      4.20e-06     33464.3      1.88e-21         2.53         2.94
1332.9412          0.00      1.91e-08      4.20e-06     33212.2      1.89e-21         2.53         2.94
1334.1177          0.00      1.86e-08      4.20e-06     32960.1      1.91e-21         2.53         2.94
1335.2941          0.00      1.81e-08      4.20e-06     32708.0      1.92e-21         2.53         2.94
1336.4706          0.00      1.76e-08      4.20e-06     32455.9      1.93e-21         2.53         2.94
1337.6470          0.00      1.72e-08      4.20e-06     32203.9      1.95e-21         2.53         2.94
1338.8235          0.00      1.67e-08      4.20e-06     31951.8      1.96e-21         2.53         2.94
1340.0000          0.00      1.63e-08      4.20e-06     31699.7      1.97e-21         2.53         2.94
1341.1765          0.00      1.59e-08      4.20e-06     31479.4      1.98e-21         2.53         2.94
1342.3529          0.00      1.55e-08      4.20e-06     31259.2      2.00e-21         2.53         2.94
1343.5294          0.00      1.51e-08      4.20e-06     31038.9      2.01e-21         2.53         2.93
1344.7058          0.00      1.48e-08      4.20e-06     30818.6      2.02e-21         2.53         2.93
1345.8823          0.00      1.44e-08      4.20e-06     30598.4      2.03e-21         2.53         2.93
1347.0588          0.00      1.41e-08      4.20e-06     30378.1      2.05e-21         2.53         2.93
1348.2352          0.00      1.37e-08      4.20e-06     30157.8      2.06e-21         2.53         2.93
1349.4117          0.00      1.34e-08      4.20e-06     29937.5      2.07e-21         2.53         2.93
1350.5883          0.00      1.31e-08      4.20e-06     29731.4      2.09e-21         2.53         2.93
1351.7646          0.00      1.28e-08      4.20e-06     29539.6      2.10e-21         2.53         2.93
1352.9412          0.00      1.25e-08      4.20e-06     29347.7      2.11e-21         2.53         2.93
1354.1177          0.00      1.22e-08      4.20e-06     29155.8      2.12e-21         2.53         2.93
1355.2941          0.00      1.19e-08      4.20e-06     28963.9      2.13e-21         2.53         2.92
1356.4706          0.00      1.17e-08      4.20e-06     28772.0      2.15e-21         2.53         2.92
1357.6470          0.00      1.14e-08      4.20e-06     28580.1      2.16e-21         2.53         2.92
1358.8235          0.00      1.12e-08      4.20e-06     28388.2      2.17e-21         2.53         2.92
1360.0000          0.00      1.09e-08      4.20e-06     28196.3      2.18e-21         2.53         2.92
1361.1765          0.00      1.07e-08      4.20e-06     28029.8      2.19e-21         2.53         2.92
1362.3529          0.00      1.05e-08      4.20e-06     27863.4      2.20e-21         2.53         2.92
1363.5294          0.00      1.02e-08      4.20e-06     27696.9      2.22e-21         2.53         2.92
1364.7058          0.00      1.00e-08      4.20e-06     27530.5      2.23e-21         2.53         2.92
1365.8823          0.00      9.82e-09      4.20e-06     27364.0      2.24e-21         2.53         2.92
1367.0588          0.00      9.62e-09      4.20e-06     27197.5      2.25e-21         2.53         2.92
1368.2352          0.00      9.42e-09      4.20e-06     27031.1      2.26e-21         2.53         2.91
1369.4117          0.00      9.23e-09      4.20e-06     26864.6      2.27e-21         2.53         2.91
1370.5883          0.00      9.04e-09      4.20e-06     26698.8      2.29e-21         2.53         2.91
1371.7646          0.00      8.85e-09      4.20e-06     26533.8      2.30e-21         2.53         2.91
1372.9412          0.00      8.68e-09      4.20e-06     26368.6      2.31e-21         2.53         2.91
1374.1177          0.00      8.50e-09      4.20e-06     26203.5      2.32e-21         2.53         2.91
1375.2941          0.00      8.33e-09      4.20e-06     26038.4      2.34e-21         2.53         2.91
1376.4706          0.00      8.16e-09      4.20e-06     25873.3      2.35e-21         2.53         2.91
1377.6470          0.00      8.00e-09      4.20e-06     25708.2      2.36e-21         2.53         2.91
1378.8235          0.00      7.84e-09      4.20e-06     25543.1      2.37e-21         2.53         2.91
1380.0000          0.00      7.69e-09      4.20e-06     25378.0      2.39e-21         2.53         2.90
1381.1765          0.00      7.53e-09      4.20e-06     25212.3      2.40e-21         2.53         2.90
1382.3529          0.00      7.39e-09      4.20e-06     25046.5      2.42e-21         2.53         2.90
1383.5294          0.00      7.24e-09      4.20e-06     24880.8      2.43e-21         2.53         2.90
1384.7058          0.00      7.10e-09      4.20e-06     24715.0      2.44e-21         2.53         2.90
1385.8823          0.00      6.96e-09      4.20e-06     24549.3      2.46e-21         2.53         2.90
1387.0588          0.00      6.82e-09      4.20e-06     24383.6      2.47e-21         2.53         2.90
1388.2352          0.00      6.69e-09      4.20e-06     24217.8      2.49e-21         2.53         2.90
1389.4117          0.00      6.56e-09      4.20e-06     24052.1      2.50e-21         2.53         2.90
1390.5883          0.00      6.43e-09      4.20e-06     23886.4      2.52e-21         2.53         2.90
1391.7646          0.00      6.31e-09      4.20e-06     23720.7      2.53e-21         2.53         2.90
1392.9412          0.00      6.19e-09      4.20e-06     23555.1      2.55e-21         2.53         2.89
1394.1177          0.00      6.07e-09      4.20e-06     23389.4      2.56e-21         2.53         2.89
1395.2941          0.00      5.95e-09      4.20e-06     23223.7      2.58e-21         2.53         2.89
1396.4706          0.00      5.84e-09      4.20e-06     23058.1      2.60e-21         2.53         2.89
1397.6470          0.00      5.73e-09      4.20e-06     22892.4      2.61e-21         2.53         2.89
1398.8235          0.00      5.62e-09      4.20e-06     22726.8      2.63e-21         2.53         2.89
1400.0000          0.00      5.51e-09      4.20e-06     22561.1      2.65e-21         2.53         2.89
1401.1765          0.00      5.41e-09      4.20e-06     22424.2      2.66e-21         2.53         2.89
1402.3529          0.00      5.32e-09      4.20e-06     22287.4      2.67e-21         2.53         2.89
1403.5294          0.00      5.22e-09      4.20e-06     22150.5      2.69e-21         2.53         2.89
1404.7058          0.00      5.13e-09      4.20e-06     22013.6      2.70e-21         2.53         2.89
1405.8823          0.00      5.04e-09      4.20e-06     21876.8      2.72e-21         2.53         2.89
1407.0588          0.00      4.95e-09      4.20e-06     21739.9      2.73e-21         2.53         2.89
1408.2352          0.00      4.86e-09      4.20e-06     21603.0      2.75e-21         2.53         2.89
1409.4117          0.00      4.78e-09      4.20e-06     21466.1      2.76e-21         2.53         2.89
1410.5881          0.00      4.70e-09      4.20e-06     21344.2      2.78e-21         2.53         2.89
1411.7646          0.00      4.62e-09      4.20e-06     21237.2      2.79e-21         2.53         2.89
1412.9412          0.00      4.55e-09      4.20e-06     21130.3      2.80e-21         2.53         2.89
1414.1177          0.00      4.47e-09      4.20e-06     21023.3      2.81e-21         2.53         2.89
1415.2941          0.00      4.40e-09      4.20e-06     20916.3      2.82e-21         2.53         2.89
1416.4706          0.00      4.33e-09      4.20e-06     20809.3      2.84e-21         2.53         2.89
1417.6470          0.00      4.26e-09      4.20e-06     20702.4      2.85e-21         2.53         2.89
1418.8235          0.00      4.20e-09      4.20e-06     20595.4      2.86e-21         2.53         2.89
1420.0000          0.00      4.13e-09      4.20e-06     20488.4      2.87e-21         2.53         2.89
1421.1765          0.00      4.07e-09      4.20e-06     20408.1      2.88e-21         2.53         2.89
1422.3529          0.00      4.01e-09      4.20e-06     20327.7      2.89e-21         2.53         2.89
1423.5294          0.00      3.95e-09      4.20e-06     20247.4      2.90e-21         2.53         2.89
1424.7058          0.00      3.90e-09      4.20e-06     20167.0      2.91e-21         2.53         2.89
1425.8823          0.00      3.84e-09      4.20e-06     20086.7      2.92e-21         2.53         2.89
1427.0588          0.00      3.79e-09      4.20e-06     20006.4      2.93e-21         2.53         2.89
1428.2352          0.00      3.73e-09      4.20e-06     19926.0      2.94e-21         2.53         2.89
1429.4117          0.00      3.68e-09      4.20e-06     19845.7      2.95e-21         2.53         2.89
1430.5881          0.00      3.63e-09      4.20e-06     19767.1      2.95e-21         2.53         2.89
1431.7646          0.00      3.58e-09      4.20e-06     19690.4      2.96e-21         2.53         2.89
1432.9412          0.00      3.53e-09      4.20e-06     19613.6      2.97e-21         2.53         2.89
1434.1177          0.00      3.48e-09      4.20e-06     19536.9      2.98e-21         2.53         2.89
1435.2941          0.00      3.43e-09      4.20e-06     19460.2      2.99e-21         2.53         2.89
1436.4706          0.00      3.38e-09      4.20e-06     19383.4      3.00e-21         2.53         2.89
1437.6470          0.00      3.34e-09      4.20e-06     19306.7      3.01e-21         2.53         2.89
1438.8235          0.00      3.29e-09      4.20e-06     19229.9      3.02e-21         2.53         2.89
1440.0000          0.00      3.25e-09      4.20e-06     19153.2      3.03e-21         2.53         2.89
1441.1765          0.00      3.20e-09      4.20e-06     19077.6      3.04e-21         2.53         2.89
1442.3529          0.00      3.16e-09      4.20e-06     19002.0      3.05e-21         2.53         2.89
1443.5294          0.00      3.12e-09      4.20e-06     18926.4      3.06e-21         2.53         2.89
1444.7058          0.00      3.08e-09      4.20e-06     18850.9      3.07e-21         2.53         2.89
1445.8823          0.00      3.04e-09      4.20e-06     18775.3      3.08e-21         2.53         2.89
1447.0588          0.00      3.00e-09      4.20e-06     18699.7      3.09e-21         2.53         2.89
1448.2352          0.00      2.96e-09      4.20e-06     18624.1      3.10e-21         2.53         2.89
1449.4117          0.00      2.92e-09      4.20e-06     18548.5      3.11e-21         2.53         2.89
1450.5881          0.00      2.88e-09      4.20e-06     18486.5      3.12e-21         2.53         2.89
1451.7646          0.00      2.85e-09      4.20e-06     18438.2      3.12e-21         2.53         2.89
1452.9412          0.00      2.81e-09      4.20e-06     18389.9      3.13e-21         2.53         2.89
1454.1177          0.00      2.78e-09      4.20e-06     18341.6      3.13e-21         2.53         2.89
1455.2941          0.00      2.75e-09      4.20e-06     18293.3      3.14e-21         2.53         2.89
1456.4706          0.00      2.72e-09      4.20e-06     18245.0      3.14e-21         2.53         2.89
1457.6470          0.00      2.68e-09      4.20e-06     18196.6      3.15e-21         2.53         2.89
1458.8235          0.00      2.65e-09      4.20e-06     18148.3      3.16e-21         2.53         2.89
1460.0000          0.00      2.62e-09      4.20e-06     18100.0      3.16e-21         2.53         2.89
1461.1765          0.00      2.60e-09      4.20e-06     18077.6      3.16e-21         2.53         2.89
1462.3529          0.00      2.57e-09      4.20e-06     18055.2      3.16e-21         2.53         2.89
1463.5294          0.00      2.55e-09      4.20e-06     18032.7      3.17e-21         2.53         2.89
1464.7058          0.00      2.52e-09      4.20e-06     18010.3      3.17e-21         2.53         2.89
1465.8823          0.00      2.50e-09      4.20e-06     17987.9      3.17e-21         2.53         2.89
1467.0588          0.00      2.47e-09      4.20e-06     17965.5      3.17e-21         2.53         2.89
1468.2352          0.00      2.45e-09      4.20e-06     17943.0      3.17e-21         2.53         2.89
1469.4117          0.00      2.42e-09      4.20e-06     17920.6      3.17e-21         2.53         2.89
1470.5881          0.00      2.40e-09      4.20e-06     17910.8      3.17e-21         2.53         2.90
1471.7646          0.00      2.38e-09      4.20e-06     17913.7      3.17e-21         2.53         2.90
1472.9412          0.00      2.36e-09      4.20e-06     17916.6      3.17e-21         2.53         2.90
1474.1177          0.00      2.34e-09      4.20e-06     17919.4      3.16e-21         2.53         2.90
1475.2941          0.00      2.32e-09      4.20e-06     17922.3      3.16e-21         2.53         2.90
1476.4706          0.00      2.31e-09      4.20e-06     17925.2      3.16e-21         2.53         2.90
1477.6470          0.00      2.29e-09      4.20e-06     17928.1      3.15e-21         2.53         2.90
1478.8235          0.00      2.27e-09      4.20e-06     17930.9      3.15e-21         2.53         2.90
1480.0000          0.00      2.25e-09      4.20e-06     17933.8      3.15e-21         2.54         2.90
1481.1765          0.00      2.23e-09      4.20e-06     17935.8      3.14e-21         2.54         2.91
1482.3529          0.00      2.22e-09      4.20e-06     17937.9      3.14e-21         2.54         2.91
1483.5294          0.00      2.20e-09      4.20e-06     17939.9      3.14e-21         2.54         2.91
1484.7058          0.00      2.18e-09      4.20e-06     17941.9      3.14e-21         2.54         2.91
1485.8823          0.00      2.16e-09      4.20e-06     17944.0      3.13e-21         2.54         2.91
1487.0588          0.00      2.15e-09      4.20e-06     17946.0      3.13e-21         2.54         2.91
1488.2352          0.00      2.13e-09      4.20e-06     17948.0      3.13e-21         2.54         2.91
1489.4117          0.00      2.11e-09      4.20e-06     17950.1      3.12e-21         2.54         2.91
1490.5881          0.00      2.10e-09      4.20e-06     17951.6      3.12e-21         2.54         2.91
1491.7646          0.00      2.08e-09      4.20e-06     17952.6      3.12e-21         2.54         2.91
1492.9412          0.00      2.07e-09      4.20e-06     17953.7      3.12e-21         2.54         2.92
1494.1177          0.00      2.05e-09      4.20e-06     17954.7      3.11e-21         2.54         2.92
1495.2941          0.00      2.03e-09      4.20e-06     17955.7      3.11e-21         2.54         2.92
1496.4706          0.00      2.02e-09      4.20e-06     17956.7      3.11e-21         2.54         2.92
1497.6470          0.00      2.00e-09      4.20e-06     17957.8      3.11e-21         2.54         2.92
1498.8235          0.00      1.99e-09      4.20e-06     17958.8      3.10e-21         2.54         2.92
1500.0000          0.00      1.97e-09      4.20e-06     17959.8      3.10e-21         2.54         2.92
1501.1765          0.00      1.96e-09      4.20e-06     17959.3      3.10e-21         2.54         2.92
1502.3529          0.00      1.95e-09      4.20e-06     17958.9      3.10e-21         2.54         2.92
1503.5294          0.00      1.93e-09      4.20e-06     17958.4      3.09e-21         2.54         2.93
1504.7058          0.00      1.92e-09      4.20e-06     17957.9      3.09e-21         2.54         2.93
1505.8823          0.00      1.90e-09      4.20e-06     17957.4      3.09e-21         2.54         2.93
1507.0588          0.00      1.89e-09      4.20e-06     17957.0      3.09e-21         2.54         2.93
1508.2352          0.00      1.88e-09      4.20e-06     17956.5      3.08e-21         2.54         2.93
1509.4117          0.00      1.86e-09      4.20e-06     17956.0      3.08e-21         2.54         2.93
1510.5881          0.00      1.85e-09      4.20e-06     17954.8      3.08e-21         2.54         2.93
1511.7646          0.00      1.83e-09      4.20e-06     17952.9      3.08e-21         2.54         2.93
1512.9412          0.00      1.82e-09      4.20e-06     17951.0      3.08e-21         2.54         2.93
1514.1177          0.00      1.81e-09      4.20e-06     17949.0      3.07e-21         2.54         2.93
1515.2941          0.00      1.80e-09      4.20e-06     17947.1      3.07e-21         2.54         2.94
1516.4706          0.00      1.78e-09      4.20e-06     17945.2      3.07e-21         2.54         2.94
1517.6470          0.00      1.77e-09      4.20e-06     17943.3      3.07e-21         2.54         2.94
1518.8235          0.00      1.76e-09      4.20e-06     17941.3      3.07e-21         2.54         2.94
1520.0000          0.00      1.74e-09      4.20e-06     17939.4      3.06e-21         2.54         2.94
1521.1765          0.00      1.73e-09      4.20e-06     17930.6      3.06e-21         2.54         2.94
1522.3529          0.00      1.72e-09      4.20e-06     17921.9      3.06e-21         2.55         2.94
1523.5293          0.00      1.71e-09      4.20e-06     17913.1      3.06e-21         2.55         2.94
1524.7058          0.00      1.69e-09      4.20e-06     17904.4      3.06e-21         2.55         2.94
1525.8823          0.00      1.68e-09      4.20e-06     17895.6      3.06e-21         2.55         2.95
1527.0588          0.00      1.67e-09      4.20e-06     17886.9      3.06e-21         2.55         2.95
1528.2354          0.00      1.66e-09      4.20e-06     17878.1      3.06e-21         2.55         2.95
1529.4117          0.00      1.65e-09      4.20e-06     17869.4      3.06e-21         2.55         2.95
1530.5881          0.00      1.63e-09      4.20e-06     17854.7      3.06e-21         2.55         2.95
1531.7646          0.00      1.62e-09      4.20e-06     17834.2      3.06e-21         2.55         2.95
1532.9412          0.00      1.61e-09      4.20e-06     17813.7      3.06e-21         2.55         2.95
1534.1177          0.00      1.60e-09      4.20e-06     17793.2      3.06e-21         2.55         2.95
1535.2941          0.00      1.58e-09      4.20e-06     17772.7      3.06e-21         2.55         2.96
1536.4706          0.00      1.57e-09      4.20e-06     17752.2      3.06e-21         2.55         2.96
1537.6470          0.00      1.56e-09      4.20e-06     17731.7      3.06e-21         2.55         2.96
1538.8235          0.00      1.55e-09      4.20e-06     17711.2      3.06e-21         2.55         2.96
1540.0000          0.00      1.53e-09      4.20e-06     17690.7      3.07e-21         2.55         2.96
1541.1765          0.00      1.52e-09      4.20e-06     17658.7      3.07e-21         2.55         2.97
1542.3529          0.00      1.51e-09      4.20e-06     17626.7      3.07e-21         2.55         2.97
1543.5293          0.00      1.50e-09      4.20e-06     17594.7      3.08e-21         2.55         2.97
1544.7058          0.00      1.48e-09      4.20e-06     17562.7      3.08e-21         2.55         2.97
1545.8823          0.00      1.47e-09      4.20e-06     17530.7      3.08e-21         2.55         2.97
1547.0588          0.00      1.46e-09      4.20e-06     17498.7      3.09e-21         2.55         2.98
1548.2354          0.00      1.45e-09      4.20e-06     17466.7      3.09e-21         2.55         2.98
1549.4117          0.00      1.44e-09      4.20e-06     17434.7      3.09e-21         2.55         2.98
1550.5881          0.00      1.43e-09      4.20e-06     17399.8      3.10e-21         2.55         2.98
1551.7646          0.00      1.41e-09      4.20e-06     17362.0      3.10e-21         2.56         2.98
1552.9412          0.00      1.40e-09      4.20e-06     17324.2      3.10e-21         2.56         2.99
1554.1177          0.00      1.39e-09      4.20e-06     17286.4      3.11e-21         2.56         2.99
1555.2941          0.00      1.38e-09      4.20e-06     17248.7      3.11e-21         2.56         2.99
1556.4706          0.00      1.37e-09      4.20e-06     17210.9      3.12e-21         2.56         2.99
1557.6470          0.00      1.36e-09      4.20e-06     17173.1      3.12e-21         2.56         2.99
1558.8235          0.00      1.34e-09      4.20e-06     17135.3      3.13e-21         2.56         3.00
1560.0000          0.00      1.33e-09      4.20e-06     17097.5      3.13e-21         2.56         3.00
1561.1765          0.00      1.32e-09      4.20e-06     17059.4      3.14e-21         2.56         3.00
1562.3529          0.00      1.31e-09      4.20e-06     17021.3      3.14e-21         2.56         3.00
1563.5293          0.00      1.30e-09      4.20e-06     16983.2      3.15e-21         2.56         3.00
1564.7058          0.00      1.29e-09      4.20e-06     16945.0      3.15e-21         2.56         3.01
1565.8823          0.00      1.28e-09      4.20e-06     16906.9      3.15e-21         2.56         3.01
1567.0588          0.00      1.27e-09      4.20e-06     16868.8      3.16e-21         2.56         3.01
1568.2354          0.00      1.26e-09      4.20e-06     16830.7      3.16e-21         2.56         3.01
1569.4117          0.00      1.25e-09      4.20e-06     16792.6      3.17e-21         2.56         3.01
1570.5881          0.00      1.24e-09      4.20e-06     16754.3      3.17e-21         2.56         3.02
1571.7646          0.00      1.23e-09      4.20e-06     16715.8      3.18e-21         2.56         3.02
1572.9412          0.00      1.22e-09      4.20e-06     16677.4      3.18e-21         2.56         3.02
1574.1177          0.00      1.21e-09      4.20e-06     16639.0      3.19e-21         2.56         3.02
1575.2941          0.00      1.20e-09      4.20e-06     16600.5      3.19e-21         2.56         3.02
1576.4706          0.00      1.19e-09      4.20e-06     16562.1      3.20e-21         2.56         3.03
1577.6470          0.00      1.18e-09      4.20e-06     16523.7      3.20e-21         2.57         3.03
1578.8235          0.00      1.17e-09      4.20e-06     16485.2      3.21e-21         2.57         3.03
1580.0000          0.00      1.16e-09      4.20e-06     16446.8      3.21e-21         2.57         3.03
1581.1765          0.00      1.15e-09      4.20e-06     16400.1      3.22e-21         2.57         3.03
1582.3529          0.00      1.14e-09      4.20e-06     16353.4      3.23e-21         2.57         3.04
1583.5293          0.00      1.13e-09      4.20e-06     16306.8      3.23e-21         2.57         3.04
1584.7058          0.00      1.12e-09      4.20e-06     16260.1      3.24e-21         2.57         3.04
1585.8823          0.00      1.11e-09      4.20e-06     16213.4      3.25e-21         2.57         3.04
1587.0588          0.00      1.10e-09      4.20e-06     16166.7      3.25e-21         2.57         3.04
1588.2352          0.00      1.09e-09      4.20e-06     16120.0      3.26e-21         2.57         3.04
1589.4117          0.00      1.08e-09      4.20e-06     16073.3      3.27e-21         2.57         3.05
1590.5881          0.00      1.07e-09      4.20e-06     16021.8      3.28e-21         2.57         3.05
1591.7646          0.00      1.06e-09      4.20e-06     15965.4      3.29e-21         2.57         3.05
1592.9412          0.00      1.06e-09      4.20e-06     15909.0      3.30e-21         2.57         3.05
1594.1177          0.00      1.05e-09      4.20e-06     15852.6      3.30e-21         2.57         3.05
1595.2941          0.00      1.04e-09      4.20e-06     15796.1      3.31e-21         2.57         3.06
1596.4706          0.00      1.04e-09      4.20e-06     15739.7      3.32e-21         2.57         3.06
1597.6470          0.00      1.03e-09      4.20e-06     15683.3      3.33e-21         2.57         3.06
1598.8235          0.00      1.03e-09      4.20e-06     15626.9      3.34e-21         2.57         3.06
1600.0000          0.00      1.02e-09      4.20e-06     15570.5      3.35e-21         2.57         3.06
1601.1765          0.00      1.01e-09      4.20e-06     15505.1      3.36e-21         2.57         3.07
1602.3529          0.00      1.00e-09      4.20e-06     15439.6      3.38e-21         2.58         3.07
1603.5293          0.00      9.97e-10      4.20e-06     15374.2      3.39e-21         2.58         3.07
1604.7058          0.00      9.90e-10      4.20e-06     15308.7      3.40e-21         2.58         3.08
1605.8823          0.00      9.83e-10      4.20e-06     15243.3      3.41e-21         2.58         3.08
1607.0588          0.00      9.76e-10      4.20e-06     15177.8      3.42e-21         2.58         3.08
1608.2352          0.00      9.68e-10      4.20e-06     15112.4      3.44e-21         2.58         3.08
1609.4117          0.00      9.61e-10      4.20e-06     15046.9      3.45e-21         2.58         3.09
1610.5881          0.00      9.53e-10      4.20e-06     14981.0      3.46e-21         2.58         3.09
1611.7646          0.00      9.45e-10      4.20e-06     14914.6      3.47e-21         2.58         3.09
1612.9412          0.00      9.37e-10      4.20e-06     14848.2      3.49e-21         2.58         3.10
1614.1177          0.00      9.29e-10      4.20e-06     14781.8      3.50e-21         2.58         3.10
1615.2941          0.00      9.21e-10      4.20e-06     14715.4      3.51e-21         2.58         3.10
1616.4706          0.00      9.14e-10      4.20e-06     14649.0      3.53e-21         2.58         3.10
1617.6470          0.00      9.06e-10      4.20e-06     14582.6      3.54e-21         2.58         3.11
1618.8235          0.00      8.99e-10      4.20e-06     14516.2      3.55e-21         2.58         3.11
1620.0000          0.00      8.92e-10      4.20e-06     14449.8      3.57e-21         2.58         3.11
1621.1765          0.00      8.85e-10      4.20e-06     14389.9      3.58e-21         2.59         3.12
1622.3529          0.00      8.78e-10      4.20e-06     14330.0      3.59e-21         2.59         3.12
1623.5293          0.00      8.72e-10      4.20e-06     14270.1      3.60e-21         2.59         3.12
1624.7058          0.00      8.65e-10      4.20e-06     14210.2      3.62e-21         2.59         3.12
1625.8823          0.00      8.58e-10      4.20e-06     14150.3      3.63e-21         2.59         3.13
1627.0588          0.00      8.52e-10      4.20e-06     14090.4      3.64e-21         2.59         3.13
1628.2352          0.00      8.45e-10      4.20e-06     14030.5      3.66e-21         2.59         3.13
1629.4117          0.00      8.39e-10      4.20e-06     13970.6      3.67e-21         2.59         3.14
1630.5881          0.00      8.33e-10      4.20e-06     13915.0      3.68e-21         2.59         3.14
1631.7646          0.00      8.27e-10      4.20e-06     13863.7      3.69e-21         2.59         3.14
1632.9412          0.00      8.21e-10      4.20e-06     13812.4      3.70e-21         2.59         3.14
1634.1177          0.00      8.15e-10      4.20e-06     13761.1      3.71e-21         2.59         3.15
1635.2941          0.00      8.09e-10      4.20e-06     13709.8      3.72e-21         2.59         3.15
1636.4705          0.00      8.03e-10      4.20e-06     13658.6      3.74e-21         2.59         3.15
1637.6470          0.00      7.98e-10      4.20e-06     13607.3      3.75e-21         2.59         3.16
1638.8235          0.00      7.92e-10      4.20e-06     13556.0      3.76e-21         2.59         3.16
1640.0000          0.00      7.86e-10      4.20e-06     13504.7      3.77e-21         2.60         3.16
1641.1765          0.00      7.81e-10      4.20e-06     13461.8      3.78e-21         2.60         3.16
1642.3529          0.00      7.76e-10      4.20e-06     13418.9      3.79e-21         2.60         3.17
1643.5293          0.00      7.70e-10      4.20e-06     13376.1      3.80e-21         2.60         3.17
1644.7058          0.00      7.65e-10      4.20e-06     13333.2      3.81e-21         2.60         3.17
1645.8823          0.00      7.60e-10      4.20e-06     13290.3      3.82e-21         2.60         3.17
1647.0588          0.00      7.55e-10      4.20e-06     13247.4      3.83e-21         2.60         3.18
1648.2352          0.00      7.50e-10      4.20e-06     13204.5      3.84e-21         2.60         3.18
1649.4117          0.00      7.45e-10      4.20e-06     13161.6      3.85e-21         2.60         3.18
1650.5881          0.00      7.40e-10      4.20e-06     13120.2      3.86e-21         2.60         3.19
1651.7646          0.00      7.35e-10      4.20e-06     13080.1      3.86e-21         2.60         3.19
1652.9412          0.00      7.31e-10      4.20e-06     13040.1      3.87e-21         2.60         3.19
1654.1177          0.00      7.29e-10      4.20e-06     13000.0      3.88e-21         2.60         3.19
1655.2941          0.00      7.31e-10      4.20e-06     12959.9      3.89e-21         2.60         3.20
1656.4705          0.00      7.37e-10      4.20e-06     12919.9      3.90e-21         2.60         3.20
1657.6470          0.00      7.46e-10      4.20e-06     12879.8      3.91e-21         2.61         3.20
1658.8235          0.00      7.60e-10      4.20e-06     12839.8      3.92e-21         2.61         3.21
1660.0000          0.00      7.77e-10      4.20e-06     12799.7      3.93e-21         2.61         3.21
1661.1765          0.00      7.98e-10      4.20e-06     12760.1      3.94e-21         2.61         3.21
1662.3529          0.00      8.22e-10      4.20e-06     12720.6      3.95e-21         2.61         3.21
1663.5293          0.00      8.50e-10      4.20e-06     12681.0      3.96e-21         2.61         3.22
1664.7058          0.00      8.80e-10      4.20e-06     12641.5      3.97e-21         2.61         3.22
1665.8823          0.00      9.14e-10      4.20e-06     12601.9      3.98e-21         2.61         3.22
1667.0588          0.00      9.52e-10      4.20e-06     12562.4      3.99e-21         2.61         3.23
1668.2352          0.00      9.90e-10      4.20e-06     12522.8      4.00e-21         2.61         3.23
1669.4117          0.00      1.03e-09      4.20e-06     12483.3      4.01e-21         2.61         3.23
1670.5881          0.00      1.07e-09      4.20e-06     12444.0      4.02e-21         2.61         3.24
1671.7646          0.00      1.11e-09      4.20e-06     12404.9      4.03e-21         2.61         3.24
1672.9412          0.00      1.15e-09      4.20e-06     12365.9      4.04e-21         2.61         3.24
1674.1177          0.00      1.18e-09      4.20e-06     12326.8      4.05e-21         2.62         3.25
1675.2941          0.00      1.22e-09      4.20e-06     12287.7      4.06e-21         2.62         3.25
1676.4705          0.00      1.25e-09      4.20e-06     12248.7      4.07e-21         2.62         3.25
1677.6470          0.00      1.28e-09      4.20e-06     12209.6      4.08e-21         2.62         3.26
1678.8235          0.00      1.31e-09      4.20e-06     12170.6      4.09e-21         2.62         3.26
1680.0000          0.00      1.34e-09      4.20e-06     12131.5      4.10e-21         2.62         3.26
1681.1765          0.00      1.37e-09      4.20e-06     12108.6      4.10e-21         2.62         3.27
1682.3529          0.00      1.40e-09      4.20e-06     12085.6      4.11e-21         2.62         3.27
1683.5293          0.00      1.42e-09      4.20e-06     12062.7      4.11e-21         2.62         3.28
1684.7058          0.00      1.45e-09      4.20e-06     12039.8      4.12e-21         2.62         3.28
1685.8823          0.00      1.47e-09      4.20e-06     12016.9      4.12e-21         2.62         3.28
1687.0588          0.00      1.49e-09      4.20e-06     11993.9      4.13e-21         2.62         3.29
1688.2352          0.00      1.51e-09      4.20e-06     11971.0      4.13e-21         2.62         3.29
1689.4117          0.00      1.53e-09      4.20e-06     11948.1      4.14e-21         2.63         3.29
1690.5881          0.00      1.55e-09      4.20e-06     11933.5      4.14e-21         2.63         3.30
1691.7646          0.00      1.57e-09      4.20e-06     11927.3      4.14e-21         2.63         3.30
1692.9412          0.00      1.59e-09      4.20e-06     11921.1      4.14e-21         2.63         3.30
1694.1177          0.00      1.61e-09      4.20e-06     11914.9      4.14e-21         2.63         3.31
1695.2941          0.00      1.63e-09      4.20e-06     11908.6      4.14e-21         2.63         3.31
1696.4705          0.00      1.65e-09      4.20e-06     11902.4      4.14e-21         2.63         3.31
1697.6470          0.00      1.67e-09      4.20e-06     11896.2      4.14e-21         2.63         3.32
1698.8235          0.00      1.69e-09      4.20e-06     11890.0      4.13e-21         2.63         3.32
1700.0000          0.00      1.71e-09      4.20e-06     11883.8      4.13e-21         2.63         3.32
1701.1765          0.00      1.73e-09      4.20e-06     11893.4      4.13e-21         2.63         3.33
1702.3529          0.00      1.75e-09      4.20e-06     11903.1      4.12e-21         2.63         3.33
1703.5293          0.00      1.77e-09      4.20e-06     11912.7      4.12e-21         2.64         3.34
1704.7058          0.00      1.79e-09      4.20e-06     11922.3      4.11e-21         2.64         3.34
1705.8823          0.00      1.81e-09      4.20e-06     11932.0      4.10e-21         2.64         3.34
1707.0588          0.00      1.83e-09      4.20e-06     11941.6      4.10e-21         2.64         3.35
1708.2352          0.00      1.84e-09      4.20e-06     11951.2      4.09e-21         2.64         3.35
1709.4117          0.00      1.86e-09      4.20e-06     11960.9      4.09e-21         2.64         3.35
1710.5881          0.00      1.88e-09      4.20e-06     11970.5      4.08e-21         2.64         3.36
1711.7646          0.00      1.89e-09      4.20e-06     11980.2      4.07e-21         2.64         3.36
1712.9412          0.00      1.91e-09      4.20e-06     11989.9      4.07e-21         2.64         3.36
1714.1177          0.00      1.93e-09      4.20e-06     11999.6      4.06e-21         2.64         3.37
1715.2941          0.00      1.95e-09      4.20e-06     12009.3      4.05e-21         2.64         3.37
1716.4705          0.00      1.97e-09      4.20e-06     12019.0      4.05e-21         2.64         3.37
1717.6470          0.00      1.99e-09      4.20e-06     12028.6      4.04e-21         2.64         3.38
1718.8235          0.00      2.01e-09      4.20e-06     12038.3      4.04e-21         2.65         3.38
1720.0000          0.00      2.04e-09      4.20e-06     12048.0      4.03e-21         2.65         3.39
1721.1765          0.00      2.06e-09      4.20e-06     12055.9      4.03e-21         2.65         3.39
1722.3529          0.00      2.08e-09      4.20e-06     12063.8      4.02e-21         2.65         3.39
1723.5293          0.00      2.11e-09      4.20e-06     12071.8      4.01e-21         2.65         3.40
1724.7058          0.00      2.13e-09      4.20e-06     12079.7      4.01e-21         2.65         3.40
1725.8823          0.00      2.16e-09      4.20e-06     12087.6      4.00e-21         2.65         3.40
1727.0588          0.00      2.19e-09      4.20e-06     12095.5      4.00e-21         2.65         3.41
1728.2352          0.00      2.22e-09      4.20e-06     12103.4      3.99e-21         2.65         3.41
1729.4117          0.00      2.25e-09      4.20e-06     12111.3      3.99e-21         2.65         3.41
1730.5881          0.00      2.28e-09      4.20e-06     12117.6      3.98e-21         2.65         3.42
1731.7646          0.00      2.31e-09      4.20e-06     12122.3      3.98e-21         2.65         3.42
1732.9412          0.00      2.33e-09      4.20e-06     12126.9      3.97e-21         2.66         3.42
1734.1177          0.00      2.36e-09      4.20e-06     12131.6      3.97e-21         2.66         3.43
1735.2941          0.00      2.39e-09      4.20e-06     12136.3      3.97e-21         2.66         3.43
1736.4705          0.00      2.41e-09      4.20e-06     12140.9      3.96e-21         2.66         3.44
1737.6470          0.00      2.43e-09      4.20e-06     12145.6      3.96e-21         2.66         3.44
1738.8235          0.00      2.44e-09      4.20e-06     12150.2      3.95e-21         2.66         3.44
1740.0000          0.00      2.46e-09      4.20e-06     12154.9      3.95e-21         2.66         3.45
1741.1765          0.00      2.47e-09      4.20e-06     12150.1      3.95e-21         2.66         3.45
1742.3529          0.00      2.47e-09      4.20e-06     12145.2      3.95e-21         2.66         3.46
1743.5293          0.00      2.48e-09      4.20e-06     12140.4      3.95e-21         2.66         3.46
1744.7058          0.00      2.48e-09      4.20e-06     12135.5      3.95e-21         2.66         3.47
1745.8823          0.00      2.49e-09      4.20e-06     12130.7      3.94e-21         2.67         3.47
1747.0588          0.00      2.48e-09      4.20e-06     12125.8      3.94e-21         2.67         3.47
1748.2352          0.00      2.48e-09      4.20e-06     12121.0      3.94e-21         2.67         3.48
1749.4117          0.00      2.47e-09      4.20e-06     12116.1      3.94e-21         2.67         3.48
1750.5881          0.00      2.47e-09      4.20e-06     12105.8      3.94e-21         2.67         3.49
1751.7646          0.00      2.47e-09      4.20e-06     12089.9      3.94e-21         2.67         3.49
1752.9412          0.00      2.46e-09      4.20e-06     12074.1      3.95e-21         2.67         3.49
1754.1177          0.00      2.45e-09      4.20e-06     12058.2      3.95e-21         2.67         3.50
1755.2941          0.00      2.46e-09      4.20e-06     12042.3      3.95e-21         2.67         3.50
1756.4705          0.00      2.46e-09      4.20e-06     12026.5      3.95e-21         2.67         3.51
1757.6470          0.00      2.47e-09      4.20e-06     12010.6      3.96e-21         2.68         3.51
1758.8235          0.00      2.49e-09      4.20e-06     11994.8      3.96e-21         2.68         3.51
1760.0000          0.00      2.50e-09      4.20e-06     11978.9      3.96e-21         2.68         3.52
1761.1765          0.00      2.52e-09      4.20e-06     11952.0      3.97e-21         2.68         3.52
1762.3529          0.00      2.54e-09      4.20e-06     11925.0      3.97e-21         2.68         3.53
1763.5293          0.00      2.57e-09      4.20e-06     11898.1      3.98e-21         2.68         3.53
1764.7058          0.00      2.60e-09      4.20e-06     11871.1      3.99e-21         2.68         3.54
1765.8823          0.00      2.63e-09      4.20e-06     11844.2      3.99e-21         2.68         3.54
1767.0588          0.00      2.67e-09      4.20e-06     11817.3      4.00e-21         2.68         3.54
1768.2352          0.00      2.71e-09      4.20e-06     11790.3      4.01e-21         2.68         3.55
1769.4117          0.00      2.74e-09      4.20e-06     11763.4      4.01e-21         2.68         3.55
1770.5881          0.00      2.78e-09      4.20e-06     11733.7      4.02e-21         2.69         3.56
1771.7646          0.00      2.82e-09      4.20e-06     11701.2      4.03e-21         2.69         3.56
1772.9412          0.00      2.85e-09      4.20e-06     11668.7      4.04e-21         2.69         3.56
1774.1177          0.00      2.88e-09      4.20e-06     11636.3      4.05e-21         2.69         3.57
1775.2941          0.00      2.91e-09      4.20e-06     11603.8      4.06e-21         2.69         3.57
1776.4705          0.00      2.94e-09      4.20e-06     11571.3      4.06e-21         2.69         3.58
1777.6470          0.00      2.96e-09      4.20e-06     11538.8      4.07e-21         2.69         3.58
1778.8235          0.00      2.98e-09      4.20e-06     11506.4      4.08e-21         2.69         3.58
1780.0000          0.00      2.99e-09      4.20e-06     11473.9      4.09e-21         2.69         3.59
1781.1765          0.00      2.99e-09      4.20e-06     11422.3      4.11e-21         2.69         3.59
1782.3529          0.00      2.99e-09      4.20e-06     11370.7      4.12e-21         2.69         3.60
1783.5293          0.00      2.98e-09      4.20e-06     11319.1      4.14e-21         2.70         3.60
1784.7058          0.00      2.97e-09      4.20e-06     11267.5      4.15e-21         2.70         3.61
1785.8823          0.00      2.96e-09      4.20e-06     11215.8      4.17e-21         2.70         3.61
1787.0588          0.00      2.94e-09      4.20e-06     11164.2      4.19e-21         2.70         3.61
1788.2352          0.00      2.92e-09      4.20e-06     11112.6      4.20e-21         2.70         3.62
1789.4117          0.00      2.90e-09      4.20e-06     11061.0      4.22e-21         2.70         3.62
1790.5881          0.00      2.87e-09      4.20e-06     10993.9      4.24e-21         2.70         3.63
1791.7646          0.00      2.84e-09      4.20e-06     10911.3      4.27e-21         2.70         3.63
1792.9412          0.00      2.81e-09      4.20e-06     10828.6      4.30e-21         2.70         3.63
1794.1177          0.00      2.78e-09      4.20e-06     10746.0      4.33e-21         2.70         3.64
1795.2941          0.00      2.75e-09      4.20e-06     10663.4      4.36e-21         2.71         3.64
1796.4705          0.00      2.72e-09      4.20e-06     10580.8      4.40e-21         2.71         3.65
1797.6470          0.00      2.68e-09      4.20e-06     10498.2      4.43e-21         2.71         3.65
1798.8235          0.00      2.65e-09      4.20e-06     10415.5      4.46e-21         2.71         3.65
1800.0000          0.00      2.61e-09      4.20e-06     10332.9      4.49e-21         2.71         3.66
1801.1765          0.00      2.56e-09      4.20e-06     10222.8      4.54e-21         2.71         3.66
1802.3529          0.00      2.52e-09      4.20e-06     10112.7      4.58e-21         2.71         3.67
1803.5293          0.00      2.47e-09      4.20e-06     10002.6      4.63e-21         2.71         3.67
1804.7058          0.00      2.43e-09      4.20e-06      9892.5      4.68e-21         2.71         3.68
1805.8823          0.00      2.38e-09      4.20e-06      9782.3      4.73e-21         2.71         3.68
1807.0588          0.00      2.33e-09      4.20e-06      9672.2      4.78e-21         2.72         3.69
1808.2352          0.00      2.28e-09      4.20e-06      9562.1      4.83e-21         2.72         3.69
1809.4117          0.00      2.23e-09      4.20e-06      9452.0      4.88e-21         2.72         3.70
1810.5881          0.00      2.18e-09      4.20e-06      9336.1      4.94e-21         2.72         3.70
1811.7646          0.00      2.13e-09      4.20e-06      9214.3      5.00e-21         2.72         3.71
1812.9412          0.00      2.08e-09      4.20e-06      9092.5      5.07e-21         2.72         3.71
1814.1177          0.00      2.03e-09      4.20e-06      8970.7      5.13e-21         2.72         3.71
1815.2941          0.00      1.98e-09      4.20e-06      8848.9      5.20e-21         2.72         3.72
1816.4705          0.00      1.94e-09      4.20e-06      8727.1      5.27e-21         2.72         3.72
1817.6470          0.00      1.90e-09      4.20e-06      8605.4      5.34e-21         2.73         3.73
1818.8235          0.00      1.86e-09      4.20e-06      8483.6      5.41e-21         2.73         3.73
1820.0000          0.00      1.83e-09      4.20e-06      8361.8      5.49e-21         2.73         3.74
1821.1764          0.00      1.79e-09      4.20e-06      8247.8      5.56e-21         2.73         3.74
1822.3529          0.00      1.76e-09      4.20e-06      8133.7      5.63e-21         2.73         3.75
1823.5293          0.00      1.74e-09      4.20e-06      8019.7      5.71e-21         2.73         3.75
1824.7058          0.00      1.71e-09      4.20e-06      7905.7      5.79e-21         2.73         3.76
1825.8823          0.00      1.69e-09      4.20e-06      7791.7      5.87e-21         2.73         3.76
1827.0588          0.00      1.67e-09      4.20e-06      7677.6      5.95e-21         2.73         3.77
1828.2352          0.00      1.65e-09      4.20e-06      7563.6      6.04e-21         2.74         3.77
1829.4117          0.00      1.62e-09      4.20e-06      7449.6      6.13e-21         2.74         3.77
1830.5881          0.00      1.60e-09      4.20e-06      7340.9      6.22e-21         2.74         3.78
1831.7646          0.00      1.58e-09      4.20e-06      7237.6      6.30e-21         2.74         3.78
1832.9412          0.00      1.56e-09      4.20e-06      7134.3      6.39e-21         2.74         3.79
1834.1177          0.00      1.54e-09      4.20e-06      7030.9      6.48e-21         2.74         3.79
1835.2941          0.00      1.53e-09      4.20e-06      6927.6      6.57e-21         2.74         3.80
1836.4705          0.00      1.51e-09      4.20e-06      6824.3      6.66e-21         2.74         3.80
1837.6470          0.00      1.50e-09      4.20e-06      6720.9      6.76e-21         2.74         3.81
1838.8235          0.00      1.49e-09      4.20e-06      6617.6      6.86e-21         2.75         3.81
1840.0000          0.00      1.48e-09      4.20e-06      6514.2      6.97e-21         2.75         3.82
1841.1764          0.00      1.47e-09      4.20e-06      6422.7      7.06e-21         2.75         3.82
1842.3529          0.00      1.46e-09      4.20e-06      6331.1      7.16e-21         2.75         3.82
1843.5293          0.00      1.46e-09      4.20e-06      6239.5      7.26e-21         2.75         3.83
1844.7058          0.00      1.45e-09      4.20e-06      6147.9      7.36e-21         2.75         3.83
1845.8823          0.00      1.45e-09      4.20e-06      6056.3      7.47e-21         2.75         3.84
1847.0588          0.00      1.44e-09      4.20e-06      5964.7      7.58e-21         2.75         3.84
1848.2352          0.00      1.44e-09      4.20e-06      5873.1      7.69e-21         2.75         3.85
1849.4117          0.00      1.44e-09      4.20e-06      5781.5      7.81e-21         2.76         3.85
1850.5881          0.00      1.43e-09      4.20e-06      5692.4      7.93e-21         2.76         3.86
1851.7646          0.00      1.43e-09      4.20e-06      5605.9      8.05e-21         2.76         3.86
1852.9412          0.00      1.43e-09      4.20e-06      5519.4      8.17e-21         2.76         3.87
1854.1177          0.00      1.42e-09      4.20e-06      5432.9      8.29e-21         2.76         3.87
1855.2941          0.00      1.42e-09      4.20e-06      5346.4      8.42e-21         2.76         3.88
1856.4705          0.00      1.41e-09      4.20e-06      5259.8      8.55e-21         2.76         3.88
1857.6470          0.00      1.40e-09      4.20e-06      5173.3      8.69e-21         2.76         3.88
1858.8235          0.00      1.39e-09      4.20e-06      5086.8      8.83e-21         2.76         3.89
1860.0000          0.00      1.39e-09      4.20e-06      5000.3      8.98e-21         2.76         3.89
1861.1764          0.00      1.38e-09      4.20e-06      4917.0      9.13e-21         2.77         3.90
1862.3529          0.00      1.37e-09      4.20e-06      4833.8      9.28e-21         2.77         3.90
1863.5293          0.00      1.36e-09      4.20e-06      4750.5      9.43e-21         2.77         3.91
1864.7058          0.00      1.34e-09      4.20e-06      4667.3      9.60e-21         2.77         3.91
1865.8823          0.00      1.33e-09      4.20e-06      4584.0      9.76e-21         2.77         3.92
1867.0588          0.00      1.32e-09      4.20e-06      4500.8      9.94e-21         2.77         3.92
1868.2352          0.00      1.30e-09      4.20e-06      4417.5      1.01e-20         2.77         3.93
1869.4117          0.00      1.29e-09      4.20e-06      4334.2      1.03e-20         2.77         3.93
1870.5881          0.00      1.27e-09      4.20e-06      4252.6      1.05e-20         2.78         3.94
1871.7646          0.00      1.26e-09      4.20e-06      4172.5      1.07e-20         2.78         3.94
1872.9412          0.00      1.25e-09      4.20e-06      4092.4      1.09e-20         2.78         3.95
1874.1177          0.00      1.23e-09      4.20e-06      4012.4      1.11e-20         2.78         3.95
1875.2941          0.00      1.22e-09      4.20e-06      3932.3      1.13e-20         2.78         3.96
1876.4705          0.00      1.20e-09      4.20e-06      3852.2      1.16e-20         2.78         3.96
1877.6470          0.00      1.19e-09      4.20e-06      3772.2      1.18e-20         2.78         3.97
1878.8235          0.00      1.17e-09      4.20e-06      3692.1      1.20e-20         2.78         3.97
1880.0000          0.00      1.15e-09      4.20e-06      3612.0      1.23e-20         2.79         3.98
1881.1764          0.00      1.14e-09      4.20e-06      3535.1      1.26e-20         2.79         3.98
1882.3529          0.00      1.12e-09      4.20e-06      3458.1      1.28e-20         2.79         3.99
1883.5293          0.00      1.11e-09      4.20e-06      3381.1      1.31e-20         2.79         3.99
1884.7058          0.00      1.09e-09      4.20e-06      3304.2      1.34e-20         2.79         4.00
1885.8823          0.00      1.08e-09      4.20e-06      3227.2      1.37e-20         2.79         4.00
1887.0588          0.00      1.06e-09      4.20e-06      3150.3      1.40e-20         2.79         4.01
1888.2352          0.00      1.04e-09      4.20e-06      3073.3      1.44e-20         2.79         4.01
1889.4116          0.00      1.03e-09      4.20e-06      2996.4      1.48e-20         2.79         4.02
1890.5881          0.00      1.01e-09      4.20e-06      2931.3      1.51e-20         2.80         4.02
1891.7646          0.00      1.00e-09      4.20e-06      2878.2      1.53e-20         2.80         4.03
1892.9412          0.00      9.93e-10      4.20e-06      2825.1      1.56e-20         2.80         4.03
1894.1177          0.00      9.83e-10      4.20e-06      2772.0      1.59e-20         2.80         4.04
1895.2941          0.00      9.72e-10      4.20e-06      2718.8      1.62e-20         2.80         4.04
1896.4705          0.00      9.61e-10      4.20e-06      2665.7      1.65e-20         2.80         4.05
1897.6470          0.00      9.50e-10      4.20e-06      2612.6      1.68e-20         2.80         4.05
1898.8235          0.00      9.40e-10      4.20e-06      2559.5      1.72e-20         2.80         4.06
1900.0000          0.00      9.30e-10      4.20e-06      2506.4      1.75e-20         2.81         4.06
1901.1764          0.00      9.28e-10      4.20e-06      2477.8      1.77e-20         2.81         4.07
1902.3529          0.00      9.25e-10      4.20e-06      2449.2      1.79e-20         2.81         4.07
1903.5293          0.00      9.22e-10      4.20e-06      2420.6      1.81e-20         2.81         4.08
1904.7058          0.00      9.20e-10      4.20e-06      2392.1      1.83e-20         2.81         4.08
1905.8823          0.00      9.18e-10      4.20e-06      2363.5      1.85e-20         2.81         4.09
1907.0588          0.00      9.17e-10      4.20e-06      2334.9      1.88e-20         2.81         4.09
1908.2352          0.00      9.14e-10      4.20e-06      2306.4      1.90e-20         2.81         4.10
1909.4116          0.00      9.11e-10      4.20e-06      2277.8      1.92e-20         2.82         4.10
1910.5881          0.00      9.13e-10      4.20e-06      2260.8      1.93e-20         2.82         4.11
1911.7646          0.00      9.21e-10      4.20e-06      2255.4      1.94e-20         2.82         4.11
1912.9412          0.00      9.27e-10      4.20e-06      2250.0      1.94e-20         2.82         4.12
1914.1177          0.00      9.32e-10      4.20e-06      2244.6      1.94e-20         2.82         4.12
1915.2941          0.00      9.37e-10      4.20e-06      2239.3      1.95e-20         2.82         4.13
1916.4705          0.00      9.40e-10      4.20e-06      2233.9      1.95e-20         2.82         4.13
1917.6470          0.00      9.42e-10      4.20e-06      2228.5      1.95e-20         2.82         4.14
1918.8235          0.00      9.42e-10      4.20e-06      2223.1      1.96e-20         2.83         4.14
1920.0000          0.00      9.41e-10      4.20e-06      2217.7      1.96e-20         2.83         4.15
1921.1764          0.00      9.41e-10      4.20e-06      2214.6      1.96e-20         2.83         4.15
1922.3529          0.00      9.39e-10      4.20e-06      2211.5      1.96e-20         2.83         4.16
1923.5293          0.00      9.36e-10      4.20e-06      2208.4      1.97e-20         2.83         4.16
1924.7058          0.00      9.31e-10      4.20e-06      2205.3      1.97e-20         2.83         4.17
1925.8823          0.00      9.25e-10      4.20e-06      2202.2      1.97e-20         2.83         4.17
1927.0588          0.00      9.19e-10      4.20e-06      2199.1      1.97e-20         2.83         4.18
1928.2352          0.00      9.13e-10      4.20e-06      2196.0      1.97e-20         2.84         4.18
1929.4116          0.00      9.05e-10      4.20e-06      2192.9      1.97e-20         2.84         4.19
1930.5881          0.00      8.97e-10      4.20e-06      2189.8      1.98e-20         2.84         4.19
1931.7646          0.00      8.90e-10      4.20e-06      2186.7      1.98e-20         2.84         4.20
1932.9412          0.00      8.83e-10      4.20e-06      2183.6      1.98e-20         2.84         4.20
1934.1177          0.00      8.76e-10      4.20e-06      2180.5      1.98e-20         2.84         4.21
1935.2941          0.00      8.70e-10      4.20e-06      2177.4      1.98e-20         2.84         4.21
1936.4705          0.00      8.64e-10      4.20e-06      2174.3      1.98e-20         2.84         4.22
1937.6470          0.00      8.58e-10      4.20e-06      2171.2      1.98e-20         2.85         4.22
1938.8235          0.00      8.53e-10      4.20e-06      2168.2      1.99e-20         2.85         4.23
1940.0000          0.00      8.49e-10      4.20e-06      2165.1      1.99e-20         2.85         4.23
1941.1764          0.00      8.46e-10      4.20e-06      2162.0      1.99e-20         2.85         4.24
1942.3529          0.00      8.42e-10      4.20e-06      2158.9      1.99e-20         2.85         4.24
1943.5293          0.00      8.40e-10      4.20e-06      2155.8      1.99e-20         2.85         4.25
1944.7058          0.00      8.38e-10      4.20e-06      2152.8      1.99e-20         2.85         4.26
1945.8823          0.00      8.36e-10      4.20e-06      2149.7      2.00e-20         2.85         4.26
1947.0588          0.00      8.36e-10      4.20e-06      2146.6      2.00e-20         2.86         4.27
1948.2352          0.00      8.35e-10      4.20e-06      2143.5      2.00e-20         2.86         4.27
1949.4116          0.00      8.34e-10      4.20e-06      2140.5      2.00e-20         2.86         4.28
1950.5881          0.00      8.33e-10      4.20e-06      2137.4      2.00e-20         2.86         4.28
1951.7646          0.00      8.32e-10      4.20e-06      2134.3      2.00e-20         2.86         4.29
1952.9412          0.00      8.32e-10      4.20e-06      2131.2      2.01e-20         2.86         4.29
1954.1177          0.00      8.33e-10      4.20e-06      2128.1      2.01e-20         2.86         4.30
1955.2941          0.00      8.35e-10      4.20e-06      2125.1      2.01e-20         2.87         4.30
1956.4705          0.00      8.38e-10      4.20e-06      2122.0      2.01e-20         2.87         4.31
1957.6470          0.00      8.43e-10      4.20e-06      2118.9      2.01e-20         2.87         4.31
1958.8235          0.00      8.49e-10      4.20e-06      2115.8      2.01e-20         2.87         4.32
1960.0000          0.00      8.57e-10      4.20e-06      2112.8      2.02e-20         2.87         4.32
1961.1764          0.00      8.68e-10      4.20e-06      2109.6      2.02e-20         2.87         4.33
1962.3529          0.00      8.79e-10      4.20e-06      2106.4      2.02e-20         2.87         4.34
1963.5293          0.00      8.91e-10      4.20e-06      2103.3      2.02e-20         2.87         4.34
1964.7058          0.00      9.04e-10      4.20e-06      2100.1      2.02e-20         2.88         4.35
1965.8823          0.00      9.20e-10      4.20e-06      2097.0      2.03e-20         2.88         4.35
1967.0588          0.00      9.37e-10      4.20e-06      2093.8      2.03e-20         2.88         4.36
1968.2352          0.00      9.54e-10      4.20e-06      2090.7      2.03e-20         2.88         4.36
1969.4116          0.00      9.71e-10      4.20e-06      2087.5      2.03e-20         2.88         4.37
1970.5881          0.00      9.89e-10      4.20e-06      2084.3      2.03e-20         2.88         4.37
1971.7646          0.00      1.01e-09      4.20e-06      2081.1      2.04e-20         2.88         4.38
1972.9412          0.00      1.02e-09      4.20e-06      2077.8      2.04e-20         2.89         4.38
1974.1177          0.00      1.04e-09      4.20e-06      2074.6      2.04e-20         2.89         4.39
1975.2941          0.00      1.06e-09      4.20e-06      2071.4      2.04e-20         2.89         4.39
1976.4705          0.00      1.07e-09      4.20e-06      2068.1      2.04e-20         2.89         4.40
1977.6470          0.00      1.08e-09      4.20e-06      2064.9      2.04e-20         2.89         4.40
1978.8235          0.00      1.09e-09      4.20e-06      2061.6      2.05e-20         2.89         4.41
1980.0000          0.00      1.10e-09      4.20e-06      2058.4      2.05e-20         2.89         4.42
1981.1764          0.00      1.11e-09      4.20e-06      2055.1      2.05e-20         2.89         4.42
1982.3529          0.00      1.12e-09      4.20e-06      2051.8      2.05e-20         2.90         4.43
1983.5293          0.00      1.13e-09      4.20e-06      2048.4      2.06e-20         2.90         4.43
1984.7058          0.00      1.13e-09      4.20e-06      2045.1      2.06e-20         2.90         4.44
1985.8823          0.00      1.14e-09      4.20e-06      2041.8      2.06e-20         2.90         4.44
1987.0588          0.00      1.14e-09      4.20e-06      2038.4      2.06e-20         2.90         4.45
1988.2352          0.00      1.14e-09      4.20e-06      2035.1      2.06e-20         2.90         4.45
1989.4116          0.00      1.14e-09      4.20e-06      2031.8      2.07e-20         2.90         4.46
1990.5881          0.00      1.15e-09      4.20e-06      2028.5      2.07e-20         2.91         4.46
1991.7646          0.00      1.15e-09      4.20e-06      2025.1      2.07e-20         2.91         4.47
1992.9412          0.00      1.15e-09      4.20e-06      2021.8      2.07e-20         2.91         4.47
1994.1177          0.00      1.16e-09      4.20e-06      2018.5      2.07e-20         2.91         4.48
1995.2941          0.00      1.16e-09      4.20e-06      2015.2      2.08e-20         2.91         4.48
1996.4705          0.00      1.18e-09      4.20e-06      2011.8      2.08e-20         2.91         4.49
1997.6470          0.00      1.20e-09      4.20e-06      2008.5      2.08e-20         2.91         4.49
1998.8235          0.00      1.23e-09      4.20e-06      2005.2      2.08e-20         1.00         1.00
