# An Atlas of Galaxy Spectral Energy Distributions from the Ultraviolet to the Mid-Infrared
# Brown et al. (2014)
# http://dx.doi.org/10.5072/03/529D3551F0117
# 
# Column 1 : Restframe Wavelength (Angstrom)
# Column 2 : Flux per unit wavelength (ergs/s/cm^2/Angstrom)
# Column 3 : Observed wavelength (Angstrom)
# Column 4 : Source (0 = model, 1 = Optical Spectrum, 2 = Akari, 3 = Spitzer IRS)
# 
   100.04 5.2147e-30    101.16 0 
   101.90 9.4456e-30    103.04 0 
   104.03 1.6720e-29    105.20 0 
   105.97 2.8989e-29    107.15 0 
   107.94 4.9343e-29    109.14 0 
   109.95 8.3220e-29    111.17 0 
   114.07 2.2041e-28    115.35 0 
   118.08 5.4479e-28    119.40 0 
   121.11 1.0672e-27    122.46 0 
   125.08 2.4001e-27    126.47 0 
   127.11 3.5337e-27    128.53 0 
   127.99 4.2779e-27    129.42 0 
   130.97 7.4000e-27    132.43 0 
   131.88 8.8762e-27    133.35 0 
   134.02 1.2567e-26    135.52 0 
   137.14 2.0808e-26    138.68 0 
   140.02 3.3746e-26    141.58 0 
   142.95 5.4104e-26    144.54 0 
   146.95 9.8227e-26    148.59 0 
   151.07 1.7188e-25    152.76 0 
   154.95 2.9190e-25    156.68 0 
   158.92 4.8220e-25    160.69 0 
   161.87 6.9220e-25    163.68 0 
   166.03 1.0996e-24    167.88 0 
   169.89 1.7109e-24    171.79 0 
   173.05 2.3455e-24    174.98 0 
   177.08 3.5256e-24    179.06 0 
   179.96 4.7231e-24    181.97 0 
   182.04 5.7178e-24    184.08 0 
   185.86 8.2647e-24    187.93 0 
   191.06 1.2801e-23    193.20 0 
   194.17 1.6490e-23    196.34 0 
   197.78 2.2815e-23    199.99 0 
   201.92 3.1205e-23    204.17 0 
   205.20 3.9105e-23    207.49 0 
   209.98 5.6134e-23    212.32 0 
   215.86 8.4963e-23    218.27 0 
   219.88 1.1047e-22    222.33 0 
   222.94 1.3342e-22    225.42 0 
   227.08 1.7070e-22    229.61 0 
   230.24 1.6415e-21    232.81 0 
   233.98 1.9917e-21    236.59 0 
   239.98 2.6015e-21    242.66 0 
   246.14 3.3283e-21    248.89 0 
   251.87 4.2289e-21    254.68 0 
   257.15 4.9004e-21    260.02 0 
   260.12 5.6134e-21    263.03 0 
   263.74 6.5347e-21    266.69 0 
   269.26 7.7131e-21    272.27 0 
   274.27 9.0621e-21    277.33 0 
   278.73 1.0453e-20    281.84 0 
   283.91 1.2224e-20    287.08 0 
   289.85 1.4429e-20    293.09 0 
   295.92 1.6797e-20    299.23 0 
   300.73 1.8291e-20    304.09 0 
   307.74 2.2041e-20    311.17 0 
   317.82 2.8723e-20    321.37 0 
   328.23 3.5829e-20    331.89 0 
   338.20 4.3876e-20    341.98 0 
   347.68 5.2994e-20    351.56 0 
   356.60 6.2984e-20    360.58 0 
   365.75 7.4341e-20    369.83 0 
   375.13 8.5947e-20    379.31 0 
   384.75 9.9135e-20    389.05 0 
   394.62 1.1647e-19    399.02 0 
   404.74 1.3466e-19    409.26 0 
   414.17 1.5178e-19    418.79 0 
   421.87 1.6720e-19    426.58 0 
   429.71 1.8375e-19    434.51 0 
   440.74 2.1049e-19    445.66 0 
   451.00 2.3509e-19    456.04 0 
   460.45 2.5718e-19    465.59 0 
   470.09 2.8460e-19    475.34 0 
   479.93 3.1422e-19    485.29 0 
   489.98 3.4216e-19    495.45 0 
   500.24 3.7604e-19    505.82 0 
   506.03 4.0293e-19    511.68 0 
   511.89 4.4898e-19    517.61 0 
   520.21 4.7668e-19    526.02 0 
   529.88 5.1313e-19    535.80 0 
   539.73 5.4354e-19    545.76 0 
   549.77 5.8241e-19    555.90 0 
   559.99 6.4007e-19    566.24 0 
   570.40 6.8585e-19    576.77 0 
   579.67 7.2649e-19    586.14 0 
   590.44 7.7666e-19    597.04 0 
   600.04 8.1513e-19    606.74 0 
   609.79 8.5552e-19    616.59 0 
   619.70 9.2306e-19    626.61 0 
   629.76 9.6879e-19    636.80 0 
   640.00 1.0262e-18    647.14 0 
   650.40 1.0721e-18    657.66 0 
   657.93 1.1047e-18    665.27 0 
   665.55 1.1541e-18    672.98 0 
   674.81 1.2112e-18    682.34 0 
   685.77 1.2480e-18    693.43 0 
   695.31 1.3159e-18    703.07 0 
   704.98 1.3497e-18    712.85 0 
   716.44 1.4362e-18    724.44 0 
   726.40 1.4936e-18    734.51 0 
   734.82 1.5425e-18    743.02 0 
   745.04 1.5930e-18    753.36 0 
   755.40 1.6452e-18    763.84 0 
   764.15 1.6874e-18    772.68 0 
   774.78 1.7548e-18    783.43 0 
   785.56 1.8081e-18    794.33 0 
   794.65 1.8674e-18    803.53 0 
   805.71 1.9285e-18    814.70 0 
   815.04 1.9871e-18    824.14 0 
   824.48 2.0475e-18    833.68 0 
   835.95 2.0570e-18    845.28 0 
   845.63 2.1589e-18    855.07 0 
   855.42 2.2092e-18    864.97 0 
   865.32 2.2763e-18    874.98 0 
   875.34 2.3347e-18    885.12 0 
   885.48 2.3891e-18    895.36 0 
   895.73 2.4447e-18    905.73 0 
   904.02 2.4902e-18    914.11 0 
   914.49 3.0425e-18    924.70 0 
   925.08 4.6050e-18    935.41 0 
   935.79 6.1977e-18    946.24 0 
   944.45 8.5159e-18    954.99 0 
   955.38 9.6656e-18    966.05 0 
   964.23 1.1200e-17    974.99 0 
   975.39 7.5029e-18    986.28 0 
   984.42 1.1974e-17    995.41 0 
   995.81 1.1837e-17   1006.93 0 
  1005.03 1.2860e-17   1016.25 0 
  1014.33 1.2742e-17   1025.65 0 
  1026.07 8.9584e-18   1037.53 0 
  1035.57 1.2596e-17   1047.13 0 
  1045.15 1.4731e-17   1056.82 0 
  1054.82 1.4970e-17   1066.60 0 
  1064.58 1.4596e-17   1076.47 0 
  1074.43 1.5425e-17   1086.43 0 
  1084.37 1.4833e-17   1096.48 0 
  1094.41 1.6227e-17   1106.62 0 
  1104.53 1.6227e-17   1116.86 0 
  1114.75 1.6566e-17   1127.20 0 
  1125.07 1.6302e-17   1137.63 0 
  1135.48 1.7307e-17   1148.15 0 
  1145.98 1.7267e-17   1158.78 0 
  1153.93 1.7751e-17   1166.81 0 
  1164.60 1.8207e-17   1177.61 0 
  1175.38 1.6758e-17   1188.50 0 
  1186.26 1.8588e-17   1199.50 0 
  1194.48 1.8040e-17   1207.81 0 
  1205.53 1.7070e-17   1218.99 0 
  1213.89 1.2394e-17   1227.44 0 
  1225.12 1.8207e-17   1238.80 0 
  1233.61 2.0194e-17   1247.38 0 
  1245.03 2.1000e-17   1258.93 0 
  1253.66 2.1589e-17   1267.65 0 
  1265.26 2.1940e-17   1279.38 0 
  1274.03 2.2921e-17   1288.25 0 
  1285.81 2.3617e-17   1300.17 0 
  1294.73 2.3455e-17   1309.18 0 
  1303.70 2.4112e-17   1318.26 0 
  1315.77 2.5482e-17   1330.45 0 
  1324.89 2.5896e-17   1339.68 0 
  1334.07 2.6196e-17   1348.96 0 
  1346.41 2.7557e-17   1361.44 0 
  1355.75 2.8329e-17   1370.88 0 
  1365.14 2.8856e-17   1380.38 0 
  1374.61 2.9732e-17   1389.95 0 
  1384.13 3.0848e-17   1399.59 0 
  1393.73 3.0285e-17   1409.29 0 
  1403.39 3.0991e-17   1419.06 0 
  1416.38 3.3902e-17   1432.19 0 
  1426.19 3.4772e-17   1442.12 0 
  1436.08 3.6160e-17   1452.11 0 
  1442.71 3.7259e-17   1458.81 0 
  1446.03 3.7864e-17   1462.18 0 
  1456.06 3.8925e-17   1472.31 0 
  1466.15 4.0016e-17   1482.52 0 
  1476.31 4.1517e-17   1492.79 0 
  1486.55 4.3274e-17   1503.14 0 
  1493.41 4.4795e-17   1510.08 0 
  1503.76 4.6476e-17   1520.55 0 
  1510.70 4.7340e-17   1527.57 0 
  1517.67 4.8331e-17   1534.62 0 
  1524.68 4.9915e-17   1541.70 0 
  1535.25 5.1195e-17   1552.39 0 
  1545.89 5.2267e-17   1563.15 0 
  1556.60 5.5237e-17   1573.98 0 
  1563.79 5.8645e-17   1581.25 0 
  1574.63 6.3860e-17   1592.21 0 
  1585.54 6.9379e-17   1603.25 0 
  1596.53 7.3321e-17   1614.36 0 
  1603.90 7.3490e-17   1621.81 0 
  1615.02 7.9292e-17   1633.05 0 
  1626.22 8.2268e-17   1644.37 0 
  1633.72 8.5947e-17   1651.96 0 
  1645.05 9.5111e-17   1663.41 0 
  1656.45 9.2732e-17   1674.94 0 
  1664.10 1.1123e-16   1682.67 0 
  1671.78 1.0501e-16   1690.44 0 
  1675.63 1.2452e-16   1694.34 0 
  1683.37 1.3190e-16   1702.16 0 
  1695.03 1.3342e-16   1713.96 0 
  1706.78 1.4231e-16   1725.84 0 
  1714.66 1.5425e-16   1733.80 0 
  1726.55 1.6189e-16   1745.82 0 
  1734.52 1.7629e-16   1753.88 0 
  1746.54 1.8081e-16   1766.04 0 
  1754.60 1.9554e-16   1774.19 0 
  1766.76 1.8545e-16   1786.49 0 
  1774.92 2.0334e-16   1794.73 0 
  1783.11 2.1539e-16   1803.02 0 
  1795.47 2.3347e-16   1815.52 0 
  1803.76 2.5836e-16   1823.90 0 
  1816.26 2.6868e-16   1836.54 0 
  1824.65 2.6560e-16   1845.02 0 
  1833.07 2.7940e-16   1853.53 0 
  1845.77 2.6256e-16   1866.38 0 
  1854.29 2.8394e-16   1874.99 0 
  1867.15 3.0706e-16   1887.99 0 
  1875.77 3.1422e-16   1896.71 0 
  1884.42 3.2376e-16   1905.46 0 
  1893.12 3.4137e-16   1914.26 0 
  1906.24 3.4453e-16   1927.53 0 
  1915.04 3.6579e-16   1936.42 0 
  1923.88 3.7604e-16   1945.36 0 
  1937.22 3.5911e-16   1958.84 0 
  1946.16 4.0853e-16   1967.89 0 
  1955.14 4.1998e-16   1976.97 0 
  1968.69 4.5209e-16   1990.67 0 
  1977.78 4.5418e-16   1999.86 0 
  1982.34 4.6050e-16   2004.47 0 
  1996.08 4.6906e-16   2018.37 0 
  2005.30 4.6583e-16   2027.68 0 
  2014.55 4.8779e-16   2037.04 0 
  2023.85 4.7014e-16   2046.45 0 
  2033.19 5.2027e-16   2055.89 0 
  2047.29 5.5237e-16   2070.14 0 
  2056.74 5.2508e-16   2079.70 0 
  2066.23 5.4229e-16   2089.30 0 
  2075.77 6.1267e-16   2098.94 0 
  2085.35 6.3567e-16   2108.63 0 
  2094.97 6.3567e-16   2118.36 0 
  2104.64 6.3567e-16   2128.14 0 
  2114.36 6.6870e-16   2137.96 0 
  2124.12 6.7488e-16   2147.83 0 
  2133.92 6.5649e-16   2157.74 0 
  2143.77 7.1159e-16   2167.70 0 
  2153.67 7.2149e-16   2177.71 0 
  2163.61 7.0669e-16   2187.76 0 
  2173.59 7.2482e-16   2197.86 0 
  2183.63 7.6424e-16   2208.01 0 
  2193.71 8.2078e-16   2218.20 0 
  2203.83 8.1513e-16   2228.44 0 
  2214.00 7.8928e-16   2238.72 0 
  2224.22 8.2838e-16   2249.05 0 
  2234.49 9.0621e-16   2259.44 0 
  2244.80 8.8558e-16   2269.86 0 
  2255.17 8.5552e-16   2280.34 0 
  2265.57 8.5749e-16   2290.87 0 
  2276.03 9.0841e-16   2301.44 0 
  2286.54 9.5649e-16   2312.07 0 
  2297.09 9.2666e-16   2322.74 0 
  2302.39 9.8403e-16   2328.09 0 
  2313.01 1.0027e-15   2338.84 0 
  2323.69 9.4702e-16   2349.63 0 
  2334.42 9.7620e-16   2360.48 0 
  2345.19 9.0722e-16   2371.37 0 
  2356.02 1.0688e-15   2382.32 0 
  2366.89 9.6844e-16   2393.32 0 
  2372.35 1.0548e-15   2398.83 0 
  2383.30 9.2542e-16   2409.91 0 
  2394.30 1.0175e-15   2421.03 0 
  2405.35 1.0249e-15   2432.20 0 
  2416.45 1.0590e-15   2443.43 0 
  2427.61 1.2052e-15   2454.71 0 
  2433.20 1.2054e-15   2460.37 0 
  2444.43 1.2715e-15   2471.72 0 
  2455.72 1.2868e-15   2483.13 0 
  2467.05 1.3052e-15   2494.60 0 
  2472.74 1.2641e-15   2500.35 0 
  2484.15 1.2189e-15   2511.89 0 
  2495.62 1.2307e-15   2523.48 0 
  2507.14 1.4039e-15   2535.13 0 
  2512.92 1.2371e-15   2540.97 0 
  2518.71 1.1790e-15   2546.83 0 
  2524.52 1.1847e-15   2552.70 0 
  2536.17 1.2699e-15   2564.48 0 
  2547.88 1.3091e-15   2576.32 0 
  2553.75 1.4357e-15   2582.26 0 
  2565.54 1.4231e-15   2594.18 0 
  2577.38 1.5291e-15   2606.15 0 
  2583.32 1.5329e-15   2612.16 0 
  2595.24 1.5230e-15   2624.22 0 
  2607.22 1.4924e-15   2636.33 0 
  2613.23 1.4554e-15   2642.41 0 
  2625.30 1.6075e-15   2654.61 0 
  2637.42 1.7232e-15   2666.86 0 
  2643.49 1.9339e-15   2673.01 0 
  2655.70 2.0306e-15   2685.34 0 
  2667.95 1.9046e-15   2697.74 0 
  2674.10 2.0040e-15   2703.96 0 
  2686.45 2.0801e-15   2716.44 0 
  2692.64 1.9507e-15   2722.70 0 
  2705.07 2.0388e-15   2735.27 0 
  2717.55 1.9167e-15   2747.89 0 
  2723.82 1.9304e-15   2754.23 0 
  2736.39 2.0316e-15   2766.94 0 
  2742.70 1.7986e-15   2773.32 0 
  2755.36 1.9325e-15   2786.12 0 
  2768.08 2.0956e-15   2798.98 0 
  2774.46 2.1948e-15   2805.43 0 
  2787.27 2.0587e-15   2818.38 0 
  2793.69 1.4951e-15   2824.88 0 
  2806.59 1.6439e-15   2837.92 0 
  2813.06 2.3226e-15   2844.46 0 
  2826.04 2.4387e-15   2857.59 0 
  2832.56 2.4280e-15   2864.18 0 
  2845.63 2.3466e-15   2877.40 0 
  2852.19 2.0871e-15   2884.03 0 
  2865.35 2.4873e-15   2897.34 0 
  2871.96 2.5575e-15   2904.02 0 
  2885.22 2.5823e-15   2917.43 0 
  2891.87 2.6309e-15   2924.15 0 
  2911.91 2.8536e-15   2944.42 0 
  2932.10 2.8489e-15   2964.83 0 
  2952.42 2.8573e-15   2985.38 0 
  2972.89 2.9393e-15   3006.08 0 
  2986.61 3.0161e-15   3019.95 0 
  3007.31 3.0884e-15   3040.89 0 
  3028.16 3.1624e-15   3061.96 0 
  3049.15 3.2682e-15   3083.19 0 
  3070.28 3.3006e-15   3104.56 0 
  3091.56 3.3410e-15   3126.08 0 
  3112.99 3.4133e-15   3147.75 0 
  3127.36 3.4384e-15   3162.28 0 
  3149.04 3.4886e-15   3184.20 0 
  3170.87 3.6136e-15   3206.27 0 
  3192.85 3.5337e-15   3228.49 0 
  3207.59 3.6849e-15   3243.40 0 
  3229.82 3.6368e-15   3265.88 0 
  3252.21 3.9175e-15   3288.52 0 
  3267.22 4.1324e-15   3303.70 0 
  3289.87 4.1830e-15   3326.60 0 
  3312.67 4.2343e-15   3349.66 0 
  3320.31 4.3040e-15   3357.38 0 
  3327.96 4.1112e-15   3365.12 0 
  3335.63 4.3258e-15   3372.87 0 
  3343.32 4.2773e-15   3380.65 0 
  3351.03 4.1235e-15   3388.44 0 
  3358.75 4.3991e-15   3396.25 0 
  3366.50 4.0875e-15   3404.08 0 
  3374.26 3.6945e-15   3411.93 0 
  3382.04 4.1082e-15   3419.79 0 
  3389.83 4.3526e-15   3427.68 0 
  3397.65 4.3336e-15   3435.58 0 
  3405.48 4.4151e-15   3443.50 0 
  3413.33 4.4161e-15   3451.44 0 
  3421.20 4.6253e-15   3459.39 0 
  3429.09 4.5002e-15   3467.37 0 
  3436.99 4.6487e-15   3475.36 0 
  3444.91 4.2700e-15   3483.37 0 
  3452.86 4.9605e-15   3491.40 0 
  3460.81 4.6948e-15   3499.45 0 
  3468.79 4.5996e-15   3507.52 0 
  3476.79 4.6969e-15   3515.60 0 
  3484.80 4.9649e-15   3523.71 0 
  3492.84 4.8418e-15   3531.83 0 
  3500.89 4.7765e-15   3539.97 0 
  3508.96 4.8440e-15   3548.13 0 
  3517.05 4.6698e-15   3556.31 0 
  3525.16 4.7585e-15   3564.51 0 
  3533.28 5.0787e-15   3572.73 0 
  3541.43 5.2605e-15   3580.96 0 
  3549.59 5.3004e-15   3589.22 0 
  3557.77 5.1593e-15   3597.49 0 
  3565.98 5.4184e-15   3605.79 0 
  3574.20 4.7660e-15   3614.10 0 
  3582.44 5.0633e-15   3622.43 0 
  3590.69 4.4948e-15   3630.78 0 
  3598.97 5.2601e-15   3639.15 0 
  3607.27 5.2153e-15   3647.54 0 
  3615.58 5.2067e-15   3655.95 0 
  3623.92 5.2101e-15   3664.37 0 
  3632.27 5.7561e-15   3672.82 0 
  3637.63 6.6361e-15   3678.24 1 
  3640.35 5.8426e-15   3680.99 1 
  3643.07 5.4949e-15   3683.74 1 
  3645.79 4.9767e-15   3686.49 1 
  3648.51 5.0221e-15   3689.24 1 
  3651.23 5.3269e-15   3691.99 1 
  3653.95 5.6624e-15   3694.74 1 
  3656.67 6.0246e-15   3697.49 1 
  3659.39 4.7819e-15   3700.24 1 
  3662.11 6.2865e-15   3702.99 1 
  3664.83 5.7738e-15   3705.74 1 
  3667.55 5.7663e-15   3708.49 1 
  3670.27 5.9634e-15   3711.24 1 
  3672.98 5.8779e-15   3713.99 1 
  3675.70 5.3620e-15   3716.74 1 
  3678.42 6.4525e-15   3719.49 1 
  3681.14 5.8870e-15   3722.24 1 
  3683.86 5.5272e-15   3724.99 1 
  3686.58 5.2746e-15   3727.74 1 
  3689.30 5.2972e-15   3730.49 1 
  3692.02 4.9219e-15   3733.24 1 
  3694.74 5.9525e-15   3735.99 1 
  3697.46 5.7518e-15   3738.74 1 
  3700.18 5.4713e-15   3741.49 1 
  3702.90 5.6630e-15   3744.24 1 
  3705.62 6.1334e-15   3746.99 1 
  3708.34 5.9042e-15   3749.74 1 
  3711.06 4.9625e-15   3752.49 1 
  3713.78 5.6317e-15   3755.24 1 
  3716.50 5.2558e-15   3757.99 1 
  3719.22 5.6950e-15   3760.74 1 
  3721.94 5.7051e-15   3763.49 1 
  3724.66 6.2634e-15   3766.24 1 
  3727.38 6.7471e-15   3768.99 1 
  3730.10 6.5237e-15   3771.74 1 
  3732.82 6.8989e-15   3774.49 1 
  3735.54 7.6468e-15   3777.24 1 
  3738.26 7.8854e-15   3779.99 1 
  3740.98 6.6577e-15   3782.74 1 
  3743.70 5.8141e-15   3785.49 1 
  3746.42 5.5253e-15   3788.24 1 
  3749.13 5.9451e-15   3790.99 1 
  3751.85 5.6146e-15   3793.74 1 
  3754.57 5.5380e-15   3796.49 1 
  3757.29 4.8308e-15   3799.24 1 
  3760.01 5.1157e-15   3801.99 1 
  3762.73 6.5105e-15   3804.74 1 
  3765.45 6.7504e-15   3807.49 1 
  3768.17 6.0081e-15   3810.24 1 
  3770.89 6.4746e-15   3812.99 1 
  3773.61 6.7420e-15   3815.74 1 
  3776.33 6.1988e-15   3818.49 1 
  3779.05 6.4555e-15   3821.24 1 
  3781.77 6.5407e-15   3823.99 1 
  3784.49 6.7918e-15   3826.74 1 
  3787.21 7.2997e-15   3829.49 1 
  3789.93 8.1772e-15   3832.24 1 
  3792.65 8.3531e-15   3834.99 1 
  3795.37 7.7580e-15   3837.74 1 
  3798.09 7.4983e-15   3840.49 1 
  3800.81 6.8700e-15   3843.24 1 
  3803.53 6.2121e-15   3845.99 1 
  3806.25 5.5878e-15   3848.74 1 
  3808.97 6.2934e-15   3851.49 1 
  3811.69 7.0215e-15   3854.24 1 
  3814.41 7.5835e-15   3856.99 1 
  3817.13 7.5323e-15   3859.74 1 
  3819.85 7.2716e-15   3862.49 1 
  3822.56 7.0303e-15   3865.24 1 
  3825.28 7.4411e-15   3867.99 1 
  3828.00 7.0110e-15   3870.74 1 
  3830.72 6.1540e-15   3873.49 1 
  3833.44 6.3764e-15   3876.24 1 
  3836.16 5.8645e-15   3878.99 1 
  3838.88 6.1393e-15   3881.74 1 
  3841.60 5.5159e-15   3884.49 1 
  3844.32 4.5454e-15   3887.24 1 
  3847.04 5.2226e-15   3889.99 1 
  3849.76 5.9243e-15   3892.74 1 
  3852.48 6.7447e-15   3895.49 1 
  3855.20 6.8029e-15   3898.24 1 
  3857.92 7.0676e-15   3900.99 1 
  3860.64 8.1337e-15   3903.74 1 
  3863.36 8.1302e-15   3906.49 1 
  3866.08 8.3155e-15   3909.24 1 
  3868.80 7.3601e-15   3911.99 1 
  3871.52 7.9843e-15   3914.74 1 
  3874.24 8.7954e-15   3917.49 1 
  3876.96 8.9424e-15   3920.24 1 
  3879.68 7.7785e-15   3922.99 1 
  3882.40 7.4051e-15   3925.74 1 
  3885.12 7.3314e-15   3928.49 1 
  3887.84 7.2518e-15   3931.24 1 
  3890.56 6.7879e-15   3933.99 1 
  3893.28 6.2686e-15   3936.74 1 
  3896.00 6.1456e-15   3939.49 1 
  3898.71 6.3261e-15   3942.24 1 
  3901.43 6.2598e-15   3944.99 1 
  3904.15 6.8888e-15   3947.74 1 
  3906.87 6.9744e-15   3950.49 1 
  3909.59 7.6725e-15   3953.24 1 
  3912.31 7.8125e-15   3955.99 1 
  3915.03 8.2474e-15   3958.74 1 
  3917.75 8.5546e-15   3961.49 1 
  3920.47 8.7931e-15   3964.24 1 
  3923.19 8.6884e-15   3966.99 1 
  3925.91 8.1793e-15   3969.74 1 
  3928.63 8.4348e-15   3972.49 1 
  3931.35 7.9219e-15   3975.24 1 
  3934.07 7.5004e-15   3977.99 1 
  3936.79 6.7197e-15   3980.74 1 
  3939.51 6.0079e-15   3983.49 1 
  3942.23 4.8084e-15   3986.24 1 
  3944.95 5.1622e-15   3988.99 1 
  3947.67 6.2486e-15   3991.74 1 
  3950.39 7.1503e-15   3994.49 1 
  3953.11 7.8210e-15   3997.24 1 
  3955.83 8.1923e-15   3999.99 1 
  3958.55 8.3132e-15   4002.74 1 
  3961.27 8.4266e-15   4005.49 1 
  3963.99 8.3770e-15   4008.24 1 
  3966.71 7.5810e-15   4010.99 1 
  3969.43 7.1294e-15   4013.74 1 
  3972.14 6.1823e-15   4016.49 1 
  3974.86 5.3558e-15   4019.24 1 
  3977.58 4.5295e-15   4021.99 1 
  3980.30 4.8385e-15   4024.74 1 
  3983.02 5.6232e-15   4027.49 1 
  3985.74 6.8846e-15   4030.24 1 
  3988.46 7.7872e-15   4032.99 1 
  3991.18 8.6023e-15   4035.74 1 
  3993.90 9.1119e-15   4038.49 1 
  3996.62 9.4390e-15   4041.24 1 
  3999.34 1.0139e-14   4043.99 1 
  4002.06 1.0445e-14   4046.74 1 
  4004.78 9.9476e-15   4049.49 1 
  4007.50 9.2069e-15   4052.24 1 
  4010.22 9.9476e-15   4054.99 1 
  4012.94 1.0010e-14   4057.74 1 
  4015.66 1.0521e-14   4060.49 1 
  4018.38 1.0774e-14   4063.24 1 
  4021.10 1.0663e-14   4065.99 1 
  4023.82 1.1753e-14   4068.74 1 
  4026.54 1.0941e-14   4071.49 1 
  4029.26 1.0812e-14   4074.24 1 
  4031.98 1.1002e-14   4076.99 1 
  4034.70 1.1663e-14   4079.74 1 
  4037.42 1.1360e-14   4082.49 1 
  4040.14 1.0711e-14   4085.24 1 
  4042.86 1.0864e-14   4087.99 1 
  4045.58 1.0473e-14   4090.74 1 
  4048.29 1.1493e-14   4093.49 1 
  4051.01 1.1793e-14   4096.24 1 
  4053.73 1.1068e-14   4098.99 1 
  4056.45 1.0607e-14   4101.74 1 
  4059.17 1.0984e-14   4104.49 1 
  4061.89 1.0979e-14   4107.24 1 
  4064.61 1.1070e-14   4109.99 1 
  4067.33 1.1162e-14   4112.74 1 
  4070.05 1.0579e-14   4115.49 1 
  4072.77 1.0532e-14   4118.24 1 
  4075.49 1.0020e-14   4120.99 1 
  4078.21 1.0057e-14   4123.74 1 
  4080.93 1.0356e-14   4126.49 1 
  4083.65 1.0857e-14   4129.24 1 
  4086.37 9.8778e-15   4131.99 1 
  4089.09 1.0020e-14   4134.74 1 
  4091.81 1.0308e-14   4137.49 1 
  4094.53 1.0382e-14   4140.24 1 
  4097.25 1.0843e-14   4142.99 1 
  4099.97 1.0280e-14   4145.74 1 
  4102.69 1.0414e-14   4148.49 1 
  4105.41 9.0838e-15   4151.24 1 
  4108.13 7.9866e-15   4153.99 1 
  4110.85 7.7892e-15   4156.74 1 
  4113.57 7.7506e-15   4159.49 1 
  4116.29 8.2524e-15   4162.24 1 
  4119.01 9.8486e-15   4164.99 1 
  4121.73 1.0618e-14   4167.74 1 
  4124.44 9.6334e-15   4170.49 1 
  4127.16 1.0858e-14   4173.24 1 
  4129.88 1.0179e-14   4175.99 1 
  4132.60 1.0074e-14   4178.74 1 
  4135.32 1.0448e-14   4181.49 1 
  4138.04 1.0480e-14   4184.24 1 
  4140.76 9.9947e-15   4186.99 1 
  4143.48 1.0877e-14   4189.74 1 
  4146.20 1.1362e-14   4192.49 1 
  4148.92 1.0414e-14   4195.24 1 
  4151.64 1.1122e-14   4197.99 1 
  4154.36 1.0810e-14   4200.74 1 
  4157.08 1.0827e-14   4203.49 1 
  4159.80 1.1039e-14   4206.24 1 
  4162.52 9.9985e-15   4208.99 1 
  4165.24 1.0688e-14   4211.74 1 
  4167.96 1.0536e-14   4214.49 1 
  4170.68 1.1271e-14   4217.24 1 
  4173.40 1.1264e-14   4219.99 1 
  4176.12 1.1495e-14   4222.74 1 
  4178.84 1.0530e-14   4225.49 1 
  4181.56 1.0710e-14   4228.24 1 
  4184.28 9.7255e-15   4230.99 1 
  4187.00 1.0071e-14   4233.74 1 
  4189.72 9.8043e-15   4236.49 1 
  4192.44 1.0850e-14   4239.24 1 
  4195.16 1.0700e-14   4241.99 1 
  4197.88 1.0444e-14   4244.74 1 
  4200.59 1.0768e-14   4247.49 1 
  4203.31 1.0450e-14   4250.24 1 
  4206.03 1.0346e-14   4252.99 1 
  4208.75 1.0888e-14   4255.74 1 
  4211.47 1.0743e-14   4258.49 1 
  4214.19 1.0357e-14   4261.24 1 
  4216.91 1.1101e-14   4263.99 1 
  4219.63 1.0635e-14   4266.74 1 
  4222.35 1.0844e-14   4269.49 1 
  4225.07 1.0728e-14   4272.24 1 
  4227.79 1.0848e-14   4274.99 1 
  4230.51 1.0948e-14   4277.74 1 
  4233.23 1.0370e-14   4280.49 1 
  4235.95 1.0061e-14   4283.24 1 
  4238.67 1.0060e-14   4285.99 1 
  4241.39 1.0634e-14   4288.74 1 
  4244.11 1.0579e-14   4291.49 1 
  4246.83 1.0462e-14   4294.24 1 
  4249.55 1.1002e-14   4296.99 1 
  4252.27 1.1566e-14   4299.74 1 
  4254.99 1.0830e-14   4302.49 1 
  4257.71 1.0998e-14   4305.24 1 
  4260.43 1.0746e-14   4307.99 1 
  4263.15 1.0701e-14   4310.74 1 
  4265.87 1.0256e-14   4313.49 1 
  4268.59 1.0523e-14   4316.24 1 
  4271.31 1.0865e-14   4318.99 1 
  4274.03 1.0936e-14   4321.74 1 
  4276.74 1.0938e-14   4324.49 1 
  4279.46 1.0857e-14   4327.24 1 
  4282.18 1.0306e-14   4329.99 1 
  4284.90 1.0376e-14   4332.74 1 
  4287.62 1.0655e-14   4335.49 1 
  4290.34 1.1213e-14   4338.24 1 
  4293.06 1.1230e-14   4340.99 1 
  4295.78 1.0478e-14   4343.74 1 
  4298.50 1.0544e-14   4346.49 1 
  4301.22 9.9484e-15   4349.24 1 
  4303.94 1.0057e-14   4351.99 1 
  4306.66 1.0261e-14   4354.74 1 
  4309.38 9.3885e-15   4357.49 1 
  4312.10 9.0123e-15   4360.24 1 
  4314.82 8.5258e-15   4362.99 1 
  4317.54 8.6484e-15   4365.74 1 
  4320.26 9.4267e-15   4368.49 1 
  4322.98 9.7652e-15   4371.24 1 
  4325.70 1.0627e-14   4373.99 1 
  4328.42 1.1207e-14   4376.74 1 
  4331.14 1.0872e-14   4379.49 1 
  4333.86 1.0541e-14   4382.24 1 
  4336.58 1.0315e-14   4384.99 1 
  4339.30 1.0247e-14   4387.74 1 
  4342.02 1.0286e-14   4390.49 1 
  4344.74 9.5433e-15   4393.24 1 
  4347.46 9.1524e-15   4395.99 1 
  4350.17 8.4106e-15   4398.74 1 
  4352.89 8.7941e-15   4401.49 1 
  4355.61 9.5960e-15   4404.24 1 
  4358.33 1.0271e-14   4406.99 1 
  4361.05 1.0531e-14   4409.74 1 
  4363.77 1.0265e-14   4412.49 1 
  4366.49 1.1304e-14   4415.24 1 
  4369.21 1.1703e-14   4417.99 1 
  4371.93 1.2086e-14   4420.74 1 
  4374.65 1.1846e-14   4423.49 1 
  4377.37 1.1965e-14   4426.24 1 
  4380.09 1.1194e-14   4428.99 1 
  4382.81 1.1438e-14   4431.74 1 
  4385.53 1.1649e-14   4434.49 1 
  4388.25 1.1141e-14   4437.24 1 
  4390.97 1.0609e-14   4439.99 1 
  4393.69 1.0452e-14   4442.74 1 
  4396.41 1.0705e-14   4445.49 1 
  4399.13 1.0657e-14   4448.24 1 
  4401.85 1.0409e-14   4450.99 1 
  4404.57 1.1184e-14   4453.74 1 
  4407.29 1.1536e-14   4456.49 1 
  4410.01 1.1465e-14   4459.24 1 
  4412.73 1.1199e-14   4461.99 1 
  4415.45 1.1373e-14   4464.74 1 
  4418.17 1.1669e-14   4467.49 1 
  4420.89 1.1719e-14   4470.24 1 
  4423.61 1.1795e-14   4472.99 1 
  4426.32 1.1749e-14   4475.74 1 
  4429.04 1.1777e-14   4478.49 1 
  4431.76 1.2203e-14   4481.24 1 
  4434.48 1.1982e-14   4483.99 1 
  4437.20 1.1838e-14   4486.74 1 
  4439.92 1.1845e-14   4489.49 1 
  4442.64 1.1897e-14   4492.24 1 
  4445.36 1.1936e-14   4494.99 1 
  4448.08 1.2011e-14   4497.74 1 
  4450.80 1.1942e-14   4500.49 1 
  4453.52 1.2040e-14   4503.24 1 
  4456.24 1.2291e-14   4505.99 1 
  4458.96 1.2472e-14   4508.74 1 
  4461.68 1.2282e-14   4511.49 1 
  4464.40 1.1920e-14   4514.24 1 
  4467.12 1.1676e-14   4516.99 1 
  4469.84 1.1743e-14   4519.74 1 
  4472.56 1.1493e-14   4522.49 1 
  4475.28 1.1952e-14   4525.24 1 
  4478.00 1.2068e-14   4527.99 1 
  4480.72 1.2276e-14   4530.74 1 
  4483.44 1.2707e-14   4533.49 1 
  4486.16 1.2511e-14   4536.24 1 
  4488.88 1.2263e-14   4538.99 1 
  4491.60 1.2571e-14   4541.74 1 
  4494.32 1.2130e-14   4544.49 1 
  4497.04 1.2645e-14   4547.24 1 
  4499.75 1.2592e-14   4549.99 1 
  4502.47 1.2323e-14   4552.74 1 
  4505.19 1.2192e-14   4555.49 1 
  4507.91 1.2513e-14   4558.24 1 
  4510.63 1.2899e-14   4560.99 1 
  4513.35 1.3116e-14   4563.74 1 
  4516.07 1.2843e-14   4566.49 1 
  4518.79 1.3606e-14   4569.24 1 
  4521.51 1.3178e-14   4571.99 1 
  4524.23 1.2848e-14   4574.74 1 
  4526.95 1.2591e-14   4577.49 1 
  4529.67 1.2389e-14   4580.24 1 
  4532.39 1.2320e-14   4582.99 1 
  4535.11 1.2237e-14   4585.74 1 
  4537.83 1.1774e-14   4588.49 1 
  4540.55 1.1793e-14   4591.24 1 
  4543.27 1.1418e-14   4593.99 1 
  4545.99 1.1802e-14   4596.74 1 
  4548.71 1.2013e-14   4599.49 1 
  4551.43 1.2135e-14   4602.24 1 
  4554.15 1.2304e-14   4604.99 1 
  4556.87 1.2216e-14   4607.74 1 
  4559.59 1.2169e-14   4610.49 1 
  4562.31 1.2153e-14   4613.24 1 
  4565.03 1.2218e-14   4615.99 1 
  4567.75 1.2384e-14   4618.74 1 
  4570.47 1.2980e-14   4621.49 1 
  4573.19 1.2990e-14   4624.24 1 
  4575.90 1.3089e-14   4626.99 1 
  4578.62 1.2482e-14   4629.74 1 
  4581.34 1.2834e-14   4632.49 1 
  4584.06 1.3253e-14   4635.24 1 
  4586.78 1.3235e-14   4637.99 1 
  4589.50 1.2590e-14   4640.74 1 
  4592.22 1.2555e-14   4643.49 1 
  4594.94 1.2444e-14   4646.24 1 
  4597.66 1.2630e-14   4648.99 1 
  4600.38 1.2549e-14   4651.74 1 
  4603.10 1.2533e-14   4654.49 1 
  4605.82 1.2592e-14   4657.24 1 
  4608.54 1.2879e-14   4659.99 1 
  4611.26 1.2529e-14   4662.74 1 
  4613.98 1.2598e-14   4665.49 1 
  4616.70 1.3206e-14   4668.24 1 
  4619.42 1.3021e-14   4670.99 1 
  4622.14 1.2938e-14   4673.74 1 
  4624.86 1.3197e-14   4676.49 1 
  4627.58 1.2595e-14   4679.24 1 
  4630.30 1.2989e-14   4681.99 1 
  4633.02 1.3239e-14   4684.74 1 
  4635.74 1.3297e-14   4687.49 1 
  4638.46 1.2879e-14   4690.24 1 
  4641.18 1.3057e-14   4692.99 1 
  4643.90 1.2898e-14   4695.74 1 
  4646.62 1.2705e-14   4698.49 1 
  4649.34 1.2509e-14   4701.24 1 
  4652.05 1.2690e-14   4703.99 1 
  4654.77 1.2312e-14   4706.74 1 
  4657.49 1.2144e-14   4709.49 1 
  4660.21 1.2245e-14   4712.24 1 
  4662.93 1.2976e-14   4714.99 1 
  4665.65 1.2914e-14   4717.74 1 
  4668.37 1.2758e-14   4720.49 1 
  4671.09 1.2503e-14   4723.24 1 
  4673.81 1.2598e-14   4725.99 1 
  4676.53 1.1942e-14   4728.74 1 
  4679.25 1.2113e-14   4731.49 1 
  4681.97 1.2330e-14   4734.24 1 
  4684.69 1.2335e-14   4736.99 1 
  4687.41 1.2487e-14   4739.74 1 
  4690.13 1.2755e-14   4742.49 1 
  4692.85 1.2455e-14   4745.24 1 
  4695.57 1.2802e-14   4747.99 1 
  4698.29 1.2789e-14   4750.74 1 
  4701.01 1.2944e-14   4753.49 1 
  4703.73 1.2535e-14   4756.24 1 
  4706.45 1.2525e-14   4758.99 1 
  4709.17 1.2367e-14   4761.74 1 
  4711.89 1.2395e-14   4764.49 1 
  4714.61 1.2163e-14   4767.24 1 
  4717.33 1.2329e-14   4769.99 1 
  4720.05 1.2567e-14   4772.74 1 
  4722.77 1.2203e-14   4775.49 1 
  4725.48 1.2534e-14   4778.24 1 
  4728.20 1.2940e-14   4780.99 1 
  4730.92 1.3191e-14   4783.74 1 
  4733.64 1.2924e-14   4786.49 1 
  4736.36 1.3039e-14   4789.24 1 
  4739.08 1.3092e-14   4791.99 1 
  4741.80 1.2846e-14   4794.74 1 
  4744.52 1.3123e-14   4797.49 1 
  4747.24 1.2655e-14   4800.24 1 
  4749.96 1.3247e-14   4802.99 1 
  4752.68 1.3048e-14   4805.74 1 
  4755.40 1.3197e-14   4808.49 1 
  4758.12 1.2889e-14   4811.24 1 
  4760.84 1.3288e-14   4813.99 1 
  4763.56 1.3175e-14   4816.74 1 
  4766.28 1.2938e-14   4819.49 1 
  4769.00 1.2963e-14   4822.24 1 
  4771.72 1.2744e-14   4824.99 1 
  4774.44 1.2689e-14   4827.74 1 
  4777.16 1.2331e-14   4830.49 1 
  4779.88 1.2941e-14   4833.24 1 
  4782.60 1.3233e-14   4835.99 1 
  4785.32 1.3032e-14   4838.74 1 
  4788.04 1.3320e-14   4841.49 1 
  4790.76 1.3002e-14   4844.24 1 
  4793.48 1.3146e-14   4846.99 1 
  4796.20 1.2668e-14   4849.74 1 
  4798.92 1.2867e-14   4852.49 1 
  4801.63 1.3064e-14   4855.24 1 
  4804.35 1.3635e-14   4857.99 1 
  4807.07 1.3809e-14   4860.74 1 
  4809.79 1.3193e-14   4863.49 1 
  4812.51 1.2941e-14   4866.24 1 
  4815.23 1.3188e-14   4868.99 1 
  4817.95 1.3111e-14   4871.74 1 
  4820.67 1.3393e-14   4874.49 1 
  4823.39 1.3283e-14   4877.24 1 
  4826.11 1.2935e-14   4879.99 1 
  4828.83 1.3288e-14   4882.74 1 
  4831.55 1.3645e-14   4885.49 1 
  4834.27 1.3380e-14   4888.24 1 
  4836.99 1.3064e-14   4890.99 1 
  4839.71 1.2919e-14   4893.74 1 
  4842.43 1.2877e-14   4896.49 1 
  4845.15 1.3349e-14   4899.24 1 
  4847.87 1.2756e-14   4901.99 1 
  4850.59 1.2830e-14   4904.74 1 
  4853.31 1.2406e-14   4907.49 1 
  4856.03 1.2677e-14   4910.24 1 
  4858.75 1.2027e-14   4912.99 1 
  4861.47 1.1743e-14   4915.74 1 
  4864.19 1.1641e-14   4918.49 1 
  4866.91 1.0962e-14   4921.24 1 
  4869.63 1.0661e-14   4923.99 1 
  4872.35 1.0133e-14   4926.74 1 
  4875.07 1.0159e-14   4929.49 1 
  4877.78 1.0784e-14   4932.24 1 
  4880.50 1.0731e-14   4934.99 1 
  4883.22 1.1048e-14   4937.74 1 
  4885.94 1.1319e-14   4940.49 1 
  4888.66 1.1692e-14   4943.24 1 
  4891.38 1.2169e-14   4945.99 1 
  4894.10 1.2183e-14   4948.74 1 
  4896.82 1.1726e-14   4951.49 1 
  4899.54 1.1878e-14   4954.24 1 
  4902.26 1.2468e-14   4956.99 1 
  4904.98 1.2614e-14   4959.74 1 
  4907.70 1.3054e-14   4962.49 1 
  4910.42 1.3013e-14   4965.24 1 
  4913.14 1.2881e-14   4967.99 1 
  4915.86 1.2651e-14   4970.74 1 
  4918.58 1.2698e-14   4973.49 1 
  4921.30 1.2906e-14   4976.24 1 
  4924.02 1.2709e-14   4978.99 1 
  4926.74 1.2639e-14   4981.74 1 
  4929.46 1.2465e-14   4984.49 1 
  4932.18 1.2315e-14   4987.24 1 
  4934.90 1.1982e-14   4989.99 1 
  4937.62 1.2143e-14   4992.74 1 
  4940.34 1.2804e-14   4995.49 1 
  4943.06 1.2829e-14   4998.24 1 
  4945.78 1.2593e-14   5000.99 1 
  4948.50 1.2414e-14   5003.74 1 
  4951.21 1.2882e-14   5006.49 1 
  4953.93 1.2886e-14   5009.24 1 
  4956.65 1.3291e-14   5011.99 1 
  4959.37 1.3011e-14   5014.74 1 
  4962.09 1.3050e-14   5017.49 1 
  4964.81 1.3127e-14   5020.24 1 
  4967.53 1.3096e-14   5022.99 1 
  4970.25 1.3108e-14   5025.74 1 
  4972.97 1.2634e-14   5028.49 1 
  4975.69 1.3053e-14   5031.24 1 
  4978.41 1.3023e-14   5033.99 1 
  4981.13 1.2802e-14   5036.74 1 
  4983.85 1.2657e-14   5039.49 1 
  4986.57 1.2715e-14   5042.24 1 
  4989.29 1.2728e-14   5044.99 1 
  4992.01 1.2488e-14   5047.74 1 
  4994.73 1.2262e-14   5050.49 1 
  4997.45 1.2250e-14   5053.24 1 
  5000.17 1.2135e-14   5055.99 1 
  5002.89 1.2311e-14   5058.74 1 
  5005.61 1.2448e-14   5061.49 1 
  5008.33 1.2674e-14   5064.24 1 
  5011.05 1.2427e-14   5066.99 1 
  5013.77 1.2289e-14   5069.74 1 
  5016.49 1.2636e-14   5072.49 1 
  5019.21 1.2483e-14   5075.24 1 
  5021.93 1.2031e-14   5077.99 1 
  5024.65 1.1669e-14   5080.74 1 
  5027.36 1.1794e-14   5083.49 1 
  5030.08 1.1807e-14   5086.24 1 
  5032.80 1.1857e-14   5088.99 1 
  5035.52 1.2221e-14   5091.74 1 
  5038.24 1.2325e-14   5094.49 1 
  5040.96 1.2459e-14   5097.24 1 
  5043.68 1.2617e-14   5099.99 1 
  5046.40 1.2404e-14   5102.74 1 
  5049.12 1.1790e-14   5105.49 1 
  5051.84 1.1874e-14   5108.24 1 
  5054.56 1.2017e-14   5110.99 1 
  5057.28 1.2473e-14   5113.74 1 
  5060.00 1.2463e-14   5116.49 1 
  5062.72 1.2402e-14   5119.24 1 
  5065.44 1.2616e-14   5121.99 1 
  5068.16 1.2834e-14   5124.74 1 
  5070.88 1.2994e-14   5127.49 1 
  5073.60 1.3007e-14   5130.24 1 
  5076.32 1.2685e-14   5132.99 1 
  5079.04 1.2573e-14   5135.74 1 
  5081.76 1.2310e-14   5138.49 1 
  5084.48 1.2636e-14   5141.24 1 
  5087.20 1.2488e-14   5143.99 1 
  5089.92 1.2096e-14   5146.74 1 
  5092.64 1.1769e-14   5149.49 1 
  5095.36 1.2040e-14   5152.24 1 
  5098.08 1.2719e-14   5154.99 1 
  5100.79 1.2653e-14   5157.74 1 
  5103.51 1.2205e-14   5160.49 1 
  5106.23 1.2210e-14   5163.24 1 
  5108.95 1.2374e-14   5165.99 1 
  5111.67 1.2233e-14   5168.74 1 
  5114.39 1.2468e-14   5171.49 1 
  5117.11 1.2121e-14   5174.24 1 
  5119.83 1.2183e-14   5176.99 1 
  5122.55 1.2259e-14   5179.74 1 
  5125.27 1.2407e-14   5182.49 1 
  5127.99 1.2881e-14   5185.24 1 
  5130.71 1.2703e-14   5187.99 1 
  5133.43 1.2332e-14   5190.74 1 
  5136.15 1.2079e-14   5193.49 1 
  5138.87 1.2309e-14   5196.24 1 
  5141.59 1.2220e-14   5198.99 1 
  5144.31 1.2030e-14   5201.74 1 
  5147.03 1.2149e-14   5204.49 1 
  5149.75 1.1962e-14   5207.24 1 
  5152.47 1.1772e-14   5209.99 1 
  5155.19 1.1683e-14   5212.74 1 
  5157.91 1.1482e-14   5215.49 1 
  5160.63 1.1860e-14   5218.24 1 
  5163.35 1.1903e-14   5220.99 1 
  5166.07 1.2052e-14   5223.74 1 
  5168.79 1.2490e-14   5226.49 1 
  5171.51 1.2117e-14   5229.24 1 
  5174.23 1.1588e-14   5231.99 1 
  5176.94 1.0934e-14   5234.74 1 
  5179.66 1.0364e-14   5237.49 1 
  5182.38 1.0179e-14   5240.24 1 
  5185.10 1.0579e-14   5242.99 1 
  5187.82 1.1004e-14   5245.74 1 
  5190.54 1.1366e-14   5248.49 1 
  5193.26 1.1225e-14   5251.24 1 
  5195.98 1.1245e-14   5253.99 1 
  5198.70 1.1291e-14   5256.74 1 
  5201.42 1.1281e-14   5259.49 1 
  5204.14 1.1565e-14   5262.24 1 
  5206.86 1.1757e-14   5264.99 1 
  5209.58 1.1666e-14   5267.74 1 
  5212.30 1.1979e-14   5270.49 1 
  5215.02 1.2154e-14   5273.24 1 
  5217.74 1.2127e-14   5275.99 1 
  5220.46 1.1772e-14   5278.74 1 
  5223.18 1.1995e-14   5281.49 1 
  5225.90 1.2271e-14   5284.24 1 
  5228.62 1.2017e-14   5286.99 1 
  5231.34 1.2236e-14   5289.74 1 
  5234.06 1.2278e-14   5292.49 1 
  5236.78 1.2176e-14   5295.24 1 
  5239.50 1.1953e-14   5297.99 1 
  5242.22 1.2100e-14   5300.74 1 
  5244.94 1.2156e-14   5303.49 1 
  5247.66 1.2336e-14   5306.24 1 
  5250.38 1.2899e-14   5308.99 1 
  5253.09 1.2962e-14   5311.74 1 
  5255.81 1.2786e-14   5314.49 1 
  5258.53 1.2488e-14   5317.24 1 
  5261.25 1.2181e-14   5319.99 1 
  5263.97 1.2362e-14   5322.74 1 
  5266.69 1.2737e-14   5325.49 1 
  5269.41 1.2750e-14   5328.24 1 
  5272.13 1.2328e-14   5330.99 1 
  5274.85 1.1852e-14   5333.74 1 
  5277.57 1.1442e-14   5336.49 1 
  5280.29 1.1563e-14   5339.24 1 
  5283.01 1.1375e-14   5341.99 1 
  5285.73 1.1871e-14   5344.74 1 
  5288.45 1.2441e-14   5347.49 1 
  5291.17 1.2878e-14   5350.24 1 
  5293.89 1.2898e-14   5352.99 1 
  5296.61 1.2798e-14   5355.74 1 
  5299.33 1.3303e-14   5358.49 1 
  5302.05 1.3366e-14   5361.24 1 
  5304.77 1.3562e-14   5363.99 1 
  5307.49 1.3319e-14   5366.74 1 
  5310.21 1.2840e-14   5369.49 1 
  5312.93 1.2801e-14   5372.24 1 
  5315.65 1.3459e-14   5374.99 1 
  5318.37 1.3210e-14   5377.74 1 
  5321.09 1.3445e-14   5380.49 1 
  5323.81 1.3466e-14   5383.24 1 
  5326.52 1.3205e-14   5385.99 1 
  5329.24 1.3091e-14   5388.74 1 
  5331.96 1.2560e-14   5391.49 1 
  5334.68 1.2746e-14   5394.24 1 
  5337.40 1.2441e-14   5396.99 1 
  5340.12 1.2402e-14   5399.74 1 
  5342.84 1.2542e-14   5402.49 1 
  5345.56 1.2449e-14   5405.24 1 
  5348.28 1.3099e-14   5407.99 1 
  5351.00 1.2645e-14   5410.74 1 
  5353.72 1.2437e-14   5413.49 1 
  5356.44 1.2739e-14   5416.24 1 
  5359.16 1.2650e-14   5418.99 1 
  5361.88 1.2893e-14   5421.74 1 
  5364.60 1.3357e-14   5424.49 1 
  5367.32 1.3326e-14   5427.24 1 
  5370.04 1.3426e-14   5429.99 1 
  5372.76 1.3260e-14   5432.74 1 
  5375.48 1.2888e-14   5435.49 1 
  5378.20 1.2496e-14   5438.24 1 
  5380.92 1.2593e-14   5440.99 1 
  5383.64 1.2743e-14   5443.74 1 
  5386.36 1.2810e-14   5446.49 1 
  5389.08 1.2969e-14   5449.24 1 
  5391.80 1.3061e-14   5451.99 1 
  5394.52 1.3392e-14   5454.74 1 
  5397.24 1.2991e-14   5457.49 1 
  5399.96 1.3373e-14   5460.24 1 
  5402.67 1.3014e-14   5462.99 1 
  5405.39 1.2837e-14   5465.74 1 
  5408.11 1.2413e-14   5468.49 1 
  5410.83 1.2590e-14   5471.24 1 
  5413.55 1.2336e-14   5473.99 1 
  5416.27 1.2116e-14   5476.74 1 
  5418.99 1.2282e-14   5479.49 1 
  5421.71 1.2217e-14   5482.24 1 
  5424.43 1.2525e-14   5484.99 1 
  5427.15 1.2821e-14   5487.74 1 
  5429.87 1.2963e-14   5490.49 1 
  5432.59 1.3202e-14   5493.24 1 
  5435.31 1.3284e-14   5495.99 1 
  5438.03 1.2802e-14   5498.74 1 
  5440.75 1.2828e-14   5501.49 1 
  5443.47 1.2726e-14   5504.24 1 
  5446.19 1.2779e-14   5506.99 1 
  5448.91 1.2785e-14   5509.74 1 
  5451.63 1.3397e-14   5512.49 1 
  5454.35 1.3472e-14   5515.24 1 
  5457.07 1.3292e-14   5517.99 1 
  5459.79 1.3058e-14   5520.74 1 
  5462.51 1.3112e-14   5523.49 1 
  5465.23 1.2881e-14   5526.24 1 
  5467.95 1.2719e-14   5528.99 1 
  5470.67 1.2956e-14   5531.74 1 
  5473.39 1.2819e-14   5534.49 1 
  5476.10 1.2998e-14   5537.24 1 
  5478.82 1.2903e-14   5539.99 1 
  5481.54 1.2790e-14   5542.74 1 
  5484.26 1.2491e-14   5545.49 1 
  5486.98 1.2477e-14   5548.24 1 
  5489.70 1.2417e-14   5550.99 1 
  5492.42 1.2265e-14   5553.74 1 
  5495.14 1.2466e-14   5556.49 1 
  5497.86 1.2721e-14   5559.24 1 
  5500.58 1.2567e-14   5561.99 1 
  5503.30 1.2807e-14   5564.74 1 
  5506.02 1.2814e-14   5567.49 1 
  5508.74 1.2654e-14   5570.24 1 
  5511.46 1.2550e-14   5572.99 1 
  5514.18 1.2134e-14   5575.74 1 
  5516.90 1.2561e-14   5578.49 1 
  5519.62 1.2132e-14   5581.24 1 
  5522.34 1.2317e-14   5583.99 1 
  5525.06 1.2692e-14   5586.74 1 
  5527.78 1.3050e-14   5589.49 1 
  5530.50 1.2855e-14   5592.24 1 
  5533.22 1.3048e-14   5594.99 1 
  5535.94 1.3186e-14   5597.74 1 
  5538.66 1.3172e-14   5600.49 1 
  5541.38 1.2444e-14   5603.24 1 
  5544.10 1.2311e-14   5605.99 1 
  5546.82 1.2728e-14   5608.74 1 
  5549.54 1.2894e-14   5611.49 1 
  5552.25 1.3188e-14   5614.24 1 
  5554.97 1.3096e-14   5616.99 1 
  5557.69 1.3018e-14   5619.74 1 
  5560.41 1.2918e-14   5622.49 1 
  5563.13 1.3382e-14   5625.24 1 
  5565.85 1.3164e-14   5627.99 1 
  5568.57 1.3471e-14   5630.74 1 
  5571.29 1.2858e-14   5633.49 1 
  5574.01 1.2729e-14   5636.24 1 
  5576.73 1.3063e-14   5638.99 1 
  5579.45 1.2562e-14   5641.74 1 
  5582.17 1.2385e-14   5644.49 1 
  5584.89 1.2353e-14   5647.24 1 
  5587.61 1.2475e-14   5649.99 1 
  5590.33 1.2434e-14   5652.74 1 
  5593.05 1.2700e-14   5655.49 1 
  5595.77 1.2340e-14   5658.24 1 
  5598.49 1.2352e-14   5660.99 1 
  5601.21 1.2263e-14   5663.74 1 
  5603.93 1.2625e-14   5666.49 1 
  5606.65 1.2420e-14   5669.24 1 
  5609.37 1.2722e-14   5671.99 1 
  5612.09 1.2642e-14   5674.74 1 
  5614.81 1.2389e-14   5677.49 1 
  5617.53 1.2918e-14   5680.24 1 
  5620.25 1.3158e-14   5682.99 1 
  5622.97 1.3171e-14   5685.74 1 
  5625.69 1.2926e-14   5688.49 1 
  5628.40 1.2088e-14   5691.24 1 
  5631.12 1.2638e-14   5693.99 1 
  5633.84 1.2397e-14   5696.74 1 
  5636.56 1.2223e-14   5699.49 1 
  5639.28 1.2674e-14   5702.24 1 
  5642.00 1.2954e-14   5704.99 1 
  5644.72 1.2841e-14   5707.74 1 
  5647.44 1.2314e-14   5710.49 1 
  5650.16 1.2593e-14   5713.24 1 
  5652.88 1.2426e-14   5715.99 1 
  5655.60 1.2985e-14   5718.74 1 
  5658.32 1.2985e-14   5721.49 1 
  5661.04 1.2794e-14   5724.24 1 
  5663.76 1.2987e-14   5726.99 1 
  5666.48 1.2646e-14   5729.74 1 
  5669.20 1.2507e-14   5732.49 1 
  5671.92 1.2349e-14   5735.24 1 
  5674.64 1.2448e-14   5737.99 1 
  5677.36 1.2322e-14   5740.74 1 
  5680.08 1.2920e-14   5743.49 1 
  5682.80 1.2920e-14   5746.24 1 
  5685.52 1.3373e-14   5748.99 1 
  5688.24 1.3615e-14   5751.74 1 
  5690.96 1.3476e-14   5754.49 1 
  5693.68 1.3205e-14   5757.24 1 
  5696.40 1.2669e-14   5759.99 1 
  5699.12 1.2732e-14   5762.74 1 
  5701.83 1.2829e-14   5765.49 1 
  5704.55 1.2934e-14   5768.24 1 
  5707.27 1.3173e-14   5770.99 1 
  5709.99 1.3154e-14   5773.74 1 
  5712.71 1.2631e-14   5776.49 1 
  5715.43 1.2681e-14   5779.24 1 
  5718.15 1.2356e-14   5781.99 1 
  5720.87 1.2413e-14   5784.74 1 
  5723.59 1.2298e-14   5787.49 1 
  5726.31 1.2615e-14   5790.24 1 
  5729.03 1.2912e-14   5792.99 1 
  5731.75 1.2791e-14   5795.74 1 
  5734.47 1.3067e-14   5798.49 1 
  5737.19 1.3125e-14   5801.24 1 
  5739.91 1.3108e-14   5803.99 1 
  5742.63 1.3014e-14   5806.74 1 
  5745.35 1.3314e-14   5809.49 1 
  5748.07 1.3098e-14   5812.24 1 
  5750.79 1.2973e-14   5814.99 1 
  5753.51 1.3111e-14   5817.74 1 
  5756.23 1.3343e-14   5820.49 1 
  5758.95 1.3074e-14   5823.24 1 
  5761.67 1.2844e-14   5825.99 1 
  5764.39 1.3028e-14   5828.74 1 
  5767.11 1.3206e-14   5831.49 1 
  5769.83 1.3179e-14   5834.24 1 
  5772.55 1.2940e-14   5836.99 1 
  5775.27 1.3218e-14   5839.74 1 
  5777.98 1.3366e-14   5842.49 1 
  5780.70 1.3297e-14   5845.24 1 
  5783.42 1.2984e-14   5847.99 1 
  5786.14 1.2968e-14   5850.74 1 
  5788.86 1.2813e-14   5853.49 1 
  5791.58 1.2976e-14   5856.24 1 
  5794.30 1.2993e-14   5858.99 1 
  5797.02 1.2063e-14   5861.74 1 
  5799.74 1.2703e-14   5864.49 1 
  5802.46 1.2589e-14   5867.24 1 
  5805.18 1.2912e-14   5869.99 1 
  5807.90 1.2914e-14   5872.74 1 
  5810.62 1.2719e-14   5875.49 1 
  5813.34 1.3365e-14   5878.24 1 
  5816.06 1.3237e-14   5880.99 1 
  5818.78 1.3096e-14   5883.74 1 
  5821.50 1.3160e-14   5886.49 1 
  5824.22 1.3268e-14   5889.24 1 
  5826.94 1.3117e-14   5891.99 1 
  5829.66 1.3379e-14   5894.74 1 
  5832.38 1.3329e-14   5897.49 1 
  5835.10 1.3286e-14   5900.24 1 
  5837.82 1.3712e-14   5902.99 1 
  5840.54 1.3268e-14   5905.74 1 
  5843.26 1.3081e-14   5908.49 1 
  5845.98 1.3246e-14   5911.24 1 
  5848.70 1.3105e-14   5913.99 1 
  5851.42 1.2920e-14   5916.74 1 
  5854.13 1.2862e-14   5919.49 1 
  5856.85 1.2725e-14   5922.24 1 
  5859.57 1.3042e-14   5924.99 1 
  5862.29 1.2813e-14   5927.74 1 
  5865.01 1.2495e-14   5930.49 1 
  5867.73 1.2736e-14   5933.24 1 
  5870.45 1.2185e-14   5935.99 1 
  5873.17 1.2317e-14   5938.74 1 
  5875.89 1.2798e-14   5941.49 1 
  5878.61 1.2597e-14   5944.24 1 
  5881.33 1.2635e-14   5946.99 1 
  5884.05 1.2537e-14   5949.74 1 
  5886.77 1.2880e-14   5952.49 1 
  5889.49 1.3001e-14   5955.24 1 
  5892.21 1.2660e-14   5957.99 1 
  5894.93 1.2707e-14   5960.74 1 
  5897.65 1.2062e-14   5963.49 1 
  5900.37 1.1677e-14   5966.24 1 
  5903.09 1.1162e-14   5968.99 1 
  5905.81 1.0779e-14   5971.74 1 
  5908.53 1.0521e-14   5974.49 1 
  5911.25 1.1324e-14   5977.24 1 
  5913.97 1.1667e-14   5979.99 1 
  5916.69 1.1926e-14   5982.74 1 
  5919.41 1.2187e-14   5985.49 1 
  5922.13 1.2267e-14   5988.24 1 
  5924.85 1.2210e-14   5990.99 1 
  5927.56 1.2518e-14   5993.74 1 
  5930.28 1.2424e-14   5996.49 1 
  5933.00 1.2662e-14   5999.24 1 
  5935.72 1.2719e-14   6001.99 1 
  5938.44 1.2993e-14   6004.74 1 
  5941.16 1.2746e-14   6007.49 1 
  5943.88 1.3009e-14   6010.24 1 
  5946.60 1.2734e-14   6012.99 1 
  5949.32 1.2775e-14   6015.74 1 
  5952.04 1.3555e-14   6018.49 1 
  5954.76 1.2742e-14   6021.24 1 
  5957.48 1.2699e-14   6023.99 1 
  5960.20 1.2698e-14   6026.74 1 
  5962.92 1.2605e-14   6029.49 1 
  5965.64 1.2896e-14   6032.24 1 
  5968.36 1.2374e-14   6034.99 1 
  5971.08 1.2725e-14   6037.74 1 
  5973.80 1.2904e-14   6040.49 1 
  5976.52 1.2939e-14   6043.24 1 
  5979.24 1.2679e-14   6045.99 1 
  5981.96 1.2628e-14   6048.74 1 
  5984.68 1.3169e-14   6051.49 1 
  5987.40 1.2566e-14   6054.24 1 
  5990.12 1.2606e-14   6056.99 1 
  5992.84 1.2200e-14   6059.74 1 
  5995.56 1.2338e-14   6062.49 1 
  5998.28 1.2540e-14   6065.24 1 
  6001.00 1.2670e-14   6067.99 1 
  6003.71 1.2631e-14   6070.74 1 
  6006.43 1.2216e-14   6073.49 1 
  6009.15 1.3179e-14   6076.24 1 
  6011.87 1.3122e-14   6078.99 1 
  6014.59 1.2305e-14   6081.74 1 
  6017.31 1.2574e-14   6084.49 1 
  6020.03 1.2401e-14   6087.24 1 
  6022.75 1.2259e-14   6089.99 1 
  6025.47 1.2623e-14   6092.74 1 
  6028.19 1.1931e-14   6095.49 1 
  6030.91 1.2553e-14   6098.24 1 
  6033.63 1.1712e-14   6100.99 1 
  6036.35 1.2621e-14   6103.74 1 
  6039.07 1.2061e-14   6106.49 1 
  6041.79 1.2343e-14   6109.24 1 
  6044.51 1.2655e-14   6111.99 1 
  6047.23 1.2716e-14   6114.74 1 
  6049.95 1.2716e-14   6117.49 1 
  6052.67 1.2822e-14   6120.24 1 
  6055.39 1.2629e-14   6122.99 1 
  6058.11 1.2781e-14   6125.74 1 
  6060.83 1.2880e-14   6128.49 1 
  6063.55 1.3192e-14   6131.24 1 
  6066.27 1.2929e-14   6133.99 1 
  6068.99 1.3199e-14   6136.74 1 
  6071.71 1.2924e-14   6139.49 1 
  6074.43 1.2364e-14   6142.24 1 
  6077.14 1.2490e-14   6144.99 1 
  6079.86 1.2539e-14   6147.74 1 
  6082.58 1.2982e-14   6150.49 1 
  6085.30 1.3018e-14   6153.24 1 
  6088.02 1.2699e-14   6155.99 1 
  6090.74 1.2766e-14   6158.74 1 
  6093.46 1.2343e-14   6161.49 1 
  6096.18 1.2688e-14   6164.24 1 
  6098.90 1.2547e-14   6166.99 1 
  6101.62 1.2682e-14   6169.74 1 
  6104.34 1.2288e-14   6172.49 1 
  6107.06 1.2170e-14   6175.24 1 
  6109.78 1.2119e-14   6177.99 1 
  6112.50 1.2365e-14   6180.74 1 
  6115.22 1.2799e-14   6183.49 1 
  6117.94 1.2746e-14   6186.24 1 
  6120.66 1.2501e-14   6188.99 1 
  6123.38 1.2906e-14   6191.74 1 
  6126.10 1.2760e-14   6194.49 1 
  6128.82 1.2442e-14   6197.24 1 
  6131.54 1.2718e-14   6199.99 1 
  6134.26 1.2498e-14   6202.74 1 
  6136.98 1.1893e-14   6205.49 1 
  6139.70 1.1887e-14   6208.24 1 
  6142.42 1.2195e-14   6210.99 1 
  6145.14 1.2504e-14   6213.74 1 
  6147.86 1.2170e-14   6216.49 1 
  6150.58 1.2274e-14   6219.24 1 
  6153.29 1.2111e-14   6221.99 1 
  6156.01 1.2536e-14   6224.74 1 
  6158.73 1.2444e-14   6227.49 1 
  6161.45 1.2377e-14   6230.24 1 
  6164.17 1.2897e-14   6232.99 1 
  6166.89 1.3210e-14   6235.74 1 
  6169.61 1.2543e-14   6238.49 1 
  6172.33 1.1910e-14   6241.24 1 
  6175.05 1.1798e-14   6243.99 1 
  6177.77 1.1865e-14   6246.74 1 
  6180.49 1.2003e-14   6249.49 1 
  6183.21 1.1631e-14   6252.24 1 
  6185.93 1.2062e-14   6254.99 1 
  6188.65 1.2380e-14   6257.74 1 
  6191.37 1.2185e-14   6260.49 1 
  6194.09 1.2717e-14   6263.24 1 
  6196.81 1.2326e-14   6265.99 1 
  6199.53 1.2020e-14   6268.74 1 
  6202.25 1.2046e-14   6271.49 1 
  6204.97 1.2368e-14   6274.24 1 
  6207.69 1.2118e-14   6276.99 1 
  6210.41 1.2358e-14   6279.74 1 
  6213.13 1.2356e-14   6282.49 1 
  6215.85 1.2492e-14   6285.24 1 
  6218.57 1.2299e-14   6287.99 1 
  6221.29 1.2701e-14   6290.74 1 
  6224.01 1.2633e-14   6293.49 1 
  6226.73 1.2045e-14   6296.24 1 
  6229.44 1.2190e-14   6298.99 1 
  6232.16 1.2195e-14   6301.74 1 
  6234.88 1.1589e-14   6304.49 1 
  6237.60 1.1699e-14   6307.24 1 
  6240.32 1.1820e-14   6309.99 1 
  6243.04 1.1971e-14   6312.74 1 
  6245.76 1.1770e-14   6315.49 1 
  6248.48 1.1863e-14   6318.24 1 
  6251.20 1.1959e-14   6320.99 1 
  6253.92 1.1731e-14   6323.74 1 
  6256.64 1.2203e-14   6326.49 1 
  6259.36 1.1448e-14   6329.24 1 
  6262.08 1.1501e-14   6331.99 1 
  6264.80 1.1619e-14   6334.74 1 
  6267.52 1.1502e-14   6337.49 1 
  6270.24 1.1069e-14   6340.24 1 
  6272.96 1.1858e-14   6342.99 1 
  6275.68 1.1776e-14   6345.74 1 
  6278.40 1.2195e-14   6348.49 1 
  6281.12 1.2037e-14   6351.24 1 
  6283.84 1.2147e-14   6353.99 1 
  6286.56 1.1865e-14   6356.74 1 
  6289.28 1.1726e-14   6359.49 1 
  6292.00 1.2132e-14   6362.24 1 
  6294.72 1.1656e-14   6364.99 1 
  6297.44 1.2197e-14   6367.74 1 
  6300.16 1.2235e-14   6370.49 1 
  6302.87 1.2241e-14   6373.24 1 
  6305.59 1.2001e-14   6375.99 1 
  6308.31 1.2137e-14   6378.74 1 
  6311.03 1.1473e-14   6381.49 1 
  6313.75 1.2145e-14   6384.24 1 
  6316.47 1.2136e-14   6386.99 1 
  6319.19 1.2254e-14   6389.74 1 
  6321.91 1.2171e-14   6392.49 1 
  6324.63 1.2157e-14   6395.24 1 
  6327.35 1.1621e-14   6397.99 1 
  6330.07 1.2123e-14   6400.74 1 
  6332.79 1.1627e-14   6403.49 1 
  6335.51 1.1958e-14   6406.24 1 
  6338.23 1.1717e-14   6408.99 1 
  6340.95 1.2084e-14   6411.74 1 
  6343.67 1.2458e-14   6414.49 1 
  6346.39 1.2376e-14   6417.24 1 
  6349.11 1.2228e-14   6419.99 1 
  6351.83 1.1770e-14   6422.74 1 
  6354.55 1.2007e-14   6425.49 1 
  6357.27 1.2048e-14   6428.24 1 
  6359.99 1.2316e-14   6430.99 1 
  6362.71 1.2251e-14   6433.74 1 
  6365.43 1.2042e-14   6436.49 1 
  6368.15 1.1764e-14   6439.24 1 
  6370.87 1.2049e-14   6441.99 1 
  6373.59 1.1736e-14   6444.74 1 
  6376.31 1.1595e-14   6447.49 1 
  6379.02 1.1953e-14   6450.24 1 
  6381.74 1.1977e-14   6452.99 1 
  6384.46 1.2152e-14   6455.74 1 
  6387.18 1.2209e-14   6458.49 1 
  6389.90 1.2476e-14   6461.24 1 
  6392.62 1.2527e-14   6463.99 1 
  6395.34 1.2376e-14   6466.74 1 
  6398.06 1.2329e-14   6469.49 1 
  6400.78 1.1902e-14   6472.24 1 
  6403.50 1.1837e-14   6474.99 1 
  6406.22 1.1793e-14   6477.74 1 
  6408.94 1.1651e-14   6480.49 1 
  6411.66 1.1754e-14   6483.24 1 
  6414.38 1.1676e-14   6485.99 1 
  6417.10 1.1896e-14   6488.74 1 
  6419.82 1.2150e-14   6491.49 1 
  6422.54 1.1832e-14   6494.24 1 
  6425.26 1.2215e-14   6496.99 1 
  6427.98 1.2410e-14   6499.74 1 
  6430.70 1.2152e-14   6502.49 1 
  6433.42 1.2253e-14   6505.24 1 
  6436.14 1.1844e-14   6507.99 1 
  6438.86 1.2027e-14   6510.74 1 
  6441.58 1.2486e-14   6513.49 1 
  6444.30 1.1894e-14   6516.24 1 
  6447.02 1.1979e-14   6518.99 1 
  6449.74 1.2142e-14   6521.74 1 
  6452.46 1.2320e-14   6524.49 1 
  6455.17 1.2174e-14   6527.24 1 
  6457.89 1.2519e-14   6529.99 1 
  6460.61 1.2766e-14   6532.74 1 
  6463.33 1.1925e-14   6535.49 1 
  6466.05 1.1986e-14   6538.24 1 
  6468.77 1.1923e-14   6540.99 1 
  6471.49 1.2230e-14   6543.74 1 
  6474.21 1.2272e-14   6546.49 1 
  6476.93 1.2130e-14   6549.24 1 
  6479.65 1.2772e-14   6551.99 1 
  6482.37 1.2781e-14   6554.74 1 
  6485.09 1.2182e-14   6557.49 1 
  6487.81 1.2107e-14   6560.24 1 
  6490.53 1.2414e-14   6562.99 1 
  6493.25 1.1722e-14   6565.74 1 
  6495.97 1.2191e-14   6568.49 1 
  6498.69 1.1869e-14   6571.24 1 
  6501.41 1.2378e-14   6573.99 1 
  6504.13 1.1642e-14   6576.74 1 
  6506.85 1.1841e-14   6579.49 1 
  6509.57 1.1246e-14   6582.24 1 
  6512.29 1.0899e-14   6584.99 1 
  6515.01 1.1227e-14   6587.74 1 
  6517.73 1.1749e-14   6590.49 1 
  6520.45 1.1947e-14   6593.24 1 
  6523.17 1.1930e-14   6595.99 1 
  6525.89 1.2307e-14   6598.74 1 
  6528.60 1.2334e-14   6601.49 1 
  6531.32 1.2111e-14   6604.24 1 
  6534.04 1.1749e-14   6606.99 1 
  6536.76 1.2040e-14   6609.74 1 
  6539.48 1.2131e-14   6612.49 1 
  6542.20 1.2106e-14   6615.24 1 
  6544.92 1.2245e-14   6617.99 1 
  6547.64 1.2102e-14   6620.74 1 
  6550.36 1.2055e-14   6623.49 1 
  6553.08 1.2067e-14   6626.24 1 
  6555.80 1.2442e-14   6628.99 1 
  6558.52 1.2531e-14   6631.74 1 
  6561.24 1.2614e-14   6634.49 1 
  6563.96 1.2245e-14   6637.24 1 
  6566.68 1.1928e-14   6639.99 1 
  6569.40 1.1376e-14   6642.74 1 
  6572.12 1.1174e-14   6645.49 1 
  6574.84 1.1238e-14   6648.24 1 
  6577.56 1.1077e-14   6650.99 1 
  6580.28 1.1034e-14   6653.74 1 
  6583.00 1.1262e-14   6656.49 1 
  6585.72 1.1588e-14   6659.24 1 
  6588.44 1.2007e-14   6661.99 1 
  6591.16 1.2108e-14   6664.74 1 
  6593.88 1.2752e-14   6667.49 1 
  6596.60 1.3921e-14   6670.24 1 
  6599.32 1.4349e-14   6672.99 1 
  6602.04 1.3755e-14   6675.74 1 
  6604.75 1.2642e-14   6678.49 1 
  6607.47 1.1911e-14   6681.24 1 
  6610.19 1.1427e-14   6683.99 1 
  6612.91 1.1704e-14   6686.74 1 
  6615.63 1.1935e-14   6689.49 1 
  6618.35 1.1925e-14   6692.24 1 
  6621.07 1.1985e-14   6694.99 1 
  6623.79 1.2028e-14   6697.74 1 
  6626.51 1.2302e-14   6700.49 1 
  6629.23 1.2650e-14   6703.24 1 
  6631.95 1.1985e-14   6705.99 1 
  6634.67 1.2568e-14   6708.74 1 
  6637.39 1.1921e-14   6711.49 1 
  6640.11 1.2190e-14   6714.24 1 
  6642.83 1.1766e-14   6716.99 1 
  6645.55 1.2011e-14   6719.74 1 
  6648.27 1.2076e-14   6722.49 1 
  6650.99 1.2385e-14   6725.24 1 
  6653.71 1.2146e-14   6727.99 1 
  6656.43 1.2099e-14   6730.74 1 
  6659.15 1.2033e-14   6733.49 1 
  6661.87 1.2054e-14   6736.24 1 
  6664.59 1.1576e-14   6738.99 1 
  6667.31 1.1954e-14   6741.74 1 
  6670.03 1.1753e-14   6744.49 1 
  6672.75 1.2071e-14   6747.24 1 
  6675.47 1.1532e-14   6749.99 1 
  6678.18 1.1879e-14   6752.74 1 
  6680.90 1.2267e-14   6755.49 1 
  6683.62 1.1915e-14   6758.24 1 
  6686.34 1.1916e-14   6760.99 1 
  6689.06 1.1320e-14   6763.74 1 
  6691.78 1.1714e-14   6766.49 1 
  6694.50 1.1657e-14   6769.24 1 
  6697.22 1.2139e-14   6771.99 1 
  6699.94 1.1819e-14   6774.74 1 
  6702.66 1.2151e-14   6777.49 1 
  6705.38 1.1810e-14   6780.24 1 
  6708.10 1.1606e-14   6782.99 1 
  6710.82 1.1498e-14   6785.74 1 
  6713.54 1.1163e-14   6788.49 1 
  6716.26 1.1966e-14   6791.24 1 
  6718.98 1.1996e-14   6793.99 1 
  6721.70 1.1265e-14   6796.74 1 
  6724.42 1.1941e-14   6799.49 1 
  6727.14 1.1963e-14   6802.24 1 
  6729.86 1.2069e-14   6804.99 1 
  6732.58 1.1630e-14   6807.74 1 
  6735.30 1.1570e-14   6810.49 1 
  6738.02 1.1736e-14   6813.24 1 
  6740.74 1.2560e-14   6815.99 1 
  6743.46 1.2408e-14   6818.74 1 
  6746.18 1.2168e-14   6821.49 1 
  6748.90 1.1941e-14   6824.24 1 
  6751.62 1.2564e-14   6826.99 1 
  6754.33 1.1731e-14   6829.74 1 
  6763.61 1.2057e-14   6839.12 0 
  6779.20 1.2004e-14   6854.88 0 
  6794.83 1.2034e-14   6870.68 0 
  6810.49 1.2064e-14   6886.52 0 
  6826.19 1.1983e-14   6902.40 0 
  6841.92 1.2013e-14   6918.31 0 
  6857.70 1.1960e-14   6934.26 0 
  6873.51 1.1935e-14   6950.24 0 
  6889.35 1.1910e-14   6966.26 0 
  6905.24 1.1967e-14   6982.33 0 
  6921.15 1.1970e-14   6998.42 0 
  6937.11 1.2055e-14   7014.55 0 
  6953.10 1.2030e-14   7030.72 0 
  6969.13 1.2032e-14   7046.93 0 
  6985.19 1.1897e-14   7063.18 0 
  7001.29 1.1954e-14   7079.46 0 
  7017.44 1.2011e-14   7095.78 0 
  7033.61 1.1986e-14   7112.14 0 
  7049.83 1.2183e-14   7128.53 0 
  7066.08 1.2102e-14   7144.96 0 
  7082.37 1.2132e-14   7161.43 0 
  7098.69 1.2107e-14   7177.94 0 
  7115.06 1.2109e-14   7194.49 0 
  7131.46 1.2112e-14   7211.08 0 
  7147.90 1.2086e-14   7227.70 0 
  7164.37 1.2117e-14   7244.36 0 
  7180.89 1.1494e-14   7261.06 0 
  7197.45 1.1313e-14   7277.80 0 
  7214.04 1.1632e-14   7294.57 0 
  7230.67 1.1905e-14   7311.39 0 
  7247.34 1.1637e-14   7328.25 0 
  7264.04 1.1910e-14   7345.14 0 
  7280.79 1.1615e-14   7362.07 0 
  7297.57 1.1617e-14   7379.04 0 
  7314.39 1.1918e-14   7396.05 0 
  7331.25 1.2086e-14   7413.10 0 
  7348.16 1.2257e-14   7430.19 0 
  7365.10 1.2036e-14   7447.32 0 
  7382.07 1.2206e-14   7464.49 0 
  7399.09 1.2041e-14   7481.70 0 
  7416.15 1.2099e-14   7498.94 0 
  7433.24 1.2101e-14   7516.23 0 
  7450.38 1.2132e-14   7533.56 0 
  7467.56 1.2162e-14   7550.92 0 
  7484.77 1.2221e-14   7568.33 0 
  7502.03 1.2028e-14   7585.78 0 
  7519.32 1.2059e-14   7603.26 0 
  7536.65 1.2201e-14   7620.79 0 
  7554.02 1.2203e-14   7638.36 0 
  7571.44 1.2150e-14   7655.97 0 
  7588.89 1.2125e-14   7673.61 0 
  7606.39 1.1988e-14   7691.30 0 
  7623.92 1.2046e-14   7709.04 0 
  7641.50 1.1966e-14   7726.81 0 
  7659.11 1.1969e-14   7744.62 0 
  7676.77 1.1328e-14   7762.47 0 
  7694.47 1.1864e-14   7780.37 0 
  7712.20 1.1785e-14   7798.30 0 
  7729.98 1.1842e-14   7816.28 0 
  7747.80 1.1872e-14   7834.30 0 
  7765.66 1.1793e-14   7852.36 0 
  7783.56 1.1607e-14   7870.46 0 
  7801.51 1.1717e-14   7888.60 0 
  7819.49 1.1773e-14   7906.79 0 
  7837.51 1.1776e-14   7925.01 0 
  7855.58 1.1915e-14   7943.28 0 
  7873.69 1.1918e-14   7961.59 0 
  7891.84 1.1893e-14   7979.95 0 
  7910.04 1.1868e-14   7998.34 0 
  7928.27 1.1789e-14   8016.78 0 
  7946.55 1.1711e-14   8035.26 0 
  7964.86 1.1713e-14   8053.78 0 
  7983.23 1.1770e-14   8072.35 0 
  8001.63 1.1773e-14   8090.96 0 
  8020.07 1.1721e-14   8109.61 0 
  8038.56 1.1778e-14   8128.31 0 
  8057.09 1.1699e-14   8147.04 0 
  8075.67 1.1756e-14   8165.82 0 
  8094.29 1.1597e-14   8184.65 0 
  8112.94 1.1789e-14   8203.52 0 
  8131.64 1.1764e-14   8222.43 0 
  8150.39 1.1499e-14   8241.38 0 
  8169.18 1.1009e-14   8260.38 0 
  8188.01 1.1268e-14   8279.42 0 
  8206.88 1.1142e-14   8298.51 0 
  8225.81 1.1616e-14   8317.64 0 
  8244.77 1.1512e-14   8336.81 0 
  8263.77 1.1515e-14   8356.03 0 
  8282.83 1.1307e-14   8375.29 0 
  8301.92 1.1441e-14   8394.60 0 
  8321.05 1.1497e-14   8413.95 0 
  8340.24 1.1473e-14   8433.35 0 
  8359.46 1.1662e-14   8452.79 0 
  8378.73 1.1584e-14   8472.27 0 
  8398.05 1.1271e-14   8491.80 0 
  8417.41 1.1537e-14   8511.38 0 
  8436.81 1.1539e-14   8531.00 0 
  8456.26 1.1463e-14   8550.67 0 
  8475.76 1.1204e-14   8570.38 0 
  8495.29 1.1708e-14   8590.14 0 
  8514.88 1.1497e-14   8609.94 0 
  8534.51 1.1580e-14   8629.79 0 
  8554.18 1.0158e-14   8649.68 0 
  8573.90 1.1585e-14   8669.62 0 
  8593.66 1.1429e-14   8689.60 0 
  8613.48 1.1379e-14   8709.64 0 
  8633.33 1.1435e-14   8729.71 0 
  8653.23 1.1306e-14   8749.84 0 
  8673.18 9.3204e-15   8770.01 0 
  8693.17 1.1106e-14   8790.23 0 
  8713.21 1.1211e-14   8810.49 0 
  8733.30 1.1422e-14   8830.80 0 
  8753.43 1.1139e-14   8851.16 0 
  8773.61 1.1219e-14   8871.56 0 
  8793.83 1.1248e-14   8892.01 0 
  8814.11 1.0919e-14   8912.51 0 
  8834.43 1.0846e-14   8933.05 0 
  8854.79 1.0975e-14   8953.65 0 
  8875.21 1.0483e-14   8974.29 0 
  8895.66 1.1031e-14   8994.98 0 
  8916.17 1.1084e-14   9015.71 0 
  8936.73 1.0686e-14   9036.50 0 
  8957.33 1.0689e-14   9057.33 0 
  8977.97 1.0472e-14   9078.20 0 
  8998.67 9.6861e-15   9099.13 0 
  9019.42 1.0145e-14   9120.11 0 
  9040.21 1.1127e-14   9141.13 0 
  9061.05 1.1415e-14   9162.20 0 
  9081.94 1.0437e-14   9183.33 0 
  9102.87 1.0585e-14   9204.50 0 
  9123.85 1.0859e-14   9225.71 0 
  9144.89 1.0231e-14   9246.98 0 
  9165.97 1.0281e-14   9268.30 0 
  9187.10 1.0547e-14   9289.66 0 
  9208.28 1.0896e-14   9311.08 0 
  9229.51 1.0798e-14   9332.54 0 
  9250.78 1.0826e-14   9354.06 0 
  9272.10 1.0980e-14   9375.62 0 
  9293.48 1.0610e-14   9397.23 0 
  9314.90 1.0588e-14   9418.90 0 
  9336.38 1.0542e-14   9440.61 0 
  9357.90 1.0520e-14   9462.37 0 
  9379.47 1.0475e-14   9484.18 0 
  9401.09 1.0358e-14   9506.05 0 
  9422.77 1.0408e-14   9527.96 0 
  9444.49 1.0387e-14   9549.93 0 
  9466.26 1.0366e-14   9571.94 0 
  9488.08 1.0345e-14   9594.01 0 
  9509.95 1.0300e-14   9616.12 0 
  9531.88 1.0232e-14   9638.29 0 
  9553.85 9.8415e-15   9660.51 0 
  9575.88 1.0167e-14   9682.78 0 
  9597.95 1.0216e-14   9705.10 0 
  9620.07 1.0172e-14   9727.47 0 
  9642.25 1.0081e-14   9749.90 0 
  9664.48 1.0061e-14   9772.37 0 
  9686.76 1.0064e-14   9794.90 0 
  9709.09 1.0043e-14   9817.48 0 
  9731.47 9.9997e-15   9840.11 0 
  9753.90 9.9794e-15   9862.79 0 
  9776.38 9.9592e-15   9885.53 0 
  9798.93 9.9161e-15   9908.32 0 
  9821.51 9.8960e-15   9931.16 0 
  9844.15 9.8759e-15   9954.05 0 
  9866.85 9.8332e-15   9977.00 0 
  9889.59 9.8132e-15  10000.00 0 
  9912.39 9.7708e-15  10023.05 0 
  9935.24 9.7510e-15  10046.15 0 
  9958.14 9.7313e-15  10069.31 0 
  9981.10 9.7116e-15  10092.53 0 
 10027.17 9.5615e-15  10139.12 0 
 10073.45 9.4139e-15  10185.91 0 
 10119.96 9.4844e-15  10232.94 0 
 10166.66 9.4244e-15  10280.17 0 
 10213.59 9.3647e-15  10327.61 0 
 10284.39 9.3081e-15  10399.21 0 
 10308.10 9.2680e-15  10423.18 0 
 10499.74 9.0152e-15  10616.96 0 
 10694.94 8.7177e-15  10814.34 0 
 10893.77 8.3830e-15  11015.39 0 
 11096.31 8.2300e-15  11220.19 0 
 11302.60 7.9873e-15  11428.79 0 
 11512.73 7.7696e-15  11641.26 0 
 11699.80 7.5405e-15  11830.41 0 
 11889.90 7.3181e-15  12022.64 0 
 12110.95 7.1351e-15  12246.16 0 
 12307.74 6.9567e-15  12445.14 0 
 12507.73 6.7983e-15  12647.37 0 
 12710.97 6.6283e-15  12852.87 0 
 12887.78 6.4774e-15  13031.66 0 
 13097.20 6.3300e-15  13243.42 0 
 13310.02 6.2001e-15  13458.61 0 
 13495.18 6.0730e-15  13645.84 0 
 13714.46 5.9621e-15  13867.56 0 
 13905.23 5.8398e-15  14060.47 0 
 14098.67 5.7333e-15  14256.07 0 
 14294.81 5.6286e-15  14454.39 0 
 14493.67 5.5386e-15  14655.47 0 
 14695.30 5.4501e-15  14859.35 0 
 14899.73 5.3506e-15  15066.07 0 
 15107.01 5.2650e-15  15275.66 0 
 15317.17 5.1928e-15  15488.17 0 
 15494.54 5.1570e-15  15667.52 0 
 15710.09 5.0281e-15  15885.48 0 
 15891.99 4.9249e-15  16069.41 0 
 16113.07 4.8798e-15  16292.96 0 
 16299.66 4.8239e-15  16481.62 0 
 16488.40 4.6494e-15  16672.48 0 
 16717.78 4.5436e-15  16904.42 0 
 16911.35 4.3692e-15  17100.14 0 
 17107.18 4.2697e-15  17298.16 0 
 17305.27 4.0964e-15  17498.47 0 
 17505.66 4.0216e-15  17701.10 0 
 17708.35 3.8941e-15  17906.05 0 
 17913.41 3.7792e-15  18113.40 0 
 18120.84 3.6258e-15  18323.14 0 
 18288.52 3.5514e-15  18492.70 0 
 18500.28 3.4467e-15  18706.81 0 
 18714.50 3.2916e-15  18923.43 0 
 18887.68 3.2464e-15  19098.54 0 
 19106.37 3.1579e-15  19319.67 0 
 19283.17 3.0648e-15  19498.44 0 
 19506.46 2.9336e-15  19724.23 0 
 19686.94 2.8867e-15  19906.72 0 
 19914.91 2.8016e-15  20137.24 0 
 20099.19 2.7315e-15  20323.57 0 
 20285.15 2.6449e-15  20511.61 0 
 20520.05 2.5787e-15  20749.13 0 
 20709.92 2.5027e-15  20941.13 0 
 20901.54 2.4345e-15  21134.88 0 
 21094.95 2.3681e-15  21330.45 0 
 21290.14 2.3036e-15  21527.83 0 
 21487.12 2.2460e-15  21727.01 0 
 21685.95 2.1548e-15  21928.05 0 
 21886.59 2.1252e-15  22130.94 0 
 22089.12 2.0673e-15  22335.72 0 
 22293.52 2.0110e-15  22542.40 0 
 22499.78 1.9607e-15  22750.97 0 
 22707.98 1.9072e-15  22961.49 0 
 22918.08 1.8000e-15  23173.93 0 
 23076.95 1.7361e-15  23334.58 0 
 23290.49 1.6196e-15  23550.50 0 
 23505.98 1.5451e-15  23768.40 0 
 23723.49 1.4901e-15  23988.34 0 
 23887.92 1.4019e-15  24154.60 0 
 24108.96 1.3409e-15  24378.11 0 
 24276.06 1.2925e-15  24547.08 0 
 24500.70 1.2176e-15  24774.22 0 
 24727.38 1.1673e-15  25003.44 0 
 24898.80 1.1000e-15  25176.77 0 
 25071.38 1.0578e-15  25351.28 0 
 25205.21 8.8222e-16  25486.60 2 
 25300.94 8.5056e-16  25583.40 2 
 25396.57 8.8155e-16  25680.10 2 
 25492.30 8.8680e-16  25776.90 2 
 25587.94 8.7989e-16  25873.60 2 
 25683.67 9.1037e-16  25970.40 2 
 25779.40 9.0340e-16  26067.20 2 
 25875.03 9.1518e-16  26163.90 2 
 25970.76 9.1199e-16  26260.70 2 
 26066.49 8.8361e-16  26357.50 2 
 26162.13 9.0011e-16  26454.20 2 
 26257.86 8.8966e-16  26551.00 2 
 26353.49 9.0523e-16  26647.70 2 
 26449.22 8.9974e-16  26744.50 2 
 26544.95 8.7902e-16  26841.30 2 
 26640.58 8.6951e-16  26938.00 2 
 26736.32 8.5910e-16  27034.80 2 
 26831.95 8.5049e-16  27131.50 2 
 26927.68 8.3911e-16  27228.30 2 
 27023.41 8.3248e-16  27325.10 2 
 27119.04 8.4204e-16  27421.80 2 
 27214.77 8.1732e-16  27518.60 2 
 27310.50 8.2983e-16  27615.40 2 
 27406.14 8.0422e-16  27712.10 2 
 27501.87 8.3732e-16  27808.90 2 
 27597.60 7.8312e-16  27905.70 2 
 27693.23 7.9412e-16  28002.40 2 
 27788.97 7.9068e-16  28099.20 2 
 27884.60 7.6747e-16  28195.90 2 
 27980.33 7.4001e-16  28292.70 2 
 28076.06 7.7155e-16  28389.50 2 
 28171.69 7.4462e-16  28486.20 2 
 28267.42 7.5431e-16  28583.00 2 
 28363.05 7.1959e-16  28679.70 2 
 28458.79 7.3566e-16  28776.50 2 
 28554.52 7.3659e-16  28873.30 2 
 28650.15 7.1742e-16  28970.00 2 
 28745.88 7.1662e-16  29066.80 2 
 28841.61 7.1636e-16  29163.60 2 
 28937.24 6.8771e-16  29260.30 2 
 29032.98 7.0051e-16  29357.10 2 
 29128.61 6.9730e-16  29453.80 2 
 29224.34 6.8356e-16  29550.60 2 
 29320.07 6.7237e-16  29647.40 2 
 29415.70 6.8829e-16  29744.10 2 
 29511.43 6.7018e-16  29840.90 2 
 29607.16 6.5698e-16  29937.70 2 
 29702.80 6.4979e-16  30034.40 2 
 29798.53 6.5768e-16  30131.20 2 
 29894.16 6.4863e-16  30227.90 2 
 29989.89 6.3005e-16  30324.70 2 
 30085.62 6.2386e-16  30421.50 2 
 30181.26 6.0784e-16  30518.20 2 
 30276.99 5.8854e-16  30615.00 2 
 30372.72 5.8911e-16  30711.80 2 
 30468.35 5.8172e-16  30808.50 2 
 30564.08 5.8540e-16  30905.30 2 
 30659.71 5.8363e-16  31002.00 2 
 30755.45 5.9077e-16  31098.80 2 
 30851.18 5.7825e-16  31195.60 2 
 30946.81 5.9056e-16  31292.30 2 
 31042.54 5.7733e-16  31389.10 2 
 31138.27 5.5394e-16  31485.90 2 
 31233.91 5.6330e-16  31582.60 2 
 31329.63 5.8905e-16  31679.40 2 
 31425.27 5.8312e-16  31776.10 2 
 31521.00 5.6715e-16  31872.90 2 
 31616.73 5.6280e-16  31969.70 2 
 31712.36 5.6805e-16  32066.40 2 
 31808.10 5.4464e-16  32163.20 2 
 31903.83 5.4864e-16  32260.00 2 
 31999.46 5.4702e-16  32356.70 2 
 32095.19 5.5344e-16  32453.50 2 
 32190.82 5.4143e-16  32550.20 2 
 32286.55 5.3376e-16  32647.00 2 
 32382.28 5.5991e-16  32743.80 2 
 32477.92 5.7099e-16  32840.50 2 
 32573.65 5.7032e-16  32937.30 2 
 32669.38 5.8858e-16  33034.10 2 
 32765.01 5.7969e-16  33130.80 2 
 32860.74 5.7980e-16  33227.60 2 
 32956.38 6.0214e-16  33324.30 2 
 33052.10 5.9381e-16  33421.10 2 
 33147.84 5.7061e-16  33517.90 2 
 33243.47 5.5364e-16  33614.60 2 
 33339.20 5.3292e-16  33711.40 2 
 33434.93 5.2336e-16  33808.20 2 
 33530.57 5.2401e-16  33904.90 2 
 33626.30 4.8715e-16  34001.70 2 
 33721.93 4.8049e-16  34098.40 2 
 33817.66 5.0200e-16  34195.20 2 
 33913.39 4.8198e-16  34292.00 2 
 34009.02 4.8199e-16  34388.70 2 
 34104.75 4.8398e-16  34485.50 2 
 34200.49 4.8129e-16  34582.30 2 
 34296.12 4.7003e-16  34679.00 2 
 34391.85 4.5905e-16  34775.80 2 
 34487.48 4.6766e-16  34872.50 2 
 34583.21 4.7611e-16  34969.30 2 
 34678.94 4.7142e-16  35066.10 2 
 34774.58 4.5572e-16  35162.80 2 
 34870.31 4.1415e-16  35259.60 2 
 34966.04 4.3202e-16  35356.40 2 
 35061.67 4.2104e-16  35453.10 2 
 35157.41 4.1633e-16  35549.90 2 
 35253.04 3.9837e-16  35646.60 2 
 35348.77 4.1719e-16  35743.40 2 
 35444.50 4.0043e-16  35840.20 2 
 35540.13 3.9991e-16  35936.90 2 
 35635.86 4.0203e-16  36033.70 2 
 35731.59 4.0586e-16  36130.50 2 
 35827.22 3.7889e-16  36227.20 2 
 35922.96 3.9167e-16  36324.00 2 
 36018.59 3.9359e-16  36420.70 2 
 36114.32 3.8545e-16  36517.50 2 
 36210.05 3.8150e-16  36614.30 2 
 36305.68 3.7580e-16  36711.00 2 
 36401.42 3.7857e-16  36807.80 2 
 36497.15 3.6258e-16  36904.60 2 
 36592.78 3.6443e-16  37001.30 2 
 36688.51 3.6462e-16  37098.10 2 
 36784.14 3.6895e-16  37194.80 2 
 36879.87 3.6783e-16  37291.60 2 
 36975.61 3.5029e-16  37388.40 2 
 37071.23 3.4546e-16  37485.10 2 
 37166.97 3.4764e-16  37581.90 2 
 37262.70 3.5185e-16  37678.70 2 
 37358.33 3.4675e-16  37775.40 2 
 37454.06 3.4944e-16  37872.20 2 
 37549.69 3.4528e-16  37968.90 2 
 37645.43 3.4709e-16  38065.70 2 
 37741.16 3.5100e-16  38162.50 2 
 37836.79 3.4417e-16  38259.20 2 
 37932.52 3.3680e-16  38356.00 2 
 38028.25 3.4006e-16  38452.80 2 
 38123.88 3.3677e-16  38549.50 2 
 38219.62 3.3228e-16  38646.30 2 
 38315.25 3.2978e-16  38743.00 2 
 38410.98 3.1077e-16  38839.80 2 
 38506.71 3.1982e-16  38936.60 2 
 38602.34 3.0276e-16  39033.30 2 
 38698.07 3.1020e-16  39130.10 2 
 38793.80 3.1139e-16  39226.90 2 
 38889.44 3.1327e-16  39323.60 2 
 38985.17 3.0578e-16  39420.40 2 
 39080.80 3.2385e-16  39517.10 2 
 39176.53 2.9336e-16  39613.90 2 
 39272.26 2.9585e-16  39710.70 2 
 39367.90 3.0959e-16  39807.40 2 
 39463.63 3.0186e-16  39904.20 2 
 39559.36 2.9341e-16  40001.00 2 
 39654.99 2.9462e-16  40097.70 2 
 39750.72 2.9420e-16  40194.50 2 
 39846.35 2.8991e-16  40291.20 2 
 39942.08 2.9745e-16  40388.00 2 
 40037.82 3.0101e-16  40484.80 2 
 40133.45 2.9326e-16  40581.50 2 
 40229.18 2.8097e-16  40678.30 2 
 40324.91 2.8584e-16  40775.10 2 
 40420.55 2.7729e-16  40871.80 2 
 40516.27 2.6966e-16  40968.60 2 
 40611.91 2.7582e-16  41065.30 2 
 40707.64 2.6812e-16  41162.10 2 
 40803.37 2.5866e-16  41258.90 2 
 40899.01 2.5597e-16  41355.60 2 
 40994.73 2.4452e-16  41452.40 2 
 41090.47 2.5204e-16  41549.20 2 
 41186.10 2.5270e-16  41645.90 2 
 41281.83 2.5307e-16  41742.70 2 
 41377.46 2.4205e-16  41839.40 2 
 41473.20 2.2833e-16  41936.20 2 
 41568.92 2.2525e-16  42033.00 2 
 41664.56 2.4404e-16  42129.70 2 
 41760.29 2.3124e-16  42226.50 2 
 41856.02 2.4027e-16  42323.30 2 
 41951.65 2.3727e-16  42420.00 2 
 42047.38 2.4011e-16  42516.80 2 
 42143.02 2.2903e-16  42613.50 2 
 42238.75 2.2114e-16  42710.30 2 
 42334.48 2.0846e-16  42807.10 2 
 42430.11 2.2822e-16  42903.80 2 
 42525.84 2.1455e-16  43000.60 2 
 42621.58 2.0516e-16  43097.40 2 
 42717.20 1.9705e-16  43194.10 2 
 42812.94 1.9644e-16  43290.90 2 
 42908.57 1.9344e-16  43387.60 2 
 43004.30 2.0227e-16  43484.40 2 
 43100.03 2.0871e-16  43581.20 2 
 43195.67 2.0433e-16  43677.90 2 
 43291.39 2.0240e-16  43774.70 2 
 43387.13 1.9961e-16  43871.50 2 
 43482.76 1.9484e-16  43968.20 2 
 43578.49 1.8835e-16  44065.00 2 
 43674.13 1.9742e-16  44161.70 2 
 43769.85 1.9639e-16  44258.50 2 
 43865.59 2.0234e-16  44355.30 2 
 43961.22 1.8026e-16  44452.00 2 
 44056.95 1.7507e-16  44548.80 2 
 44152.68 1.7685e-16  44645.60 2 
 44248.31 1.7211e-16  44742.30 2 
 44344.04 1.7729e-16  44839.10 2 
 44439.67 1.6475e-16  44935.80 2 
 44535.41 1.5857e-16  45032.60 2 
 44631.14 1.6513e-16  45129.40 2 
 44726.77 1.7085e-16  45226.10 2 
 44822.50 1.6295e-16  45322.90 2 
 44918.23 1.5970e-16  45419.70 2 
 45013.86 1.5344e-16  45516.40 2 
 45109.60 1.5845e-16  45613.20 2 
 45205.23 1.5120e-16  45709.90 2 
 45300.96 1.7241e-16  45806.70 2 
 45396.69 1.4944e-16  45903.50 2 
 45492.32 1.5954e-16  46000.20 2 
 45588.06 1.4390e-16  46097.00 2 
 45683.79 1.4849e-16  46193.80 2 
 45779.41 1.3930e-16  46290.50 2 
 45875.15 1.3958e-16  46387.30 2 
 45970.78 1.3458e-16  46484.00 2 
 46066.51 1.3132e-16  46580.80 2 
 46162.24 1.3926e-16  46677.60 2 
 46257.88 1.3416e-16  46774.30 2 
 46353.61 1.3836e-16  46871.10 2 
 46449.34 1.3096e-16  46967.90 2 
 46544.97 1.3087e-16  47064.60 2 
 46640.70 1.5040e-16  47161.40 2 
 46736.34 1.3987e-16  47258.10 2 
 46832.07 1.7141e-16  47354.90 2 
 46927.80 1.4839e-16  47451.70 2 
 47023.43 1.6487e-16  47548.40 2 
 47119.16 1.5801e-16  47645.20 2 
 47214.89 1.4715e-16  47742.00 2 
 47310.53 1.3971e-16  47838.70 2 
 47406.26 1.5192e-16  47935.50 2 
 47501.89 1.4087e-16  48032.20 2 
 47597.62 1.3389e-16  48129.00 2 
 47693.35 1.3771e-16  48225.80 2 
 47788.98 1.3676e-16  48322.50 2 
 47884.72 1.4909e-16  48419.30 2 
 47980.45 1.6054e-16  48516.10 2 
 48076.08 1.4551e-16  48612.80 2 
 48171.81 1.3943e-16  48709.60 2 
 48267.44 1.2343e-16  48806.30 2 
 48363.17 1.3351e-16  48903.10 2 
 48458.91 1.3830e-16  48999.90 2 
 48554.53 1.3003e-16  49096.60 2 
 48650.27 1.4749e-16  49193.40 2 
 48746.00 1.2874e-16  49290.20 2 
 48841.63 1.2487e-16  49386.90 2 
 48938.35 1.3331e-16  49484.70 2 
 49427.74 1.2478e-16  49979.55 0 
 49922.01 1.1616e-16  50479.34 0 
 50421.23 1.0746e-16  50984.14 0 
 50925.44 9.8666e-17  51493.98 0 
 51434.70 8.9787e-17  52008.92 0 
 51596.48 8.6966e-17  52172.50 3 
 51895.54 8.6106e-17  52474.90 3 
 52194.60 9.8220e-17  52777.30 3 
 52493.66 1.1041e-16  53079.70 3 
 52792.72 1.0500e-16  53382.10 3 
 53091.88 1.0775e-16  53684.60 3 
 53390.95 1.0954e-16  53987.00 3 
 53690.00 1.0098e-16  54289.40 3 
 53989.06 9.8153e-17  54591.80 3 
 54288.13 9.1144e-17  54894.20 3 
 54587.29 9.6702e-17  55196.70 3 
 54886.35 1.0935e-16  55499.10 3 
 55185.41 1.2573e-16  55801.50 3 
 55484.47 1.1585e-16  56103.90 3 
 55783.53 1.1564e-16  56406.30 3 
 56082.69 1.2219e-16  56708.80 3 
 56381.75 1.2517e-16  57011.20 3 
 56680.81 1.3614e-16  57313.60 3 
 56979.88 1.3168e-16  57616.00 3 
 57278.94 1.2520e-16  57918.40 3 
 57578.10 1.1948e-16  58220.90 3 
 57877.16 1.1032e-16  58523.30 3 
 58176.22 1.0108e-16  58825.70 3 
 58475.28 1.0096e-16  59128.10 3 
 58774.34 1.0246e-16  59430.50 3 
 59073.50 1.0087e-16  59733.00 3 
 59372.56 1.0092e-16  60035.40 3 
 59671.63 1.1571e-16  60337.80 3 
 59970.69 1.2872e-16  60640.20 3 
 60269.75 1.4289e-16  60942.60 3 
 60568.91 1.4288e-16  61245.10 3 
 60867.97 1.4558e-16  61547.50 3 
 61167.03 1.6962e-16  61849.90 3 
 61466.09 2.1146e-16  62152.30 3 
 61765.15 2.8595e-16  62454.70 3 
 62064.32 3.3264e-16  62757.20 3 
 62363.38 3.3640e-16  63059.60 3 
 62662.44 3.0148e-16  63362.00 3 
 62961.50 2.5592e-16  63664.40 3 
 63260.56 2.2148e-16  63966.80 3 
 63559.72 1.9186e-16  64269.30 3 
 63858.78 1.7656e-16  64571.70 3 
 64157.84 1.6126e-16  64874.10 3 
 64456.90 1.5133e-16  65176.50 3 
 64755.97 1.4038e-16  65478.90 3 
 65055.12 1.3430e-16  65781.40 3 
 65354.18 1.3529e-16  66083.80 3 
 65653.24 1.3184e-16  66386.20 3 
 65952.31 1.3735e-16  66688.60 3 
 66251.37 1.4072e-16  66991.00 3 
 66550.53 1.4064e-16  67293.50 3 
 66849.59 1.3842e-16  67595.90 3 
 67148.66 1.4059e-16  67898.30 3 
 67447.71 1.3594e-16  68200.70 3 
 67746.78 1.3665e-16  68503.10 3 
 68045.94 1.3764e-16  68805.60 3 
 68345.00 1.3352e-16  69108.00 3 
 68644.06 1.3838e-16  69410.40 3 
 68943.12 1.6031e-16  69712.80 3 
 69242.18 1.8001e-16  70015.20 3 
 69541.34 1.5976e-16  70317.70 3 
 69840.40 1.6229e-16  70620.10 3 
 70139.46 1.6053e-16  70922.50 3 
 70438.52 1.5200e-16  71224.90 3 
 70737.58 1.6785e-16  71527.30 3 
 71036.74 1.7982e-16  71829.80 3 
 71335.81 1.8301e-16  72132.20 3 
 71634.87 1.8114e-16  72434.60 3 
 71933.93 1.8329e-16  72737.00 3 
 72232.99 1.8951e-16  73039.40 3 
 72532.15 1.9516e-16  73341.90 3 
 72831.21 1.9788e-16  73644.30 3 
 73130.28 2.0765e-16  73946.70 3 
 73429.34 2.1699e-16  74249.10 3 
 73728.40 2.3827e-16  74551.50 3 
 74027.56 2.6152e-16  74854.00 3 
 74326.62 2.8001e-16  75156.40 3 
 74625.68 3.0811e-16  75458.80 3 
 74924.74 3.2229e-16  75761.20 3 
 75522.86 3.7321e-16  76366.00 3 
 76121.08 3.9636e-16  76970.90 3 
 76719.20 3.8332e-16  77575.70 3 
 77317.33 3.7282e-16  78180.50 3 
 77915.55 3.6793e-16  78785.40 3 
 78513.68 3.5339e-16  79390.20 3 
 79111.90 3.3198e-16  79995.10 3 
 79710.02 2.9916e-16  80599.90 3 
 80308.14 2.7295e-16  81204.70 3 
 80906.36 2.3785e-16  81809.59 3 
 81504.48 2.1004e-16  82414.40 3 
 82102.61 1.9573e-16  83019.20 3 
 82700.82 1.8618e-16  83624.09 3 
 83298.95 1.8024e-16  84228.90 3 
 83897.07 1.7169e-16  84833.70 3 
 84495.30 1.6659e-16  85438.60 3 
 85093.42 1.6449e-16  86043.40 3 
 85691.64 1.6349e-16  86648.30 3 
 86289.76 1.5144e-16  87253.10 3 
 86887.89 1.3216e-16  87857.91 3 
 87486.11 1.0664e-16  88462.80 3 
 88084.23 8.5009e-17  89067.60 3 
 88682.36 6.7297e-17  89672.41 3 
 89280.57 5.6517e-17  90277.30 3 
 89878.70 4.9576e-17  90882.10 3 
 90476.82 4.5369e-17  91486.90 3 
 91075.04 4.1121e-17  92091.80 3 
 91673.16 3.9166e-17  92696.60 3 
 92271.38 3.7011e-17  93301.50 3 
 92869.50 3.5229e-17  93906.30 3 
 93467.63 3.3318e-17  94511.10 3 
 94065.84 3.2043e-17  95115.99 3 
 94663.97 3.0524e-17  95720.80 3 
 95262.10 3.0794e-17  96325.60 3 
 95860.32 3.1493e-17  96930.50 3 
 96458.43 4.6472e-17  97535.30 3 
 97056.55 4.3785e-17  98140.09 3 
 97654.78 3.0522e-17  98745.00 3 
 98252.91 2.5764e-17  99349.80 3 
 98851.13 2.4418e-17  99954.70 3 
 99449.25 2.5369e-17 100559.50 3 
100047.38 2.5595e-17 101164.30 3 
100645.60 2.5012e-17 101769.20 3 
101243.72 2.4732e-17 102374.00 3 
101841.84 2.3255e-17 102978.80 3 
102440.05 2.2921e-17 103583.70 3 
103038.18 2.4362e-17 104188.50 3 
103636.30 2.4415e-17 104793.30 3 
104234.52 2.5910e-17 105398.20 3 
104832.65 2.7674e-17 106003.00 3 
105430.88 3.0934e-17 106607.91 3 
106028.99 3.2265e-17 107212.70 3 
106627.11 3.2211e-17 107817.50 3 
107225.34 3.4202e-17 108422.41 3 
107823.46 3.4060e-17 109027.20 3 
108421.58 3.3098e-17 109632.00 3 
109019.80 3.4880e-17 110236.90 3 
109617.93 4.1435e-17 110841.70 3 
110216.06 4.9908e-17 111446.51 3 
110814.27 5.6455e-17 112051.40 3 
111412.40 7.8532e-17 112656.20 3 
112010.62 1.2986e-16 113261.10 3 
112608.73 1.6551e-16 113865.90 3 
113206.86 1.4699e-16 114470.70 3 
113805.08 1.1877e-16 115075.60 3 
114403.20 1.0075e-16 115680.40 3 
115001.33 8.4823e-17 116285.20 3 
115599.54 7.7722e-17 116890.09 3 
116197.67 6.9385e-17 117494.90 3 
116795.79 6.5681e-17 118099.70 3 
117394.01 6.4984e-17 118704.59 3 
117992.13 6.6782e-17 119309.40 3 
118590.36 7.3062e-17 119914.30 3 
119188.48 7.8010e-17 120519.10 3 
119786.60 8.2508e-17 121123.90 3 
120384.83 8.4986e-17 121728.80 3 
120982.95 8.6374e-17 122333.60 3 
121581.08 8.8488e-17 122938.41 3 
122179.29 9.4883e-17 123543.30 3 
122777.41 1.0960e-16 124148.10 3 
123375.54 1.1512e-16 124752.91 3 
123973.75 1.1483e-16 125357.80 3 
124571.88 1.1843e-16 125962.60 3 
125170.10 1.2623e-16 126567.50 3 
125768.22 1.3454e-16 127172.30 3 
126366.35 1.4095e-16 127777.10 3 
126964.57 1.4594e-16 128382.00 3 
127562.69 1.5293e-16 128986.80 3 
128160.81 1.5602e-16 129591.60 3 
128759.04 1.4581e-16 130196.51 3 
129357.15 1.2598e-16 130801.30 3 
129955.27 1.2083e-16 131406.09 3 
130553.50 1.1875e-16 132011.00 3 
131151.62 1.1948e-16 132615.80 3 
131749.74 1.1877e-16 133220.59 3 
132347.97 1.1816e-16 133825.50 3 
132946.09 1.1817e-16 134430.30 3 
133544.31 1.1716e-16 135035.20 3 
134142.43 1.1631e-16 135640.00 3 
134740.55 1.1780e-16 136244.80 3 
135338.78 1.1971e-16 136849.70 3 
135936.90 1.1916e-16 137454.50 3 
136535.02 1.1544e-16 138059.30 3 
137133.25 1.1167e-16 138664.20 3 
137731.37 1.1106e-16 139269.00 3 
138329.49 1.1498e-16 139873.80 3 
138927.71 1.1594e-16 140478.70 3 
139525.83 1.1788e-16 141083.50 3 
140124.06 1.1780e-16 141688.41 3 
140722.18 1.1825e-16 142293.20 3 
141320.30 1.1667e-16 142898.00 3 
141918.53 1.1421e-16 143502.91 3 
142516.65 1.1210e-16 144107.70 3 
143114.77 1.0888e-16 144712.50 3 
144164.64 1.2486e-16 145774.09 3 
145002.10 1.2610e-16 146620.91 3 
145839.55 1.2730e-16 147467.70 3 
146677.00 1.2767e-16 148314.50 3 
147514.35 1.2973e-16 149161.20 3 
148351.80 1.2927e-16 150008.00 3 
149189.25 1.2802e-16 150854.80 3 
150026.60 1.2849e-16 151701.50 3 
150864.05 1.2729e-16 152548.30 3 
151701.50 1.2419e-16 153395.09 3 
152538.85 1.2153e-16 154241.80 3 
153376.30 1.1893e-16 155088.59 3 
154213.76 1.1758e-16 155935.41 3 
155051.12 1.1590e-16 156782.11 3 
155888.57 1.1610e-16 157628.91 3 
156726.01 1.1104e-16 158475.70 3 
157563.35 1.0781e-16 159322.39 3 
158400.82 1.0729e-16 160169.20 3 
159238.26 1.0462e-16 161016.00 3 
160075.71 1.0103e-16 161862.80 3 
160913.07 1.0210e-16 162709.50 3 
161750.53 9.5089e-17 163556.31 3 
162587.96 9.6367e-17 164403.09 3 
163425.33 1.0033e-16 165249.81 3 
164262.76 1.0449e-16 166096.59 3 
165100.21 1.0505e-16 166943.39 3 
165937.58 1.0064e-16 167790.11 3 
166775.01 9.9557e-17 168636.89 3 
167612.48 1.0093e-16 169483.70 3 
168449.82 1.0087e-16 170330.39 3 
169287.28 1.0146e-16 171177.20 3 
170124.73 1.1477e-16 172024.00 3 
170962.07 1.2628e-16 172870.69 3 
171799.53 1.0415e-16 173717.50 3 
172636.98 1.0234e-16 174564.30 3 
173474.43 1.0031e-16 175411.09 3 
174311.78 9.9552e-17 176257.80 3 
175149.24 9.7512e-17 177104.61 3 
175986.68 9.4933e-17 177951.39 3 
176824.05 9.6083e-17 178798.11 3 
177661.49 9.5425e-17 179644.91 3 
178498.94 9.7224e-17 180491.70 3 
179336.30 9.6789e-17 181338.41 3 
180173.73 9.7983e-17 182185.19 3 
181011.19 9.8451e-17 183032.00 3 
181848.55 1.0206e-16 183878.70 3 
182685.99 1.0340e-16 184725.50 3 
183523.44 1.0574e-16 185572.30 3 
184360.78 1.0583e-16 186418.98 3 
185198.24 1.0696e-16 187265.80 3 
186035.71 1.1041e-16 188112.61 3 
186873.15 1.1415e-16 188959.41 3 
187710.49 1.1636e-16 189806.09 3 
188547.96 1.1991e-16 190652.91 3 
189385.39 1.2540e-16 191499.69 3 
190222.76 1.2639e-16 192346.41 3 
191060.21 1.3118e-16 193193.20 3 
191897.65 1.3152e-16 194040.00 3 
192735.01 1.3656e-16 194886.70 3 
193572.47 1.4082e-16 195733.52 3 
194409.90 1.4610e-16 196580.30 3 
195247.26 1.4705e-16 197427.00 3 
196084.71 1.5244e-16 198273.80 3 
196922.15 1.5778e-16 199120.59 3 
197759.53 1.5705e-16 199967.31 3 
198596.96 1.6007e-16 200814.09 3 
199434.42 1.6941e-16 201660.91 3 
200271.87 1.7683e-16 202507.70 3 
201109.21 1.8273e-16 203354.39 3 
201946.67 1.8877e-16 204201.20 3 
203621.47 2.0366e-16 205894.70 3 
205296.37 2.1145e-16 207588.30 3 
206971.19 2.2237e-16 209281.81 3 
208645.97 2.3413e-16 210975.30 3 
210320.87 2.4415e-16 212668.89 3 
211995.67 2.5695e-16 214362.39 3 
213670.58 2.6644e-16 216056.00 3 
215345.38 2.7769e-16 217749.50 3 
217020.19 2.8928e-16 219443.00 3 
218695.10 2.9853e-16 221136.61 3 
220369.90 3.1285e-16 222830.11 3 
222044.69 3.2278e-16 224523.59 3 
223719.58 3.3875e-16 226217.19 3 
225394.40 3.4713e-16 227910.70 3 
227069.30 3.5468e-16 229604.30 3 
228744.10 3.7254e-16 231297.80 3 
230418.90 3.8500e-16 232991.30 3 
232093.81 4.0146e-16 234684.91 3 
233768.61 4.1718e-16 236378.41 3 
235443.42 4.2511e-16 238071.91 3 
237118.30 4.4334e-16 239765.48 3 
238793.11 4.6262e-16 241459.00 3 
240468.01 4.8078e-16 243152.59 3 
242142.81 4.8987e-16 244846.09 3 
243817.61 5.1096e-16 246539.59 3 
245492.52 5.3398e-16 248233.20 3 
247167.33 5.4700e-16 249926.70 3 
248842.13 5.6186e-16 251620.20 3 
250517.04 5.8039e-16 253313.81 3 
252191.84 5.9991e-16 255007.31 3 
253866.72 6.1516e-16 256700.89 3 
255541.53 6.2629e-16 258394.39 3 
257216.33 6.4646e-16 260087.89 3 
258891.24 6.6129e-16 261781.50 3 
260566.04 6.8030e-16 263475.00 3 
262240.84 6.9413e-16 265168.50 3 
263915.74 7.1079e-16 266862.09 3 
265590.54 7.3063e-16 268555.59 3 
267265.44 7.4850e-16 270249.19 3 
268940.24 7.6351e-16 271942.69 3 
270615.07 7.8217e-16 273636.22 3 
272289.97 8.0199e-16 275329.81 3 
273964.74 8.1306e-16 277023.28 3 
275639.54 8.3747e-16 278716.78 3 
277314.47 8.5096e-16 280410.41 3 
278989.27 8.7480e-16 282103.91 3 
280664.17 8.8352e-16 283797.50 3 
282338.97 8.9963e-16 285491.00 3 
284013.77 9.1466e-16 287184.50 3 
285688.67 9.3326e-16 288878.09 3 
287363.47 9.5586e-16 290571.59 3 
289038.27 9.7138e-16 292265.09 3 
290713.17 9.9170e-16 293958.69 3 
292387.97 1.0053e-15 295652.19 3 
294062.86 1.0206e-15 297345.78 3 
295737.70 1.0442e-15 299039.31 3 
297412.50 1.0590e-15 300732.81 3 
299087.39 1.0771e-15 302426.41 3 
300762.20 1.0879e-15 304119.91 3 
302437.00 1.0989e-15 305813.41 3 
304111.89 1.1192e-15 307507.00 3 
305786.70 1.1381e-15 309200.50 3 
307461.59 1.1453e-15 310894.09 3 
309136.40 1.1531e-15 312587.59 3 
310811.20 1.1669e-15 314281.09 3 
312486.09 1.2018e-15 315974.69 3 
314160.93 1.1977e-15 317668.22 3 
315835.73 1.1984e-15 319361.72 3 
317510.62 1.2076e-15 321055.31 3 
319185.40 1.2273e-15 322748.78 3 
320860.32 1.2510e-15 324442.41 3 
322535.12 1.2661e-15 326135.91 3 
324209.93 1.2551e-15 327829.41 3 
325884.82 1.2670e-15 329523.00 3 
327559.62 1.2935e-15 331216.50 3 
329234.43 1.3081e-15 332910.00 3 
330909.35 1.3319e-15 334603.62 3 
332584.16 1.3042e-15 336297.12 3 
334259.02 1.3560e-15 337990.69 3 
335933.82 1.4011e-15 339684.19 3 
337608.66 1.3531e-15 341377.72 3 
339283.52 1.3604e-15 343071.28 3 
340958.32 1.3621e-15 344764.78 3 
342633.13 1.3823e-15 346458.28 3 
344308.05 1.4165e-15 348151.91 3 
345982.82 1.4125e-15 349845.38 3 
