# An Atlas of Galaxy Spectral Energy Distributions from the Ultraviolet to the Mid-Infrared
# Brown et al. (2014)
# http://dx.doi.org/10.5072/03/529D3551F0117
# 
# Column 1 : Restframe Wavelength (Angstrom)
# Column 2 : Flux per unit wavelength (ergs/s/cm^2/Angstrom)
# Column 3 : Observed wavelength (Angstrom)
# Column 4 : Source (0 = model, 1 = Optical Spectrum, 2 = Akari, 3 = Spitzer IRS)
# 
   100.06 2.7598e-24    102.80 0 
   101.92 4.0438e-24    104.71 0 
   104.05 5.3913e-24    106.91 0 
   105.99 7.3385e-24    108.89 0 
   107.96 1.0128e-23    110.92 0 
   109.96 1.6048e-23    112.98 0 
   114.09 2.7054e-23    117.22 0 
   118.10 4.2565e-23    121.34 0 
   121.13 1.6554e-22    124.45 0 
   125.10 2.4251e-22    128.53 0 
   127.13 2.8552e-22    130.62 0 
   128.01 3.1375e-22    131.52 0 
   130.99 3.9215e-22    134.59 0 
   131.90 4.7578e-22    135.52 0 
   134.04 5.4615e-22    137.72 0 
   136.85 7.6064e-22    140.60 0 
   140.04 9.2477e-22    143.88 0 
   142.97 2.5698e-21    146.89 0 
   146.98 6.7253e-21    151.01 0 
   151.09 8.2134e-21    155.24 0 
   154.97 1.0101e-20    159.22 0 
   158.94 1.2364e-20    163.31 0 
   161.90 1.4257e-20    166.34 0 
   166.05 1.7371e-20    170.61 0 
   169.92 2.0637e-20    174.58 0 
   173.08 2.3524e-20    177.83 0 
   177.11 2.7626e-20    181.97 0 
   179.99 3.1130e-20    184.93 0 
   182.07 3.3658e-20    187.07 0 
   185.89 3.9076e-20    190.99 0 
   191.09 4.6738e-20    196.34 0 
   194.20 5.2183e-20    199.53 0 
   197.81 5.9478e-20    203.24 0 
   201.95 6.7946e-20    207.49 0 
   205.23 7.4647e-20    210.86 0 
   210.01 8.3137e-20    215.77 0 
   215.90 1.0316e-19    221.82 0 
   219.91 1.1570e-19    225.94 0 
   222.97 1.2393e-19    229.09 0 
   227.11 1.3899e-19    233.35 0 
   229.74 2.2074e-19    236.05 0 
   234.02 3.9598e-19    240.44 0 
   240.02 5.3260e-19    246.60 0 
   246.18 5.5095e-19    252.93 0 
   251.91 6.3073e-19    258.82 0 
   257.18 5.6572e-19    264.24 0 
   260.16 6.7680e-19    267.30 0 
   263.78 7.4352e-19    271.02 0 
   269.31 7.8711e-19    276.69 0 
   274.31 8.2947e-19    281.84 0 
   278.77 8.7215e-19    286.42 0 
   283.95 9.1696e-19    291.74 0 
   289.90 9.2699e-19    297.85 0 
   295.97 9.9722e-19    304.09 0 
   300.78 1.0270e-18    309.03 0 
   307.78 1.1021e-18    316.23 0 
   317.87 1.2155e-18    326.59 0 
   328.28 1.3040e-18    337.29 0 
   338.26 1.3830e-18    347.54 0 
   347.73 1.4567e-18    357.27 0 
   356.65 1.5309e-18    366.44 0 
   365.80 1.6089e-18    375.84 0 
   375.18 1.6714e-18    385.48 0 
   384.81 1.6851e-18    395.37 0 
   394.68 1.7996e-18    405.51 0 
   404.80 1.8737e-18    415.91 0 
   414.23 1.9242e-18    425.60 0 
   421.93 1.9538e-18    433.51 0 
   429.78 1.9839e-18    441.57 0 
   440.80 2.0512e-18    452.90 0 
   451.07 2.0822e-18    463.45 0 
   460.52 2.1090e-18    473.15 0 
   470.16 2.1410e-18    483.06 0 
   480.00 2.1885e-18    493.17 0 
   490.06 2.1912e-18    503.50 0 
   500.32 2.2397e-18    514.04 0 
   506.11 2.2486e-18    520.00 0 
   511.97 2.3968e-18    526.02 0 
   520.29 2.4168e-18    534.56 0 
   529.96 2.4254e-18    544.50 0 
   539.82 2.3951e-18    554.63 0 
   549.85 2.4538e-18    564.94 0 
   560.07 2.5489e-18    575.44 0 
   570.49 2.6234e-18    586.14 0 
   579.76 2.6027e-18    595.66 0 
   590.53 2.6848e-18    606.74 0 
   600.13 2.6635e-18    616.59 0 
   609.88 2.5176e-18    626.61 0 
   619.79 2.8544e-18    636.80 0 
   629.86 2.8776e-18    647.14 0 
   640.10 2.9144e-18    657.66 0 
   650.50 2.9857e-18    668.34 0 
   658.03 3.0109e-18    676.08 0 
   665.65 3.0926e-18    683.91 0 
   674.91 3.1109e-18    693.43 0 
   684.30 3.0509e-18    703.07 0 
   695.42 3.3335e-18    714.50 0 
   705.09 3.2243e-18    724.44 0 
   716.55 3.5066e-18    736.21 0 
   726.52 3.5597e-18    746.45 0 
   734.93 3.6141e-18    755.09 0 
   745.15 3.7889e-18    765.60 0 
   755.52 3.8906e-18    776.25 0 
   764.27 3.8423e-18    785.24 0 
   774.90 4.1695e-18    796.16 0 
   785.68 4.2911e-18    807.24 0 
   794.78 4.4170e-18    816.58 0 
   805.83 4.5456e-18    827.94 0 
   815.16 4.6360e-18    837.53 0 
   824.60 4.9055e-18    847.23 0 
   834.15 4.3174e-18    857.04 0 
   845.76 5.0660e-18    868.96 0 
   855.55 5.1664e-18    879.02 0 
   865.46 5.4289e-18    889.20 0 
   875.48 5.7046e-18    899.50 0 
   885.62 6.0497e-18    909.91 0 
   895.87 6.2984e-18    920.45 0 
   904.16 6.3362e-18    928.97 0 
   914.63 9.1479e-18    939.72 0 
   925.22 5.2700e-17    950.60 0 
   935.93 1.1516e-16    961.61 0 
   944.59 2.2124e-16    970.51 0 
   955.53 3.1574e-16    981.75 0 
   964.37 3.6216e-16    990.83 0 
   975.54 6.1568e-17   1002.31 0 
   984.57 3.1983e-16   1011.58 0 
   995.97 3.3912e-16   1023.29 0 
  1005.18 4.9193e-16   1032.76 0 
  1014.48 4.6930e-16   1042.32 0 
  1023.87 1.9815e-16   1051.96 0 
  1035.73 3.3221e-16   1064.14 0 
  1045.31 6.4557e-16   1073.99 0 
  1054.98 6.4190e-16   1083.93 0 
  1064.74 5.1403e-16   1093.96 0 
  1074.60 6.1447e-16   1104.08 0 
  1084.54 4.8980e-16   1114.29 0 
  1094.57 6.4941e-16   1124.61 0 
  1104.70 6.6378e-16   1135.01 0 
  1114.92 6.6301e-16   1145.51 0 
  1125.24 6.1803e-16   1156.11 0 
  1135.65 7.6824e-16   1166.81 0 
  1146.16 6.9820e-16   1177.61 0 
  1154.10 7.5437e-16   1185.77 0 
  1164.78 7.8715e-16   1196.74 0 
  1175.56 5.6823e-16   1207.81 0 
  1183.71 7.3303e-16   1216.19 0 
  1194.66 4.6836e-16   1227.44 0 
  1205.72 3.4200e-16   1238.80 0 
  1214.07 2.1808e-16   1247.38 0 
  1225.31 4.5820e-16   1258.93 0 
  1233.80 7.3899e-16   1267.65 0 
  1245.22 8.8322e-16   1279.38 0 
  1253.85 8.8438e-16   1288.25 0 
  1265.45 7.2288e-16   1300.17 0 
  1274.22 1.0731e-15   1309.18 0 
  1286.01 1.1913e-15   1321.30 0 
  1294.93 9.8991e-16   1330.45 0 
  1303.90 9.0188e-16   1339.68 0 
  1315.97 1.1982e-15   1352.07 0 
  1325.09 1.1997e-15   1361.44 0 
  1334.27 1.0583e-15   1370.88 0 
  1343.52 1.3067e-15   1380.38 0 
  1355.96 1.2634e-15   1393.16 0 
  1365.35 1.1274e-15   1402.81 0 
  1374.82 1.2320e-15   1412.54 0 
  1384.35 1.2535e-15   1422.33 0 
  1393.94 1.1766e-15   1432.19 0 
  1403.61 1.2027e-15   1442.12 0 
  1416.59 1.1871e-15   1455.46 0 
  1426.41 1.2503e-15   1465.55 0 
  1436.30 1.2092e-15   1475.71 0 
  1442.93 1.3067e-15   1482.52 0 
  1446.26 1.3709e-15   1485.94 0 
  1456.28 1.3351e-15   1496.24 0 
  1466.38 1.2274e-15   1506.61 0 
  1476.54 1.2091e-15   1517.05 0 
  1483.36 1.2651e-15   1524.05 0 
  1493.64 1.3201e-15   1534.62 0 
  1503.99 1.2855e-15   1545.25 0 
  1510.93 1.1501e-15   1552.39 0 
  1517.91 1.2485e-15   1559.55 0 
  1524.91 1.1535e-15   1566.75 0 
  1535.48 1.0127e-15   1577.61 0 
  1546.13 1.1994e-15   1588.55 0 
  1553.26 1.1081e-15   1595.88 0 
  1564.03 1.0915e-15   1606.94 0 
  1574.87 1.1789e-15   1618.08 0 
  1585.79 1.2616e-15   1629.30 0 
  1596.78 1.3164e-15   1640.59 0 
  1604.15 1.2647e-15   1648.16 0 
  1615.27 1.2689e-15   1659.59 0 
  1626.47 1.1827e-15   1671.09 0 
  1633.97 1.2632e-15   1678.80 0 
  1645.30 1.2999e-15   1690.44 0 
  1656.70 1.1650e-15   1702.16 0 
  1664.35 1.3120e-15   1710.02 0 
  1672.03 1.0853e-15   1717.91 0 
  1675.89 1.3072e-15   1721.87 0 
  1683.62 1.4026e-15   1729.82 0 
  1695.29 1.3102e-15   1741.81 0 
  1703.12 1.2558e-15   1749.85 0 
  1714.93 1.2143e-15   1761.98 0 
  1726.81 1.2070e-15   1774.19 0 
  1734.78 1.2951e-15   1782.38 0 
  1746.81 1.2755e-15   1794.73 0 
  1754.87 1.3844e-15   1803.02 0 
  1762.97 1.2355e-15   1811.34 0 
  1775.19 1.3159e-15   1823.90 0 
  1783.39 1.3299e-15   1832.31 0 
  1795.75 1.4393e-15   1845.02 0 
  1804.04 1.4117e-15   1853.53 0 
  1816.54 1.3492e-15   1866.38 0 
  1824.93 1.3479e-15   1874.99 0 
  1833.35 1.3038e-15   1883.65 0 
  1846.06 1.2066e-15   1896.71 0 
  1854.58 1.2448e-15   1905.46 0 
  1863.14 1.2784e-15   1914.26 0 
  1876.05 1.3583e-15   1927.53 0 
  1884.71 1.2929e-15   1936.42 0 
  1893.41 1.2738e-15   1945.36 0 
  1906.54 1.2984e-15   1958.84 0 
  1915.34 1.2941e-15   1967.89 0 
  1924.18 1.2868e-15   1976.97 0 
  1933.06 1.2943e-15   1986.10 0 
  1946.46 1.3625e-15   1999.86 0 
  1955.44 1.3088e-15   2009.09 0 
  1969.00 1.4098e-15   2023.02 0 
  1978.09 1.4278e-15   2032.36 0 
  1982.65 1.3754e-15   2037.04 0 
  1996.39 1.3357e-15   2051.16 0 
  2005.60 1.3559e-15   2060.63 0 
  2014.86 1.3145e-15   2070.14 0 
  2024.16 1.3560e-15   2079.70 0 
  2033.50 1.3328e-15   2089.30 0 
  2042.89 1.3844e-15   2098.94 0 
  2057.05 1.2958e-15   2113.49 0 
  2066.55 1.3063e-15   2123.24 0 
  2076.09 1.4110e-15   2133.04 0 
  2085.67 1.4290e-15   2142.89 0 
  2095.29 1.3693e-15   2152.78 0 
  2104.97 1.3614e-15   2162.72 0 
  2114.68 1.3756e-15   2172.70 0 
  2124.44 1.3963e-15   2182.73 0 
  2134.25 1.2807e-15   2192.81 0 
  2144.10 1.3550e-15   2202.93 0 
  2154.00 1.3912e-15   2213.09 0 
  2163.94 1.3362e-15   2223.31 0 
  2173.93 1.3315e-15   2233.57 0 
  2183.96 1.3299e-15   2243.88 0 
  2194.04 1.3972e-15   2254.24 0 
  2204.17 1.3544e-15   2264.64 0 
  2214.35 1.2799e-15   2275.10 0 
  2224.57 1.2579e-15   2285.60 0 
  2234.83 1.3586e-15   2296.15 0 
  2245.15 1.2868e-15   2306.75 0 
  2255.51 1.2393e-15   2317.39 0 
  2265.92 1.2670e-15   2328.09 0 
  2276.38 1.3133e-15   2338.84 0 
  2286.89 1.3613e-15   2349.63 0 
  2297.45 1.2958e-15   2360.48 0 
  2302.74 1.2997e-15   2365.92 0 
  2313.37 1.2544e-15   2376.84 0 
  2324.05 1.0472e-15   2387.81 0 
  2334.78 1.1876e-15   2398.83 0 
  2345.55 1.1357e-15   2409.91 0 
  2356.38 1.2556e-15   2421.03 0 
  2367.26 1.1468e-15   2432.20 0 
  2372.71 1.1961e-15   2437.81 0 
  2383.66 1.0950e-15   2449.06 0 
  2394.67 1.1831e-15   2460.37 0 
  2405.72 1.1472e-15   2471.72 0 
  2416.83 1.1810e-15   2483.13 0 
  2422.40 1.2664e-15   2488.86 0 
  2433.58 1.2308e-15   2500.35 0 
  2444.81 1.3056e-15   2511.89 0 
  2456.10 1.2895e-15   2523.48 0 
  2467.43 1.2855e-15   2535.13 0 
  2473.12 1.2456e-15   2540.97 0 
  2484.54 1.2677e-15   2552.70 0 
  2496.00 1.1985e-15   2564.48 0 
  2507.52 1.3592e-15   2576.32 0 
  2513.30 1.2039e-15   2582.26 0 
  2519.10 1.2300e-15   2588.21 0 
  2524.91 1.1919e-15   2594.18 0 
  2536.56 1.2186e-15   2606.15 0 
  2542.41 1.2139e-15   2612.16 0 
  2554.14 1.3177e-15   2624.22 0 
  2565.93 1.2837e-15   2636.33 0 
  2577.78 1.3618e-15   2648.50 0 
  2583.72 1.3504e-15   2654.61 0 
  2595.65 1.3277e-15   2666.86 0 
  2607.63 1.2935e-15   2679.17 0 
  2613.64 1.2767e-15   2685.34 0 
  2625.70 1.3513e-15   2697.74 0 
  2637.82 1.4171e-15   2710.19 0 
  2643.90 1.5550e-15   2716.44 0 
  2656.11 1.6158e-15   2728.98 0 
  2662.23 1.4545e-15   2735.27 0 
  2674.52 1.5219e-15   2747.89 0 
  2686.86 1.5454e-15   2760.58 0 
  2693.05 1.4601e-15   2766.94 0 
  2705.49 1.5242e-15   2779.71 0 
  2717.97 1.4346e-15   2792.54 0 
  2724.24 1.4193e-15   2798.98 0 
  2736.81 1.4988e-15   2811.90 0 
  2743.12 1.3124e-15   2818.38 0 
  2755.78 1.3575e-15   2831.39 0 
  2762.14 1.4226e-15   2837.92 0 
  2774.89 1.4852e-15   2851.02 0 
  2787.69 1.3914e-15   2864.18 0 
  2794.12 1.1164e-15   2870.78 0 
  2807.02 1.2009e-15   2884.03 0 
  2813.49 1.4888e-15   2890.68 0 
  2826.48 1.5868e-15   2904.02 0 
  2832.99 1.5412e-15   2910.72 0 
  2846.07 1.4810e-15   2924.15 0 
  2852.63 1.4058e-15   2930.89 0 
  2865.80 1.5798e-15   2944.42 0 
  2872.40 1.6217e-15   2951.21 0 
  2885.66 1.6094e-15   2964.83 0 
  2892.31 1.6331e-15   2971.67 0 
  2912.36 1.8116e-15   2992.27 0 
  2932.55 1.7383e-15   3013.01 0 
  2952.88 1.7187e-15   3033.89 0 
  2973.34 1.7549e-15   3054.92 0 
  2987.07 1.7660e-15   3069.02 0 
  3007.77 1.7950e-15   3090.30 0 
  3028.62 1.8119e-15   3111.72 0 
  3049.62 1.8333e-15   3133.29 0 
  3070.76 1.8635e-15   3155.01 0 
  3092.04 1.8768e-15   3176.87 0 
  3113.47 1.9254e-15   3198.90 0 
  3127.84 1.8935e-15   3213.66 0 
  3149.53 1.9071e-15   3235.94 0 
  3171.36 1.9476e-15   3258.37 0 
  3193.34 1.8519e-15   3280.95 0 
  3208.08 1.9292e-15   3296.10 0 
  3230.32 1.8386e-15   3318.94 0 
  3252.71 2.0213e-15   3341.95 0 
  3267.72 2.1252e-15   3357.38 0 
  3290.37 2.1210e-15   3380.65 0 
  3313.18 2.0974e-15   3404.08 0 
  3320.82 2.0705e-15   3411.93 0 
  3328.47 2.1255e-15   3419.79 0 
  3336.15 2.1569e-15   3427.68 0 
  3343.84 2.0570e-15   3435.58 0 
  3351.55 2.0971e-15   3443.50 0 
  3359.27 2.1330e-15   3451.44 0 
  3367.02 2.0912e-15   3459.39 0 
  3374.78 1.8783e-15   3467.37 0 
  3382.56 1.9777e-15   3475.36 0 
  3390.36 2.1605e-15   3483.37 0 
  3398.17 2.1426e-15   3491.40 0 
  3406.00 2.1054e-15   3499.45 0 
  3413.86 2.1073e-15   3507.52 0 
  3421.73 2.1985e-15   3515.60 0 
  3429.61 2.1653e-15   3523.71 0 
  3437.52 2.1873e-15   3531.83 0 
  3445.44 1.8980e-15   3539.97 0 
  3453.39 2.2320e-15   3548.13 0 
  3461.35 2.0327e-15   3556.31 0 
  3469.33 2.1100e-15   3564.51 0 
  3477.32 2.0056e-15   3572.73 0 
  3485.34 2.0951e-15   3580.96 0 
  3493.38 2.0472e-15   3589.22 0 
  3501.43 2.1140e-15   3597.49 0 
  3509.50 2.1432e-15   3605.79 0 
  3517.59 2.0231e-15   3614.10 0 
  3525.70 2.0748e-15   3622.43 0 
  3533.83 2.2230e-15   3630.78 0 
  3541.97 2.2903e-15   3639.15 0 
  3550.14 2.2953e-15   3647.54 0 
  3558.32 2.2172e-15   3655.95 0 
  3566.52 2.2738e-15   3664.37 0 
  3574.75 1.9893e-15   3672.82 0 
  3582.99 1.9709e-15   3681.29 0 
  3591.25 1.8994e-15   3689.78 0 
  3599.53 2.2365e-15   3698.28 0 
  3607.82 2.0918e-15   3706.81 0 
  3616.14 2.1354e-15   3715.35 0 
  3624.48 2.1749e-15   3723.92 0 
  3632.83 2.3899e-15   3732.50 0 
  3641.21 2.3461e-15   3741.11 0 
  3649.60 2.1892e-15   3749.73 0 
  3651.30 2.1574e-15   3751.48 1 
  3653.98 1.7694e-15   3754.23 1 
  3656.66 1.6785e-15   3756.98 1 
  3659.33 2.5743e-15   3759.73 1 
  3662.01 2.3083e-15   3762.48 1 
  3664.69 1.6605e-15   3765.23 1 
  3667.36 2.6119e-15   3767.98 1 
  3670.04 1.5383e-15   3770.73 1 
  3672.72 1.5218e-15   3773.48 1 
  3675.39 2.4262e-15   3776.23 1 
  3678.07 1.9847e-15   3778.98 1 
  3680.75 2.1909e-15   3781.73 1 
  3683.42 2.0692e-15   3784.48 1 
  3686.10 1.7960e-15   3787.23 1 
  3688.77 1.8071e-15   3789.98 1 
  3691.45 1.5619e-15   3792.73 1 
  3694.13 1.6675e-15   3795.48 1 
  3696.80 2.1309e-15   3798.23 1 
  3699.48 2.3620e-15   3800.98 1 
  3702.16 1.9901e-15   3803.73 1 
  3704.83 2.3072e-15   3806.48 1 
  3707.51 1.8223e-15   3809.23 1 
  3710.19 1.6127e-15   3811.98 1 
  3712.86 1.6470e-15   3814.73 1 
  3715.54 2.3180e-15   3817.48 1 
  3718.22 2.4657e-15   3820.23 1 
  3720.89 2.2566e-15   3822.98 1 
  3723.57 5.4022e-15   3825.73 1 
  3726.25 6.7913e-15   3828.48 1 
  3728.92 7.7306e-15   3831.23 1 
  3731.60 6.2347e-15   3833.98 1 
  3734.28 3.5675e-15   3836.73 1 
  3736.95 2.4606e-15   3839.48 1 
  3739.63 1.9600e-15   3842.23 1 
  3742.31 2.5976e-15   3844.98 1 
  3744.98 2.1957e-15   3847.73 1 
  3747.66 1.5999e-15   3850.48 1 
  3750.34 1.9584e-15   3853.23 1 
  3753.01 2.4769e-15   3855.98 1 
  3755.69 2.5293e-15   3858.73 1 
  3758.37 2.6456e-15   3861.48 1 
  3761.04 2.1219e-15   3864.23 1 
  3763.72 2.3968e-15   3866.98 1 
  3766.40 1.3684e-15   3869.73 1 
  3769.07 1.9574e-15   3872.48 1 
  3771.75 2.2607e-15   3875.23 1 
  3774.42 2.5121e-15   3877.98 1 
  3777.10 2.6904e-15   3880.73 1 
  3779.78 2.8310e-15   3883.48 1 
  3782.45 2.8864e-15   3886.23 1 
  3785.13 2.8945e-15   3888.98 1 
  3787.81 3.0549e-15   3891.73 1 
  3790.48 3.0742e-15   3894.48 1 
  3793.16 2.9873e-15   3897.23 1 
  3795.84 2.5543e-15   3899.98 1 
  3798.51 2.2075e-15   3902.73 1 
  3801.19 2.5350e-15   3905.48 1 
  3803.87 2.5258e-15   3908.23 1 
  3806.54 2.3492e-15   3910.98 1 
  3809.22 2.8496e-15   3913.73 1 
  3811.90 2.9746e-15   3916.48 1 
  3814.57 2.7441e-15   3919.23 1 
  3817.25 3.0321e-15   3921.98 1 
  3819.93 2.6006e-15   3924.73 1 
  3822.60 2.5870e-15   3927.48 1 
  3825.28 2.5924e-15   3930.23 1 
  3827.96 2.2387e-15   3932.98 1 
  3830.63 1.8067e-15   3935.73 1 
  3833.31 1.9140e-15   3938.48 1 
  3835.99 1.6551e-15   3941.23 1 
  3838.66 1.6200e-15   3943.98 1 
  3841.34 1.7857e-15   3946.73 1 
  3844.02 2.5739e-15   3949.48 1 
  3846.69 2.5245e-15   3952.23 1 
  3849.37 2.6840e-15   3954.98 1 
  3852.05 2.8295e-15   3957.73 1 
  3854.72 2.9430e-15   3960.48 1 
  3857.40 3.1088e-15   3963.23 1 
  3860.07 3.2944e-15   3965.98 1 
  3862.75 2.9552e-15   3968.73 1 
  3865.43 3.1740e-15   3971.48 1 
  3868.10 3.2405e-15   3974.23 1 
  3870.78 3.3930e-15   3976.98 1 
  3873.46 3.4218e-15   3979.73 1 
  3876.13 2.8800e-15   3982.48 1 
  3878.81 2.7066e-15   3985.23 1 
  3881.49 2.7936e-15   3987.98 1 
  3884.16 2.3961e-15   3990.73 1 
  3886.84 2.2856e-15   3993.48 1 
  3889.52 2.7112e-15   3996.23 1 
  3892.19 2.9821e-15   3998.98 1 
  3894.87 2.8944e-15   4001.73 1 
  3897.55 2.9673e-15   4004.48 1 
  3900.22 2.8287e-15   4007.23 1 
  3902.90 3.1937e-15   4009.98 1 
  3905.58 2.9602e-15   4012.73 1 
  3908.25 3.2556e-15   4015.48 1 
  3910.93 3.2704e-15   4018.23 1 
  3913.61 3.5537e-15   4020.98 1 
  3916.28 3.0448e-15   4023.73 1 
  3918.96 3.4767e-15   4026.48 1 
  3921.64 3.6598e-15   4029.23 1 
  3924.31 3.4278e-15   4031.98 1 
  3926.99 3.1646e-15   4034.73 1 
  3929.67 2.8543e-15   4037.48 1 
  3932.34 2.6180e-15   4040.23 1 
  3935.02 2.5375e-15   4042.98 1 
  3937.70 2.8326e-15   4045.73 1 
  3940.37 2.8435e-15   4048.48 1 
  3943.05 3.1927e-15   4051.23 1 
  3945.73 3.4756e-15   4053.98 1 
  3948.40 3.3526e-15   4056.73 1 
  3951.08 3.2857e-15   4059.48 1 
  3953.75 3.6075e-15   4062.23 1 
  3956.43 3.1177e-15   4064.98 1 
  3959.11 3.2847e-15   4067.73 1 
  3961.78 2.7131e-15   4070.48 1 
  3964.46 2.5312e-15   4073.23 1 
  3967.14 2.3143e-15   4075.98 1 
  3969.81 2.1063e-15   4078.73 1 
  3972.49 2.2758e-15   4081.48 1 
  3975.17 2.4367e-15   4084.23 1 
  3977.84 2.7322e-15   4086.98 1 
  3980.52 3.0507e-15   4089.73 1 
  3983.20 3.0934e-15   4092.48 1 
  3985.87 3.3313e-15   4095.23 1 
  3988.55 3.5884e-15   4097.98 1 
  3991.23 3.5026e-15   4100.73 1 
  3993.90 3.6428e-15   4103.48 1 
  3996.58 3.4159e-15   4106.23 1 
  3999.26 3.6405e-15   4108.98 1 
  4001.93 3.7553e-15   4111.73 1 
  4004.61 3.7071e-15   4114.48 1 
  4007.29 3.6781e-15   4117.23 1 
  4009.96 3.6356e-15   4119.98 1 
  4012.64 3.6394e-15   4122.73 1 
  4015.32 3.7818e-15   4125.48 1 
  4017.99 4.2252e-15   4128.23 1 
  4020.67 4.0039e-15   4130.98 1 
  4023.35 3.9726e-15   4133.73 1 
  4026.02 4.1214e-15   4136.48 1 
  4028.70 3.6582e-15   4139.23 1 
  4031.38 3.5152e-15   4141.98 1 
  4034.05 4.0839e-15   4144.73 1 
  4036.73 3.4820e-15   4147.48 1 
  4039.40 3.8275e-15   4150.23 1 
  4042.08 4.0551e-15   4152.98 1 
  4044.76 3.9974e-15   4155.73 1 
  4047.43 4.0273e-15   4158.48 1 
  4050.11 4.0485e-15   4161.23 1 
  4052.79 3.5079e-15   4163.98 1 
  4055.46 3.6936e-15   4166.73 1 
  4058.14 3.9165e-15   4169.48 1 
  4060.82 3.8624e-15   4172.23 1 
  4063.49 3.8729e-15   4174.98 1 
  4066.17 3.8233e-15   4177.73 1 
  4068.85 3.7813e-15   4180.48 1 
  4071.52 3.8634e-15   4183.23 1 
  4074.20 3.5788e-15   4185.98 1 
  4076.88 3.7311e-15   4188.73 1 
  4079.55 3.8054e-15   4191.48 1 
  4082.23 3.8332e-15   4194.23 1 
  4084.91 3.5265e-15   4196.98 1 
  4087.58 3.6116e-15   4199.73 1 
  4090.26 3.3136e-15   4202.48 1 
  4092.94 3.5322e-15   4205.23 1 
  4095.61 3.5054e-15   4207.98 1 
  4098.29 3.0598e-15   4210.73 1 
  4100.97 2.8475e-15   4213.48 1 
  4103.64 3.3261e-15   4216.23 1 
  4106.32 3.1782e-15   4218.98 1 
  4109.00 3.3937e-15   4221.73 1 
  4111.67 3.5252e-15   4224.48 1 
  4114.35 3.6705e-15   4227.23 1 
  4117.03 3.5917e-15   4229.98 1 
  4119.70 3.6388e-15   4232.73 1 
  4122.38 3.9190e-15   4235.48 1 
  4125.05 3.7875e-15   4238.23 1 
  4127.73 3.7437e-15   4240.98 1 
  4130.41 3.9434e-15   4243.73 1 
  4133.08 3.7994e-15   4246.48 1 
  4135.76 4.0203e-15   4249.23 1 
  4138.44 3.7917e-15   4251.98 1 
  4141.11 3.5819e-15   4254.73 1 
  4143.79 3.8482e-15   4257.48 1 
  4146.47 3.7934e-15   4260.23 1 
  4149.14 4.0883e-15   4262.98 1 
  4151.82 3.9604e-15   4265.73 1 
  4154.50 3.7927e-15   4268.48 1 
  4157.17 3.9238e-15   4271.23 1 
  4159.85 3.7962e-15   4273.98 1 
  4162.53 4.1563e-15   4276.73 1 
  4165.20 4.2679e-15   4279.48 1 
  4167.88 3.8175e-15   4282.23 1 
  4170.56 3.8909e-15   4284.98 1 
  4173.23 3.6142e-15   4287.73 1 
  4175.91 3.9317e-15   4290.48 1 
  4178.59 4.3420e-15   4293.23 1 
  4181.26 3.8353e-15   4295.98 1 
  4183.94 3.8796e-15   4298.73 1 
  4186.62 4.2141e-15   4301.48 1 
  4189.29 4.0138e-15   4304.23 1 
  4191.97 4.0443e-15   4306.98 1 
  4194.65 3.6170e-15   4309.73 1 
  4197.32 3.7570e-15   4312.48 1 
  4200.00 4.0921e-15   4315.23 1 
  4202.68 4.0022e-15   4317.98 1 
  4205.35 3.5762e-15   4320.73 1 
  4208.03 3.9576e-15   4323.48 1 
  4210.71 4.1552e-15   4326.23 1 
  4213.38 4.3225e-15   4328.98 1 
  4216.06 4.3871e-15   4331.73 1 
  4218.73 4.1260e-15   4334.48 1 
  4221.41 3.9728e-15   4337.23 1 
  4224.09 3.8844e-15   4339.98 1 
  4226.76 3.8377e-15   4342.73 1 
  4229.44 3.5521e-15   4345.48 1 
  4232.12 3.6811e-15   4348.23 1 
  4234.79 3.8886e-15   4350.98 1 
  4237.47 4.0165e-15   4353.73 1 
  4240.15 3.9925e-15   4356.48 1 
  4242.82 4.0448e-15   4359.23 1 
  4245.50 3.9028e-15   4361.98 1 
  4248.18 3.8284e-15   4364.73 1 
  4250.85 4.0962e-15   4367.48 1 
  4253.53 4.0548e-15   4370.23 1 
  4256.21 3.9964e-15   4372.98 1 
  4258.88 4.1534e-15   4375.73 1 
  4261.56 3.8727e-15   4378.48 1 
  4264.24 3.7905e-15   4381.23 1 
  4266.91 3.9124e-15   4383.98 1 
  4269.59 4.0293e-15   4386.73 1 
  4272.27 4.0583e-15   4389.48 1 
  4274.94 3.7794e-15   4392.23 1 
  4277.62 3.9070e-15   4394.98 1 
  4280.30 4.0449e-15   4397.73 1 
  4282.97 3.8838e-15   4400.48 1 
  4285.65 4.1396e-15   4403.23 1 
  4288.33 3.9550e-15   4405.98 1 
  4291.00 3.6271e-15   4408.73 1 
  4293.68 3.5558e-15   4411.48 1 
  4296.36 3.3672e-15   4414.23 1 
  4299.03 3.7744e-15   4416.98 1 
  4301.71 3.5744e-15   4419.73 1 
  4304.38 3.2154e-15   4422.48 1 
  4307.06 3.2336e-15   4425.23 1 
  4309.74 3.5543e-15   4427.98 1 
  4312.41 3.7498e-15   4430.73 1 
  4315.09 3.5747e-15   4433.48 1 
  4317.77 3.8775e-15   4436.23 1 
  4320.44 3.8636e-15   4438.98 1 
  4323.12 3.8440e-15   4441.73 1 
  4325.80 3.4720e-15   4444.48 1 
  4328.47 3.6103e-15   4447.23 1 
  4331.15 3.7636e-15   4449.98 1 
  4333.83 3.5842e-15   4452.73 1 
  4336.50 3.7779e-15   4455.48 1 
  4339.18 3.7532e-15   4458.23 1 
  4341.86 3.6971e-15   4460.98 1 
  4344.53 3.5505e-15   4463.73 1 
  4347.21 3.3603e-15   4466.48 1 
  4349.89 3.3400e-15   4469.23 1 
  4352.56 3.4509e-15   4471.98 1 
  4355.24 3.8673e-15   4474.73 1 
  4357.92 4.3169e-15   4477.48 1 
  4360.59 4.5496e-15   4480.23 1 
  4363.27 4.2695e-15   4482.98 1 
  4365.95 4.1483e-15   4485.73 1 
  4368.62 4.1915e-15   4488.48 1 
  4371.30 4.3499e-15   4491.23 1 
  4373.98 4.1269e-15   4493.98 1 
  4376.65 4.2589e-15   4496.73 1 
  4379.33 4.1802e-15   4499.48 1 
  4382.01 4.1979e-15   4502.23 1 
  4384.68 4.0153e-15   4504.98 1 
  4387.36 3.8632e-15   4507.73 1 
  4390.03 4.1059e-15   4510.48 1 
  4392.71 4.3503e-15   4513.23 1 
  4395.39 4.1949e-15   4515.98 1 
  4398.06 3.9697e-15   4518.73 1 
  4400.74 4.0055e-15   4521.48 1 
  4403.42 4.0679e-15   4524.23 1 
  4406.09 4.1108e-15   4526.98 1 
  4408.77 4.0916e-15   4529.73 1 
  4411.45 4.0786e-15   4532.48 1 
  4414.12 4.1117e-15   4535.23 1 
  4416.80 4.1840e-15   4537.98 1 
  4419.48 4.4601e-15   4540.73 1 
  4422.15 4.1370e-15   4543.48 1 
  4424.83 4.1634e-15   4546.23 1 
  4427.51 4.1335e-15   4548.98 1 
  4430.18 4.1406e-15   4551.73 1 
  4432.86 4.1255e-15   4554.48 1 
  4435.54 4.0726e-15   4557.23 1 
  4438.21 4.2332e-15   4559.98 1 
  4440.89 4.1514e-15   4562.73 1 
  4443.57 4.2209e-15   4565.48 1 
  4446.24 4.2641e-15   4568.23 1 
  4448.92 4.1576e-15   4570.98 1 
  4451.60 4.1060e-15   4573.73 1 
  4454.27 4.0295e-15   4576.48 1 
  4456.95 4.0569e-15   4579.23 1 
  4459.63 3.8964e-15   4581.98 1 
  4462.30 4.1213e-15   4584.73 1 
  4464.98 4.0547e-15   4587.48 1 
  4467.66 4.1266e-15   4590.23 1 
  4470.33 4.3207e-15   4592.98 1 
  4473.01 4.2080e-15   4595.73 1 
  4475.69 4.1498e-15   4598.48 1 
  4478.36 4.2286e-15   4601.23 1 
  4481.04 4.2445e-15   4603.98 1 
  4483.71 4.1645e-15   4606.73 1 
  4486.39 4.2377e-15   4609.48 1 
  4489.07 4.4440e-15   4612.23 1 
  4491.74 4.4673e-15   4614.98 1 
  4494.42 4.2276e-15   4617.73 1 
  4497.10 4.4146e-15   4620.48 1 
  4499.77 4.2913e-15   4623.23 1 
  4502.45 4.4563e-15   4625.98 1 
  4505.13 4.4599e-15   4628.73 1 
  4507.80 4.5501e-15   4631.48 1 
  4510.48 4.7542e-15   4634.23 1 
  4513.16 4.6091e-15   4636.98 1 
  4515.83 4.5896e-15   4639.73 1 
  4518.51 4.5641e-15   4642.48 1 
  4521.19 4.4588e-15   4645.23 1 
  4523.86 4.3467e-15   4647.98 1 
  4526.54 4.2414e-15   4650.73 1 
  4529.22 4.1343e-15   4653.48 1 
  4531.89 4.1827e-15   4656.23 1 
  4534.57 4.1015e-15   4658.98 1 
  4537.25 4.0489e-15   4661.73 1 
  4539.92 4.3936e-15   4664.48 1 
  4542.60 4.5247e-15   4667.23 1 
  4545.28 4.2864e-15   4669.98 1 
  4547.95 4.2640e-15   4672.73 1 
  4550.63 4.2447e-15   4675.48 1 
  4553.31 4.2790e-15   4678.23 1 
  4555.98 4.2118e-15   4680.98 1 
  4558.66 4.2989e-15   4683.73 1 
  4561.34 4.3421e-15   4686.48 1 
  4564.01 4.4043e-15   4689.23 1 
  4566.69 4.2862e-15   4691.98 1 
  4569.36 4.1298e-15   4694.73 1 
  4572.04 4.2433e-15   4697.48 1 
  4574.72 4.4954e-15   4700.23 1 
  4577.39 4.4423e-15   4702.98 1 
  4580.07 4.3798e-15   4705.73 1 
  4582.75 4.1788e-15   4708.48 1 
  4585.42 4.4262e-15   4711.23 1 
  4588.10 4.4003e-15   4713.98 1 
  4590.78 4.5147e-15   4716.73 1 
  4593.45 4.2354e-15   4719.48 1 
  4596.13 4.7060e-15   4722.23 1 
  4598.81 4.5795e-15   4724.98 1 
  4601.48 4.4465e-15   4727.73 1 
  4604.16 4.6962e-15   4730.48 1 
  4606.84 4.8609e-15   4733.23 1 
  4609.51 4.8552e-15   4735.98 1 
  4612.19 4.7407e-15   4738.73 1 
  4614.87 4.4980e-15   4741.48 1 
  4617.54 4.6653e-15   4744.23 1 
  4620.22 4.7564e-15   4746.98 1 
  4622.90 4.7637e-15   4749.73 1 
  4625.57 4.7452e-15   4752.48 1 
  4628.25 4.9940e-15   4755.23 1 
  4630.93 4.7011e-15   4757.98 1 
  4633.60 4.5767e-15   4760.73 1 
  4636.28 4.5834e-15   4763.48 1 
  4638.96 4.5628e-15   4766.23 1 
  4641.63 4.5658e-15   4768.98 1 
  4644.31 4.2808e-15   4771.73 1 
  4646.99 4.4857e-15   4774.48 1 
  4649.66 4.6310e-15   4777.23 1 
  4652.34 4.7285e-15   4779.98 1 
  4655.01 4.6128e-15   4782.73 1 
  4657.69 4.6234e-15   4785.48 1 
  4660.37 4.7014e-15   4788.23 1 
  4663.04 4.3872e-15   4790.98 1 
  4665.72 4.8264e-15   4793.73 1 
  4668.40 4.5522e-15   4796.48 1 
  4671.07 4.6251e-15   4799.23 1 
  4673.75 4.4578e-15   4801.98 1 
  4676.43 4.2654e-15   4804.73 1 
  4679.10 4.5046e-15   4807.48 1 
  4681.78 4.6624e-15   4810.23 1 
  4684.46 4.7472e-15   4812.98 1 
  4687.13 4.4285e-15   4815.73 1 
  4689.81 4.6581e-15   4818.48 1 
  4692.49 4.6324e-15   4821.23 1 
  4695.16 4.4710e-15   4823.98 1 
  4697.84 4.6559e-15   4826.73 1 
  4700.52 4.4425e-15   4829.48 1 
  4703.19 4.1264e-15   4832.23 1 
  4705.87 4.4043e-15   4834.98 1 
  4708.55 4.3594e-15   4837.73 1 
  4711.22 4.3740e-15   4840.48 1 
  4713.90 4.3596e-15   4843.23 1 
  4716.58 4.3624e-15   4845.98 1 
  4719.25 4.4009e-15   4848.73 1 
  4721.93 4.5114e-15   4851.48 1 
  4724.61 4.4667e-15   4854.23 1 
  4727.28 4.6487e-15   4856.98 1 
  4729.96 4.4321e-15   4859.73 1 
  4732.64 4.4186e-15   4862.48 1 
  4735.31 4.4966e-15   4865.23 1 
  4737.99 4.4885e-15   4867.98 1 
  4740.67 4.2194e-15   4870.73 1 
  4743.34 4.6727e-15   4873.48 1 
  4746.02 4.6443e-15   4876.23 1 
  4748.69 4.8102e-15   4878.98 1 
  4751.37 4.6962e-15   4881.73 1 
  4754.05 4.2326e-15   4884.48 1 
  4756.72 4.5901e-15   4887.23 1 
  4759.40 4.2351e-15   4889.98 1 
  4762.08 4.5227e-15   4892.73 1 
  4764.75 4.4411e-15   4895.48 1 
  4767.43 4.3024e-15   4898.23 1 
  4770.11 4.7575e-15   4900.98 1 
  4772.78 4.5355e-15   4903.73 1 
  4775.46 4.5618e-15   4906.48 1 
  4778.14 4.6030e-15   4909.23 1 
  4780.81 4.6091e-15   4911.98 1 
  4783.49 4.7304e-15   4914.73 1 
  4786.17 4.3661e-15   4917.48 1 
  4788.84 4.4349e-15   4920.23 1 
  4791.52 4.5758e-15   4922.98 1 
  4794.20 4.6603e-15   4925.73 1 
  4796.87 4.3766e-15   4928.48 1 
  4799.55 4.2067e-15   4931.23 1 
  4802.23 4.3629e-15   4933.98 1 
  4804.90 4.6690e-15   4936.73 1 
  4807.58 4.2943e-15   4939.48 1 
  4810.26 4.4062e-15   4942.23 1 
  4812.93 4.3258e-15   4944.98 1 
  4815.61 4.5654e-15   4947.73 1 
  4818.29 4.7409e-15   4950.48 1 
  4820.96 4.6241e-15   4953.23 1 
  4823.64 4.2983e-15   4955.98 1 
  4826.32 3.8730e-15   4958.73 1 
  4828.99 4.1525e-15   4961.48 1 
  4831.67 4.3693e-15   4964.23 1 
  4834.34 4.1431e-15   4966.98 1 
  4837.02 4.2699e-15   4969.73 1 
  4839.70 4.4968e-15   4972.48 1 
  4842.37 4.3328e-15   4975.23 1 
  4845.05 4.3609e-15   4977.98 1 
  4847.73 3.9860e-15   4980.73 1 
  4850.40 3.8452e-15   4983.48 1 
  4853.08 4.0767e-15   4986.23 1 
  4855.76 4.5415e-15   4988.98 1 
  4858.43 4.5658e-15   4991.73 1 
  4861.11 4.9012e-15   4994.48 1 
  4863.79 4.8767e-15   4997.23 1 
  4866.46 4.1175e-15   4999.98 1 
  4869.14 3.7814e-15   5002.73 1 
  4871.82 3.7508e-15   5005.48 1 
  4874.49 3.7869e-15   5008.23 1 
  4877.17 3.5670e-15   5010.98 1 
  4879.85 3.8101e-15   5013.73 1 
  4882.52 4.1635e-15   5016.48 1 
  4885.20 4.2750e-15   5019.23 1 
  4887.88 4.0195e-15   5021.98 1 
  4890.55 4.2196e-15   5024.73 1 
  4893.23 4.1588e-15   5027.48 1 
  4895.91 4.2469e-15   5030.23 1 
  4898.58 4.3845e-15   5032.98 1 
  4901.26 4.6060e-15   5035.73 1 
  4903.94 4.4390e-15   5038.48 1 
  4906.61 4.3549e-15   5041.23 1 
  4909.29 4.6555e-15   5043.98 1 
  4911.97 4.4400e-15   5046.73 1 
  4914.64 4.2097e-15   5049.48 1 
  4917.32 4.1066e-15   5052.23 1 
  4919.99 4.2676e-15   5054.98 1 
  4922.67 4.0521e-15   5057.73 1 
  4925.35 4.2589e-15   5060.48 1 
  4928.02 4.1827e-15   5063.23 1 
  4930.70 4.6238e-15   5065.98 1 
  4933.38 4.4604e-15   5068.73 1 
  4936.05 4.5053e-15   5071.48 1 
  4938.73 4.3675e-15   5074.23 1 
  4941.41 4.4626e-15   5076.98 1 
  4944.08 4.4610e-15   5079.73 1 
  4946.76 4.5775e-15   5082.48 1 
  4949.44 4.5262e-15   5085.23 1 
  4952.11 4.6992e-15   5087.98 1 
  4954.79 4.7939e-15   5090.73 1 
  4957.47 5.1737e-15   5093.48 1 
  4960.14 5.3284e-15   5096.23 1 
  4962.82 4.8381e-15   5098.98 1 
  4965.50 4.6367e-15   5101.73 1 
  4968.17 4.4514e-15   5104.48 1 
  4970.85 4.3137e-15   5107.23 1 
  4973.53 4.2769e-15   5109.98 1 
  4976.20 4.5143e-15   5112.73 1 
  4978.88 4.3113e-15   5115.48 1 
  4981.56 4.3239e-15   5118.23 1 
  4984.23 4.2937e-15   5120.98 1 
  4986.91 4.4623e-15   5123.73 1 
  4989.59 3.9982e-15   5126.48 1 
  4992.26 4.5162e-15   5129.23 1 
  4994.94 4.6393e-15   5131.98 1 
  4997.62 4.3884e-15   5134.73 1 
  5000.29 5.0116e-15   5137.48 1 
  5002.97 6.3066e-15   5140.23 1 
  5005.65 7.3294e-15   5142.98 1 
  5008.32 7.4766e-15   5145.73 1 
  5011.00 5.9904e-15   5148.48 1 
  5013.67 4.9131e-15   5151.23 1 
  5016.35 4.2613e-15   5153.98 1 
  5019.03 4.3169e-15   5156.73 1 
  5021.70 4.3638e-15   5159.48 1 
  5024.38 4.3324e-15   5162.23 1 
  5027.06 4.3974e-15   5164.98 1 
  5029.73 4.1976e-15   5167.73 1 
  5032.41 4.4686e-15   5170.48 1 
  5035.09 4.4561e-15   5173.23 1 
  5037.76 4.2937e-15   5175.98 1 
  5040.44 4.3431e-15   5178.73 1 
  5043.12 4.2109e-15   5181.48 1 
  5045.79 4.5727e-15   5184.23 1 
  5048.47 4.5042e-15   5186.98 1 
  5051.15 4.2788e-15   5189.73 1 
  5053.82 4.2569e-15   5192.48 1 
  5056.50 4.4097e-15   5195.23 1 
  5059.18 4.4502e-15   5197.98 1 
  5061.85 4.4654e-15   5200.73 1 
  5064.53 4.0881e-15   5203.48 1 
  5067.21 4.2495e-15   5206.23 1 
  5069.88 4.0029e-15   5208.98 1 
  5072.56 4.3684e-15   5211.73 1 
  5075.24 4.3397e-15   5214.48 1 
  5077.91 4.2870e-15   5217.23 1 
  5080.59 4.0499e-15   5219.98 1 
  5083.27 4.3202e-15   5222.73 1 
  5085.94 4.0346e-15   5225.48 1 
  5088.62 4.0998e-15   5228.23 1 
  5091.30 4.2714e-15   5230.98 1 
  5093.97 4.8745e-15   5233.73 1 
  5096.65 4.2783e-15   5236.48 1 
  5099.32 4.0961e-15   5239.23 1 
  5102.00 4.4973e-15   5241.98 1 
  5104.68 4.2959e-15   5244.73 1 
  5107.35 4.3468e-15   5247.48 1 
  5110.03 4.1944e-15   5250.23 1 
  5112.71 4.3266e-15   5252.98 1 
  5115.38 4.4566e-15   5255.73 1 
  5118.06 4.3521e-15   5258.48 1 
  5120.74 4.4025e-15   5261.23 1 
  5123.41 4.3642e-15   5263.98 1 
  5126.09 4.1771e-15   5266.73 1 
  5128.77 4.1591e-15   5269.48 1 
  5131.44 4.2267e-15   5272.23 1 
  5134.12 4.4356e-15   5274.98 1 
  5136.80 4.3750e-15   5277.73 1 
  5139.47 4.1129e-15   5280.48 1 
  5142.15 4.2725e-15   5283.23 1 
  5144.83 4.0413e-15   5285.98 1 
  5147.50 4.1126e-15   5288.73 1 
  5150.18 4.2979e-15   5291.48 1 
  5152.86 4.3538e-15   5294.23 1 
  5155.53 4.2758e-15   5296.98 1 
  5158.21 4.2123e-15   5299.73 1 
  5160.89 4.0077e-15   5302.48 1 
  5163.56 3.9751e-15   5305.23 1 
  5166.24 4.1130e-15   5307.98 1 
  5168.92 3.3893e-15   5310.73 1 
  5171.59 3.6798e-15   5313.48 1 
  5174.27 3.9135e-15   5316.23 1 
  5176.95 4.0627e-15   5318.98 1 
  5179.62 3.9865e-15   5321.73 1 
  5182.30 3.9435e-15   5324.48 1 
  5184.98 4.1495e-15   5327.23 1 
  5187.65 3.8530e-15   5329.98 1 
  5190.33 4.0925e-15   5332.73 1 
  5193.00 4.3887e-15   5335.48 1 
  5195.68 4.2754e-15   5338.23 1 
  5198.36 4.6765e-15   5340.98 1 
  5201.03 4.6396e-15   5343.73 1 
  5203.71 4.3883e-15   5346.48 1 
  5206.39 4.4174e-15   5349.23 1 
  5209.06 4.3932e-15   5351.98 1 
  5211.74 4.6958e-15   5354.73 1 
  5214.42 4.0617e-15   5357.48 1 
  5217.09 4.3873e-15   5360.23 1 
  5219.77 4.0087e-15   5362.98 1 
  5222.45 4.4953e-15   5365.73 1 
  5225.12 4.2278e-15   5368.48 1 
  5227.80 4.2682e-15   5371.23 1 
  5230.48 4.0935e-15   5373.98 1 
  5233.15 4.4731e-15   5376.73 1 
  5235.83 4.3497e-15   5379.48 1 
  5238.51 4.4056e-15   5382.23 1 
  5241.18 4.5710e-15   5384.98 1 
  5243.86 4.5992e-15   5387.73 1 
  5246.54 4.2719e-15   5390.48 1 
  5249.21 4.7724e-15   5393.23 1 
  5251.89 4.1864e-15   5395.98 1 
  5254.57 4.5639e-15   5398.73 1 
  5257.24 4.4238e-15   5401.48 1 
  5259.92 4.5533e-15   5404.23 1 
  5262.60 4.2752e-15   5406.98 1 
  5265.27 4.0958e-15   5409.73 1 
  5267.95 3.8687e-15   5412.48 1 
  5270.63 4.2740e-15   5415.23 1 
  5273.30 3.9776e-15   5417.98 1 
  5275.98 3.9753e-15   5420.73 1 
  5278.65 4.1766e-15   5423.48 1 
  5281.33 4.3304e-15   5426.23 1 
  5284.01 4.1459e-15   5428.98 1 
  5286.68 4.3513e-15   5431.73 1 
  5289.36 4.8093e-15   5434.48 1 
  5292.04 4.6486e-15   5437.23 1 
  5294.71 4.5965e-15   5439.98 1 
  5297.39 4.4041e-15   5442.73 1 
  5300.07 4.5554e-15   5445.48 1 
  5302.74 4.8266e-15   5448.23 1 
  5305.42 4.8196e-15   5450.98 1 
  5308.10 4.7485e-15   5453.73 1 
  5310.77 4.4335e-15   5456.48 1 
  5313.45 4.3954e-15   5459.23 1 
  5316.13 4.1145e-15   5461.98 1 
  5318.80 4.3954e-15   5464.73 1 
  5321.48 4.3574e-15   5467.48 1 
  5324.16 4.3398e-15   5470.23 1 
  5326.83 4.2311e-15   5472.98 1 
  5329.51 4.1884e-15   5475.73 1 
  5332.19 4.3721e-15   5478.48 1 
  5334.86 4.3253e-15   5481.23 1 
  5337.54 4.4273e-15   5483.98 1 
  5340.22 4.4977e-15   5486.73 1 
  5342.89 4.3833e-15   5489.48 1 
  5345.57 4.3951e-15   5492.23 1 
  5348.25 4.3290e-15   5494.98 1 
  5350.92 4.7311e-15   5497.73 1 
  5353.60 4.4904e-15   5500.48 1 
  5356.28 4.6411e-15   5503.23 1 
  5358.95 4.5693e-15   5505.98 1 
  5361.63 4.5815e-15   5508.73 1 
  5364.30 4.5959e-15   5511.48 1 
  5366.98 4.5851e-15   5514.23 1 
  5369.66 4.4940e-15   5516.98 1 
  5372.33 4.3887e-15   5519.73 1 
  5375.01 4.2300e-15   5522.48 1 
  5377.69 4.3596e-15   5525.23 1 
  5380.36 4.2187e-15   5527.98 1 
  5383.04 4.3728e-15   5530.73 1 
  5385.72 4.6915e-15   5533.48 1 
  5388.39 4.4972e-15   5536.23 1 
  5391.07 4.2595e-15   5538.98 1 
  5393.75 4.5402e-15   5541.73 1 
  5396.42 4.2711e-15   5544.48 1 
  5399.10 4.6546e-15   5547.23 1 
  5401.78 4.3561e-15   5549.98 1 
  5404.45 4.1036e-15   5552.73 1 
  5407.13 4.2514e-15   5555.48 1 
  5409.81 4.2499e-15   5558.23 1 
  5412.48 4.1463e-15   5560.98 1 
  5415.16 4.3189e-15   5563.73 1 
  5417.84 4.2646e-15   5566.48 1 
  5420.51 4.4663e-15   5569.23 1 
  5423.19 4.5876e-15   5571.98 1 
  5425.87 4.0964e-15   5574.73 1 
  5428.54 4.2021e-15   5577.48 1 
  5431.22 4.3456e-15   5580.23 1 
  5433.90 4.2623e-15   5582.98 1 
  5436.57 4.5718e-15   5585.73 1 
  5439.25 4.5019e-15   5588.48 1 
  5441.93 4.6429e-15   5591.23 1 
  5444.60 4.5247e-15   5593.98 1 
  5447.28 4.3716e-15   5596.73 1 
  5449.96 4.4838e-15   5599.48 1 
  5452.63 4.2801e-15   5602.23 1 
  5455.31 4.3733e-15   5604.98 1 
  5457.98 4.5107e-15   5607.73 1 
  5460.66 4.2760e-15   5610.48 1 
  5463.34 4.3591e-15   5613.23 1 
  5466.01 4.3100e-15   5615.98 1 
  5468.69 4.4802e-15   5618.73 1 
  5471.37 4.5998e-15   5621.48 1 
  5474.04 4.3423e-15   5624.23 1 
  5476.72 4.1968e-15   5626.98 1 
  5479.40 4.5417e-15   5629.73 1 
  5482.07 4.2673e-15   5632.48 1 
  5484.75 4.3632e-15   5635.23 1 
  5487.43 4.7360e-15   5637.98 1 
  5490.10 4.7945e-15   5640.73 1 
  5492.78 4.6874e-15   5643.48 1 
  5495.46 4.7307e-15   5646.23 1 
  5498.13 4.4303e-15   5648.98 1 
  5500.81 4.5788e-15   5651.73 1 
  5503.49 4.3319e-15   5654.48 1 
  5506.16 4.4816e-15   5657.23 1 
  5508.84 4.5925e-15   5659.98 1 
  5511.52 4.6177e-15   5662.73 1 
  5514.19 4.4957e-15   5665.48 1 
  5516.87 4.5375e-15   5668.23 1 
  5519.55 4.6461e-15   5670.98 1 
  5522.22 4.7588e-15   5673.73 1 
  5524.90 4.4281e-15   5676.48 1 
  5527.58 4.3976e-15   5679.23 1 
  5530.25 4.2625e-15   5681.98 1 
  5532.93 4.4460e-15   5684.73 1 
  5535.61 4.5266e-15   5687.48 1 
  5538.28 4.7173e-15   5690.23 1 
  5540.96 4.4369e-15   5692.98 1 
  5543.63 4.2946e-15   5695.73 1 
  5546.31 4.4916e-15   5698.48 1 
  5548.99 4.8911e-15   5701.23 1 
  5551.66 4.6846e-15   5703.98 1 
  5554.34 4.5253e-15   5706.73 1 
  5557.02 4.5524e-15   5709.48 1 
  5559.69 4.6160e-15   5712.23 1 
  5562.37 4.6275e-15   5714.98 1 
  5565.05 4.4146e-15   5717.73 1 
  5567.72 4.5296e-15   5720.48 1 
  5570.40 4.5791e-15   5723.23 1 
  5573.08 4.3838e-15   5725.98 1 
  5575.75 4.2571e-15   5728.73 1 
  5578.43 4.4591e-15   5731.48 1 
  5581.11 4.7238e-15   5734.23 1 
  5583.78 4.3301e-15   5736.98 1 
  5586.46 4.5233e-15   5739.73 1 
  5589.14 4.3583e-15   5742.48 1 
  5591.81 4.2084e-15   5745.23 1 
  5594.49 4.3975e-15   5747.98 1 
  5597.17 4.2728e-15   5750.73 1 
  5599.84 4.3741e-15   5753.48 1 
  5602.52 4.7879e-15   5756.23 1 
  5605.20 4.4375e-15   5758.98 1 
  5607.87 4.2176e-15   5761.73 1 
  5610.55 4.3730e-15   5764.48 1 
  5613.23 4.5395e-15   5767.23 1 
  5615.90 4.2778e-15   5769.98 1 
  5618.58 4.5234e-15   5772.73 1 
  5621.26 4.7180e-15   5775.48 1 
  5623.93 4.5474e-15   5778.23 1 
  5626.61 4.1811e-15   5780.98 1 
  5629.28 4.2199e-15   5783.73 1 
  5631.96 4.5199e-15   5786.48 1 
  5634.64 4.5316e-15   5789.23 1 
  5637.31 4.3409e-15   5791.98 1 
  5639.99 4.5109e-15   5794.73 1 
  5642.67 4.5415e-15   5797.48 1 
  5645.34 4.5510e-15   5800.23 1 
  5648.02 4.5868e-15   5802.98 1 
  5650.70 4.4477e-15   5805.73 1 
  5653.37 4.5339e-15   5808.48 1 
  5656.05 4.7304e-15   5811.23 1 
  5658.73 4.5218e-15   5813.98 1 
  5661.40 4.2228e-15   5816.73 1 
  5664.08 4.1729e-15   5819.48 1 
  5666.76 4.3506e-15   5822.23 1 
  5669.43 4.5455e-15   5824.98 1 
  5672.11 4.4731e-15   5827.73 1 
  5674.79 4.4021e-15   5830.48 1 
  5677.46 4.4351e-15   5833.23 1 
  5680.14 4.5732e-15   5835.98 1 
  5682.82 4.5540e-15   5838.73 1 
  5685.49 4.3879e-15   5841.48 1 
  5688.17 4.3477e-15   5844.23 1 
  5690.85 4.4398e-15   5846.98 1 
  5693.52 4.5518e-15   5849.73 1 
  5696.20 4.5342e-15   5852.48 1 
  5698.88 4.3831e-15   5855.23 1 
  5701.55 4.3052e-15   5857.98 1 
  5704.23 4.5361e-15   5860.73 1 
  5706.91 4.5257e-15   5863.48 1 
  5709.58 4.2032e-15   5866.23 1 
  5712.26 4.2846e-15   5868.98 1 
  5714.94 4.3054e-15   5871.73 1 
  5717.61 4.2164e-15   5874.48 1 
  5720.29 4.6909e-15   5877.23 1 
  5722.96 4.3720e-15   5879.98 1 
  5725.64 4.3394e-15   5882.73 1 
  5728.32 4.3968e-15   5885.48 1 
  5730.99 4.7984e-15   5888.23 1 
  5733.67 4.6153e-15   5890.98 1 
  5736.35 4.6920e-15   5893.73 1 
  5739.02 4.6759e-15   5896.48 1 
  5741.70 4.5658e-15   5899.23 1 
  5744.38 4.5309e-15   5901.98 1 
  5747.05 4.7108e-15   5904.73 1 
  5749.73 4.5114e-15   5907.48 1 
  5752.41 4.7382e-15   5910.23 1 
  5755.08 4.6945e-15   5912.98 1 
  5757.76 4.7108e-15   5915.73 1 
  5760.44 4.2836e-15   5918.48 1 
  5763.11 4.4935e-15   5921.23 1 
  5765.79 4.5494e-15   5923.98 1 
  5768.47 4.3427e-15   5926.73 1 
  5771.14 4.6884e-15   5929.48 1 
  5773.82 4.6345e-15   5932.23 1 
  5776.50 4.7860e-15   5934.98 1 
  5779.17 4.5250e-15   5937.73 1 
  5781.85 4.4086e-15   5940.48 1 
  5784.53 4.6094e-15   5943.23 1 
  5787.20 4.4268e-15   5945.98 1 
  5789.88 4.3366e-15   5948.73 1 
  5792.56 4.6245e-15   5951.48 1 
  5795.23 4.4856e-15   5954.23 1 
  5797.91 4.4704e-15   5956.98 1 
  5800.59 4.5993e-15   5959.73 1 
  5803.26 4.8187e-15   5962.48 1 
  5805.94 4.7335e-15   5965.23 1 
  5808.61 4.6155e-15   5967.98 1 
  5811.29 4.4579e-15   5970.73 1 
  5813.97 4.6447e-15   5973.48 1 
  5816.64 4.5618e-15   5976.23 1 
  5819.32 4.7975e-15   5978.98 1 
  5822.00 4.4492e-15   5981.73 1 
  5824.67 4.7010e-15   5984.48 1 
  5827.35 4.6980e-15   5987.23 1 
  5830.03 4.6476e-15   5989.98 1 
  5832.70 4.6815e-15   5992.73 1 
  5835.38 4.5174e-15   5995.48 1 
  5838.06 4.2043e-15   5998.23 1 
  5840.73 4.4556e-15   6000.98 1 
  5843.41 4.5656e-15   6003.73 1 
  5846.09 4.5605e-15   6006.48 1 
  5848.76 4.2952e-15   6009.23 1 
  5851.44 4.9126e-15   6011.98 1 
  5854.12 4.5780e-15   6014.73 1 
  5856.79 4.4546e-15   6017.48 1 
  5859.47 4.2615e-15   6020.23 1 
  5862.15 4.5851e-15   6022.98 1 
  5864.82 4.0953e-15   6025.73 1 
  5867.50 4.7135e-15   6028.48 1 
  5870.18 4.4683e-15   6031.23 1 
  5872.85 4.5420e-15   6033.98 1 
  5875.53 4.5270e-15   6036.73 1 
  5878.21 4.4712e-15   6039.48 1 
  5880.88 4.8239e-15   6042.23 1 
  5883.56 4.4035e-15   6044.98 1 
  5886.24 4.4648e-15   6047.73 1 
  5888.91 4.3322e-15   6050.48 1 
  5891.59 4.0912e-15   6053.23 1 
  5894.26 4.0949e-15   6055.98 1 
  5896.94 3.9818e-15   6058.73 1 
  5899.62 4.1424e-15   6061.48 1 
  5902.29 4.4340e-15   6064.23 1 
  5904.97 4.2409e-15   6066.98 1 
  5907.65 4.3852e-15   6069.73 1 
  5910.32 4.2291e-15   6072.48 1 
  5913.00 4.3090e-15   6075.23 1 
  5915.68 4.3485e-15   6077.98 1 
  5918.35 4.4157e-15   6080.73 1 
  5921.03 4.4552e-15   6083.48 1 
  5923.71 4.5442e-15   6086.23 1 
  5926.38 4.6526e-15   6088.98 1 
  5929.06 4.3682e-15   6091.73 1 
  5931.74 4.5402e-15   6094.48 1 
  5934.41 4.3875e-15   6097.23 1 
  5937.09 4.4126e-15   6099.98 1 
  5939.77 4.7361e-15   6102.73 1 
  5942.44 4.5752e-15   6105.48 1 
  5945.12 4.6300e-15   6108.23 1 
  5947.80 4.7090e-15   6110.98 1 
  5950.47 4.4071e-15   6113.73 1 
  5953.15 4.4023e-15   6116.48 1 
  5955.83 4.3251e-15   6119.23 1 
  5958.50 4.3774e-15   6121.98 1 
  5961.18 4.5447e-15   6124.73 1 
  5963.86 4.3258e-15   6127.48 1 
  5966.53 4.5060e-15   6130.23 1 
  5969.21 4.4824e-15   6132.98 1 
  5971.89 4.5502e-15   6135.73 1 
  5974.56 4.4977e-15   6138.48 1 
  5977.24 4.5504e-15   6141.23 1 
  5979.92 4.2699e-15   6143.98 1 
  5982.59 4.2657e-15   6146.73 1 
  5985.27 4.5829e-15   6149.48 1 
  5987.94 4.4670e-15   6152.23 1 
  5990.62 4.4065e-15   6154.98 1 
  5993.30 4.3902e-15   6157.73 1 
  5995.97 4.3343e-15   6160.48 1 
  5998.65 4.4315e-15   6163.23 1 
  6001.33 4.4701e-15   6165.98 1 
  6004.00 4.5508e-15   6168.73 1 
  6006.68 4.5743e-15   6171.48 1 
  6009.36 4.3525e-15   6174.23 1 
  6012.03 4.6035e-15   6176.98 1 
  6014.71 4.3214e-15   6179.73 1 
  6017.39 4.2448e-15   6182.48 1 
  6020.06 4.3542e-15   6185.23 1 
  6022.74 4.4584e-15   6187.98 1 
  6025.42 4.5005e-15   6190.73 1 
  6028.09 4.5829e-15   6193.48 1 
  6030.77 4.5115e-15   6196.23 1 
  6033.45 4.4157e-15   6198.98 1 
  6036.12 4.5476e-15   6201.73 1 
  6038.80 4.3884e-15   6204.48 1 
  6041.48 4.4916e-15   6207.23 1 
  6044.15 4.5870e-15   6209.98 1 
  6046.83 4.6071e-15   6212.73 1 
  6049.51 4.5229e-15   6215.48 1 
  6052.18 4.6092e-15   6218.23 1 
  6054.86 4.4946e-15   6220.98 1 
  6057.54 4.6906e-15   6223.73 1 
  6060.21 4.6677e-15   6226.48 1 
  6062.89 4.5032e-15   6229.23 1 
  6065.57 4.5188e-15   6231.98 1 
  6068.24 4.4302e-15   6234.73 1 
  6070.92 4.3506e-15   6237.48 1 
  6073.59 4.6473e-15   6240.23 1 
  6076.27 4.5085e-15   6242.98 1 
  6078.95 4.6845e-15   6245.73 1 
  6081.62 4.4808e-15   6248.48 1 
  6084.30 4.4918e-15   6251.23 1 
  6086.98 4.5602e-15   6253.98 1 
  6089.65 4.4130e-15   6256.73 1 
  6092.33 4.4235e-15   6259.48 1 
  6095.01 4.6957e-15   6262.23 1 
  6097.68 4.2556e-15   6264.98 1 
  6100.36 4.0808e-15   6267.73 1 
  6103.04 4.7175e-15   6270.48 1 
  6105.71 4.5019e-15   6273.23 1 
  6108.39 4.3615e-15   6275.98 1 
  6111.07 4.6084e-15   6278.73 1 
  6113.74 4.5773e-15   6281.48 1 
  6116.42 4.3858e-15   6284.23 1 
  6119.10 4.4282e-15   6286.98 1 
  6121.77 4.4894e-15   6289.73 1 
  6124.45 4.4061e-15   6292.48 1 
  6127.13 3.9515e-15   6295.23 1 
  6129.80 4.7696e-15   6297.98 1 
  6132.48 4.5762e-15   6300.73 1 
  6135.16 4.3482e-15   6303.48 1 
  6137.83 4.4434e-15   6306.23 1 
  6140.51 4.4611e-15   6308.98 1 
  6143.19 4.4824e-15   6311.73 1 
  6145.86 4.5261e-15   6314.48 1 
  6148.54 4.7382e-15   6317.23 1 
  6151.22 4.3325e-15   6319.98 1 
  6153.89 4.5182e-15   6322.73 1 
  6156.57 4.1581e-15   6325.48 1 
  6159.24 4.2055e-15   6328.23 1 
  6161.92 4.1755e-15   6330.98 1 
  6164.60 4.1956e-15   6333.73 1 
  6167.27 4.4202e-15   6336.48 1 
  6169.95 3.9192e-15   6339.23 1 
  6172.63 4.1495e-15   6341.98 1 
  6175.30 4.2029e-15   6344.73 1 
  6177.98 4.4574e-15   6347.48 1 
  6180.66 4.3042e-15   6350.23 1 
  6183.33 4.5939e-15   6352.98 1 
  6186.01 4.3241e-15   6355.73 1 
  6188.69 4.2237e-15   6358.48 1 
  6191.36 4.3404e-15   6361.23 1 
  6194.04 3.9364e-15   6363.98 1 
  6196.72 4.4832e-15   6366.73 1 
  6199.39 4.5512e-15   6369.48 1 
  6202.07 4.4149e-15   6372.23 1 
  6204.75 4.4471e-15   6374.98 1 
  6207.42 4.5095e-15   6377.73 1 
  6210.10 4.4947e-15   6380.48 1 
  6212.78 4.1074e-15   6383.23 1 
  6215.45 4.3624e-15   6385.98 1 
  6218.13 4.1915e-15   6388.73 1 
  6220.81 4.2686e-15   6391.48 1 
  6223.48 4.2299e-15   6394.23 1 
  6226.16 4.4919e-15   6396.98 1 
  6228.84 4.3181e-15   6399.73 1 
  6231.51 4.1594e-15   6402.48 1 
  6234.19 4.4138e-15   6405.23 1 
  6236.87 4.3375e-15   6407.98 1 
  6239.54 4.2567e-15   6410.73 1 
  6242.22 4.2075e-15   6413.48 1 
  6244.90 4.3044e-15   6416.23 1 
  6247.57 4.3068e-15   6418.98 1 
  6250.25 4.2717e-15   6421.73 1 
  6252.92 4.3179e-15   6424.48 1 
  6255.60 4.4589e-15   6427.23 1 
  6258.28 4.4792e-15   6429.98 1 
  6260.95 4.4453e-15   6432.73 1 
  6263.63 4.4653e-15   6435.48 1 
  6266.31 4.5458e-15   6438.23 1 
  6268.98 4.7243e-15   6440.98 1 
  6271.66 4.5904e-15   6443.73 1 
  6274.34 4.2506e-15   6446.48 1 
  6277.01 4.3743e-15   6449.23 1 
  6279.69 4.4159e-15   6451.98 1 
  6282.37 4.3528e-15   6454.73 1 
  6285.04 4.4160e-15   6457.48 1 
  6287.72 4.4815e-15   6460.23 1 
  6290.40 4.5585e-15   6462.98 1 
  6293.07 4.5128e-15   6465.73 1 
  6295.75 4.5623e-15   6468.48 1 
  6298.43 4.7660e-15   6471.23 1 
  6301.10 5.0812e-15   6473.98 1 
  6303.78 5.0107e-15   6476.73 1 
  6306.46 4.7263e-15   6479.48 1 
  6309.13 4.6448e-15   6482.23 1 
  6311.81 4.5396e-15   6484.98 1 
  6314.49 4.2828e-15   6487.73 1 
  6317.16 4.1533e-15   6490.48 1 
  6319.84 4.3762e-15   6493.23 1 
  6322.52 4.4705e-15   6495.98 1 
  6325.19 4.5368e-15   6498.73 1 
  6327.87 4.1919e-15   6501.48 1 
  6330.55 4.4999e-15   6504.23 1 
  6333.22 4.4189e-15   6506.98 1 
  6335.90 4.2479e-15   6509.73 1 
  6338.57 4.4568e-15   6512.48 1 
  6341.25 4.3263e-15   6515.23 1 
  6343.93 4.4339e-15   6517.98 1 
  6346.60 4.7161e-15   6520.73 1 
  6349.28 4.6851e-15   6523.48 1 
  6351.96 4.8486e-15   6526.23 1 
  6354.63 4.4943e-15   6528.98 1 
  6357.31 4.3249e-15   6531.73 1 
  6359.99 4.2366e-15   6534.48 1 
  6362.66 4.1949e-15   6537.23 1 
  6365.34 4.2468e-15   6539.98 1 
  6368.02 4.3468e-15   6542.73 1 
  6370.69 4.7754e-15   6545.48 1 
  6373.37 4.2455e-15   6548.23 1 
  6376.05 4.3608e-15   6550.98 1 
  6378.72 4.6366e-15   6553.73 1 
  6381.40 4.4310e-15   6556.48 1 
  6384.08 4.4209e-15   6559.23 1 
  6386.75 4.5386e-15   6561.98 1 
  6389.43 4.3275e-15   6564.73 1 
  6392.11 4.5819e-15   6567.48 1 
  6394.78 4.2030e-15   6570.23 1 
  6397.46 4.0682e-15   6572.98 1 
  6400.14 4.4194e-15   6575.73 1 
  6402.81 4.3711e-15   6578.48 1 
  6405.49 4.5189e-15   6581.23 1 
  6408.17 4.3086e-15   6583.98 1 
  6410.84 4.3264e-15   6586.73 1 
  6413.52 4.1596e-15   6589.48 1 
  6416.20 4.1418e-15   6592.23 1 
  6418.87 4.3352e-15   6594.98 1 
  6421.55 4.5550e-15   6597.73 1 
  6424.22 4.4651e-15   6600.48 1 
  6426.90 4.2878e-15   6603.23 1 
  6429.58 4.0996e-15   6605.98 1 
  6432.25 4.5273e-15   6608.73 1 
  6434.93 4.3330e-15   6611.48 1 
  6437.61 4.4508e-15   6614.23 1 
  6440.28 4.3418e-15   6616.98 1 
  6442.96 4.3056e-15   6619.73 1 
  6445.64 4.1799e-15   6622.48 1 
  6448.31 4.3950e-15   6625.23 1 
  6450.99 4.2944e-15   6627.98 1 
  6453.67 4.4759e-15   6630.73 1 
  6456.34 4.3034e-15   6633.48 1 
  6459.02 4.4959e-15   6636.23 1 
  6461.70 4.5856e-15   6638.98 1 
  6464.37 4.3267e-15   6641.73 1 
  6467.05 4.2129e-15   6644.48 1 
  6469.73 4.1476e-15   6647.23 1 
  6472.40 4.3422e-15   6649.98 1 
  6475.08 4.3105e-15   6652.73 1 
  6477.76 4.3507e-15   6655.48 1 
  6480.43 4.7032e-15   6658.23 1 
  6483.11 4.7665e-15   6660.98 1 
  6485.79 4.4432e-15   6663.73 1 
  6488.46 4.2484e-15   6666.48 1 
  6491.14 4.1977e-15   6669.23 1 
  6493.82 4.0581e-15   6671.98 1 
  6496.49 4.2726e-15   6674.73 1 
  6499.17 4.3492e-15   6677.48 1 
  6501.85 4.1566e-15   6680.23 1 
  6504.52 4.3476e-15   6682.98 1 
  6507.20 4.4021e-15   6685.73 1 
  6509.88 4.3902e-15   6688.48 1 
  6512.55 4.5494e-15   6691.23 1 
  6515.23 4.4781e-15   6693.98 1 
  6517.90 4.6044e-15   6696.73 1 
  6520.58 4.3548e-15   6699.48 1 
  6523.26 4.2305e-15   6702.23 1 
  6525.93 4.2472e-15   6704.98 1 
  6528.61 4.1250e-15   6707.73 1 
  6531.29 4.5634e-15   6710.48 1 
  6533.96 4.4166e-15   6713.23 1 
  6536.64 4.4300e-15   6715.98 1 
  6539.32 4.6658e-15   6718.73 1 
  6541.99 4.6857e-15   6721.48 1 
  6544.67 5.0694e-15   6724.23 1 
  6547.35 5.6072e-15   6726.98 1 
  6550.02 5.8839e-15   6729.73 1 
  6552.70 5.7098e-15   6732.48 1 
  6555.38 5.9129e-15   6735.23 1 
  6558.05 7.9887e-15   6737.98 1 
  6560.73 1.0837e-14   6740.73 1 
  6563.41 1.1740e-14   6743.48 1 
  6566.08 9.8119e-15   6746.23 1 
  6568.76 6.6077e-15   6748.98 1 
  6571.44 5.5891e-15   6751.73 1 
  6574.11 5.2810e-15   6754.48 1 
  6576.79 5.5175e-15   6757.23 1 
  6579.47 6.7159e-15   6759.98 1 
  6582.14 7.3821e-15   6762.73 1 
  6584.82 8.4288e-15   6765.48 1 
  6587.50 7.6241e-15   6768.23 1 
  6590.17 5.8510e-15   6770.98 1 
  6592.85 5.2177e-15   6773.73 1 
  6595.53 4.5775e-15   6776.48 1 
  6598.20 4.6061e-15   6779.23 1 
  6600.88 4.7316e-15   6781.98 1 
  6603.55 4.6493e-15   6784.73 1 
  6606.23 4.4984e-15   6787.48 1 
  6608.91 4.6786e-15   6790.23 1 
  6611.58 4.6338e-15   6792.98 1 
  6614.26 4.6613e-15   6795.73 1 
  6616.94 4.2827e-15   6798.48 1 
  6619.61 4.4318e-15   6801.23 1 
  6622.29 4.4097e-15   6803.98 1 
  6624.97 4.4205e-15   6806.73 1 
  6627.64 4.4569e-15   6809.48 1 
  6630.32 4.3293e-15   6812.23 1 
  6633.00 4.4763e-15   6814.98 1 
  6635.67 4.3396e-15   6817.73 1 
  6638.35 4.6448e-15   6820.48 1 
  6641.03 4.4659e-15   6823.23 1 
  6643.70 4.8153e-15   6825.98 1 
  6646.38 4.8174e-15   6828.73 1 
  6656.49 4.4374e-15   6839.12 0 
  6671.83 4.2853e-15   6854.88 0 
  6687.21 4.2937e-15   6870.68 0 
  6702.63 4.2823e-15   6886.52 0 
  6718.08 4.3105e-15   6902.40 0 
  6733.57 4.2793e-15   6918.31 0 
  6749.09 4.2582e-15   6934.26 0 
  6764.65 4.3359e-15   6950.24 0 
  6780.24 4.3244e-15   6966.26 0 
  6795.87 4.3129e-15   6982.33 0 
  6811.54 4.2916e-15   6998.42 0 
  6827.24 4.2901e-15   7014.55 0 
  6842.98 4.3183e-15   7030.72 0 
  6858.75 4.2380e-15   7046.93 0 
  6874.56 4.2267e-15   7063.18 0 
  6890.41 4.1290e-15   7079.46 0 
  6906.30 4.2140e-15   7095.78 0 
  6922.22 4.2222e-15   7112.14 0 
  6938.17 4.2992e-15   7128.53 0 
  6954.17 4.2680e-15   7144.96 0 
  6970.20 4.3159e-15   7161.43 0 
  6986.27 4.0918e-15   7177.94 0 
  7002.37 4.3028e-15   7194.49 0 
  7018.52 4.2618e-15   7211.08 0 
  7034.69 4.2310e-15   7227.70 0 
  7050.91 4.3983e-15   7244.36 0 
  7067.17 4.1032e-15   7261.06 0 
  7083.46 4.2263e-15   7277.80 0 
  7099.78 4.0346e-15   7294.57 0 
  7116.15 4.0517e-15   7311.39 0 
  7132.56 4.0131e-15   7328.25 0 
  7149.00 4.0301e-15   7345.14 0 
  7165.48 4.0472e-15   7362.07 0 
  7182.00 3.9445e-15   7379.04 0 
  7198.55 3.8004e-15   7396.05 0 
  7215.15 3.7903e-15   7413.10 0 
  7231.78 4.0412e-15   7430.19 0 
  7248.45 4.0211e-15   7447.32 0 
  7265.16 4.1608e-15   7464.49 0 
  7281.91 4.0180e-15   7481.70 0 
  7298.69 3.8446e-15   7498.94 0 
  7315.52 4.0521e-15   7516.23 0 
  7332.39 4.0880e-15   7533.56 0 
  7349.29 4.2988e-15   7550.92 0 
  7366.23 4.1897e-15   7568.33 0 
  7383.21 4.2463e-15   7585.78 0 
  7400.23 4.2058e-15   7603.26 0 
  7417.29 4.1465e-15   7620.79 0 
  7434.39 4.3302e-15   7638.36 0 
  7451.53 4.2009e-15   7655.97 0 
  7468.70 4.1037e-15   7673.61 0 
  7485.92 4.2855e-15   7691.30 0 
  7503.18 4.1289e-15   7709.04 0 
  7520.47 4.2429e-15   7726.81 0 
  7537.81 4.2510e-15   7744.62 0 
  7555.19 4.2886e-15   7762.47 0 
  7572.60 4.2476e-15   7780.37 0 
  7590.06 4.2557e-15   7798.30 0 
  7607.55 4.1285e-15   7816.28 0 
  7625.10 4.0796e-15   7834.30 0 
  7642.67 4.1252e-15   7852.36 0 
  7660.29 4.0483e-15   7870.46 0 
  7677.95 3.9455e-15   7888.60 0 
  7695.65 3.9987e-15   7906.79 0 
  7713.39 3.9787e-15   7925.01 0 
  7731.17 3.9680e-15   7943.28 0 
  7748.99 3.9391e-15   7961.59 0 
  7766.85 3.9103e-15   7979.95 0 
  7784.76 3.8997e-15   7998.34 0 
  7802.71 3.9433e-15   8016.78 0 
  7820.69 3.9873e-15   8035.26 0 
  7838.72 3.8770e-15   8053.78 0 
  7856.79 3.9748e-15   8072.35 0 
  7874.90 4.0192e-15   8090.96 0 
  7893.06 3.9715e-15   8109.61 0 
  7911.25 3.9244e-15   8128.31 0 
  7929.49 3.8600e-15   8147.04 0 
  7947.77 3.7706e-15   8165.82 0 
  7966.09 3.8214e-15   8184.65 0 
  7984.45 3.9178e-15   8203.52 0 
  8002.86 3.8094e-15   8222.43 0 
  8021.31 3.9416e-15   8241.38 0 
  8039.80 3.9856e-15   8260.38 0 
  8058.33 3.9292e-15   8279.42 0 
  8076.91 3.8558e-15   8298.51 0 
  8095.53 3.9168e-15   8317.64 0 
  8114.19 3.8882e-15   8336.81 0 
  8132.90 3.9679e-15   8356.03 0 
  8151.65 3.8581e-15   8375.29 0 
  8170.44 3.5496e-15   8394.60 0 
  8189.27 3.7496e-15   8413.95 0 
  8208.15 3.6711e-15   8433.35 0 
  8227.07 3.9049e-15   8452.79 0 
  8246.04 3.9122e-15   8472.27 0 
  8265.04 3.7777e-15   8491.80 0 
  8284.10 3.6901e-15   8511.38 0 
  8303.19 3.7312e-15   8531.00 0 
  8322.33 3.8164e-15   8550.67 0 
  8341.52 3.6682e-15   8570.38 0 
  8360.75 3.8660e-15   8590.14 0 
  8380.02 3.8113e-15   8609.94 0 
  8399.34 3.6972e-15   8629.79 0 
  8418.70 3.8078e-15   8649.68 0 
  8438.11 3.8502e-15   8669.62 0 
  8457.56 3.6584e-15   8689.60 0 
  8477.06 3.4841e-15   8709.64 0 
  8496.60 3.7316e-15   8729.71 0 
  8516.19 3.7127e-15   8749.84 0 
  8535.82 3.6182e-15   8770.01 0 
  8555.50 3.1790e-15   8790.23 0 
  8575.22 3.7162e-15   8810.49 0 
  8594.99 3.6719e-15   8830.80 0 
  8614.80 3.6199e-15   8851.16 0 
  8634.66 3.7110e-15   8871.56 0 
  8654.56 3.6584e-15   8892.01 0 
  8674.52 3.0136e-15   8912.51 0 
  8694.51 3.5718e-15   8933.05 0 
  8714.55 3.6281e-15   8953.65 0 
  8734.65 3.7109e-15   8974.29 0 
  8754.78 3.6163e-15   8994.98 0 
  8774.96 3.5898e-15   9015.71 0 
  8795.19 3.7227e-15   9036.50 0 
  8815.47 3.2483e-15   9057.33 0 
  8835.79 3.6095e-15   9078.20 0 
  8856.16 3.6161e-15   9099.13 0 
  8876.57 3.3039e-15   9120.11 0 
  8897.03 3.5141e-15   9141.13 0 
  8917.54 3.5613e-15   9162.20 0 
  8938.10 3.4706e-15   9183.33 0 
  8958.70 3.4529e-15   9204.50 0 
  8979.36 3.3649e-15   9225.71 0 
  9000.06 2.9564e-15   9246.98 0 
  9020.80 3.1663e-15   9268.30 0 
  9041.60 3.6169e-15   9289.66 0 
  9062.44 3.6824e-15   9311.08 0 
  9083.33 3.4507e-15   9332.54 0 
  9104.27 3.4809e-15   9354.06 0 
  9125.26 3.5114e-15   9375.62 0 
  9146.30 3.1788e-15   9397.23 0 
  9167.38 3.2965e-15   9418.90 0 
  9188.51 3.3949e-15   9440.61 0 
  9209.70 3.4963e-15   9462.37 0 
  9230.92 3.4466e-15   9484.18 0 
  9252.20 3.3587e-15   9506.05 0 
  9273.54 3.4273e-15   9527.96 0 
  9294.91 3.2714e-15   9549.93 0 
  9316.34 3.4955e-15   9571.94 0 
  9337.82 3.5018e-15   9594.01 0 
  9359.34 3.4920e-15   9616.12 0 
  9380.91 3.4822e-15   9638.29 0 
  9402.54 3.4168e-15   9660.51 0 
  9424.22 3.4946e-15   9682.78 0 
  9445.94 3.4528e-15   9705.10 0 
  9467.71 3.5071e-15   9727.47 0 
  9489.54 3.5053e-15   9749.90 0 
  9511.42 3.4316e-15   9772.37 0 
  9533.34 3.4298e-15   9794.90 0 
  9555.32 3.3116e-15   9817.48 0 
  9577.35 3.4105e-15   9840.11 0 
  9599.42 3.4720e-15   9862.79 0 
  9621.55 3.4463e-15   9885.53 0 
  9643.73 3.4051e-15   9908.32 0 
  9665.96 3.3954e-15   9931.16 0 
  9688.25 3.4329e-15   9954.05 0 
  9710.58 3.3840e-15   9977.00 0 
  9732.97 3.3512e-15  10000.00 0 
  9755.40 3.3340e-15  10023.05 0 
  9777.89 3.3398e-15  10046.15 0 
  9800.43 3.2998e-15  10069.31 0 
  9823.03 3.3362e-15  10092.53 0 
  9845.67 3.3421e-15  10115.80 0 
  9868.37 3.3173e-15  10139.12 0 
  9891.11 3.3155e-15  10162.49 0 
  9913.91 3.2833e-15  10185.91 0 
  9936.77 3.3042e-15  10209.39 0 
  9959.68 3.3024e-15  10232.94 0 
  9982.64 3.2854e-15  10256.52 0 
 10028.71 3.2591e-15  10303.86 0 
 10075.00 3.2108e-15  10351.42 0 
 10121.51 3.2593e-15  10399.21 0 
 10168.23 3.2258e-15  10447.20 0 
 10215.16 3.2295e-15  10495.42 0 
 10285.97 3.2314e-15  10568.18 0 
 10309.68 3.2073e-15  10592.54 0 
 10501.35 3.1048e-15  10789.47 0 
 10696.58 2.9788e-15  10990.06 0 
 10895.45 2.8710e-15  11194.37 0 
 11098.02 2.7672e-15  11402.50 0 
 11304.34 2.7042e-15  11614.49 0 
 11488.02 2.6856e-15  11803.21 0 
 11701.60 2.6064e-15  12022.64 0 
 11891.73 2.5179e-15  12217.99 0 
 12112.81 2.4662e-15  12445.14 0 
 12309.64 2.4268e-15  12647.37 0 
 12509.66 2.3607e-15  12852.87 0 
 12712.92 2.3069e-15  13061.71 0 
 12889.78 2.2544e-15  13243.42 0 
 13099.22 2.2133e-15  13458.61 0 
 13312.06 2.1530e-15  13677.29 0 
 13497.25 2.1088e-15  13867.56 0 
 13685.01 2.0703e-15  14060.47 0 
 13907.38 2.0000e-15  14288.95 0 
 14100.84 1.9233e-15  14487.71 0 
 14297.00 1.8969e-15  14689.26 0 
 14495.90 1.9012e-15  14893.61 0 
 14697.56 1.8409e-15  15100.80 0 
 14902.02 1.8580e-15  15310.87 0 
 15109.33 1.8622e-15  15523.87 0 
 15284.29 1.8881e-15  15703.63 0 
 15496.92 1.8708e-15  15922.09 0 
 15712.50 1.8409e-15  16143.59 0 
 15894.43 1.7784e-15  16330.51 0 
 16115.55 1.7866e-15  16557.70 0 
 16302.16 1.7784e-15  16749.43 0 
 16490.94 1.7500e-15  16943.38 0 
 16681.90 1.7340e-15  17139.58 0 
 16913.95 1.7023e-15  17378.00 0 
 17109.81 1.6674e-15  17579.23 0 
 17307.93 1.6034e-15  17782.79 0 
 17508.36 1.5561e-15  17988.71 0 
 17711.10 1.4964e-15  18197.02 0 
 17916.17 1.4422e-15  18407.71 0 
 18081.95 1.3773e-15  18578.05 0 
 18291.33 1.3429e-15  18793.18 0 
 18503.12 1.3003e-15  19010.77 0 
 18717.38 1.2446e-15  19230.91 0 
 18890.58 1.2135e-15  19408.86 0 
 19109.33 1.1913e-15  19633.61 0 
 19286.13 1.1536e-15  19815.27 0 
 19509.46 1.1093e-15  20044.72 0 
 19689.99 1.0790e-15  20230.20 0 
 19917.97 1.0472e-15  20464.44 0 
 20102.28 1.0281e-15  20653.80 0 
 20288.27 9.9549e-16  20844.90 0 
 20523.20 9.8183e-16  21086.28 0 
 20713.11 9.5727e-16  21281.39 0 
 20904.75 9.3764e-16  21478.29 0 
 21098.19 9.2053e-16  21677.04 0 
 21293.42 9.0165e-16  21877.62 0 
 21490.43 8.8315e-16  22080.04 0 
 21689.29 8.5514e-16  22284.35 0 
 21889.98 8.4147e-16  22490.56 0 
 22092.52 8.1853e-16  22698.65 0 
 22296.94 7.9623e-16  22908.68 0 
 22503.24 7.8015e-16  23120.64 0 
 22711.47 7.5934e-16  23334.58 0 
 22921.63 6.8817e-16  23550.50 0 
 23080.50 6.8216e-16  23713.74 0 
 23294.07 6.0415e-16  23933.17 0 
 23509.59 5.7202e-16  24154.60 0 
 23727.14 5.7900e-16  24378.11 0 
 23891.59 5.3565e-16  24547.08 0 
 24112.67 5.2017e-16  24774.22 0 
 24279.80 5.1446e-16  24945.94 0 
 24504.47 4.8264e-16  25176.77 0 
 24674.31 4.7515e-16  25351.28 0 
 24902.63 4.1031e-16  25585.86 0 
 24977.52 3.7000e-16  25662.80 2 
 25071.63 3.8261e-16  25759.50 2 
 25165.85 3.9855e-16  25856.30 2 
 25260.06 4.1583e-16  25953.10 2 
 25354.18 4.1457e-16  26049.80 2 
 25448.40 4.1938e-16  26146.60 2 
 25542.61 4.2745e-16  26243.40 2 
 25636.73 4.2691e-16  26340.10 2 
 25730.95 4.2852e-16  26436.90 2 
 25825.06 4.1953e-16  26533.60 2 
 25919.28 4.0862e-16  26630.40 2 
 26013.49 3.9198e-16  26727.20 2 
 26107.61 3.9140e-16  26823.90 2 
 26201.83 3.9700e-16  26920.70 2 
 26295.94 4.0802e-16  27017.40 2 
 26390.16 3.9695e-16  27114.20 2 
 26484.37 3.8655e-16  27211.00 2 
 26578.49 3.7517e-16  27307.70 2 
 26672.71 3.6690e-16  27404.50 2 
 26766.92 3.6585e-16  27501.30 2 
 26861.04 3.5470e-16  27598.00 2 
 26955.26 3.5413e-16  27694.80 2 
 27049.37 3.4336e-16  27791.50 2 
 27143.59 3.4793e-16  27888.30 2 
 27237.81 3.4151e-16  27985.10 2 
 27331.92 3.3879e-16  28081.80 2 
 27426.14 3.2998e-16  28178.60 2 
 27520.35 3.1758e-16  28275.40 2 
 27614.47 3.0436e-16  28372.10 2 
 27708.68 3.0922e-16  28468.90 2 
 27802.80 3.4181e-16  28565.60 2 
 27897.02 3.4913e-16  28662.40 2 
 27991.23 3.5098e-16  28759.20 2 
 28085.35 3.2604e-16  28855.90 2 
 28179.57 3.1567e-16  28952.70 2 
 28273.78 3.0306e-16  29049.50 2 
 28367.90 2.9968e-16  29146.20 2 
 28462.11 3.0134e-16  29243.00 2 
 28556.23 3.0493e-16  29339.70 2 
 28650.45 3.0217e-16  29436.50 2 
 28744.66 3.0548e-16  29533.30 2 
 28838.78 2.9561e-16  29630.00 2 
 28933.00 2.8942e-16  29726.80 2 
 29027.21 2.6923e-16  29823.60 2 
 29121.33 2.6886e-16  29920.30 2 
 29215.54 2.5493e-16  30017.10 2 
 29309.66 2.6055e-16  30113.80 2 
 29403.87 2.5838e-16  30210.60 2 
 29498.09 2.5812e-16  30307.40 2 
 29592.21 2.4964e-16  30404.10 2 
 29686.42 2.3296e-16  30500.90 2 
 29780.64 2.2383e-16  30597.70 2 
 29874.75 2.1975e-16  30694.40 2 
 29968.97 2.1873e-16  30791.20 2 
 30063.09 2.2773e-16  30887.90 2 
 30157.30 2.1231e-16  30984.70 2 
 30251.52 2.1115e-16  31081.50 2 
 30345.64 1.9710e-16  31178.20 2 
 30439.85 2.1310e-16  31275.00 2 
 30534.07 2.3165e-16  31371.80 2 
 30628.19 2.5510e-16  31468.50 2 
 30722.40 2.6688e-16  31565.30 2 
 30816.52 2.6147e-16  31662.00 2 
 30910.73 2.3970e-16  31758.80 2 
 31004.95 2.2421e-16  31855.60 2 
 31099.07 1.9171e-16  31952.30 2 
 31193.28 1.9001e-16  32049.10 2 
 31287.50 1.8531e-16  32145.90 2 
 31381.62 1.9674e-16  32242.60 2 
 31475.83 1.9926e-16  32339.40 2 
 31569.95 2.0188e-16  32436.10 2 
 31664.16 2.1022e-16  32532.90 2 
 31758.38 2.1242e-16  32629.70 2 
 31852.50 2.1004e-16  32726.40 2 
 31946.71 2.1903e-16  32823.20 2 
 32040.93 2.3836e-16  32920.00 2 
 32135.04 2.4534e-16  33016.70 2 
 32229.26 2.6117e-16  33113.50 2 
 32323.38 2.7275e-16  33210.20 2 
 32417.59 3.0563e-16  33307.00 2 
 32511.81 3.1355e-16  33403.80 2 
 32605.92 3.4246e-16  33500.50 2 
 32700.14 3.6518e-16  33597.30 2 
 32794.36 3.7044e-16  33694.10 2 
 32888.47 3.5250e-16  33790.80 2 
 32982.69 3.2631e-16  33887.60 2 
 33076.81 3.1138e-16  33984.30 2 
 33171.02 3.0175e-16  34081.10 2 
 33265.23 2.8857e-16  34177.90 2 
 33359.35 2.6964e-16  34274.60 2 
 33453.57 2.4667e-16  34371.40 2 
 33547.78 2.3296e-16  34468.20 2 
 33641.90 2.2898e-16  34564.90 2 
 33736.12 2.2044e-16  34661.70 2 
 33830.24 2.2453e-16  34758.40 2 
 33924.45 2.1535e-16  34855.20 2 
 34018.66 2.2135e-16  34952.00 2 
 34112.78 2.1037e-16  35048.70 2 
 34207.00 2.2633e-16  35145.50 2 
 34301.21 2.2001e-16  35242.30 2 
 34395.33 2.0944e-16  35339.00 2 
 34489.55 1.9722e-16  35435.80 2 
 34583.66 1.9951e-16  35532.50 2 
 34677.88 2.1216e-16  35629.30 2 
 34772.09 2.2686e-16  35726.10 2 
 34866.21 2.3244e-16  35822.80 2 
 34960.42 2.4349e-16  35919.60 2 
 35054.64 2.3127e-16  36016.40 2 
 35148.76 2.2223e-16  36113.10 2 
 35242.97 2.2271e-16  36209.90 2 
 35337.09 2.2623e-16  36306.60 2 
 35431.31 2.0700e-16  36403.40 2 
 35525.52 1.8532e-16  36500.20 2 
 35619.64 1.7271e-16  36596.90 2 
 35713.85 1.8451e-16  36693.70 2 
 35808.07 2.0152e-16  36790.50 2 
 35902.19 2.1172e-16  36887.20 2 
 35996.40 2.1404e-16  36984.00 2 
 36090.52 1.9163e-16  37080.70 2 
 36184.74 1.7938e-16  37177.50 2 
 36278.95 1.7030e-16  37274.30 2 
 36373.07 1.6722e-16  37371.00 2 
 36467.28 1.7115e-16  37467.80 2 
 36561.50 1.7929e-16  37564.60 2 
 36655.62 1.9760e-16  37661.30 2 
 36749.83 1.9854e-16  37758.10 2 
 36843.95 1.9701e-16  37854.80 2 
 36938.17 1.8172e-16  37951.60 2 
 37032.38 1.7269e-16  38048.40 2 
 37126.50 1.6348e-16  38145.10 2 
 37220.71 1.6518e-16  38241.90 2 
 37314.93 1.7347e-16  38338.70 2 
 37409.04 1.7025e-16  38435.40 2 
 37503.26 1.6430e-16  38532.20 2 
 37597.38 1.4498e-16  38628.90 2 
 37691.59 1.4005e-16  38725.70 2 
 37785.81 1.3940e-16  38822.50 2 
 37879.93 1.4557e-16  38919.20 2 
 37974.14 1.5736e-16  39016.00 2 
 38068.36 1.6039e-16  39112.80 2 
 38162.47 1.5950e-16  39209.50 2 
 38256.69 1.5696e-16  39306.30 2 
 38350.81 1.4831e-16  39403.00 2 
 38445.02 1.3773e-16  39499.80 2 
 38539.24 1.1675e-16  39596.60 2 
 38633.36 1.1093e-16  39693.30 2 
 38727.57 1.1164e-16  39790.10 2 
 38821.78 1.2841e-16  39886.90 2 
 38915.90 1.3675e-16  39983.60 2 
 39010.12 1.3969e-16  40080.40 2 
 39104.24 1.3396e-16  40177.10 2 
 39198.45 1.2650e-16  40273.90 2 
 39292.67 1.2186e-16  40370.70 2 
 39386.79 1.2999e-16  40467.40 2 
 39481.00 1.4979e-16  40564.20 2 
 39575.21 1.6928e-16  40661.00 2 
 39669.33 1.7141e-16  40757.70 2 
 39763.55 1.7320e-16  40854.50 2 
 39857.66 1.7913e-16  40951.20 2 
 39951.88 1.7461e-16  41048.00 2 
 40046.10 1.6500e-16  41144.80 2 
 40140.21 1.4924e-16  41241.50 2 
 40234.43 1.4236e-16  41338.30 2 
 40328.64 1.4392e-16  41435.10 2 
 40422.76 1.5123e-16  41531.80 2 
 40516.97 1.6414e-16  41628.60 2 
 40611.09 1.6227e-16  41725.30 2 
 40705.31 1.5272e-16  41822.10 2 
 40799.52 1.3532e-16  41918.90 2 
 40893.64 1.2528e-16  42015.60 2 
 40987.86 1.2323e-16  42112.40 2 
 41082.07 1.2225e-16  42209.20 2 
 41176.19 1.1855e-16  42305.90 2 
 41270.41 1.1891e-16  42402.70 2 
 41364.52 1.2117e-16  42499.40 2 
 41458.74 1.2717e-16  42596.20 2 
 41552.95 1.2846e-16  42693.00 2 
 41647.07 1.3958e-16  42789.70 2 
 41741.29 1.4277e-16  42886.50 2 
 41835.50 1.4564e-16  42983.30 2 
 41929.62 1.3822e-16  43080.00 2 
 42023.83 1.3475e-16  43176.80 2 
 42117.95 1.2674e-16  43273.50 2 
 42212.17 1.2470e-16  43370.30 2 
 42306.38 1.2444e-16  43467.10 2 
 42400.50 1.2418e-16  43563.80 2 
 42494.71 1.2722e-16  43660.60 2 
 42588.93 1.2799e-16  43757.40 2 
 42683.05 1.3353e-16  43854.10 2 
 42777.27 1.2886e-16  43950.90 2 
 42871.38 1.2939e-16  44047.60 2 
 42965.60 1.2086e-16  44144.40 2 
 43059.81 1.2333e-16  44241.20 2 
 43153.93 1.2295e-16  44337.90 2 
 43248.14 1.2706e-16  44434.70 2 
 43342.36 1.3293e-16  44531.50 2 
 43436.48 1.3459e-16  44628.20 2 
 43530.69 1.3812e-16  44725.00 2 
 43624.81 1.3420e-16  44821.70 2 
 43719.02 1.2357e-16  44918.50 2 
 43813.24 1.1551e-16  45015.30 2 
 43907.36 1.1350e-16  45112.00 2 
 44001.57 1.2289e-16  45208.80 2 
 44095.79 1.1958e-16  45305.60 2 
 44189.90 1.1362e-16  45402.30 2 
 44284.12 1.1133e-16  45499.10 2 
 44378.24 1.2345e-16  45595.80 2 
 44472.46 1.2253e-16  45692.60 2 
 44566.67 1.1943e-16  45789.40 2 
 44660.79 1.1415e-16  45886.10 2 
 44755.00 1.0951e-16  45982.90 2 
 44849.22 1.0028e-16  46079.70 2 
 44943.33 9.6157e-17  46176.40 2 
 45037.55 9.2268e-17  46273.20 2 
 45131.67 8.5559e-17  46369.90 2 
 45225.88 7.4494e-17  46466.70 2 
 45320.10 7.0462e-17  46563.50 2 
 45414.21 7.3806e-17  46660.20 2 
 45508.43 9.1648e-17  46757.00 2 
 45602.65 1.0008e-16  46853.80 2 
 45696.76 1.0512e-16  46950.50 2 
 45790.98 1.0406e-16  47047.30 2 
 45885.19 1.0108e-16  47144.10 2 
 45979.31 9.8669e-17  47240.80 2 
 46073.52 9.6971e-17  47337.60 2 
 46167.65 1.1551e-16  47434.30 2 
 46261.86 1.2625e-16  47531.10 2 
 46356.08 1.2329e-16  47627.90 2 
 46450.19 1.0043e-16  47724.60 2 
 46544.41 9.7217e-17  47821.40 2 
 46638.53 9.9866e-17  47918.10 2 
 46732.74 1.0743e-16  48014.90 2 
 46827.93 9.9294e-17  48112.70 2 
 47296.21 1.0087e-16  48593.83 0 
 47769.17 1.0247e-16  49079.77 0 
 48246.86 1.0408e-16  49570.56 0 
 48729.33 1.0570e-16  50066.27 0 
 49216.63 1.0735e-16  50566.93 0 
 49708.79 1.0900e-16  51072.60 0 
 50205.88 1.1068e-16  51583.33 0 
 50707.94 1.1237e-16  52099.16 0 
 51215.02 1.1408e-16  52620.15 0 
 51727.17 1.1581e-16  53146.36 0 
 51932.90 1.1650e-16  53357.73 3 
 52234.47 1.4587e-16  53667.58 3 
 52536.06 1.3644e-16  53977.44 3 
 52837.64 1.3788e-16  54287.29 3 
 53139.21 1.3620e-16  54597.14 3 
 53440.79 1.4181e-16  54907.00 3 
 53742.38 1.2709e-16  55216.85 3 
 54043.95 9.2639e-17  55526.70 3 
 54345.53 1.0386e-16  55836.56 3 
 54647.11 1.2285e-16  56146.41 3 
 54948.70 1.5480e-16  56456.27 3 
 55250.27 1.2480e-16  56766.12 3 
 55551.86 1.2423e-16  57075.98 3 
 55853.44 1.4013e-16  57385.83 3 
 56155.01 1.5916e-16  57695.68 3 
 56456.58 1.7656e-16  58005.53 3 
 56758.17 1.6506e-16  58315.39 3 
 57059.76 1.7417e-16  58625.25 3 
 57361.33 1.9686e-16  58935.10 3 
 57662.91 1.8052e-16  59244.95 3 
 57964.49 1.4260e-16  59554.81 3 
 58266.07 1.2466e-16  59864.66 3 
 58567.65 1.2696e-16  60174.51 3 
 58869.23 1.3093e-16  60484.37 3 
 59170.81 1.3018e-16  60794.22 3 
 59472.39 1.3123e-16  61104.07 3 
 59773.97 1.4398e-16  61413.93 3 
 60075.55 1.6362e-16  61723.78 3 
 60377.12 1.7872e-16  62033.63 3 
 60678.71 1.8914e-16  62343.49 3 
 60980.28 2.2376e-16  62653.34 3 
 61281.86 2.7313e-16  62963.19 3 
 61583.44 4.0193e-16  63273.05 3 
 61885.02 4.5425e-16  63582.90 3 
 62186.61 4.6322e-16  63892.76 3 
 62488.18 3.7324e-16  64202.61 3 
 62789.76 3.7938e-16  64512.46 3 
 63091.35 2.9998e-16  64822.32 3 
 63392.92 2.3547e-16  65132.17 3 
 63694.50 2.4467e-16  65442.02 3 
 63996.09 2.3744e-16  65751.88 3 
 64297.66 1.8207e-16  66061.73 3 
 64599.23 1.8021e-16  66371.58 3 
 64900.83 1.7493e-16  66681.45 3 
 65202.40 1.7566e-16  66991.29 3 
 65503.97 1.7197e-16  67301.14 3 
 65805.56 1.8695e-16  67611.00 3 
 66107.14 2.1180e-16  67920.85 3 
 66408.72 1.8888e-16  68230.71 3 
 66710.30 1.8451e-16  68540.56 3 
 67011.88 1.7103e-16  68850.41 3 
 67313.46 2.0613e-16  69160.27 3 
 67615.03 1.2849e-16  69470.12 3 
 67916.62 1.7580e-16  69779.98 3 
 68218.19 1.6312e-16  70089.83 3 
 68519.77 1.7901e-16  70399.68 3 
 68821.36 1.9323e-16  70709.54 3 
 69122.93 2.5758e-16  71019.39 3 
 69424.51 2.4219e-16  71329.24 3 
 69726.10 2.8284e-16  71639.10 3 
 70027.67 2.8259e-16  71948.95 3 
 70329.26 2.3418e-16  72258.81 3 
 70630.83 2.3427e-16  72568.66 3 
 70932.41 2.3550e-16  72878.51 3 
 71234.00 2.4548e-16  73188.38 3 
 71535.57 2.2594e-16  73498.22 3 
 71837.15 2.4540e-16  73808.07 3 
 72138.73 2.3308e-16  74117.93 3 
 72440.31 2.5211e-16  74427.78 3 
 72741.89 2.6962e-16  74737.63 3 
 73043.46 2.8777e-16  75047.48 3 
 73325.31 2.9561e-16  75337.06 3 
 73345.05 3.4630e-16  75357.34 3 
 73646.63 3.5262e-16  75667.20 3 
 73929.66 3.5027e-16  75957.99 3 
 73948.20 3.7569e-16  75977.05 3 
 74534.02 4.1251e-16  76578.94 3 
 75138.38 4.9990e-16  77199.88 3 
 75742.74 5.6360e-16  77820.82 3 
 76347.10 5.7061e-16  78441.76 3 
 76951.47 5.4237e-16  79062.71 3 
 77555.83 5.3463e-16  79683.65 3 
 78160.18 5.1241e-16  80304.59 3 
 78764.55 4.7952e-16  80925.54 3 
 79368.91 4.1763e-16  81546.48 3 
 79973.27 3.7687e-16  82167.41 3 
 80577.63 2.5185e-16  82788.36 3 
 81181.99 2.8856e-16  83409.30 3 
 81786.36 2.6705e-16  84030.25 3 
 82390.72 2.5170e-16  84651.19 3 
 82995.08 2.5257e-16  85272.13 3 
 83599.44 3.0041e-16  85893.07 3 
 84203.81 2.4381e-16  86514.02 3 
 84808.16 2.3504e-16  87134.95 3 
 85412.52 2.5763e-16  87755.90 3 
 86016.88 2.4562e-16  88376.84 3 
 86621.24 2.2098e-16  88997.78 3 
 87225.60 1.8813e-16  89618.72 3 
 87829.96 1.5171e-16  90239.66 3 
 88434.32 1.2750e-16  90860.60 3 
 89038.69 1.1278e-16  91481.55 3 
 89643.05 9.2583e-17  92102.49 3 
 90247.41 8.6120e-17  92723.44 3 
 90851.77 7.8009e-17  93344.38 3 
 91456.13 7.5218e-17  93965.32 3 
 92060.49 6.8492e-17  94586.26 3 
 92664.84 6.5907e-17  95207.20 3 
 93269.21 6.4356e-17  95828.15 3 
 93873.57 5.8499e-17  96449.09 3 
 94477.93 5.8172e-17  97070.02 3 
 95082.30 6.2329e-17  97690.98 3 
 95686.66 5.5128e-17  98311.92 3 
 96291.02 7.8197e-17  98932.86 3 
 96895.38 8.2685e-17  99553.80 3 
 97499.70 5.3538e-17 100174.70 3 
 98104.11 4.8767e-17 100795.70 3 
 98708.43 5.0795e-17 101416.59 3 
 99312.85 5.0476e-17 102037.60 3 
 99917.17 4.7081e-17 102658.50 3 
100521.58 4.7592e-17 103279.49 3 
101125.92 4.9693e-17 103900.41 3 
101730.23 5.3731e-17 104521.30 3 
102334.64 4.9975e-17 105142.30 3 
102938.96 5.0779e-17 105763.20 3 
103543.39 4.9675e-17 106384.20 3 
104147.71 5.2839e-17 107005.10 3 
104752.02 5.7679e-17 107626.00 3 
105356.44 6.5720e-17 108247.00 3 
105960.77 6.4810e-17 108867.91 3 
106565.18 6.5423e-17 109488.90 3 
107169.49 5.7103e-17 110109.80 3 
107773.91 6.7900e-17 110730.80 3 
108378.24 6.6370e-17 111351.70 3 
108982.56 7.1565e-17 111972.60 3 
109586.97 8.4095e-17 112593.60 3 
110191.29 9.5730e-17 113214.50 3 
110795.71 1.2007e-16 113835.50 3 
111400.03 1.5689e-16 114456.40 3 
112004.44 2.5242e-16 115077.40 3 
112608.76 2.7940e-16 115698.30 3 
113213.08 2.4388e-16 116319.20 3 
113817.51 1.9870e-16 116940.20 3 
114421.82 1.6600e-16 117561.10 3 
115026.23 1.4475e-16 118182.09 3 
115630.55 1.2909e-16 118802.99 3 
116234.98 1.2081e-16 119424.00 3 
116839.30 1.1512e-16 120044.90 3 
117443.61 1.1508e-16 120665.80 3 
118048.04 1.2101e-16 121286.80 3 
118652.36 1.2668e-16 121907.70 3 
119256.77 1.3533e-16 122528.70 3 
119861.09 1.3961e-16 123149.59 3 
120465.42 1.4203e-16 123770.51 3 
121069.83 1.4052e-16 124391.50 3 
121674.15 1.4614e-16 125012.40 3 
122278.56 1.5744e-16 125633.40 3 
122882.89 1.7331e-16 126254.30 3 
123487.30 1.6636e-16 126875.30 3 
124091.63 1.6609e-16 127496.20 3 
124695.94 1.7647e-16 128117.10 3 
125300.36 1.8496e-16 128738.10 3 
125904.68 1.9118e-16 129359.00 3 
126509.10 2.0219e-16 129980.00 3 
127113.41 2.1830e-16 130600.90 3 
127717.73 2.6274e-16 131221.80 3 
128322.15 2.9222e-16 131842.80 3 
128926.48 1.8559e-16 132463.70 3 
129530.89 1.5432e-16 133084.70 3 
130135.20 1.5014e-16 133705.59 3 
130739.62 1.4825e-16 134326.59 3 
131343.95 1.4832e-16 134947.50 3 
131948.27 1.4928e-16 135568.41 3 
132552.69 1.4767e-16 136189.41 3 
133157.00 1.4940e-16 136810.30 3 
133761.42 1.5135e-16 137431.30 3 
134365.74 1.5156e-16 138052.20 3 
134970.16 1.5056e-16 138673.20 3 
135574.47 1.5357e-16 139294.09 3 
136178.80 1.5383e-16 139915.00 3 
136783.22 1.5353e-16 140536.00 3 
137387.54 1.5497e-16 141156.91 3 
137991.94 1.4690e-16 141777.89 3 
138596.27 1.4089e-16 142398.80 3 
139200.69 1.4329e-16 143019.80 3 
139805.01 1.3539e-16 143640.70 3 
140409.32 1.3270e-16 144261.59 3 
141013.76 1.3052e-16 144882.61 3 
141533.79 1.4943e-16 145416.91 3 
142426.19 1.5402e-16 146333.80 3 
143318.70 1.5230e-16 147250.80 3 
144211.13 1.4852e-16 148167.70 3 
145103.53 1.4551e-16 149084.59 3 
145995.95 1.4064e-16 150001.50 3 
146888.47 1.4504e-16 150918.50 3 
147780.89 1.4666e-16 151835.41 3 
148673.30 1.4790e-16 152752.30 3 
149565.81 1.3399e-16 153669.30 3 
150458.23 1.4039e-16 154586.20 3 
151350.64 1.3580e-16 155503.09 3 
152243.06 1.3680e-16 156420.00 3 
153135.57 1.3521e-16 157337.00 3 
154027.99 1.3534e-16 158253.91 3 
154920.40 1.4311e-16 159170.80 3 
155812.91 1.2510e-16 160087.80 3 
156705.34 1.2529e-16 161004.70 3 
157597.74 1.3277e-16 161921.59 3 
158490.26 1.3125e-16 162838.59 3 
159382.68 1.3074e-16 163755.50 3 
160275.08 1.2860e-16 164672.39 3 
161167.51 1.2816e-16 165589.30 3 
162060.03 1.2900e-16 166506.31 3 
162952.42 1.3311e-16 167423.19 3 
163844.85 1.4343e-16 168340.09 3 
164737.27 1.5581e-16 169257.00 3 
165629.78 1.4539e-16 170174.00 3 
166522.20 1.4278e-16 171090.91 3 
167414.62 1.5322e-16 172007.81 3 
168307.14 1.5670e-16 172924.81 3 
169199.54 1.5373e-16 173841.70 3 
170091.97 1.5963e-16 174758.61 3 
170984.48 1.8413e-16 175675.61 3 
171876.89 1.4600e-16 176592.50 3 
172769.31 1.4733e-16 177509.41 3 
173661.71 1.4885e-16 178426.30 3 
174554.23 1.3972e-16 179343.30 3 
175446.65 1.3772e-16 180260.20 3 
176339.06 1.3061e-16 181177.09 3 
177231.57 1.3843e-16 182094.09 3 
178123.99 1.3810e-16 183011.00 3 
179016.40 1.3721e-16 183927.89 3 
179908.91 1.3090e-16 184844.89 3 
180801.33 1.3071e-16 185761.80 3 
181693.75 1.3050e-16 186678.70 3 
182586.16 1.3152e-16 187595.59 3 
183478.67 1.3915e-16 188512.59 3 
184371.09 1.3610e-16 189429.50 3 
185263.50 1.7122e-16 190346.39 3 
186156.03 1.5155e-16 191263.41 3 
187048.45 1.5752e-16 192180.31 3 
187940.84 1.5356e-16 193097.19 3 
188833.26 1.5180e-16 194014.09 3 
189725.79 1.5274e-16 194931.11 3 
190618.20 1.5744e-16 195848.00 3 
191510.62 1.5414e-16 196764.91 3 
192403.13 1.6415e-16 197681.91 3 
193295.54 1.6590e-16 198598.80 3 
194187.96 1.6827e-16 199515.70 3 
195080.38 1.8750e-16 200432.61 3 
195972.90 1.7552e-16 201349.61 3 
196865.30 2.1682e-16 202266.50 3 
197757.73 1.9484e-16 203183.41 3 
198650.24 1.9882e-16 204100.41 3 
200063.47 1.9293e-16 205552.41 3 
201771.59 2.3840e-16 207307.39 3 
203480.69 2.3594e-16 209063.39 3 
205190.79 2.1668e-16 210820.41 3 
206901.74 2.5010e-16 212578.30 3 
208613.57 2.5533e-16 214337.09 3 
210326.38 2.4381e-16 216096.89 3 
212040.08 2.6340e-16 217857.61 3 
213754.72 2.9547e-16 219619.30 3 
215470.36 2.7688e-16 221382.00 3 
217186.86 2.6737e-16 223145.59 3 
218904.34 2.9867e-16 224910.20 3 
220622.70 3.1997e-16 226675.70 3 
222342.01 3.1102e-16 228442.19 3 
224062.31 2.9861e-16 230209.69 3 
225783.50 3.1609e-16 231978.09 3 
227505.65 3.3567e-16 233747.50 3 
229228.79 3.4219e-16 235517.91 3 
230952.78 3.3847e-16 237289.20 3 
232677.86 3.4570e-16 239061.61 3 
234403.71 3.7217e-16 240834.81 3 
236130.61 3.8913e-16 242609.09 3 
237858.52 3.9321e-16 244384.41 3 
239587.29 3.9686e-16 246160.61 3 
241317.02 4.1904e-16 247937.80 3 
243047.74 4.3983e-16 249716.00 3 
244779.33 4.6000e-16 251495.09 3 
246511.99 4.6417e-16 253275.30 3 
248245.54 4.7370e-16 255056.41 3 
249980.15 4.9245e-16 256838.61 3 
251715.62 5.1681e-16 258621.69 3 
253452.10 5.2968e-16 260405.81 3 
255189.53 5.4602e-16 262190.91 3 
256927.93 5.4890e-16 263977.00 3 
258667.30 5.6418e-16 265764.09 3 
260407.67 5.8200e-16 267552.22 3 
262148.99 5.8610e-16 269341.31 3 
263891.28 6.1068e-16 271131.41 3 
265634.55 6.2131e-16 272922.50 3 
267378.79 6.2458e-16 274714.59 3 
269124.12 6.2788e-16 276507.81 3 
270870.31 6.4247e-16 278301.91 3 
272617.47 6.6547e-16 280097.00 3 
274365.69 6.8730e-16 281893.19 3 
276114.92 6.8587e-16 283690.41 3 
277865.00 6.9947e-16 285488.50 3 
279616.14 7.0825e-16 287287.69 3 
281368.29 7.3220e-16 289087.91 3 
283121.50 7.4657e-16 290889.22 3 
284875.65 7.7025e-16 292691.50 3 
286630.72 7.6317e-16 294494.72 3 
288386.91 7.8707e-16 296299.09 3 
290144.02 7.9738e-16 298104.41 3 
291902.15 8.1399e-16 299910.78 3 
293661.30 8.0064e-16 301718.19 3 
295421.41 8.5088e-16 303526.59 3 
297182.59 8.3859e-16 305336.09 3 
298944.75 8.6935e-16 307146.59 3 
300707.87 8.6169e-16 308958.09 3 
302472.06 9.0302e-16 310770.69 3 
304237.35 8.9442e-16 312584.41 3 
306003.58 8.8564e-16 314399.09 3 
307770.81 9.2181e-16 316214.81 3 
309538.99 9.6572e-16 318031.50 3 
311308.35 9.4024e-16 319849.41 3 
313078.59 9.4355e-16 321668.22 3 
314849.96 9.8059e-16 323488.19 3 
316622.25 1.1693e-15 325309.09 3 
318395.68 9.8375e-16 327131.19 3 
320170.12 9.6325e-16 328954.31 3 
321945.48 9.7452e-16 330778.38 3 
323721.96 9.7574e-16 332603.59 3 
325499.50 9.5658e-16 334429.91 3 
327278.08 1.0196e-15 336257.28 3 
329057.69 9.6099e-16 338085.72 3 
330838.31 8.8643e-16 339915.19 3 
332619.93 8.7671e-16 341745.69 3 
334402.64 9.9769e-16 343577.31 3 
336186.51 1.0135e-15 345410.12 3 
337971.23 1.0530e-15 347243.81 3 
339757.14 1.0715e-15 349078.72 3 
