# Please reference the following sources for the spectra:
#    Optical spectrum -- Looper et al. (2008, ApJ, 686, 528)
#    Near-infrared spectrum -- Looper et al. (2008, ApJ, 686, 528)
# 
# 2MASS photometry:
#    J = 14.147+/-0.029 mag
#    H = 12.783+/-0.030 mag
#    Ks= 11.765+/-0.023 mag
#
# Column legend:
#    Column 1 -- Wavelength in um
#    Column 2 -- Flux in units of erg/cm^2/s/um
#
     0.586874  4.26008e-17
     0.587009 -1.86926e-17
     0.587144 -6.20185e-18
     0.587279 -3.35505e-18
     0.587415 -1.29077e-17
     0.587550  4.86300e-17
     0.587685  7.38342e-17
     0.587820  4.17158e-17
     0.587955  2.33626e-17
     0.588091 -1.36219e-17
     0.588226 -2.12116e-17
     0.588361  3.35474e-17
     0.588496  3.55192e-17
     0.588632 -9.84010e-18
     0.588767 -6.86905e-18
     0.588902  1.17622e-17
     0.589037  2.71252e-17
     0.589172  5.09716e-17
     0.589308  1.25008e-16
     0.589443  9.23363e-17
     0.589578  3.74448e-17
     0.589713  1.84819e-17
     0.589849  1.60033e-17
     0.589984  1.76469e-17
     0.590119  3.25507e-17
     0.590254  5.30216e-17
     0.590390  2.12469e-17
     0.590525  1.94976e-17
     0.590660  1.06939e-17
     0.590795  6.15064e-18
     0.590930  4.84677e-17
     0.591066  4.47260e-17
     0.591201  3.40092e-17
     0.591336  1.49555e-17
     0.591471  3.76452e-17
     0.591607  1.64514e-17
     0.591742 -5.72813e-18
     0.591877 -1.17867e-17
     0.592012  3.08053e-17
     0.592148  2.78488e-17
     0.592283 -7.11471e-18
     0.592418  2.88868e-17
     0.592553  2.34833e-17
     0.592689  1.93459e-17
     0.592824  1.51953e-17
     0.592959 -1.84565e-18
     0.593094 -4.48397e-18
     0.593229  9.23747e-18
     0.593365  2.58614e-17
     0.593500  3.96300e-17
     0.593635  5.00963e-17
     0.593770  4.57490e-17
     0.593906  1.37419e-17
     0.594041  3.58141e-17
     0.594176  3.00643e-17
     0.594311 -2.29932e-17
     0.594446 -4.32975e-18
     0.594582  2.16061e-17
     0.594717  3.76919e-17
     0.594852  2.43149e-17
     0.594987 -1.06811e-17
     0.595123  3.68212e-17
     0.595258  3.29345e-17
     0.595393  3.00513e-17
     0.595528  1.14927e-17
     0.595664  1.18539e-18
     0.595799  3.92715e-18
     0.595934  3.15921e-17
     0.596069 -2.61254e-18
     0.596205  1.20816e-17
     0.596340  6.41276e-18
     0.596475 -1.08482e-17
     0.596610  1.77909e-17
     0.596745  2.21998e-17
     0.596881  3.35737e-17
     0.597016  2.62308e-17
     0.597151  2.00941e-17
     0.597286  2.67024e-17
     0.597422  3.49525e-17
     0.597557  1.61775e-17
     0.597692  2.36782e-17
     0.597827  1.87425e-17
     0.597962  2.76382e-17
     0.598098  3.06292e-17
     0.598233  2.65492e-17
     0.598368  2.52052e-17
     0.598503  2.61101e-17
     0.598639  2.63151e-17
     0.598774  4.81066e-18
     0.598909 -9.29558e-18
     0.599044  5.50620e-18
     0.599180  2.72354e-17
     0.599315  2.94870e-17
     0.599450  1.46685e-17
     0.599585  2.58420e-17
     0.599720  5.01590e-17
     0.599856  4.23637e-17
     0.599991  2.57004e-17
     0.600126  1.30474e-17
     0.600261  3.06065e-17
     0.600397  1.90263e-17
     0.600532  1.09286e-17
     0.600667  1.14574e-17
     0.600802 -1.15206e-17
     0.600938 -2.42058e-17
     0.601073  5.83475e-18
     0.601208  1.88460e-17
     0.601343  7.31958e-18
     0.601478  1.60640e-17
     0.601614  2.29693e-17
     0.601749  2.62335e-18
     0.601884 -2.62689e-17
     0.602019  6.76810e-18
     0.602155 -3.00870e-18
     0.602290 -6.31597e-18
     0.602425  1.13498e-17
     0.602560 -5.76426e-18
     0.602696  2.93891e-19
     0.602831  1.99778e-17
     0.602966  6.10370e-18
     0.603101 -1.70432e-17
     0.603236 -2.27585e-18
     0.603372  2.16463e-17
     0.603507  2.21576e-17
     0.603642  1.43157e-17
     0.603777  5.71000e-18
     0.603913  1.80119e-17
     0.604048  1.13981e-17
     0.604183  1.36092e-17
     0.604318  1.73915e-17
     0.604454  2.96757e-17
     0.604589  1.73669e-17
     0.604724  1.84981e-17
     0.604859  1.55438e-18
     0.604994 -5.42915e-18
     0.605130  8.25024e-19
     0.605265  3.56773e-18
     0.605400 -4.04227e-18
     0.605535 -1.25266e-18
     0.605671  1.40859e-17
     0.605806  1.84504e-17
     0.605941  8.28854e-18
     0.606076 -5.82342e-18
     0.606212  1.63728e-17
     0.606347  1.12011e-17
     0.606482  5.00500e-18
     0.606617  1.60577e-17
     0.606752  2.05484e-17
     0.606888  3.67590e-17
     0.607023  2.57447e-17
     0.607158  2.32608e-17
     0.607293  2.76192e-17
     0.607429  2.12404e-17
     0.607564  1.73362e-17
     0.607699  1.67711e-17
     0.607834  8.25661e-18
     0.607970  2.05442e-17
     0.608105  9.18543e-18
     0.608240 -2.21750e-18
     0.608375  1.52224e-17
     0.608510  2.27050e-17
     0.608646  2.12678e-17
     0.608781  1.85189e-17
     0.608916  2.88505e-17
     0.609051  3.85219e-17
     0.609187  1.88577e-17
     0.609322 -3.39112e-18
     0.609457  1.54454e-17
     0.609592  3.89795e-17
     0.609728  4.82849e-17
     0.609863  3.94612e-17
     0.609998  8.42790e-18
     0.610133  2.67734e-17
     0.610268  2.94518e-17
     0.610404  1.87742e-17
     0.610539  1.72547e-17
     0.610674  1.64026e-17
     0.610809  3.79709e-17
     0.610945  2.56159e-17
     0.611080  2.20132e-17
     0.611215  4.51955e-18
     0.611350  1.16456e-17
     0.611485  2.79285e-17
     0.611621  1.50849e-17
     0.611756  1.83214e-17
     0.611891  2.22227e-17
     0.612026  4.16590e-17
     0.612162  3.26999e-17
     0.612297  2.84089e-17
     0.612432  2.49999e-17
     0.612567  2.75624e-17
     0.612703  2.76242e-17
     0.612838  2.96838e-17
     0.612973  1.67939e-17
     0.613108  1.69709e-17
     0.613244  4.78836e-18
     0.613379  8.63564e-18
     0.613514  1.40434e-17
     0.613649  1.89018e-17
     0.613784  3.45018e-17
     0.613920  2.24477e-17
     0.614055  3.75529e-18
     0.614190  1.10232e-17
     0.614325  2.40194e-17
     0.614461  2.34156e-17
     0.614596  2.76346e-17
     0.614731  3.33782e-17
     0.614866  2.63000e-17
     0.615001  2.02009e-17
     0.615137  2.77271e-17
     0.615272  1.82310e-17
     0.615407  2.81660e-17
     0.615542  3.51729e-17
     0.615678  2.09948e-17
     0.615813  1.97637e-17
     0.615948  2.53446e-17
     0.616083  1.51685e-17
     0.616219  8.12504e-18
     0.616354 -5.32977e-18
     0.616489 -8.48492e-19
     0.616624  2.00611e-17
     0.616760  2.38877e-17
     0.616895  2.45228e-17
     0.617030  1.53736e-17
     0.617165  1.83126e-17
     0.617300  1.57825e-17
     0.617436  1.90801e-17
     0.617571  1.32336e-18
     0.617706  1.45834e-17
     0.617841  2.73596e-17
     0.617977  2.20858e-17
     0.618112  2.00093e-17
     0.618247  2.22599e-17
     0.618382  2.29104e-17
     0.618517  3.07914e-17
     0.618653  2.04714e-17
     0.618788  2.28939e-17
     0.618923  9.31903e-18
     0.619058  8.52061e-19
     0.619194  1.05363e-17
     0.619329  2.41188e-17
     0.619464  3.98525e-17
     0.619599  2.88513e-17
     0.619735  9.96071e-18
     0.619870  3.32156e-18
     0.620005  1.11665e-17
     0.620140  3.88211e-17
     0.620275  4.29304e-17
     0.620411  3.78927e-17
     0.620546  2.17617e-17
     0.620681  3.01993e-17
     0.620816  2.70787e-17
     0.620952  2.00915e-17
     0.621087  3.12238e-17
     0.621222  2.97542e-17
     0.621357  2.06575e-17
     0.621493  1.21328e-17
     0.621628  2.08209e-17
     0.621763  2.19523e-17
     0.621898  1.01444e-17
     0.622033  9.28827e-18
     0.622169  2.11286e-17
     0.622304  2.62093e-17
     0.622439  3.51569e-17
     0.622574  3.13085e-17
     0.622710  1.64446e-17
     0.622845  2.28386e-17
     0.622980  3.14857e-17
     0.623115  3.50594e-17
     0.623251  2.36642e-17
     0.623386  4.16308e-17
     0.623521  4.52515e-17
     0.623656  2.95572e-17
     0.623792  2.97193e-17
     0.623927  2.14514e-17
     0.624062  5.02892e-18
     0.624197  9.73173e-18
     0.624332  2.54143e-17
     0.624468  2.67984e-17
     0.624603  9.16869e-18
     0.624738  1.24820e-17
     0.624873  2.80773e-17
     0.625009  1.97833e-17
     0.625144  2.25302e-17
     0.625279  4.01816e-17
     0.625414  3.72069e-17
     0.625549  2.93316e-17
     0.625685  3.10374e-17
     0.625820  4.36335e-17
     0.625955  4.92058e-17
     0.626090  4.28223e-17
     0.626226  3.75604e-17
     0.626361  2.27643e-17
     0.626496  2.74132e-17
     0.626631  5.02541e-17
     0.626767  3.79223e-17
     0.626902  1.66881e-17
     0.627037  2.46645e-17
     0.627172  3.78584e-17
     0.627307  3.80527e-17
     0.627443  4.28139e-17
     0.627578  5.17488e-17
     0.627713  3.23816e-17
     0.627848  1.36787e-17
     0.627984  2.46925e-17
     0.628119  3.85634e-17
     0.628254  4.07065e-17
     0.628389  3.02749e-17
     0.628525  3.07421e-17
     0.628660  4.23713e-17
     0.628795  5.70591e-17
     0.628930  4.10986e-17
     0.629065  3.65804e-17
     0.629201  3.85613e-17
     0.629336  2.83417e-17
     0.629471  4.23233e-17
     0.629606  4.02572e-17
     0.629742  4.80067e-17
     0.629877  4.35373e-17
     0.630012  3.37382e-17
     0.630147  3.40867e-17
     0.630283  2.95486e-17
     0.630418  3.71610e-17
     0.630553  6.23451e-17
     0.630688  5.93470e-17
     0.630823  4.04540e-17
     0.630959  2.93823e-17
     0.631094  3.58662e-17
     0.631229  5.46213e-17
     0.631364  6.38317e-17
     0.631500  5.58564e-17
     0.631635  2.97306e-17
     0.631770  2.68095e-17
     0.631905  3.14262e-17
     0.632041  3.05549e-17
     0.632176  3.57047e-17
     0.632311  4.25372e-17
     0.632446  4.41992e-17
     0.632581  4.39701e-17
     0.632717  4.51039e-17
     0.632852  4.86205e-17
     0.632987  5.71213e-17
     0.633122  4.60959e-17
     0.633258  3.45961e-17
     0.633393  4.49827e-17
     0.633528  4.22625e-17
     0.633663  4.98716e-17
     0.633799  4.91716e-17
     0.633934  5.14931e-17
     0.634069  4.12733e-17
     0.634204  4.09549e-17
     0.634339  4.22922e-17
     0.634475  4.08396e-17
     0.634610  4.53068e-17
     0.634745  5.39658e-17
     0.634880  5.58083e-17
     0.635016  5.70060e-17
     0.635151  4.96731e-17
     0.635286  5.48815e-17
     0.635421  5.54926e-17
     0.635557  5.56602e-17
     0.635692  6.09819e-17
     0.635827  5.24415e-17
     0.635962  4.46667e-17
     0.636097  4.03962e-17
     0.636233  4.25635e-17
     0.636368  5.40618e-17
     0.636503  4.54015e-17
     0.636638  5.38456e-17
     0.636774  5.56070e-17
     0.636909  5.41726e-17
     0.637044  4.16844e-17
     0.637179  4.09260e-17
     0.637315  4.36602e-17
     0.637450  5.95836e-17
     0.637585  6.88380e-17
     0.637720  6.38968e-17
     0.637855  5.80067e-17
     0.637991  4.56459e-17
     0.638126  4.29926e-17
     0.638261  4.92614e-17
     0.638396  6.42063e-17
     0.638532  5.28198e-17
     0.638667  3.07582e-17
     0.638802  5.11546e-17
     0.638937  5.65306e-17
     0.639073  5.07039e-17
     0.639208  4.81567e-17
     0.639343  4.31869e-17
     0.639478  3.57181e-17
     0.639613  5.54296e-17
     0.639749  5.51869e-17
     0.639884  6.01417e-17
     0.640019  4.95708e-17
     0.640154  4.75711e-17
     0.640290  6.19985e-17
     0.640425  6.55893e-17
     0.640560  5.45430e-17
     0.640695  4.77848e-17
     0.640831  6.77933e-17
     0.640966  6.67596e-17
     0.641101  5.67358e-17
     0.641236  5.24325e-17
     0.641371  4.88419e-17
     0.641507  5.51908e-17
     0.641642  3.49279e-17
     0.641777  3.77812e-17
     0.641912  6.22117e-17
     0.642048  5.94908e-17
     0.642183  4.59709e-17
     0.642318  6.57247e-17
     0.642453  6.93493e-17
     0.642588  6.20415e-17
     0.642724  4.42900e-17
     0.642859  5.61938e-17
     0.642994  6.36459e-17
     0.643129  6.11900e-17
     0.643265  6.32659e-17
     0.643400  5.15747e-17
     0.643535  4.62616e-17
     0.643670  4.78883e-17
     0.643806  4.93235e-17
     0.643941  5.88538e-17
     0.644076  7.01775e-17
     0.644211  7.52949e-17
     0.644347  7.40045e-17
     0.644482  7.86002e-17
     0.644617  7.25061e-17
     0.644752  6.31649e-17
     0.644887  6.26227e-17
     0.645023  6.24482e-17
     0.645158  5.95764e-17
     0.645293  6.15704e-17
     0.645428  6.07361e-17
     0.645564  7.24358e-17
     0.645699  6.70063e-17
     0.645834  5.46837e-17
     0.645969  4.85320e-17
     0.646105  5.83601e-17
     0.646240  7.68678e-17
     0.646375  6.76078e-17
     0.646510  6.58456e-17
     0.646645  6.90645e-17
     0.646781  5.97404e-17
     0.646916  7.57968e-17
     0.647051  7.16310e-17
     0.647186  7.05439e-17
     0.647322  7.49797e-17
     0.647457  6.90599e-17
     0.647592  7.27233e-17
     0.647727  7.29951e-17
     0.647862  7.01564e-17
     0.647998  5.99368e-17
     0.648133  7.49775e-17
     0.648268  7.73424e-17
     0.648403  6.96288e-17
     0.648539  7.57256e-17
     0.648674  7.08102e-17
     0.648809  6.45731e-17
     0.648944  6.62243e-17
     0.649080  6.76906e-17
     0.649215  7.09549e-17
     0.649350  7.17143e-17
     0.649485  7.21254e-17
     0.649621  7.94907e-17
     0.649756  8.70914e-17
     0.649891  8.56629e-17
     0.650026  7.96961e-17
     0.650161  7.63601e-17
     0.650297  8.06145e-17
     0.650432  6.69494e-17
     0.650567  6.82086e-17
     0.650702  7.48541e-17
     0.650838  7.17619e-17
     0.650973  6.80784e-17
     0.651108  7.66752e-17
     0.651243  8.47907e-17
     0.651379  8.94492e-17
     0.651514  7.73749e-17
     0.651649  7.43649e-17
     0.651784  7.58780e-17
     0.651919  6.78330e-17
     0.652055  7.21976e-17
     0.652190  9.75615e-17
     0.652325  9.93356e-17
     0.652460  9.56285e-17
     0.652596  8.37944e-17
     0.652731  8.43780e-17
     0.652866  8.27391e-17
     0.653001  7.44196e-17
     0.653136  8.94543e-17
     0.653272  1.02697e-16
     0.653407  9.55050e-17
     0.653542  7.69528e-17
     0.653677  8.06619e-17
     0.653813  9.18171e-17
     0.653948  8.94273e-17
     0.654083  8.14205e-17
     0.654218  8.77340e-17
     0.654354  9.64026e-17
     0.654489  8.80059e-17
     0.654624  8.23837e-17
     0.654759  9.17397e-17
     0.654894  9.19793e-17
     0.655030  1.02387e-16
     0.655165  9.42035e-17
     0.655300  9.35403e-17
     0.655435  9.62571e-17
     0.655571  8.76371e-17
     0.655706  9.71944e-17
     0.655841  1.01530e-16
     0.655976  9.56989e-17
     0.656112  8.75501e-17
     0.656247  7.42533e-17
     0.656382  7.11128e-17
     0.656517  8.93228e-17
     0.656653  9.37116e-17
     0.656788  9.84603e-17
     0.656923  9.03368e-17
     0.657058  8.41571e-17
     0.657193  8.71181e-17
     0.657329  7.92144e-17
     0.657464  8.39629e-17
     0.657599  9.61217e-17
     0.657734  9.56260e-17
     0.657870  9.61238e-17
     0.658005  8.59882e-17
     0.658140  8.84663e-17
     0.658275  8.95071e-17
     0.658410  1.03078e-16
     0.658546  9.43448e-17
     0.658681  9.87817e-17
     0.658816  1.05884e-16
     0.658951  9.69907e-17
     0.659087  9.33001e-17
     0.659222  9.18036e-17
     0.659357  9.63460e-17
     0.659492  9.85548e-17
     0.659628  9.93139e-17
     0.659763  1.02859e-16
     0.659898  9.31893e-17
     0.660033  9.02076e-17
     0.660168  8.16860e-17
     0.660304  8.69990e-17
     0.660439  1.00905e-16
     0.660574  1.13947e-16
     0.660709  1.17702e-16
     0.660845  1.16489e-16
     0.660980  1.12818e-16
     0.661115  1.05222e-16
     0.661250  9.86940e-17
     0.661386  1.06181e-16
     0.661521  1.01338e-16
     0.661656  9.93099e-17
     0.661791  1.05353e-16
     0.661926  1.09301e-16
     0.662062  1.02060e-16
     0.662197  1.03816e-16
     0.662332  1.11843e-16
     0.662467  1.07332e-16
     0.662603  1.12260e-16
     0.662738  9.95996e-17
     0.662873  9.45546e-17
     0.663008  1.02040e-16
     0.663144  1.10846e-16
     0.663279  1.03757e-16
     0.663414  9.85452e-17
     0.663549  1.11756e-16
     0.663684  1.24389e-16
     0.663820  1.12301e-16
     0.663955  1.03858e-16
     0.664090  1.16980e-16
     0.664225  1.32437e-16
     0.664361  1.06406e-16
     0.664496  1.06138e-16
     0.664631  1.13018e-16
     0.664766  1.28506e-16
     0.664901  1.20332e-16
     0.665037  1.04871e-16
     0.665172  1.14915e-16
     0.665307  1.16745e-16
     0.665442  1.23046e-16
     0.665578  1.27556e-16
     0.665713  1.15918e-16
     0.665848  1.11716e-16
     0.665983  1.18239e-16
     0.666119  1.18227e-16
     0.666254  1.17527e-16
     0.666389  1.16627e-16
     0.666524  1.21194e-16
     0.666660  1.25720e-16
     0.666795  1.10236e-16
     0.666930  1.11501e-16
     0.667065  1.31597e-16
     0.667200  1.33914e-16
     0.667336  1.26952e-16
     0.667471  1.30808e-16
     0.667606  1.25178e-16
     0.667741  1.27653e-16
     0.667877  1.19019e-16
     0.668012  1.18395e-16
     0.668147  1.22163e-16
     0.668282  1.13311e-16
     0.668418  1.25272e-16
     0.668553  1.31479e-16
     0.668688  1.17587e-16
     0.668823  1.12099e-16
     0.668958  1.12467e-16
     0.669094  1.19076e-16
     0.669229  1.14659e-16
     0.669364  1.17540e-16
     0.669499  1.07785e-16
     0.669635  8.79938e-17
     0.669770  8.30102e-17
     0.669905  9.50978e-17
     0.670040  9.37774e-17
     0.670176  7.50614e-17
     0.670311  5.59832e-17
     0.670446  4.87811e-17
     0.670581  4.59379e-17
     0.670716  3.47103e-17
     0.670852  3.64635e-17
     0.670987  3.49849e-17
     0.671122  5.60358e-17
     0.671257  7.61624e-17
     0.671393  8.08295e-17
     0.671528  8.96920e-17
     0.671663  9.49033e-17
     0.671798  1.07219e-16
     0.671934  1.16839e-16
     0.672069  1.17595e-16
     0.672204  1.03579e-16
     0.672339  1.11147e-16
     0.672474  1.30532e-16
     0.672610  1.39135e-16
     0.672745  1.33138e-16
     0.672880  1.33481e-16
     0.673015  1.34730e-16
     0.673151  1.25877e-16
     0.673286  1.36127e-16
     0.673421  1.36979e-16
     0.673556  1.48227e-16
     0.673692  1.45381e-16
     0.673827  1.41958e-16
     0.673962  1.50905e-16
     0.674097  1.36645e-16
     0.674232  1.40492e-16
     0.674368  1.43966e-16
     0.674503  1.47880e-16
     0.674638  1.44849e-16
     0.674773  1.39051e-16
     0.674909  1.51976e-16
     0.675044  1.44238e-16
     0.675179  1.40652e-16
     0.675314  1.49816e-16
     0.675449  1.49503e-16
     0.675585  1.40215e-16
     0.675720  1.51684e-16
     0.675855  1.50039e-16
     0.675990  1.56627e-16
     0.676126  1.50906e-16
     0.676261  1.47681e-16
     0.676396  1.54408e-16
     0.676531  1.47995e-16
     0.676667  1.49578e-16
     0.676802  1.55148e-16
     0.676937  1.51842e-16
     0.677072  1.35957e-16
     0.677208  1.46575e-16
     0.677343  1.59036e-16
     0.677478  1.51622e-16
     0.677613  1.56177e-16
     0.677748  1.63071e-16
     0.677884  1.60428e-16
     0.678019  1.51413e-16
     0.678154  1.51540e-16
     0.678289  1.45851e-16
     0.678425  1.49815e-16
     0.678560  1.53805e-16
     0.678695  1.52398e-16
     0.678830  1.52303e-16
     0.678966  1.59704e-16
     0.679101  1.52950e-16
     0.679236  1.48939e-16
     0.679371  1.52898e-16
     0.679506  1.52344e-16
     0.679642  1.57042e-16
     0.679777  1.58870e-16
     0.679912  1.60353e-16
     0.680047  1.63651e-16
     0.680183  1.53383e-16
     0.680318  1.56311e-16
     0.680453  1.55292e-16
     0.680588  1.55899e-16
     0.680723  1.55486e-16
     0.680859  1.59281e-16
     0.680994  1.57117e-16
     0.681129  1.61747e-16
     0.681264  1.66100e-16
     0.681400  1.59970e-16
     0.681535  1.56983e-16
     0.681670  1.66588e-16
     0.681805  1.60708e-16
     0.681941  1.50703e-16
     0.682076  1.53816e-16
     0.682211  1.59852e-16
     0.682346  1.51045e-16
     0.682481  1.52004e-16
     0.682617  1.54706e-16
     0.682752  1.63712e-16
     0.682887  1.63674e-16
     0.683022  1.72324e-16
     0.683158  1.79457e-16
     0.683293  1.65933e-16
     0.683428  1.53158e-16
     0.683563  1.65975e-16
     0.683699  1.56361e-16
     0.683834  1.60966e-16
     0.683969  1.62255e-16
     0.684104  1.49183e-16
     0.684240  1.46381e-16
     0.684375  1.52583e-16
     0.684510  1.60654e-16
     0.684645  1.61782e-16
     0.684780  1.67652e-16
     0.684916  1.60800e-16
     0.685051  1.51291e-16
     0.685186  1.57648e-16
     0.685321  1.59857e-16
     0.685457  1.58288e-16
     0.685592  1.61326e-16
     0.685727  1.55503e-16
     0.685862  1.67251e-16
     0.685997  1.71297e-16
     0.686133  1.59604e-16
     0.686268  1.68258e-16
     0.686403  1.69955e-16
     0.686538  1.66124e-16
     0.686674  1.63096e-16
     0.686809  1.61120e-16
     0.686944  1.59474e-16
     0.687079  1.53784e-16
     0.687215  1.45583e-16
     0.687350  1.44345e-16
     0.687485  1.46471e-16
     0.687620  1.47852e-16
     0.687755  1.57930e-16
     0.687891  1.54647e-16
     0.688026  1.48149e-16
     0.688161  1.58974e-16
     0.688296  1.66272e-16
     0.688432  1.53852e-16
     0.688567  1.53782e-16
     0.688702  1.60410e-16
     0.688837  1.50038e-16
     0.688973  1.36438e-16
     0.689108  1.37437e-16
     0.689243  1.50638e-16
     0.689378  1.40099e-16
     0.689514  1.28294e-16
     0.689649  1.35759e-16
     0.689784  1.37873e-16
     0.689919  1.33799e-16
     0.690054  1.31953e-16
     0.690190  1.42074e-16
     0.690325  1.48157e-16
     0.690460  1.37725e-16
     0.690595  1.26384e-16
     0.690731  1.30855e-16
     0.690866  1.35944e-16
     0.691001  1.33610e-16
     0.691136  1.36071e-16
     0.691271  1.41224e-16
     0.691407  1.33236e-16
     0.691542  1.35515e-16
     0.691677  1.47227e-16
     0.691812  1.53679e-16
     0.691948  1.47460e-16
     0.692083  1.46744e-16
     0.692218  1.39839e-16
     0.692353  1.28393e-16
     0.692489  1.29822e-16
     0.692624  1.45254e-16
     0.692759  1.49623e-16
     0.692894  1.31044e-16
     0.693029  1.32318e-16
     0.693165  1.42120e-16
     0.693300  1.54485e-16
     0.693435  1.56268e-16
     0.693570  1.48315e-16
     0.693706  1.43385e-16
     0.693841  1.47283e-16
     0.693976  1.44845e-16
     0.694111  1.43416e-16
     0.694247  1.49450e-16
     0.694382  1.55723e-16
     0.694517  1.57736e-16
     0.694652  1.51121e-16
     0.694787  1.44443e-16
     0.694923  1.50801e-16
     0.695058  1.54927e-16
     0.695193  1.49031e-16
     0.695328  1.57812e-16
     0.695464  1.51103e-16
     0.695599  1.44455e-16
     0.695734  1.44304e-16
     0.695869  1.47019e-16
     0.696005  1.40686e-16
     0.696140  1.38689e-16
     0.696275  1.50504e-16
     0.696410  1.48063e-16
     0.696545  1.45805e-16
     0.696681  1.46497e-16
     0.696816  1.47299e-16
     0.696951  1.51850e-16
     0.697086  1.57053e-16
     0.697222  1.61489e-16
     0.697357  1.67578e-16
     0.697492  1.57590e-16
     0.697627  1.51871e-16
     0.697763  1.47598e-16
     0.697898  1.48680e-16
     0.698033  1.49758e-16
     0.698168  1.47582e-16
     0.698303  1.45228e-16
     0.698439  1.54127e-16
     0.698574  1.63103e-16
     0.698709  1.45309e-16
     0.698844  1.43018e-16
     0.698980  1.51288e-16
     0.699115  1.48569e-16
     0.699250  1.32971e-16
     0.699385  1.42557e-16
     0.699521  1.55027e-16
     0.699656  1.50388e-16
     0.699791  1.48421e-16
     0.699926  1.45466e-16
     0.700062  1.48751e-16
     0.700197  1.49043e-16
     0.700332  1.41419e-16
     0.700467  1.40249e-16
     0.700602  1.34597e-16
     0.700738  1.48827e-16
     0.700873  1.56612e-16
     0.701008  1.47448e-16
     0.701143  1.52190e-16
     0.701279  1.51947e-16
     0.701414  1.53958e-16
     0.701549  1.52056e-16
     0.701684  1.59312e-16
     0.701819  1.55433e-16
     0.701955  1.51056e-16
     0.702090  1.56795e-16
     0.702225  1.62470e-16
     0.702360  1.59378e-16
     0.702496  1.63478e-16
     0.702631  1.64398e-16
     0.702766  1.66282e-16
     0.702901  1.70138e-16
     0.703037  1.65430e-16
     0.703172  1.71821e-16
     0.703307  1.74078e-16
     0.703442  1.70530e-16
     0.703577  1.67215e-16
     0.703713  1.76289e-16
     0.703848  1.84299e-16
     0.703983  1.67386e-16
     0.704118  1.65925e-16
     0.704254  1.84161e-16
     0.704389  1.80225e-16
     0.704524  1.72520e-16
     0.704659  1.79395e-16
     0.704795  1.71734e-16
     0.704930  1.60870e-16
     0.705065  1.68785e-16
     0.705200  1.70231e-16
     0.705335  1.74368e-16
     0.705471  1.85483e-16
     0.705606  1.82360e-16
     0.705741  1.76505e-16
     0.705876  1.73960e-16
     0.706012  1.80735e-16
     0.706147  1.87124e-16
     0.706282  1.87923e-16
     0.706417  1.80392e-16
     0.706553  1.73522e-16
     0.706688  1.79013e-16
     0.706823  1.88688e-16
     0.706958  1.93402e-16
     0.707093  1.93379e-16
     0.707229  1.94114e-16
     0.707364  1.95364e-16
     0.707499  1.88943e-16
     0.707634  1.82244e-16
     0.707770  1.83625e-16
     0.707905  1.88161e-16
     0.708040  1.96476e-16
     0.708175  1.96433e-16
     0.708310  1.90431e-16
     0.708446  1.90129e-16
     0.708581  1.85893e-16
     0.708716  1.85681e-16
     0.708851  1.85065e-16
     0.708987  1.80065e-16
     0.709122  1.80364e-16
     0.709257  1.78308e-16
     0.709392  1.80862e-16
     0.709528  1.89146e-16
     0.709663  1.90287e-16
     0.709798  1.91858e-16
     0.709933  2.00429e-16
     0.710069  2.05695e-16
     0.710204  1.92465e-16
     0.710339  1.86856e-16
     0.710474  1.92390e-16
     0.710609  1.95592e-16
     0.710745  1.99939e-16
     0.710880  1.95988e-16
     0.711015  2.01458e-16
     0.711150  2.09942e-16
     0.711286  2.07012e-16
     0.711421  2.07840e-16
     0.711556  2.07112e-16
     0.711691  2.03499e-16
     0.711827  1.93682e-16
     0.711962  1.92651e-16
     0.712097  2.10165e-16
     0.712232  2.15069e-16
     0.712367  2.08815e-16
     0.712503  2.15889e-16
     0.712638  2.16330e-16
     0.712773  2.11012e-16
     0.712908  1.98616e-16
     0.713044  1.95343e-16
     0.713179  2.00262e-16
     0.713314  2.06356e-16
     0.713449  2.08036e-16
     0.713584  2.10098e-16
     0.713720  2.05250e-16
     0.713855  2.04050e-16
     0.713990  2.07924e-16
     0.714125  2.07155e-16
     0.714261  2.09462e-16
     0.714396  2.14082e-16
     0.714531  2.13915e-16
     0.714666  2.20804e-16
     0.714802  2.27775e-16
     0.714937  2.24817e-16
     0.715072  2.18085e-16
     0.715207  2.14151e-16
     0.715342  2.16593e-16
     0.715478  2.17922e-16
     0.715613  2.17655e-16
     0.715748  2.21557e-16
     0.715883  2.15514e-16
     0.716019  2.11784e-16
     0.716154  2.09059e-16
     0.716289  2.14155e-16
     0.716424  2.23651e-16
     0.716560  2.24648e-16
     0.716695  2.18148e-16
     0.716830  2.17513e-16
     0.716965  2.12287e-16
     0.717101  2.13936e-16
     0.717236  2.15668e-16
     0.717371  2.03793e-16
     0.717506  2.07661e-16
     0.717641  2.20172e-16
     0.717777  2.17478e-16
     0.717912  2.14913e-16
     0.718047  2.12266e-16
     0.718182  2.09153e-16
     0.718318  2.34756e-16
     0.718453  2.37103e-16
     0.718588  2.25688e-16
     0.718723  2.24540e-16
     0.718858  2.20562e-16
     0.718994  2.13994e-16
     0.719129  2.20932e-16
     0.719264  2.28250e-16
     0.719399  2.24546e-16
     0.719535  2.23031e-16
     0.719670  2.21739e-16
     0.719805  2.24358e-16
     0.719940  2.28910e-16
     0.720076  2.38612e-16
     0.720211  2.42148e-16
     0.720346  2.35636e-16
     0.720481  2.34956e-16
     0.720617  2.37012e-16
     0.720752  2.26044e-16
     0.720887  2.27046e-16
     0.721022  2.35398e-16
     0.721157  2.42179e-16
     0.721293  2.35269e-16
     0.721428  2.38633e-16
     0.721563  2.44931e-16
     0.721698  2.39871e-16
     0.721834  2.31876e-16
     0.721969  2.33251e-16
     0.722104  2.38861e-16
     0.722239  2.35060e-16
     0.722374  2.29884e-16
     0.722510  2.31811e-16
     0.722645  2.41106e-16
     0.722780  2.47882e-16
     0.722915  2.43577e-16
     0.723051  2.46052e-16
     0.723186  2.43402e-16
     0.723321  2.44401e-16
     0.723456  2.49633e-16
     0.723592  2.51267e-16
     0.723727  2.51518e-16
     0.723862  2.51293e-16
     0.723997  2.66346e-16
     0.724132  2.58895e-16
     0.724268  2.34733e-16
     0.724403  2.39929e-16
     0.724538  2.35599e-16
     0.724673  2.30753e-16
     0.724809  2.24385e-16
     0.724944  2.24744e-16
     0.725079  2.52576e-16
     0.725214  2.46972e-16
     0.725350  2.37567e-16
     0.725485  2.47935e-16
     0.725620  2.52962e-16
     0.725755  2.54901e-16
     0.725890  2.53369e-16
     0.726026  2.51925e-16
     0.726161  2.49951e-16
     0.726296  2.54461e-16
     0.726431  2.59718e-16
     0.726567  2.60849e-16
     0.726702  2.53686e-16
     0.726837  2.40732e-16
     0.726972  2.51841e-16
     0.727108  2.66715e-16
     0.727243  2.66972e-16
     0.727378  2.62817e-16
     0.727513  2.52290e-16
     0.727648  2.54387e-16
     0.727784  2.69364e-16
     0.727919  2.58958e-16
     0.728054  2.51357e-16
     0.728189  2.56729e-16
     0.728325  2.39484e-16
     0.728460  2.48124e-16
     0.728595  2.53288e-16
     0.728730  2.53229e-16
     0.728866  2.63080e-16
     0.729001  2.61708e-16
     0.729136  2.52526e-16
     0.729271  2.54264e-16
     0.729406  2.55711e-16
     0.729542  2.54941e-16
     0.729677  2.59296e-16
     0.729812  2.68120e-16
     0.729947  2.70872e-16
     0.730083  2.59041e-16
     0.730218  2.62381e-16
     0.730353  2.71922e-16
     0.730488  2.66947e-16
     0.730624  2.56931e-16
     0.730759  2.62157e-16
     0.730894  2.61894e-16
     0.731029  2.67550e-16
     0.731164  2.78893e-16
     0.731300  2.75964e-16
     0.731435  2.48707e-16
     0.731570  2.42229e-16
     0.731705  2.55496e-16
     0.731841  2.49443e-16
     0.731976  2.61007e-16
     0.732111  2.76806e-16
     0.732246  2.71411e-16
     0.732382  2.58628e-16
     0.732517  2.61539e-16
     0.732652  2.54678e-16
     0.732787  2.45420e-16
     0.732922  2.46845e-16
     0.733058  2.45543e-16
     0.733193  2.50620e-16
     0.733328  2.59488e-16
     0.733463  2.49892e-16
     0.733599  2.46685e-16
     0.733734  2.55644e-16
     0.733869  2.48968e-16
     0.734004  2.59402e-16
     0.734140  2.47851e-16
     0.734275  2.43978e-16
     0.734410  2.51457e-16
     0.734545  2.58883e-16
     0.734680  2.62977e-16
     0.734816  2.55994e-16
     0.734951  2.51359e-16
     0.735086  2.68742e-16
     0.735221  2.69472e-16
     0.735357  2.56040e-16
     0.735492  2.54122e-16
     0.735627  2.54623e-16
     0.735762  2.56942e-16
     0.735897  2.57034e-16
     0.736033  2.54813e-16
     0.736168  2.59788e-16
     0.736303  2.56798e-16
     0.736438  2.56641e-16
     0.736574  2.67548e-16
     0.736709  2.62675e-16
     0.736844  2.55372e-16
     0.736979  2.57952e-16
     0.737115  2.67757e-16
     0.737250  2.70530e-16
     0.737385  2.60031e-16
     0.737520  2.55809e-16
     0.737656  2.52820e-16
     0.737791  2.56990e-16
     0.737926  2.59726e-16
     0.738061  2.58157e-16
     0.738196  2.59379e-16
     0.738332  2.46259e-16
     0.738467  2.39384e-16
     0.738602  2.46213e-16
     0.738737  2.45025e-16
     0.738873  2.40530e-16
     0.739008  2.42834e-16
     0.739143  2.42723e-16
     0.739278  2.52468e-16
     0.739413  2.55792e-16
     0.739549  2.42546e-16
     0.739684  2.38710e-16
     0.739819  2.46311e-16
     0.739954  2.46897e-16
     0.740090  2.43811e-16
     0.740225  2.50070e-16
     0.740360  2.43277e-16
     0.740495  2.44896e-16
     0.740631  2.49124e-16
     0.740766  2.42390e-16
     0.740901  2.36500e-16
     0.741036  2.31923e-16
     0.741171  2.26009e-16
     0.741307  2.35008e-16
     0.741442  2.42557e-16
     0.741577  2.37368e-16
     0.741712  2.45858e-16
     0.741848  2.47605e-16
     0.741983  2.39261e-16
     0.742118  2.34718e-16
     0.742253  2.44301e-16
     0.742389  2.46092e-16
     0.742524  2.31229e-16
     0.742659  2.24452e-16
     0.742794  2.25732e-16
     0.742930  2.31708e-16
     0.743065  2.33313e-16
     0.743200  2.28275e-16
     0.743335  2.29559e-16
     0.743470  2.27005e-16
     0.743606  2.21412e-16
     0.743741  2.33670e-16
     0.743876  2.44777e-16
     0.744011  2.35331e-16
     0.744147  2.38788e-16
     0.744282  2.44894e-16
     0.744417  2.30037e-16
     0.744552  2.20648e-16
     0.744687  2.22138e-16
     0.744823  2.26474e-16
     0.744958  2.25754e-16
     0.745093  2.23117e-16
     0.745228  2.27772e-16
     0.745364  2.37091e-16
     0.745499  2.32178e-16
     0.745634  2.23357e-16
     0.745769  2.24701e-16
     0.745905  2.22589e-16
     0.746040  2.19661e-16
     0.746175  2.18268e-16
     0.746310  2.28626e-16
     0.746446  2.37777e-16
     0.746581  2.36321e-16
     0.746716  2.23173e-16
     0.746851  2.14243e-16
     0.746986  2.16106e-16
     0.747122  2.14454e-16
     0.747257  2.16551e-16
     0.747392  2.27656e-16
     0.747527  2.26556e-16
     0.747663  2.27032e-16
     0.747798  2.26257e-16
     0.747933  2.17939e-16
     0.748068  2.22282e-16
     0.748203  2.26462e-16
     0.748339  2.03414e-16
     0.748474  2.02662e-16
     0.748609  2.15635e-16
     0.748744  2.09718e-16
     0.748880  2.07871e-16
     0.749015  2.02531e-16
     0.749150  2.07356e-16
     0.749285  2.08088e-16
     0.749421  2.07483e-16
     0.749556  2.10674e-16
     0.749691  2.14712e-16
     0.749826  2.18120e-16
     0.749961  2.15900e-16
     0.750097  2.09808e-16
     0.750232  2.00223e-16
     0.750367  2.02458e-16
     0.750502  2.11797e-16
     0.750638  2.01585e-16
     0.750773  1.93511e-16
     0.750908  2.00692e-16
     0.751043  2.03574e-16
     0.751179  2.03174e-16
     0.751314  2.00502e-16
     0.751449  1.99144e-16
     0.751584  2.03681e-16
     0.751719  1.97002e-16
     0.751855  1.92837e-16
     0.751990  1.91943e-16
     0.752125  1.99217e-16
     0.752260  1.97338e-16
     0.752396  2.00070e-16
     0.752531  1.75389e-16
     0.752666  1.76672e-16
     0.752801  1.92714e-16
     0.752937  1.93023e-16
     0.753072  1.99068e-16
     0.753207  1.99217e-16
     0.753342  1.94527e-16
     0.753478  1.91523e-16
     0.753613  1.83916e-16
     0.753748  1.81014e-16
     0.753883  1.79557e-16
     0.754018  1.78619e-16
     0.754154  1.82875e-16
     0.754289  1.80248e-16
     0.754424  1.83973e-16
     0.754559  1.78352e-16
     0.754695  1.71815e-16
     0.754830  1.77069e-16
     0.754965  1.79946e-16
     0.755100  1.74847e-16
     0.755235  1.70232e-16
     0.755371  1.76490e-16
     0.755506  1.77411e-16
     0.755641  1.64523e-16
     0.755776  1.64107e-16
     0.755912  1.70367e-16
     0.756047  1.74719e-16
     0.756182  1.70073e-16
     0.756317  1.65014e-16
     0.756453  1.59991e-16
     0.756588  1.60205e-16
     0.756723  1.68747e-16
     0.756858  1.64621e-16
     0.756993  1.46391e-16
     0.757129  1.44413e-16
     0.757264  1.52632e-16
     0.757399  1.61072e-16
     0.757534  1.60592e-16
     0.757670  1.45896e-16
     0.757805  1.45466e-16
     0.757940  1.52838e-16
     0.758075  1.45332e-16
     0.758211  1.48872e-16
     0.758346  1.52591e-16
     0.758481  1.38104e-16
     0.758616  1.41938e-16
     0.758751  1.49702e-16
     0.758887  1.48851e-16
     0.759022  1.42164e-16
     0.759157  1.38858e-16
     0.759292  1.47785e-16
     0.759428  1.47910e-16
     0.759563  1.48856e-16
     0.759698  1.59542e-16
     0.759833  1.50105e-16
     0.759969  1.27954e-16
     0.760104  1.31264e-16
     0.760239  1.37328e-16
     0.760374  1.39899e-16
     0.760509  1.29219e-16
     0.760645  1.30143e-16
     0.760780  1.20497e-16
     0.760915  1.17959e-16
     0.761050  1.17892e-16
     0.761186  1.18500e-16
     0.761321  1.19245e-16
     0.761456  1.00054e-16
     0.761591  9.28708e-17
     0.761726  1.08642e-16
     0.761862  1.14414e-16
     0.761997  1.16172e-16
     0.762132  1.11697e-16
     0.762267  1.11352e-16
     0.762403  1.17903e-16
     0.762538  1.08869e-16
     0.762673  9.83674e-17
     0.762808  8.52205e-17
     0.762944  6.86195e-17
     0.763079  7.87453e-17
     0.763214  8.00872e-17
     0.763349  8.27361e-17
     0.763485  8.65375e-17
     0.763620  7.28642e-17
     0.763755  7.32255e-17
     0.763890  5.61738e-17
     0.764025  6.30918e-17
     0.764161  7.03185e-17
     0.764296  6.00893e-17
     0.764431  5.40947e-17
     0.764566  5.73976e-17
     0.764702  5.31491e-17
     0.764837  4.29888e-17
     0.764972  5.00688e-17
     0.765107  5.43704e-17
     0.765243  3.89768e-17
     0.765378  3.07077e-17
     0.765513  3.13058e-17
     0.765648  3.29411e-17
     0.765783  2.50412e-17
     0.765919  1.57138e-17
     0.766054  1.66000e-17
     0.766189  1.25026e-17
     0.766324  5.64866e-18
     0.766460  5.73742e-18
     0.766595  1.91024e-17
     0.766730  1.45779e-17
     0.766865  1.15571e-17
     0.767001  2.48264e-17
     0.767136  2.65622e-17
     0.767271  2.63484e-17
     0.767406  3.76957e-17
     0.767541  3.66540e-17
     0.767677  3.33233e-17
     0.767812  4.22179e-17
     0.767947  4.92987e-17
     0.768082  4.47661e-17
     0.768218  4.69071e-17
     0.768353  5.43673e-17
     0.768488  5.62320e-17
     0.768623  4.58377e-17
     0.768758  3.55204e-17
     0.768894  4.19021e-17
     0.769029  4.35149e-17
     0.769164  3.12954e-17
     0.769299  2.63418e-17
     0.769435  3.23916e-17
     0.769570  3.23299e-17
     0.769705  2.58970e-17
     0.769840  1.10239e-17
     0.769976  1.52467e-17
     0.770111  3.07269e-17
     0.770246  3.08824e-17
     0.770381  3.27767e-17
     0.770517  4.20484e-17
     0.770652  4.21119e-17
     0.770787  5.84650e-17
     0.770922  6.93145e-17
     0.771057  6.66570e-17
     0.771193  6.72609e-17
     0.771328  7.61639e-17
     0.771463  8.07158e-17
     0.771598  7.95231e-17
     0.771734  8.46662e-17
     0.771869  7.69098e-17
     0.772004  7.34592e-17
     0.772139  8.12271e-17
     0.772274  7.72385e-17
     0.772410  7.34375e-17
     0.772545  8.14222e-17
     0.772680  9.56523e-17
     0.772815  1.05858e-16
     0.772951  1.04302e-16
     0.773086  1.00817e-16
     0.773221  1.02596e-16
     0.773356  1.09914e-16
     0.773492  1.11847e-16
     0.773627  1.06091e-16
     0.773762  1.10783e-16
     0.773897  1.19692e-16
     0.774033  1.21767e-16
     0.774168  1.16253e-16
     0.774303  1.14928e-16
     0.774438  1.20217e-16
     0.774573  1.21486e-16
     0.774709  1.23583e-16
     0.774844  1.39674e-16
     0.774979  1.52117e-16
     0.775114  1.42979e-16
     0.775250  1.46954e-16
     0.775385  1.50040e-16
     0.775520  1.55144e-16
     0.775655  1.51325e-16
     0.775790  1.39550e-16
     0.775926  1.40000e-16
     0.776061  1.31662e-16
     0.776196  1.23186e-16
     0.776331  1.44129e-16
     0.776467  1.45278e-16
     0.776602  1.41834e-16
     0.776737  1.52568e-16
     0.776872  1.54146e-16
     0.777008  1.52723e-16
     0.777143  1.65802e-16
     0.777278  1.73789e-16
     0.777413  1.65355e-16
     0.777548  1.69804e-16
     0.777684  1.66035e-16
     0.777819  1.61319e-16
     0.777954  1.62606e-16
     0.778089  1.53160e-16
     0.778225  1.54511e-16
     0.778360  1.66679e-16
     0.778495  1.60197e-16
     0.778630  1.65323e-16
     0.778766  1.77816e-16
     0.778901  1.80225e-16
     0.779036  1.86924e-16
     0.779171  1.68291e-16
     0.779306  1.66819e-16
     0.779442  1.70670e-16
     0.779577  1.51427e-16
     0.779712  1.30039e-16
     0.779847  1.26318e-16
     0.779983  1.22373e-16
     0.780118  1.09768e-16
     0.780253  1.22849e-16
     0.780388  1.43799e-16
     0.780524  1.55499e-16
     0.780659  1.69254e-16
     0.780794  1.78519e-16
     0.780929  1.85539e-16
     0.781065  2.00460e-16
     0.781200  1.90454e-16
     0.781335  1.94415e-16
     0.781470  2.05519e-16
     0.781605  2.16359e-16
     0.781741  2.30713e-16
     0.781876  2.23908e-16
     0.782011  2.42329e-16
     0.782146  2.49001e-16
     0.782282  2.30989e-16
     0.782417  2.15770e-16
     0.782552  2.17498e-16
     0.782687  2.33115e-16
     0.782822  2.33866e-16
     0.782958  2.19427e-16
     0.783093  2.22271e-16
     0.783228  2.34970e-16
     0.783363  2.40482e-16
     0.783499  2.48100e-16
     0.783634  2.43621e-16
     0.783769  2.46958e-16
     0.783904  2.36085e-16
     0.784040  2.38343e-16
     0.784175  2.45349e-16
     0.784310  2.46330e-16
     0.784445  2.53933e-16
     0.784580  2.62159e-16
     0.784716  2.65077e-16
     0.784851  2.75341e-16
     0.784986  2.61688e-16
     0.785121  2.62777e-16
     0.785257  2.79519e-16
     0.785392  2.64019e-16
     0.785527  2.57397e-16
     0.785662  2.53235e-16
     0.785798  2.51192e-16
     0.785933  2.63990e-16
     0.786068  2.72675e-16
     0.786203  2.79089e-16
     0.786338  2.93626e-16
     0.786474  2.96198e-16
     0.786609  2.79880e-16
     0.786744  2.81564e-16
     0.786879  2.92105e-16
     0.787015  2.82154e-16
     0.787150  2.73158e-16
     0.787285  2.77263e-16
     0.787420  2.81176e-16
     0.787556  2.74207e-16
     0.787691  2.85642e-16
     0.787826  3.08917e-16
     0.787961  3.14016e-16
     0.788096  3.23228e-16
     0.788232  3.14074e-16
     0.788367  3.16727e-16
     0.788502  3.33072e-16
     0.788637  3.18687e-16
     0.788773  2.98124e-16
     0.788908  3.05940e-16
     0.789043  3.13978e-16
     0.789178  3.12284e-16
     0.789314  3.20337e-16
     0.789449  3.32579e-16
     0.789584  3.35827e-16
     0.789719  3.38536e-16
     0.789854  3.43031e-16
     0.789990  3.47808e-16
     0.790125  3.46934e-16
     0.790260  3.49148e-16
     0.790395  3.34341e-16
     0.790531  3.20509e-16
     0.790666  3.16677e-16
     0.790801  3.37077e-16
     0.790936  3.57043e-16
     0.791072  3.63118e-16
     0.791207  3.80542e-16
     0.791342  3.73206e-16
     0.791477  3.86277e-16
     0.791612  3.78983e-16
     0.791748  3.88408e-16
     0.791883  4.20549e-16
     0.792018  3.93450e-16
     0.792153  3.64472e-16
     0.792289  3.63892e-16
     0.792424  3.72935e-16
     0.792559  3.68444e-16
     0.792694  3.48983e-16
     0.792830  3.53255e-16
     0.792965  3.66703e-16
     0.793100  3.75304e-16
     0.793235  3.95220e-16
     0.793370  4.07545e-16
     0.793506  4.08710e-16
     0.793641  3.93302e-16
     0.793776  3.87754e-16
     0.793911  3.76623e-16
     0.794047  3.71259e-16
     0.794182  3.45310e-16
     0.794317  3.07077e-16
     0.794452  2.75724e-16
     0.794588  2.44957e-16
     0.794723  2.21351e-16
     0.794858  2.29436e-16
     0.794993  2.43613e-16
     0.795128  2.83194e-16
     0.795264  3.29566e-16
     0.795399  3.58769e-16
     0.795534  3.86122e-16
     0.795669  4.11055e-16
     0.795805  4.07572e-16
     0.795940  4.13942e-16
     0.796075  4.26895e-16
     0.796210  4.15960e-16
     0.796346  3.83353e-16
     0.796481  4.01038e-16
     0.796616  4.12875e-16
     0.796751  4.15626e-16
     0.796886  4.30115e-16
     0.797022  4.38298e-16
     0.797157  4.20985e-16
     0.797292  4.26682e-16
     0.797427  4.47606e-16
     0.797563  4.52400e-16
     0.797698  4.64306e-16
     0.797833  4.75567e-16
     0.797968  4.77903e-16
     0.798104  4.73441e-16
     0.798239  4.72817e-16
     0.798374  4.72105e-16
     0.798509  4.59533e-16
     0.798644  4.53285e-16
     0.798780  4.60431e-16
     0.798915  4.59965e-16
     0.799050  4.39098e-16
     0.799185  4.42362e-16
     0.799321  4.40056e-16
     0.799456  4.47466e-16
     0.799591  4.84355e-16
     0.799726  5.02739e-16
     0.799862  5.08639e-16
     0.799997  5.10204e-16
     0.800132  4.98889e-16
     0.800267  4.92468e-16
     0.800402  4.92591e-16
     0.800538  4.81576e-16
     0.800673  4.74492e-16
     0.800808  4.79524e-16
     0.800943  4.91662e-16
     0.801079  5.02873e-16
     0.801214  4.99348e-16
     0.801349  4.86046e-16
     0.801484  4.69981e-16
     0.801620  4.76813e-16
     0.801755  5.00684e-16
     0.801890  5.09631e-16
     0.802025  5.13166e-16
     0.802160  5.26226e-16
     0.802296  5.37492e-16
     0.802431  5.33672e-16
     0.802566  5.24362e-16
     0.802701  5.29361e-16
     0.802837  5.31961e-16
     0.802972  5.26170e-16
     0.803107  5.34133e-16
     0.803242  5.34975e-16
     0.803378  5.29726e-16
     0.803513  5.37942e-16
     0.803648  5.31489e-16
     0.803783  5.19072e-16
     0.803918  5.21701e-16
     0.804054  5.20698e-16
     0.804189  5.24089e-16
     0.804324  5.36627e-16
     0.804459  5.46121e-16
     0.804595  5.60682e-16
     0.804730  5.59373e-16
     0.804865  5.57290e-16
     0.805000  5.68641e-16
     0.805135  5.80259e-16
     0.805271  5.76012e-16
     0.805406  5.78352e-16
     0.805541  5.90271e-16
     0.805676  5.90014e-16
     0.805812  5.85310e-16
     0.805947  5.76163e-16
     0.806082  5.62374e-16
     0.806217  5.56182e-16
     0.806353  5.44618e-16
     0.806488  5.47154e-16
     0.806623  5.55721e-16
     0.806758  5.70273e-16
     0.806894  5.88852e-16
     0.807029  6.05334e-16
     0.807164  6.10940e-16
     0.807299  6.17386e-16
     0.807434  6.16420e-16
     0.807570  6.12680e-16
     0.807705  6.22429e-16
     0.807840  6.23184e-16
     0.807975  6.10950e-16
     0.808111  6.24200e-16
     0.808246  6.16787e-16
     0.808381  6.11245e-16
     0.808516  6.11902e-16
     0.808652  6.08108e-16
     0.808787  6.04979e-16
     0.808922  6.17524e-16
     0.809057  6.27216e-16
     0.809192  6.22282e-16
     0.809328  6.33277e-16
     0.809463  6.50049e-16
     0.809598  6.51525e-16
     0.809733  6.40331e-16
     0.809869  6.29075e-16
     0.810004  6.12964e-16
     0.810139  6.16406e-16
     0.810274  6.36194e-16
     0.810409  6.33172e-16
     0.810545  6.33930e-16
     0.810680  6.41604e-16
     0.810815  6.47069e-16
     0.810950  6.45769e-16
     0.811086  6.55966e-16
     0.811221  6.55392e-16
     0.811356  6.62419e-16
     0.811491  6.58629e-16
     0.811627  6.44918e-16
     0.811762  6.48098e-16
     0.811897  6.51965e-16
     0.812032  6.47196e-16
     0.812167  6.58512e-16
     0.812303  6.73805e-16
     0.812438  6.80440e-16
     0.812573  6.72119e-16
     0.812708  6.77315e-16
     0.812844  6.83232e-16
     0.812979  6.90012e-16
     0.813114  6.94915e-16
     0.813249  6.83050e-16
     0.813385  6.79386e-16
     0.813520  6.84657e-16
     0.813655  7.00216e-16
     0.813790  7.07115e-16
     0.813926  6.99514e-16
     0.814061  6.91667e-16
     0.814196  6.90127e-16
     0.814331  6.88925e-16
     0.814466  6.80300e-16
     0.814602  6.69107e-16
     0.814737  6.72447e-16
     0.814872  6.82057e-16
     0.815007  6.80406e-16
     0.815143  6.82174e-16
     0.815278  6.97557e-16
     0.815413  7.11333e-16
     0.815548  7.14831e-16
     0.815683  7.20885e-16
     0.815819  7.29289e-16
     0.815954  7.32947e-16
     0.816089  7.25063e-16
     0.816224  7.17295e-16
     0.816360  7.24126e-16
     0.816495  7.29114e-16
     0.816630  7.27709e-16
     0.816765  7.27148e-16
     0.816901  7.34540e-16
     0.817036  7.44154e-16
     0.817171  7.40074e-16
     0.817306  7.44835e-16
     0.817441  7.51154e-16
     0.817577  7.43495e-16
     0.817712  7.47032e-16
     0.817847  7.42470e-16
     0.817982  7.08219e-16
     0.818118  6.68227e-16
     0.818253  6.50043e-16
     0.818388  6.49308e-16
     0.818523  6.47464e-16
     0.818659  6.64706e-16
     0.818794  6.86878e-16
     0.818929  6.93512e-16
     0.819064  6.72691e-16
     0.819199  6.50694e-16
     0.819335  6.31594e-16
     0.819470  6.10143e-16
     0.819605  6.25903e-16
     0.819740  6.50690e-16
     0.819876  6.76403e-16
     0.820011  7.20634e-16
     0.820146  7.61413e-16
     0.820281  7.85224e-16
     0.820417  8.01210e-16
     0.820552  8.01061e-16
     0.820687  8.02024e-16
     0.820822  8.07537e-16
     0.820957  8.12406e-16
     0.821093  8.24279e-16
     0.821228  8.35073e-16
     0.821363  8.39144e-16
     0.821498  8.41444e-16
     0.821634  8.44324e-16
     0.821769  8.41302e-16
     0.821904  8.33105e-16
     0.822039  8.39470e-16
     0.822174  8.46444e-16
     0.822310  8.41135e-16
     0.822445  8.36980e-16
     0.822580  8.48045e-16
     0.822715  8.44583e-16
     0.822851  8.41895e-16
     0.822986  8.59317e-16
     0.823121  8.69505e-16
     0.823256  8.67575e-16
     0.823392  8.63194e-16
     0.823527  8.57194e-16
     0.823662  8.59834e-16
     0.823797  8.49590e-16
     0.823933  8.50138e-16
     0.824068  8.52123e-16
     0.824203  8.61550e-16
     0.824338  8.86660e-16
     0.824473  8.86391e-16
     0.824609  8.95519e-16
     0.824744  9.01482e-16
     0.824879  9.08083e-16
     0.825014  9.20667e-16
     0.825150  9.17399e-16
     0.825285  9.08154e-16
     0.825420  9.01807e-16
     0.825555  8.98345e-16
     0.825691  8.98351e-16
     0.825826  9.02456e-16
     0.825961  9.02218e-16
     0.826096  9.02408e-16
     0.826231  9.10952e-16
     0.826367  9.14865e-16
     0.826502  9.15721e-16
     0.826637  9.25997e-16
     0.826772  9.33569e-16
     0.826908  9.39519e-16
     0.827043  9.39725e-16
     0.827178  9.31807e-16
     0.827313  9.14417e-16
     0.827449  9.18776e-16
     0.827584  9.14554e-16
     0.827719  9.20892e-16
     0.827854  9.34372e-16
     0.827989  9.44621e-16
     0.828125  9.52502e-16
     0.828260  9.56417e-16
     0.828395  9.80179e-16
     0.828530  9.80325e-16
     0.828666  9.81550e-16
     0.828801  9.87815e-16
     0.828936  9.72144e-16
     0.829071  9.59777e-16
     0.829207  9.47303e-16
     0.829342  9.34019e-16
     0.829477  9.14815e-16
     0.829612  9.09216e-16
     0.829747  9.23635e-16
     0.829883  9.34913e-16
     0.830018  9.54997e-16
     0.830153  9.70771e-16
     0.830288  9.73626e-16
     0.830424  9.91313e-16
     0.830559  1.01340e-15
     0.830694  1.00866e-15
     0.830829  9.80300e-16
     0.830965  9.60910e-16
     0.831100  9.59186e-16
     0.831235  9.60156e-16
     0.831370  9.55958e-16
     0.831505  9.64130e-16
     0.831641  9.75752e-16
     0.831776  9.85381e-16
     0.831911  9.95689e-16
     0.832046  9.97329e-16
     0.832182  1.00658e-15
     0.832317  1.01561e-15
     0.832452  1.02729e-15
     0.832587  1.01863e-15
     0.832723  1.01241e-15
     0.832858  1.01804e-15
     0.832993  1.02111e-15
     0.833128  1.02034e-15
     0.833263  1.00909e-15
     0.833399  1.01265e-15
     0.833534  1.00969e-15
     0.833669  1.01356e-15
     0.833804  1.02336e-15
     0.833940  1.05099e-15
     0.834075  1.06544e-15
     0.834210  1.05787e-15
     0.834345  1.06796e-15
     0.834480  1.06421e-15
     0.834616  1.07128e-15
     0.834751  1.07341e-15
     0.834886  1.07435e-15
     0.835021  1.08107e-15
     0.835157  1.08383e-15
     0.835292  1.06816e-15
     0.835427  1.05768e-15
     0.835562  1.07099e-15
     0.835698  1.06997e-15
     0.835833  1.05909e-15
     0.835968  1.05240e-15
     0.836103  1.04148e-15
     0.836239  1.04357e-15
     0.836374  1.05485e-15
     0.836509  1.06676e-15
     0.836644  1.08396e-15
     0.836779  1.09171e-15
     0.836915  1.10051e-15
     0.837050  1.09989e-15
     0.837185  1.10958e-15
     0.837320  1.10728e-15
     0.837456  1.09594e-15
     0.837591  1.09889e-15
     0.837726  1.11487e-15
     0.837861  1.11610e-15
     0.837996  1.10065e-15
     0.838132  1.09854e-15
     0.838267  1.11142e-15
     0.838402  1.11223e-15
     0.838537  1.10668e-15
     0.838673  1.10321e-15
     0.838808  1.10371e-15
     0.838943  1.10440e-15
     0.839078  1.11549e-15
     0.839214  1.12798e-15
     0.839349  1.13989e-15
     0.839484  1.16446e-15
     0.839619  1.15556e-15
     0.839755  1.16137e-15
     0.839890  1.18032e-15
     0.840025  1.17573e-15
     0.840160  1.16852e-15
     0.840295  1.15211e-15
     0.840431  1.12351e-15
     0.840566  1.12502e-15
     0.840701  1.13648e-15
     0.840836  1.16887e-15
     0.840972  1.19421e-15
     0.841107  1.21135e-15
     0.841242  1.22465e-15
     0.841377  1.22187e-15
     0.841513  1.22293e-15
     0.841648  1.22479e-15
     0.841783  1.22959e-15
     0.841918  1.22131e-15
     0.842053  1.20668e-15
     0.842189  1.20349e-15
     0.842324  1.18961e-15
     0.842459  1.20151e-15
     0.842594  1.21768e-15
     0.842730  1.20480e-15
     0.842865  1.19201e-15
     0.843000  1.22250e-15
     0.843135  1.25568e-15
     0.843270  1.27022e-15
     0.843406  1.29293e-15
     0.843541  1.32931e-15
     0.843676  1.32343e-15
     0.843811  1.26098e-15
     0.843947  1.20430e-15
     0.844082  1.19244e-15
     0.844217  1.19745e-15
     0.844352  1.18312e-15
     0.844488  1.18612e-15
     0.844623  1.20122e-15
     0.844758  1.20714e-15
     0.844893  1.22055e-15
     0.845029  1.23131e-15
     0.845164  1.23521e-15
     0.845299  1.24669e-15
     0.845434  1.25513e-15
     0.845569  1.25935e-15
     0.845705  1.25681e-15
     0.845840  1.22383e-15
     0.845975  1.20301e-15
     0.846110  1.21010e-15
     0.846246  1.22312e-15
     0.846381  1.21462e-15
     0.846516  1.17413e-15
     0.846651  1.16949e-15
     0.846786  1.20057e-15
     0.846922  1.23213e-15
     0.847057  1.27393e-15
     0.847192  1.28103e-15
     0.847327  1.25589e-15
     0.847463  1.24724e-15
     0.847598  1.23644e-15
     0.847733  1.21234e-15
     0.847868  1.19971e-15
     0.848004  1.18817e-15
     0.848139  1.15908e-15
     0.848274  1.14687e-15
     0.848409  1.15668e-15
     0.848544  1.16664e-15
     0.848680  1.18991e-15
     0.848815  1.21969e-15
     0.848950  1.23950e-15
     0.849085  1.25059e-15
     0.849221  1.25235e-15
     0.849356  1.25984e-15
     0.849491  1.25012e-15
     0.849626  1.21582e-15
     0.849762  1.19464e-15
     0.849897  1.18267e-15
     0.850032  1.17718e-15
     0.850167  1.17953e-15
     0.850302  1.19699e-15
     0.850438  1.22082e-15
     0.850573  1.24346e-15
     0.850708  1.27251e-15
     0.850843  1.28123e-15
     0.850979  1.26630e-15
     0.851114  1.25792e-15
     0.851249  1.22710e-15
     0.851384  1.17614e-15
     0.851520  1.11345e-15
     0.851655  1.03698e-15
     0.851790  9.38799e-16
     0.851925  8.34762e-16
     0.852060  7.73891e-16
     0.852196  7.69129e-16
     0.852331  8.19181e-16
     0.852466  9.19872e-16
     0.852601  1.03762e-15
     0.852737  1.14849e-15
     0.852872  1.22342e-15
     0.853007  1.26492e-15
     0.853142  1.29360e-15
     0.853278  1.29974e-15
     0.853413  1.28874e-15
     0.853548  1.28051e-15
     0.853683  1.27366e-15
     0.853818  1.27378e-15
     0.853954  1.27564e-15
     0.854089  1.28415e-15
     0.854224  1.29132e-15
     0.854359  1.30511e-15
     0.854495  1.32796e-15
     0.854630  1.33300e-15
     0.854765  1.36277e-15
     0.854900  1.39291e-15
     0.855036  1.39633e-15
     0.855171  1.39321e-15
     0.855306  1.39829e-15
     0.855441  1.40029e-15
     0.855576  1.38477e-15
     0.855712  1.37069e-15
     0.855847  1.37411e-15
     0.855982  1.37106e-15
     0.856117  1.34376e-15
     0.856253  1.34227e-15
     0.856388  1.31548e-15
     0.856523  1.32162e-15
     0.856658  1.34575e-15
     0.856794  1.34932e-15
     0.856929  1.35874e-15
     0.857064  1.37288e-15
     0.857199  1.39100e-15
     0.857334  1.39243e-15
     0.857470  1.39952e-15
     0.857605  1.40441e-15
     0.857740  1.41512e-15
     0.857875  1.42448e-15
     0.858011  1.39982e-15
     0.858146  1.39922e-15
     0.858281  1.42529e-15
     0.858416  1.41581e-15
     0.858552  1.38179e-15
     0.858687  1.38045e-15
     0.858822  1.38337e-15
     0.858957  1.38017e-15
     0.859092  1.39001e-15
     0.859228  1.39617e-15
     0.859363  1.41802e-15
     0.859498  1.43486e-15
     0.859633  1.44040e-15
     0.859769  1.44633e-15
     0.859904  1.44190e-15
     0.860039  1.44684e-15
     0.860174  1.45214e-15
     0.860310  1.43798e-15
     0.860445  1.41302e-15
     0.860580  1.37192e-15
     0.860715  1.32724e-15
     0.860851  1.26243e-15
     0.860986  1.15466e-15
     0.861121  1.04683e-15
     0.861256  9.54405e-16
     0.861391  8.66150e-16
     0.861527  7.95245e-16
     0.861662  7.49925e-16
     0.861797  7.31067e-16
     0.861932  7.39254e-16
     0.862067  7.64807e-16
     0.862203  7.83854e-16
     0.862338  7.71444e-16
     0.862473  7.61086e-16
     0.862608  7.54086e-16
     0.862744  7.42447e-16
     0.862879  7.19282e-16
     0.863014  6.77418e-16
     0.863149  6.54131e-16
     0.863285  6.42513e-16
     0.863420  6.53967e-16
     0.863555  6.91565e-16
     0.863690  7.14968e-16
     0.863826  7.37474e-16
     0.863961  7.72145e-16
     0.864096  7.92545e-16
     0.864231  7.99394e-16
     0.864366  8.00431e-16
     0.864502  8.04060e-16
     0.864637  8.08287e-16
     0.864772  8.15224e-16
     0.864907  8.43112e-16
     0.865043  9.03757e-16
     0.865178  9.54612e-16
     0.865313  9.78891e-16
     0.865448  9.95873e-16
     0.865583  1.00395e-15
     0.865719  9.90899e-16
     0.865854  9.82733e-16
     0.865989  9.63642e-16
     0.866124  9.51347e-16
     0.866260  9.58324e-16
     0.866395  9.72246e-16
     0.866530  9.93416e-16
     0.866665  1.01109e-15
     0.866801  1.01398e-15
     0.866936  1.01764e-15
     0.867071  1.00551e-15
     0.867206  1.00054e-15
     0.867342  1.02300e-15
     0.867477  1.03777e-15
     0.867612  1.04934e-15
     0.867747  1.05771e-15
     0.867882  1.01632e-15
     0.868018  9.63204e-16
     0.868153  9.11096e-16
     0.868288  8.82893e-16
     0.868423  8.95640e-16
     0.868559  9.27963e-16
     0.868694  9.69471e-16
     0.868829  1.00744e-15
     0.868964  1.02668e-15
     0.869099  9.94848e-16
     0.869235  9.25480e-16
     0.869370  8.66684e-16
     0.869505  8.14671e-16
     0.869640  7.76446e-16
     0.869776  7.66128e-16
     0.869911  7.84909e-16
     0.870046  7.96456e-16
     0.870181  8.00321e-16
     0.870317  7.99649e-16
     0.870452  7.86987e-16
     0.870587  7.72111e-16
     0.870722  7.51190e-16
     0.870858  7.46519e-16
     0.870993  7.43146e-16
     0.871128  7.32031e-16
     0.871263  7.81776e-16
     0.871398  8.55128e-16
     0.871534  8.15716e-16
     0.871669  7.97810e-16
     0.871804  7.93576e-16
     0.871939  7.82807e-16
     0.872075  7.66716e-16
     0.872210  7.65045e-16
     0.872345  7.71746e-16
     0.872480  7.81440e-16
     0.872616  7.97174e-16
     0.872751  8.07919e-16
     0.872886  8.16188e-16
     0.873021  8.28874e-16
     0.873156  8.24853e-16
     0.873292  8.14942e-16
     0.873427  8.17325e-16
     0.873562  8.30940e-16
     0.873697  8.45174e-16
     0.873833  8.55433e-16
     0.873968  8.64776e-16
     0.874103  8.83743e-16
     0.874238  9.03738e-16
     0.874374  9.17484e-16
     0.874509  9.28341e-16
     0.874644  9.31213e-16
     0.874779  9.28140e-16
     0.874914  9.22314e-16
     0.875050  9.14870e-16
     0.875185  9.14342e-16
     0.875320  9.25983e-16
     0.875455  9.26375e-16
     0.875591  9.39606e-16
     0.875726  9.43284e-16
     0.875861  9.40721e-16
     0.875996  9.20448e-16
     0.876131  9.20903e-16
     0.876267  9.30311e-16
     0.876402  9.02469e-16
     0.876537  8.88808e-16
     0.876672  8.80282e-16
     0.876808  8.67082e-16
     0.876943  8.99633e-16
     0.877078  9.64069e-16
     0.877213  1.02832e-15
     0.877349  1.09933e-15
     0.877484  1.12423e-15
     0.877619  1.09542e-15
     0.877754  1.05589e-15
     0.877889  1.04003e-15
     0.878025  9.99343e-16
     0.878160  9.65149e-16
     0.878295  9.18954e-16
     0.878430  8.92239e-16
     0.878566  9.03754e-16
     0.878701  8.93222e-16
     0.878836  8.73454e-16
     0.878971  8.89770e-16
     0.879107  9.11727e-16
     0.879242  9.51546e-16
     0.879377  9.96298e-16
     0.879512  1.00998e-15
     0.879647  1.01534e-15
     0.879783  9.95733e-16
     0.879918  9.61139e-16
     0.880053  9.11722e-16
     0.880188  8.89215e-16
     0.880324  8.78166e-16
     0.880459  8.70989e-16
     0.880594  8.67717e-16
     0.880729  8.75741e-16
     0.880865  9.17424e-16
     0.881000  9.66616e-16
     0.881135  1.02410e-15
     0.881270  1.08010e-15
     0.881405  1.13126e-15
     0.881541  1.16583e-15
     0.881676  1.16754e-15
     0.881811  1.16234e-15
     0.881946  1.15010e-15
     0.882082  1.11138e-15
     0.882217  1.06699e-15
     0.882352  1.02009e-15
     0.882487  9.81112e-16
     0.882623  9.51861e-16
     0.882758  9.81078e-16
     0.882893  1.01909e-15
     0.883028  1.08436e-15
     0.883163  1.14591e-15
     0.883299  1.15101e-15
     0.883434  1.13285e-15
     0.883569  1.12672e-15
     0.883704  1.12208e-15
     0.883840  1.12211e-15
     0.883975  1.13332e-15
     0.884110  1.11803e-15
     0.884245  1.07871e-15
     0.884381  1.05766e-15
     0.884516  1.02078e-15
     0.884651  9.75343e-16
     0.884786  9.62652e-16
     0.884921  9.87331e-16
     0.885057  1.04666e-15
     0.885192  1.10947e-15
     0.885327  1.15167e-15
     0.885462  1.15713e-15
     0.885598  1.11881e-15
     0.885733  1.08595e-15
     0.885868  1.07957e-15
     0.886003  1.08833e-15
     0.886139  1.11976e-15
     0.886274  1.16394e-15
     0.886409  1.18391e-15
     0.886544  1.17130e-15
     0.886679  1.13024e-15
     0.886815  1.06536e-15
     0.886950  1.01574e-15
     0.887085  9.91123e-16
     0.887220  1.00095e-15
     0.887356  1.05239e-15
     0.887491  1.12933e-15
     0.887626  1.20956e-15
     0.887761  1.26239e-15
     0.887897  1.30188e-15
     0.888032  1.31147e-15
     0.888167  1.25760e-15
     0.888302  1.19307e-15
     0.888438  1.14678e-15
     0.888573  1.13643e-15
     0.888708  1.17898e-15
     0.888843  1.21758e-15
     0.888978  1.22931e-15
     0.889114  1.23887e-15
     0.889249  1.24225e-15
     0.889384  1.20451e-15
     0.889519  1.14593e-15
     0.889655  1.12673e-15
     0.889790  1.14720e-15
     0.889925  1.19486e-15
     0.890060  1.26148e-15
     0.890195  1.29617e-15
     0.890331  1.29725e-15
     0.890466  1.29233e-15
     0.890601  1.26254e-15
     0.890736  1.22354e-15
     0.890872  1.20019e-15
     0.891007  1.18613e-15
     0.891142  1.20348e-15
     0.891277  1.24174e-15
     0.891412  1.28890e-15
     0.891548  1.33136e-15
     0.891683  1.32909e-15
     0.891818  1.31302e-15
     0.891953  1.29727e-15
     0.892089  1.25695e-15
     0.892224  1.23686e-15
     0.892359  1.23352e-15
     0.892494  1.20573e-15
     0.892630  1.20945e-15
     0.892765  1.23162e-15
     0.892900  1.23763e-15
     0.893035  1.28114e-15
     0.893171  1.32900e-15
     0.893306  1.33962e-15
     0.893441  1.32942e-15
     0.893576  1.27182e-15
     0.893711  1.18879e-15
     0.893847  1.11814e-15
     0.893982  1.05343e-15
     0.894117  9.97778e-16
     0.894252  9.69208e-16
     0.894388  9.79546e-16
     0.894523  1.01899e-15
     0.894658  1.10342e-15
     0.894793  1.18731e-15
     0.894929  1.20680e-15
     0.895064  1.19362e-15
     0.895199  1.18588e-15
     0.895334  1.20609e-15
     0.895469  1.27513e-15
     0.895605  1.34100e-15
     0.895740  1.36014e-15
     0.895875  1.36725e-15
     0.896010  1.36574e-15
     0.896146  1.35269e-15
     0.896281  1.31344e-15
     0.896416  1.26137e-15
     0.896551  1.22337e-15
     0.896686  1.20687e-15
     0.896822  1.23632e-15
     0.896957  1.28349e-15
     0.897092  1.30827e-15
     0.897227  1.32930e-15
     0.897363  1.36677e-15
     0.897498  1.39371e-15
     0.897633  1.40083e-15
     0.897768  1.39333e-15
     0.897904  1.35726e-15
     0.898039  1.32439e-15
     0.898174  1.31662e-15
     0.898309  1.32542e-15
     0.898445  1.36512e-15
     0.898580  1.39893e-15
     0.898715  1.40241e-15
     0.898850  1.39995e-15
     0.898985  1.39999e-15
     0.899121  1.37424e-15
     0.899256  1.35349e-15
     0.899391  1.34684e-15
     0.899526  1.32200e-15
     0.899662  1.30035e-15
     0.899797  1.29506e-15
     0.899932  1.30238e-15
     0.900067  1.33262e-15
     0.900203  1.37976e-15
     0.900338  1.42977e-15
     0.900473  1.46699e-15
     0.900608  1.44413e-15
     0.900743  1.41834e-15
     0.900879  1.39704e-15
     0.901014  1.38068e-15
     0.901149  1.39298e-15
     0.901284  1.39984e-15
     0.901420  1.42639e-15
     0.901555  1.45632e-15
     0.901690  1.45023e-15
     0.901825  1.44299e-15
     0.901961  1.42638e-15
     0.902096  1.39550e-15
     0.902231  1.33578e-15
     0.902366  1.28273e-15
     0.902501  1.26122e-15
     0.902637  1.24130e-15
     0.902772  1.24226e-15
     0.902907  1.27740e-15
     0.903042  1.31971e-15
     0.903178  1.37599e-15
     0.903313  1.44640e-15
     0.903448  1.51031e-15
     0.903583  1.55649e-15
     0.903718  1.57821e-15
     0.903854  1.55799e-15
     0.903989  1.51352e-15
     0.904124  1.47538e-15
     0.904259  1.44286e-15
     0.904395  1.42514e-15
     0.904530  1.43473e-15
     0.904665  1.44366e-15
     0.904800  1.46293e-15
     0.904936  1.48251e-15
     0.905071  1.50138e-15
     0.905206  1.50932e-15
     0.905341  1.50193e-15
     0.905476  1.48709e-15
     0.905612  1.45692e-15
     0.905747  1.42219e-15
     0.905882  1.40532e-15
     0.906017  1.39367e-15
     0.906153  1.38896e-15
     0.906288  1.39118e-15
     0.906423  1.38474e-15
     0.906558  1.37601e-15
     0.906694  1.38498e-15
     0.906829  1.39149e-15
     0.906964  1.37778e-15
     0.907099  1.38619e-15
     0.907234  1.40252e-15
     0.907370  1.42079e-15
     0.907505  1.44185e-15
     0.907640  1.48386e-15
     0.907775  1.51715e-15
     0.907911  1.53044e-15
     0.908046  1.52827e-15
     0.908181  1.52630e-15
     0.908316  1.52403e-15
     0.908452  1.49915e-15
     0.908587  1.48349e-15
     0.908722  1.47138e-15
     0.908857  1.46145e-15
     0.908992  1.45875e-15
     0.909128  1.48489e-15
     0.909263  1.51346e-15
     0.909398  1.54164e-15
     0.909533  1.56441e-15
     0.909669  1.57637e-15
     0.909804  1.59992e-15
     0.909939  1.61412e-15
     0.910074  1.62510e-15
     0.910210  1.60914e-15
     0.910345  1.57453e-15
     0.910480  1.56300e-15
     0.910615  1.55493e-15
     0.910751  1.52718e-15
     0.910886  1.53046e-15
     0.911021  1.54393e-15
     0.911156  1.56622e-15
     0.911291  1.57550e-15
     0.911427  1.56297e-15
     0.911562  1.57576e-15
     0.911697  1.59281e-15
     0.911832  1.61226e-15
     0.911968  1.64832e-15
     0.912103  1.67589e-15
     0.912238  1.67268e-15
     0.912373  1.64837e-15
     0.912508  1.63789e-15
     0.912644  1.64042e-15
     0.912779  1.65319e-15
     0.912914  1.67170e-15
     0.913049  1.67599e-15
     0.913185  1.67386e-15
     0.913320  1.68784e-15
     0.913455  1.66463e-15
     0.913590  1.62325e-15
     0.913726  1.58032e-15
     0.913861  1.54039e-15
     0.913996  1.52894e-15
     0.914131  1.55397e-15
     0.914267  1.57793e-15
     0.914402  1.61326e-15
     0.914537  1.63940e-15
     0.914672  1.64249e-15
     0.914807  1.64833e-15
     0.914943  1.66203e-15
     0.915078  1.68248e-15
     0.915213  1.70612e-15
     0.915348  1.75506e-15
     0.915484  1.79070e-15
     0.915619  1.79315e-15
     0.915754  1.79173e-15
     0.915889  1.77996e-15
     0.916025  1.74920e-15
     0.916160  1.72191e-15
     0.916295  1.71028e-15
     0.916430  1.72242e-15
     0.916565  1.73002e-15
     0.916701  1.73168e-15
     0.916836  1.73690e-15
     0.916971  1.73830e-15
     0.917106  1.71754e-15
     0.917242  1.67331e-15
     0.917377  1.63905e-15
     0.917512  1.63402e-15
     0.917647  1.64970e-15
     0.917782  1.68525e-15
     0.917918  1.72932e-15
     0.918053  1.74100e-15
     0.918188  1.73748e-15
     0.918323  1.75998e-15
     0.918459  1.76433e-15
     0.918594  1.76319e-15
     0.918729  1.79722e-15
     0.918864  1.83572e-15
     0.918999  1.85954e-15
     0.919135  1.85694e-15
     0.919270  1.83219e-15
     0.919405  1.81128e-15
     0.919540  1.82460e-15
     0.919676  1.83700e-15
     0.919811  1.86031e-15
     0.919946  1.89506e-15
     0.920081  1.91796e-15
     0.920217  1.93073e-15
     0.920352  1.93187e-15
     0.920487  1.91101e-15
     0.920622  1.87835e-15
     0.920758  1.83970e-15
     0.920893  1.80137e-15
     0.921028  1.76318e-15
     0.921163  1.73048e-15
     0.921298  1.70741e-15
     0.921434  1.70422e-15
     0.921569  1.72806e-15
     0.921704  1.77538e-15
     0.921839  1.81913e-15
     0.921975  1.86988e-15
     0.922110  1.89129e-15
     0.922245  1.88682e-15
     0.922380  1.90552e-15
     0.922516  1.94051e-15
     0.922651  1.93987e-15
     0.922786  1.91445e-15
     0.922921  1.89206e-15
     0.923056  1.86202e-15
     0.923192  1.83500e-15
     0.923327  1.80908e-15
     0.923462  1.79449e-15
     0.923597  1.79066e-15
     0.923733  1.79652e-15
     0.923868  1.81010e-15
     0.924003  1.86002e-15
     0.924138  1.91317e-15
     0.924274  1.94684e-15
     0.924409  1.94041e-15
     0.924544  1.91260e-15
     0.924679  1.88942e-15
     0.924814  1.86288e-15
     0.924950  1.84149e-15
     0.925085  1.84018e-15
     0.925220  1.85411e-15
     0.925355  1.87634e-15
     0.925491  1.90347e-15
     0.925626  1.92705e-15
     0.925761  1.92858e-15
     0.925896  1.87831e-15
     0.926032  1.82439e-15
     0.926167  1.79957e-15
     0.926302  1.79040e-15
     0.926437  1.80351e-15
     0.926572  1.83630e-15
     0.926708  1.85937e-15
     0.926843  1.85131e-15
     0.926978  1.83515e-15
     0.927113  1.82067e-15
     0.927249  1.78942e-15
     0.927384  1.74533e-15
     0.927519  1.71207e-15
     0.927654  1.66788e-15
     0.927790  1.62932e-15
     0.927925  1.61880e-15
     0.928060  1.60979e-15
     0.928195  1.63168e-15
     0.928330  1.65310e-15
     0.928466  1.64138e-15
     0.928601  1.63764e-15
     0.928736  1.65073e-15
     0.928871  1.65376e-15
     0.929007  1.64074e-15
     0.929142  1.65091e-15
     0.929277  1.67171e-15
     0.929412  1.66817e-15
     0.929548  1.68639e-15
     0.929683  1.70605e-15
     0.929818  1.70986e-15
     0.929953  1.72811e-15
     0.930088  1.73309e-15
     0.930224  1.72195e-15
     0.930359  1.71596e-15
     0.930494  1.73833e-15
     0.930629  1.79274e-15
     0.930765  1.79981e-15
     0.930900  1.77340e-15
     0.931035  1.77733e-15
     0.931170  1.83473e-15
     0.931305  1.88960e-15
     0.931441  1.90202e-15
     0.931576  1.89273e-15
     0.931711  1.84426e-15
     0.931846  1.77947e-15
     0.931982  1.76546e-15
     0.932117  1.79538e-15
     0.932252  1.79293e-15
     0.932387  1.77559e-15
     0.932523  1.77723e-15
     0.932658  1.75059e-15
     0.932793  1.74313e-15
     0.932928  1.77494e-15
     0.933063  1.79280e-15
     0.933199  1.77698e-15
     0.933334  1.77779e-15
     0.933469  1.76395e-15
     0.933604  1.75039e-15
     0.933740  1.77143e-15
     0.933875  1.80108e-15
     0.934010  1.85065e-15
     0.934145  1.87232e-15
     0.934281  1.83005e-15
     0.934416  1.79106e-15
     0.934551  1.77978e-15
     0.934686  1.80888e-15
     0.934821  1.86348e-15
     0.934957  1.91225e-15
     0.935092  1.92436e-15
     0.935227  1.90539e-15
     0.935362  1.90213e-15
     0.935498  1.90269e-15
     0.935633  1.86785e-15
     0.935768  1.87049e-15
     0.935903  1.90947e-15
     0.936039  1.96285e-15
     0.936174  1.99532e-15
     0.936309  1.99484e-15
     0.936444  1.99413e-15
     0.936579  1.96264e-15
     0.936715  1.95794e-15
     0.936850  1.95577e-15
     0.936985  1.91230e-15
     0.937120  1.89170e-15
     0.937256  1.90855e-15
     0.937391  1.94667e-15
     0.937526  1.92828e-15
     0.937661  1.94895e-15
     0.937797  1.98536e-15
     0.937932  1.93432e-15
     0.938067  1.95070e-15
     0.938202  1.94803e-15
     0.938338  1.95588e-15
     0.938473  1.99780e-15
     0.938608  1.98868e-15
     0.938743  1.99882e-15
     0.938878  2.03389e-15
     0.939014  2.03962e-15
     0.939149  2.06104e-15
     0.939284  2.08163e-15
     0.939419  2.06471e-15
     0.939555  2.01452e-15
     0.939690  1.98893e-15
     0.939825  1.98847e-15
     0.939960  1.99945e-15
     0.940095  2.03994e-15
     0.940231  2.07114e-15
     0.940366  2.07577e-15
     0.940501  2.14477e-15
     0.940636  2.21781e-15
     0.940772  2.19168e-15
     0.940907  2.20303e-15
     0.941042  2.23999e-15
     0.941177  2.24196e-15
     0.941313  2.22238e-15
     0.941448  2.18070e-15
     0.941583  2.13517e-15
     0.941718  2.12229e-15
     0.941854  2.12385e-15
     0.941989  2.08533e-15
     0.942124  2.04854e-15
     0.942259  2.04701e-15
     0.942394  2.08097e-15
     0.942530  2.08980e-15
     0.942665  2.10814e-15
     0.942800  2.09773e-15
     0.942935  2.07162e-15
     0.943071  2.11133e-15
     0.943206  2.20022e-15
     0.943341  2.27244e-15
     0.943476  2.28094e-15
     0.943612  2.22824e-15
     0.943747  2.19550e-15
     0.943882  2.20289e-15
     0.944017  2.16023e-15
     0.944152  2.05250e-15
     0.944288  2.00506e-15
     0.944423  2.00417e-15
     0.944558  2.05521e-15
     0.944693  2.10509e-15
     0.944829  2.11935e-15
     0.944964  2.13790e-15
     0.945099  2.14587e-15
     0.945234  2.15021e-15
     0.945369  2.15029e-15
     0.945505  2.12913e-15
     0.945640  2.13024e-15
     0.945775  2.13469e-15
     0.945910  2.09280e-15
     0.946046  2.07164e-15
     0.946181  2.14287e-15
     0.946316  2.17663e-15
     0.946451  2.17682e-15
     0.946587  2.21453e-15
     0.946722  2.21898e-15
     0.946857  2.18340e-15
     0.946992  2.16528e-15
     0.947127  2.18181e-15
     0.947263  2.19406e-15
     0.947398  2.17874e-15
     0.947533  2.21071e-15
     0.947668  2.29461e-15
     0.947804  2.24110e-15
     0.947939  2.15816e-15
     0.948074  2.17413e-15
     0.948209  2.19727e-15
     0.948345  2.20637e-15
     0.948480  2.22240e-15
     0.948615  2.24456e-15
     0.948750  2.26600e-15
     0.948885  2.28889e-15
     0.949021  2.34513e-15
     0.949156  2.35736e-15
     0.949291  2.31456e-15
     0.949426  2.31181e-15
     0.949562  2.31441e-15
     0.949697  2.30740e-15
     0.949832  2.30916e-15
     0.949967  2.31103e-15
     0.950103  2.26383e-15
     0.950238  2.22493e-15
     0.950373  2.24149e-15
     0.950508  2.25928e-15
     0.950643  2.28593e-15
     0.950779  2.32658e-15
     0.950914  2.35152e-15
     0.951049  2.34603e-15
     0.951184  2.36675e-15
     0.951320  2.39700e-15
     0.951455  2.37231e-15
     0.951590  2.31510e-15
     0.951725  2.31642e-15
     0.951861  2.33240e-15
     0.951996  2.31385e-15
     0.952131  2.37423e-15
     0.952266  2.42961e-15
     0.952401  2.44604e-15
     0.952537  2.46221e-15
     0.952672  2.47294e-15
     0.952807  2.51808e-15
     0.952942  2.54840e-15
     0.953078  2.52409e-15
     0.953213  2.49825e-15
     0.953348  2.50731e-15
     0.953483  2.52939e-15
     0.953619  2.55786e-15
     0.953754  2.61258e-15
     0.953889  2.67790e-15
     0.954024  2.75011e-15
     0.954159  2.83425e-15
     0.954295  2.93176e-15
     0.954430  2.98539e-15
     0.954565  2.97036e-15
     0.954700  2.91258e-15
     0.954836  2.84546e-15
     0.954971  2.76472e-15
     0.955106  2.72913e-15
     0.955241  2.69660e-15
     0.955377  2.62758e-15
     0.955512  2.58077e-15
     0.955647  2.56239e-15
     0.955782  2.51800e-15
     0.955917  2.50170e-15
     0.956053  2.50777e-15
     0.956188  2.50195e-15
     0.956323  2.48450e-15
     0.956458  2.46668e-15
     0.956594  2.44412e-15
     0.956729  2.46440e-15
     0.956864  2.48748e-15
     0.956999  2.48765e-15
     0.957135  2.49788e-15
     0.957270  2.50932e-15
     0.957405  2.53311e-15
     0.957540  2.55178e-15
     0.957676  2.50403e-15
     0.957811  2.46259e-15
     0.957946  2.44604e-15
     0.958081  2.40432e-15
     0.958216  2.41083e-15
     0.958352  2.40693e-15
     0.958487  2.39092e-15
     0.958622  2.36832e-15
     0.958757  2.32239e-15
     0.958892  2.29018e-15
     0.959028  2.25588e-15
     0.959163  2.26153e-15
     0.959298  2.26188e-15
     0.959433  2.24851e-15
     0.959569  2.24542e-15
     0.959704  2.28058e-15
     0.959839  2.28783e-15
     0.959974  2.30763e-15
     0.960110  2.34989e-15
     0.960245  2.35713e-15
     0.960380  2.34924e-15
     0.960515  2.36575e-15
     0.960651  2.34972e-15
     0.960786  2.30381e-15
     0.960921  2.25395e-15
     0.961056  2.23016e-15
     0.961191  2.21743e-15
     0.961327  2.25757e-15
     0.961462  2.28843e-15
     0.961597  2.31128e-15
     0.961732  2.37846e-15
     0.961868  2.43489e-15
     0.962003  2.45798e-15
     0.962138  2.44566e-15
     0.962273  2.45733e-15
     0.962408  2.46455e-15
     0.962544  2.46165e-15
     0.962679  2.44164e-15
     0.962814  2.42390e-15
     0.962949  2.42049e-15
     0.963085  2.39850e-15
     0.963220  2.35018e-15
     0.963355  2.33382e-15
     0.963490  2.31437e-15
     0.963626  2.23722e-15
     0.963761  2.18598e-15
     0.963896  2.18496e-15
     0.964031  2.19560e-15
     0.964167  2.24494e-15
     0.964302  2.28330e-15
     0.964437  2.28365e-15
     0.964572  2.30195e-15
     0.964707  2.31608e-15
     0.964843  2.31809e-15
     0.964978  2.32560e-15
     0.965113  2.34309e-15
     0.965248  2.35025e-15
     0.965384  2.34998e-15
     0.965519  2.37412e-15
     0.965654  2.42308e-15
     0.965789  2.45378e-15
     0.965925  2.47448e-15
     0.966060  2.48932e-15
     0.966195  2.45946e-15
     0.966330  2.42016e-15
     0.966465  2.37846e-15
     0.966601  2.38568e-15
     0.966736  2.41279e-15
     0.966871  2.40883e-15
     0.967006  2.43009e-15
     0.967142  2.44322e-15
     0.967277  2.45034e-15
     0.967412  2.48554e-15
     0.967547  2.52134e-15
     0.967683  2.52255e-15
     0.967818  2.50136e-15
     0.967953  2.46365e-15
     0.968088  2.43252e-15
     0.968223  2.43320e-15
     0.968359  2.42951e-15
     0.968494  2.40659e-15
     0.968629  2.40605e-15
     0.968764  2.44212e-15
     0.968900  2.46611e-15
     0.969035  2.48667e-15
     0.969170  2.48594e-15
     0.969305  2.46144e-15
     0.969441  2.48185e-15
     0.969576  2.48584e-15
     0.969711  2.50585e-15
     0.969846  2.53452e-15
     0.969981  2.56470e-15
     0.970117  2.57558e-15
     0.970252  2.53296e-15
     0.970387  2.51334e-15
     0.970522  2.50737e-15
     0.970658  2.53104e-15
     0.970793  2.56022e-15
     0.970928  2.55844e-15
     0.971063  2.58685e-15
     0.971199  2.61469e-15
     0.971334  2.60392e-15
     0.971469  2.63388e-15
     0.971604  2.65192e-15
     0.971739  2.64211e-15
     0.971875  2.64680e-15
     0.972010  2.64219e-15
     0.972145  2.61285e-15
     0.972280  2.58582e-15
     0.972416  2.58682e-15
     0.972551  2.61229e-15
     0.972686  2.64017e-15
     0.972821  2.66060e-15
     0.972956  2.65286e-15
     0.973092  2.61402e-15
     0.973227  2.64171e-15
     0.973362  2.65747e-15
     0.973497  2.65319e-15
     0.973633  2.60771e-15
     0.973768  2.58058e-15
     0.973903  2.57908e-15
     0.974038  2.58228e-15
     0.974174  2.61187e-15
     0.974309  2.63927e-15
     0.974444  2.67001e-15
     0.974579  2.70253e-15
     0.974714  2.69541e-15
     0.974850  2.68412e-15
     0.974985  2.68441e-15
     0.975120  2.68954e-15
     0.975255  2.68840e-15
     0.975391  2.71160e-15
     0.975526  2.71573e-15
     0.975661  2.72227e-15
     0.975796  2.73642e-15
     0.975932  2.70950e-15
     0.976067  2.72819e-15
     0.976202  2.74051e-15
     0.976337  2.77085e-15
     0.976472  2.78809e-15
     0.976608  2.80514e-15
     0.976743  2.81050e-15
     0.976878  2.81393e-15
     0.977013  2.81618e-15
     0.977149  2.80520e-15
     0.977284  2.78840e-15
     0.977419  2.77824e-15
     0.977554  2.79673e-15
     0.977690  2.82655e-15
     0.977825  2.81990e-15
     0.977960  2.81257e-15
     0.978095  2.82305e-15
     0.978230  2.85577e-15
     0.978366  2.90676e-15
     0.978501  2.90916e-15
     0.978636  2.93340e-15
     0.978771  2.96498e-15
     0.978907  2.90035e-15
     0.979042  2.89851e-15
     0.979177  2.94409e-15
     0.979312  2.93318e-15
     0.979448  2.89215e-15
     0.979583  2.87117e-15
     0.979718  2.92596e-15
     0.979853  2.91020e-15
     0.979988  2.90390e-15
     0.980124  2.89048e-15
     0.980259  2.88006e-15
     0.980394  2.87576e-15
     0.980529  2.86372e-15
     0.980665  2.90711e-15
     0.980800  2.91740e-15
     0.980935  2.96214e-15
     0.981070  2.97504e-15
     0.981206  2.92938e-15
     0.981341  2.92520e-15
     0.981476  2.95298e-15
     0.981611  2.97646e-15
     0.981746  2.98621e-15
     0.981882  2.97990e-15
     0.982017  2.94326e-15
     0.982152  2.91658e-15
     0.982287  2.90534e-15
     0.982423  2.88593e-15
     0.982558  2.88841e-15
     0.982693  2.91537e-15
     0.982828  2.93224e-15
     0.982964  2.92579e-15
     0.983099  2.93205e-15
     0.983234  2.92510e-15
     0.983369  2.91542e-15
     0.983504  2.91458e-15
     0.983640  2.95857e-15
     0.983775  3.01622e-15
     0.983910  3.03681e-15
     0.984045  3.05850e-15
     0.984181  3.08797e-15
     0.984316  3.07786e-15
     0.984451  3.06962e-15
     0.984586  3.06421e-15
     0.984722  2.99954e-15
     0.984857  2.97151e-15
     0.984992  2.97489e-15
     0.985127  2.95171e-15
     0.985263  2.95843e-15
     0.985398  2.96822e-15
     0.985533  2.94453e-15
     0.985668  2.93272e-15
     0.985803  2.95006e-15
     0.985939  2.97059e-15
     0.986074  3.01390e-15
     0.986209  3.03708e-15
     0.986344  3.01895e-15
     0.986480  3.03469e-15
     0.986615  3.05670e-15
     0.986750  3.01686e-15
     0.986885  3.06417e-15
     0.987020  3.13738e-15
     0.987156  3.14231e-15
     0.987291  3.16994e-15
     0.987426  3.23998e-15
     0.987561  3.21827e-15
     0.987697  3.13235e-15
     0.987832  3.08690e-15
     0.987967  3.06701e-15
     0.988102  3.05837e-15
     0.988238  3.05762e-15
     0.988373  3.05568e-15
     0.988508  3.05610e-15
     0.988643  3.03064e-15
     0.988778  2.99977e-15
     0.988914  3.00288e-15
     0.989049  2.97573e-15
     0.989184  2.88175e-15
     0.989319  2.77309e-15
     0.989455  2.63215e-15
     0.989590  2.53642e-15
     0.989725  2.49389e-15
     0.989860  2.44264e-15
     0.989995  2.36029e-15
     0.990131  2.31556e-15
     0.990266  2.24982e-15
     0.990401  2.13220e-15
     0.990536  2.03988e-15
     0.990672  2.00141e-15
     0.990807  1.91882e-15
     0.990942  1.88897e-15
     0.991077  1.88718e-15
     0.991213  1.88156e-15
     0.991348  1.87123e-15
     0.991483  1.91699e-15
     0.991618  1.87766e-15
     0.991754  1.79051e-15
     0.991889  1.85236e-15
     0.992024  1.88808e-15
     0.992159  1.92603e-15
     0.992294  1.97626e-15
     0.992430  1.99425e-15
     0.992565  1.99332e-15
     0.992700  1.99185e-15
     0.992835  2.02082e-15
     0.992971  2.08633e-15
     0.993106  2.18028e-15
     0.993241  2.20326e-15
     0.993376  2.18707e-15
     0.993511  2.19777e-15
     0.993647  2.30365e-15
     0.993782  2.35442e-15
     0.993917  2.36127e-15
     0.994052  2.41859e-15
     0.994188  2.42475e-15
     0.994323  2.44758e-15
     0.994458  2.42796e-15
     0.994593  2.36375e-15
     0.994729  2.45201e-15
     0.994864  2.47893e-15
     0.994999  2.46538e-15
     0.995134  2.53682e-15
     0.995270  2.53286e-15
     0.995405  2.50495e-15
     0.995540  2.47308e-15
     0.995675  2.45654e-15
     0.995810  2.43948e-15
     0.995946  2.35091e-15
     0.996081  2.37965e-15
     0.996216  2.49093e-15
     0.996351  2.54252e-15
     0.996487  2.58461e-15
     0.996622  2.55325e-15
     0.996757  2.45768e-15
     0.996892  2.38671e-15
     0.997028  2.29555e-15
     0.997163  2.20737e-15
     0.997298  2.18181e-15
     0.997433  2.17862e-15
     0.997568  2.19583e-15
     0.997704  2.24196e-15
     0.997839  2.24700e-15
     0.997974  2.23190e-15
     0.998109  2.19053e-15
     0.998245  2.17300e-15
     0.998380  2.18383e-15
     0.998515  2.15188e-15
     0.998650  2.14595e-15
     0.998786  2.15409e-15
     0.998921  2.17461e-15
     0.999056  2.17379e-15
     0.999191  2.15082e-15
     0.999326  2.12824e-15
     0.999462  2.14001e-15
     0.999597  2.21785e-15
     0.999732  2.22743e-15
     0.999867  2.25270e-15
      1.00251  2.45196e-15
      1.00638  2.46637e-15
      1.01026  2.69641e-15
      1.01415  2.88407e-15
      1.01805  3.02575e-15
      1.02197  3.09567e-15
      1.02590  3.12186e-15
      1.02985  3.30637e-15
      1.03380  3.43375e-15
      1.03777  3.64416e-15
      1.04175  3.71078e-15
      1.04574  3.78555e-15
      1.04974  3.90311e-15
      1.05376  4.02741e-15
      1.05778  4.08094e-15
      1.06182  4.16362e-15
      1.06586  4.38248e-15
      1.06992  4.47744e-15
      1.07399  4.57267e-15
      1.07806  4.74447e-15
      1.08215  4.83091e-15
      1.08624  4.98033e-15
      1.09035  5.00467e-15
      1.09446  4.86211e-15
      1.09859  4.83445e-15
      1.10272  4.84141e-15
      1.10686  4.88114e-15
      1.11101  4.82406e-15
      1.11517  4.89821e-15
      1.11933  4.90550e-15
      1.12350  5.05298e-15
      1.12768  5.03101e-15
      1.13187  4.85418e-15
      1.13606  4.80826e-15
      1.14026  4.69968e-15
      1.14447  4.88506e-15
      1.14869  5.21366e-15
      1.15291  5.29325e-15
      1.15713  5.33983e-15
      1.16136  5.29087e-15
      1.16560  5.26497e-15
      1.16985  5.22315e-15
      1.17409  5.11008e-15
      1.17835  5.24037e-15
      1.18260  5.37775e-15
      1.18687  5.69975e-15
      1.19113  5.75301e-15
      1.19541  5.60605e-15
      1.19968  5.57589e-15
      1.20396  5.68837e-15
      1.20824  5.96262e-15
      1.21253  6.26842e-15
      1.21682  6.56655e-15
      1.22111  6.79801e-15
      1.22541  6.95395e-15
      1.22971  7.08977e-15
      1.23401  7.09018e-15
      1.23831  6.89539e-15
      1.24262  6.90816e-15
      1.24692  6.81462e-15
      1.25123  7.07635e-15
      1.25554  7.43232e-15
      1.25986  7.70031e-15
      1.26417  7.96758e-15
      1.26848  8.13834e-15
      1.27280  8.17361e-15
      1.27712  8.32051e-15
      1.28143  8.11304e-15
      1.28575  8.19406e-15
      1.29007  8.37533e-15
      1.29439  8.41728e-15
      1.29871  8.46526e-15
      1.30302  8.52960e-15
      1.30734  8.45933e-15
      1.31166  8.52586e-15
      1.31597  8.60415e-15
      1.32029  8.56232e-15
      1.32461  8.33030e-15
      1.32892  7.53706e-15
      1.33323  6.59608e-15
      1.33754  5.71367e-15
      1.34185  5.09382e-15
      1.34616  4.88310e-15
      1.35047  4.77358e-15
      1.35477  4.79839e-15
      1.35907  4.64865e-15
      1.36337  4.70986e-15
      1.36767  4.47099e-15
      1.37197  4.44597e-15
      1.37626  4.59558e-15
      1.38055  4.66441e-15
      1.38484  4.93039e-15
      1.38912  4.96289e-15
      1.39340  4.96449e-15
      1.39768  4.74801e-15
      1.40196  4.61303e-15
      1.40623  4.59550e-15
      1.41050  4.38943e-15
      1.41476  4.34074e-15
      1.41902  4.33989e-15
      1.42328  4.27225e-15
      1.42754  4.40352e-15
      1.43179  4.36195e-15
      1.43603  4.45599e-15
      1.44027  4.49276e-15
      1.44451  4.67823e-15
      1.44874  4.77101e-15
      1.45297  4.92831e-15
      1.45720  5.10273e-15
      1.46142  5.15363e-15
      1.46563  5.22699e-15
      1.46984  5.27866e-15
      1.47404  5.28929e-15
      1.47825  5.36417e-15
      1.48244  5.37972e-15
      1.48663  5.56422e-15
      1.49082  5.67037e-15
      1.49500  5.71482e-15
      1.49917  5.93247e-15
      1.50334  5.98940e-15
      1.50750  6.19630e-15
      1.51166  6.35107e-15
      1.51581  6.53242e-15
      1.51996  6.63062e-15
      1.52410  6.91248e-15
      1.52824  6.98763e-15
      1.53237  7.03747e-15
      1.53649  7.27670e-15
      1.54061  7.42579e-15
      1.54473  7.65955e-15
      1.54883  7.89448e-15
      1.55293  8.03833e-15
      1.55703  8.10664e-15
      1.56112  8.19619e-15
      1.56520  8.29882e-15
      1.56928  8.59759e-15
      1.57335  8.70117e-15
      1.57741  8.88357e-15
      1.58147  8.82171e-15
      1.58552  8.65949e-15
      1.58957  8.64914e-15
      1.59361  8.90592e-15
      1.59764  9.33268e-15
      1.60166  9.36288e-15
      1.60568  9.34742e-15
      1.60970  9.12864e-15
      1.61371  9.17969e-15
      1.61771  9.44788e-15
      1.62170  9.58543e-15
      1.62569  9.49091e-15
      1.62967  9.64529e-15
      1.63364  9.64406e-15
      1.63761  9.69974e-15
      1.64157  9.75116e-15
      1.64553  9.90484e-15
      1.64948  1.02840e-14
      1.65342  1.04433e-14
      1.65736  1.03429e-14
      1.66129  1.04915e-14
      1.66521  1.04974e-14
      1.66912  1.04139e-14
      1.67303  1.04287e-14
      1.67694  1.03941e-14
      1.68083  1.04615e-14
      1.68472  1.05592e-14
      1.68860  1.06199e-14
      1.69248  1.06385e-14
      1.69635  1.06340e-14
      1.70021  1.05634e-14
      1.70407  1.05464e-14
      1.70792  1.04547e-14
      1.71177  1.02698e-14
      1.71560  9.99158e-15
      1.71943  9.80108e-15
      1.72326  9.58865e-15
      1.72708  9.35311e-15
      1.73089  9.14654e-15
      1.73469  8.82442e-15
      1.73849  8.72918e-15
      1.74228  8.74333e-15
      1.74607  8.61804e-15
      1.74985  8.51798e-15
      1.75362  8.28818e-15
      1.75739  8.11644e-15
      1.76115  7.99824e-15
      1.76490  7.71590e-15
      1.76865  7.57177e-15
      1.77239  7.34832e-15
      1.77613  7.24952e-15
      1.77986  7.09185e-15
      1.78358  6.93059e-15
      1.78730  6.84182e-15
      1.79101  6.75268e-15
      1.79471  6.81604e-15
      1.79841  6.72349e-15
      1.80210  6.58598e-15
      1.80579  6.51725e-15
      1.80947  6.42858e-15
      1.81315  6.50663e-15
      1.81681  6.46545e-15
      1.82048  6.49565e-15
      1.82413  6.51533e-15
      1.82779  6.62394e-15
      1.83143  6.68187e-15
      1.83507  6.66897e-15
      1.83870  6.25943e-15
      1.84233  6.27281e-15
      1.84595  5.95409e-15
      1.84957  6.08799e-15
      1.85318  5.95048e-15
      1.85678  5.71899e-15
      1.86038  5.52710e-15
      1.86398  5.71432e-15
      1.86757  5.82250e-15
      1.87115  6.01955e-15
      1.87472  5.56529e-15
      1.87830  5.66266e-15
      1.88186  5.82384e-15
      1.88542  6.24290e-15
      1.88898  6.29171e-15
      1.89253  6.38479e-15
      1.89607  6.43375e-15
      1.89961  6.53029e-15
      1.90315  6.66490e-15
      1.90668  6.67142e-15
      1.91020  6.74826e-15
      1.91372  6.74678e-15
      1.91723  6.87773e-15
      1.92074  6.74124e-15
      1.92424  6.78831e-15
      1.92774  6.67501e-15
      1.93123  6.60117e-15
      1.93472  6.44968e-15
      1.93820  6.28253e-15
      1.94168  6.26125e-15
      1.94515  6.18447e-15
      1.94862  6.42589e-15
      1.95208  6.39372e-15
      1.95554  6.41132e-15
      1.95899  6.13551e-15
      1.96244  6.11509e-15
      1.96588  6.15072e-15
      1.96932  6.25083e-15
      1.97276  6.14782e-15
      1.97618  6.21744e-15
      1.97961  6.20074e-15
      1.98303  6.28113e-15
      1.98644  6.17436e-15
      1.98985  6.31866e-15
      1.99326  6.36810e-15
      1.99666  6.49296e-15
      2.00005  6.60549e-15
      2.00344  6.37678e-15
      2.00683  6.32364e-15
      2.01021  6.32533e-15
      2.01359  6.43611e-15
      2.01696  6.34280e-15
      2.02033  6.41311e-15
      2.02369  6.47293e-15
      2.02705  6.62813e-15
      2.03040  6.68473e-15
      2.03375  6.77522e-15
      2.03710  6.96776e-15
      2.04044  6.94295e-15
      2.04377  7.13169e-15
      2.04711  7.09427e-15
      2.05043  7.22995e-15
      2.05375  7.31163e-15
      2.05707  7.39546e-15
      2.06039  7.36633e-15
      2.06369  7.50411e-15
      2.06700  7.45768e-15
      2.07030  7.44883e-15
      2.07359  7.56269e-15
      2.07688  7.73750e-15
      2.08017  7.73313e-15
      2.08345  7.89756e-15
      2.08673  7.90228e-15
      2.09000  8.05087e-15
      2.09327  8.04766e-15
      2.09653  8.18890e-15
      2.09979  8.16486e-15
      2.10304  8.32034e-15
      2.10629  8.41730e-15
      2.10954  8.46470e-15
      2.11278  8.56155e-15
      2.11602  8.56915e-15
      2.11925  8.56827e-15
      2.12247  8.67896e-15
      2.12570  8.72972e-15
      2.12892  8.76384e-15
      2.13213  8.78531e-15
      2.13534  8.82422e-15
      2.13854  8.83803e-15
      2.14174  9.04861e-15
      2.14493  9.06703e-15
      2.14812  9.14373e-15
      2.15131  8.94634e-15
      2.15449  9.05942e-15
      2.15767  9.01334e-15
      2.16084  9.05403e-15
      2.16400  9.11764e-15
      2.16717  9.19803e-15
      2.17032  9.19646e-15
      2.17348  9.17708e-15
      2.17662  9.14705e-15
      2.17976  9.13258e-15
      2.18290  9.09731e-15
      2.18604  9.19402e-15
      2.18916  9.16049e-15
      2.19229  9.21940e-15
      2.19541  9.14469e-15
      2.19852  9.08650e-15
      2.20163  8.89388e-15
      2.20473  8.99126e-15
      2.20783  9.07252e-15
      2.21092  9.07837e-15
      2.21401  9.08657e-15
      2.21710  9.13039e-15
      2.22017  9.01797e-15
      2.22325  9.03387e-15
      2.22632  9.00079e-15
      2.22938  9.00628e-15
      2.23244  8.97967e-15
      2.23549  8.92495e-15
      2.23854  8.89763e-15
      2.24159  8.92502e-15
      2.24462  8.97740e-15
      2.24766  8.85034e-15
      2.25068  8.85844e-15
      2.25371  8.91168e-15
      2.25672  8.91901e-15
      2.25974  8.86848e-15
      2.26274  8.81263e-15
      2.26575  8.82589e-15
      2.26874  8.74666e-15
      2.27174  8.66433e-15
      2.27472  8.71728e-15
      2.27770  8.64749e-15
      2.28068  8.73312e-15
      2.28365  8.66917e-15
      2.28662  8.64705e-15
      2.28958  8.58668e-15
      2.29253  8.10102e-15
      2.29548  7.51139e-15
      2.29843  7.17462e-15
      2.30137  7.06560e-15
      2.30430  7.20474e-15
      2.30723  7.29925e-15
      2.31016  7.21461e-15
      2.31308  7.41204e-15
      2.31599  7.27098e-15
      2.31890  7.24255e-15
      2.32180  6.98394e-15
      2.32470  6.76564e-15
      2.32760  6.67131e-15
      2.33049  6.75039e-15
      2.33337  6.78962e-15
      2.33625  6.96213e-15
      2.33912  6.99846e-15
      2.34199  6.81725e-15
      2.34486  6.97315e-15
      2.34772  7.12890e-15
      2.35057  6.98367e-15
      2.35342  6.83103e-15
      2.35627  6.67114e-15
      2.35911  6.62254e-15
      2.36194  6.50559e-15
      2.36478  6.67578e-15
      2.36760  6.76704e-15
      2.37043  6.78336e-15
      2.37325  6.71376e-15
      2.37606  6.73064e-15
      2.37887  6.65775e-15
      2.38168  6.62965e-15
      2.38448  6.52412e-15
      2.38728  6.43018e-15
      2.39007  6.50976e-15
      2.39286  6.62650e-15
      2.39565  6.68640e-15
      2.39844  6.48586e-15
      2.40122  6.44534e-15
      2.40399  6.38980e-15
      2.40677  6.28815e-15
      2.40954  6.28140e-15
      2.41231  6.23086e-15
      2.41507  6.19661e-15
      2.41784  6.10616e-15
      2.42060  6.03523e-15
      2.42335  5.92539e-15
      2.42611  5.98385e-15
      2.42886  6.00248e-15
      2.43162  6.00985e-15
      2.43437  5.86441e-15
      2.43712  5.80629e-15
      2.43986  5.72916e-15
      2.44261  5.75798e-15
      2.44535  5.70929e-15
      2.44810  5.59066e-15
      2.45084  5.38330e-15
      2.45359  5.41475e-15
      2.45633  5.53582e-15
      2.45907  5.50128e-15
      2.46182  5.40451e-15
      2.46456  5.40950e-15
      2.46731  5.43875e-15
      2.47005  5.29463e-15
      2.47280  5.01203e-15
      2.47555  5.05133e-15
      2.47830  5.09587e-15
      2.48106  5.23142e-15
      2.48381  5.24026e-15
      2.48657  5.14191e-15
      2.48934  4.90861e-15
      2.49210  4.95183e-15
      2.49487  4.88212e-15
      2.49764  4.88408e-15
      2.50042  4.88963e-15
      2.50320  4.98781e-15
      2.50599  4.79629e-15
      2.50879  4.86430e-15
      2.51158  4.87292e-15
      2.51439  4.83400e-15
      2.51720  4.81985e-15
      2.52002  4.63555e-15
      2.52285  4.72151e-15
      2.52568  4.61576e-15
      2.52853  4.75427e-15
      2.53138  4.45212e-15
      2.53424  4.52584e-15
      2.53711  4.67430e-15
      2.54000  4.82594e-15
      2.54289  4.97439e-15
      2.54579  4.43601e-15
      2.54871  4.84095e-15
      2.55164  4.12545e-15
      2.55458  4.02810e-15
      2.55753  4.26311e-15
      2.56050  4.47168e-15
