# Please reference the following sources for the spectra:
#    Optical spectrum -- Kirkpatrick et al. (2008, ApJ, 689, 1295)
#    Near-infrared spectrum -- Burgasser et al. (2010, ApJ, 710, 1142)
# 
# 2MASS photometry:
#    J = 15.512+/-0.078 mag
#    H = 14.621+/-0.081 mag
#    Ks= 14.043+/-0.063 mag
#
# Column legend:
#    Column 1 -- Wavelength in um
#    Column 2 -- Flux in units of erg/cm^2/s/um
#
     0.629289 -4.11664e-18
     0.629476  1.60858e-18
     0.629662  6.79670e-18
     0.629849  7.95646e-18
     0.630035 -8.41042e-18
     0.630222  3.38090e-19
     0.630409  2.16504e-17
     0.630595  8.95510e-18
     0.630782 -1.80194e-18
     0.630968  7.22658e-19
     0.631155  2.53322e-18
     0.631342  3.44454e-18
     0.631528  1.05003e-17
     0.631715  4.71962e-18
     0.631901  1.19997e-18
     0.632088  5.46466e-18
     0.632275  3.02083e-18
     0.632461  7.37728e-19
     0.632648  2.87659e-18
     0.632834  3.15534e-18
     0.633021  2.84839e-18
     0.633208 -4.10352e-18
     0.633394  3.54368e-18
     0.633581  6.36317e-18
     0.633767  6.48181e-18
     0.633954 -3.00259e-18
     0.634141 -2.29313e-18
     0.634327  1.09644e-18
     0.634514 -2.18138e-19
     0.634700  2.55676e-18
     0.634887  8.55777e-19
     0.635074  2.99866e-18
     0.635260  1.40771e-18
     0.635447  1.88052e-18
     0.635633  5.15596e-18
     0.635820  5.40488e-18
     0.636007  9.92881e-18
     0.636193  1.01293e-17
     0.636380  1.71711e-17
     0.636566  1.18062e-17
     0.636753  2.29813e-18
     0.636940  3.29872e-18
     0.637126  6.80763e-18
     0.637313  5.61027e-18
     0.637499  8.23453e-19
     0.637686 -3.78260e-18
     0.637873  3.65166e-18
     0.638059  4.88877e-18
     0.638246  5.50861e-18
     0.638432  8.27854e-19
     0.638619  4.17720e-18
     0.638806  4.11382e-18
     0.638992  6.56681e-18
     0.639179  6.84957e-18
     0.639365  5.54962e-18
     0.639552  5.70434e-18
     0.639739  6.42375e-18
     0.639925  5.15520e-18
     0.640112  2.62340e-18
     0.640298  2.75054e-18
     0.640485  6.33710e-18
     0.640671  7.07320e-18
     0.640858  3.78132e-18
     0.641045  1.72377e-18
     0.641231  8.56872e-19
     0.641418  3.56130e-18
     0.641604  5.54855e-18
     0.641791  1.47649e-18
     0.641978 -2.38884e-19
     0.642164  7.20318e-19
     0.642351 -6.36782e-19
     0.642537  8.52966e-18
     0.642724  1.40862e-17
     0.642911  2.03154e-18
     0.643097  3.97629e-19
     0.643284  7.27159e-18
     0.643470  4.61637e-18
     0.643657  4.46630e-18
     0.643844  7.90592e-18
     0.644030  7.60775e-18
     0.644217  6.60542e-18
     0.644403  7.16136e-18
     0.644590  8.90582e-18
     0.644777  6.39467e-18
     0.644963  2.45511e-18
     0.645150  4.20036e-18
     0.645336  3.52971e-18
     0.645523  1.44214e-18
     0.645710  9.54733e-18
     0.645896  9.75303e-18
     0.646083  6.81987e-18
     0.646269  1.02912e-17
     0.646456  1.28488e-17
     0.646643  7.10965e-18
     0.646829  3.00125e-18
     0.647016  3.52025e-18
     0.647202  2.99738e-19
     0.647389  4.76123e-18
     0.647576  2.39106e-18
     0.647762  4.20000e-18
     0.647949  1.41765e-17
     0.648135  7.37403e-18
     0.648322  5.88664e-18
     0.648509  9.14641e-18
     0.648695  1.18902e-17
     0.648882  1.31852e-17
     0.649068  8.49012e-18
     0.649255  4.00184e-18
     0.649441  5.82196e-18
     0.649628  4.82404e-18
     0.649815  3.72500e-18
     0.650001  7.15113e-18
     0.650188  6.66501e-18
     0.650375  1.25050e-17
     0.650561  1.24292e-17
     0.650748  3.16436e-18
     0.650934  5.13280e-18
     0.651121  7.50454e-18
     0.651307  8.37338e-18
     0.651494  1.34566e-17
     0.651681  7.53880e-18
     0.651867  5.95258e-18
     0.652054  9.98512e-18
     0.652240  1.31440e-17
     0.652427  1.03481e-17
     0.652614  1.15839e-17
     0.652800  8.10334e-18
     0.652987  3.35734e-18
     0.653173  6.32680e-18
     0.653360  6.34420e-18
     0.653547 -2.35316e-18
     0.653733  7.13259e-18
     0.653920  1.01941e-17
     0.654106  1.16326e-17
     0.654293  1.08625e-17
     0.654480  1.04252e-17
     0.654666  7.46265e-18
     0.654853  5.18190e-18
     0.655039  4.67402e-18
     0.655226  4.90639e-18
     0.655413  9.80222e-18
     0.655599  1.26778e-17
     0.655786  9.57162e-18
     0.655972  1.11010e-17
     0.656159  5.76990e-18
     0.656346  5.88502e-18
     0.656532  7.13699e-18
     0.656719  9.10574e-18
     0.656905  8.01002e-18
     0.657092  1.15661e-17
     0.657279  1.30694e-17
     0.657465  1.12408e-17
     0.657652  1.57846e-17
     0.657838  1.26297e-17
     0.658025  9.78100e-18
     0.658212  1.00215e-17
     0.658398  1.08553e-17
     0.658585  9.61203e-18
     0.658771  8.64722e-18
     0.658958  1.47167e-17
     0.659145  1.72225e-17
     0.659331  1.71818e-17
     0.659518  1.19789e-17
     0.659704  1.50348e-17
     0.659891  2.15875e-17
     0.660078  1.93313e-17
     0.660264  1.93754e-17
     0.660451  2.47449e-17
     0.660637  1.67618e-17
     0.660824  1.15449e-17
     0.661011  1.51547e-17
     0.661197  2.05809e-17
     0.661384  1.96555e-17
     0.661570  9.37628e-18
     0.661757  8.57757e-18
     0.661943  1.25315e-17
     0.662130  1.80012e-17
     0.662317  1.12265e-17
     0.662503  6.94850e-18
     0.662690  8.43382e-18
     0.662876  1.91406e-17
     0.663063  1.93856e-17
     0.663250  2.16692e-17
     0.663436  1.24337e-17
     0.663623  1.70293e-17
     0.663809  1.47777e-17
     0.663996  1.33167e-17
     0.664183  1.79580e-17
     0.664369  1.78597e-17
     0.664556  1.89750e-17
     0.664742  1.43885e-17
     0.664929  2.77656e-17
     0.665116  2.51810e-17
     0.665302  1.69763e-17
     0.665489  1.99077e-17
     0.665675  1.44651e-17
     0.665862  2.04061e-17
     0.666049  2.47798e-17
     0.666235  1.91868e-17
     0.666422  1.78610e-17
     0.666608  1.67221e-17
     0.666795  2.29146e-17
     0.666982  2.49869e-17
     0.667168  2.33675e-17
     0.667355  2.09488e-17
     0.667541  1.40296e-17
     0.667728  1.95591e-17
     0.667915  2.58915e-17
     0.668101  2.02099e-17
     0.668288  2.50520e-17
     0.668474  3.37014e-17
     0.668661  3.49708e-17
     0.668848  3.43680e-17
     0.669034  2.56575e-17
     0.669221  2.22262e-17
     0.669407  2.77998e-17
     0.669594  2.24956e-17
     0.669780  2.24996e-17
     0.669967  2.80152e-17
     0.670154  2.14787e-17
     0.670340  1.83365e-17
     0.670527  2.34245e-17
     0.670714  2.39141e-17
     0.670900  3.01334e-17
     0.671087  3.44975e-17
     0.671273  2.80323e-17
     0.671460  2.34776e-17
     0.671646  2.54743e-17
     0.671833  2.65768e-17
     0.672020  2.36653e-17
     0.672206  2.88563e-17
     0.672393  2.97950e-17
     0.672579  2.40226e-17
     0.672766  2.66688e-17
     0.672953  3.36883e-17
     0.673139  4.40552e-17
     0.673326  3.33415e-17
     0.673512  2.48342e-17
     0.673699  3.08842e-17
     0.673886  3.76142e-17
     0.674072  3.10430e-17
     0.674259  3.26915e-17
     0.674445  3.55124e-17
     0.674632  3.41424e-17
     0.674819  2.87969e-17
     0.675005  2.82602e-17
     0.675192  2.98953e-17
     0.675378  2.88155e-17
     0.675565  3.02811e-17
     0.675752  2.96204e-17
     0.675938  3.26441e-17
     0.676125  3.57367e-17
     0.676311  3.54987e-17
     0.676498  2.98407e-17
     0.676685  2.75555e-17
     0.676871  3.45177e-17
     0.677058  2.82161e-17
     0.677244  2.56908e-17
     0.677431  3.78507e-17
     0.677618  3.66661e-17
     0.677804  3.28931e-17
     0.677991  3.19814e-17
     0.678177  3.25155e-17
     0.678364  3.53973e-17
     0.678551  3.41317e-17
     0.678737  3.64768e-17
     0.678924  3.85851e-17
     0.679110  3.84877e-17
     0.679297  3.26319e-17
     0.679484  3.39293e-17
     0.679670  4.05241e-17
     0.679857  3.72317e-17
     0.680043  3.39666e-17
     0.680230  3.81321e-17
     0.680417  3.98107e-17
     0.680603  3.87493e-17
     0.680790  3.50017e-17
     0.680976  3.52477e-17
     0.681163  3.55518e-17
     0.681350  4.27833e-17
     0.681536  4.09596e-17
     0.681723  3.99855e-17
     0.681909  3.28562e-17
     0.682096  3.51083e-17
     0.682283  3.59806e-17
     0.682469  4.18642e-17
     0.682656  3.87949e-17
     0.682842  3.74362e-17
     0.683029  3.97458e-17
     0.683215  3.41521e-17
     0.683402  3.77589e-17
     0.683589  3.67204e-17
     0.683775  3.38778e-17
     0.683962  3.03462e-17
     0.684148  3.29503e-17
     0.684335  3.70186e-17
     0.684522  3.58162e-17
     0.684708  3.18875e-17
     0.684895  3.60831e-17
     0.685081  4.36686e-17
     0.685268  4.21191e-17
     0.685455  4.36249e-17
     0.685641  4.67903e-17
     0.685828  4.51882e-17
     0.686014  3.80387e-17
     0.686201  3.53175e-17
     0.686388  3.33635e-17
     0.686574  3.01540e-17
     0.686761  3.90602e-17
     0.686947  4.92432e-17
     0.687134  4.26261e-17
     0.687321  3.70648e-17
     0.687507  3.73601e-17
     0.687694  3.66602e-17
     0.687880  3.55446e-17
     0.688067  3.16263e-17
     0.688254  3.46126e-17
     0.688440  3.32698e-17
     0.688627  3.47545e-17
     0.688813  3.37366e-17
     0.689000  2.82605e-17
     0.689187  2.84416e-17
     0.689373  3.26075e-17
     0.689560  4.20210e-17
     0.689746  3.91746e-17
     0.689933  3.71702e-17
     0.690120  3.45828e-17
     0.690306  3.45102e-17
     0.690493  4.34166e-17
     0.690679  3.59950e-17
     0.690866  3.59283e-17
     0.691053  3.83097e-17
     0.691239  3.52534e-17
     0.691426  3.34569e-17
     0.691612  3.02061e-17
     0.691799  3.09759e-17
     0.691986  3.47939e-17
     0.692172  3.79641e-17
     0.692359  4.55692e-17
     0.692545  3.97439e-17
     0.692732  3.56953e-17
     0.692918  3.26082e-17
     0.693105  3.61012e-17
     0.693292  3.35866e-17
     0.693478  3.68918e-17
     0.693665  4.02269e-17
     0.693852  3.89625e-17
     0.694038  3.81083e-17
     0.694225  3.46365e-17
     0.694411  3.76322e-17
     0.694598  3.58580e-17
     0.694784  3.13203e-17
     0.694971  3.37649e-17
     0.695158  3.51263e-17
     0.695344  3.18896e-17
     0.695531  2.73014e-17
     0.695717  3.14733e-17
     0.695904  3.09847e-17
     0.696091  2.66014e-17
     0.696277  3.29919e-17
     0.696464  3.55311e-17
     0.696650  3.76495e-17
     0.696837  3.56552e-17
     0.697024  3.82025e-17
     0.697210  3.55598e-17
     0.697397  3.12567e-17
     0.697583  3.29004e-17
     0.697770  2.98061e-17
     0.697957  3.46706e-17
     0.698143  3.43518e-17
     0.698330  3.85600e-17
     0.698516  3.43159e-17
     0.698703  3.10457e-17
     0.698890  3.39705e-17
     0.699076  3.50927e-17
     0.699263  2.85473e-17
     0.699449  3.19009e-17
     0.699636  3.09564e-17
     0.699823  3.17695e-17
     0.700009  2.95941e-17
     0.700196  2.63982e-17
     0.700382  2.67841e-17
     0.700569  2.69449e-17
     0.700756  2.92660e-17
     0.700942  3.39146e-17
     0.701129  3.33732e-17
     0.701315  3.58690e-17
     0.701502  3.61142e-17
     0.701689  3.17923e-17
     0.701875  3.19488e-17
     0.702062  3.55554e-17
     0.702248  2.74450e-17
     0.702435  2.82109e-17
     0.702622  3.42659e-17
     0.702808  3.16227e-17
     0.702995  3.36471e-17
     0.703181  3.70834e-17
     0.703368  3.24293e-17
     0.703555  2.97719e-17
     0.703741  3.40622e-17
     0.703928  3.87137e-17
     0.704114  3.34596e-17
     0.704301  3.42484e-17
     0.704488  4.10867e-17
     0.704674  3.63430e-17
     0.704861  3.43735e-17
     0.705047  3.59015e-17
     0.705234  3.63650e-17
     0.705420  3.65498e-17
     0.705607  3.69790e-17
     0.705794  4.05892e-17
     0.705980  4.21204e-17
     0.706167  3.69610e-17
     0.706353  3.25047e-17
     0.706540  3.10792e-17
     0.706727  3.49068e-17
     0.706913  3.41565e-17
     0.707100  4.56660e-17
     0.707286  4.15904e-17
     0.707473  4.09153e-17
     0.707660  4.00300e-17
     0.707846  4.17669e-17
     0.708033  4.47596e-17
     0.708219  4.35807e-17
     0.708406  3.66598e-17
     0.708593  3.24446e-17
     0.708779  3.64231e-17
     0.708966  3.69113e-17
     0.709152  4.14639e-17
     0.709339  4.36749e-17
     0.709526  4.24200e-17
     0.709712  3.97262e-17
     0.709899  4.28495e-17
     0.710085  3.90891e-17
     0.710272  4.19197e-17
     0.710459  4.42647e-17
     0.710645  4.81208e-17
     0.710832  4.85955e-17
     0.711018  4.24842e-17
     0.711205  3.96557e-17
     0.711392  3.83683e-17
     0.711578  4.54673e-17
     0.711765  4.19727e-17
     0.711951  3.81684e-17
     0.712138  4.11665e-17
     0.712325  4.28323e-17
     0.712511  4.01301e-17
     0.712698  3.66398e-17
     0.712884  3.28982e-17
     0.713071  3.76665e-17
     0.713258  4.64028e-17
     0.713444  3.91586e-17
     0.713631  3.49747e-17
     0.713817  3.56520e-17
     0.714004  4.54704e-17
     0.714191  4.94708e-17
     0.714377  4.11734e-17
     0.714564  4.25517e-17
     0.714750  4.15176e-17
     0.714937  4.28755e-17
     0.715124  3.76618e-17
     0.715310  3.92004e-17
     0.715497  4.14460e-17
     0.715683  4.49060e-17
     0.715870  4.08205e-17
     0.716056  4.12112e-17
     0.716243  3.99194e-17
     0.716430  4.39583e-17
     0.716616  4.45465e-17
     0.716803  3.69919e-17
     0.716990  3.25289e-17
     0.717176  3.85854e-17
     0.717363  4.70915e-17
     0.717549  4.82170e-17
     0.717736  4.72816e-17
     0.717922  4.51067e-17
     0.718109  3.92611e-17
     0.718296  3.91246e-17
     0.718482  3.86414e-17
     0.718669  4.01896e-17
     0.718855  3.65445e-17
     0.719042  4.23307e-17
     0.719229  4.85329e-17
     0.719415  4.55330e-17
     0.719602  4.37941e-17
     0.719788  4.65221e-17
     0.719975  4.25865e-17
     0.720162  4.00238e-17
     0.720348  3.38420e-17
     0.720535  4.10899e-17
     0.720721  4.63134e-17
     0.720908  4.60519e-17
     0.721095  4.39511e-17
     0.721281  4.23955e-17
     0.721468  3.67173e-17
     0.721654  3.69094e-17
     0.721841  4.00662e-17
     0.722028  4.58479e-17
     0.722214  4.75242e-17
     0.722401  3.91821e-17
     0.722587  3.68473e-17
     0.722774  4.34020e-17
     0.722961  4.31047e-17
     0.723147  3.70539e-17
     0.723334  4.62582e-17
     0.723520  5.48102e-17
     0.723707  4.33794e-17
     0.723894  4.70623e-17
     0.724080  5.16961e-17
     0.724267  4.51516e-17
     0.724453  3.29460e-17
     0.724640  3.26068e-17
     0.724827  4.27526e-17
     0.725013  4.50257e-17
     0.725200  4.85313e-17
     0.725386  4.06724e-17
     0.725573  4.37555e-17
     0.725760  4.93017e-17
     0.725946  4.51919e-17
     0.726133  4.52086e-17
     0.726319  4.47679e-17
     0.726506  4.11189e-17
     0.726692  4.09178e-17
     0.726879  4.30430e-17
     0.727066  4.86617e-17
     0.727252  3.84132e-17
     0.727439  3.39460e-17
     0.727625  3.73332e-17
     0.727812  3.79951e-17
     0.727999  4.54822e-17
     0.728185  5.02833e-17
     0.728372  4.28357e-17
     0.728558  4.01659e-17
     0.728745  3.47765e-17
     0.728932  3.58848e-17
     0.729118  3.68842e-17
     0.729305  3.39236e-17
     0.729491  3.58751e-17
     0.729678  3.71943e-17
     0.729865  3.68736e-17
     0.730051  4.39618e-17
     0.730238  4.28963e-17
     0.730424  3.14508e-17
     0.730611  3.65919e-17
     0.730798  3.91157e-17
     0.730984  3.43743e-17
     0.731171  3.40788e-17
     0.731357  3.10453e-17
     0.731544  3.90595e-17
     0.731731  4.21553e-17
     0.731917  4.06468e-17
     0.732104  3.75787e-17
     0.732290  3.23822e-17
     0.732477  3.65419e-17
     0.732664  3.67445e-17
     0.732850  3.83606e-17
     0.733037  3.48391e-17
     0.733223  3.98056e-17
     0.733410  4.37493e-17
     0.733597  3.71172e-17
     0.733783  4.10958e-17
     0.733970  3.91390e-17
     0.734156  3.36840e-17
     0.734343  3.23289e-17
     0.734530  2.77010e-17
     0.734716  2.86437e-17
     0.734903  3.50471e-17
     0.735089  3.66916e-17
     0.735276  3.43777e-17
     0.735463  4.10679e-17
     0.735649  3.50654e-17
     0.735836  3.30353e-17
     0.736022  3.47186e-17
     0.736209  3.30317e-17
     0.736395  2.97220e-17
     0.736582  2.73301e-17
     0.736769  3.03848e-17
     0.736955  3.48056e-17
     0.737142  3.17847e-17
     0.737329  3.27166e-17
     0.737515  3.22655e-17
     0.737702  2.74851e-17
     0.737888  2.63248e-17
     0.738075  2.71358e-17
     0.738261  3.14725e-17
     0.738448  3.32009e-17
     0.738635  2.66425e-17
     0.738821  2.55325e-17
     0.739008  2.75361e-17
     0.739194  2.61874e-17
     0.739381  2.70365e-17
     0.739568  3.26659e-17
     0.739754  2.69596e-17
     0.739941  3.72608e-17
     0.740127  3.33990e-17
     0.740314  3.40315e-17
     0.740501  3.68249e-17
     0.740687  3.72894e-17
     0.740874  3.44857e-17
     0.741060  2.78345e-17
     0.741247  3.03843e-17
     0.741434  3.79794e-17
     0.741620  2.93505e-17
     0.741807  2.56281e-17
     0.741993  2.85178e-17
     0.742180  3.26804e-17
     0.742367  3.11672e-17
     0.742553  2.81896e-17
     0.742740  3.08491e-17
     0.742926  2.95833e-17
     0.743113  2.08851e-17
     0.743300  2.65154e-17
     0.743486  2.82678e-17
     0.743673  2.31392e-17
     0.743859  2.16152e-17
     0.744046  2.94215e-17
     0.744233  2.84087e-17
     0.744419  2.56633e-17
     0.744606  2.83381e-17
     0.744792  2.81707e-17
     0.744979  2.81747e-17
     0.745166  2.52557e-17
     0.745352  2.65781e-17
     0.745539  2.63424e-17
     0.745725  2.28909e-17
     0.745912  2.54106e-17
     0.746099  1.90723e-17
     0.746285  1.45667e-17
     0.746472  2.21183e-17
     0.746658  2.61186e-17
     0.746845  1.78459e-17
     0.747032  1.56911e-17
     0.747218  1.97728e-17
     0.747405  2.24631e-17
     0.747591  2.17753e-17
     0.747778  1.39868e-17
     0.747965  1.65586e-17
     0.748151  1.63162e-17
     0.748338  2.34974e-17
     0.748524  1.75309e-17
     0.748711  2.20068e-17
     0.748897  2.85186e-17
     0.749084  2.55973e-17
     0.749271  1.98875e-17
     0.749457  1.91053e-17
     0.749644  2.44617e-17
     0.749830  1.48393e-17
     0.750017  1.60007e-17
     0.750204  2.21423e-17
     0.750390  2.11813e-17
     0.750577  1.82958e-17
     0.750763  1.84691e-17
     0.750950  1.18823e-17
     0.751137  1.59732e-17
     0.751323  1.66425e-17
     0.751510  1.20207e-17
     0.751696  1.35793e-17
     0.751883  1.33365e-17
     0.752070  2.02243e-17
     0.752256  1.83618e-17
     0.752443  1.29569e-17
     0.752629  1.33712e-17
     0.752816  1.98869e-17
     0.753003  1.76489e-17
     0.753189  1.43636e-17
     0.753376  1.16260e-17
     0.753562  1.06140e-17
     0.753749  1.32052e-17
     0.753936  1.28224e-17
     0.754122  2.27250e-17
     0.754309  1.65119e-17
     0.754495  1.46974e-17
     0.754682  1.30049e-17
     0.754869  1.29352e-17
     0.755055  1.68991e-17
     0.755242  1.89873e-17
     0.755428  1.67970e-17
     0.755615  1.33100e-17
     0.755802  1.51114e-17
     0.755988  1.80823e-17
     0.756175  1.24580e-17
     0.756361  1.10661e-17
     0.756548  1.12933e-17
     0.756735  1.21922e-17
     0.756921  1.27122e-17
     0.757108  6.99446e-18
     0.757294  2.10694e-17
     0.757481  1.97373e-17
     0.757668  1.28873e-17
     0.757854  1.05413e-17
     0.758041  1.18941e-17
     0.758227  1.52155e-17
     0.758414  1.36092e-17
     0.758601  1.06849e-17
     0.758787  5.94197e-18
     0.758974  6.35415e-18
     0.759160  6.40120e-18
     0.759347  8.83799e-19
     0.759534  4.24308e-18
     0.759720  1.06936e-17
     0.759907  1.51742e-17
     0.760093  1.35969e-17
     0.760280 -2.57544e-18
     0.760467  1.05374e-17
     0.760653  1.31003e-17
     0.760840  1.34122e-17
     0.761026  1.26258e-17
     0.761213  1.58806e-17
     0.761399  1.57223e-17
     0.761586  1.11578e-17
     0.761773  8.13308e-18
     0.761959  7.27530e-18
     0.762146 -8.53195e-20
     0.762332  4.42553e-18
     0.762519  1.09666e-17
     0.762706  1.04279e-17
     0.762892  4.62131e-18
     0.763079 -9.44515e-19
     0.763265 -4.25118e-19
     0.763452  5.42912e-18
     0.763639  1.28531e-17
     0.763825  1.25679e-17
     0.764012  6.95319e-18
     0.764198  2.20910e-18
     0.764385 -3.36305e-18
     0.764572  4.65727e-18
     0.764758  6.13802e-18
     0.764945 -3.35316e-19
     0.765131  5.02833e-18
     0.765318  5.29788e-18
     0.765505 -1.03264e-18
     0.765691 -2.66886e-18
     0.765878 -4.85192e-18
     0.766064  2.47287e-18
     0.766251  7.02940e-18
     0.766438  3.84462e-18
     0.766624  2.79838e-18
     0.766811  5.24094e-18
     0.766997  6.44950e-18
     0.767184  4.01351e-18
     0.767371  4.12048e-18
     0.767557  2.75525e-18
     0.767744 -6.03133e-19
     0.767930  1.19982e-18
     0.768117  2.28457e-18
     0.768304 -7.23838e-18
     0.768490 -4.95172e-18
     0.768677  1.78595e-18
     0.768863 -3.30849e-18
     0.769050 -1.52456e-18
     0.769237 -2.71612e-18
     0.769423 -2.73913e-18
     0.769610 -5.68641e-19
     0.769796  1.01454e-18
     0.769983  1.23702e-18
     0.770170  1.14951e-18
     0.770356  2.33165e-18
     0.770543  1.05392e-18
     0.770729  2.94575e-18
     0.770916  2.94220e-18
     0.771102  3.74801e-18
     0.771289  8.53098e-18
     0.771476  4.02036e-20
     0.771662  4.87479e-18
     0.771849  1.00174e-17
     0.772035  8.53484e-18
     0.772222  2.40339e-18
     0.772409  2.94724e-18
     0.772595  1.00904e-17
     0.772782  1.09629e-18
     0.772968  6.86291e-18
     0.773155  1.37386e-17
     0.773342  9.14976e-18
     0.773528  6.17049e-18
     0.773715  8.52049e-18
     0.773901  5.23795e-18
     0.774088  8.40671e-18
     0.774275  8.76681e-18
     0.774461  7.98734e-18
     0.774648  9.46780e-18
     0.774834  1.40217e-17
     0.775021  1.17688e-17
     0.775208  8.09696e-18
     0.775394  6.83579e-18
     0.775581  1.41894e-17
     0.775767  1.36532e-17
     0.775954  1.30387e-17
     0.776141  1.59830e-17
     0.776327  1.04837e-17
     0.776514  1.21660e-17
     0.776700  1.44278e-17
     0.776887  9.94047e-18
     0.777074  1.34591e-17
     0.777260  1.86448e-17
     0.777447  1.52419e-17
     0.777633  1.62230e-17
     0.777820  1.51830e-17
     0.778007  2.07359e-17
     0.778193  2.47828e-17
     0.778380  1.87771e-17
     0.778566  2.26656e-17
     0.778753  1.90490e-17
     0.778940  1.79329e-17
     0.779126  2.55644e-17
     0.779313  2.66528e-17
     0.779499  2.91675e-17
     0.779686  1.39286e-17
     0.779873  4.82028e-18
     0.780059  8.20935e-18
     0.780246  8.13189e-18
     0.780432  1.01681e-17
     0.780619  1.64260e-17
     0.780806  1.98472e-17
     0.780992  2.35376e-17
     0.781179  2.10165e-17
     0.781365  2.18467e-17
     0.781552  2.13793e-17
     0.781739  1.92637e-17
     0.781925  1.54307e-17
     0.782112  2.26552e-17
     0.782298  3.87293e-17
     0.782485  4.00425e-17
     0.782672  3.01441e-17
     0.782858  1.96637e-17
     0.783045  2.46701e-17
     0.783231  3.16539e-17
     0.783418  2.64911e-17
     0.783605  2.66529e-17
     0.783791  2.96668e-17
     0.783978  2.97817e-17
     0.784164  2.81702e-17
     0.784351  1.82809e-17
     0.784537  2.65174e-17
     0.784724  2.95184e-17
     0.784911  3.08310e-17
     0.785097  3.08619e-17
     0.785284  3.01536e-17
     0.785470  2.72294e-17
     0.785657  3.46066e-17
     0.785844  3.27023e-17
     0.786030  3.63466e-17
     0.786217  3.48791e-17
     0.786403  3.32934e-17
     0.786590  3.31741e-17
     0.786777  3.55989e-17
     0.786963  2.81031e-17
     0.787150  3.79264e-17
     0.787336  4.80822e-17
     0.787523  3.76779e-17
     0.787710  4.01069e-17
     0.787896  4.59396e-17
     0.788083  4.51718e-17
     0.788269  4.66268e-17
     0.788456  4.06105e-17
     0.788643  4.16501e-17
     0.788829  4.79320e-17
     0.789016  4.27221e-17
     0.789202  4.70964e-17
     0.789389  4.16952e-17
     0.789576  3.45961e-17
     0.789762  4.49165e-17
     0.789949  5.05487e-17
     0.790135  4.56848e-17
     0.790322  4.73952e-17
     0.790509  4.71266e-17
     0.790695  5.03106e-17
     0.790882  5.10864e-17
     0.791068  5.29179e-17
     0.791255  6.82803e-17
     0.791442  5.65173e-17
     0.791628  5.59758e-17
     0.791815  5.94582e-17
     0.792001  5.60973e-17
     0.792188  5.13193e-17
     0.792374  5.27231e-17
     0.792561  5.28872e-17
     0.792748  5.67932e-17
     0.792934  6.29245e-17
     0.793121  6.07403e-17
     0.793308  5.45228e-17
     0.793494  5.26184e-17
     0.793681  5.40417e-17
     0.793867  5.53603e-17
     0.794054  5.09386e-17
     0.794240  4.99104e-17
     0.794427  3.76999e-17
     0.794614  2.53470e-17
     0.794800  1.44127e-17
     0.794987  1.82834e-17
     0.795173  3.61309e-17
     0.795360  5.24993e-17
     0.795547  5.96005e-17
     0.795733  6.04967e-17
     0.795920  5.94008e-17
     0.796106  6.58607e-17
     0.796293  6.63275e-17
     0.796480  7.04191e-17
     0.796666  7.95589e-17
     0.796853  8.10511e-17
     0.797039  7.36633e-17
     0.797226  6.87347e-17
     0.797413  6.95520e-17
     0.797599  7.55801e-17
     0.797786  7.88535e-17
     0.797972  8.45107e-17
     0.798159  8.64459e-17
     0.798346  8.57303e-17
     0.798532  7.94687e-17
     0.798719  7.77417e-17
     0.798905  8.32774e-17
     0.799092  7.26070e-17
     0.799279  6.96358e-17
     0.799465  7.74047e-17
     0.799652  7.80803e-17
     0.799838  7.71415e-17
     0.800025  8.49148e-17
     0.800212  8.70904e-17
     0.800398  8.69307e-17
     0.800585  8.62372e-17
     0.800771  8.59037e-17
     0.800958  9.17614e-17
     0.801145  9.57337e-17
     0.801331  9.15560e-17
     0.801518  9.08183e-17
     0.801704  9.87349e-17
     0.801891  1.05183e-16
     0.802078  9.76193e-17
     0.802264  9.17187e-17
     0.802451  1.04937e-16
     0.802637  1.07715e-16
     0.802824  8.67311e-17
     0.803011  9.78405e-17
     0.803197  1.10036e-16
     0.803384  1.00913e-16
     0.803570  1.05712e-16
     0.803757  1.09675e-16
     0.803944  9.98957e-17
     0.804130  1.08664e-16
     0.804317  1.13579e-16
     0.804503  1.07725e-16
     0.804690  1.04933e-16
     0.804876  1.03781e-16
     0.805063  1.10367e-16
     0.805250  1.17118e-16
     0.805436  1.08034e-16
     0.805623  1.07953e-16
     0.805809  1.12092e-16
     0.805996  1.16843e-16
     0.806183  1.11215e-16
     0.806369  1.10696e-16
     0.806556  1.16421e-16
     0.806742  1.11557e-16
     0.806929  1.13455e-16
     0.807116  1.21059e-16
     0.807302  1.22805e-16
     0.807489  1.21264e-16
     0.807675  1.19102e-16
     0.807862  1.21260e-16
     0.808049  1.20649e-16
     0.808235  1.27030e-16
     0.808422  1.27962e-16
     0.808608  1.24042e-16
     0.808795  1.25466e-16
     0.808982  1.27315e-16
     0.809168  1.25260e-16
     0.809355  1.26301e-16
     0.809541  1.26386e-16
     0.809728  1.27659e-16
     0.809915  1.31427e-16
     0.810101  1.35491e-16
     0.810288  1.38809e-16
     0.810474  1.40362e-16
     0.810661  1.32551e-16
     0.810848  1.27805e-16
     0.811034  1.34323e-16
     0.811221  1.35003e-16
     0.811407  1.31712e-16
     0.811594  1.35552e-16
     0.811781  1.40683e-16
     0.811967  1.39790e-16
     0.812154  1.37843e-16
     0.812340  1.40172e-16
     0.812527  1.47867e-16
     0.812714  1.48522e-16
     0.812900  1.46184e-16
     0.813087  1.48096e-16
     0.813273  1.50152e-16
     0.813460  1.49977e-16
     0.813647  1.44460e-16
     0.813833  1.46851e-16
     0.814020  1.53343e-16
     0.814206  1.51325e-16
     0.814393  1.56174e-16
     0.814579  1.58271e-16
     0.814766  1.59469e-16
     0.814953  1.62480e-16
     0.815139  1.62469e-16
     0.815326  1.68222e-16
     0.815512  1.66262e-16
     0.815699  1.58792e-16
     0.815886  1.63785e-16
     0.816072  1.73830e-16
     0.816259  1.71841e-16
     0.816445  1.69108e-16
     0.816632  1.65504e-16
     0.816819  1.71498e-16
     0.817005  1.76986e-16
     0.817192  1.76003e-16
     0.817378  1.82267e-16
     0.817565  1.86406e-16
     0.817752  1.71803e-16
     0.817938  1.63035e-16
     0.818125  1.75843e-16
     0.818311  1.71624e-16
     0.818498  1.72698e-16
     0.818685  1.76719e-16
     0.818871  1.83475e-16
     0.819058  1.77995e-16
     0.819244  1.69487e-16
     0.819431  1.70129e-16
     0.819618  1.68032e-16
     0.819804  1.62833e-16
     0.819991  1.63359e-16
     0.820177  1.76224e-16
     0.820364  1.89391e-16
     0.820551  1.87409e-16
     0.820737  1.78994e-16
     0.820924  1.85755e-16
     0.821110  1.95761e-16
     0.821297  1.94383e-16
     0.821484  2.00917e-16
     0.821670  2.01617e-16
     0.821857  2.06362e-16
     0.822043  1.99879e-16
     0.822230  2.03629e-16
     0.822417  2.13785e-16
     0.822603  2.14652e-16
     0.822790  2.09404e-16
     0.822976  2.04781e-16
     0.823163  2.03585e-16
     0.823350  2.07848e-16
     0.823536  2.04772e-16
     0.823723  2.02266e-16
     0.823909  2.07454e-16
     0.824096  2.13369e-16
     0.824283  2.05273e-16
     0.824469  1.97971e-16
     0.824656  2.14379e-16
     0.824842  2.21403e-16
     0.825029  2.20405e-16
     0.825216  2.24260e-16
     0.825402  2.26652e-16
     0.825589  2.21587e-16
     0.825775  2.12288e-16
     0.825962  2.19269e-16
     0.826149  2.17825e-16
     0.826335  2.15754e-16
     0.826522  2.21700e-16
     0.826708  2.21528e-16
     0.826895  2.19038e-16
     0.827081  2.28625e-16
     0.827268  2.27302e-16
     0.827455  2.28748e-16
     0.827641  2.22836e-16
     0.827828  2.32874e-16
     0.828014  2.29624e-16
     0.828201  2.27199e-16
     0.828388  2.37804e-16
     0.828574  2.39688e-16
     0.828761  2.32714e-16
     0.828947  2.37414e-16
     0.829134  2.43583e-16
     0.829321  2.45425e-16
     0.829507  2.29286e-16
     0.829694  2.40746e-16
     0.829880  2.43365e-16
     0.830067  2.30246e-16
     0.830254  2.48247e-16
     0.830440  2.51697e-16
     0.830627  2.40518e-16
     0.830813  2.50677e-16
     0.831000  2.52594e-16
     0.831187  2.48805e-16
     0.831373  2.53297e-16
     0.831560  2.52835e-16
     0.831746  2.51038e-16
     0.831933  2.65071e-16
     0.832120  2.72123e-16
     0.832306  2.59319e-16
     0.832493  2.60666e-16
     0.832679  2.72707e-16
     0.832866  2.73962e-16
     0.833053  2.63215e-16
     0.833239  2.64245e-16
     0.833426  2.73627e-16
     0.833612  2.71045e-16
     0.833799  2.72602e-16
     0.833986  2.65447e-16
     0.834172  2.72645e-16
     0.834359  2.61370e-16
     0.834545  2.57406e-16
     0.834732  2.67714e-16
     0.834919  2.67478e-16
     0.835105  2.66960e-16
     0.835292  2.74478e-16
     0.835478  2.81913e-16
     0.835665  2.77033e-16
     0.835852  2.80068e-16
     0.836038  2.81227e-16
     0.836225  2.81720e-16
     0.836411  2.84083e-16
     0.836598  2.94216e-16
     0.836784  2.97671e-16
     0.836971  2.95821e-16
     0.837158  2.92461e-16
     0.837344  2.92847e-16
     0.837531  2.92124e-16
     0.837717  2.80900e-16
     0.837904  2.90508e-16
     0.838091  2.98958e-16
     0.838277  3.00324e-16
     0.838464  2.98635e-16
     0.838650  2.93610e-16
     0.838837  2.88290e-16
     0.839024  2.95123e-16
     0.839210  2.97128e-16
     0.839397  2.98222e-16
     0.839584  3.00812e-16
     0.839770  3.20003e-16
     0.839957  3.31141e-16
     0.840143  3.14896e-16
     0.840330  3.07696e-16
     0.840516  3.11848e-16
     0.840703  3.12469e-16
     0.840890  3.17834e-16
     0.841076  3.22353e-16
     0.841263  3.25386e-16
     0.841449  3.25188e-16
     0.841636  3.14046e-16
     0.841823  3.20601e-16
     0.842009  3.19254e-16
     0.842196  3.08706e-16
     0.842382  3.15275e-16
     0.842569  3.35615e-16
     0.842756  3.36344e-16
     0.842942  3.21442e-16
     0.843129  3.21222e-16
     0.843315  3.29341e-16
     0.843502  3.36405e-16
     0.843689  3.37332e-16
     0.843875  3.29669e-16
     0.844062  3.35319e-16
     0.844248  3.33267e-16
     0.844435  3.41145e-16
     0.844622  3.45572e-16
     0.844808  3.33685e-16
     0.844995  3.27552e-16
     0.845181  3.29346e-16
     0.845368  3.39276e-16
     0.845555  3.35991e-16
     0.845741  3.40285e-16
     0.845928  3.44710e-16
     0.846114  3.56175e-16
     0.846301  3.48034e-16
     0.846488  3.39313e-16
     0.846674  3.43664e-16
     0.846861  3.47243e-16
     0.847047  3.50059e-16
     0.847234  3.54152e-16
     0.847421  3.47535e-16
     0.847607  3.48600e-16
     0.847794  3.48514e-16
     0.847980  3.44743e-16
     0.848167  3.47965e-16
     0.848354  3.53843e-16
     0.848540  3.59096e-16
     0.848727  3.56530e-16
     0.848913  3.59894e-16
     0.849100  3.65059e-16
     0.849286  3.74235e-16
     0.849473  3.68916e-16
     0.849660  3.58779e-16
     0.849846  3.59855e-16
     0.850033  3.63828e-16
     0.850219  3.60515e-16
     0.850406  3.58760e-16
     0.850593  3.70502e-16
     0.850779  3.72578e-16
     0.850966  3.76736e-16
     0.851152  3.52327e-16
     0.851339  3.26143e-16
     0.851526  3.17889e-16
     0.851712  2.75223e-16
     0.851899  2.02390e-16
     0.852085  1.48807e-16
     0.852272  1.36120e-16
     0.852459  1.83046e-16
     0.852645  2.65661e-16
     0.852832  3.18356e-16
     0.853018  3.50872e-16
     0.853205  3.67826e-16
     0.853392  3.67722e-16
     0.853578  3.71432e-16
     0.853765  3.71831e-16
     0.853951  3.79666e-16
     0.854138  3.92423e-16
     0.854325  4.02717e-16
     0.854511  4.12833e-16
     0.854698  4.04663e-16
     0.854884  3.99517e-16
     0.855071  3.98041e-16
     0.855258  3.97926e-16
     0.855444  4.01450e-16
     0.855631  4.06876e-16
     0.855817  4.01432e-16
     0.856004  3.92971e-16
     0.856191  3.92057e-16
     0.856377  4.10350e-16
     0.856564  4.21059e-16
     0.856750  4.20696e-16
     0.856937  4.11303e-16
     0.857124  4.25890e-16
     0.857310  4.26579e-16
     0.857497  4.21660e-16
     0.857683  4.16865e-16
     0.857870  4.09994e-16
     0.858057  4.16839e-16
     0.858243  4.25736e-16
     0.858430  4.26610e-16
     0.858616  4.17956e-16
     0.858803  4.29827e-16
     0.858990  4.32368e-16
     0.859176  4.24019e-16
     0.859363  4.18564e-16
     0.859549  4.31412e-16
     0.859736  4.42919e-16
     0.859922  4.35576e-16
     0.860109  4.39238e-16
     0.860296  4.41394e-16
     0.860482  4.39951e-16
     0.860669  4.38704e-16
     0.860855  4.24567e-16
     0.861042  3.95840e-16
     0.861229  3.66297e-16
     0.861415  3.45244e-16
     0.861602  3.34157e-16
     0.861788  3.38756e-16
     0.861975  3.38936e-16
     0.862162  3.32647e-16
     0.862348  3.41561e-16
     0.862535  3.38758e-16
     0.862722  3.32339e-16
     0.862908  3.42843e-16
     0.863095  3.42161e-16
     0.863281  3.42326e-16
     0.863468  3.47936e-16
     0.863654  3.53881e-16
     0.863841  3.63584e-16
     0.864028  3.64740e-16
     0.864214  3.59148e-16
     0.864401  3.62394e-16
     0.864587  3.72569e-16
     0.864774  3.71300e-16
     0.864961  3.66774e-16
     0.865147  3.78044e-16
     0.865334  3.90426e-16
     0.865520  3.85454e-16
     0.865707  3.88599e-16
     0.865894  3.93343e-16
     0.866080  4.04839e-16
     0.866267  4.08837e-16
     0.866453  4.10491e-16
     0.866640  4.16253e-16
     0.866827  4.10670e-16
     0.867013  4.05562e-16
     0.867200  4.01946e-16
     0.867386  4.05418e-16
     0.867573  4.23141e-16
     0.867760  4.30370e-16
     0.867946  4.24347e-16
     0.868133  4.11700e-16
     0.868319  4.04762e-16
     0.868506  4.11984e-16
     0.868693  4.26388e-16
     0.868879  4.34569e-16
     0.869066  4.14624e-16
     0.869252  4.07121e-16
     0.869439  3.90572e-16
     0.869626  3.75215e-16
     0.869812  3.88910e-16
     0.869999  4.06380e-16
     0.870185  4.15109e-16
     0.870372  4.22994e-16
     0.870559  4.02210e-16
     0.870745  3.97168e-16
     0.870932  3.93473e-16
     0.871118  3.95234e-16
     0.871305  4.03303e-16
     0.871491  4.08734e-16
     0.871678  4.13790e-16
     0.871865  4.13187e-16
     0.872051  4.16191e-16
     0.872238  4.06892e-16
     0.872424  4.08984e-16
     0.872611  4.21587e-16
     0.872798  4.30134e-16
     0.872984  4.38464e-16
     0.873171  4.33821e-16
     0.873357  4.21606e-16
     0.873544  4.21869e-16
     0.873731  4.25001e-16
     0.873917  4.21844e-16
     0.874104  4.36801e-16
     0.874290  4.48906e-16
     0.874477  4.43813e-16
     0.874664  4.38269e-16
     0.874850  4.33963e-16
     0.875037  4.24742e-16
     0.875223  4.38706e-16
     0.875410  4.40191e-16
     0.875597  4.32597e-16
     0.875783  4.32041e-16
     0.875970  4.43940e-16
     0.876156  4.65283e-16
     0.876343  4.61268e-16
     0.876530  4.30908e-16
     0.876716  4.15026e-16
     0.876903  4.26917e-16
     0.877089  4.59741e-16
     0.877276  4.78800e-16
     0.877463  4.86118e-16
     0.877649  4.79125e-16
     0.877836  4.76143e-16
     0.878022  4.69170e-16
     0.878209  4.73244e-16
     0.878395  4.85223e-16
     0.878582  4.73741e-16
     0.878769  4.53863e-16
     0.878955  4.44016e-16
     0.879142  4.53153e-16
     0.879328  4.80863e-16
     0.879515  4.91537e-16
     0.879702  4.86127e-16
     0.879888  4.72091e-16
     0.880075  4.52144e-16
     0.880262  4.45580e-16
     0.880448  4.58909e-16
     0.880635  4.66641e-16
     0.880821  4.53071e-16
     0.881008  4.59304e-16
     0.881195  4.81829e-16
     0.881381  4.98336e-16
     0.881568  5.16017e-16
     0.881754  5.24650e-16
     0.881941  5.24381e-16
     0.882127  5.11749e-16
     0.882314  4.95635e-16
     0.882501  4.92970e-16
     0.882687  4.96622e-16
     0.882874  4.98235e-16
     0.883060  5.05110e-16
     0.883247  4.96445e-16
     0.883434  4.87142e-16
     0.883620  5.19057e-16
     0.883807  5.28837e-16
     0.883993  5.26461e-16
     0.884180  5.26254e-16
     0.884367  5.10940e-16
     0.884553  5.02618e-16
     0.884740  4.88883e-16
     0.884926  5.00653e-16
     0.885113  5.29714e-16
     0.885300  5.25912e-16
     0.885486  5.27631e-16
     0.885673  5.29501e-16
     0.885859  5.10229e-16
     0.886046  5.13118e-16
     0.886233  5.38999e-16
     0.886419  5.30982e-16
     0.886606  5.34021e-16
     0.886792  5.40191e-16
     0.886979  5.14237e-16
     0.887166  5.04718e-16
     0.887352  5.10958e-16
     0.887539  5.25405e-16
     0.887725  5.58962e-16
     0.887912  5.74452e-16
     0.888099  5.66879e-16
     0.888285  5.43579e-16
     0.888472  5.31663e-16
     0.888658  5.44666e-16
     0.888845  5.60808e-16
     0.889032  5.77240e-16
     0.889218  5.64571e-16
     0.889405  5.52373e-16
     0.889591  5.34664e-16
     0.889778  5.35497e-16
     0.889965  5.40761e-16
     0.890151  5.59017e-16
     0.890338  5.99273e-16
     0.890524  5.92123e-16
     0.890711  5.67883e-16
     0.890898  5.64671e-16
     0.891084  5.42904e-16
     0.891271  5.52022e-16
     0.891457  5.57560e-16
     0.891644  5.71111e-16
     0.891830  5.76530e-16
     0.892017  5.76225e-16
     0.892204  5.48021e-16
     0.892390  5.41213e-16
     0.892577  5.50527e-16
     0.892763  5.62065e-16
     0.892950  5.62025e-16
     0.893137  5.78543e-16
     0.893323  5.86343e-16
     0.893510  5.67420e-16
     0.893696  5.21095e-16
     0.893883  4.73369e-16
     0.894070  4.07645e-16
     0.894256  3.26319e-16
     0.894443  2.88141e-16
     0.894629  3.44885e-16
     0.894816  4.34961e-16
     0.895003  4.94683e-16
     0.895189  5.21131e-16
     0.895376  5.82059e-16
     0.895562  6.18241e-16
     0.895749  6.26903e-16
     0.895936  6.27166e-16
     0.896122  6.22163e-16
     0.896309  6.07927e-16
     0.896495  5.74845e-16
     0.896682  5.61716e-16
     0.896869  5.84364e-16
     0.897055  6.00121e-16
     0.897242  6.04111e-16
     0.897428  6.01245e-16
     0.897615  6.22830e-16
     0.897802  6.25038e-16
     0.897988  6.03808e-16
     0.898175  5.89575e-16
     0.898361  6.24249e-16
     0.898548  6.60059e-16
     0.898735  6.70102e-16
     0.898921  6.56130e-16
     0.899108  6.19982e-16
     0.899294  6.14195e-16
     0.899481  6.11106e-16
     0.899668  6.26659e-16
     0.899854  6.40398e-16
     0.900041  6.18512e-16
     0.900227  6.25894e-16
     0.900414  6.54688e-16
     0.900601  6.69711e-16
     0.900787  6.77772e-16
     0.900974  6.96528e-16
     0.901160  7.09660e-16
     0.901347  6.95021e-16
     0.901533  6.92621e-16
     0.901720  6.97255e-16
     0.901907  6.97302e-16
     0.902093  6.95517e-16
     0.902280  6.73941e-16
     0.902466  6.31758e-16
     0.902653  6.12715e-16
     0.902840  6.07610e-16
     0.903026  6.20869e-16
     0.903213  6.26308e-16
     0.903400  6.45640e-16
     0.903586  6.70368e-16
     0.903773  6.82909e-16
     0.903959  6.80351e-16
     0.904146  6.58214e-16
     0.904333  6.39303e-16
     0.904519  6.53810e-16
     0.904706  6.59965e-16
     0.904892  6.72429e-16
     0.905079  6.77220e-16
     0.905265  6.84517e-16
     0.905452  6.69651e-16
     0.905639  6.74658e-16
     0.905825  6.67649e-16
     0.906012  6.66530e-16
     0.906198  6.79719e-16
     0.906385  6.70523e-16
     0.906572  6.64221e-16
     0.906758  6.77379e-16
     0.906945  6.91494e-16
     0.907131  6.73982e-16
     0.907318  6.53410e-16
     0.907505  6.46343e-16
     0.907691  6.96933e-16
     0.907878  7.23287e-16
     0.908064  7.00387e-16
     0.908251  6.83074e-16
     0.908438  7.14623e-16
     0.908624  7.31380e-16
     0.908811  7.10889e-16
     0.908997  7.00566e-16
     0.909184  7.15614e-16
     0.909371  7.23569e-16
     0.909557  7.23201e-16
     0.909744  7.16886e-16
     0.909930  6.96726e-16
     0.910117  7.13825e-16
     0.910304  7.28144e-16
     0.910490  7.32432e-16
     0.910677  6.91246e-16
     0.910863  6.93592e-16
     0.911050  7.16438e-16
     0.911237  7.22279e-16
     0.911423  7.30608e-16
     0.911610  7.42452e-16
     0.911796  7.35792e-16
     0.911983  7.29406e-16
     0.912170  7.40417e-16
     0.912356  7.42827e-16
     0.912543  7.43796e-16
     0.912729  7.45167e-16
     0.912916  7.35445e-16
     0.913103  7.35218e-16
     0.913289  7.61411e-16
     0.913476  7.49313e-16
     0.913662  7.11136e-16
     0.913849  6.88182e-16
     0.914036  6.96118e-16
     0.914222  7.03469e-16
     0.914409  7.19342e-16
     0.914595  7.36667e-16
     0.914782  7.62963e-16
     0.914968  7.69594e-16
     0.915155  7.62411e-16
     0.915342  7.51106e-16
     0.915528  7.44736e-16
     0.915715  7.39246e-16
     0.915901  7.50570e-16
     0.916088  7.41914e-16
     0.916275  7.37100e-16
     0.916461  7.72811e-16
     0.916648  7.84947e-16
     0.916834  7.85667e-16
     0.917021  7.84557e-16
     0.917208  7.89760e-16
     0.917394  7.85376e-16
     0.917581  7.47638e-16
     0.917767  7.43903e-16
     0.917954  7.84063e-16
     0.918141  7.82840e-16
     0.918327  7.57889e-16
     0.918514  7.57408e-16
     0.918700  7.57051e-16
     0.918887  7.84239e-16
     0.919074  8.12563e-16
     0.919260  7.98008e-16
     0.919447  7.86799e-16
     0.919633  7.88960e-16
     0.919820  7.98936e-16
     0.920007  8.12281e-16
     0.920193  8.13976e-16
     0.920380  8.19863e-16
     0.920566  8.17724e-16
     0.920753  7.99373e-16
     0.920940  8.01909e-16
     0.921126  8.22111e-16
     0.921313  8.25567e-16
     0.921499  8.39658e-16
     0.921686  8.22294e-16
     0.921873  7.96984e-16
     0.922059  8.35978e-16
     0.922246  8.51057e-16
     0.922432  8.63308e-16
     0.922619  9.01065e-16
     0.922806  9.06535e-16
     0.922992  9.04800e-16
     0.923179  8.71700e-16
     0.923365  8.51403e-16
     0.923552  8.66284e-16
     0.923739  8.73586e-16
     0.923925  8.56734e-16
     0.924112  8.44577e-16
     0.924298  8.63296e-16
     0.924485  8.38016e-16
     0.924671  8.20329e-16
     0.924858  8.14001e-16
     0.925045  7.80147e-16
     0.925231  7.69097e-16
     0.925418  7.86978e-16
     0.925604  8.18893e-16
     0.925791  8.36051e-16
     0.925978  8.15283e-16
     0.926164  8.01144e-16
     0.926351  7.99086e-16
     0.926538  8.01683e-16
     0.926724  8.08360e-16
     0.926911  8.19564e-16
     0.927097  7.59295e-16
     0.927284  7.36095e-16
     0.927471  7.30145e-16
     0.927657  7.24739e-16
     0.927844  6.77148e-16
     0.928030  6.36098e-16
     0.928217  6.55123e-16
     0.928403  6.65267e-16
     0.928590  6.65777e-16
     0.928777  6.79404e-16
     0.928963  6.90934e-16
     0.929150  6.78573e-16
     0.929336  6.75071e-16
     0.929523  6.79904e-16
     0.929710  7.03140e-16
     0.929896  7.17432e-16
     0.930083  7.00571e-16
     0.930269  7.02298e-16
     0.930456  7.45214e-16
     0.930643  7.51923e-16
     0.930829  7.49924e-16
     0.931016  7.60136e-16
     0.931202  8.51933e-16
     0.931389  9.00450e-16
     0.931576  8.32243e-16
     0.931762  7.50454e-16
     0.931949  7.17525e-16
     0.932135  7.96981e-16
     0.932322  8.38996e-16
     0.932509  7.50032e-16
     0.932695  7.38449e-16
     0.932882  7.86223e-16
     0.933068  8.47909e-16
     0.933255  8.38481e-16
     0.933442  7.79139e-16
     0.933628  7.57477e-16
     0.933815  7.76149e-16
     0.934001  8.28085e-16
     0.934188  8.38941e-16
     0.934375  7.67315e-16
     0.934561  6.99484e-16
     0.934748  7.17351e-16
     0.934934  8.02668e-16
     0.935121  9.16715e-16
     0.935308  9.66005e-16
     0.935494  8.93870e-16
     0.935681  8.31619e-16
     0.935867  7.95744e-16
     0.936054  8.24605e-16
     0.936241  8.86176e-16
     0.936427  8.97700e-16
     0.936614  8.96397e-16
     0.936800  9.13840e-16
     0.936987  8.69339e-16
     0.937174  8.22989e-16
     0.937360  8.90409e-16
     0.937547  9.81742e-16
     0.937733  9.94214e-16
     0.937920  9.20646e-16
     0.938106  8.14263e-16
     0.938293  8.21234e-16
     0.938480  9.04534e-16
     0.938666  8.86438e-16
     0.938853  8.48332e-16
     0.939039  8.50664e-16
     0.939226  8.54413e-16
     0.939413  8.66483e-16
     0.939599  9.00679e-16
     0.939786  9.15318e-16
     0.939972  9.16533e-16
     0.940159  8.65064e-16
     0.940346  8.90720e-16
     0.940532  9.44345e-16
     0.940719  9.52543e-16
     0.940905  9.34448e-16
     0.941092  9.20091e-16
     0.941279  9.28297e-16
     0.941465  9.77400e-16
     0.941652  9.39198e-16
     0.941838  9.34269e-16
     0.942025  9.29643e-16
     0.942212  9.41262e-16
     0.942398  9.56056e-16
     0.942585  9.97979e-16
     0.942771  9.28793e-16
     0.942958  8.53100e-16
     0.943145  8.47474e-16
     0.943331  9.29227e-16
     0.943518  1.02399e-15
     0.943704  1.05102e-15
     0.943891  9.72280e-16
     0.944078  7.72933e-16
     0.944264  7.74696e-16
     0.944451  7.80824e-16
     0.944637  8.59034e-16
     0.944824  9.20272e-16
     0.945011  9.47103e-16
     0.945197  9.91557e-16
     0.945384  9.69325e-16
     0.945570  9.20077e-16
     0.945757  9.05438e-16
     0.945944  9.30612e-16
     0.946130  8.97055e-16
     0.946317  8.93990e-16
     0.946503  9.68472e-16
     0.946690  9.71391e-16
     0.946877  9.20592e-16
     0.947063  9.01495e-16
     0.947250  9.65169e-16
     0.947436  9.97514e-16
     0.947623  9.56423e-16
     0.947809  9.72474e-16
     0.947996  9.60837e-16
     0.948183  8.69620e-16
     0.948369  8.45026e-16
     0.948556  9.21837e-16
     0.948743  9.29954e-16
     0.948929  9.50741e-16
     0.949116  9.88889e-16
     0.949302  9.99896e-16
     0.949489  9.30815e-16
     0.949676  9.39161e-16
     0.949862  9.60631e-16
     0.953562  9.80983e-16
     0.957234  9.71321e-16
     0.960923  9.91221e-16
     0.964628  1.02322e-15
     0.968348  1.11402e-15
     0.972083  1.11940e-15
     0.975833  1.08606e-15
     0.979599  1.18777e-15
     0.983379  1.16729e-15
     0.987174  1.15957e-15
     0.990984  1.11334e-15
     0.994808  1.11036e-15
     0.998645  1.10160e-15
      1.00250  1.06817e-15
      1.00636  1.05093e-15
      1.01024  1.14478e-15
      1.01413  1.22171e-15
      1.01804  1.23182e-15
      1.02196  1.22306e-15
      1.02589  1.28765e-15
      1.02983  1.29539e-15
      1.03379  1.36947e-15
      1.03775  1.44446e-15
      1.04173  1.43207e-15
      1.04572  1.42013e-15
      1.04973  1.43704e-15
      1.05374  1.48810e-15
      1.05776  1.50767e-15
      1.06180  1.52110e-15
      1.06585  1.57042e-15
      1.06990  1.63615e-15
      1.07397  1.60135e-15
      1.07804  1.57966e-15
      1.08213  1.65718e-15
      1.08623  1.61615e-15
      1.09033  1.61128e-15
      1.09445  1.57778e-15
      1.09857  1.52105e-15
      1.10270  1.54733e-15
      1.10684  1.47560e-15
      1.11099  1.43702e-15
      1.11515  1.44394e-15
      1.11931  1.38717e-15
      1.12348  1.45684e-15
      1.12766  1.47855e-15
      1.13185  1.43282e-15
      1.13605  1.37075e-15
      1.14025  1.43643e-15
      1.14445  1.47152e-15
      1.14867  1.49694e-15
      1.15289  1.57047e-15
      1.15711  1.57713e-15
      1.16135  1.54689e-15
      1.16558  1.49593e-15
      1.16983  1.44891e-15
      1.17408  1.40874e-15
      1.17833  1.48784e-15
      1.18259  1.60382e-15
      1.18685  1.68580e-15
      1.19112  1.74606e-15
      1.19539  1.77373e-15
      1.19966  1.77428e-15
      1.20394  1.79481e-15
      1.20823  1.86417e-15
      1.21251  1.89120e-15
      1.21680  1.89272e-15
      1.22109  1.97998e-15
      1.22539  1.98284e-15
      1.22969  2.00555e-15
      1.23399  1.98742e-15
      1.23829  1.98000e-15
      1.24260  2.01848e-15
      1.24691  1.97194e-15
      1.25121  1.99206e-15
      1.25553  2.04128e-15
      1.25984  2.14583e-15
      1.26415  2.16111e-15
      1.26847  2.24966e-15
      1.27278  2.26454e-15
      1.27710  2.25731e-15
      1.28142  2.16424e-15
      1.28573  2.14532e-15
      1.29005  2.18078e-15
      1.29437  2.15006e-15
      1.29869  2.17845e-15
      1.30301  2.18273e-15
      1.30732  2.14626e-15
      1.31164  2.23176e-15
      1.31596  2.14136e-15
      1.32027  2.12321e-15
      1.32459  2.07426e-15
      1.32890  1.84171e-15
      1.33321  1.49036e-15
      1.33752  1.21380e-15
      1.34183  9.62477e-16
      1.34614  8.69221e-16
      1.35045  7.92589e-16
      1.35475  7.41920e-16
      1.35906  7.52735e-16
      1.36336  7.91092e-16
      1.36765  8.77362e-16
      1.37195  9.73351e-16
      1.37624  9.84244e-16
      1.38053  1.02699e-15
      1.38482  1.02273e-15
      1.38910  9.21191e-16
      1.39339  8.53127e-16
      1.39766  9.06960e-16
      1.40194  8.49157e-16
      1.40621  8.43721e-16
      1.41048  8.43873e-16
      1.41475  8.14777e-16
      1.41901  7.55895e-16
      1.42326  7.47709e-16
      1.42752  7.88305e-16
      1.43177  8.02545e-16
      1.43601  8.25925e-16
      1.44026  8.33883e-16
      1.44449  8.77091e-16
      1.44873  9.92061e-16
      1.45295  1.01760e-15
      1.45718  1.06584e-15
      1.46140  1.09815e-15
      1.46561  1.07335e-15
      1.46982  1.13037e-15
      1.47403  1.14270e-15
      1.47823  1.15714e-15
      1.48242  1.22015e-15
      1.48661  1.23315e-15
      1.49080  1.28616e-15
      1.49498  1.29063e-15
      1.49915  1.31888e-15
      1.50332  1.36024e-15
      1.50749  1.42887e-15
      1.51164  1.43378e-15
      1.51580  1.48157e-15
      1.51994  1.59541e-15
      1.52409  1.61134e-15
      1.52822  1.60180e-15
      1.53235  1.69163e-15
      1.53648  1.71701e-15
      1.54060  1.72384e-15
      1.54471  1.76575e-15
      1.54882  1.81670e-15
      1.55292  1.85946e-15
      1.55701  1.85713e-15
      1.56110  1.83986e-15
      1.56518  1.89084e-15
      1.56926  1.89214e-15
      1.57333  1.92177e-15
      1.57739  1.92855e-15
      1.58145  1.98565e-15
      1.58550  1.94693e-15
      1.58955  1.96870e-15
      1.59359  1.96265e-15
      1.59762  1.99545e-15
      1.60165  1.94786e-15
      1.60567  1.98798e-15
      1.60968  1.97696e-15
      1.61369  1.94264e-15
      1.61769  1.92212e-15
      1.62168  1.94191e-15
      1.62567  1.91593e-15
      1.62965  1.88627e-15
      1.63363  1.91162e-15
      1.63760  1.93375e-15
      1.64156  1.87874e-15
      1.64551  1.93022e-15
      1.64946  1.91168e-15
      1.65340  1.93122e-15
      1.65734  1.91358e-15
      1.66127  1.91702e-15
      1.66519  1.88783e-15
      1.66911  1.88283e-15
      1.67302  1.82406e-15
      1.67692  1.86485e-15
      1.68082  1.82849e-15
      1.68471  1.85560e-15
      1.68859  1.85499e-15
      1.69246  1.84933e-15
      1.69633  1.81314e-15
      1.70020  1.80021e-15
      1.70406  1.80947e-15
      1.70791  1.78443e-15
      1.71175  1.75365e-15
      1.71559  1.72011e-15
      1.71942  1.66103e-15
      1.72324  1.63420e-15
      1.72706  1.60285e-15
      1.73087  1.59281e-15
      1.73468  1.54648e-15
      1.73848  1.48784e-15
      1.74227  1.44382e-15
      1.74605  1.42699e-15
      1.74983  1.36964e-15
      1.75361  1.31297e-15
      1.75737  1.28096e-15
      1.76113  1.22804e-15
      1.76489  1.21616e-15
      1.76864  1.16552e-15
      1.77238  1.08879e-15
      1.77611  1.06058e-15
      1.77984  1.02969e-15
      1.78357  9.56032e-16
      1.78728  9.38776e-16
      1.79099  9.14596e-16
      1.79470  9.14497e-16
      1.79840  9.20094e-16
      1.80209  8.91099e-16
      1.80578  8.83987e-16
      1.80946  8.80027e-16
      1.81313  9.15000e-16
      1.81680  9.07184e-16
      1.82046  9.35309e-16
      1.82412  9.17336e-16
      1.82777  9.06655e-16
      1.83141  9.61706e-16
      1.83505  9.01198e-16
      1.83869  8.51200e-16
      1.84232  9.09314e-16
      1.84594  7.54119e-16
      1.84955  8.57375e-16
      1.85316  8.76902e-16
      1.85677  7.28046e-16
      1.86037  7.72155e-16
      1.86396  7.59970e-16
      1.86755  7.06574e-16
      1.87113  8.06754e-16
      1.87471  7.05265e-16
      1.87828  8.43511e-16
      1.88185  8.41379e-16
      1.88541  8.96321e-16
      1.88896  8.76703e-16
      1.89251  9.55222e-16
      1.89606  9.82593e-16
      1.89960  9.39849e-16
      1.90313  1.03489e-15
      1.90666  1.07924e-15
      1.91018  1.04242e-15
      1.91370  1.05350e-15
      1.91722  1.01860e-15
      1.92072  1.04308e-15
      1.92423  1.00066e-15
      1.92772  8.88754e-16
      1.93122  8.88743e-16
      1.93470  8.31709e-16
      1.93819  7.61597e-16
      1.94167  7.68346e-16
      1.94514  7.46998e-16
      1.94861  7.44061e-16
      1.95207  7.61678e-16
      1.95553  7.90982e-16
      1.95898  7.42105e-16
      1.96243  7.78731e-16
      1.96587  7.88086e-16
      1.96931  8.10377e-16
      1.97274  8.01584e-16
      1.97617  7.87748e-16
      1.97959  8.09328e-16
      1.98301  8.58421e-16
      1.98643  8.45737e-16
      1.98984  8.52664e-16
      1.99324  8.54728e-16
      1.99664  8.86188e-16
      2.00004  8.83788e-16
      2.00343  9.69252e-16
      2.00682  9.34459e-16
      2.01020  9.31937e-16
      2.01357  9.89571e-16
      2.01695  9.92831e-16
      2.02031  1.01545e-15
      2.02368  1.02539e-15
      2.02704  9.98295e-16
      2.03039  1.03208e-15
      2.03374  1.03363e-15
      2.03708  1.06554e-15
      2.04042  1.03260e-15
      2.04376  1.08280e-15
      2.04709  1.06931e-15
      2.05042  1.12121e-15
      2.05374  1.14211e-15
      2.05706  1.13915e-15
      2.06037  1.16293e-15
      2.06368  1.17580e-15
      2.06698  1.17905e-15
      2.07028  1.18453e-15
      2.07358  1.16612e-15
      2.07687  1.18305e-15
      2.08016  1.17565e-15
      2.08344  1.17982e-15
      2.08671  1.17356e-15
      2.08999  1.20048e-15
      2.09325  1.17422e-15
      2.09652  1.18409e-15
      2.09978  1.20059e-15
      2.10303  1.19087e-15
      2.10628  1.20327e-15
      2.10953  1.18931e-15
      2.11277  1.21097e-15
      2.11600  1.16976e-15
      2.11923  1.16256e-15
      2.12246  1.17491e-15
      2.12568  1.17755e-15
      2.12890  1.17044e-15
      2.13211  1.16181e-15
      2.13532  1.16718e-15
      2.13853  1.13542e-15
      2.14173  1.14876e-15
      2.14492  1.12857e-15
      2.14811  1.13466e-15
      2.15130  1.10276e-15
      2.15448  1.12500e-15
      2.15765  1.12837e-15
      2.16082  1.09840e-15
      2.16399  1.09877e-15
      2.16715  1.10601e-15
      2.17031  1.09109e-15
      2.17346  1.10149e-15
      2.17661  1.06030e-15
      2.17975  1.06795e-15
      2.18289  1.08446e-15
      2.18602  1.06775e-15
      2.18915  1.07679e-15
      2.19227  1.04558e-15
      2.19539  1.03431e-15
      2.19851  1.03520e-15
      2.20161  1.00440e-15
      2.20472  9.81571e-16
      2.20782  9.85227e-16
      2.21091  9.74153e-16
      2.21400  9.72304e-16
      2.21708  9.66464e-16
      2.22016  9.66323e-16
      2.22324  9.67182e-16
      2.22630  9.56411e-16
      2.22937  9.56118e-16
      2.23243  9.48010e-16
      2.23548  9.43632e-16
      2.23853  9.43784e-16
      2.24157  9.45358e-16
      2.24461  9.21617e-16
      2.24764  9.24529e-16
      2.25067  9.20631e-16
      2.25369  8.70676e-16
      2.25671  8.88742e-16
      2.25972  8.97310e-16
      2.26273  8.93086e-16
      2.26573  8.75878e-16
      2.26873  8.62732e-16
      2.27172  8.64563e-16
      2.27471  8.70362e-16
      2.27769  8.75399e-16
      2.28067  8.77752e-16
      2.28364  8.47506e-16
      2.28660  8.91259e-16
      2.28956  8.43098e-16
      2.29252  8.01435e-16
      2.29547  7.92067e-16
      2.29842  7.49186e-16
      2.30136  7.06330e-16
      2.30429  7.19850e-16
      2.30722  7.25648e-16
      2.31014  7.25205e-16
      2.31306  7.29679e-16
      2.31598  7.19727e-16
      2.31889  6.80629e-16
      2.32179  6.94266e-16
      2.32469  6.33732e-16
      2.32758  6.71583e-16
      2.33047  6.50181e-16
      2.33336  6.66206e-16
      2.33624  6.64876e-16
      2.33911  6.76719e-16
      2.34198  6.41469e-16
      2.34484  6.54987e-16
      2.34770  7.00905e-16
      2.35056  6.51946e-16
      2.35341  6.89363e-16
      2.35625  7.16744e-16
      2.35910  6.66370e-16
      2.36193  7.02227e-16
      2.36476  6.91806e-16
      2.36759  6.99152e-16
      2.37041  6.63745e-16
      2.37323  6.52021e-16
      2.37605  6.58770e-16
      2.37886  6.75511e-16
      2.38166  6.36151e-16
      2.38447  6.39464e-16
      2.38727  6.43783e-16
      2.39006  6.93118e-16
      2.39285  6.98334e-16
      2.39564  6.81625e-16
      2.39842  6.95370e-16
      2.40120  6.89518e-16
      2.40398  6.86825e-16
      2.40676  6.67031e-16
      2.40953  6.60338e-16
      2.41230  6.66415e-16
      2.41506  6.80646e-16
      2.41782  7.02955e-16
      2.42058  6.74110e-16
      2.42334  6.31542e-16
      2.42610  6.94909e-16
      2.42885  6.80400e-16
      2.43160  6.40907e-16
      2.43435  6.22785e-16
      2.43710  6.63886e-16
      2.43985  6.36658e-16
      2.44260  6.27308e-16
      2.44534  5.95290e-16
      2.44809  5.62718e-16
      2.45083  5.45888e-16
      2.45358  5.69325e-16
      2.45632  5.85803e-16
      2.45906  5.87867e-16
      2.46181  5.94901e-16
      2.46455  5.75611e-16
      2.46730  5.73552e-16
      2.47004  6.00305e-16
      2.47279  4.89800e-16
      2.47554  4.65064e-16
      2.47829  4.87596e-16
      2.48105  5.37740e-16
      2.48380  5.89568e-16
      2.48656  4.84666e-16
      2.48932  4.46697e-16
      2.49209  4.68795e-16
      2.49486  5.05966e-16
      2.49763  4.91475e-16
      2.50041  4.90021e-16
      2.50319  5.24522e-16
      2.50598  4.28647e-16
      2.50877  4.37370e-16
      2.51157  4.58863e-16
      2.51438  4.77874e-16
      2.51719  5.03465e-16
      2.52001  3.70259e-16
      2.52284  4.99326e-16
      2.52567  4.46073e-16
      2.52852  5.58387e-16
      2.53137  4.03012e-16
      2.53423  5.54981e-16
      2.53710  5.26485e-16
      2.53998  3.06059e-16
      2.54288  5.80360e-16
      2.54578  4.17970e-16
      2.54870  4.85965e-16
      2.55162  6.27075e-16
      2.55457  3.87109e-16
