# Please reference the following sources for the spectra:
#    Optical spectrum -- Kirkpatrick et al. (2008, ApJ, 689, 1295)
#    Near-infrared spectrum -- Burgasser et al. (2010, ApJ, 710, 1142)
# 
# 2MASS photometry:
#    J = 15.038+/-0.040 mag
#    H = 13.790+/-0.042 mag
#    Ks= 12.962+/-0.030 mag
#
# Column legend:
#    Column 1 -- Wavelength in um
#    Column 2 -- Flux in units of erg/cm^2/s/um
#
     0.615107  1.72712e-17
     0.615294  1.31604e-17
     0.615480  2.69561e-19
     0.615667  1.14567e-17
     0.615854  3.40575e-18
     0.616040  8.28783e-18
     0.616227  1.17434e-17
     0.616414  1.93812e-17
     0.616601  1.08749e-17
     0.616787  5.50799e-18
     0.616974  1.96310e-17
     0.617161 -6.15149e-19
     0.617347 -8.21002e-18
     0.617534  5.56556e-18
     0.617721 -8.17452e-18
     0.617907  1.77867e-18
     0.618094  3.24095e-18
     0.618281  6.32196e-18
     0.618468  1.63096e-17
     0.618654 -4.12384e-18
     0.618841  5.58256e-18
     0.619028  6.72134e-18
     0.619214 -5.09509e-19
     0.619401 -2.23433e-18
     0.619588 -1.38850e-19
     0.619774  9.99185e-18
     0.619961  1.59651e-17
     0.620148  1.13600e-17
     0.620334  1.52137e-17
     0.620521  9.52218e-18
     0.620708 -1.33485e-18
     0.620895 -4.37397e-18
     0.621081 -6.29862e-18
     0.621268  1.42183e-17
     0.621455  7.46868e-18
     0.621641  4.40854e-19
     0.621828  2.35082e-18
     0.622015  1.33488e-17
     0.622201  3.89021e-18
     0.622388 -1.29266e-17
     0.622575  2.86658e-18
     0.622762  1.35068e-17
     0.622948 -1.80237e-18
     0.623135 -7.23079e-18
     0.623322  1.80968e-19
     0.623508  3.28597e-18
     0.623695 -6.34327e-18
     0.623882 -2.04901e-18
     0.624068 -1.53728e-17
     0.624255 -9.28856e-18
     0.624442 -1.02297e-17
     0.624629  3.73119e-18
     0.624815  7.12360e-18
     0.625002 -1.83677e-18
     0.625189 -9.24446e-19
     0.625375 -1.76472e-18
     0.625562  6.71346e-18
     0.625749  1.96012e-17
     0.625935  9.41387e-18
     0.626122 -8.90182e-18
     0.626309  4.29268e-18
     0.626495  2.02391e-18
     0.626682  9.86344e-18
     0.626869  3.73279e-18
     0.627056  2.37562e-18
     0.627242  5.30678e-18
     0.627429 -5.21757e-18
     0.627616  5.81872e-18
     0.627802 -1.84552e-18
     0.627989 -3.26656e-18
     0.628176 -1.46880e-18
     0.628362  4.09419e-18
     0.628549  9.90230e-18
     0.628736  1.42799e-17
     0.628923  3.28821e-18
     0.629109  1.74719e-18
     0.629296 -3.24993e-18
     0.629483  1.59757e-17
     0.629669  2.72540e-17
     0.629856 -3.99194e-18
     0.630043 -7.10986e-18
     0.630229  4.28825e-18
     0.630416  5.54955e-18
     0.630603  4.90712e-18
     0.630790 -1.13979e-19
     0.630976 -6.46545e-18
     0.631163 -2.78680e-18
     0.631350  9.62040e-19
     0.631536  1.22245e-18
     0.631723  1.00444e-17
     0.631910  2.12352e-17
     0.632096  2.81977e-19
     0.632283 -8.97344e-19
     0.632470  1.19459e-17
     0.632657 -5.72474e-18
     0.632843  4.65201e-18
     0.633030 -1.39076e-17
     0.633217  1.04618e-17
     0.633403  1.05676e-17
     0.633590  2.16101e-17
     0.633777  4.81260e-17
     0.633963  2.41881e-17
     0.634150  2.00437e-17
     0.634337  9.76597e-18
     0.634524  1.25718e-17
     0.634710  1.53874e-17
     0.634897  4.90759e-18
     0.635084 -3.89873e-18
     0.635270  5.51699e-18
     0.635457 -6.91278e-19
     0.635644  8.86821e-18
     0.635830  1.54485e-17
     0.636017  6.93129e-18
     0.636204  6.07543e-18
     0.636391  9.80990e-18
     0.636577  2.39642e-18
     0.636764 -1.08115e-18
     0.636951  1.62976e-18
     0.637137  6.39279e-18
     0.637324  7.59679e-18
     0.637511  1.00577e-17
     0.637697 -1.39584e-18
     0.637884 -1.42528e-18
     0.638071  1.40813e-17
     0.638257  1.28026e-17
     0.638444  2.04316e-18
     0.638631  1.43761e-17
     0.638818 -2.55667e-18
     0.639004  1.61246e-17
     0.639191 -6.26348e-18
     0.639378 -7.81860e-18
     0.639564  5.46356e-18
     0.639751  2.26688e-17
     0.639938  1.40454e-17
     0.640124 -8.09336e-18
     0.640311  5.43664e-18
     0.640498  5.46009e-18
     0.640685 -5.05013e-18
     0.640871  1.79991e-18
     0.641058  1.07241e-17
     0.641245  6.01906e-18
     0.641431  1.02290e-17
     0.641618  9.43709e-18
     0.641805  2.12108e-17
     0.641991  3.26860e-17
     0.642178  2.88963e-17
     0.642365 -3.03231e-18
     0.642552 -1.77527e-17
     0.642738  2.14289e-17
     0.642925  2.71735e-17
     0.643112  8.91699e-18
     0.643298  1.59985e-17
     0.643485  1.27869e-17
     0.643672  1.39612e-17
     0.643858  3.20905e-17
     0.644045  7.44320e-18
     0.644232 -6.43806e-18
     0.644418  5.47574e-18
     0.644605  1.28004e-18
     0.644792  2.48547e-17
     0.644979  3.04960e-17
     0.645165  1.35230e-17
     0.645352  2.69571e-17
     0.645539  3.38603e-17
     0.645725  2.60770e-17
     0.645912  1.74337e-17
     0.646099  2.49694e-17
     0.646285  1.95541e-17
     0.646472  2.75719e-17
     0.646659  1.24432e-17
     0.646846  3.58117e-18
     0.647032  1.56584e-17
     0.647219  1.18838e-17
     0.647406  2.33970e-17
     0.647592  3.25598e-17
     0.647779  1.47112e-17
     0.647966 -4.21622e-18
     0.648152  1.74314e-17
     0.648339  3.15266e-17
     0.648526  3.44550e-17
     0.648713  2.91935e-18
     0.648899  4.05164e-18
     0.649086  6.16861e-18
     0.649273  7.52339e-18
     0.649459  1.39271e-17
     0.649646  8.08345e-18
     0.649833  1.55765e-17
     0.650019  1.14245e-17
     0.650206  2.25390e-17
     0.650393  1.07807e-17
     0.650580  1.47529e-17
     0.650766  2.04035e-17
     0.650953  2.00396e-17
     0.651140  2.03634e-17
     0.651326  1.50998e-17
     0.651513  2.27394e-17
     0.651700  3.45689e-17
     0.651886  1.46973e-17
     0.652073  1.39017e-17
     0.652260  3.02835e-17
     0.652447  4.57239e-17
     0.652633  3.47090e-17
     0.652820  3.81214e-17
     0.653007  3.57739e-17
     0.653193  2.90074e-17
     0.653380  1.59355e-17
     0.653567 -1.40942e-18
     0.653753  4.39991e-18
     0.653940  2.35911e-17
     0.654127  2.03641e-17
     0.654314  8.59223e-18
     0.654500  9.98653e-18
     0.654687  2.63978e-17
     0.654874  2.39074e-17
     0.655060  7.03528e-18
     0.655247  5.83270e-18
     0.655434  1.07283e-17
     0.655620  3.58752e-17
     0.655807  4.05923e-17
     0.655994  2.94043e-17
     0.656181  8.89739e-18
     0.656367  2.99795e-17
     0.656554  2.33637e-17
     0.656741  2.03928e-17
     0.656927  3.00991e-17
     0.657114  3.26493e-17
     0.657301  4.48952e-18
     0.657487  1.93232e-17
     0.657674  3.90967e-17
     0.657861  2.25680e-17
     0.658047  1.87359e-17
     0.658234  7.96086e-18
     0.658421  1.99158e-17
     0.658608  1.59329e-17
     0.658794  1.14562e-17
     0.658981  3.10185e-17
     0.659168  2.80477e-17
     0.659354  2.15702e-17
     0.659541  2.65286e-17
     0.659728  1.94738e-17
     0.659914  3.01875e-17
     0.660101  2.75597e-17
     0.660288  2.58443e-17
     0.660475  3.90166e-17
     0.660661  2.42732e-17
     0.660848  2.74472e-17
     0.661035  2.74781e-17
     0.661221  2.17631e-17
     0.661408  1.43523e-17
     0.661595  3.22987e-17
     0.661781  4.58398e-17
     0.661968  4.43520e-17
     0.662155  4.55329e-17
     0.662342  2.95716e-17
     0.662528  2.48130e-17
     0.662715  3.16785e-17
     0.662902  3.16770e-17
     0.663088  2.25336e-17
     0.663275  3.14615e-17
     0.663462  2.38108e-17
     0.663648  2.18846e-17
     0.663835  2.66613e-17
     0.664022  3.14183e-17
     0.664209  3.19062e-17
     0.664395  3.50890e-17
     0.664582  3.03629e-17
     0.664769  3.62679e-17
     0.664955  3.44153e-17
     0.665142  4.72104e-17
     0.665329  4.97373e-17
     0.665515  4.13818e-17
     0.665702  2.25330e-17
     0.665889  2.82381e-17
     0.666075  3.83195e-17
     0.666262  4.68654e-17
     0.666449  3.69030e-17
     0.666636  2.41479e-17
     0.666822  2.83894e-17
     0.667009  6.09774e-17
     0.667196  3.95921e-17
     0.667382  4.08654e-17
     0.667569  3.62978e-17
     0.667756  3.94426e-17
     0.667942  4.21103e-17
     0.668129  3.79342e-17
     0.668316  2.53995e-17
     0.668503  3.43394e-17
     0.668689  5.14382e-17
     0.668876  3.59767e-17
     0.669063  4.41874e-17
     0.669249  2.97081e-17
     0.669436  2.12685e-17
     0.669623  2.07766e-17
     0.669809  2.97858e-17
     0.669996  2.53672e-17
     0.670183  2.33060e-17
     0.670370  6.12170e-18
     0.670556  6.83534e-18
     0.670743  3.05483e-17
     0.670930  2.51983e-17
     0.671116  2.30090e-17
     0.671303  1.47653e-17
     0.671490 -8.62248e-19
     0.671676  2.51541e-17
     0.671863  3.36454e-17
     0.672050  4.49954e-17
     0.672237  5.56589e-17
     0.672423  2.10432e-17
     0.672610  2.75341e-17
     0.672797  5.92166e-17
     0.672983  5.67224e-17
     0.673170  5.26656e-17
     0.673357  4.68255e-17
     0.673543  3.83803e-17
     0.673730  3.40888e-17
     0.673917  4.32511e-17
     0.674103  4.27421e-17
     0.674290  4.60033e-17
     0.674477  4.99533e-17
     0.674664  4.32248e-17
     0.674850  4.07445e-17
     0.675037  4.51129e-17
     0.675224  5.16760e-17
     0.675410  3.50636e-17
     0.675597  3.36178e-17
     0.675784  5.01002e-17
     0.675970  3.33023e-17
     0.676157  3.48830e-17
     0.676344  4.80423e-17
     0.676531  5.73062e-17
     0.676717  5.75207e-17
     0.676904  5.50838e-17
     0.677091  5.12122e-17
     0.677277  7.26522e-17
     0.677464  5.48507e-17
     0.677651  2.55842e-17
     0.677837  4.91144e-17
     0.678024  5.73075e-17
     0.678211  4.32380e-17
     0.678398  6.72057e-17
     0.678584  5.33536e-17
     0.678771  5.20723e-17
     0.678958  3.69860e-17
     0.679144  5.21225e-17
     0.679331  4.85790e-17
     0.679518  2.53070e-17
     0.679704  4.25701e-17
     0.679891  4.89812e-17
     0.680078  5.46504e-17
     0.680265  5.01135e-17
     0.680451  5.82749e-17
     0.680638  6.47468e-17
     0.680825  6.21097e-17
     0.681011  5.63607e-17
     0.681198  5.06509e-17
     0.681385  4.55981e-17
     0.681571  6.00138e-17
     0.681758  6.38078e-17
     0.681945  5.09696e-17
     0.682132  3.99170e-17
     0.682318  5.05514e-17
     0.682505  6.08831e-17
     0.682692  4.84979e-17
     0.682878  4.93657e-17
     0.683065  6.33324e-17
     0.683252  7.07400e-17
     0.683438  8.49696e-17
     0.683625  6.39250e-17
     0.683812  5.44834e-17
     0.683999  7.17589e-17
     0.684185  6.84372e-17
     0.684372  6.34914e-17
     0.684559  6.41756e-17
     0.684745  5.72859e-17
     0.684932  6.52034e-17
     0.685119  6.04111e-17
     0.685305  6.60867e-17
     0.685492  8.36317e-17
     0.685679  6.80498e-17
     0.685866  5.97925e-17
     0.686052  6.76078e-17
     0.686239  5.27051e-17
     0.686426  6.28539e-17
     0.686612  5.05246e-17
     0.686799  4.04332e-17
     0.686986  5.99012e-17
     0.687172  5.22391e-17
     0.687359  4.50577e-17
     0.687546  6.15769e-17
     0.687732  6.44722e-17
     0.687919  7.78500e-17
     0.688106  8.29577e-17
     0.688293  6.40922e-17
     0.688479  6.63811e-17
     0.688666  4.77926e-17
     0.688853  4.17054e-17
     0.689039  6.10883e-17
     0.689226  4.97865e-17
     0.689413  3.50786e-17
     0.689599  6.05223e-17
     0.689786  6.35365e-17
     0.689973  6.66265e-17
     0.690160  5.76434e-17
     0.690346  6.02639e-17
     0.690533  4.81335e-17
     0.690720  4.47465e-17
     0.690906  5.90325e-17
     0.691093  5.51994e-17
     0.691280  5.10785e-17
     0.691466  5.24029e-17
     0.691653  6.24895e-17
     0.691840  6.25975e-17
     0.692027  6.14925e-17
     0.692213  5.15726e-17
     0.692400  5.75310e-17
     0.692587  5.36771e-17
     0.692773  6.37580e-17
     0.692960  7.05356e-17
     0.693147  5.87485e-17
     0.693333  5.53007e-17
     0.693520  5.70867e-17
     0.693707  7.17941e-17
     0.693894  5.78672e-17
     0.694080  6.68908e-17
     0.694267  5.94093e-17
     0.694454  4.61659e-17
     0.694640  5.01411e-17
     0.694827  4.26414e-17
     0.695014  7.00484e-17
     0.695200  5.82956e-17
     0.695387  6.07406e-17
     0.695574  4.59180e-17
     0.695760  4.78428e-17
     0.695947  5.31706e-17
     0.696134  5.14422e-17
     0.696321  4.63698e-17
     0.696507  5.85428e-17
     0.696694  7.25281e-17
     0.696881  4.93190e-17
     0.697067  5.05686e-17
     0.697254  6.18337e-17
     0.697441  4.87248e-17
     0.697627  5.81626e-17
     0.697814  5.97479e-17
     0.698001  5.48647e-17
     0.698188  6.09874e-17
     0.698374  5.15056e-17
     0.698561  5.88184e-17
     0.698748  5.78026e-17
     0.698934  5.80660e-17
     0.699121  6.19904e-17
     0.699308  5.30025e-17
     0.699494  4.97708e-17
     0.699681  6.38402e-17
     0.699868  6.06141e-17
     0.700055  5.19386e-17
     0.700241  4.75761e-17
     0.700428  4.25868e-17
     0.700615  4.73377e-17
     0.700801  5.46763e-17
     0.700988  5.46622e-17
     0.701175  5.42710e-17
     0.701361  5.19030e-17
     0.701548  5.14568e-17
     0.701735  5.45001e-17
     0.701922  6.22235e-17
     0.702108  5.21559e-17
     0.702295  5.20790e-17
     0.702482  5.85586e-17
     0.702668  5.41744e-17
     0.702855  5.55626e-17
     0.703042  6.27745e-17
     0.703228  5.48462e-17
     0.703415  5.85631e-17
     0.703602  5.00346e-17
     0.703789  5.31888e-17
     0.703975  5.50764e-17
     0.704162  5.96323e-17
     0.704349  6.17716e-17
     0.704535  5.54278e-17
     0.704722  4.19909e-17
     0.704909  5.45747e-17
     0.705095  5.96296e-17
     0.705282  7.05625e-17
     0.705469  5.70356e-17
     0.705656  6.13652e-17
     0.705842  6.12748e-17
     0.706029  6.49279e-17
     0.706216  7.31030e-17
     0.706402  4.96382e-17
     0.706589  7.16972e-17
     0.706776  6.91258e-17
     0.706962  5.32405e-17
     0.707149  6.27628e-17
     0.707336  6.12162e-17
     0.707523  7.45052e-17
     0.707709  5.89637e-17
     0.707896  6.71501e-17
     0.708083  6.42675e-17
     0.708269  6.74767e-17
     0.708456  5.92115e-17
     0.708643  6.28464e-17
     0.708829  5.63542e-17
     0.709016  6.97926e-17
     0.709203  7.02058e-17
     0.709390  7.55382e-17
     0.709576  7.18264e-17
     0.709763  7.34227e-17
     0.709950  7.11914e-17
     0.710136  5.82899e-17
     0.710323  6.26244e-17
     0.710510  5.86896e-17
     0.710696  5.61441e-17
     0.710883  5.81101e-17
     0.711070  6.65782e-17
     0.711256  5.28236e-17
     0.711443  5.47496e-17
     0.711630  5.48177e-17
     0.711817  6.47377e-17
     0.712003  7.18246e-17
     0.712190  6.42854e-17
     0.712377  7.22761e-17
     0.712563  6.62607e-17
     0.712750  6.02400e-17
     0.712937  6.39139e-17
     0.713123  5.26503e-17
     0.713310  6.15416e-17
     0.713497  7.56984e-17
     0.713684  7.66385e-17
     0.713870  6.98111e-17
     0.714057  6.13208e-17
     0.714244  6.23813e-17
     0.714430  5.61114e-17
     0.714617  6.69100e-17
     0.714804  7.31422e-17
     0.714990  7.24432e-17
     0.715177  6.19068e-17
     0.715364  7.11473e-17
     0.715551  7.01063e-17
     0.715737  7.02570e-17
     0.715924  6.96831e-17
     0.716111  5.55728e-17
     0.716297  5.24126e-17
     0.716484  6.30375e-17
     0.716671  6.63792e-17
     0.716857  6.37829e-17
     0.717044  6.15539e-17
     0.717231  5.89220e-17
     0.717417  5.01818e-17
     0.717604  6.39016e-17
     0.717791  8.00494e-17
     0.717978  6.36748e-17
     0.718164  6.14109e-17
     0.718351  6.49842e-17
     0.718538  6.98632e-17
     0.718724  6.78242e-17
     0.718911  6.85023e-17
     0.719098  6.33573e-17
     0.719284  6.62603e-17
     0.719471  7.09990e-17
     0.719658  6.49940e-17
     0.719845  6.45948e-17
     0.720031  6.00123e-17
     0.720218  5.68261e-17
     0.720405  7.52525e-17
     0.720591  6.95980e-17
     0.720778  7.19907e-17
     0.720965  7.09541e-17
     0.721151  6.14123e-17
     0.721338  7.56762e-17
     0.721525  6.24560e-17
     0.721712  6.68030e-17
     0.721898  6.73128e-17
     0.722085  6.32360e-17
     0.722272  7.20288e-17
     0.722458  7.88148e-17
     0.722645  7.26282e-17
     0.722832  7.15501e-17
     0.723018  7.08222e-17
     0.723205  5.91502e-17
     0.723392  5.95650e-17
     0.723579  7.58494e-17
     0.723765  6.90159e-17
     0.723952  6.14955e-17
     0.724139  7.75213e-17
     0.724325  8.18175e-17
     0.724512  7.75507e-17
     0.724699  8.70240e-17
     0.724885  7.61855e-17
     0.725072  7.17285e-17
     0.725259  7.48794e-17
     0.725446  7.65777e-17
     0.725632  8.31918e-17
     0.725819  6.72474e-17
     0.726006  5.60898e-17
     0.726192  6.66035e-17
     0.726379  6.99080e-17
     0.726566  5.47016e-17
     0.726752  6.38602e-17
     0.726939  6.77100e-17
     0.727126  7.31736e-17
     0.727313  7.88187e-17
     0.727499  4.37244e-17
     0.727686  8.77488e-17
     0.727873  6.99119e-17
     0.728059  6.73796e-17
     0.728246  7.60786e-17
     0.728433  7.81195e-17
     0.728619  7.78356e-17
     0.728806  7.41213e-17
     0.728993  5.95315e-17
     0.729180  5.62187e-17
     0.729366  6.78559e-17
     0.729553  7.63096e-17
     0.729740  7.21556e-17
     0.729926  7.08351e-17
     0.730113  7.34462e-17
     0.730300  6.22637e-17
     0.730486  6.44083e-17
     0.730673  7.10693e-17
     0.730860  6.11418e-17
     0.731046  6.53887e-17
     0.731233  4.24973e-17
     0.731420  6.13937e-17
     0.731607  7.08735e-17
     0.731793  7.06662e-17
     0.731980  4.95267e-17
     0.732167  4.77803e-17
     0.732353  6.57786e-17
     0.732540  5.67073e-17
     0.732727  5.87187e-17
     0.732913  6.84754e-17
     0.733100  6.23020e-17
     0.733287  5.48543e-17
     0.733474  7.01639e-17
     0.733660  7.23049e-17
     0.733847  8.73527e-17
     0.734034  7.60095e-17
     0.734220  4.53493e-17
     0.734407  4.57573e-17
     0.734594  5.85667e-17
     0.734780  6.11127e-17
     0.734967  6.38396e-17
     0.735154  5.90864e-17
     0.735341  5.86884e-17
     0.735527  5.77477e-17
     0.735714  5.39599e-17
     0.735901  6.98193e-17
     0.736087  5.12795e-17
     0.736274  5.50143e-17
     0.736461  5.49746e-17
     0.736647  6.92132e-17
     0.736834  6.41823e-17
     0.737021  6.53261e-17
     0.737208  5.85325e-17
     0.737394  5.39964e-17
     0.737581  5.68441e-17
     0.737768  5.29521e-17
     0.737954  6.07273e-17
     0.738141  5.68181e-17
     0.738328  5.10831e-17
     0.738514  5.33905e-17
     0.738701  5.94805e-17
     0.738888  5.99670e-17
     0.739074  5.23204e-17
     0.739261  5.13577e-17
     0.739448  6.09493e-17
     0.739635  5.71041e-17
     0.739821  6.21836e-17
     0.740008  7.18119e-17
     0.740195  6.57098e-17
     0.740381  6.12815e-17
     0.740568  5.11234e-17
     0.740755  5.44054e-17
     0.740941  6.34795e-17
     0.741128  5.95840e-17
     0.741315  5.96509e-17
     0.741502  7.17835e-17
     0.741688  7.46374e-17
     0.741875  6.15538e-17
     0.742062  5.95477e-17
     0.742248  5.40880e-17
     0.742435  6.99666e-17
     0.742622  5.26778e-17
     0.742808  5.99725e-17
     0.742995  7.05550e-17
     0.743182  5.64290e-17
     0.743369  5.91264e-17
     0.743555  5.58617e-17
     0.743742  4.11454e-17
     0.743929  4.99769e-17
     0.744115  6.27863e-17
     0.744302  5.72957e-17
     0.744489  4.74753e-17
     0.744675  4.54865e-17
     0.744862  5.12011e-17
     0.745049  5.19838e-17
     0.745236  4.43053e-17
     0.745422  4.55264e-17
     0.745609  4.40223e-17
     0.745796  5.14617e-17
     0.745982  4.72107e-17
     0.746169  4.05455e-17
     0.746356  4.16450e-17
     0.746542  5.29875e-17
     0.746729  5.53631e-17
     0.746916  4.51262e-17
     0.747102  5.93003e-17
     0.747289  4.46176e-17
     0.747476  4.72037e-17
     0.747663  4.75374e-17
     0.747849  5.77181e-17
     0.748036  4.24984e-17
     0.748223  4.27399e-17
     0.748409  5.13194e-17
     0.748596  4.66509e-17
     0.748783  5.53531e-17
     0.748969  4.02422e-17
     0.749156  4.12484e-17
     0.749343  4.48307e-17
     0.749530  4.49340e-17
     0.749716  4.97095e-17
     0.749903  5.13751e-17
     0.750090  4.61030e-17
     0.750276  3.64327e-17
     0.750463  4.65886e-17
     0.750650  5.43169e-17
     0.750836  4.73319e-17
     0.751023  4.05918e-17
     0.751210  3.58773e-17
     0.751397  4.45138e-17
     0.751583  3.60180e-17
     0.751770  4.51824e-17
     0.751957  5.00061e-17
     0.752143  4.32550e-17
     0.752330  3.45800e-17
     0.752517  4.86708e-17
     0.752703  4.75279e-17
     0.752890  3.72373e-17
     0.753077  2.98915e-17
     0.753264  3.43876e-17
     0.753450  4.33310e-17
     0.753637  3.12359e-17
     0.753824  2.39560e-17
     0.754010  3.87721e-17
     0.754197  2.77049e-17
     0.754384  3.40221e-17
     0.754570  3.15452e-17
     0.754757  3.39142e-17
     0.754944  2.17474e-17
     0.755131  2.89925e-17
     0.755317  3.30581e-17
     0.755504  2.95297e-17
     0.755691  3.50119e-17
     0.755877  3.19799e-17
     0.756064  3.82347e-17
     0.756251  3.26781e-17
     0.756437  2.90529e-17
     0.756624  2.51701e-17
     0.756811  3.96225e-17
     0.756998  3.65671e-17
     0.757184  2.50984e-17
     0.757371  3.40453e-17
     0.757558  2.76923e-17
     0.757744  3.15597e-17
     0.757931  3.46683e-17
     0.758118  2.72603e-17
     0.758304  2.43554e-17
     0.758491  3.49671e-17
     0.758678  3.23835e-17
     0.758865  2.75579e-17
     0.759051  3.73465e-17
     0.759238  4.00791e-17
     0.759425  3.44111e-17
     0.759611  3.08873e-17
     0.759798  4.03600e-17
     0.759985  4.41899e-17
     0.760171  2.78104e-17
     0.760358  4.51330e-17
     0.760545  3.75732e-17
     0.760732  2.97791e-17
     0.760918  1.94932e-17
     0.761105 -2.40655e-19
     0.761292  2.93555e-17
     0.761478  2.69696e-17
     0.761665  1.59074e-17
     0.761852  9.49149e-18
     0.762038  3.16029e-18
     0.762225  2.29748e-17
     0.762412  7.90305e-18
     0.762598  6.58778e-18
     0.762785  2.95314e-17
     0.762972  1.72569e-17
     0.763159  6.55773e-18
     0.763345  5.78486e-18
     0.763532  2.04782e-18
     0.763719  1.77132e-18
     0.763905  1.42318e-17
     0.764092  1.44030e-17
     0.764279  8.90577e-18
     0.764465  1.33209e-17
     0.764652  2.23411e-17
     0.764839  2.52353e-17
     0.765026  2.57271e-17
     0.765212  8.09073e-18
     0.765399 -1.91978e-18
     0.765586 -1.79740e-18
     0.765772  5.91389e-18
     0.765959  1.09950e-17
     0.766146  1.45989e-17
     0.766332  1.68752e-17
     0.766519  4.24085e-19
     0.766706 -2.48393e-18
     0.766893  7.31618e-18
     0.767079  1.84692e-17
     0.767266  1.98434e-17
     0.767453  9.05311e-18
     0.767639  2.14673e-18
     0.767826  1.10659e-17
     0.768013  1.36763e-17
     0.768199  1.56375e-18
     0.768386 -5.87707e-18
     0.768573 -8.93307e-18
     0.768759 -4.67716e-18
     0.768946  6.98082e-18
     0.769133 -5.73806e-19
     0.769320  6.23658e-18
     0.769506  8.36410e-18
     0.769693  4.45630e-18
     0.769880  6.20520e-18
     0.770066  4.17835e-18
     0.770253  1.02662e-17
     0.770440  3.43172e-18
     0.770626  6.26907e-18
     0.770813  2.86792e-17
     0.771000  1.56823e-17
     0.771187 -4.77233e-18
     0.771373  7.32358e-18
     0.771560  1.64131e-17
     0.771747  2.13073e-18
     0.771933  4.62812e-18
     0.772120 -1.66878e-18
     0.772307  9.26473e-18
     0.772493  2.24167e-17
     0.772680  1.68291e-17
     0.772867  3.23288e-17
     0.773054  4.10239e-17
     0.773240  3.23384e-17
     0.773427  3.55164e-17
     0.773614  3.35938e-17
     0.773800  2.73467e-17
     0.773987  3.00760e-17
     0.774174  2.60400e-17
     0.774360  4.75112e-17
     0.774547  5.41864e-17
     0.774734  2.27154e-17
     0.774921  5.10808e-18
     0.775107  2.52866e-17
     0.775294  2.87585e-17
     0.775481  3.10037e-17
     0.775667  3.21709e-17
     0.775854  3.03123e-17
     0.776041  2.83732e-17
     0.776227  2.82192e-17
     0.776414  5.28784e-17
     0.776601  4.00573e-17
     0.776788  3.19359e-17
     0.776974  3.09753e-17
     0.777161  2.68680e-17
     0.777348  3.41847e-17
     0.777534  3.62896e-17
     0.777721  2.94695e-17
     0.777908  2.47709e-17
     0.778094  1.77960e-17
     0.778281  3.05621e-17
     0.778468  2.91491e-17
     0.778655  2.55647e-17
     0.778841  2.23164e-17
     0.779028  3.15013e-17
     0.779215  4.56249e-17
     0.779401  2.07377e-17
     0.779588  3.00590e-17
     0.779775  1.87600e-17
     0.779961  7.17482e-18
     0.780148  2.43895e-17
     0.780335  3.20830e-17
     0.780522  4.87765e-17
     0.780708  4.38799e-17
     0.780895  4.37842e-17
     0.781082  4.91318e-17
     0.781268  4.75190e-17
     0.781455  5.76924e-17
     0.781642  5.58502e-17
     0.781828  4.22339e-17
     0.782015  5.30064e-17
     0.782202  7.92567e-17
     0.782388  6.61612e-17
     0.782575  5.86891e-17
     0.782762  6.11721e-17
     0.782949  6.27946e-17
     0.783135  6.70304e-17
     0.783322  7.62425e-17
     0.783509  6.64153e-17
     0.783695  6.29652e-17
     0.783882  6.01474e-17
     0.784069  6.34792e-17
     0.784255  7.17920e-17
     0.784442  7.01837e-17
     0.784629  6.91870e-17
     0.784816  7.35589e-17
     0.785002  8.34677e-17
     0.785189  8.36870e-17
     0.785376  7.22619e-17
     0.785562  8.76173e-17
     0.785749  6.78972e-17
     0.785936  4.86982e-17
     0.786122  6.71435e-17
     0.786309  8.03884e-17
     0.786496  8.31873e-17
     0.786683  8.73579e-17
     0.786869  7.79960e-17
     0.787056  8.66728e-17
     0.787243  7.32441e-17
     0.787429  6.28209e-17
     0.787616  6.56589e-17
     0.787803  6.33595e-17
     0.787989  7.43978e-17
     0.788176  1.01722e-16
     0.788363  1.03846e-16
     0.788549  1.00386e-16
     0.788736  1.08740e-16
     0.788923  1.00123e-16
     0.789110  7.35307e-17
     0.789296  8.68771e-17
     0.789483  8.14661e-17
     0.789670  8.87562e-17
     0.789856  1.05696e-16
     0.790043  1.00082e-16
     0.790230  9.49733e-17
     0.790416  1.05121e-16
     0.790603  1.13156e-16
     0.790790  1.07441e-16
     0.790977  1.07991e-16
     0.791163  1.11206e-16
     0.791350  1.13840e-16
     0.791537  1.00224e-16
     0.791723  1.01804e-16
     0.791910  9.40503e-17
     0.792097  1.04491e-16
     0.792283  1.04324e-16
     0.792470  1.06219e-16
     0.792657  1.00285e-16
     0.792844  1.22581e-16
     0.793030  1.15903e-16
     0.793217  1.19250e-16
     0.793404  1.12461e-16
     0.793590  1.07518e-16
     0.793777  9.77252e-17
     0.793964  9.09310e-17
     0.794150  8.15816e-17
     0.794337  3.62089e-17
     0.794524  3.76586e-17
     0.794711  4.94411e-17
     0.794897  8.14943e-17
     0.795084  1.12717e-16
     0.795271  9.85005e-17
     0.795457  1.01220e-16
     0.795644  1.18550e-16
     0.795831  1.19445e-16
     0.796017  1.28697e-16
     0.796204  1.27485e-16
     0.796391  1.38517e-16
     0.796578  1.34172e-16
     0.796764  1.32140e-16
     0.796951  1.34172e-16
     0.797138  1.35367e-16
     0.797324  1.36692e-16
     0.797511  1.36034e-16
     0.797698  1.29964e-16
     0.797884  1.49205e-16
     0.798071  1.42649e-16
     0.798258  1.34823e-16
     0.798445  1.25489e-16
     0.798631  1.27437e-16
     0.798818  1.45387e-16
     0.799005  1.56318e-16
     0.799191  1.47286e-16
     0.799378  1.56617e-16
     0.799565  1.56261e-16
     0.799751  1.58140e-16
     0.799938  1.49928e-16
     0.800125  1.49399e-16
     0.800311  1.33651e-16
     0.800498  1.51375e-16
     0.800685  1.52625e-16
     0.800872  1.57613e-16
     0.801058  1.66095e-16
     0.801245  1.64654e-16
     0.801432  1.67813e-16
     0.801618  1.69333e-16
     0.801805  1.68261e-16
     0.801992  1.68134e-16
     0.802178  1.80725e-16
     0.802365  1.93113e-16
     0.802552  1.72689e-16
     0.802739  1.78985e-16
     0.802925  1.78682e-16
     0.803112  1.84607e-16
     0.803299  1.93118e-16
     0.803485  2.01036e-16
     0.803672  1.92900e-16
     0.803859  1.90602e-16
     0.804045  1.77620e-16
     0.804232  1.83702e-16
     0.804419  1.85705e-16
     0.804606  1.76697e-16
     0.804792  1.83347e-16
     0.804979  1.76185e-16
     0.805166  1.84511e-16
     0.805352  1.80820e-16
     0.805539  1.86035e-16
     0.805726  1.74786e-16
     0.805912  1.78422e-16
     0.806099  2.09420e-16
     0.806286  1.96048e-16
     0.806472  1.96590e-16
     0.806659  1.89864e-16
     0.806846  1.96678e-16
     0.807033  2.05260e-16
     0.807219  2.05018e-16
     0.807406  1.95755e-16
     0.807593  1.85818e-16
     0.807779  2.01333e-16
     0.807966  1.90287e-16
     0.808153  2.04290e-16
     0.808339  2.08936e-16
     0.808526  2.11843e-16
     0.808713  1.99205e-16
     0.808900  2.00755e-16
     0.809086  2.14056e-16
     0.809273  1.95965e-16
     0.809460  2.02495e-16
     0.809646  2.21644e-16
     0.809833  2.17869e-16
     0.810020  2.20173e-16
     0.810206  2.29650e-16
     0.810393  2.18416e-16
     0.810580  2.33895e-16
     0.810767  2.09351e-16
     0.810953  2.21642e-16
     0.811140  2.26054e-16
     0.811327  2.20633e-16
     0.811513  2.33257e-16
     0.811700  2.42456e-16
     0.811887  2.40060e-16
     0.812073  2.41515e-16
     0.812260  2.46984e-16
     0.812447  2.41308e-16
     0.812634  2.33167e-16
     0.812820  2.34240e-16
     0.813007  2.47319e-16
     0.813194  2.44174e-16
     0.813380  2.26557e-16
     0.813567  2.45167e-16
     0.813754  2.40332e-16
     0.813940  2.57479e-16
     0.814127  2.75340e-16
     0.814314  2.55141e-16
     0.814501  2.47647e-16
     0.814687  2.41964e-16
     0.814874  2.52855e-16
     0.815061  2.45869e-16
     0.815247  2.57934e-16
     0.815434  2.53818e-16
     0.815621  2.40708e-16
     0.815807  2.54957e-16
     0.815994  2.58616e-16
     0.816181  2.46740e-16
     0.816368  2.64175e-16
     0.816554  2.63962e-16
     0.816741  2.71156e-16
     0.816928  2.69319e-16
     0.817114  2.61389e-16
     0.817301  2.59539e-16
     0.817488  2.52519e-16
     0.817674  2.52521e-16
     0.817861  2.39985e-16
     0.818048  2.25231e-16
     0.818235  2.74335e-16
     0.818421  2.82889e-16
     0.818608  2.76827e-16
     0.818795  2.73150e-16
     0.818981  2.53030e-16
     0.819168  2.45398e-16
     0.819355  2.61838e-16
     0.819541  2.79750e-16
     0.819728  2.84387e-16
     0.819915  2.89889e-16
     0.820101  3.20188e-16
     0.820288  3.07589e-16
     0.820475  3.09703e-16
     0.820662  3.00704e-16
     0.820848  3.09510e-16
     0.821035  3.28725e-16
     0.821222  3.29730e-16
     0.821408  3.26701e-16
     0.821595  3.26482e-16
     0.821782  3.11577e-16
     0.821968  3.12382e-16
     0.822155  3.24191e-16
     0.822342  3.03712e-16
     0.822529  3.13690e-16
     0.822715  3.32267e-16
     0.822902  3.25295e-16
     0.823089  3.28169e-16
     0.823275  3.25332e-16
     0.823462  3.27369e-16
     0.823649  3.21240e-16
     0.823835  3.22041e-16
     0.824022  3.15355e-16
     0.824209  3.14771e-16
     0.824396  3.32054e-16
     0.824582  3.32068e-16
     0.824769  3.32988e-16
     0.824956  3.21307e-16
     0.825142  3.28048e-16
     0.825329  3.38269e-16
     0.825516  3.30076e-16
     0.825702  3.39619e-16
     0.825889  3.46491e-16
     0.826076  3.46744e-16
     0.826262  3.39783e-16
     0.826449  3.38170e-16
     0.826636  3.41494e-16
     0.826823  3.47303e-16
     0.827009  3.59671e-16
     0.827196  3.58869e-16
     0.827383  3.47864e-16
     0.827569  3.44791e-16
     0.827756  3.70870e-16
     0.827943  3.80314e-16
     0.828129  3.59881e-16
     0.828316  3.60791e-16
     0.828503  3.73771e-16
     0.828690  3.57982e-16
     0.828876  3.50124e-16
     0.829063  3.57725e-16
     0.829250  3.79100e-16
     0.829436  3.94111e-16
     0.829623  3.54956e-16
     0.829810  3.55850e-16
     0.829996  3.67544e-16
     0.830183  3.64119e-16
     0.830370  3.69816e-16
     0.830557  3.73517e-16
     0.830743  3.92871e-16
     0.830930  3.91862e-16
     0.831117  3.82206e-16
     0.831303  3.86567e-16
     0.831490  3.94600e-16
     0.831677  3.85671e-16
     0.831863  3.91997e-16
     0.832050  4.02192e-16
     0.832237  3.96556e-16
     0.832424  3.96910e-16
     0.832610  3.98737e-16
     0.832797  3.95561e-16
     0.832984  3.94702e-16
     0.833170  4.22176e-16
     0.833357  4.20668e-16
     0.833544  4.11565e-16
     0.833730  4.10941e-16
     0.833917  4.20086e-16
     0.834104  4.10770e-16
     0.834291  3.96418e-16
     0.834477  4.39878e-16
     0.834664  4.42308e-16
     0.834851  4.31192e-16
     0.835037  4.14269e-16
     0.835224  4.07239e-16
     0.835411  4.02529e-16
     0.835597  4.14192e-16
     0.835784  4.17018e-16
     0.835971  3.96739e-16
     0.836158  4.11099e-16
     0.836344  4.21416e-16
     0.836531  4.28226e-16
     0.836718  4.40125e-16
     0.836904  4.34568e-16
     0.837091  4.53193e-16
     0.837278  4.52792e-16
     0.837464  4.56448e-16
     0.837651  4.41711e-16
     0.837838  4.44839e-16
     0.838024  4.33851e-16
     0.838211  4.35684e-16
     0.838398  4.43036e-16
     0.838585  4.56983e-16
     0.838771  4.41614e-16
     0.838958  4.46133e-16
     0.839145  4.63893e-16
     0.839331  4.59100e-16
     0.839518  4.37760e-16
     0.839705  4.65854e-16
     0.839891  4.90405e-16
     0.840078  4.82287e-16
     0.840265  4.66220e-16
     0.840452  4.70623e-16
     0.840638  4.77478e-16
     0.840825  4.64809e-16
     0.841012  4.66148e-16
     0.841198  4.64974e-16
     0.841385  4.67689e-16
     0.841572  4.64806e-16
     0.841758  4.82381e-16
     0.841945  4.63288e-16
     0.842132  4.88171e-16
     0.842319  4.93247e-16
     0.842505  4.51903e-16
     0.842692  4.67845e-16
     0.842879  4.91544e-16
     0.843065  5.14470e-16
     0.843252  4.83840e-16
     0.843439  4.85708e-16
     0.843625  4.79450e-16
     0.843812  4.92823e-16
     0.843999  5.05114e-16
     0.844186  4.98087e-16
     0.844372  5.00066e-16
     0.844559  5.11348e-16
     0.844746  5.00717e-16
     0.844932  4.99174e-16
     0.845119  5.28791e-16
     0.845306  5.22942e-16
     0.845492  5.19806e-16
     0.845679  5.14172e-16
     0.845866  5.16079e-16
     0.846053  5.28999e-16
     0.846239  5.05186e-16
     0.846426  5.40297e-16
     0.846613  5.27701e-16
     0.846799  5.34967e-16
     0.846986  5.24781e-16
     0.847173  5.12202e-16
     0.847359  5.17665e-16
     0.847546  5.21204e-16
     0.847733  5.25043e-16
     0.847920  5.15124e-16
     0.848106  5.42488e-16
     0.848293  5.45506e-16
     0.848480  5.43760e-16
     0.848666  5.30207e-16
     0.848853  5.30883e-16
     0.849040  5.46266e-16
     0.849226  5.33650e-16
     0.849413  5.47183e-16
     0.849600  5.30413e-16
     0.849787  5.12465e-16
     0.849973  5.17582e-16
     0.850160  5.22634e-16
     0.850347  5.33880e-16
     0.850533  5.26014e-16
     0.850720  5.01456e-16
     0.850907  4.81938e-16
     0.851093  4.66665e-16
     0.851280  3.95609e-16
     0.851467  2.80289e-16
     0.851654  1.98617e-16
     0.851840  2.12352e-16
     0.852027  3.26765e-16
     0.852214  4.37629e-16
     0.852400  5.02596e-16
     0.852587  5.14564e-16
     0.852774  5.38852e-16
     0.852960  5.53997e-16
     0.853147  5.83803e-16
     0.853334  5.77580e-16
     0.853521  5.88547e-16
     0.853707  5.76867e-16
     0.853894  5.68242e-16
     0.854081  5.69591e-16
     0.854267  5.65998e-16
     0.854454  5.75249e-16
     0.854641  5.85761e-16
     0.854827  5.85287e-16
     0.855014  5.72125e-16
     0.855201  5.86958e-16
     0.855387  5.86904e-16
     0.855574  5.79064e-16
     0.855761  5.85401e-16
     0.855948  5.93298e-16
     0.856134  6.03516e-16
     0.856321  6.08186e-16
     0.856508  5.99841e-16
     0.856694  6.19943e-16
     0.856881  6.20012e-16
     0.857068  6.16155e-16
     0.857254  6.20484e-16
     0.857441  6.21830e-16
     0.857628  6.27684e-16
     0.857815  6.30109e-16
     0.858001  6.38485e-16
     0.858188  6.32139e-16
     0.858375  6.14762e-16
     0.858561  6.20806e-16
     0.858748  6.24335e-16
     0.858935  6.44004e-16
     0.859121  6.42444e-16
     0.859308  6.46859e-16
     0.859495  6.43377e-16
     0.859682  6.28222e-16
     0.859868  6.53182e-16
     0.860055  6.27846e-16
     0.860242  6.16116e-16
     0.860428  5.94080e-16
     0.860615  5.18553e-16
     0.860802  4.64860e-16
     0.860988  4.45366e-16
     0.861175  4.36278e-16
     0.861362  4.24892e-16
     0.861548  4.46205e-16
     0.861735  4.59713e-16
     0.861922  4.41742e-16
     0.862109  4.48713e-16
     0.862295  4.83691e-16
     0.862482  4.83402e-16
     0.862669  4.34111e-16
     0.862855  4.24068e-16
     0.863042  4.49982e-16
     0.863229  4.74959e-16
     0.863415  4.90036e-16
     0.863602  4.85751e-16
     0.863789  4.92699e-16
     0.863976  4.93406e-16
     0.864162  4.97802e-16
     0.864349  5.21211e-16
     0.864536  5.09751e-16
     0.864722  5.52157e-16
     0.864909  5.69163e-16
     0.865096  5.60480e-16
     0.865282  5.59828e-16
     0.865469  5.79840e-16
     0.865656  5.63186e-16
     0.865843  5.60812e-16
     0.866029  5.78291e-16
     0.866216  5.84392e-16
     0.866403  5.79339e-16
     0.866589  5.67119e-16
     0.866776  5.73916e-16
     0.866963  5.64357e-16
     0.867149  5.99604e-16
     0.867336  5.99215e-16
     0.867523  5.87942e-16
     0.867709  5.49764e-16
     0.867896  5.47185e-16
     0.868083  5.53809e-16
     0.868270  5.88937e-16
     0.868456  5.87467e-16
     0.868643  5.68778e-16
     0.868830  5.48404e-16
     0.869016  5.27993e-16
     0.869203  5.26364e-16
     0.869390  5.58089e-16
     0.869576  5.72777e-16
     0.869763  5.88023e-16
     0.869950  5.77667e-16
     0.870137  5.59679e-16
     0.870323  5.32744e-16
     0.870510  5.33201e-16
     0.870697  5.42871e-16
     0.870883  5.82463e-16
     0.871070  5.80225e-16
     0.871257  5.67483e-16
     0.871443  5.37635e-16
     0.871630  5.39458e-16
     0.871817  5.65376e-16
     0.872004  5.61748e-16
     0.872190  5.67915e-16
     0.872377  6.01311e-16
     0.872564  5.78815e-16
     0.872750  5.79727e-16
     0.872937  5.88098e-16
     0.873124  5.74636e-16
     0.873310  5.94080e-16
     0.873497  6.19919e-16
     0.873684  6.13595e-16
     0.873871  6.03755e-16
     0.874057  6.23148e-16
     0.874244  5.97220e-16
     0.874431  5.94643e-16
     0.874617  6.14979e-16
     0.874804  6.05292e-16
     0.874991  6.05408e-16
     0.875177  6.33961e-16
     0.875364  6.49868e-16
     0.875551  6.57381e-16
     0.875737  6.54505e-16
     0.875924  6.20778e-16
     0.876111  5.93132e-16
     0.876298  5.56334e-16
     0.876484  6.03923e-16
     0.876671  6.42383e-16
     0.876858  6.65966e-16
     0.877044  6.85385e-16
     0.877231  6.94331e-16
     0.877418  6.55673e-16
     0.877604  6.41297e-16
     0.877791  6.54878e-16
     0.877978  6.37190e-16
     0.878165  6.04076e-16
     0.878351  5.86260e-16
     0.878538  6.01917e-16
     0.878725  6.27750e-16
     0.878911  6.58942e-16
     0.879098  6.96023e-16
     0.879285  6.75559e-16
     0.879471  6.34489e-16
     0.879658  6.28229e-16
     0.879845  6.39927e-16
     0.880032  6.20438e-16
     0.880218  6.19010e-16
     0.880405  6.30200e-16
     0.880592  6.50702e-16
     0.880778  6.88388e-16
     0.880965  6.97135e-16
     0.881152  7.22455e-16
     0.881338  7.42705e-16
     0.881525  7.04865e-16
     0.881712  6.70198e-16
     0.881899  6.76054e-16
     0.882085  6.65702e-16
     0.882272  6.80630e-16
     0.882459  7.31432e-16
     0.882645  7.13591e-16
     0.882832  6.54893e-16
     0.883019  6.56496e-16
     0.883205  7.09317e-16
     0.883392  7.42331e-16
     0.883579  7.41796e-16
     0.883766  7.23046e-16
     0.883952  7.02698e-16
     0.884139  6.55278e-16
     0.884326  6.36858e-16
     0.884512  6.66700e-16
     0.884699  7.12254e-16
     0.884886  7.34443e-16
     0.885072  7.17636e-16
     0.885259  6.55106e-16
     0.885446  6.87680e-16
     0.885633  7.37717e-16
     0.885819  7.60943e-16
     0.886006  7.54067e-16
     0.886193  7.59914e-16
     0.886379  7.09407e-16
     0.886566  6.82290e-16
     0.886753  6.71964e-16
     0.886939  7.12212e-16
     0.887126  7.46857e-16
     0.887313  7.88095e-16
     0.887500  8.02464e-16
     0.887686  7.61938e-16
     0.887873  7.26136e-16
     0.888060  7.50729e-16
     0.888246  7.55910e-16
     0.888433  7.75492e-16
     0.888620  7.70078e-16
     0.888806  7.58451e-16
     0.888993  7.02766e-16
     0.889180  6.72032e-16
     0.889367  7.23277e-16
     0.889553  8.07618e-16
     0.889740  8.04672e-16
     0.889927  8.43722e-16
     0.890113  7.90724e-16
     0.890300  7.31139e-16
     0.890487  6.90816e-16
     0.890673  7.51948e-16
     0.890860  7.92490e-16
     0.891047  7.74083e-16
     0.891234  7.56211e-16
     0.891420  7.57861e-16
     0.891607  7.25780e-16
     0.891794  7.09077e-16
     0.891980  6.73777e-16
     0.892167  7.19650e-16
     0.892354  7.55532e-16
     0.892540  7.69439e-16
     0.892727  7.76341e-16
     0.892914  7.85643e-16
     0.893101  7.21651e-16
     0.893287  6.44825e-16
     0.893474  5.69900e-16
     0.893661  4.91151e-16
     0.893847  4.02750e-16
     0.894034  4.45434e-16
     0.894221  5.55242e-16
     0.894407  6.53415e-16
     0.894594  6.57804e-16
     0.894781  6.83469e-16
     0.894967  7.41789e-16
     0.895154  8.16421e-16
     0.895341  8.51318e-16
     0.895528  8.19480e-16
     0.895714  7.73441e-16
     0.895901  7.49177e-16
     0.896088  7.04084e-16
     0.896274  7.10909e-16
     0.896461  7.50601e-16
     0.896648  7.65711e-16
     0.896834  7.88304e-16
     0.897021  8.26705e-16
     0.897208  8.11668e-16
     0.897395  7.81583e-16
     0.897581  7.63334e-16
     0.897768  7.66870e-16
     0.897955  8.02322e-16
     0.898141  7.97173e-16
     0.898328  7.53765e-16
     0.898515  7.24745e-16
     0.898701  7.60216e-16
     0.898888  7.79914e-16
     0.899075  7.61204e-16
     0.899262  7.51839e-16
     0.899448  7.38631e-16
     0.899635  7.65046e-16
     0.899822  8.08374e-16
     0.900008  8.30813e-16
     0.900195  8.23340e-16
     0.900382  8.02268e-16
     0.900568  7.88022e-16
     0.900755  7.82120e-16
     0.900942  7.84248e-16
     0.901129  7.91491e-16
     0.901315  8.25460e-16
     0.901502  8.47347e-16
     0.901689  8.25268e-16
     0.901875  8.05137e-16
     0.902062  7.74027e-16
     0.902249  7.60440e-16
     0.902435  8.36570e-16
     0.902622  8.44418e-16
     0.902809  8.66641e-16
     0.902996  9.21356e-16
     0.903182  9.36404e-16
     0.903369  9.11940e-16
     0.903556  8.80749e-16
     0.903742  8.82397e-16
     0.903929  8.46598e-16
     0.904116  8.56179e-16
     0.904302  8.85362e-16
     0.904489  9.11132e-16
     0.904676  9.32582e-16
     0.904863  9.12906e-16
     0.905049  9.11937e-16
     0.905236  8.77072e-16
     0.905423  8.80904e-16
     0.905609  9.06408e-16
     0.905796  9.38988e-16
     0.905983  9.24500e-16
     0.906169  9.04160e-16
     0.906356  9.02722e-16
     0.906543  9.06427e-16
     0.906729  9.00240e-16
     0.906916  8.86338e-16
     0.907103  9.07644e-16
     0.907290  9.14413e-16
     0.907476  9.36763e-16
     0.907663  9.49624e-16
     0.907850  9.33607e-16
     0.908036  9.40079e-16
     0.908223  9.68320e-16
     0.908410  9.78851e-16
     0.908596  9.68590e-16
     0.908783  9.67340e-16
     0.908970  1.00427e-15
     0.909157  9.86120e-16
     0.909343  9.72347e-16
     0.909530  9.14026e-16
     0.909717  9.42248e-16
     0.909903  9.49968e-16
     0.910090  9.14738e-16
     0.910277  9.29644e-16
     0.910463  9.65023e-16
     0.910650  1.00581e-15
     0.910837  9.91203e-16
     0.911024  9.81735e-16
     0.911210  9.63320e-16
     0.911397  9.84662e-16
     0.911584  1.00554e-15
     0.911770  9.87958e-16
     0.911957  9.65823e-16
     0.912144  9.59161e-16
     0.912330  9.24076e-16
     0.912517  9.32266e-16
     0.912704  9.90828e-16
     0.912890  9.92717e-16
     0.913077  9.70545e-16
     0.913264  9.57528e-16
     0.913451  9.76029e-16
     0.913637  9.75029e-16
     0.913824  9.73445e-16
     0.914011  9.88412e-16
     0.914197  9.88788e-16
     0.914384  9.68369e-16
     0.914571  9.70847e-16
     0.914757  9.72847e-16
     0.914944  9.94952e-16
     0.915131  1.03354e-15
     0.915318  1.05245e-15
     0.915504  1.03610e-15
     0.915691  1.00253e-15
     0.915878  9.97900e-16
     0.916064  1.00286e-15
     0.916251  9.95358e-16
     0.916438  1.00580e-15
     0.916624  1.00209e-15
     0.916811  9.59652e-16
     0.916998  9.70513e-16
     0.917185  9.81158e-16
     0.917371  9.98474e-16
     0.917558  1.03199e-15
     0.917745  1.02115e-15
     0.917931  1.00594e-15
     0.918118  1.01413e-15
     0.918305  1.04180e-15
     0.918491  1.06675e-15
     0.918678  1.06999e-15
     0.918865  1.03584e-15
     0.919052  9.96802e-16
     0.919238  1.01787e-15
     0.919425  1.05833e-15
     0.919612  1.07627e-15
     0.919798  1.08153e-15
     0.919985  1.10916e-15
     0.920172  1.06614e-15
     0.920358  1.05555e-15
     0.920545  1.05034e-15
     0.920732  1.07008e-15
     0.920918  1.09075e-15
     0.921105  1.09507e-15
     0.921292  1.07731e-15
     0.921479  1.13755e-15
     0.921665  1.15533e-15
     0.921852  1.11183e-15
     0.922039  1.12573e-15
     0.922225  1.18375e-15
     0.922412  1.25600e-15
     0.922599  1.26889e-15
     0.922785  1.17612e-15
     0.922972  1.16835e-15
     0.923159  1.13027e-15
     0.923346  1.13457e-15
     0.923532  1.12509e-15
     0.923719  1.12527e-15
     0.923906  1.13958e-15
     0.924092  1.11726e-15
     0.924279  1.13015e-15
     0.924466  1.07235e-15
     0.924652  1.08356e-15
     0.924839  1.09238e-15
     0.925026  1.12802e-15
     0.925213  1.16700e-15
     0.925399  1.16130e-15
     0.925586  1.10683e-15
     0.925773  1.05778e-15
     0.925959  1.05423e-15
     0.926146  1.04836e-15
     0.926333  1.07239e-15
     0.926519  1.02302e-15
     0.926706  9.57800e-16
     0.926893  9.15261e-16
     0.927079  8.64623e-16
     0.927266  8.34339e-16
     0.927453  8.32378e-16
     0.927640  8.44235e-16
     0.927826  8.62370e-16
     0.928013  8.51639e-16
     0.928200  8.71401e-16
     0.928386  8.74157e-16
     0.928573  8.99169e-16
     0.928760  9.21546e-16
     0.928946  9.34301e-16
     0.929133  9.49669e-16
     0.929320  9.82733e-16
     0.929507  9.50572e-16
     0.929693  8.91881e-16
     0.929880  9.45012e-16
     0.930067  9.64328e-16
     0.930253  9.20769e-16
     0.930440  9.19762e-16
     0.930627  9.89641e-16
     0.930813  1.03837e-15
     0.931000  1.03167e-15
     0.931187  1.02004e-15
     0.931374  9.92930e-16
     0.931560  9.99307e-16
     0.931747  9.67939e-16
     0.931934  9.56152e-16
     0.932120  1.00925e-15
     0.932307  1.06419e-15
     0.932494  1.09709e-15
     0.932680  1.03294e-15
     0.932867  9.95107e-16
     0.933054  9.68944e-16
     0.933241  9.84869e-16
     0.933427  1.00790e-15
     0.933614  1.00688e-15
     0.933801  9.83350e-16
     0.933987  9.51714e-16
     0.934174  1.07081e-15
     0.934361  1.11063e-15
     0.934547  1.10597e-15
     0.934734  1.05849e-15
     0.934921  1.00637e-15
     0.935108  1.07216e-15
     0.935294  1.06923e-15
     0.935481  1.08320e-15
     0.935668  1.15963e-15
     0.935854  1.12642e-15
     0.936041  1.08606e-15
     0.936228  1.04127e-15
     0.936414  1.03431e-15
     0.936601  1.03069e-15
     0.936788  1.04558e-15
     0.936975  1.11281e-15
     0.937161  9.93269e-16
     0.937348  9.57724e-16
     0.937535  9.92903e-16
     0.937721  1.05369e-15
     0.937908  1.13092e-15
     0.938095  1.17511e-15
     0.938281  1.10901e-15
     0.938468  1.14603e-15
     0.938655  1.17255e-15
     0.938842  1.14701e-15
     0.939028  1.17870e-15
     0.939215  1.11603e-15
     0.939402  1.11788e-15
     0.939588  1.10389e-15
     0.939775  1.13122e-15
     0.939962  1.15225e-15
     0.940148  1.17781e-15
     0.940335  1.12093e-15
     0.940522  1.09617e-15
     0.940709  1.13681e-15
     0.940895  1.18481e-15
     0.941082  1.23186e-15
     0.941269  1.18434e-15
     0.941455  1.13231e-15
     0.941642  1.13499e-15
     0.941829  1.12274e-15
     0.942015  1.15758e-15
     0.942202  1.11273e-15
     0.942389  1.08153e-15
     0.942576  1.15430e-15
     0.942762  1.21409e-15
     0.942949  1.26191e-15
     0.943136  1.24716e-15
     0.943322  1.18081e-15
     0.943509  1.14566e-15
     0.943696  1.14150e-15
     0.943882  1.21224e-15
     0.944069  1.27225e-15
     0.944256  1.24466e-15
     0.944442  1.23547e-15
     0.944629  1.21234e-15
     0.944816  1.18168e-15
     0.945003  1.14895e-15
     0.945189  1.15072e-15
     0.945376  1.13826e-15
     0.945563  1.06762e-15
     0.945749  1.13104e-15
     0.945936  1.22208e-15
     0.946123  1.21829e-15
     0.946309  1.19184e-15
     0.946496  1.21392e-15
     0.946683  1.25037e-15
     0.946870  1.26462e-15
     0.947056  1.21154e-15
     0.947243  1.24112e-15
     0.947430  1.35637e-15
     0.947616  1.24931e-15
     0.947803  1.23099e-15
     0.947990  1.29770e-15
     0.948176  1.22008e-15
     0.948363  1.26551e-15
     0.948550  1.25763e-15
     0.948737  1.23984e-15
     0.948923  1.18721e-15
     0.949110  1.15922e-15
     0.949297  1.15824e-15
     0.949483  1.20050e-15
     0.949670  1.20248e-15
     0.949857  1.20680e-15
     0.950043  1.27717e-15
     0.950230  1.29089e-15
     0.950417  1.24403e-15
     0.950604  1.26684e-15
     0.950790  1.27825e-15
     0.950977  1.24643e-15
     0.951164  1.21867e-15
     0.951350  1.17654e-15
     0.951537  1.17236e-15
     0.951724  1.21876e-15
     0.951910  1.17778e-15
     0.952097  1.27677e-15
     0.952284  1.27766e-15
     0.952470  1.28483e-15
     0.952657  1.30112e-15
     0.952844  1.32476e-15
     0.953031  1.27860e-15
     0.953217  1.26689e-15
     0.953404  1.29596e-15
     0.953591  1.32976e-15
     0.953777  1.35882e-15
     0.953964  1.32408e-15
     0.954151  1.36675e-15
     0.954337  1.52047e-15
     0.954524  1.52658e-15
     0.954711  1.45144e-15
     0.954898  1.34975e-15
     0.955084  1.31136e-15
     0.955271  1.29303e-15
     0.955458  1.29008e-15
     0.955644  1.29546e-15
     0.955831  1.25016e-15
     0.956018  1.23548e-15
     0.956204  1.24678e-15
     0.956391  1.28432e-15
     0.956578  1.32579e-15
     0.956765  1.24782e-15
     0.956951  1.22207e-15
     0.957138  1.29053e-15
     0.957325  1.26257e-15
     0.957511  1.21893e-15
     0.957698  1.19818e-15
     0.957885  1.29873e-15
     0.958071  1.30153e-15
     0.958258  1.28221e-15
     0.958445  1.22875e-15
     0.958632  1.18327e-15
     0.958818  1.17642e-15
     0.959005  1.22607e-15
     0.959192  1.25494e-15
     0.959378  1.21644e-15
     0.959565  1.22560e-15
     0.959752  1.29001e-15
     0.959938  1.29313e-15
     0.960125  1.26840e-15
     0.960312  1.24729e-15
     0.960499  1.22475e-15
     0.960685  1.26753e-15
     0.960872  1.20376e-15
     0.961059  1.18933e-15
     0.961245  1.21398e-15
     0.961432  1.18387e-15
     0.961619  1.24959e-15
     0.961805  1.30440e-15
     0.961992  1.31660e-15
     0.962179  1.31973e-15
     0.962366  1.32208e-15
     0.962552  1.34329e-15
     0.962739  1.31987e-15
     0.962926  1.32650e-15
     0.963112  1.31891e-15
     0.963299  1.22246e-15
     0.963486  1.19480e-15
     0.963672  1.21467e-15
     0.963859  1.19411e-15
     0.964046  1.20707e-15
     0.964233  1.25679e-15
     0.964419  1.29458e-15
     0.964606  1.26795e-15
     0.964793  1.25868e-15
     0.964979  1.28623e-15
     0.965166  1.27519e-15
     0.965353  1.28763e-15
     0.965539  1.36482e-15
     0.965726  1.39124e-15
     0.965913  1.33799e-15
     0.966099  1.29728e-15
     0.966286  1.25433e-15
     0.966473  1.19635e-15
     0.966660  1.23601e-15
     0.966846  1.26973e-15
     0.967033  1.34480e-15
     0.967220  1.43285e-15
     0.967406  1.44005e-15
     0.967593  1.34837e-15
     0.967780  1.29700e-15
     0.967966  1.33682e-15
     0.968153  1.38216e-15
     0.968340  1.36611e-15
     0.968527  1.30179e-15
     0.968713  1.30583e-15
     0.968900  1.25724e-15
     0.969087  1.20638e-15
     0.969273  1.18192e-15
     0.969460  1.22725e-15
     0.969647  1.22989e-15
     0.969833  1.22651e-15
     0.970020  1.28235e-15
     0.970207  1.30138e-15
     0.970394  1.33749e-15
     0.970580  1.33207e-15
     0.970767  1.36172e-15
     0.970954  1.33888e-15
     0.971140  1.30440e-15
     0.971327  1.30923e-15
     0.971514  1.37893e-15
     0.971700  1.29695e-15
     0.971887  1.23845e-15
     0.972074  1.20654e-15
     0.972260  1.11800e-15
     0.972447  1.17737e-15
     0.972634  1.22929e-15
     0.972821  1.22787e-15
     0.973007  1.30789e-15
     0.973194  1.42625e-15
     0.973381  1.39616e-15
     0.973567  1.35565e-15
     0.973754  1.34840e-15
     0.973941  1.37396e-15
     0.974127  1.33639e-15
     0.974314  1.35967e-15
     0.974501  1.34863e-15
     0.974688  1.34299e-15
     0.974874  1.35923e-15
     0.975061  1.35932e-15
     0.975248  1.32806e-15
     0.975434  1.31313e-15
     0.975621  1.30413e-15
     0.975808  1.32504e-15
     0.975994  1.33131e-15
     0.976181  1.33534e-15
     0.976368  1.36027e-15
     0.976555  1.37443e-15
     0.976741  1.44592e-15
     0.976928  1.43260e-15
     0.977115  1.36948e-15
     0.977301  1.37561e-15
     0.977488  1.40714e-15
     0.977675  1.38941e-15
     0.977861  1.40738e-15
     0.978048  1.41915e-15
     0.978235  1.35349e-15
     0.978422  1.39826e-15
     0.978608  1.44860e-15
     0.978795  1.45461e-15
     0.978982  1.49198e-15
     0.979168  1.43798e-15
     0.979355  1.34819e-15
     0.979542  1.34269e-15
     0.979728  1.35560e-15
     0.979915  1.34065e-15
     0.980102  1.35066e-15
     0.980289  1.34352e-15
     0.980475  1.37350e-15
     0.980662  1.38914e-15
     0.980849  1.37245e-15
     0.981035  1.37382e-15
     0.981222  1.34947e-15
     0.981409  1.41754e-15
     0.981595  1.38431e-15
     0.981782  1.37055e-15
     0.981969  1.36490e-15
     0.982155  1.41854e-15
     0.982342  1.39874e-15
     0.982529  1.34926e-15
     0.982716  1.36289e-15
     0.982902  1.38832e-15
     0.983089  1.33770e-15
     0.983276  1.39486e-15
     0.983462  1.45343e-15
     0.983649  1.39279e-15
     0.983836  1.36943e-15
     0.984022  1.36732e-15
     0.984209  1.35995e-15
     0.984396  1.38099e-15
     0.984583  1.32252e-15
     0.984769  1.44568e-15
     0.984956  1.37331e-15
     0.985143  1.41082e-15
     0.985329  1.41641e-15
     0.985516  1.41242e-15
     0.985703  1.41224e-15
     0.985889  1.43012e-15
     0.986076  1.48494e-15
     0.986263  1.56107e-15
     0.986450  1.53414e-15
     0.986636  1.57800e-15
     0.986823  1.60405e-15
     0.987010  1.53268e-15
     0.987196  1.47886e-15
     0.987383  1.50354e-15
     0.987570  1.62244e-15
     0.987756  1.67938e-15
     0.987943  1.59414e-15
     0.988130  1.53797e-15
     0.988316  1.56689e-15
     0.988503  1.50313e-15
     0.988690  1.53835e-15
     0.988877  1.59619e-15
     0.989063  1.54132e-15
     0.989250  1.50291e-15
     0.989437  1.55720e-15
     0.989623  1.53033e-15
     0.989810  1.44346e-15
     0.989997  1.43951e-15
     0.990183  1.40924e-15
     0.990370  1.39738e-15
     0.990557  1.35943e-15
     0.990744  1.29253e-15
     0.990930  1.28627e-15
     0.991117  1.36504e-15
     0.991304  1.33499e-15
     0.991490  1.14320e-15
     0.991677  1.11296e-15
     0.991864  1.31100e-15
     0.992050  1.40635e-15
     0.992237  1.33540e-15
     0.992424  1.28835e-15
     0.992611  1.35821e-15
     0.992797  1.38519e-15
     0.992984  1.40718e-15
     0.993171  1.40537e-15
     0.993357  1.45078e-15
     0.993544  1.49097e-15
     0.993731  1.46981e-15
     0.993917  1.42692e-15
     0.994104  1.41066e-15
     0.994291  1.42083e-15
     0.994478  1.54878e-15
     0.996473  1.48344e-15
      1.00032  1.56638e-15
      1.00417  1.50167e-15
      1.00805  1.59226e-15
      1.01193  1.67744e-15
      1.01583  1.72295e-15
      1.01974  1.75829e-15
      1.02366  1.78060e-15
      1.02760  1.87746e-15
      1.03155  1.91702e-15
      1.03551  1.96140e-15
      1.03948  1.97901e-15
      1.04346  2.03984e-15
      1.04746  2.01304e-15
      1.05147  2.11967e-15
      1.05549  2.07123e-15
      1.05952  2.19956e-15
      1.06356  2.19808e-15
      1.06761  2.21478e-15
      1.07167  2.31126e-15
      1.07574  2.34708e-15
      1.07982  2.35018e-15
      1.08391  2.40192e-15
      1.08801  2.47029e-15
      1.09212  2.39560e-15
      1.09624  2.28206e-15
      1.10036  2.23404e-15
      1.10450  2.11272e-15
      1.10864  2.06425e-15
      1.11280  1.98588e-15
      1.11696  1.99644e-15
      1.12112  2.08745e-15
      1.12530  2.15000e-15
      1.12948  2.10292e-15
      1.13367  2.03534e-15
      1.13787  2.05908e-15
      1.14207  2.07820e-15
      1.14628  2.13700e-15
      1.15050  2.20915e-15
      1.15472  2.22791e-15
      1.15895  2.26363e-15
      1.16319  2.23643e-15
      1.16743  2.13946e-15
      1.17167  2.11648e-15
      1.17592  2.15090e-15
      1.18018  2.23344e-15
      1.18444  2.33918e-15
      1.18870  2.43143e-15
      1.19297  2.56419e-15
      1.19725  2.58252e-15
      1.20152  2.62663e-15
      1.20580  2.71350e-15
      1.21009  2.79521e-15
      1.21438  2.83541e-15
      1.21867  2.88796e-15
      1.22296  2.97625e-15
      1.22726  3.03287e-15
      1.23156  3.08109e-15
      1.23586  3.06926e-15
      1.24016  3.10586e-15
      1.24447  3.09736e-15
      1.24878  3.08123e-15
      1.25309  3.13709e-15
      1.25740  3.29864e-15
      1.26171  3.34964e-15
      1.26603  3.46253e-15
      1.27034  3.43905e-15
      1.27466  3.56450e-15
      1.27897  3.54939e-15
      1.28329  3.45323e-15
      1.28761  3.51548e-15
      1.29193  3.47752e-15
      1.29625  3.50626e-15
      1.30056  3.52731e-15
      1.30488  3.47310e-15
      1.30920  3.46163e-15
      1.31352  3.40376e-15
      1.31783  3.44398e-15
      1.32215  3.38811e-15
      1.32646  3.23623e-15
      1.33077  2.89242e-15
      1.33509  2.39402e-15
      1.33940  2.03154e-15
      1.34371  1.75916e-15
      1.34801  1.69495e-15
      1.35232  1.62363e-15
      1.35662  1.59850e-15
      1.36092  1.73744e-15
      1.36522  1.75041e-15
      1.36952  1.65871e-15
      1.37381  1.84510e-15
      1.37811  1.93107e-15
      1.38240  1.90416e-15
      1.38668  2.00241e-15
      1.39097  1.90639e-15
      1.39525  1.88363e-15
      1.39952  1.81453e-15
      1.40380  1.76305e-15
      1.40807  1.69309e-15
      1.41233  1.71023e-15
      1.41660  1.57166e-15
      1.42086  1.56942e-15
      1.42511  1.57793e-15
      1.42937  1.54394e-15
      1.43361  1.57732e-15
      1.43786  1.64518e-15
      1.44210  1.63681e-15
      1.44633  1.66826e-15
      1.45056  1.71191e-15
      1.45479  1.86074e-15
      1.45901  1.93531e-15
      1.46323  1.96422e-15
      1.46744  2.00310e-15
      1.47165  1.94358e-15
      1.47585  2.02663e-15
      1.48005  2.12574e-15
      1.48424  2.20127e-15
      1.48843  2.26100e-15
      1.49261  2.19784e-15
      1.49679  2.33266e-15
      1.50096  2.33310e-15
      1.50513  2.40235e-15
      1.50929  2.49879e-15
      1.51345  2.57488e-15
      1.51760  2.65352e-15
      1.52174  2.81265e-15
      1.52588  2.82720e-15
      1.53002  2.90275e-15
      1.53415  2.92634e-15
      1.53827  3.07992e-15
      1.54238  3.10133e-15
      1.54649  3.16471e-15
      1.55060  3.28709e-15
      1.55470  3.37906e-15
      1.55879  3.38320e-15
      1.56287  3.46253e-15
      1.56695  3.52699e-15
      1.57103  3.61910e-15
      1.57510  3.67542e-15
      1.57916  3.65601e-15
      1.58321  3.69957e-15
      1.58726  3.74566e-15
      1.59131  3.70311e-15
      1.59534  3.83427e-15
      1.59937  3.90343e-15
      1.60340  3.96725e-15
      1.60741  3.94358e-15
      1.61142  3.98899e-15
      1.61543  3.95462e-15
      1.61943  4.00328e-15
      1.62342  3.96902e-15
      1.62740  3.97361e-15
      1.63138  3.96125e-15
      1.63535  4.03199e-15
      1.63932  3.95120e-15
      1.64328  4.00604e-15
      1.64723  4.07080e-15
      1.65118  4.10806e-15
      1.65512  4.05823e-15
      1.65905  4.07694e-15
      1.66297  4.06785e-15
      1.66689  4.05559e-15
      1.67081  4.04961e-15
      1.67471  4.12234e-15
      1.67861  4.04921e-15
      1.68251  4.10177e-15
      1.68639  4.13807e-15
      1.69027  4.14294e-15
      1.69415  4.06871e-15
      1.69801  4.02142e-15
      1.70188  3.96054e-15
      1.70573  3.94934e-15
      1.70958  3.90159e-15
      1.71342  3.85585e-15
      1.71725  3.77245e-15
      1.72108  3.69242e-15
      1.72490  3.58471e-15
      1.72872  3.58417e-15
      1.73253  3.50936e-15
      1.73633  3.39070e-15
      1.74012  3.33114e-15
      1.74391  3.21937e-15
      1.74770  3.17725e-15
      1.75147  3.10105e-15
      1.75524  2.96269e-15
      1.75901  2.89941e-15
      1.76277  2.84577e-15
      1.76652  2.80396e-15
      1.77026  2.69034e-15
      1.77400  2.59245e-15
      1.77773  2.48146e-15
      1.78146  2.52150e-15
      1.78518  2.43136e-15
      1.78890  2.43470e-15
      1.79260  2.28859e-15
      1.79631  2.35755e-15
      1.80000  2.28616e-15
      1.80369  2.23871e-15
      1.80738  2.25053e-15
      1.81105  2.32694e-15
      1.81473  2.39079e-15
      1.81839  2.40206e-15
      1.82205  2.45128e-15
      1.82571  2.41903e-15
      1.82935  2.48158e-15
      1.83300  2.45402e-15
      1.83663  2.46972e-15
      1.84026  2.40513e-15
      1.84389  2.38607e-15
      1.84751  2.31837e-15
      1.85112  2.30705e-15
      1.85473  2.25655e-15
      1.85833  2.05092e-15
      1.86193  1.96235e-15
      1.86552  2.04160e-15
      1.86911  2.20667e-15
      1.87269  2.11098e-15
      1.87626  2.14915e-15
      1.87983  2.27501e-15
      1.88340  2.28048e-15
      1.88695  2.37274e-15
      1.89051  2.30316e-15
      1.89405  2.45149e-15
      1.89760  2.46864e-15
      1.90113  2.53785e-15
      1.90467  2.54331e-15
      1.90819  2.72718e-15
      1.91171  2.64724e-15
      1.91523  2.72690e-15
      1.91874  2.61848e-15
      1.92225  2.64085e-15
      1.92575  2.55222e-15
      1.92924  2.50131e-15
      1.93273  2.39523e-15
      1.93622  2.24199e-15
      1.93970  2.18473e-15
      1.94317  2.15116e-15
      1.94665  2.13352e-15
      1.95011  2.19267e-15
      1.95357  2.11472e-15
      1.95703  2.06814e-15
      1.96048  2.01037e-15
      1.96392  2.02972e-15
      1.96736  2.17841e-15
      1.97080  2.14006e-15
      1.97423  2.10190e-15
      1.97766  2.11810e-15
      1.98108  2.09794e-15
      1.98450  2.14462e-15
      1.98791  2.12289e-15
      1.99132  2.16006e-15
      1.99472  2.23562e-15
      1.99812  2.30148e-15
      2.00151  2.34590e-15
      2.00490  2.29312e-15
      2.00829  2.32126e-15
      2.01167  2.41750e-15
      2.01504  2.39152e-15
      2.01841  2.37690e-15
      2.02178  2.48823e-15
      2.02514  2.54288e-15
      2.02849  2.50938e-15
      2.03185  2.53728e-15
      2.03519  2.57381e-15
      2.03854  2.58127e-15
      2.04187  2.65933e-15
      2.04521  2.75248e-15
      2.04854  2.75615e-15
      2.05186  2.76329e-15
      2.05518  2.77418e-15
      2.05850  2.86628e-15
      2.06181  2.90122e-15
      2.06512  2.94181e-15
      2.06842  2.93247e-15
      2.07172  2.92253e-15
      2.07501  2.95757e-15
      2.07830  2.98789e-15
      2.08158  3.02877e-15
      2.08486  3.03181e-15
      2.08814  3.04178e-15
      2.09141  3.03753e-15
      2.09467  3.10723e-15
      2.09793  3.06759e-15
      2.10119  3.13000e-15
      2.10444  3.12746e-15
      2.10769  3.08580e-15
      2.11093  3.16224e-15
      2.11417  3.16434e-15
      2.11741  3.14796e-15
      2.12064  3.17533e-15
      2.12386  3.15584e-15
      2.12708  3.17598e-15
      2.13030  3.17037e-15
      2.13351  3.18153e-15
      2.13672  3.17411e-15
      2.13992  3.18170e-15
      2.14312  3.23217e-15
      2.14631  3.20576e-15
      2.14950  3.21913e-15
      2.15268  3.21044e-15
      2.15586  3.15219e-15
      2.15903  3.18099e-15
      2.16220  3.13337e-15
      2.16537  3.14097e-15
      2.16852  3.13299e-15
      2.17168  3.13542e-15
      2.17483  3.11835e-15
      2.17798  3.07629e-15
      2.18112  3.11753e-15
      2.18425  3.06159e-15
      2.18738  3.06177e-15
      2.19051  3.05639e-15
      2.19363  3.06621e-15
      2.19675  3.02178e-15
      2.19986  2.98819e-15
      2.20296  2.94925e-15
      2.20607  2.92580e-15
      2.20916  2.90167e-15
      2.21225  2.92474e-15
      2.21534  2.94138e-15
      2.21842  2.91209e-15
      2.22150  2.86867e-15
      2.22457  2.88073e-15
      2.22764  2.90962e-15
      2.23070  2.88160e-15
      2.23375  2.89768e-15
      2.23681  2.83253e-15
      2.23985  2.86220e-15
      2.24289  2.82891e-15
      2.24593  2.82524e-15
      2.24896  2.80350e-15
      2.25199  2.81282e-15
      2.25501  2.80186e-15
      2.25802  2.78698e-15
      2.26103  2.77800e-15
      2.26404  2.75695e-15
      2.26704  2.75722e-15
      2.27003  2.73624e-15
      2.27302  2.69023e-15
      2.27601  2.72753e-15
      2.27899  2.73506e-15
      2.28196  2.72774e-15
      2.28493  2.64944e-15
      2.28789  2.69449e-15
      2.29085  2.68053e-15
      2.29380  2.51708e-15
      2.29675  2.34101e-15
      2.29969  2.22396e-15
      2.30263  2.21164e-15
      2.30556  2.20316e-15
      2.30849  2.23775e-15
      2.31141  2.25191e-15
      2.31433  2.26167e-15
      2.31724  2.21823e-15
      2.32015  2.22760e-15
      2.32305  2.16620e-15
      2.32595  2.13753e-15
      2.32884  2.10767e-15
      2.33173  2.12410e-15
      2.33461  2.09176e-15
      2.33749  2.14774e-15
      2.34036  2.13722e-15
      2.34322  2.15828e-15
      2.34609  2.19348e-15
      2.34894  2.20599e-15
      2.35180  2.16230e-15
      2.35465  2.16230e-15
      2.35749  2.08226e-15
      2.36033  2.17025e-15
      2.36316  2.20970e-15
      2.36599  2.19332e-15
      2.36882  2.17757e-15
      2.37164  2.18832e-15
      2.37446  2.17446e-15
      2.37727  2.16990e-15
      2.38008  2.14288e-15
      2.38288  2.13279e-15
      2.38568  2.12488e-15
      2.38848  2.11224e-15
      2.39127  2.09640e-15
      2.39406  2.12534e-15
      2.39685  2.11893e-15
      2.39963  2.09783e-15
      2.40241  2.15588e-15
      2.40519  2.14054e-15
      2.40796  2.08916e-15
      2.41073  2.13097e-15
      2.41350  2.08863e-15
      2.41626  2.04975e-15
      2.41902  2.09894e-15
      2.42178  2.04539e-15
      2.42454  2.08158e-15
      2.42730  2.05987e-15
      2.43005  2.03778e-15
      2.43280  2.05049e-15
      2.43555  2.03917e-15
      2.43830  2.04618e-15
      2.44104  1.97764e-15
      2.44379  2.06896e-15
      2.44654  2.03456e-15
      2.44928  1.98491e-15
      2.45202  1.98208e-15
      2.45477  2.00499e-15
      2.45751  2.01842e-15
      2.46025  1.99623e-15
      2.46300  1.98521e-15
      2.46574  1.93000e-15
      2.46849  1.87972e-15
      2.47124  1.75257e-15
      2.47399  1.76291e-15
      2.47674  1.69612e-15
      2.47949  1.70703e-15
      2.48224  1.72435e-15
      2.48500  1.77863e-15
      2.48776  1.72709e-15
      2.49052  1.56011e-15
      2.49329  1.54729e-15
      2.49606  1.66020e-15
      2.49884  1.63486e-15
      2.50162  1.66163e-15
      2.50440  1.62631e-15
      2.50719  1.61401e-15
      2.50999  1.56204e-15
      2.51279  1.57177e-15
      2.51560  1.58692e-15
      2.51841  1.62583e-15
      2.52124  1.49065e-15
      2.52407  1.59796e-15
      2.52691  1.51033e-15
      2.52975  1.39655e-15
      2.53261  1.69195e-15
      2.53548  1.65503e-15
      2.53835  1.60893e-15
      2.54124  1.68151e-15
      2.54414  1.59183e-15
      2.54705  1.66897e-15
      2.54997  1.41435e-15
      2.55290  1.44781e-15
      2.55585  1.66918e-15
      2.55881  1.66857e-15
