# An Atlas of Galaxy Spectral Energy Distributions from the Ultraviolet to the Mid-Infrared
# Brown et al. (2014)
# http://dx.doi.org/10.5072/03/529D3551F0117
# 
# Column 1 : Restframe Wavelength (Angstrom)
# Column 2 : Flux per unit wavelength (ergs/s/cm^2/Angstrom)
# Column 3 : Observed wavelength (Angstrom)
# Column 4 : Source (0 = model, 1 = Optical Spectrum, 2 = Akari, 3 = Spitzer IRS)
# 
   102.08 3.3368e-21    102.57 0 
   103.98 4.0676e-21    104.47 0 
   105.91 5.0738e-21    106.41 0 
   107.88 6.4318e-21    108.39 0 
   109.88 9.5133e-21    110.41 0 
   114.01 1.3751e-20    114.55 0 
   118.01 1.8721e-20    118.58 0 
   121.04 6.4615e-20    121.62 0 
   125.01 8.3817e-20    125.60 0 
   127.04 9.2968e-20    127.64 0 
   127.92 9.9388e-20    128.53 0 
   130.90 1.1411e-19    131.52 0 
   132.11 1.3407e-19    132.74 0 
   133.95 1.4599e-19    134.59 0 
   137.07 1.8721e-19    137.72 0 
   139.94 2.1200e-19    140.60 0 
   142.87 5.1800e-19    143.55 0 
   146.87 1.1758e-18    147.57 0 
   150.98 1.3284e-18    151.71 0 
   154.86 1.5112e-18    155.60 0 
   158.83 1.7192e-18    159.59 0 
   162.16 1.8808e-18    162.93 0 
   165.93 2.1347e-18    166.72 0 
   170.19 2.3732e-18    171.00 0 
   172.96 2.5783e-18    173.78 0 
   176.98 2.8466e-18    177.83 0 
   179.86 3.0643e-18    180.72 0 
   181.94 3.2161e-18    182.81 0 
   186.18 3.5264e-18    187.07 0 
   190.96 3.9385e-18    191.87 0 
   194.06 4.2299e-18    194.98 0 
   198.12 4.5744e-18    199.07 0 
   201.81 4.9697e-18    202.77 0 
   205.08 5.2763e-18    206.06 0 
   209.86 5.5505e-18    210.86 0 
   216.24 6.4318e-18    217.27 0 
   219.75 6.9077e-18    220.80 0 
   222.81 7.1835e-18    223.87 0 
   226.95 7.7327e-18    228.03 0 
   230.11 1.1922e-17    231.21 0 
   233.85 2.0292e-17    234.96 0 
   239.85 2.6142e-17    240.99 0 
   246.00 2.5665e-17    247.17 0 
   251.73 2.8011e-17    252.93 0 
   257.00 2.3952e-17    258.23 0 
   259.98 2.8270e-17    261.22 0 
   264.20 3.0223e-17    265.46 0 
   269.11 3.0856e-17    270.40 0 
   274.12 3.1357e-17    275.42 0 
   279.21 3.1793e-17    280.54 0 
   283.75 3.2459e-17    285.10 0 
   289.69 3.1574e-17    291.07 0 
   295.76 3.2684e-17    297.17 0 
   301.25 3.2384e-17    302.69 0 
   308.27 3.3445e-17    309.74 0 
   317.64 3.5021e-17    319.15 0 
   328.05 3.5672e-17    329.61 0 
   338.01 3.6003e-17    339.63 0 
   348.28 3.6169e-17    349.95 0 
   357.22 3.6588e-17    358.92 0 
   366.38 3.7526e-17    368.13 0 
   374.92 3.7613e-17    376.70 0 
   385.42 3.6503e-17    387.26 0 
   395.31 3.8489e-17    397.19 0 
   405.45 3.9658e-17    407.38 0 
   413.94 4.0117e-17    415.91 0 
   421.63 4.0117e-17    423.64 0 
   430.46 4.0396e-17    432.51 0 
   441.50 4.2691e-17    443.61 0 
   450.75 4.4089e-17    452.90 0 
   460.19 4.4395e-17    462.38 0 
   469.82 4.6487e-17    472.06 0 
   479.66 5.0738e-17    481.95 0 
   489.70 5.0855e-17    492.04 0 
   499.96 5.8659e-17    502.34 0 
   505.75 5.9749e-17    508.16 0 
   511.60 9.1271e-17    514.04 0 
   519.92 9.5793e-17    522.40 0 
   529.58 1.0077e-16    532.11 0 
   539.43 9.8024e-17    542.00 0 
   549.46 1.1438e-16    552.08 0 
   559.67 1.4768e-16    562.34 0 
   570.08 1.7472e-16    572.80 0 
   579.34 1.8379e-16    582.10 0 
   590.11 2.1298e-16    592.93 0 
   599.70 2.1006e-16    602.56 0 
   609.44 2.2874e-16    612.35 0 
   619.35 2.9739e-16    622.30 0 
   629.41 3.1502e-16    632.41 0 
   639.64 3.5837e-16    642.69 0 
   650.03 3.8756e-16    653.13 0 
   657.56 3.9476e-16    660.69 0 
   665.17 4.5116e-16    668.34 0 
   674.43 4.9812e-16    677.64 0 
   685.38 4.7790e-16    688.65 0 
   694.92 5.9612e-16    698.23 0 
   704.59 5.4367e-16    707.95 0 
   716.03 7.1012e-16    719.45 0 
   726.00 7.6266e-16    729.46 0 
   734.40 8.0972e-16    737.90 0 
   744.62 8.5967e-16    748.17 0 
   754.98 9.1271e-16    758.58 0 
   765.48 9.0019e-16    769.13 0 
   774.34 1.0407e-15    778.04 0 
   785.12 1.0503e-15    788.86 0 
   794.21 1.1623e-15    797.99 0 
   805.26 1.2426e-15    809.10 0 
   814.58 1.3132e-15    818.46 0 
   825.91 1.4104e-15    829.85 0 
   835.48 1.2032e-15    839.46 0 
   845.15 1.5217e-15    849.18 0 
   854.94 1.5716e-15    859.01 0 
   864.84 1.6956e-15    868.96 0 
   874.85 1.7920e-15    879.02 0 
   884.98 1.8894e-15    889.20 0 
   895.23 1.9785e-15    899.50 0 
   905.59 2.0153e-15    909.91 0 
   913.97 2.2926e-15    918.33 0 
   924.56 8.7364e-15    928.97 0 
   935.26 1.7153e-14    939.72 0 
   943.92 2.9671e-14    948.42 0 
   954.85 3.9295e-14    959.40 0 
   965.90 4.4293e-14    970.51 0 
   974.84 1.0170e-14    979.49 0 
   986.13 3.7182e-14    990.83 0 
   995.25 3.8312e-14   1000.00 0 
  1004.46 5.3007e-14   1009.25 0 
  1016.09 5.2159e-14   1020.94 0 
  1025.50 2.6628e-14   1030.39 0 
  1034.98 4.0210e-14   1039.92 0 
  1044.56 6.7505e-14   1049.54 0 
  1054.23 6.5213e-14   1059.25 0 
  1063.98 5.3129e-14   1069.05 0 
  1073.83 6.1707e-14   1078.95 0 
  1083.76 5.0855e-14   1088.93 0 
  1093.79 6.4615e-14   1099.01 0 
  1103.91 6.0860e-14   1109.18 0 
  1114.12 5.8794e-14   1119.44 0 
  1124.43 5.1920e-14   1129.80 0 
  1134.84 6.4764e-14   1140.25 0 
  1145.34 5.9887e-14   1150.80 0 
  1155.94 6.2278e-14   1161.45 0 
  1163.95 6.2999e-14   1169.50 0 
  1174.72 4.2789e-14   1180.32 0 
  1185.59 6.1707e-14   1191.24 0 
  1193.81 4.9242e-14   1199.50 0 
  1204.85 3.7613e-14   1210.60 0 
  1216.00 2.7563e-14   1221.80 0 
  1224.43 4.8121e-14   1230.27 0 
  1235.76 6.3290e-14   1241.65 0 
  1244.32 6.6273e-14   1250.26 0 
  1255.84 6.3875e-14   1261.83 0 
  1264.54 5.9475e-14   1270.57 0 
  1276.24 6.8760e-14   1282.33 0 
  1285.09 7.0199e-14   1291.22 0 
  1294.00 5.7721e-14   1300.17 0 
  1305.97 5.8930e-14   1312.20 0 
  1315.02 6.9396e-14   1321.30 0 
  1324.14 6.5816e-14   1330.45 0 
  1336.39 6.0720e-14   1342.77 0 
  1345.66 6.7816e-14   1352.07 0 
  1354.98 6.6273e-14   1361.44 0 
  1364.38 6.0720e-14   1370.88 0 
  1373.83 6.1565e-14   1380.38 0 
  1386.54 6.1707e-14   1393.16 0 
  1396.16 4.9927e-14   1402.81 0 
  1405.83 5.1326e-14   1412.54 0 
  1415.58 5.7854e-14   1422.33 0 
  1425.39 5.7588e-14   1432.19 0 
  1435.27 5.8930e-14   1442.12 0 
  1441.90 6.0720e-14   1448.77 0 
  1448.55 6.0720e-14   1455.46 0 
  1455.24 5.9065e-14   1462.18 0 
  1465.32 5.5377e-14   1472.31 0 
  1475.48 5.6019e-14   1482.52 0 
  1485.71 5.6277e-14   1492.79 0 
  1496.01 5.6277e-14   1503.14 0 
  1506.38 5.3129e-14   1513.56 0 
  1513.33 4.8232e-14   1520.55 0 
  1516.82 5.0505e-14   1524.05 0 
  1523.82 5.0389e-14   1531.09 0 
  1534.38 4.3988e-14   1541.70 0 
  1545.02 4.3685e-14   1552.39 0 
  1555.73 4.2593e-14   1563.15 0 
  1566.51 4.5639e-14   1573.98 0 
  1573.74 4.8566e-14   1581.25 0 
  1584.65 4.9812e-14   1592.21 0 
  1595.64 5.0273e-14   1603.25 0 
  1606.70 4.9697e-14   1614.36 0 
  1614.11 4.9355e-14   1621.81 0 
  1625.30 4.8010e-14   1633.05 0 
  1636.57 5.0621e-14   1644.37 0 
  1644.12 5.0855e-14   1651.96 0 
  1655.52 4.9128e-14   1663.41 0 
  1663.16 5.1562e-14   1671.09 0 
  1670.84 4.8121e-14   1678.80 0 
  1678.55 5.2642e-14   1686.55 0 
  1686.30 5.3007e-14   1694.34 0 
  1694.08 5.0505e-14   1702.16 0 
  1705.82 4.9128e-14   1713.96 0 
  1713.70 4.6702e-14   1721.87 0 
  1725.58 4.6274e-14   1733.80 0 
  1733.54 4.8790e-14   1741.81 0 
  1745.56 4.7680e-14   1753.88 0 
  1753.61 4.9355e-14   1761.98 0 
  1765.77 4.7134e-14   1774.19 0 
  1773.92 4.6594e-14   1782.38 0 
  1786.21 4.7570e-14   1794.73 0 
  1794.46 4.9242e-14   1803.02 0 
  1806.90 4.9355e-14   1815.52 0 
  1815.24 4.5534e-14   1823.90 0 
  1823.62 4.6702e-14   1832.31 0 
  1836.26 4.5429e-14   1845.02 0 
  1844.73 4.2202e-14   1853.53 0 
  1853.25 4.2202e-14   1862.09 0 
  1866.10 4.3086e-14   1874.99 0 
  1874.71 4.5639e-14   1883.65 0 
  1883.36 4.1912e-14   1892.34 0 
  1896.42 4.0025e-14   1905.46 0 
  1905.17 4.2789e-14   1914.26 0 
  1913.96 4.0769e-14   1923.09 0 
  1922.80 3.9476e-14   1931.97 0 
  1936.13 4.1527e-14   1945.36 0 
  1945.06 4.2593e-14   1954.34 0 
  1954.04 3.9385e-14   1963.36 0 
  1967.59 4.2593e-14   1976.97 0 
  1976.67 4.3887e-14   1986.10 0 
  1985.79 4.1527e-14   1995.26 0 
  1994.96 4.0676e-14   2004.47 0 
  2004.17 4.1912e-14   2013.72 0 
  2013.42 4.1147e-14   2023.02 0 
  2022.71 4.2593e-14   2032.36 0 
  2036.73 3.9933e-14   2046.45 0 
  2046.13 4.0863e-14   2055.89 0 
  2055.58 3.7786e-14   2065.38 0 
  2065.06 3.8845e-14   2074.91 0 
  2074.60 4.2008e-14   2084.49 0 
  2079.38 3.9295e-14   2089.30 0 
  2084.17 4.0769e-14   2094.11 0 
  2093.79 3.8845e-14   2103.78 0 
  2103.46 3.9567e-14   2113.49 0 
  2113.17 3.9933e-14   2123.24 0 
  2122.92 4.0210e-14   2133.04 0 
  2132.72 3.8845e-14   2142.89 0 
  2142.56 3.8312e-14   2152.78 0 
  2157.42 3.9567e-14   2167.70 0 
  2167.37 3.8845e-14   2177.71 0 
  2177.38 3.8666e-14   2187.76 0 
  2187.43 3.7786e-14   2197.86 0 
  2197.53 3.8845e-14   2208.01 0 
  2202.59 3.8224e-14   2213.09 0 
  2212.76 3.7097e-14   2223.31 0 
  2222.97 3.6252e-14   2233.57 0 
  2233.23 3.7182e-14   2243.88 0 
  2243.54 3.6503e-14   2254.24 0 
  2253.90 3.5427e-14   2264.64 0 
  2264.30 3.6003e-14   2275.10 0 
  2274.75 3.6169e-14   2285.60 0 
  2285.25 3.6419e-14   2296.15 0 
  2295.80 3.4544e-14   2306.75 0 
  2306.40 3.4948e-14   2317.39 0 
  2317.04 3.4000e-14   2328.09 0 
  2322.38 2.9141e-14   2333.46 0 
  2333.10 3.2476e-14   2344.23 0 
  2343.87 3.2182e-14   2355.05 0 
  2354.69 3.3012e-14   2365.92 0 
  2365.56 3.1822e-14   2376.84 0 
  2376.48 3.1899e-14   2387.81 0 
  2387.45 3.0679e-14   2398.83 0 
  2392.95 3.1540e-14   2404.36 0 
  2404.00 3.0756e-14   2415.46 0 
  2415.09 3.0973e-14   2426.61 0 
  2426.24 3.1626e-14   2437.81 0 
  2437.44 3.0626e-14   2449.06 0 
  2443.06 3.1414e-14   2454.71 0 
  2454.33 3.1130e-14   2466.04 0 
  2465.66 3.0778e-14   2477.42 0 
  2477.04 3.0151e-14   2488.86 0 
  2482.75 3.0292e-14   2494.60 0 
  2494.21 2.7189e-14   2506.11 0 
  2505.73 3.0300e-14   2517.68 0 
  2511.50 2.8410e-14   2523.48 0 
  2517.29 2.9343e-14   2529.30 0 
  2523.10 2.8743e-14   2535.13 0 
  2534.74 2.8747e-14   2546.83 0 
  2546.44 2.8226e-14   2558.59 0 
  2552.31 2.9019e-14   2564.48 0 
  2564.09 2.8625e-14   2576.32 0 
  2575.93 2.9228e-14   2588.21 0 
  2587.82 2.8965e-14   2600.16 0 
  2593.78 2.8701e-14   2606.15 0 
  2605.76 2.8116e-14   2618.18 0 
  2617.78 2.7798e-14   2630.27 0 
  2623.82 2.8122e-14   2636.33 0 
  2635.93 2.8387e-14   2648.50 0 
  2642.01 2.9184e-14   2654.61 0 
  2654.20 2.9390e-14   2666.86 0 
  2666.45 2.7878e-14   2679.17 0 
  2672.60 2.8333e-14   2685.34 0 
  2684.94 2.8338e-14   2697.74 0 
  2697.33 2.7380e-14   2710.19 0 
  2703.55 2.7508e-14   2716.44 0 
  2716.03 2.6886e-14   2728.98 0 
  2722.29 2.6703e-14   2735.27 0 
  2734.85 2.7078e-14   2747.89 0 
  2747.48 2.5567e-14   2760.58 0 
  2753.81 2.5687e-14   2766.94 0 
  2766.52 2.5929e-14   2779.71 0 
  2772.90 2.6413e-14   2786.12 0 
  2785.70 2.5756e-14   2798.98 0 
  2792.12 2.3492e-14   2805.43 0 
  2805.01 2.4209e-14   2818.38 0 
  2817.95 2.5825e-14   2831.39 0 
  2824.45 2.6066e-14   2837.92 0 
  2837.49 2.5243e-14   2851.02 0 
  2844.03 2.5014e-14   2857.59 0 
  2857.15 2.4561e-14   2870.78 0 
  2863.74 2.5426e-14   2877.40 0 
  2876.96 2.5313e-14   2890.68 0 
  2883.59 2.5199e-14   2897.34 0 
  2896.90 2.5029e-14   2910.72 0 
  2910.27 2.5675e-14   2924.15 0 
  2930.45 2.5039e-14   2944.42 0 
  2950.76 2.4531e-14   2964.83 0 
  2971.21 2.4537e-14   2985.38 0 
  2991.81 2.4262e-14   3006.08 0 
  3012.55 2.4046e-14   3026.91 0 
  3033.43 2.3941e-14   3047.89 0 
  3047.43 2.3725e-14   3061.96 0 
  3068.55 2.3622e-14   3083.19 0 
  3089.82 2.3304e-14   3104.56 0 
  3111.24 2.3256e-14   3126.08 0 
  3132.81 2.2785e-14   3147.75 0 
  3147.27 2.2684e-14   3162.28 0 
  3169.08 2.2482e-14   3184.20 0 
  3191.05 2.1724e-14   3206.27 0 
  3213.17 2.1881e-14   3228.49 0 
  3228.00 2.1288e-14   3243.40 0 
  3250.38 2.1789e-14   3265.88 0 
  3272.91 2.1946e-14   3288.52 0 
  3288.02 2.1649e-14   3303.70 0 
  3310.81 2.1407e-14   3326.60 0 
  3318.44 2.1958e-14   3334.26 0 
  3326.09 2.2011e-14   3341.95 0 
  3333.76 2.2063e-14   3349.66 0 
  3341.44 2.1072e-14   3357.38 0 
  3349.14 2.2169e-14   3365.12 0 
  3356.87 2.1173e-14   3372.87 0 
  3364.60 2.0315e-14   3380.65 0 
  3372.36 2.0085e-14   3388.44 0 
  3380.13 2.1033e-14   3396.25 0 
  3387.93 2.1575e-14   3404.08 0 
  3395.73 2.1183e-14   3411.93 0 
  3403.56 2.1136e-14   3419.79 0 
  3411.41 2.0515e-14   3427.68 0 
  3419.27 2.0802e-14   3435.58 0 
  3427.15 2.1045e-14   3443.50 0 
  3435.06 2.1193e-14   3451.44 0 
  3442.97 2.0101e-14   3459.39 0 
  3450.91 2.0619e-14   3467.37 0 
  3458.87 2.0198e-14   3475.36 0 
  3466.84 2.0107e-14   3483.37 0 
  3474.83 2.0483e-14   3491.40 0 
  3482.84 1.9880e-14   3499.45 0 
  3490.87 2.0534e-14   3507.52 0 
  3498.92 1.9884e-14   3515.60 0 
  3506.98 2.0256e-14   3523.71 0 
  3515.07 1.9435e-14   3531.83 0 
  3523.17 2.0074e-14   3539.97 0 
  3531.29 1.9846e-14   3548.13 0 
  3539.43 2.0357e-14   3556.31 0 
  3547.59 2.0690e-14   3564.51 0 
  3555.77 2.0408e-14   3572.73 0 
  3563.97 2.0223e-14   3580.96 0 
  3572.18 1.9403e-14   3589.22 0 
  3580.42 1.8920e-14   3597.49 0 
  3588.67 1.7987e-14   3605.79 0 
  3596.95 1.9011e-14   3614.10 0 
  3605.24 1.9322e-14   3622.43 0 
  3613.55 1.8884e-14   3630.78 0 
  3614.78 1.8666e-14   3632.02 1 
  3617.52 1.8735e-14   3634.77 1 
  3620.26 2.1149e-14   3637.52 1 
  3622.99 1.9601e-14   3640.27 1 
  3625.73 2.2176e-14   3643.02 1 
  3628.47 1.9240e-14   3645.77 1 
  3631.20 1.9647e-14   3648.52 1 
  3633.94 2.0162e-14   3651.27 1 
  3636.68 2.0857e-14   3654.02 1 
  3639.41 2.0150e-14   3656.77 1 
  3642.15 1.9152e-14   3659.52 1 
  3644.89 2.1048e-14   3662.27 1 
  3647.62 2.0010e-14   3665.02 1 
  3650.36 1.9741e-14   3667.77 1 
  3653.10 1.8177e-14   3670.52 1 
  3655.84 1.8848e-14   3673.27 1 
  3658.57 1.8737e-14   3676.02 1 
  3661.31 1.8685e-14   3678.77 1 
  3664.05 1.8658e-14   3681.52 1 
  3666.78 2.0065e-14   3684.27 1 
  3669.52 1.8737e-14   3687.02 1 
  3672.26 1.7748e-14   3689.77 1 
  3674.99 1.8875e-14   3692.52 1 
  3677.73 1.9019e-14   3695.27 1 
  3680.47 1.9368e-14   3698.02 1 
  3683.20 1.7985e-14   3700.77 1 
  3685.94 1.7848e-14   3703.52 1 
  3688.68 2.0059e-14   3706.27 1 
  3691.42 1.9982e-14   3709.02 1 
  3694.15 1.8930e-14   3711.77 1 
  3696.89 1.9134e-14   3714.52 1 
  3699.63 1.8186e-14   3717.27 1 
  3702.36 1.7168e-14   3720.02 1 
  3705.10 1.7458e-14   3722.77 1 
  3707.84 1.7542e-14   3725.52 1 
  3710.57 1.9868e-14   3728.27 1 
  3713.31 2.2993e-14   3731.02 1 
  3716.05 3.3839e-14   3733.77 1 
  3718.79 4.8097e-14   3736.52 1 
  3721.52 7.9438e-14   3739.27 1 
  3724.26 1.2265e-13   3742.02 1 
  3727.00 1.3327e-13   3744.77 1 
  3729.73 9.9069e-14   3747.52 1 
  3732.47 5.5822e-14   3750.27 1 
  3735.21 3.0052e-14   3753.02 1 
  3737.94 2.2615e-14   3755.77 1 
  3740.68 2.0334e-14   3758.52 1 
  3743.42 2.0342e-14   3761.27 1 
  3746.15 1.8451e-14   3764.02 1 
  3748.89 1.8859e-14   3766.77 1 
  3751.63 1.9736e-14   3769.52 1 
  3754.37 2.0645e-14   3772.27 1 
  3757.10 2.1895e-14   3775.02 1 
  3759.84 2.1437e-14   3777.77 1 
  3762.58 2.1380e-14   3780.52 1 
  3765.31 2.1105e-14   3783.27 1 
  3768.05 2.1041e-14   3786.02 1 
  3770.79 2.0669e-14   3788.77 1 
  3773.52 2.0706e-14   3791.52 1 
  3776.26 2.2708e-14   3794.27 1 
  3779.00 2.3408e-14   3797.02 1 
  3781.73 2.2851e-14   3799.77 1 
  3784.47 2.2150e-14   3802.52 1 
  3787.21 2.4139e-14   3805.27 1 
  3789.95 2.1913e-14   3808.02 1 
  3792.68 2.1186e-14   3810.77 1 
  3795.42 1.9350e-14   3813.52 1 
  3798.16 2.0369e-14   3816.27 1 
  3800.89 2.0946e-14   3819.02 1 
  3803.63 2.2295e-14   3821.77 1 
  3806.37 2.2252e-14   3824.52 1 
  3809.10 2.2323e-14   3827.27 1 
  3811.84 2.3552e-14   3830.02 1 
  3814.58 2.3293e-14   3832.77 1 
  3817.32 2.1809e-14   3835.52 1 
  3820.05 2.2469e-14   3838.27 1 
  3822.79 2.2250e-14   3841.02 1 
  3825.53 2.1202e-14   3843.77 1 
  3828.26 2.0595e-14   3846.52 1 
  3831.00 2.0493e-14   3849.27 1 
  3833.74 2.0027e-14   3852.02 1 
  3836.47 2.0783e-14   3854.77 1 
  3839.21 2.0214e-14   3857.52 1 
  3841.95 2.1604e-14   3860.27 1 
  3844.68 2.2087e-14   3863.02 1 
  3847.42 2.2635e-14   3865.77 1 
  3850.16 2.3469e-14   3868.52 1 
  3852.90 2.3904e-14   3871.27 1 
  3855.63 2.4850e-14   3874.02 1 
  3858.37 2.6059e-14   3876.77 1 
  3861.11 2.6932e-14   3879.52 1 
  3863.84 2.7983e-14   3882.27 1 
  3866.58 2.8744e-14   3885.02 1 
  3869.32 2.8550e-14   3887.77 1 
  3872.05 2.6337e-14   3890.52 1 
  3874.79 2.3116e-14   3893.27 1 
  3877.53 2.2996e-14   3896.02 1 
  3880.27 2.3077e-14   3898.77 1 
  3883.00 2.4571e-14   3901.52 1 
  3885.74 2.5960e-14   3904.27 1 
  3888.48 2.4277e-14   3907.02 1 
  3891.21 2.3218e-14   3909.77 1 
  3893.95 2.1687e-14   3912.52 1 
  3896.69 2.2246e-14   3915.27 1 
  3899.42 2.2510e-14   3918.02 1 
  3902.16 2.3612e-14   3920.77 1 
  3904.90 2.4267e-14   3923.52 1 
  3907.63 2.5034e-14   3926.27 1 
  3910.37 2.3984e-14   3929.02 1 
  3913.11 2.4287e-14   3931.77 1 
  3915.85 2.3809e-14   3934.52 1 
  3918.58 2.4192e-14   3937.27 1 
  3921.32 2.3702e-14   3940.02 1 
  3924.06 2.2424e-14   3942.77 1 
  3926.79 2.0972e-14   3945.52 1 
  3929.53 2.0213e-14   3948.27 1 
  3932.27 1.9916e-14   3951.02 1 
  3935.00 2.0497e-14   3953.77 1 
  3937.74 2.2454e-14   3956.52 1 
  3940.48 2.2837e-14   3959.27 1 
  3943.21 2.2964e-14   3962.02 1 
  3945.95 2.3876e-14   3964.77 1 
  3948.69 2.2888e-14   3967.52 1 
  3951.43 2.3850e-14   3970.27 1 
  3954.16 2.2669e-14   3973.02 1 
  3956.90 2.1599e-14   3975.77 1 
  3959.64 2.1603e-14   3978.52 1 
  3962.37 2.2388e-14   3981.27 1 
  3965.11 2.2374e-14   3984.02 1 
  3967.85 2.4143e-14   3986.77 1 
  3970.58 2.2426e-14   3989.52 1 
  3973.32 2.1531e-14   3992.27 1 
  3976.06 2.2464e-14   3995.02 1 
  3978.80 2.2595e-14   3997.77 1 
  3981.53 2.2320e-14   4000.52 1 
  3984.27 2.3862e-14   4003.27 1 
  3987.01 2.4611e-14   4006.02 1 
  3989.74 2.4295e-14   4008.77 1 
  3992.48 2.4480e-14   4011.52 1 
  3995.22 2.4948e-14   4014.27 1 
  3997.95 2.5630e-14   4017.02 1 
  4000.69 2.5200e-14   4019.77 1 
  4003.43 2.4813e-14   4022.52 1 
  4006.16 2.5017e-14   4025.27 1 
  4008.90 2.4397e-14   4028.02 1 
  4011.64 2.5269e-14   4030.77 1 
  4014.38 2.6485e-14   4033.52 1 
  4017.11 2.5012e-14   4036.27 1 
  4019.85 2.6441e-14   4039.02 1 
  4022.59 2.6748e-14   4041.77 1 
  4025.32 2.6073e-14   4044.52 1 
  4028.06 2.5949e-14   4047.27 1 
  4030.80 2.4300e-14   4050.02 1 
  4033.53 2.5721e-14   4052.77 1 
  4036.27 2.6246e-14   4055.52 1 
  4039.01 2.5088e-14   4058.27 1 
  4041.74 2.4707e-14   4061.02 1 
  4044.48 2.6185e-14   4063.77 1 
  4047.22 2.6119e-14   4066.52 1 
  4049.96 2.6511e-14   4069.27 1 
  4052.69 2.5053e-14   4072.02 1 
  4055.43 2.5348e-14   4074.77 1 
  4058.17 2.6286e-14   4077.52 1 
  4060.90 2.5244e-14   4080.27 1 
  4063.64 2.5930e-14   4083.02 1 
  4066.38 2.6602e-14   4085.77 1 
  4069.11 2.5851e-14   4088.52 1 
  4071.85 2.5070e-14   4091.27 1 
  4074.59 2.5243e-14   4094.02 1 
  4077.33 2.5134e-14   4096.77 1 
  4080.06 2.4318e-14   4099.52 1 
  4082.80 2.4371e-14   4102.27 1 
  4085.54 2.3771e-14   4105.02 1 
  4088.27 2.2682e-14   4107.77 1 
  4091.01 2.4121e-14   4110.52 1 
  4093.75 2.5297e-14   4113.27 1 
  4096.48 2.8663e-14   4116.02 1 
  4099.22 3.0095e-14   4118.77 1 
  4101.96 2.8630e-14   4121.52 1 
  4104.69 2.4468e-14   4124.27 1 
  4107.43 2.2865e-14   4127.02 1 
  4110.17 2.2750e-14   4129.77 1 
  4112.91 2.4117e-14   4132.52 1 
  4115.64 2.3926e-14   4135.27 1 
  4118.38 2.4582e-14   4138.02 1 
  4121.12 2.4707e-14   4140.77 1 
  4123.85 2.3585e-14   4143.52 1 
  4126.59 2.3635e-14   4146.27 1 
  4129.33 2.3995e-14   4149.02 1 
  4132.06 2.4472e-14   4151.77 1 
  4134.80 2.4523e-14   4154.52 1 
  4137.54 2.4143e-14   4157.27 1 
  4140.28 2.3831e-14   4160.02 1 
  4143.01 2.3999e-14   4162.77 1 
  4145.75 2.3412e-14   4165.52 1 
  4148.49 2.4292e-14   4168.27 1 
  4151.22 2.4638e-14   4171.02 1 
  4153.96 2.4240e-14   4173.77 1 
  4156.70 2.5106e-14   4176.52 1 
  4159.43 2.5649e-14   4179.27 1 
  4162.17 2.4285e-14   4182.02 1 
  4164.91 2.4047e-14   4184.77 1 
  4167.64 2.4124e-14   4187.52 1 
  4170.38 2.3874e-14   4190.27 1 
  4173.12 2.3122e-14   4193.02 1 
  4175.86 2.3425e-14   4195.77 1 
  4178.59 2.3528e-14   4198.52 1 
  4181.33 2.3614e-14   4201.27 1 
  4184.07 2.3796e-14   4204.02 1 
  4186.80 2.4278e-14   4206.77 1 
  4189.54 2.4222e-14   4209.52 1 
  4192.28 2.3742e-14   4212.27 1 
  4195.01 2.3419e-14   4215.02 1 
  4197.75 2.3597e-14   4217.77 1 
  4200.49 2.3430e-14   4220.52 1 
  4203.22 2.3640e-14   4223.27 1 
  4205.96 2.3948e-14   4226.02 1 
  4208.70 2.4595e-14   4228.77 1 
  4211.44 2.4376e-14   4231.52 1 
  4214.17 2.3899e-14   4234.27 1 
  4216.91 2.3676e-14   4237.02 1 
  4219.65 2.3567e-14   4239.77 1 
  4222.38 2.3331e-14   4242.52 1 
  4225.12 2.3235e-14   4245.27 1 
  4227.86 2.3133e-14   4248.02 1 
  4230.59 2.3547e-14   4250.77 1 
  4233.33 2.3993e-14   4253.52 1 
  4236.07 2.4096e-14   4256.27 1 
  4238.81 2.5198e-14   4259.02 1 
  4241.54 2.5144e-14   4261.77 1 
  4244.28 2.4316e-14   4264.52 1 
  4247.02 2.3529e-14   4267.27 1 
  4249.75 2.3563e-14   4270.02 1 
  4252.49 2.3374e-14   4272.77 1 
  4255.23 2.2884e-14   4275.52 1 
  4257.96 2.3676e-14   4278.27 1 
  4260.70 2.4272e-14   4281.02 1 
  4263.44 2.4059e-14   4283.77 1 
  4266.17 2.4324e-14   4286.52 1 
  4268.91 2.3509e-14   4289.27 1 
  4271.65 2.3876e-14   4292.02 1 
  4274.39 2.3308e-14   4294.77 1 
  4277.12 2.3496e-14   4297.52 1 
  4279.86 2.3798e-14   4300.27 1 
  4282.60 2.3736e-14   4303.02 1 
  4285.33 2.2603e-14   4305.77 1 
  4288.07 2.2621e-14   4308.52 1 
  4290.81 2.3075e-14   4311.27 1 
  4293.54 2.2757e-14   4314.02 1 
  4296.28 2.1906e-14   4316.77 1 
  4299.02 2.2042e-14   4319.52 1 
  4301.75 2.2321e-14   4322.27 1 
  4304.49 2.1985e-14   4325.02 1 
  4307.23 2.1549e-14   4327.77 1 
  4309.97 2.1498e-14   4330.52 1 
  4312.70 2.3212e-14   4333.27 1 
  4315.44 2.4091e-14   4336.02 1 
  4318.18 2.2640e-14   4338.77 1 
  4320.91 2.1931e-14   4341.52 1 
  4323.65 2.2183e-14   4344.27 1 
  4326.39 2.1965e-14   4347.02 1 
  4329.12 2.2343e-14   4349.77 1 
  4331.86 2.6738e-14   4352.52 1 
  4334.60 3.4219e-14   4355.27 1 
  4337.34 3.9707e-14   4358.02 1 
  4340.07 3.6138e-14   4360.77 1 
  4342.81 2.9340e-14   4363.52 1 
  4345.55 2.4113e-14   4366.27 1 
  4348.28 2.1878e-14   4369.02 1 
  4351.02 2.1771e-14   4371.77 1 
  4353.76 2.2570e-14   4374.52 1 
  4356.49 2.3007e-14   4377.27 1 
  4359.23 2.3413e-14   4380.02 1 
  4361.97 2.3644e-14   4382.77 1 
  4364.70 2.3406e-14   4385.52 1 
  4367.44 2.2523e-14   4388.27 1 
  4370.18 2.2614e-14   4391.02 1 
  4372.92 2.3053e-14   4393.77 1 
  4375.65 2.2779e-14   4396.52 1 
  4378.39 2.1389e-14   4399.27 1 
  4381.13 2.2107e-14   4402.02 1 
  4383.86 2.2805e-14   4404.77 1 
  4386.60 2.1896e-14   4407.52 1 
  4389.34 2.1810e-14   4410.27 1 
  4392.07 2.3727e-14   4413.02 1 
  4394.81 2.2403e-14   4415.77 1 
  4397.55 2.3086e-14   4418.52 1 
  4400.29 2.2243e-14   4421.27 1 
  4403.02 2.3044e-14   4424.02 1 
  4405.76 2.2308e-14   4426.77 1 
  4408.50 2.3206e-14   4429.52 1 
  4411.23 2.3094e-14   4432.27 1 
  4413.97 2.2901e-14   4435.02 1 
  4416.71 2.2399e-14   4437.77 1 
  4419.44 2.1954e-14   4440.52 1 
  4422.18 2.4139e-14   4443.27 1 
  4424.92 2.3063e-14   4446.02 1 
  4427.65 2.3092e-14   4448.77 1 
  4430.39 2.3691e-14   4451.52 1 
  4433.13 2.3974e-14   4454.27 1 
  4435.87 2.3633e-14   4457.02 1 
  4438.60 2.2865e-14   4459.77 1 
  4441.34 2.3183e-14   4462.52 1 
  4444.08 2.2693e-14   4465.27 1 
  4446.81 2.3424e-14   4468.02 1 
  4449.55 2.3650e-14   4470.77 1 
  4452.29 2.3477e-14   4473.52 1 
  4455.02 2.3400e-14   4476.27 1 
  4457.76 2.3311e-14   4479.02 1 
  4460.50 2.2580e-14   4481.77 1 
  4463.23 2.2771e-14   4484.52 1 
  4465.97 2.4650e-14   4487.27 1 
  4468.71 2.5142e-14   4490.02 1 
  4471.45 2.4671e-14   4492.77 1 
  4474.18 2.4024e-14   4495.52 1 
  4476.92 2.3202e-14   4498.27 1 
  4479.66 2.2917e-14   4501.02 1 
  4482.39 2.4063e-14   4503.77 1 
  4485.13 2.2502e-14   4506.52 1 
  4487.87 2.3354e-14   4509.27 1 
  4490.60 2.2681e-14   4512.02 1 
  4493.34 2.4240e-14   4514.77 1 
  4496.08 2.3260e-14   4517.52 1 
  4498.82 2.3917e-14   4520.27 1 
  4501.55 2.4057e-14   4523.02 1 
  4504.29 2.4440e-14   4525.77 1 
  4507.03 2.3699e-14   4528.52 1 
  4509.76 2.3692e-14   4531.27 1 
  4512.50 2.3371e-14   4534.02 1 
  4515.24 2.3540e-14   4536.77 1 
  4517.97 2.3001e-14   4539.52 1 
  4520.71 2.3044e-14   4542.27 1 
  4523.45 2.2285e-14   4545.02 1 
  4526.18 2.2739e-14   4547.77 1 
  4528.92 2.2582e-14   4550.52 1 
  4531.66 2.2515e-14   4553.27 1 
  4534.40 2.2911e-14   4556.02 1 
  4537.13 2.3346e-14   4558.77 1 
  4539.87 2.3501e-14   4561.52 1 
  4542.61 2.2741e-14   4564.27 1 
  4545.34 2.2467e-14   4567.02 1 
  4548.08 2.3459e-14   4569.77 1 
  4550.82 2.2455e-14   4572.52 1 
  4553.55 2.2480e-14   4575.27 1 
  4556.29 2.2714e-14   4578.02 1 
  4559.03 2.3525e-14   4580.77 1 
  4561.76 2.3382e-14   4583.52 1 
  4564.50 2.3684e-14   4586.27 1 
  4567.24 2.3261e-14   4589.02 1 
  4569.98 2.3028e-14   4591.77 1 
  4572.71 2.3613e-14   4594.52 1 
  4575.45 2.3257e-14   4597.27 1 
  4578.19 2.2898e-14   4600.02 1 
  4580.92 2.3635e-14   4602.77 1 
  4583.66 2.3032e-14   4605.52 1 
  4586.40 2.2895e-14   4608.27 1 
  4589.13 2.2985e-14   4611.02 1 
  4591.87 2.2907e-14   4613.77 1 
  4594.61 2.2548e-14   4616.52 1 
  4597.35 2.2954e-14   4619.27 1 
  4600.08 2.3320e-14   4622.02 1 
  4602.82 2.3543e-14   4624.77 1 
  4605.56 2.3942e-14   4627.52 1 
  4608.29 2.3656e-14   4630.27 1 
  4611.03 2.3306e-14   4633.02 1 
  4613.77 2.3390e-14   4635.77 1 
  4616.50 2.2927e-14   4638.52 1 
  4619.24 2.4054e-14   4641.27 1 
  4621.98 2.3233e-14   4644.02 1 
  4624.71 2.3526e-14   4646.77 1 
  4627.45 2.3695e-14   4649.52 1 
  4630.19 2.4066e-14   4652.27 1 
  4632.93 2.3637e-14   4655.02 1 
  4635.66 2.3049e-14   4657.77 1 
  4638.40 2.2831e-14   4660.52 1 
  4641.14 2.3578e-14   4663.27 1 
  4643.87 2.2960e-14   4666.02 1 
  4646.61 2.2905e-14   4668.77 1 
  4649.35 2.2821e-14   4671.52 1 
  4652.08 2.4047e-14   4674.27 1 
  4654.82 2.4927e-14   4677.02 1 
  4657.56 2.5019e-14   4679.77 1 
  4660.30 2.3223e-14   4682.52 1 
  4663.03 2.3029e-14   4685.27 1 
  4665.77 2.2465e-14   4688.02 1 
  4668.51 2.2874e-14   4690.77 1 
  4671.24 2.3630e-14   4693.52 1 
  4673.98 2.2881e-14   4696.27 1 
  4676.72 2.3875e-14   4699.02 1 
  4679.45 2.3542e-14   4701.77 1 
  4682.19 2.3353e-14   4704.52 1 
  4684.93 2.3829e-14   4707.27 1 
  4687.66 2.3379e-14   4710.02 1 
  4690.40 2.2789e-14   4712.77 1 
  4693.14 2.2965e-14   4715.52 1 
  4695.88 2.2785e-14   4718.27 1 
  4698.61 2.3180e-14   4721.02 1 
  4701.35 2.2964e-14   4723.77 1 
  4704.09 2.2774e-14   4726.52 1 
  4706.82 2.2593e-14   4729.27 1 
  4709.56 2.2651e-14   4732.02 1 
  4712.30 2.2911e-14   4734.77 1 
  4715.03 2.2980e-14   4737.52 1 
  4717.77 2.3018e-14   4740.27 1 
  4720.51 2.3618e-14   4743.02 1 
  4723.24 2.2878e-14   4745.77 1 
  4725.98 2.2731e-14   4748.52 1 
  4728.72 2.1879e-14   4751.27 1 
  4731.46 2.2073e-14   4754.02 1 
  4734.19 2.2429e-14   4756.77 1 
  4736.93 2.2794e-14   4759.52 1 
  4739.67 2.3029e-14   4762.27 1 
  4742.40 2.2538e-14   4765.02 1 
  4745.14 2.2660e-14   4767.77 1 
  4747.88 2.3198e-14   4770.52 1 
  4750.61 2.2589e-14   4773.27 1 
  4753.35 2.2543e-14   4776.02 1 
  4756.09 2.2331e-14   4778.77 1 
  4758.83 2.2078e-14   4781.52 1 
  4761.56 2.2357e-14   4784.27 1 
  4764.30 2.2503e-14   4787.02 1 
  4767.04 2.2316e-14   4789.77 1 
  4769.77 2.2347e-14   4792.52 1 
  4772.51 2.2724e-14   4795.27 1 
  4775.25 2.3273e-14   4798.02 1 
  4777.98 2.2859e-14   4800.77 1 
  4780.72 2.2808e-14   4803.52 1 
  4783.46 2.3063e-14   4806.27 1 
  4786.19 2.3341e-14   4809.02 1 
  4788.93 2.3105e-14   4811.77 1 
  4791.67 2.2430e-14   4814.52 1 
  4794.41 2.2928e-14   4817.27 1 
  4797.14 2.2807e-14   4820.02 1 
  4799.88 2.2308e-14   4822.77 1 
  4802.62 2.2704e-14   4825.52 1 
  4805.35 2.2262e-14   4828.27 1 
  4808.09 2.2338e-14   4831.02 1 
  4810.83 2.2913e-14   4833.77 1 
  4813.56 2.2851e-14   4836.52 1 
  4816.30 2.2500e-14   4839.27 1 
  4819.04 2.2396e-14   4842.02 1 
  4821.77 2.2504e-14   4844.77 1 
  4824.51 2.2327e-14   4847.52 1 
  4827.25 2.2342e-14   4850.27 1 
  4829.99 2.2507e-14   4853.02 1 
  4832.72 2.2176e-14   4855.77 1 
  4835.46 2.2550e-14   4858.52 1 
  4838.20 2.1566e-14   4861.27 1 
  4840.93 2.1677e-14   4864.02 1 
  4843.67 2.1416e-14   4866.77 1 
  4846.41 2.1138e-14   4869.52 1 
  4849.14 2.2239e-14   4872.27 1 
  4851.88 2.9442e-14   4875.02 1 
  4854.62 4.5484e-14   4877.77 1 
  4857.36 6.3952e-14   4880.52 1 
  4860.09 6.6515e-14   4883.27 1 
  4862.83 5.0733e-14   4886.02 1 
  4865.57 3.2414e-14   4888.77 1 
  4868.30 2.3210e-14   4891.52 1 
  4871.04 2.0517e-14   4894.27 1 
  4873.78 2.1108e-14   4897.02 1 
  4876.51 2.1165e-14   4899.77 1 
  4879.25 2.0749e-14   4902.52 1 
  4881.99 2.0693e-14   4905.27 1 
  4884.72 2.0682e-14   4908.02 1 
  4887.46 2.1204e-14   4910.77 1 
  4890.20 2.1102e-14   4913.52 1 
  4892.94 2.0795e-14   4916.27 1 
  4895.67 2.1160e-14   4919.02 1 
  4898.41 2.1527e-14   4921.77 1 
  4901.15 2.0960e-14   4924.52 1 
  4903.88 2.0729e-14   4927.27 1 
  4906.62 2.0800e-14   4930.02 1 
  4909.36 2.0881e-14   4932.77 1 
  4912.09 2.1145e-14   4935.52 1 
  4914.83 2.1583e-14   4938.27 1 
  4917.57 2.0679e-14   4941.02 1 
  4920.31 2.0979e-14   4943.77 1 
  4923.04 2.1157e-14   4946.52 1 
  4925.78 2.0586e-14   4949.27 1 
  4928.52 2.1309e-14   4952.02 1 
  4931.25 2.1117e-14   4954.77 1 
  4933.99 2.0409e-14   4957.52 1 
  4936.73 2.1341e-14   4960.27 1 
  4939.46 2.1377e-14   4963.02 1 
  4942.20 2.2114e-14   4965.77 1 
  4944.94 2.2571e-14   4968.52 1 
  4947.67 2.4625e-14   4971.27 1 
  4950.41 3.0357e-14   4974.02 1 
  4953.15 4.1743e-14   4976.77 1 
  4955.89 5.1242e-14   4979.52 1 
  4958.62 4.8138e-14   4982.27 1 
  4961.36 3.7285e-14   4985.02 1 
  4964.10 2.7319e-14   4987.77 1 
  4966.83 2.3428e-14   4990.52 1 
  4969.57 2.2729e-14   4993.27 1 
  4972.31 2.2185e-14   4996.02 1 
  4975.04 2.1437e-14   4998.77 1 
  4977.78 2.1015e-14   5001.52 1 
  4980.52 2.0932e-14   5004.27 1 
  4983.25 2.1282e-14   5007.02 1 
  4985.99 2.1343e-14   5009.77 1 
  4988.73 2.1234e-14   5012.52 1 
  4991.47 2.1479e-14   5015.27 1 
  4994.20 2.4689e-14   5018.02 1 
  4996.94 3.5243e-14   5020.77 1 
  4999.68 6.2946e-14   5023.52 1 
  5002.41 9.7176e-14   5026.27 1 
  5005.15 1.0945e-13   5029.02 1 
  5007.89 8.6138e-14   5031.77 1 
  5010.62 5.0541e-14   5034.52 1 
  5013.36 2.9918e-14   5037.27 1 
  5016.10 2.2519e-14   5040.02 1 
  5018.84 2.0632e-14   5042.77 1 
  5021.57 2.1108e-14   5045.52 1 
  5024.31 2.0846e-14   5048.27 1 
  5027.05 2.0271e-14   5051.02 1 
  5029.78 2.0650e-14   5053.77 1 
  5032.52 2.0485e-14   5056.52 1 
  5035.26 1.9969e-14   5059.27 1 
  5037.99 2.0393e-14   5062.02 1 
  5040.73 2.0593e-14   5064.77 1 
  5043.47 2.0740e-14   5067.52 1 
  5046.20 2.0547e-14   5070.27 1 
  5048.94 2.0117e-14   5073.02 1 
  5051.68 2.1030e-14   5075.77 1 
  5054.42 2.1550e-14   5078.52 1 
  5057.15 2.1294e-14   5081.27 1 
  5059.89 2.1116e-14   5084.02 1 
  5062.63 2.0822e-14   5086.77 1 
  5065.36 2.0498e-14   5089.52 1 
  5068.10 2.0329e-14   5092.27 1 
  5070.84 2.0425e-14   5095.02 1 
  5073.57 2.0502e-14   5097.77 1 
  5076.31 2.0708e-14   5100.52 1 
  5079.05 2.0382e-14   5103.27 1 
  5081.78 2.0213e-14   5106.02 1 
  5084.52 2.0544e-14   5108.77 1 
  5087.26 2.0631e-14   5111.52 1 
  5090.00 2.0518e-14   5114.27 1 
  5092.73 2.0531e-14   5117.02 1 
  5095.47 2.0387e-14   5119.77 1 
  5098.21 1.9845e-14   5122.52 1 
  5100.94 2.0288e-14   5125.27 1 
  5103.68 2.0575e-14   5128.02 1 
  5106.42 2.0444e-14   5130.77 1 
  5109.15 2.0346e-14   5133.52 1 
  5111.89 2.0663e-14   5136.27 1 
  5114.63 2.0980e-14   5139.02 1 
  5117.37 2.0651e-14   5141.77 1 
  5120.10 1.9953e-14   5144.52 1 
  5122.84 2.0543e-14   5147.27 1 
  5125.58 2.0425e-14   5150.02 1 
  5128.31 2.0279e-14   5152.77 1 
  5131.05 1.9603e-14   5155.52 1 
  5133.79 1.9566e-14   5158.27 1 
  5136.52 1.9842e-14   5161.02 1 
  5139.26 1.9883e-14   5163.77 1 
  5142.00 1.9949e-14   5166.52 1 
  5144.73 1.9857e-14   5169.27 1 
  5147.47 1.9681e-14   5172.02 1 
  5150.21 1.9735e-14   5174.77 1 
  5152.95 1.9837e-14   5177.52 1 
  5155.68 2.0176e-14   5180.27 1 
  5158.42 2.0363e-14   5183.02 1 
  5161.16 1.9638e-14   5185.77 1 
  5163.89 1.8700e-14   5188.52 1 
  5166.63 1.7865e-14   5191.27 1 
  5169.37 1.7962e-14   5194.02 1 
  5172.10 1.8706e-14   5196.77 1 
  5174.84 1.9147e-14   5199.52 1 
  5177.58 1.8965e-14   5202.27 1 
  5180.32 1.8804e-14   5205.02 1 
  5183.05 1.9374e-14   5207.77 1 
  5185.79 1.9873e-14   5210.52 1 
  5188.53 2.0014e-14   5213.27 1 
  5191.26 2.0159e-14   5216.02 1 
  5194.00 2.0151e-14   5218.77 1 
  5196.74 2.0251e-14   5221.52 1 
  5199.47 2.0101e-14   5224.27 1 
  5202.21 1.9737e-14   5227.02 1 
  5204.95 1.9253e-14   5229.77 1 
  5207.68 1.9497e-14   5232.52 1 
  5210.42 1.9312e-14   5235.27 1 
  5213.16 1.9333e-14   5238.02 1 
  5215.90 1.9590e-14   5240.77 1 
  5218.63 1.9550e-14   5243.52 1 
  5221.37 1.9455e-14   5246.27 1 
  5224.11 1.9239e-14   5249.02 1 
  5226.84 1.9285e-14   5251.77 1 
  5229.58 1.9700e-14   5254.52 1 
  5232.32 1.9800e-14   5257.27 1 
  5235.05 1.9829e-14   5260.02 1 
  5237.79 2.0023e-14   5262.77 1 
  5240.53 1.9558e-14   5265.52 1 
  5243.26 1.9579e-14   5268.27 1 
  5246.00 1.9987e-14   5271.02 1 
  5248.74 1.9728e-14   5273.77 1 
  5251.48 2.0150e-14   5276.52 1 
  5254.21 2.0401e-14   5279.27 1 
  5256.95 1.9738e-14   5282.02 1 
  5259.69 1.9601e-14   5284.77 1 
  5262.42 1.9092e-14   5287.52 1 
  5265.16 1.8524e-14   5290.27 1 
  5267.90 1.8749e-14   5293.02 1 
  5270.63 1.9139e-14   5295.77 1 
  5273.37 1.9720e-14   5298.52 1 
  5276.11 1.9928e-14   5301.27 1 
  5278.85 1.9382e-14   5304.02 1 
  5281.58 1.9611e-14   5306.77 1 
  5284.32 1.9641e-14   5309.52 1 
  5287.06 1.9858e-14   5312.27 1 
  5289.79 2.0460e-14   5315.02 1 
  5292.53 1.9981e-14   5317.77 1 
  5295.27 1.9837e-14   5320.52 1 
  5298.00 1.9820e-14   5323.27 1 
  5300.74 1.9973e-14   5326.02 1 
  5303.48 2.0401e-14   5328.77 1 
  5306.21 2.0365e-14   5331.52 1 
  5308.95 2.0396e-14   5334.27 1 
  5311.69 2.0235e-14   5337.02 1 
  5314.43 2.0326e-14   5339.77 1 
  5317.16 1.9937e-14   5342.52 1 
  5319.90 1.9539e-14   5345.27 1 
  5322.64 1.8680e-14   5348.02 1 
  5325.37 1.8377e-14   5350.77 1 
  5328.11 1.9416e-14   5353.52 1 
  5330.85 1.9431e-14   5356.27 1 
  5333.58 1.9617e-14   5359.02 1 
  5336.32 2.0293e-14   5361.77 1 
  5339.06 2.0001e-14   5364.52 1 
  5341.79 1.9707e-14   5367.27 1 
  5344.53 1.9838e-14   5370.02 1 
  5347.27 1.9871e-14   5372.77 1 
  5350.01 2.0315e-14   5375.52 1 
  5352.74 2.0203e-14   5378.27 1 
  5355.48 2.0143e-14   5381.02 1 
  5358.22 2.0136e-14   5383.77 1 
  5360.95 1.9822e-14   5386.52 1 
  5363.69 1.9267e-14   5389.27 1 
  5366.43 1.9333e-14   5392.02 1 
  5369.16 1.9452e-14   5394.77 1 
  5371.90 1.9811e-14   5397.52 1 
  5374.64 2.0201e-14   5400.27 1 
  5377.38 2.0016e-14   5403.02 1 
  5380.11 1.9992e-14   5405.77 1 
  5382.85 1.9757e-14   5408.52 1 
  5385.59 1.9947e-14   5411.27 1 
  5388.32 1.9305e-14   5414.02 1 
  5391.06 1.8908e-14   5416.77 1 
  5393.80 1.8609e-14   5419.52 1 
  5396.53 1.9351e-14   5422.27 1 
  5399.27 1.9072e-14   5425.02 1 
  5402.01 1.8942e-14   5427.77 1 
  5404.74 1.8995e-14   5430.52 1 
  5407.48 1.8936e-14   5433.27 1 
  5410.22 1.9309e-14   5436.02 1 
  5412.96 1.9244e-14   5438.77 1 
  5415.69 1.9357e-14   5441.52 1 
  5418.43 2.0237e-14   5444.27 1 
  5421.17 1.9411e-14   5447.02 1 
  5423.90 1.9323e-14   5449.77 1 
  5426.64 1.9410e-14   5452.52 1 
  5429.38 1.9294e-14   5455.27 1 
  5432.11 1.9816e-14   5458.02 1 
  5434.85 1.9654e-14   5460.77 1 
  5437.59 1.9909e-14   5463.52 1 
  5440.33 1.9859e-14   5466.27 1 
  5443.06 1.9174e-14   5469.02 1 
  5445.80 1.9059e-14   5471.77 1 
  5448.54 1.8738e-14   5474.52 1 
  5451.27 1.9175e-14   5477.27 1 
  5454.01 1.9414e-14   5480.02 1 
  5456.75 1.9392e-14   5482.77 1 
  5459.48 1.9311e-14   5485.52 1 
  5462.22 1.9665e-14   5488.27 1 
  5464.96 1.9129e-14   5491.02 1 
  5467.69 1.9396e-14   5493.77 1 
  5470.43 1.9423e-14   5496.52 1 
  5473.17 1.8511e-14   5499.27 1 
  5475.91 1.9307e-14   5502.02 1 
  5478.64 1.9355e-14   5504.77 1 
  5481.38 1.8984e-14   5507.52 1 
  5484.12 1.9380e-14   5510.27 1 
  5486.85 1.9072e-14   5513.02 1 
  5489.59 1.9230e-14   5515.77 1 
  5492.33 1.9434e-14   5518.52 1 
  5495.06 1.9438e-14   5521.27 1 
  5497.80 1.9377e-14   5524.02 1 
  5500.54 1.9039e-14   5526.77 1 
  5503.27 1.8846e-14   5529.52 1 
  5506.01 1.8518e-14   5532.27 1 
  5508.75 1.8777e-14   5535.02 1 
  5511.49 1.8838e-14   5537.77 1 
  5514.22 1.9529e-14   5540.52 1 
  5516.96 1.9497e-14   5543.27 1 
  5519.70 1.9576e-14   5546.02 1 
  5522.43 1.9055e-14   5548.77 1 
  5525.17 1.8676e-14   5551.52 1 
  5527.91 1.9322e-14   5554.27 1 
  5530.64 1.9290e-14   5557.02 1 
  5533.38 1.9489e-14   5559.77 1 
  5536.12 1.9318e-14   5562.52 1 
  5538.86 1.8576e-14   5565.27 1 
  5541.59 1.8707e-14   5568.02 1 
  5544.33 1.9632e-14   5570.77 1 
  5547.07 1.9795e-14   5573.52 1 
  5549.80 1.8470e-14   5576.27 1 
  5552.54 1.8874e-14   5579.02 1 
  5555.28 1.9174e-14   5581.77 1 
  5558.01 1.9274e-14   5584.52 1 
  5560.75 1.9947e-14   5587.27 1 
  5563.49 1.8798e-14   5590.02 1 
  5566.22 1.9251e-14   5592.77 1 
  5568.96 1.9038e-14   5595.52 1 
  5571.70 1.8408e-14   5598.27 1 
  5574.44 1.9966e-14   5601.02 1 
  5577.17 1.9473e-14   5603.77 1 
  5579.91 1.9042e-14   5606.52 1 
  5582.65 1.8656e-14   5609.27 1 
  5585.38 1.8288e-14   5612.02 1 
  5588.12 1.8571e-14   5614.77 1 
  5590.86 1.9118e-14   5617.52 1 
  5593.59 1.9134e-14   5620.27 1 
  5596.33 1.8394e-14   5623.02 1 
  5599.07 1.8551e-14   5625.77 1 
  5601.81 1.7930e-14   5628.52 1 
  5604.54 1.8190e-14   5631.27 1 
  5607.28 1.8666e-14   5634.02 1 
  5610.02 1.9050e-14   5636.77 1 
  5612.75 1.9208e-14   5639.52 1 
  5615.49 1.8780e-14   5642.27 1 
  5618.23 1.8467e-14   5645.02 1 
  5620.96 1.8706e-14   5647.77 1 
  5623.70 1.8274e-14   5650.52 1 
  5626.44 1.8314e-14   5653.27 1 
  5629.17 1.8685e-14   5656.02 1 
  5631.91 1.8952e-14   5658.77 1 
  5634.65 1.8043e-14   5661.52 1 
  5637.39 1.8029e-14   5664.27 1 
  5640.12 1.8517e-14   5667.02 1 
  5642.86 1.8711e-14   5669.77 1 
  5645.60 1.8797e-14   5672.52 1 
  5648.33 1.8792e-14   5675.27 1 
  5651.07 1.8868e-14   5678.02 1 
  5653.81 1.8969e-14   5680.77 1 
  5656.54 1.8999e-14   5683.52 1 
  5659.28 1.8215e-14   5686.27 1 
  5662.02 1.8582e-14   5689.02 1 
  5664.75 1.8908e-14   5691.77 1 
  5667.49 1.7789e-14   5694.52 1 
  5670.23 1.8386e-14   5697.27 1 
  5672.97 1.8480e-14   5700.02 1 
  5675.70 1.9394e-14   5702.77 1 
  5678.44 1.7729e-14   5705.52 1 
  5681.18 1.9141e-14   5708.27 1 
  5683.91 1.7737e-14   5711.02 1 
  5686.65 1.8442e-14   5713.77 1 
  5689.39 1.9265e-14   5716.52 1 
  5692.12 1.9317e-14   5719.27 1 
  5694.86 1.8385e-14   5722.02 1 
  5697.60 1.8607e-14   5724.77 1 
  5700.34 1.8172e-14   5727.52 1 
  5703.07 1.8653e-14   5730.27 1 
  5705.81 1.7977e-14   5733.02 1 
  5708.55 1.7996e-14   5735.77 1 
  5711.28 1.7860e-14   5738.52 1 
  5714.02 1.7976e-14   5741.27 1 
  5716.76 1.9041e-14   5744.02 1 
  5719.49 1.8785e-14   5746.77 1 
  5722.23 1.9201e-14   5749.52 1 
  5724.97 1.8937e-14   5752.27 1 
  5727.70 1.8297e-14   5755.02 1 
  5730.44 1.8818e-14   5757.77 1 
  5733.18 1.8860e-14   5760.52 1 
  5735.92 1.8865e-14   5763.27 1 
  5738.65 1.9299e-14   5766.02 1 
  5741.39 1.9056e-14   5768.77 1 
  5744.13 1.8019e-14   5771.52 1 
  5746.86 1.8288e-14   5774.27 1 
  5749.60 1.8457e-14   5777.02 1 
  5752.34 1.8828e-14   5779.77 1 
  5755.07 1.9145e-14   5782.52 1 
  5757.81 1.9103e-14   5785.27 1 
  5760.55 1.9206e-14   5788.02 1 
  5763.28 1.9062e-14   5790.77 1 
  5766.02 1.8531e-14   5793.52 1 
  5768.76 1.8404e-14   5796.27 1 
  5771.50 1.8442e-14   5799.02 1 
  5774.23 1.9119e-14   5801.77 1 
  5776.97 1.7563e-14   5804.52 1 
  5779.71 1.7943e-14   5807.27 1 
  5782.44 1.8265e-14   5810.02 1 
  5785.18 1.8942e-14   5812.77 1 
  5787.92 1.8437e-14   5815.52 1 
  5790.65 1.8516e-14   5818.27 1 
  5793.39 1.7975e-14   5821.02 1 
  5796.13 1.8189e-14   5823.77 1 
  5798.87 1.8713e-14   5826.52 1 
  5801.60 1.8451e-14   5829.27 1 
  5804.34 1.7897e-14   5832.02 1 
  5807.08 1.8168e-14   5834.77 1 
  5809.81 1.8640e-14   5837.52 1 
  5812.55 1.8370e-14   5840.27 1 
  5815.29 1.8664e-14   5843.02 1 
  5818.02 1.7917e-14   5845.77 1 
  5820.76 1.8330e-14   5848.52 1 
  5823.50 1.8880e-14   5851.27 1 
  5826.23 1.8895e-14   5854.02 1 
  5828.97 1.9444e-14   5856.77 1 
  5831.71 1.8988e-14   5859.52 1 
  5834.45 1.9206e-14   5862.27 1 
  5837.18 1.8721e-14   5865.02 1 
  5839.92 1.8515e-14   5867.77 1 
  5842.66 1.7906e-14   5870.52 1 
  5845.39 1.8315e-14   5873.27 1 
  5848.13 1.8798e-14   5876.02 1 
  5850.87 1.7906e-14   5878.77 1 
  5853.60 1.7975e-14   5881.52 1 
  5856.34 1.8629e-14   5884.27 1 
  5859.08 1.7900e-14   5887.02 1 
  5861.82 1.9230e-14   5889.77 1 
  5864.55 1.7850e-14   5892.52 1 
  5867.29 1.8404e-14   5895.27 1 
  5870.03 1.8385e-14   5898.02 1 
  5872.76 1.8542e-14   5900.77 1 
  5875.50 1.8444e-14   5903.52 1 
  5878.24 1.8028e-14   5906.27 1 
  5880.97 1.7324e-14   5909.02 1 
  5883.71 1.8427e-14   5911.77 1 
  5886.45 1.7722e-14   5914.52 1 
  5889.18 1.6417e-14   5917.27 1 
  5891.92 1.6186e-14   5920.02 1 
  5894.66 1.7325e-14   5922.77 1 
  5897.40 1.7770e-14   5925.52 1 
  5900.13 1.7677e-14   5928.27 1 
  5902.87 1.8182e-14   5931.02 1 
  5905.61 1.8053e-14   5933.77 1 
  5908.34 1.7450e-14   5936.52 1 
  5911.08 1.7174e-14   5939.27 1 
  5913.82 1.7723e-14   5942.02 1 
  5916.55 1.8404e-14   5944.77 1 
  5919.29 1.7921e-14   5947.52 1 
  5922.03 1.7564e-14   5950.27 1 
  5924.76 1.7513e-14   5953.02 1 
  5927.50 1.7926e-14   5955.77 1 
  5930.24 1.7741e-14   5958.52 1 
  5932.98 1.7371e-14   5961.27 1 
  5935.71 1.7726e-14   5964.02 1 
  5938.45 1.8307e-14   5966.77 1 
  5941.19 1.8161e-14   5969.52 1 
  5943.92 1.7486e-14   5972.27 1 
  5946.66 1.8279e-14   5975.02 1 
  5949.40 1.7208e-14   5977.77 1 
  5952.13 1.7221e-14   5980.52 1 
  5954.87 1.7568e-14   5983.27 1 
  5957.61 1.8186e-14   5986.02 1 
  5960.35 1.7543e-14   5988.77 1 
  5963.08 1.7618e-14   5991.52 1 
  5965.82 1.7801e-14   5994.27 1 
  5968.56 1.8688e-14   5997.02 1 
  5971.29 1.7855e-14   5999.77 1 
  5974.03 1.7894e-14   6002.52 1 
  5976.77 1.7887e-14   6005.27 1 
  5979.50 1.7618e-14   6008.02 1 
  5982.24 1.7752e-14   6010.77 1 
  5984.98 1.7709e-14   6013.52 1 
  5987.71 1.7140e-14   6016.27 1 
  5990.45 1.7147e-14   6019.02 1 
  5993.19 1.7716e-14   6021.77 1 
  5995.93 1.7675e-14   6024.52 1 
  5998.66 1.7668e-14   6027.27 1 
  6001.40 1.6821e-14   6030.02 1 
  6004.14 1.7904e-14   6032.77 1 
  6006.87 1.6931e-14   6035.52 1 
  6009.61 1.7939e-14   6038.27 1 
  6012.35 1.7991e-14   6041.02 1 
  6015.08 1.7197e-14   6043.77 1 
  6017.82 1.7266e-14   6046.52 1 
  6020.56 1.7659e-14   6049.27 1 
  6023.29 1.7589e-14   6052.02 1 
  6026.03 1.7989e-14   6054.77 1 
  6028.77 1.7728e-14   6057.52 1 
  6031.51 1.8036e-14   6060.27 1 
  6034.24 1.7875e-14   6063.02 1 
  6036.98 1.6988e-14   6065.77 1 
  6039.72 1.7789e-14   6068.52 1 
  6042.45 1.7781e-14   6071.27 1 
  6045.19 1.7834e-14   6074.02 1 
  6047.93 1.7143e-14   6076.77 1 
  6050.66 1.7760e-14   6079.52 1 
  6053.40 1.8344e-14   6082.27 1 
  6056.14 1.8212e-14   6085.02 1 
  6058.88 1.7231e-14   6087.77 1 
  6061.61 1.7699e-14   6090.52 1 
  6064.35 1.7105e-14   6093.27 1 
  6067.09 1.7642e-14   6096.02 1 
  6069.82 1.8106e-14   6098.77 1 
  6072.56 1.7673e-14   6101.52 1 
  6075.30 1.7445e-14   6104.27 1 
  6078.03 1.7183e-14   6107.02 1 
  6080.77 1.7212e-14   6109.77 1 
  6083.51 1.7466e-14   6112.52 1 
  6086.24 1.7395e-14   6115.27 1 
  6088.98 1.7560e-14   6118.02 1 
  6091.72 1.7187e-14   6120.77 1 
  6094.46 1.7660e-14   6123.52 1 
  6097.19 1.6906e-14   6126.27 1 
  6099.93 1.7508e-14   6129.02 1 
  6102.67 1.6921e-14   6131.77 1 
  6105.40 1.7525e-14   6134.52 1 
  6108.14 1.7102e-14   6137.27 1 
  6110.88 1.7863e-14   6140.02 1 
  6113.61 1.6314e-14   6142.77 1 
  6116.35 1.6684e-14   6145.52 1 
  6119.09 1.7361e-14   6148.27 1 
  6121.83 1.7841e-14   6151.02 1 
  6124.56 1.7169e-14   6153.77 1 
  6127.30 1.8008e-14   6156.52 1 
  6130.04 1.7863e-14   6159.27 1 
  6132.77 1.7443e-14   6162.02 1 
  6135.51 1.6770e-14   6164.77 1 
  6138.25 1.7000e-14   6167.52 1 
  6140.98 1.7006e-14   6170.27 1 
  6143.72 1.7220e-14   6173.02 1 
  6146.46 1.6938e-14   6175.77 1 
  6149.19 1.6958e-14   6178.52 1 
  6151.93 1.6594e-14   6181.27 1 
  6154.67 1.6762e-14   6184.02 1 
  6157.41 1.6843e-14   6186.77 1 
  6160.14 1.6074e-14   6189.52 1 
  6162.88 1.6063e-14   6192.27 1 
  6165.62 1.6038e-14   6195.02 1 
  6168.35 1.5989e-14   6197.77 1 
  6171.09 1.6351e-14   6200.52 1 
  6173.83 1.6384e-14   6203.27 1 
  6176.56 1.6875e-14   6206.02 1 
  6179.30 1.6552e-14   6208.77 1 
  6182.04 1.6843e-14   6211.52 1 
  6184.77 1.6855e-14   6214.27 1 
  6187.51 1.6610e-14   6217.02 1 
  6190.25 1.6198e-14   6219.77 1 
  6192.99 1.7006e-14   6222.52 1 
  6195.72 1.6590e-14   6225.27 1 
  6198.46 1.7186e-14   6228.02 1 
  6201.20 1.7005e-14   6230.77 1 
  6203.93 1.7300e-14   6233.52 1 
  6206.67 1.6975e-14   6236.27 1 
  6209.41 1.5874e-14   6239.02 1 
  6212.14 1.6360e-14   6241.77 1 
  6214.88 1.6659e-14   6244.52 1 
  6217.62 1.6959e-14   6247.27 1 
  6220.36 1.6544e-14   6250.02 1 
  6223.09 1.7049e-14   6252.77 1 
  6225.83 1.7325e-14   6255.52 1 
  6228.57 1.6601e-14   6258.27 1 
  6231.30 1.6188e-14   6261.02 1 
  6234.04 1.6048e-14   6263.77 1 
  6236.78 1.6386e-14   6266.52 1 
  6239.51 1.6731e-14   6269.27 1 
  6242.25 1.6650e-14   6272.02 1 
  6244.99 1.6485e-14   6274.77 1 
  6247.72 1.6442e-14   6277.52 1 
  6250.46 1.5387e-14   6280.27 1 
  6253.20 1.5370e-14   6283.02 1 
  6255.94 1.6323e-14   6285.77 1 
  6258.67 1.6521e-14   6288.52 1 
  6261.41 1.6641e-14   6291.27 1 
  6264.15 1.6643e-14   6294.02 1 
  6266.88 1.6715e-14   6296.77 1 
  6269.62 1.6915e-14   6299.52 1 
  6272.36 1.5727e-14   6302.27 1 
  6275.09 1.6957e-14   6305.02 1 
  6277.83 1.6186e-14   6307.77 1 
  6280.57 1.7470e-14   6310.52 1 
  6283.30 1.6407e-14   6313.27 1 
  6286.04 1.6985e-14   6316.02 1 
  6288.78 1.7137e-14   6318.77 1 
  6291.52 1.7163e-14   6321.52 1 
  6294.25 1.8834e-14   6324.27 1 
  6296.99 2.0183e-14   6327.02 1 
  6299.73 1.9163e-14   6329.77 1 
  6302.46 1.8792e-14   6332.52 1 
  6305.20 1.7797e-14   6335.27 1 
  6307.94 1.7136e-14   6338.02 1 
  6310.67 1.7225e-14   6340.77 1 
  6313.41 1.6087e-14   6343.52 1 
  6316.15 1.7264e-14   6346.27 1 
  6318.89 1.6346e-14   6349.02 1 
  6321.62 1.6789e-14   6351.77 1 
  6324.36 1.6429e-14   6354.52 1 
  6327.10 1.7242e-14   6357.27 1 
  6329.83 1.7019e-14   6360.02 1 
  6332.57 1.6537e-14   6362.77 1 
  6335.31 1.6387e-14   6365.52 1 
  6338.04 1.6766e-14   6368.27 1 
  6340.78 1.6358e-14   6371.02 1 
  6343.52 1.6467e-14   6373.77 1 
  6346.25 1.6250e-14   6376.52 1 
  6348.99 1.6108e-14   6379.27 1 
  6351.73 1.6986e-14   6382.02 1 
  6354.47 1.6307e-14   6384.77 1 
  6357.20 1.6030e-14   6387.52 1 
  6359.94 1.6710e-14   6390.27 1 
  6362.68 1.7538e-14   6393.02 1 
  6365.41 1.7799e-14   6395.77 1 
  6368.15 1.7496e-14   6398.52 1 
  6370.89 1.7342e-14   6401.27 1 
  6373.62 1.7074e-14   6404.02 1 
  6376.36 1.7034e-14   6406.77 1 
  6379.10 1.6359e-14   6409.52 1 
  6381.84 1.6229e-14   6412.27 1 
  6384.57 1.7255e-14   6415.02 1 
  6387.31 1.7088e-14   6417.77 1 
  6390.05 1.6858e-14   6420.52 1 
  6392.78 1.7054e-14   6423.27 1 
  6395.52 1.7294e-14   6426.02 1 
  6398.26 1.6375e-14   6428.77 1 
  6400.99 1.6635e-14   6431.52 1 
  6403.73 1.6474e-14   6434.27 1 
  6406.47 1.6402e-14   6437.02 1 
  6409.20 1.6411e-14   6439.77 1 
  6411.94 1.6666e-14   6442.52 1 
  6414.68 1.6305e-14   6445.27 1 
  6417.42 1.6163e-14   6448.02 1 
  6420.15 1.6749e-14   6450.77 1 
  6422.89 1.6979e-14   6453.52 1 
  6425.63 1.6847e-14   6456.27 1 
  6428.36 1.6001e-14   6459.02 1 
  6431.10 1.6203e-14   6461.77 1 
  6433.84 1.6473e-14   6464.52 1 
  6436.57 1.6150e-14   6467.27 1 
  6439.31 1.6061e-14   6470.02 1 
  6442.05 1.6359e-14   6472.77 1 
  6444.78 1.6624e-14   6475.52 1 
  6447.52 1.6725e-14   6478.27 1 
  6450.26 1.6483e-14   6481.02 1 
  6453.00 1.5906e-14   6483.77 1 
  6455.73 1.5906e-14   6486.52 1 
  6458.47 1.6619e-14   6489.27 1 
  6461.21 1.6411e-14   6492.02 1 
  6463.94 1.6862e-14   6494.77 1 
  6466.68 1.6908e-14   6497.52 1 
  6469.42 1.6387e-14   6500.27 1 
  6472.15 1.6480e-14   6503.02 1 
  6474.89 1.7004e-14   6505.77 1 
  6477.63 1.6689e-14   6508.52 1 
  6480.37 1.6455e-14   6511.27 1 
  6483.10 1.6656e-14   6514.02 1 
  6485.84 1.6002e-14   6516.77 1 
  6488.58 1.6101e-14   6519.52 1 
  6491.31 1.6143e-14   6522.27 1 
  6494.05 1.5434e-14   6525.02 1 
  6496.79 1.6391e-14   6527.77 1 
  6499.52 1.6749e-14   6530.52 1 
  6502.26 1.7164e-14   6533.27 1 
  6505.00 1.6502e-14   6536.02 1 
  6507.73 1.6922e-14   6538.77 1 
  6510.47 1.7037e-14   6541.52 1 
  6513.21 1.6513e-14   6544.27 1 
  6515.95 1.5716e-14   6547.02 1 
  6518.68 1.6963e-14   6549.77 1 
  6521.42 1.6720e-14   6552.52 1 
  6524.16 1.6835e-14   6555.27 1 
  6526.89 1.7101e-14   6558.02 1 
  6529.63 1.7617e-14   6560.77 1 
  6532.37 1.6450e-14   6563.52 1 
  6535.10 1.6275e-14   6566.27 1 
  6537.84 1.7563e-14   6569.02 1 
  6540.58 2.1075e-14   6571.77 1 
  6543.31 2.6197e-14   6574.52 1 
  6546.05 3.0731e-14   6577.27 1 
  6548.79 2.7933e-14   6580.02 1 
  6551.53 3.1699e-14   6582.77 1 
  6554.26 5.9363e-14   6585.52 1 
  6557.00 1.2649e-13   6588.27 1 
  6559.74 1.9186e-13   6591.02 1 
  6562.47 1.8558e-13   6593.77 1 
  6565.21 1.1488e-13   6596.52 1 
  6567.95 5.2203e-14   6599.27 1 
  6570.68 2.6579e-14   6602.02 1 
  6573.42 2.2936e-14   6604.77 1 
  6576.16 3.0297e-14   6607.52 1 
  6578.90 4.3766e-14   6610.27 1 
  6581.63 5.0284e-14   6613.02 1 
  6584.37 4.2638e-14   6615.77 1 
  6587.11 2.9100e-14   6618.52 1 
  6589.84 1.9783e-14   6621.27 1 
  6592.58 1.5971e-14   6624.02 1 
  6595.32 1.6024e-14   6626.77 1 
  6598.05 1.6589e-14   6629.52 1 
  6600.79 1.6206e-14   6632.27 1 
  6603.53 1.5946e-14   6635.02 1 
  6606.26 1.6040e-14   6637.77 1 
  6609.00 1.6584e-14   6640.52 1 
  6611.74 1.5690e-14   6643.27 1 
  6614.48 1.5978e-14   6646.02 1 
  6617.21 1.6548e-14   6648.77 1 
  6619.95 1.6437e-14   6651.52 1 
  6622.69 1.6423e-14   6654.27 1 
  6625.42 1.6486e-14   6657.02 1 
  6628.16 1.6268e-14   6659.77 1 
  6630.90 1.6479e-14   6662.52 1 
  6633.63 1.6477e-14   6665.27 1 
  6636.37 1.5878e-14   6668.02 1 
  6639.11 1.6032e-14   6670.77 1 
  6641.85 1.5854e-14   6673.52 1 
  6644.58 1.6457e-14   6676.27 1 
  6647.32 1.6574e-14   6679.02 1 
  6650.06 1.6224e-14   6681.77 1 
  6652.79 1.6450e-14   6684.52 1 
  6655.53 1.5327e-14   6687.27 1 
  6658.27 1.5966e-14   6690.02 1 
  6661.00 1.5818e-14   6692.77 1 
  6663.74 1.7076e-14   6695.52 1 
  6666.48 1.7147e-14   6698.27 1 
  6669.21 1.6960e-14   6701.02 1 
  6671.95 1.7456e-14   6703.77 1 
  6674.69 1.8039e-14   6706.52 1 
  6677.43 1.8349e-14   6709.27 1 
  6680.16 1.7231e-14   6712.02 1 
  6682.90 1.6526e-14   6714.77 1 
  6685.64 1.6095e-14   6717.52 1 
  6688.37 1.6389e-14   6720.27 1 
  6691.11 1.6509e-14   6723.02 1 
  6693.85 1.6247e-14   6725.77 1 
  6696.58 1.6253e-14   6728.52 1 
  6699.32 1.6346e-14   6731.27 1 
  6702.06 1.5585e-14   6734.02 1 
  6704.79 1.7330e-14   6736.77 1 
  6707.53 2.0004e-14   6739.52 1 
  6710.27 2.6134e-14   6742.27 1 
  6713.01 3.2418e-14   6745.02 1 
  6715.74 3.8093e-14   6747.77 1 
  6718.48 3.0608e-14   6750.52 1 
  6721.22 2.2977e-14   6753.27 1 
  6723.95 2.4841e-14   6756.02 1 
  6726.69 3.1182e-14   6758.77 1 
  6729.43 3.4085e-14   6761.52 1 
  6732.16 2.8974e-14   6764.27 1 
  6734.90 2.0742e-14   6767.02 1 
  6737.64 1.7648e-14   6769.77 1 
  6740.38 1.6538e-14   6772.52 1 
  6743.11 1.5511e-14   6775.27 1 
  6745.85 1.6118e-14   6778.02 1 
  6748.59 1.5921e-14   6780.77 1 
  6751.32 1.5472e-14   6783.52 1 
  6754.06 1.6469e-14   6786.27 1 
  6756.80 1.6042e-14   6789.02 1 
  6759.53 1.5117e-14   6791.77 1 
  6762.27 1.6028e-14   6794.52 1 
  6765.01 1.5985e-14   6797.27 1 
  6767.74 1.5688e-14   6800.02 1 
  6770.48 1.5535e-14   6802.77 1 
  6773.22 1.4944e-14   6805.52 1 
  6775.96 1.5364e-14   6808.27 1 
  6778.69 1.5592e-14   6811.02 1 
  6781.43 1.5434e-14   6813.77 1 
  6784.17 1.5524e-14   6816.52 1 
  6786.90 1.4741e-14   6819.27 1 
  6789.64 1.5320e-14   6822.02 1 
  6792.38 1.5478e-14   6824.77 1 
  6795.11 1.5190e-14   6827.52 1 
  6806.66 1.5807e-14   6839.12 0 
  6822.35 1.5731e-14   6854.88 0 
  6838.07 1.5875e-14   6870.68 0 
  6853.84 1.5836e-14   6886.52 0 
  6869.64 1.5225e-14   6902.40 0 
  6885.47 1.5470e-14   6918.31 0 
  6901.35 1.5468e-14   6934.26 0 
  6917.25 1.5537e-14   6950.24 0 
  6933.20 1.5322e-14   6966.26 0 
  6949.19 1.5712e-14   6982.33 0 
  6965.20 1.5602e-14   6998.42 0 
  6981.26 1.5599e-14   7014.55 0 
  6997.35 1.5525e-14   7030.72 0 
  7013.48 1.5274e-14   7046.93 0 
  7029.65 1.5272e-14   7063.18 0 
  7045.85 1.5270e-14   7079.46 0 
  7062.10 1.5162e-14   7095.78 0 
  7078.38 1.5265e-14   7112.14 0 
  7094.69 1.4778e-14   7128.53 0 
  7111.05 1.4776e-14   7144.96 0 
  7127.44 1.4672e-14   7161.43 0 
  7143.87 1.4636e-14   7177.94 0 
  7160.34 1.4667e-14   7194.49 0 
  7176.85 1.4430e-14   7211.08 0 
  7193.39 1.3372e-14   7227.70 0 
  7209.97 1.4000e-14   7244.36 0 
  7226.60 1.4725e-14   7261.06 0 
  7243.25 1.4355e-14   7277.80 0 
  7259.95 1.4123e-14   7294.57 0 
  7276.69 1.4923e-14   7311.39 0 
  7293.46 1.4614e-14   7328.25 0 
  7310.27 1.4578e-14   7345.14 0 
  7327.13 1.4847e-14   7362.07 0 
  7344.02 1.5260e-14   7379.04 0 
  7360.95 1.4808e-14   7396.05 0 
  7377.92 1.5220e-14   7413.10 0 
  7394.93 1.4600e-14   7430.19 0 
  7411.97 1.5285e-14   7447.32 0 
  7429.06 1.4662e-14   7464.49 0 
  7446.19 1.5071e-14   7481.70 0 
  7463.35 1.5243e-14   7498.94 0 
  7480.55 1.4962e-14   7516.23 0 
  7497.80 1.4925e-14   7533.56 0 
  7515.08 1.5061e-14   7550.92 0 
  7532.41 1.4989e-14   7568.33 0 
  7549.77 1.5265e-14   7585.78 0 
  7567.18 1.4984e-14   7603.26 0 
  7584.62 1.5016e-14   7620.79 0 
  7602.10 1.4739e-14   7638.36 0 
  7619.63 1.4468e-14   7655.97 0 
  7637.19 1.4599e-14   7673.61 0 
  7654.80 1.4529e-14   7691.30 0 
  7672.45 1.3589e-14   7709.04 0 
  7690.13 1.4129e-14   7726.81 0 
  7707.86 1.3584e-14   7744.62 0 
  7725.63 1.3834e-14   7762.47 0 
  7743.44 1.4089e-14   7780.37 0 
  7761.29 1.3861e-14   7798.30 0 
  7779.18 1.3543e-14   7816.28 0 
  7797.11 1.3603e-14   7834.30 0 
  7815.09 1.3822e-14   7852.36 0 
  7833.10 1.4076e-14   7870.46 0 
  7851.16 1.4041e-14   7888.60 0 
  7869.26 1.4104e-14   7906.79 0 
  7887.40 1.3844e-14   7925.01 0 
  7905.58 1.3589e-14   7943.28 0 
  7923.81 1.3338e-14   7961.59 0 
  7942.07 1.3305e-14   7979.95 0 
  7960.38 1.3550e-14   7998.34 0 
  7978.73 1.3579e-14   8016.78 0 
  7997.12 1.3452e-14   8035.26 0 
  8015.56 1.3605e-14   8053.78 0 
  8034.04 1.3232e-14   8072.35 0 
  8052.56 1.3507e-14   8090.96 0 
  8071.12 1.3755e-14   8109.61 0 
  8089.73 1.3347e-14   8128.31 0 
  8108.37 1.3407e-14   8147.04 0 
  8127.06 1.3466e-14   8165.82 0 
  8145.80 1.3588e-14   8184.65 0 
  8164.58 1.3399e-14   8203.52 0 
  8183.40 1.3646e-14   8222.43 0 
  8202.26 1.2939e-14   8241.38 0 
  8221.17 1.3299e-14   8260.38 0 
  8240.12 1.2155e-14   8279.42 0 
  8259.12 1.3793e-14   8298.51 0 
  8278.16 1.3791e-14   8317.64 0 
  8297.24 1.2721e-14   8336.81 0 
  8316.37 1.2806e-14   8356.03 0 
  8335.54 1.2833e-14   8375.29 0 
  8354.76 1.2950e-14   8394.60 0 
  8374.01 1.2918e-14   8413.95 0 
  8393.32 1.2650e-14   8433.35 0 
  8412.67 1.3122e-14   8452.79 0 
  8432.06 1.2940e-14   8472.27 0 
  8451.50 1.2731e-14   8491.80 0 
  8470.98 1.2905e-14   8511.38 0 
  8490.51 1.2726e-14   8531.00 0 
  8510.08 1.1738e-14   8550.67 0 
  8529.70 1.2662e-14   8570.38 0 
  8549.36 8.9832e-15   8590.14 0 
  8569.07 1.2716e-14   8609.94 0 
  8588.83 1.2861e-14   8629.79 0 
  8608.63 1.2111e-14   8649.68 0 
  8628.47 1.2650e-14   8669.62 0 
  8648.36 1.2765e-14   8689.60 0 
  8668.30 1.0397e-14   8709.64 0 
  8688.28 1.1990e-14   8729.71 0 
  8708.31 1.2155e-14   8749.84 0 
  8728.38 1.2608e-14   8770.01 0 
  8748.50 1.2404e-14   8790.23 0 
  8768.67 1.2459e-14   8810.49 0 
  8788.89 1.2514e-14   8830.80 0 
  8809.15 1.2657e-14   8851.16 0 
  8829.45 1.2480e-14   8871.56 0 
  8849.80 1.2250e-14   8892.01 0 
  8870.21 1.1042e-14   8912.51 0 
  8890.66 1.1857e-14   8933.05 0 
  8911.15 1.2103e-14   8953.65 0 
  8931.69 1.2100e-14   8974.29 0 
  8952.28 1.1849e-14   8994.98 0 
  8972.92 1.1236e-14   9015.71 0 
  8993.61 1.1790e-14   9036.50 0 
  9014.34 1.1309e-14   9057.33 0 
  9035.12 1.0948e-14   9078.20 0 
  9055.95 1.2597e-14   9099.13 0 
  9076.82 1.2055e-14   9120.11 0 
  9097.74 1.0766e-14   9141.13 0 
  9118.72 1.1912e-14   9162.20 0 
  9139.74 1.1115e-14   9183.33 0 
  9160.81 1.1138e-14   9204.50 0 
  9181.92 1.0683e-14   9225.71 0 
  9203.09 1.1445e-14   9246.98 0 
  9224.31 1.1080e-14   9268.30 0 
  9245.57 1.1154e-14   9289.66 0 
  9266.89 1.1307e-14   9311.08 0 
  9288.25 1.0821e-14   9332.54 0 
  9309.66 1.0403e-14   9354.06 0 
  9331.12 1.1724e-14   9375.62 0 
  9352.63 1.1667e-14   9397.23 0 
  9374.19 1.1505e-14   9418.90 0 
  9395.80 1.1636e-14   9440.61 0 
  9417.46 1.1394e-14   9462.37 0 
  9439.17 1.1630e-14   9484.18 0 
  9460.93 1.1655e-14   9506.05 0 
  9482.74 1.1625e-14   9527.96 0 
  9504.60 1.1411e-14   9549.93 0 
  9526.51 1.1356e-14   9571.94 0 
  9548.47 1.0918e-14   9594.01 0 
  9570.48 1.1299e-14   9616.12 0 
  9592.54 1.1506e-14   9638.29 0 
  9614.65 1.1372e-14   9660.51 0 
  9636.82 1.1396e-14   9682.78 0 
  9659.04 1.1263e-14   9705.10 0 
  9681.30 1.1338e-14   9727.47 0 
  9703.62 1.1206e-14   9749.90 0 
  9725.99 1.1101e-14   9772.37 0 
  9748.41 1.1047e-14   9794.90 0 
  9770.88 1.1070e-14   9817.48 0 
  9793.41 1.0941e-14   9840.11 0 
  9815.98 1.1116e-14   9862.79 0 
  9838.61 1.1037e-14   9885.53 0 
  9861.29 1.1035e-14   9908.32 0 
  9884.02 1.0931e-14   9931.16 0 
  9906.81 1.0854e-14   9954.05 0 
  9929.65 1.0901e-14   9977.00 0 
  9952.54 1.0899e-14  10000.00 0 
  9975.48 1.0896e-14  10023.05 0 
  9998.47 1.0819e-14  10046.15 0 
 10021.52 1.0692e-14  10069.31 0 
 10067.78 1.0516e-14  10115.80 0 
 10114.25 1.0682e-14  10162.49 0 
 10184.37 1.0577e-14  10232.94 0 
 10231.37 1.0572e-14  10280.17 0 
 10278.59 1.0543e-14  10327.61 0 
 10302.29 1.0468e-14  10351.42 0 
 10493.82 1.0093e-14  10543.86 0 
 10688.92 9.6457e-15  10739.90 0 
 10887.64 9.2116e-15  10939.56 0 
 11090.05 8.8580e-15  11142.94 0 
 11296.23 8.6165e-15  11350.10 0 
 11506.25 8.5179e-15  11561.13 0 
 11693.22 8.2667e-15  11748.98 0 
 11910.61 7.9677e-15  11967.41 0 
 12104.14 7.7684e-15  12161.86 0 
 12300.81 7.6091e-15  12359.47 0 
 12500.68 7.3847e-15  12560.30 0 
 12703.80 7.2000e-15  12764.39 0 
 12910.22 7.0038e-15  12971.79 0 
 13089.82 6.8601e-15  13152.25 0 
 13302.51 6.6578e-15  13365.95 0 
 13487.57 6.5213e-15  13551.89 0 
 13706.73 6.3728e-15  13772.09 0 
 13897.41 6.1565e-15  13963.68 0 
 14090.74 5.9202e-15  14157.94 0 
 14286.76 5.7987e-15  14354.90 0 
 14485.51 5.7854e-15  14554.59 0 
 14687.03 5.6019e-15  14757.07 0 
 14891.35 5.6277e-15  14962.36 0 
 15098.51 5.6148e-15  15170.51 0 
 15308.53 5.6537e-15  15381.54 0 
 15485.80 5.6019e-15  15559.65 0 
 15701.23 5.4870e-15  15776.11 0 
 15883.05 5.2885e-15  15958.79 0 
 16104.00 5.2885e-15  16180.80 0 
 16290.48 5.2521e-15  16368.17 0 
 16517.09 5.1444e-15  16595.86 0 
 16708.35 5.0855e-15  16788.04 0 
 16901.83 4.9697e-15  16982.44 0 
 17097.55 4.8566e-15  17179.09 0 
 17295.52 4.6594e-15  17378.00 0 
 17495.79 4.5325e-15  17579.23 0 
 17698.39 4.3585e-15  17782.79 0 
 17903.33 4.2105e-15  17988.71 0 
 18110.65 4.0210e-15  18197.02 0 
 18320.35 3.9114e-15  18407.71 0 
 18489.87 3.7873e-15  18578.05 0 
 18703.98 3.6169e-15  18793.18 0 
 18920.54 3.5183e-15  19010.77 0 
 19095.62 3.4541e-15  19186.69 0 
 19316.74 3.3368e-15  19408.86 0 
 19495.46 3.2087e-15  19588.44 0 
 19721.22 3.1069e-15  19815.27 0 
 19903.70 3.0153e-15  19998.62 0 
 20087.86 2.9603e-15  20183.66 0 
 20320.47 2.8532e-15  20417.38 0 
 20508.50 2.8076e-15  20606.30 0 
 20698.25 2.7311e-15  20796.96 0 
 20889.78 2.6628e-15  20989.40 0 
 21083.08 2.6082e-15  21183.62 0 
 21278.14 2.5488e-15  21379.62 0 
 21524.54 2.4908e-15  21627.19 0 
 21723.71 2.4007e-15  21827.31 0 
 21924.70 2.3623e-15  22029.26 0 
 22076.69 2.2926e-15  22181.97 0 
 22280.95 2.2301e-15  22387.21 0 
 22487.12 2.1744e-15  22594.36 0 
 22695.18 2.1151e-15  22803.41 0 
 22905.18 1.9058e-15  23014.42 0 
 23117.13 1.8768e-15  23227.38 0 
 23277.36 1.6429e-15  23388.37 0 
 23492.75 1.5375e-15  23604.79 0 
 23710.11 1.5415e-15  23823.19 0 
 23874.48 1.4125e-15  23988.34 0 
 24095.37 1.3552e-15  24210.28 0 
 24318.33 1.3334e-15  24434.31 0 
 24486.89 1.2384e-15  24603.66 0 
 24713.47 1.2124e-15  24831.33 0 
 24884.76 1.0434e-15  25003.44 0 
 25115.03 1.0236e-15  25234.80 0 
 25289.14 1.0228e-15  25409.74 0 
 25523.12 1.0030e-15  25644.84 0 
 25526.56 9.3900e-16  25648.30 2 
 25622.80 9.4446e-16  25745.00 2 
 25719.15 9.8664e-16  25841.80 2 
 25815.38 9.6623e-16  25938.50 2 
 25911.73 9.6379e-16  26035.30 2 
 26008.07 9.6470e-16  26132.10 2 
 26104.31 1.0689e-15  26228.80 2 
 26200.65 9.9675e-16  26325.60 2 
 26296.99 9.9914e-16  26422.40 2 
 26393.23 9.1057e-16  26519.10 2 
 26489.57 9.6712e-16  26615.90 2 
 26585.81 9.5185e-16  26712.60 2 
 26682.15 1.0020e-15  26809.40 2 
 26778.49 8.8549e-16  26906.20 2 
 26874.73 8.8309e-16  27002.90 2 
 26971.07 8.2918e-16  27099.70 2 
 27067.42 9.1149e-16  27196.50 2 
 27163.66 8.0897e-16  27293.20 2 
 27260.00 8.6560e-16  27390.00 2 
 27356.24 7.5509e-16  27486.70 2 
 27452.58 7.6276e-16  27583.50 2 
 27548.92 7.7401e-16  27680.30 2 
 27645.16 7.4877e-16  27777.00 2 
 27741.50 7.8791e-16  27873.80 2 
 27837.84 7.7574e-16  27970.60 2 
 27934.08 8.4380e-16  28067.30 2 
 28030.42 8.4464e-16  28164.10 2 
 28126.66 8.0620e-16  28260.80 2 
 28223.01 7.8758e-16  28357.60 2 
 28319.34 8.0768e-16  28454.40 2 
 28415.59 8.2444e-16  28551.10 2 
 28511.93 8.1723e-16  28647.90 2 
 28608.27 7.7843e-16  28744.70 2 
 28704.51 7.2253e-16  28841.40 2 
 28800.85 7.1420e-16  28938.20 2 
 28897.09 7.4014e-16  29034.90 2 
 28993.43 7.4914e-16  29131.70 2 
 29089.77 7.2325e-16  29228.50 2 
 29186.01 7.4227e-16  29325.20 2 
 29282.35 7.3494e-16  29422.00 2 
 29378.69 7.4165e-16  29518.80 2 
 29474.93 7.4650e-16  29615.50 2 
 29571.28 7.8491e-16  29712.30 2 
 29667.52 7.3918e-16  29809.00 2 
 29763.86 6.9573e-16  29905.80 2 
 29860.20 6.5442e-16  30002.60 2 
 29956.44 6.5536e-16  30099.30 2 
 30052.78 5.9805e-16  30196.10 2 
 30149.12 6.1955e-16  30292.90 2 
 30245.36 6.2171e-16  30389.60 2 
 30341.70 6.2262e-16  30486.40 2 
 30437.94 5.8943e-16  30583.10 2 
 30534.28 5.6100e-16  30679.90 2 
 30630.62 5.7806e-16  30776.70 2 
 30726.86 5.6919e-16  30873.40 2 
 30823.20 6.0875e-16  30970.20 2 
 30919.54 5.6087e-16  31067.00 2 
 31015.78 6.3427e-16  31163.70 2 
 31112.13 6.6839e-16  31260.50 2 
 31208.37 7.0204e-16  31357.20 2 
 31304.71 6.4615e-16  31454.00 2 
 31401.05 6.2291e-16  31550.80 2 
 31497.29 6.4983e-16  31647.50 2 
 31593.63 6.3175e-16  31744.30 2 
 31689.97 6.3339e-16  31841.10 2 
 31786.21 6.3152e-16  31937.80 2 
 31882.55 6.1347e-16  32034.60 2 
 31978.79 6.1598e-16  32131.30 2 
 32075.13 6.5302e-16  32228.10 2 
 32171.47 6.9437e-16  32324.90 2 
 32267.72 7.1267e-16  32421.60 2 
 32364.06 6.7377e-16  32518.40 2 
 32460.40 6.0853e-16  32615.20 2 
 32556.64 5.8097e-16  32711.90 2 
 32652.98 7.1001e-16  32808.70 2 
 32749.22 8.6564e-16  32905.40 2 
 32845.56 9.6589e-16  33002.20 2 
 32941.90 1.1077e-15  33099.00 2 
 33038.14 1.1594e-15  33195.70 2 
 33134.48 1.1208e-15  33292.50 2 
 33230.82 8.9565e-16  33389.30 2 
 33327.06 7.7842e-16  33486.00 2 
 33423.40 6.7166e-16  33582.80 2 
 33519.64 6.1809e-16  33679.50 2 
 33615.99 5.1268e-16  33776.30 2 
 33712.33 5.0254e-16  33873.10 2 
 33808.57 5.4090e-16  33969.80 2 
 33904.91 5.4464e-16  34066.60 2 
 34001.25 6.2738e-16  34163.40 2 
 34097.49 6.6666e-16  34260.10 2 
 34193.83 7.0582e-16  34356.90 2 
 34290.07 6.4794e-16  34453.60 2 
 34386.41 6.0041e-16  34550.40 2 
 34482.75 5.9136e-16  34647.20 2 
 34578.99 6.3710e-16  34743.90 2 
 34675.33 5.8228e-16  34840.70 2 
 34771.67 6.0534e-16  34937.50 2 
 34867.91 5.9339e-16  35034.20 2 
 34964.26 5.9986e-16  35131.00 2 
 35060.50 6.0749e-16  35227.70 2 
 35156.84 4.8458e-16  35324.50 2 
 35253.18 4.4702e-16  35421.30 2 
 35349.42 4.0074e-16  35518.00 2 
 35445.76 4.5369e-16  35614.80 2 
 35542.10 4.6191e-16  35711.60 2 
 35638.34 4.5486e-16  35808.30 2 
 35734.68 4.8601e-16  35905.10 2 
 35830.92 4.6156e-16  36001.80 2 
 35927.26 4.7344e-16  36098.60 2 
 36023.60 4.6417e-16  36195.40 2 
 36119.85 4.5525e-16  36292.10 2 
 36216.18 4.6815e-16  36388.90 2 
 36312.52 4.0501e-16  36485.70 2 
 36408.77 4.3082e-16  36582.40 2 
 36505.11 3.6246e-16  36679.20 2 
 36601.35 3.4670e-16  36775.90 2 
 36697.69 3.3232e-16  36872.70 2 
 36794.03 3.9332e-16  36969.50 2 
 36890.27 4.4342e-16  37066.20 2 
 36986.61 4.4830e-16  37163.00 2 
 37082.95 3.5951e-16  37259.80 2 
 37179.19 3.4719e-16  37356.50 2 
 37275.53 3.2809e-16  37453.30 2 
 37371.77 3.9297e-16  37550.00 2 
 37468.12 3.8801e-16  37646.80 2 
 37564.45 3.8807e-16  37743.60 2 
 37660.70 3.3597e-16  37840.30 2 
 37757.04 3.6831e-16  37937.10 2 
 37853.38 3.6323e-16  38033.90 2 
 37949.62 3.8323e-16  38130.60 2 
 38045.96 3.7494e-16  38227.40 2 
 38142.20 3.5102e-16  38324.10 2 
 38238.54 3.7124e-16  38420.90 2 
 38334.88 3.6133e-16  38517.70 2 
 38431.12 3.8536e-16  38614.40 2 
 38527.46 3.5954e-16  38711.20 2 
 38623.80 3.2916e-16  38808.00 2 
 38720.04 3.2686e-16  38904.70 2 
 38816.38 2.5622e-16  39001.50 2 
 38912.62 3.3365e-16  39098.20 2 
 39008.97 3.1266e-16  39195.00 2 
 39105.31 3.0933e-16  39291.80 2 
 39201.55 3.2832e-16  39388.50 2 
 39297.89 3.2265e-16  39485.30 2 
 39394.23 3.2434e-16  39582.10 2 
 39490.47 3.0580e-16  39678.80 2 
 39586.81 3.6260e-16  39775.60 2 
 39683.05 3.5983e-16  39872.30 2 
 39779.39 3.7062e-16  39969.10 2 
 39875.73 3.4912e-16  40065.90 2 
 39971.98 3.7352e-16  40162.60 2 
 40068.31 3.9334e-16  40259.40 2 
 40164.66 3.5450e-16  40356.20 2 
 40260.89 3.2593e-16  40452.90 2 
 40357.24 3.2277e-16  40549.70 2 
 40453.48 4.6059e-16  40646.40 2 
 40549.82 6.5089e-16  40743.20 2 
 40646.16 6.3325e-16  40840.00 2 
 40742.40 5.0760e-16  40936.70 2 
 40838.74 3.4356e-16  41033.50 2 
 40935.08 2.9238e-16  41130.30 2 
 41031.33 3.3024e-16  41227.00 2 
 41127.66 3.6204e-16  41323.80 2 
 41223.90 3.5121e-16  41420.50 2 
 41320.24 3.3377e-16  41517.30 2 
 41416.58 3.2891e-16  41614.10 2 
 41512.83 3.0998e-16  41710.80 2 
 41609.16 3.3794e-16  41807.60 2 
 41705.51 3.6839e-16  41904.40 2 
 41801.75 3.7499e-16  42001.10 2 
 41898.09 2.5851e-16  42097.90 2 
 41994.33 2.5891e-16  42194.60 2 
 42090.67 2.3608e-16  42291.40 2 
 42187.01 2.5050e-16  42388.20 2 
 42283.25 2.4575e-16  42484.90 2 
 42379.59 2.3009e-16  42581.70 2 
 42475.93 1.8979e-16  42678.50 2 
 42572.18 2.5259e-16  42775.20 2 
 42668.51 2.6991e-16  42872.00 2 
 42764.76 2.6241e-16  42968.70 2 
 42861.10 2.6313e-16  43065.50 2 
 42957.43 2.5136e-16  43162.30 2 
 43053.68 2.9982e-16  43259.00 2 
 43150.01 3.2221e-16  43355.80 2 
 43246.36 3.1329e-16  43452.60 2 
 43342.60 3.3997e-16  43549.30 2 
 43438.94 3.5770e-16  43646.10 2 
 43535.18 3.2135e-16  43742.80 2 
 43631.52 2.7402e-16  43839.60 2 
 43727.86 3.3599e-16  43936.40 2 
 43824.10 3.2417e-16  44033.10 2 
 43920.45 3.4685e-16  44129.90 2 
 44016.78 3.3672e-16  44226.70 2 
 44113.03 3.4176e-16  44323.40 2 
 44209.36 2.9526e-16  44420.20 2 
 44305.61 2.8627e-16  44516.90 2 
 44401.95 2.7894e-16  44613.70 2 
 44498.28 3.0532e-16  44710.50 2 
 44594.53 2.8755e-16  44807.20 2 
 44690.87 2.7543e-16  44904.00 2 
 44787.21 2.3947e-16  45000.80 2 
 44883.45 2.9665e-16  45097.50 2 
 44979.79 2.2849e-16  45194.30 2 
 45076.03 2.5895e-16  45291.00 2 
 45172.37 2.1234e-16  45387.80 2 
 45268.72 2.4585e-16  45484.60 2 
 45364.95 2.3071e-16  45581.30 2 
 45461.30 2.8561e-16  45678.10 2 
 45557.63 2.6925e-16  45774.90 2 
 45653.88 2.5956e-16  45871.60 2 
 45750.22 2.6125e-16  45968.40 2 
 45846.46 2.6001e-16  46065.10 2 
 45942.80 2.7934e-16  46161.90 2 
 46039.14 2.5357e-16  46258.70 2 
 46135.38 2.1612e-16  46355.40 2 
 46231.72 2.2702e-16  46452.20 2 
 46328.06 2.1609e-16  46549.00 2 
 46424.30 2.9366e-16  46645.70 2 
 46520.64 3.1713e-16  46742.50 2 
 46616.88 3.1346e-16  46839.20 2 
 46713.22 2.7761e-16  46936.00 2 
 46809.57 2.4429e-16  47032.80 2 
 46905.81 2.1718e-16  47129.50 2 
 47002.15 2.3265e-16  47226.30 2 
 47098.48 2.5407e-16  47323.10 2 
 47194.73 2.3076e-16  47419.80 2 
 47291.07 1.2795e-16  47516.60 2 
 47387.31 1.7091e-16  47613.30 2 
 47483.65 1.4503e-16  47710.10 2 
 47579.99 2.3450e-16  47806.90 2 
 47676.23 2.5592e-16  47903.60 2 
 47772.57 2.6366e-16  48000.40 2 
 47868.91 2.0785e-16  48097.20 2 
 47965.15 2.2564e-16  48193.90 2 
 48061.49 2.2955e-16  48290.70 2 
 48157.73 2.6664e-16  48387.40 2 
 48254.08 2.2139e-16  48484.20 2 
 48350.42 2.5437e-16  48581.00 2 
 48446.66 2.6732e-16  48677.70 2 
 48543.00 2.8881e-16  48774.50 2 
 48639.34 2.5330e-16  48871.30 2 
 48735.58 3.1096e-16  48968.00 2 
 48831.92 2.4406e-16  49064.80 2 
 48928.16 2.8578e-16  49161.50 2 
 49024.50 2.7348e-16  49258.30 2 
 49120.84 3.0541e-16  49355.10 2 
 49218.08 2.4148e-16  49452.80 2 
 49710.26 2.4176e-16  49947.33 0 
 50207.36 2.4203e-16  50446.80 0 
 50709.44 2.4231e-16  50951.27 0 
 51216.53 2.4260e-16  51460.78 0 
 51728.70 2.4289e-16  51975.39 0 
 52245.98 2.4318e-16  52495.14 0 
 52768.44 2.4347e-16  53020.10 0 
 53296.13 2.4376e-16  53550.30 0 
 53829.09 2.4406e-16  54085.80 0 
 54367.38 2.4436e-16  54626.66 0 
 54911.05 2.4467e-16  55172.93 0 
 55263.15 2.4487e-16  55526.70 3 
 55571.54 2.4599e-16  55836.56 3 
 55879.92 2.5846e-16  56146.41 3 
 56188.31 1.8812e-16  56456.27 3 
 56496.68 1.8792e-16  56766.12 3 
 56805.08 1.8158e-16  57075.98 3 
 57113.46 2.9544e-16  57385.83 3 
 57421.83 3.1691e-16  57695.68 3 
 57730.21 4.2278e-16  58005.53 3 
 58038.60 3.0632e-16  58315.39 3 
 58346.99 2.7942e-16  58625.25 3 
 58655.37 2.6030e-16  58935.10 3 
 58963.75 2.6150e-16  59244.95 3 
 59272.14 2.6252e-16  59554.81 3 
 59580.52 3.6672e-16  59864.66 3 
 59888.90 3.9342e-16  60174.51 3 
 60197.29 4.2675e-16  60484.37 3 
 60505.67 4.3974e-16  60794.22 3 
 60814.05 4.5163e-16  61104.07 3 
 61122.44 5.3769e-16  61413.93 3 
 61430.82 8.2216e-16  61723.78 3 
 61739.19 1.1655e-15  62033.63 3 
 62047.58 1.3350e-15  62343.49 3 
 62355.96 1.2766e-15  62653.34 3 
 62664.35 1.0232e-15  62963.19 3 
 62972.73 8.8330e-16  63273.05 3 
 63281.11 6.9992e-16  63582.90 3 
 63589.50 5.5395e-16  63892.76 3 
 63897.88 5.5403e-16  64202.61 3 
 64206.26 5.3808e-16  64512.46 3 
 64514.65 4.3833e-16  64822.32 3 
 64823.03 3.9867e-16  65132.17 3 
 65131.41 4.0452e-16  65442.02 3 
 65439.80 3.7942e-16  65751.88 3 
 65748.17 4.0488e-16  66061.73 3 
 66056.55 4.0469e-16  66371.58 3 
 66364.95 3.9165e-16  66681.45 3 
 66673.32 2.6596e-16  66991.29 3 
 66981.70 3.5472e-16  67301.14 3 
 67290.09 4.1140e-16  67611.00 3 
 67598.47 4.7227e-16  67920.85 3 
 67906.86 5.0220e-16  68230.71 3 
 68215.24 5.7033e-16  68540.56 3 
 68523.62 4.1320e-16  68850.41 3 
 68832.01 4.2430e-16  69160.27 3 
 69140.39 3.4890e-16  69470.12 3 
 69448.78 3.9805e-16  69779.98 3 
 69757.16 5.9954e-16  70089.83 3 
 70065.54 6.5721e-16  70399.68 3 
 70373.93 4.4052e-16  70709.54 3 
 70682.31 4.4161e-16  71019.39 3 
 70990.69 4.2686e-16  71329.24 3 
 71299.08 5.4080e-16  71639.10 3 
 71607.45 5.2332e-16  71948.95 3 
 71915.85 5.7946e-16  72258.81 3 
 72224.22 6.2152e-16  72568.66 3 
 72532.60 6.6891e-16  72878.51 3 
 72841.00 6.4548e-16  73188.38 3 
 73149.37 7.5805e-16  73498.22 3 
 73457.75 7.3610e-16  73808.07 3 
 73766.14 7.6842e-16  74117.93 3 
 74074.52 9.0584e-16  74427.78 3 
 74382.90 1.0007e-15  74737.63 3 
 74691.28 1.1371e-15  75047.48 3 
 74979.49 1.0592e-15  75337.06 3 
 74999.67 1.0496e-15  75357.34 3 
 75308.06 1.2087e-15  75667.20 3 
 75597.47 1.3754e-15  75957.99 3 
 75616.43 1.4282e-15  75977.05 3 
 76215.47 1.2456e-15  76578.94 3 
 76833.46 1.2467e-15  77199.88 3 
 77451.45 1.1631e-15  77820.82 3 
 78069.44 1.1111e-15  78441.76 3 
 78687.45 9.1884e-16  79062.71 3 
 79305.44 8.5393e-16  79683.65 3 
 79923.43 7.7851e-16  80304.59 3 
 80541.44 7.2095e-16  80925.54 3 
 81159.43 5.6247e-16  81546.48 3 
 81777.42 5.1142e-16  82167.41 3 
 82395.42 4.8585e-16  82788.36 3 
 83013.41 5.0822e-16  83409.30 3 
 83631.41 5.3575e-16  84030.25 3 
 84249.40 5.6783e-16  84651.19 3 
 84867.40 5.9607e-16  85272.13 3 
 85485.39 6.5995e-16  85893.07 3 
 86103.40 6.8879e-16  86514.02 3 
 86721.38 6.1207e-16  87134.95 3 
 87339.38 5.4425e-16  87755.90 3 
 87957.38 4.1155e-16  88376.84 3 
 88575.37 3.0207e-16  88997.78 3 
 89193.36 2.9320e-16  89618.72 3 
 89811.35 3.6356e-16  90239.66 3 
 90429.34 2.9098e-16  90860.60 3 
 91047.35 2.4909e-16  91481.55 3 
 91665.34 2.3785e-16  92102.49 3 
 92283.34 2.3226e-16  92723.44 3 
 92901.34 1.7506e-16  93344.38 3 
 93519.33 2.1440e-16  93965.32 3 
 94137.32 2.0214e-16  94586.26 3 
 94755.31 1.9677e-16  95207.20 3 
 95373.31 2.0414e-16  95828.15 3 
 95991.30 2.1433e-16  96449.09 3 
 96609.29 2.0903e-16  97070.02 3 
 97227.30 1.9628e-16  97690.98 3 
 97845.30 1.7519e-16  98311.92 3 
 98463.29 1.7414e-16  98932.86 3 
 99081.29 1.7848e-16  99553.80 3 
 99699.24 1.7479e-16 100174.70 3 
100317.28 1.9947e-16 100795.70 3 
100935.23 1.9812e-16 101416.59 3 
101553.29 1.8378e-16 102037.60 3 
102171.25 2.0430e-16 102658.50 3 
102789.29 1.8633e-16 103279.49 3 
103407.26 1.9514e-16 103900.41 3 
104025.21 2.2703e-16 104521.30 3 
104643.25 2.8382e-16 105142.30 3 
105261.20 3.3214e-16 105763.20 3 
105879.26 2.5201e-16 106384.20 3 
106497.22 2.5364e-16 107005.10 3 
107115.17 2.5748e-16 107626.00 3 
107733.22 2.4716e-16 108247.00 3 
108351.18 2.6134e-16 108867.91 3 
108969.22 2.7166e-16 109488.90 3 
109587.18 3.3475e-16 110109.80 3 
110205.23 3.9457e-16 110730.80 3 
110823.19 4.2528e-16 111351.70 3 
111441.14 6.0428e-16 111972.60 3 
112059.19 8.5633e-16 112593.60 3 
112677.14 8.8254e-16 113214.50 3 
113295.20 7.2434e-16 113835.50 3 
113913.15 5.7706e-16 114456.40 3 
114531.20 4.6616e-16 115077.40 3 
115149.15 4.1545e-16 115698.30 3 
115767.10 3.7212e-16 116319.20 3 
116385.16 3.3615e-16 116940.20 3 
117003.11 3.2121e-16 117561.10 3 
117621.16 3.2670e-16 118182.09 3 
118239.11 3.3517e-16 118802.99 3 
118857.17 3.4404e-16 119424.00 3 
119475.12 3.5821e-16 120044.90 3 
120093.07 3.7258e-16 120665.80 3 
120711.13 3.5173e-16 121286.80 3 
121329.08 3.1408e-16 121907.70 3 
121947.13 3.3197e-16 122528.70 3 
122565.08 3.5832e-16 123149.59 3 
123183.05 3.7090e-16 123770.51 3 
123801.09 3.6283e-16 124391.50 3 
124419.04 3.9210e-16 125012.40 3 
125037.10 4.0844e-16 125633.40 3 
125655.06 4.2153e-16 126254.30 3 
126273.10 4.4359e-16 126875.30 3 
126891.06 4.7067e-16 127496.20 3 
127509.01 5.6794e-16 128117.10 3 
128127.06 7.9510e-16 128738.10 3 
128745.02 5.5847e-16 129359.00 3 
129363.07 3.3769e-16 129980.00 3 
129981.02 3.0964e-16 130600.90 3 
130598.97 2.9594e-16 131221.80 3 
131217.02 2.9885e-16 131842.80 3 
131834.98 2.9742e-16 132463.70 3 
132453.03 2.8180e-16 133084.70 3 
133070.98 2.8444e-16 133705.59 3 
133689.03 2.9527e-16 134326.59 3 
134306.99 2.7835e-16 134947.50 3 
134924.95 2.8855e-16 135568.41 3 
135543.00 2.9766e-16 136189.41 3 
136160.95 2.8629e-16 136810.30 3 
136779.00 2.8936e-16 137431.30 3 
137396.96 2.9296e-16 138052.20 3 
138015.01 2.9391e-16 138673.20 3 
138632.95 2.8385e-16 139294.09 3 
139250.91 2.8309e-16 139915.00 3 
139868.96 2.8481e-16 140536.00 3 
140486.92 3.0155e-16 141156.91 3 
141104.96 2.8158e-16 141777.89 3 
141722.92 2.9823e-16 142398.80 3 
142340.97 2.9602e-16 143019.80 3 
142958.93 2.6220e-16 143640.70 3 
143576.88 2.7691e-16 144261.59 3 
144194.94 2.7093e-16 144882.61 3 
144726.70 2.8160e-16 145416.91 3 
145639.24 2.8875e-16 146333.80 3 
146551.89 2.7870e-16 147250.80 3 
147464.45 2.8017e-16 148167.70 3 
148376.98 2.8293e-16 149084.59 3 
149289.54 2.8543e-16 150001.50 3 
150202.19 2.7993e-16 150918.50 3 
151114.74 2.8575e-16 151835.41 3 
152027.28 2.9394e-16 152752.30 3 
152939.93 2.9775e-16 153669.30 3 
153852.48 3.1022e-16 154586.20 3 
154765.02 4.4985e-16 155503.09 3 
155677.57 5.6717e-16 156420.00 3 
156590.22 4.0686e-16 157337.00 3 
157502.78 3.2337e-16 158253.91 3 
158415.31 3.2843e-16 159170.80 3 
159327.96 3.3176e-16 160087.80 3 
160240.52 3.4006e-16 161004.70 3 
161153.05 3.3441e-16 161921.59 3 
162065.70 3.5172e-16 162838.59 3 
162978.26 3.7456e-16 163755.50 3 
163890.80 4.2170e-16 164672.39 3 
164803.35 4.3010e-16 165589.30 3 
165716.01 4.0776e-16 166506.31 3 
166628.54 4.0672e-16 167423.19 3 
167541.09 4.0646e-16 168340.09 3 
168453.64 4.1070e-16 169257.00 3 
169366.29 4.2314e-16 170174.00 3 
170278.85 4.5460e-16 171090.91 3 
171191.40 4.4552e-16 172007.81 3 
172104.05 4.3386e-16 172924.81 3 
173016.59 4.4443e-16 173841.70 3 
173929.14 4.4284e-16 174758.61 3 
174841.79 4.1649e-16 175675.61 3 
175754.33 4.1896e-16 176592.50 3 
176666.88 4.2211e-16 177509.41 3 
177579.42 4.2623e-16 178426.30 3 
178492.07 4.3490e-16 179343.30 3 
179404.62 4.2967e-16 180260.20 3 
180317.16 4.2059e-16 181177.09 3 
181229.81 4.1926e-16 182094.09 3 
182142.36 4.2540e-16 183011.00 3 
183054.90 4.3103e-16 183927.89 3 
183967.55 4.3506e-16 184844.89 3 
184880.10 4.4171e-16 185761.80 3 
185792.66 4.8333e-16 186678.70 3 
186705.20 7.3212e-16 187595.59 3 
187617.84 7.5752e-16 188512.59 3 
188530.40 5.0568e-16 189429.50 3 
189442.94 4.6010e-16 190346.39 3 
190355.60 4.6207e-16 191263.41 3 
191268.15 4.6119e-16 192180.31 3 
192180.68 4.6137e-16 193097.19 3 
193093.23 4.5505e-16 194014.09 3 
194005.90 4.5453e-16 194931.11 3 
194918.43 4.6015e-16 195848.00 3 
195830.99 4.6409e-16 196764.91 3 
196743.64 4.6659e-16 197681.91 3 
197656.17 4.5485e-16 198598.80 3 
198568.73 4.5470e-16 199515.70 3 
199481.28 4.6707e-16 200432.61 3 
200393.93 4.6072e-16 201349.61 3 
201306.47 4.6246e-16 202266.50 3 
202219.02 4.6529e-16 203183.41 3 
203131.67 4.5580e-16 204100.41 3 
204226.54 4.3081e-16 205200.50 3 
205983.48 4.6880e-16 206965.81 3 
207741.48 4.5435e-16 208732.20 3 
209500.39 4.3957e-16 210499.50 3 
211260.39 4.6325e-16 212267.89 3 
213021.40 4.5586e-16 214037.30 3 
214783.49 4.3370e-16 215807.80 3 
216546.48 4.5171e-16 217579.19 3 
218310.56 4.5357e-16 219351.69 3 
220075.66 4.4730e-16 221125.20 3 
221841.83 4.3346e-16 222899.80 3 
223609.01 4.5651e-16 224675.41 3 
225377.18 4.6649e-16 226452.00 3 
227146.43 4.6285e-16 228229.69 3 
228916.69 4.6119e-16 230008.39 3 
230687.94 4.7183e-16 231788.09 3 
232460.29 4.6684e-16 233568.89 3 
234233.64 4.7355e-16 235350.70 3 
236008.07 4.5913e-16 237133.59 3 
237783.60 4.5448e-16 238917.59 3 
239560.13 4.6089e-16 240702.59 3 
241337.65 4.6419e-16 242488.59 3 
243116.28 4.6567e-16 244275.70 3 
244895.89 4.6977e-16 246063.80 3 
246676.71 4.6732e-16 247853.11 3 
248458.41 4.5418e-16 249643.31 3 
250241.19 4.6248e-16 251434.59 3 
252025.09 4.5359e-16 253227.00 3 
253810.08 4.4901e-16 255020.50 3 
255596.06 4.5831e-16 256815.00 3 
257383.13 4.3443e-16 258610.59 3 
259171.31 4.7189e-16 260407.30 3 
260960.57 4.6438e-16 262205.09 3 
262750.85 4.5184e-16 264003.91 3 
264542.18 4.5512e-16 265803.78 3 
266334.66 4.5877e-16 267604.81 3 
268128.08 4.5782e-16 269406.78 3 
269922.74 4.6125e-16 271210.00 3 
271718.36 4.6239e-16 273014.19 3 
273515.11 4.5950e-16 274819.50 3 
275312.94 4.5847e-16 276625.91 3 
277111.86 4.5868e-16 278433.41 3 
278911.87 4.6369e-16 280242.00 3 
280712.97 4.6731e-16 282051.69 3 
282515.19 4.6679e-16 283862.50 3 
284318.49 4.6052e-16 285674.41 3 
286122.89 4.5640e-16 287487.41 3 
287928.37 4.5811e-16 289301.50 3 
289734.94 4.7039e-16 291116.69 3 
291542.63 4.6223e-16 292933.00 3 
293351.41 4.5623e-16 294750.41 3 
295161.28 4.6090e-16 296568.91 3 
296972.33 4.6026e-16 298388.59 3 
298784.50 4.5809e-16 300209.41 3 
300597.64 4.5706e-16 302031.19 3 
302411.98 4.6354e-16 303854.19 3 
304227.42 4.6611e-16 305678.28 3 
306044.07 4.7347e-16 307503.59 3 
307861.71 4.5773e-16 309329.91 3 
309680.54 4.6734e-16 311157.41 3 
311500.55 4.5820e-16 312986.09 3 
313321.58 4.5868e-16 314815.81 3 
315143.80 4.6323e-16 316646.72 3 
316967.16 4.6784e-16 318478.78 3 
318791.56 4.6813e-16 320311.88 3 
320617.16 4.6423e-16 322146.19 3 
322443.98 4.6168e-16 323981.72 3 
324271.83 4.6416e-16 325818.28 3 
326100.79 4.7244e-16 327655.97 3 
327931.00 4.7498e-16 329494.91 3 
329762.36 4.7828e-16 331335.00 3 
331594.81 4.9665e-16 333176.19 3 
333428.38 5.8342e-16 335018.50 3 
335263.13 7.0886e-16 336862.00 3 
337099.09 5.4321e-16 338706.72 3 
338936.21 4.9589e-16 340552.59 3 
340774.44 4.5027e-16 342399.59 3 
342613.79 4.6864e-16 344247.72 3 
344454.39 4.9488e-16 346097.09 3 
346296.14 5.2298e-16 347947.62 3 
348139.04 6.2635e-16 349799.31 3 
