# An Atlas of Galaxy Spectral Energy Distributions from the Ultraviolet to the Mid-Infrared
# Brown et al. (2014)
# http://dx.doi.org/10.5072/03/529D3551F0117
# 
# Column 1 : Restframe Wavelength (Angstrom)
# Column 2 : Flux per unit wavelength (ergs/s/cm^2/Angstrom)
# Column 3 : Observed wavelength (Angstrom)
# Column 4 : Source (0 = model, 1 = Optical Spectrum, 2 = Akari, 3 = Spitzer IRS)
# 
   102.01 4.7688e-20    102.33 0 
   103.90 5.1217e-20    104.23 0 
   106.08 5.7202e-20    106.41 0 
   108.05 6.4330e-20    108.39 0 
   110.06 8.9210e-20    110.41 0 
   113.93 1.0627e-19    114.29 0 
   117.93 1.2090e-19    118.30 0 
   120.96 3.0368e-19    121.34 0 
   124.92 3.4867e-19    125.31 0 
   126.95 3.6933e-19    127.35 0 
   128.12 3.8319e-19    128.53 0 
   131.11 4.1344e-19    131.52 0 
   132.02 4.5752e-19    132.43 0 
   133.85 4.7909e-19    134.28 0 
   136.97 5.5388e-19    137.40 0 
   139.84 5.9349e-19    140.28 0 
   143.10 1.0010e-18    143.55 0 
   147.11 1.6122e-18    147.57 0 
   150.88 1.7395e-18    151.36 0 
   155.11 1.8854e-18    155.60 0 
   159.09 2.0484e-18    159.59 0 
   162.04 2.1698e-18    162.55 0 
   165.82 2.3465e-18    166.34 0 
   170.07 2.5085e-18    170.61 0 
   172.83 2.6449e-18    173.38 0 
   176.86 2.8146e-18    177.42 0 
   180.15 2.9472e-18    180.72 0 
   181.82 3.0438e-18    182.39 0 
   186.05 3.2241e-18    186.64 0 
   190.82 3.4468e-18    191.43 0 
   193.92 3.6009e-18    194.54 0 
   197.98 3.7880e-18    198.61 0 
   202.13 3.9849e-18    202.77 0 
   204.94 4.1344e-18    205.59 0 
   210.20 4.2405e-18    210.86 0 
   216.09 4.6710e-18    216.77 0 
   220.11 4.8799e-18    220.80 0 
   223.17 4.9936e-18    223.87 0 
   226.79 5.2289e-18    227.51 0 
   229.95 7.8417e-18    230.67 0 
   234.22 1.2954e-17    234.96 0 
   240.23 1.7038e-17    240.99 0 
   245.83 1.6308e-17    246.60 0 
   252.13 1.7315e-17    252.93 0 
   256.82 1.3881e-17    257.63 0 
   259.80 1.6843e-17    260.62 0 
   264.02 1.7841e-17    264.85 0 
   268.93 1.7841e-17    269.77 0 
   273.92 1.7800e-17    274.79 0 
   279.02 1.7596e-17    279.90 0 
   284.20 1.7718e-17    285.10 0 
   290.16 1.6920e-17    291.07 0 
   296.23 1.6999e-17    297.17 0 
   301.05 1.6085e-17    302.00 0 
   308.06 1.6422e-17    309.03 0 
   318.15 1.6765e-17    319.15 0 
   327.82 1.6573e-17    328.85 0 
   337.78 1.6159e-17    338.84 0 
   348.04 1.5755e-17    349.14 0 
   356.97 1.5682e-17    358.10 0 
   366.13 1.5864e-17    367.28 0 
   374.66 1.5539e-17    375.84 0 
   385.15 1.4669e-17    386.37 0 
   395.03 1.5150e-17    396.28 0 
   405.16 1.5290e-17    406.44 0 
   413.65 1.5115e-17    414.95 0 
   422.31 1.4805e-17    423.64 0 
   430.16 1.4602e-17    431.52 0 
   441.20 1.4942e-17    442.59 0 
   451.47 1.5046e-17    452.90 0 
   459.87 1.4839e-17    461.32 0 
   469.50 1.5115e-17    470.98 0 
   480.43 1.5901e-17    481.95 0 
   490.49 1.5755e-17    492.04 0 
   499.61 1.7275e-17    501.19 0 
   506.56 1.8854e-17    508.16 0 
   512.43 3.2841e-17    514.04 0 
   519.55 3.3606e-17    521.19 0 
   530.43 3.4468e-17    532.11 0 
   540.30 3.3145e-17    542.00 0 
   550.34 3.9392e-17    552.08 0 
   560.57 4.8241e-17    562.34 0 
   569.68 5.4502e-17    571.48 0 
   580.27 5.5006e-17    582.10 0 
   589.70 6.3010e-17    591.56 0 
   600.66 6.2577e-17    602.56 0 
   610.42 6.8142e-17    612.35 0 
   620.34 8.4220e-17    622.30 0 
   630.42 8.8596e-17    632.41 0 
   640.67 9.6253e-17    642.69 0 
   649.58 1.0409e-16    651.63 0 
   658.61 1.0627e-16    660.69 0 
   664.71 1.1760e-16    666.81 0 
   675.51 1.2630e-16    677.64 0 
   684.91 1.2258e-16    687.07 0 
   694.43 1.4839e-16    696.63 0 
   705.72 1.3849e-16    707.95 0 
   715.54 1.7195e-16    717.79 0 
   725.49 1.8172e-16    727.78 0 
   735.58 1.9117e-16    737.90 0 
   745.82 2.0296e-16    748.17 0 
   754.45 2.1351e-16    756.83 0 
   764.95 2.1351e-16    767.36 0 
   775.59 2.3956e-16    778.04 0 
   784.57 2.4627e-16    787.05 0 
   795.48 2.6449e-16    797.99 0 
   804.70 2.7888e-16    807.24 0 
   815.89 2.9135e-16    818.46 0 
   825.34 3.1147e-16    827.94 0 
   834.89 2.7190e-16    837.53 0 
   844.56 3.3145e-16    847.23 0 
   854.34 3.4152e-16    857.04 0 
   864.23 3.6426e-16    866.96 0 
   874.24 3.8231e-16    877.00 0 
   884.36 4.0125e-16    887.16 0 
   894.61 4.1823e-16    897.43 0 
   904.96 4.2502e-16    907.82 0 
   915.44 5.0398e-16    918.33 0 
   926.04 2.0721e-15    928.97 0 
   934.61 4.1154e-15    937.56 0 
   945.43 7.3521e-15    948.42 0 
   954.18 9.7817e-15    957.19 0 
   965.23 1.1440e-14    968.28 0 
   974.16 2.7379e-15    977.24 0 
   985.44 1.0725e-14    988.55 0 
   994.56 1.0603e-14    997.70 0 
  1006.08 1.3753e-14   1009.25 0 
  1015.39 1.2895e-14   1018.59 0 
  1024.78 5.9076e-15   1028.02 0 
  1034.26 9.8949e-15   1037.53 0 
  1043.83 1.6497e-14   1047.13 0 
  1055.92 1.6085e-14   1059.25 0 
  1065.69 1.3471e-14   1069.05 0 
  1075.55 1.5325e-14   1078.95 0 
  1085.50 1.2835e-14   1088.93 0 
  1095.55 1.5682e-14   1099.01 0 
  1105.69 1.4839e-14   1109.18 0 
  1115.92 1.4435e-14   1119.44 0 
  1126.24 1.2984e-14   1129.80 0 
  1134.05 1.5432e-14   1137.63 0 
  1144.54 1.4204e-14   1148.15 0 
  1155.13 1.4703e-14   1158.78 0 
  1165.82 1.4977e-14   1169.50 0 
  1173.90 1.0950e-14   1177.61 0 
  1184.76 1.4435e-14   1188.50 0 
  1195.73 1.1283e-14   1199.50 0 
  1204.01 8.8392e-15   1207.81 0 
  1215.15 5.4754e-15   1218.99 0 
  1226.40 1.0337e-14   1230.27 0 
  1234.90 1.3977e-14   1238.80 0 
  1246.33 1.4839e-14   1250.26 0 
  1254.96 1.4303e-14   1258.93 0 
  1263.66 1.3014e-14   1267.65 0 
  1275.36 1.5046e-14   1279.38 0 
  1284.20 1.5290e-14   1288.25 0 
  1296.08 1.2924e-14   1300.17 0 
  1305.06 1.2954e-14   1309.18 0 
  1314.11 1.4873e-14   1318.26 0 
  1326.27 1.4171e-14   1330.45 0 
  1335.46 1.3044e-14   1339.68 0 
  1344.72 1.4369e-14   1348.96 0 
  1354.04 1.4009e-14   1358.31 0 
  1366.57 1.2954e-14   1370.88 0 
  1376.04 1.3134e-14   1380.38 0 
  1385.58 1.3195e-14   1389.95 0 
  1395.18 1.1179e-14   1399.59 0 
  1404.85 1.1440e-14   1409.29 0 
  1414.59 1.2314e-14   1419.06 0 
  1424.40 1.2201e-14   1428.89 0 
  1434.27 1.2343e-14   1438.80 0 
  1440.89 1.2659e-14   1445.44 0 
  1447.54 1.2601e-14   1452.11 0 
  1454.22 1.2314e-14   1458.81 0 
  1464.31 1.1626e-14   1468.93 0 
  1474.46 1.1599e-14   1479.11 0 
  1484.68 1.1572e-14   1489.36 0 
  1494.97 1.1545e-14   1499.69 0 
  1505.33 1.0975e-14   1510.08 0 
  1512.28 1.0079e-14   1517.05 0 
  1515.76 1.0481e-14   1520.55 0 
  1526.27 1.0385e-14   1531.09 0 
  1533.32 9.2558e-15   1538.15 0 
  1543.94 9.2985e-15   1548.82 0 
  1554.65 8.9828e-15   1559.55 0 
  1565.42 9.3845e-15   1570.36 0 
  1576.27 9.8495e-15   1581.25 0 
  1583.55 1.0010e-14   1588.55 0 
  1594.53 1.0102e-14   1599.56 0 
  1605.58 9.8495e-15   1610.65 0 
  1616.71 9.7817e-15   1621.81 0 
  1624.17 9.4932e-15   1629.30 0 
  1635.43 9.8722e-15   1640.59 0 
  1646.76 9.8268e-15   1651.96 0 
  1654.37 9.4714e-15   1659.59 0 
  1665.83 9.8949e-15   1671.09 0 
  1673.52 9.2985e-15   1678.80 0 
  1677.38 9.9406e-15   1682.67 0 
  1685.12 1.0010e-14   1690.44 0 
  1696.80 9.5810e-15   1702.16 0 
  1704.64 9.2558e-15   1710.02 0 
  1716.45 8.8392e-15   1721.87 0 
  1724.37 8.7380e-15   1729.82 0 
  1736.33 9.0868e-15   1741.81 0 
  1744.34 8.8800e-15   1749.85 0 
  1756.43 9.1288e-15   1761.98 0 
  1764.54 8.6779e-15   1770.11 0 
  1776.77 8.6579e-15   1782.38 0 
  1784.97 8.7380e-15   1790.61 0 
  1793.21 8.9622e-15   1798.87 0 
  1805.64 8.9415e-15   1811.34 0 
  1813.98 8.3447e-15   1819.70 0 
  1826.55 8.4999e-15   1832.31 0 
  1834.98 8.2682e-15   1840.77 0 
  1843.45 7.7164e-15   1849.27 0 
  1856.23 7.6632e-15   1862.09 0 
  1864.80 7.7878e-15   1870.68 0 
  1873.40 8.1548e-15   1879.32 0 
  1886.39 7.5407e-15   1892.34 0 
  1895.10 7.1848e-15   1901.08 0 
  1903.84 7.6280e-15   1909.85 0 
  1917.04 7.2847e-15   1923.09 0 
  1925.89 7.0699e-15   1931.97 0 
  1934.78 7.3691e-15   1940.89 0 
  1943.71 7.5061e-15   1949.84 0 
  1957.18 6.9890e-15   1963.36 0 
  1966.22 7.4373e-15   1972.42 0 
  1975.29 7.6280e-15   1981.53 0 
  1984.41 7.2346e-15   1990.67 0 
  1993.57 7.0536e-15   1999.86 0 
  2002.77 7.2346e-15   2009.09 0 
  2016.65 7.0862e-15   2023.02 0 
  2025.96 7.3015e-15   2032.36 0 
  2035.31 6.8931e-15   2041.74 0 
  2044.71 6.9729e-15   2051.16 0 
  2054.15 6.4925e-15   2060.63 0 
  2063.63 6.6591e-15   2070.14 0 
  2073.15 7.0862e-15   2079.70 0 
  2077.93 6.6898e-15   2084.49 0 
  2082.72 6.8772e-15   2089.30 0 
  2097.16 6.5526e-15   2103.78 0 
  2106.84 6.6744e-15   2113.49 0 
  2116.56 6.6898e-15   2123.24 0 
  2126.33 6.7362e-15   2133.04 0 
  2136.15 6.5075e-15   2142.89 0 
  2146.01 6.4182e-15   2152.78 0 
  2155.91 6.5828e-15   2162.72 0 
  2165.87 6.4330e-15   2172.70 0 
  2175.86 6.3887e-15   2182.73 0 
  2185.91 6.2433e-15   2192.81 0 
  2196.00 6.3887e-15   2202.93 0 
  2206.13 6.2577e-15   2213.09 0 
  2216.31 6.1012e-15   2223.31 0 
  2226.55 5.9486e-15   2233.57 0 
  2236.82 6.0731e-15   2243.88 0 
  2247.15 5.9486e-15   2254.24 0 
  2257.52 5.7865e-15   2264.64 0 
  2262.72 5.8535e-15   2269.86 0 
  2273.17 5.8670e-15   2280.34 0 
  2283.66 5.8805e-15   2290.87 0 
  2294.20 5.6292e-15   2301.44 0 
  2304.79 5.6456e-15   2312.07 0 
  2315.43 5.4951e-15   2322.74 0 
  2326.12 4.7779e-15   2333.46 0 
  2336.85 5.2906e-15   2344.23 0 
  2347.64 5.2212e-15   2355.05 0 
  2353.05 5.3077e-15   2360.48 0 
  2363.91 5.1425e-15   2371.37 0 
  2374.83 5.1457e-15   2382.32 0 
  2385.79 4.9741e-15   2393.32 0 
  2396.80 5.1049e-15   2404.36 0 
  2402.32 4.9673e-15   2409.91 0 
  2413.41 4.9819e-15   2421.03 0 
  2424.55 5.0428e-15   2432.20 0 
  2435.74 4.8972e-15   2443.43 0 
  2446.99 4.9914e-15   2454.71 0 
  2452.63 4.9358e-15   2460.37 0 
  2463.95 4.8824e-15   2471.72 0 
  2475.32 4.7854e-15   2483.13 0 
  2486.75 4.8328e-15   2494.60 0 
  2492.48 4.4498e-15   2500.35 0 
  2503.98 4.8042e-15   2511.89 0 
  2515.54 4.5593e-15   2523.48 0 
  2527.15 4.5834e-15   2535.13 0 
  2532.98 4.5638e-15   2540.97 0 
  2544.67 4.4835e-15   2552.70 0 
  2556.42 4.5698e-15   2564.48 0 
  2562.31 4.5190e-15   2570.40 0 
  2574.14 4.5955e-15   2582.26 0 
  2586.02 4.5564e-15   2594.18 0 
  2597.95 4.5177e-15   2606.15 0 
  2603.94 4.4265e-15   2612.16 0 
  2615.96 4.3889e-15   2624.22 0 
  2621.99 4.4005e-15   2630.27 0 
  2634.10 4.4035e-15   2642.41 0 
  2646.25 4.4987e-15   2654.61 0 
  2652.35 4.4899e-15   2660.72 0 
  2664.60 4.3305e-15   2673.01 0 
  2676.90 4.3635e-15   2685.34 0 
  2683.07 4.3449e-15   2691.54 0 
  2695.45 4.2392e-15   2703.96 0 
  2707.89 4.2422e-15   2716.44 0 
  2714.14 4.1566e-15   2722.70 0 
  2726.66 4.1309e-15   2735.27 0 
  2732.95 4.1610e-15   2741.57 0 
  2745.56 3.9765e-15   2754.23 0 
  2751.89 3.9687e-15   2760.58 0 
  2764.60 3.9991e-15   2773.32 0 
  2777.36 4.0482e-15   2786.12 0 
  2783.76 3.9849e-15   2792.54 0 
  2796.61 3.7045e-15   2805.43 0 
  2803.05 3.8009e-15   2811.90 0 
  2815.99 3.9555e-15   2824.88 0 
  2822.48 3.9387e-15   2831.39 0 
  2835.51 3.8253e-15   2844.46 0 
  2842.05 3.7916e-15   2851.02 0 
  2855.17 3.7596e-15   2864.18 0 
  2861.75 3.8221e-15   2870.78 0 
  2874.96 3.7898e-15   2884.03 0 
  2888.23 3.7751e-15   2897.34 0 
  2894.89 3.7505e-15   2904.02 0 
  2908.25 3.7880e-15   2917.43 0 
  2928.41 3.7059e-15   2937.65 0 
  2948.71 3.6340e-15   2958.01 0 
  2969.15 3.6130e-15   2978.52 0 
  2989.73 3.5593e-15   2999.16 0 
  3010.45 3.5225e-15   3019.95 0 
  3031.32 3.4942e-15   3040.89 0 
  3052.33 3.4503e-15   3061.96 0 
  3073.49 3.4147e-15   3083.19 0 
  3087.67 3.3627e-15   3097.42 0 
  3109.08 3.3358e-15   3118.89 0 
  3130.63 3.2712e-15   3140.51 0 
  3152.33 3.2450e-15   3162.28 0 
  3166.88 3.2031e-15   3176.87 0 
  3188.83 3.1123e-15   3198.90 0 
  3210.93 3.1089e-15   3221.07 0 
  3233.19 3.0488e-15   3243.40 0 
  3248.12 3.0583e-15   3258.37 0 
  3270.63 3.0480e-15   3280.95 0 
  3293.30 3.0098e-15   3303.70 0 
  3308.50 2.9710e-15   3318.94 0 
  3323.77 3.0148e-15   3334.26 0 
  3331.44 3.0230e-15   3341.95 0 
  3339.12 2.9014e-15   3349.66 0 
  3346.81 2.9840e-15   3357.38 0 
  3354.53 2.8839e-15   3365.12 0 
  3362.26 2.8520e-15   3372.87 0 
  3370.01 2.8141e-15   3380.65 0 
  3377.78 2.7959e-15   3388.44 0 
  3385.57 2.8688e-15   3396.25 0 
  3393.37 2.9032e-15   3404.08 0 
  3401.19 2.9584e-15   3411.93 0 
  3409.03 2.8070e-15   3419.79 0 
  3416.89 2.8342e-15   3427.68 0 
  3424.77 2.8815e-15   3435.58 0 
  3432.67 2.9228e-15   3443.50 0 
  3440.58 2.8509e-15   3451.44 0 
  3448.51 2.7808e-15   3459.39 0 
  3456.46 2.7249e-15   3467.37 0 
  3464.43 2.6640e-15   3475.36 0 
  3472.41 2.7461e-15   3483.37 0 
  3480.42 2.6786e-15   3491.40 0 
  3488.44 2.7233e-15   3499.45 0 
  3496.48 2.7119e-15   3507.52 0 
  3504.54 2.6575e-15   3515.60 0 
  3512.62 2.6342e-15   3523.71 0 
  3520.72 2.6782e-15   3531.83 0 
  3528.84 2.6184e-15   3539.97 0 
  3536.97 2.6805e-15   3548.13 0 
  3545.13 2.6941e-15   3556.31 0 
  3553.30 2.7014e-15   3564.51 0 
  3561.49 2.6902e-15   3572.73 0 
  3569.70 2.6120e-15   3580.96 0 
  3577.93 2.5244e-15   3589.22 0 
  3586.18 2.4795e-15   3597.49 0 
  3594.44 2.5151e-15   3605.79 0 
  3602.73 2.5807e-15   3614.10 0 
  3611.03 2.5289e-15   3622.43 0 
  3619.36 2.5711e-15   3630.78 0 
  3627.70 2.6261e-15   3639.15 0 
  3634.75 3.0813e-15   3646.22 1 
  3637.49 2.3363e-15   3648.97 1 
  3640.23 2.9115e-15   3651.72 1 
  3642.97 3.4855e-15   3654.47 1 
  3645.71 3.7862e-15   3657.22 1 
  3648.46 2.3922e-15   3659.97 1 
  3651.20 2.8739e-15   3662.72 1 
  3653.94 2.5063e-15   3665.47 1 
  3656.68 3.7450e-15   3668.22 1 
  3659.42 2.2458e-15   3670.97 1 
  3662.16 2.4393e-15   3673.72 1 
  3664.90 2.4126e-15   3676.47 1 
  3667.64 2.2676e-15   3679.22 1 
  3670.39 2.2946e-15   3681.97 1 
  3673.13 2.2419e-15   3684.72 1 
  3675.87 2.9318e-15   3687.47 1 
  3678.61 3.1489e-15   3690.22 1 
  3681.35 3.5108e-15   3692.97 1 
  3684.09 7.9591e-16   3695.72 1 
  3686.83 3.3817e-15   3698.47 1 
  3689.58 2.2108e-15   3701.22 1 
  3692.32 2.4942e-15   3703.97 1 
  3695.06 2.0731e-15   3706.72 1 
  3697.80 2.2009e-15   3709.47 1 
  3700.54 2.3489e-15   3712.22 1 
  3703.28 2.2925e-15   3714.97 1 
  3706.02 3.1053e-15   3717.72 1 
  3708.77 2.3252e-15   3720.47 1 
  3711.51 2.7171e-15   3723.22 1 
  3714.25 3.6370e-15   3725.97 1 
  3716.99 3.8550e-15   3728.72 1 
  3719.73 7.0980e-15   3731.47 1 
  3722.47 1.3499e-14   3734.22 1 
  3725.21 2.5516e-14   3736.97 1 
  3727.95 3.0297e-14   3739.72 1 
  3730.70 2.5131e-14   3742.47 1 
  3733.44 1.2943e-14   3745.22 1 
  3736.18 5.7182e-15   3747.97 1 
  3738.92 3.3902e-15   3750.72 1 
  3741.66 2.3755e-15   3753.47 1 
  3744.40 2.2771e-15   3756.22 1 
  3747.14 2.8325e-15   3758.97 1 
  3749.89 2.8879e-15   3761.72 1 
  3752.63 2.9103e-15   3764.47 1 
  3755.37 1.7585e-15   3767.22 1 
  3758.11 2.8244e-15   3769.97 1 
  3760.85 2.7343e-15   3772.72 1 
  3763.59 2.4048e-15   3775.47 1 
  3766.33 3.0034e-15   3778.22 1 
  3769.07 3.3553e-15   3780.97 1 
  3771.82 3.3455e-15   3783.72 1 
  3774.56 3.1721e-15   3786.47 1 
  3777.30 3.0968e-15   3789.22 1 
  3780.04 2.9955e-15   3791.97 1 
  3782.78 2.6170e-15   3794.72 1 
  3785.52 2.2622e-15   3797.47 1 
  3788.26 3.0180e-15   3800.22 1 
  3791.01 2.6876e-15   3802.97 1 
  3793.75 2.5162e-15   3805.72 1 
  3796.49 3.4793e-15   3808.47 1 
  3799.23 3.2967e-15   3811.22 1 
  3801.97 2.6230e-15   3813.97 1 
  3804.71 2.6863e-15   3816.72 1 
  3807.45 2.5469e-15   3819.47 1 
  3810.19 2.4056e-15   3822.22 1 
  3812.94 1.9091e-15   3824.97 1 
  3815.68 1.9395e-15   3827.72 1 
  3818.42 2.8057e-15   3830.47 1 
  3821.16 2.2762e-15   3833.22 1 
  3823.90 2.2096e-15   3835.97 1 
  3826.64 2.2469e-15   3838.72 1 
  3829.38 2.7811e-15   3841.47 1 
  3832.13 2.9522e-15   3844.22 1 
  3834.87 3.7307e-15   3846.97 1 
  3837.61 3.1698e-15   3849.72 1 
  3840.35 3.0768e-15   3852.47 1 
  3843.09 2.7703e-15   3855.22 1 
  3845.83 2.6441e-15   3857.97 1 
  3848.57 3.0632e-15   3860.72 1 
  3851.32 2.6385e-15   3863.47 1 
  3854.06 3.0919e-15   3866.22 1 
  3856.80 3.3642e-15   3868.97 1 
  3859.54 3.1703e-15   3871.72 1 
  3862.28 5.2425e-15   3874.47 1 
  3865.02 8.3937e-15   3877.22 1 
  3867.76 1.0209e-14   3879.97 1 
  3870.50 8.7195e-15   3882.72 1 
  3873.25 5.8381e-15   3885.47 1 
  3875.99 3.1747e-15   3888.22 1 
  3878.73 2.5241e-15   3890.97 1 
  3881.47 3.3944e-15   3893.72 1 
  3884.21 4.3829e-15   3896.47 1 
  3886.95 5.5259e-15   3899.22 1 
  3889.69 5.8790e-15   3901.97 1 
  3892.44 4.3132e-15   3904.72 1 
  3895.18 3.2773e-15   3907.47 1 
  3897.92 2.5869e-15   3910.22 1 
  3900.66 2.1452e-15   3912.97 1 
  3903.40 2.5459e-15   3915.72 1 
  3906.14 2.2102e-15   3918.47 1 
  3908.88 2.8478e-15   3921.22 1 
  3911.62 2.5833e-15   3923.97 1 
  3914.37 3.0476e-15   3926.72 1 
  3917.11 2.3398e-15   3929.47 1 
  3919.85 2.6599e-15   3932.22 1 
  3922.59 3.0256e-15   3934.97 1 
  3925.33 2.1989e-15   3937.72 1 
  3928.07 2.2925e-15   3940.47 1 
  3930.81 2.1781e-15   3943.22 1 
  3933.56 2.4121e-15   3945.97 1 
  3936.30 2.1925e-15   3948.72 1 
  3939.04 2.3171e-15   3951.47 1 
  3941.78 2.4030e-15   3954.22 1 
  3944.52 2.4184e-15   3956.97 1 
  3947.26 2.2944e-15   3959.72 1 
  3950.00 2.4404e-15   3962.47 1 
  3952.75 2.4113e-15   3965.22 1 
  3955.49 2.5955e-15   3967.97 1 
  3958.23 2.5419e-15   3970.72 1 
  3960.97 3.4855e-15   3973.47 1 
  3963.71 5.2482e-15   3976.22 1 
  3966.45 6.7306e-15   3978.97 1 
  3969.19 6.4525e-15   3981.72 1 
  3971.93 4.9082e-15   3984.47 1 
  3974.68 3.0429e-15   3987.22 1 
  3977.42 2.6048e-15   3989.97 1 
  3980.16 2.4928e-15   3992.72 1 
  3982.90 2.3749e-15   3995.47 1 
  3985.64 2.6359e-15   3998.22 1 
  3988.38 2.1493e-15   4000.97 1 
  3991.12 2.2402e-15   4003.72 1 
  3993.87 2.5229e-15   4006.47 1 
  3996.61 2.2212e-15   4009.22 1 
  3999.35 2.9387e-15   4011.97 1 
  4002.09 2.6953e-15   4014.72 1 
  4004.83 2.9493e-15   4017.47 1 
  4007.57 2.3037e-15   4020.22 1 
  4010.31 2.5267e-15   4022.97 1 
  4013.05 2.5407e-15   4025.72 1 
  4015.80 2.9741e-15   4028.47 1 
  4018.54 2.3094e-15   4031.22 1 
  4021.28 2.6064e-15   4033.97 1 
  4024.02 2.9081e-15   4036.72 1 
  4026.76 2.3920e-15   4039.47 1 
  4029.50 3.0821e-15   4042.22 1 
  4032.24 2.6431e-15   4044.97 1 
  4034.99 2.7620e-15   4047.72 1 
  4037.73 2.5626e-15   4050.47 1 
  4040.47 2.6812e-15   4053.22 1 
  4043.21 2.4345e-15   4055.97 1 
  4045.95 2.3085e-15   4058.72 1 
  4048.69 2.7288e-15   4061.47 1 
  4051.43 2.7178e-15   4064.22 1 
  4054.17 2.4072e-15   4066.97 1 
  4056.92 2.6576e-15   4069.72 1 
  4059.66 2.7197e-15   4072.47 1 
  4062.40 3.1532e-15   4075.22 1 
  4065.14 2.5553e-15   4077.97 1 
  4067.88 2.4543e-15   4080.72 1 
  4070.62 2.0649e-15   4083.47 1 
  4073.36 2.4296e-15   4086.22 1 
  4076.11 2.6217e-15   4088.97 1 
  4078.85 2.1327e-15   4091.72 1 
  4081.59 2.1567e-15   4094.47 1 
  4084.33 2.5120e-15   4097.22 1 
  4087.07 2.4366e-15   4099.97 1 
  4089.81 2.0194e-15   4102.72 1 
  4092.55 2.8431e-15   4105.47 1 
  4095.30 4.2323e-15   4108.22 1 
  4098.04 6.1028e-15   4110.97 1 
  4100.78 6.8657e-15   4113.72 1 
  4103.52 5.7834e-15   4116.47 1 
  4106.26 3.4080e-15   4119.22 1 
  4109.00 2.3962e-15   4121.97 1 
  4111.74 2.4715e-15   4124.72 1 
  4114.48 2.6304e-15   4127.47 1 
  4117.23 2.3224e-15   4130.22 1 
  4119.97 2.3863e-15   4132.97 1 
  4122.71 2.4714e-15   4135.72 1 
  4125.45 2.4182e-15   4138.47 1 
  4128.19 2.1831e-15   4141.22 1 
  4130.93 2.1324e-15   4143.97 1 
  4133.67 2.3407e-15   4146.72 1 
  4136.42 2.3683e-15   4149.47 1 
  4139.16 2.3964e-15   4152.22 1 
  4141.90 2.8430e-15   4154.97 1 
  4144.64 2.5797e-15   4157.72 1 
  4147.38 2.6505e-15   4160.47 1 
  4150.12 2.0995e-15   4163.22 1 
  4152.86 2.5005e-15   4165.97 1 
  4155.61 2.3038e-15   4168.72 1 
  4158.35 2.5411e-15   4171.47 1 
  4161.09 2.6001e-15   4174.22 1 
  4163.83 2.5583e-15   4176.97 1 
  4166.57 2.1490e-15   4179.72 1 
  4169.31 2.4364e-15   4182.47 1 
  4172.05 2.6703e-15   4185.22 1 
  4174.79 2.3430e-15   4187.97 1 
  4177.54 2.4144e-15   4190.72 1 
  4180.28 2.5937e-15   4193.47 1 
  4183.02 2.3539e-15   4196.22 1 
  4185.76 2.2705e-15   4198.97 1 
  4188.50 2.4791e-15   4201.72 1 
  4191.24 2.7424e-15   4204.47 1 
  4193.98 2.6531e-15   4207.22 1 
  4196.73 2.3856e-15   4209.97 1 
  4199.47 2.4839e-15   4212.72 1 
  4202.21 2.8155e-15   4215.47 1 
  4204.95 2.4618e-15   4218.22 1 
  4207.69 2.4786e-15   4220.97 1 
  4210.43 2.5529e-15   4223.72 1 
  4213.17 2.5662e-15   4226.47 1 
  4215.91 2.5374e-15   4229.22 1 
  4218.66 2.7089e-15   4231.97 1 
  4221.40 2.6430e-15   4234.72 1 
  4224.14 2.3601e-15   4237.47 1 
  4226.88 2.4374e-15   4240.22 1 
  4229.62 2.5038e-15   4242.97 1 
  4232.36 2.3462e-15   4245.72 1 
  4235.10 2.2360e-15   4248.47 1 
  4237.85 2.2076e-15   4251.22 1 
  4240.59 2.3031e-15   4253.97 1 
  4243.33 2.4197e-15   4256.72 1 
  4246.07 2.3657e-15   4259.47 1 
  4248.81 2.2651e-15   4262.22 1 
  4251.55 2.3190e-15   4264.97 1 
  4254.29 2.3784e-15   4267.72 1 
  4257.04 2.4510e-15   4270.47 1 
  4259.78 2.4967e-15   4273.22 1 
  4262.52 2.2935e-15   4275.97 1 
  4265.26 2.2499e-15   4278.72 1 
  4268.00 2.3324e-15   4281.47 1 
  4270.74 2.1633e-15   4284.22 1 
  4273.48 2.0904e-15   4286.97 1 
  4276.22 2.2725e-15   4289.72 1 
  4278.97 2.2517e-15   4292.47 1 
  4281.71 2.0789e-15   4295.22 1 
  4284.45 2.1791e-15   4297.97 1 
  4287.19 2.1969e-15   4300.72 1 
  4289.93 2.1838e-15   4303.47 1 
  4292.67 2.3808e-15   4306.22 1 
  4295.41 2.2583e-15   4308.97 1 
  4298.16 1.9623e-15   4311.72 1 
  4300.90 2.1356e-15   4314.47 1 
  4303.64 2.1599e-15   4317.22 1 
  4306.38 2.4207e-15   4319.97 1 
  4309.12 2.4756e-15   4322.72 1 
  4311.86 2.1866e-15   4325.47 1 
  4314.60 2.0839e-15   4328.22 1 
  4317.34 2.3639e-15   4330.97 1 
  4320.09 2.2212e-15   4333.72 1 
  4322.83 2.2090e-15   4336.47 1 
  4325.57 2.2298e-15   4339.22 1 
  4328.31 2.1768e-15   4341.97 1 
  4331.05 2.7915e-15   4344.72 1 
  4333.79 4.9914e-15   4347.47 1 
  4336.53 8.5412e-15   4350.22 1 
  4339.28 1.0347e-14   4352.97 1 
  4342.02 8.4342e-15   4355.72 1 
  4344.76 4.9137e-15   4358.47 1 
  4347.50 2.9377e-15   4361.22 1 
  4350.24 2.2500e-15   4363.97 1 
  4352.98 2.0931e-15   4366.72 1 
  4355.72 2.4353e-15   4369.47 1 
  4358.46 2.9723e-15   4372.22 1 
  4361.21 3.1792e-15   4374.97 1 
  4363.95 3.1087e-15   4377.72 1 
  4366.69 2.8951e-15   4380.47 1 
  4369.43 2.4230e-15   4383.22 1 
  4372.17 2.2405e-15   4385.97 1 
  4374.91 2.2643e-15   4388.72 1 
  4377.65 1.9421e-15   4391.47 1 
  4380.40 2.1070e-15   4394.22 1 
  4383.14 2.2504e-15   4396.97 1 
  4385.88 2.1764e-15   4399.72 1 
  4388.62 2.4788e-15   4402.47 1 
  4391.36 2.4994e-15   4405.22 1 
  4394.10 2.3611e-15   4407.97 1 
  4396.84 2.3567e-15   4410.72 1 
  4399.59 2.1716e-15   4413.47 1 
  4402.33 2.0677e-15   4416.22 1 
  4405.07 2.4956e-15   4418.97 1 
  4407.81 2.3237e-15   4421.72 1 
  4410.55 2.1100e-15   4424.47 1 
  4413.29 2.1608e-15   4427.22 1 
  4416.03 2.2017e-15   4429.97 1 
  4418.77 2.4021e-15   4432.72 1 
  4421.52 2.1835e-15   4435.47 1 
  4424.26 2.3148e-15   4438.22 1 
  4427.00 2.1436e-15   4440.97 1 
  4429.74 2.0934e-15   4443.72 1 
  4432.48 2.1659e-15   4446.47 1 
  4435.22 2.3660e-15   4449.22 1 
  4437.96 2.0407e-15   4451.97 1 
  4440.71 2.3134e-15   4454.72 1 
  4443.45 2.2711e-15   4457.47 1 
  4446.19 2.3623e-15   4460.22 1 
  4448.93 1.9999e-15   4462.97 1 
  4451.67 2.1199e-15   4465.72 1 
  4454.41 2.2137e-15   4468.47 1 
  4457.15 2.1375e-15   4471.22 1 
  4459.89 1.9291e-15   4473.97 1 
  4462.64 2.2210e-15   4476.72 1 
  4465.38 2.4155e-15   4479.47 1 
  4468.12 2.8687e-15   4482.22 1 
  4470.86 2.9852e-15   4484.97 1 
  4473.60 2.8290e-15   4487.72 1 
  4476.34 2.9838e-15   4490.47 1 
  4479.08 2.7771e-15   4493.22 1 
  4481.83 2.6051e-15   4495.97 1 
  4484.57 2.3148e-15   4498.72 1 
  4487.31 2.3303e-15   4501.47 1 
  4490.05 2.1902e-15   4504.22 1 
  4492.79 2.2723e-15   4506.97 1 
  4495.53 2.2596e-15   4509.72 1 
  4498.27 2.1054e-15   4512.47 1 
  4501.02 2.2221e-15   4515.22 1 
  4503.76 1.9910e-15   4517.97 1 
  4506.50 2.3484e-15   4520.72 1 
  4509.24 2.1324e-15   4523.47 1 
  4511.98 2.0721e-15   4526.22 1 
  4514.72 2.3139e-15   4528.97 1 
  4517.46 2.0162e-15   4531.72 1 
  4520.20 2.1363e-15   4534.47 1 
  4522.95 2.2114e-15   4537.22 1 
  4525.69 1.9049e-15   4539.97 1 
  4528.43 2.1604e-15   4542.72 1 
  4531.17 2.1530e-15   4545.47 1 
  4533.91 1.8337e-15   4548.22 1 
  4536.65 2.1481e-15   4550.97 1 
  4539.39 2.1354e-15   4553.72 1 
  4542.14 2.2966e-15   4556.47 1 
  4544.88 2.0398e-15   4559.22 1 
  4547.62 2.2791e-15   4561.97 1 
  4550.36 2.1948e-15   4564.72 1 
  4553.10 2.0238e-15   4567.47 1 
  4555.84 2.1570e-15   4570.22 1 
  4558.58 2.0490e-15   4572.97 1 
  4561.32 2.4623e-15   4575.72 1 
  4564.07 2.2710e-15   4578.47 1 
  4566.81 2.0076e-15   4581.22 1 
  4569.55 2.0736e-15   4583.97 1 
  4572.29 2.4342e-15   4586.72 1 
  4575.03 2.2632e-15   4589.47 1 
  4577.77 1.8887e-15   4592.22 1 
  4580.51 1.9727e-15   4594.97 1 
  4583.26 2.1107e-15   4597.72 1 
  4586.00 2.3760e-15   4600.47 1 
  4588.74 2.1360e-15   4603.22 1 
  4591.48 2.1283e-15   4605.97 1 
  4594.22 2.0934e-15   4608.72 1 
  4596.96 2.3026e-15   4611.47 1 
  4599.70 2.2189e-15   4614.22 1 
  4602.44 2.3901e-15   4616.97 1 
  4605.19 1.9756e-15   4619.72 1 
  4607.93 2.2488e-15   4622.47 1 
  4610.67 2.4981e-15   4625.22 1 
  4613.41 2.0787e-15   4627.97 1 
  4616.15 2.1328e-15   4630.72 1 
  4618.89 2.1871e-15   4633.47 1 
  4621.63 2.2489e-15   4636.22 1 
  4624.38 2.0167e-15   4638.97 1 
  4627.12 2.4249e-15   4641.72 1 
  4629.86 1.8421e-15   4644.47 1 
  4632.60 2.3369e-15   4647.22 1 
  4635.34 2.3777e-15   4649.97 1 
  4638.08 1.8413e-15   4652.72 1 
  4640.82 1.8185e-15   4655.47 1 
  4643.57 2.3173e-15   4658.22 1 
  4646.31 2.2331e-15   4660.97 1 
  4649.05 2.1123e-15   4663.72 1 
  4651.79 2.2500e-15   4666.47 1 
  4654.53 2.4618e-15   4669.22 1 
  4657.27 2.5012e-15   4671.97 1 
  4660.01 2.1465e-15   4674.72 1 
  4662.75 1.9251e-15   4677.47 1 
  4665.50 1.9895e-15   4680.22 1 
  4668.24 2.0144e-15   4682.97 1 
  4670.98 1.8480e-15   4685.72 1 
  4673.72 2.3213e-15   4688.47 1 
  4676.46 2.3208e-15   4691.22 1 
  4679.20 2.3030e-15   4693.97 1 
  4681.94 2.4187e-15   4696.72 1 
  4684.69 2.3266e-15   4699.47 1 
  4687.43 2.2218e-15   4702.22 1 
  4690.17 2.2860e-15   4704.97 1 
  4692.91 2.3179e-15   4707.72 1 
  4695.65 2.3730e-15   4710.47 1 
  4698.39 2.4202e-15   4713.22 1 
  4701.13 2.4941e-15   4715.97 1 
  4703.87 2.0700e-15   4718.72 1 
  4706.62 2.3607e-15   4721.47 1 
  4709.36 2.0151e-15   4724.22 1 
  4712.10 2.3139e-15   4726.97 1 
  4714.84 2.1112e-15   4729.72 1 
  4717.58 2.3075e-15   4732.47 1 
  4720.32 1.9288e-15   4735.22 1 
  4723.06 2.0168e-15   4737.97 1 
  4725.81 2.0129e-15   4740.72 1 
  4728.55 2.0706e-15   4743.47 1 
  4731.29 1.9576e-15   4746.22 1 
  4734.03 1.8493e-15   4748.97 1 
  4736.77 2.0017e-15   4751.72 1 
  4739.51 2.0398e-15   4754.47 1 
  4742.25 2.2310e-15   4757.22 1 
  4745.00 1.9985e-15   4759.97 1 
  4747.74 2.0665e-15   4762.72 1 
  4750.48 1.9452e-15   4765.47 1 
  4753.22 2.0357e-15   4768.22 1 
  4755.96 2.2059e-15   4770.97 1 
  4758.70 2.1506e-15   4773.72 1 
  4761.44 2.2194e-15   4776.47 1 
  4764.18 1.9618e-15   4779.22 1 
  4766.93 1.9400e-15   4781.97 1 
  4769.67 2.1558e-15   4784.72 1 
  4772.41 2.1353e-15   4787.47 1 
  4775.15 2.2940e-15   4790.22 1 
  4777.89 1.9153e-15   4792.97 1 
  4780.63 1.8922e-15   4795.72 1 
  4783.37 1.9620e-15   4798.47 1 
  4786.12 1.9810e-15   4801.22 1 
  4788.86 2.1872e-15   4803.97 1 
  4791.60 2.1228e-15   4806.72 1 
  4794.34 1.9573e-15   4809.47 1 
  4797.08 2.0632e-15   4812.22 1 
  4799.82 2.3942e-15   4814.97 1 
  4802.56 2.0291e-15   4817.72 1 
  4805.30 2.2400e-15   4820.47 1 
  4808.05 2.1918e-15   4823.22 1 
  4810.79 2.0410e-15   4825.97 1 
  4813.53 1.9008e-15   4828.72 1 
  4816.27 2.3549e-15   4831.47 1 
  4819.01 2.2243e-15   4834.22 1 
  4821.75 2.2575e-15   4836.97 1 
  4824.49 1.9320e-15   4839.72 1 
  4827.24 2.0068e-15   4842.47 1 
  4829.98 2.0012e-15   4845.22 1 
  4832.72 2.1256e-15   4847.97 1 
  4835.46 1.9917e-15   4850.72 1 
  4838.20 2.0520e-15   4853.47 1 
  4840.94 2.1320e-15   4856.22 1 
  4843.68 2.2085e-15   4858.97 1 
  4846.42 1.9597e-15   4861.72 1 
  4849.17 2.0035e-15   4864.47 1 
  4851.91 3.0745e-15   4867.22 1 
  4854.65 7.3209e-15   4869.97 1 
  4857.39 1.6022e-14   4872.72 1 
  4860.13 2.2471e-14   4875.47 1 
  4862.87 1.9482e-14   4878.22 1 
  4865.61 1.0094e-14   4880.97 1 
  4868.36 3.9348e-15   4883.72 1 
  4871.10 2.2406e-15   4886.47 1 
  4873.84 2.0863e-15   4889.22 1 
  4876.58 1.8712e-15   4891.97 1 
  4879.32 2.1745e-15   4894.72 1 
  4882.06 1.9882e-15   4897.47 1 
  4884.80 1.9633e-15   4900.22 1 
  4887.55 1.9096e-15   4902.97 1 
  4890.29 1.8959e-15   4905.72 1 
  4893.03 1.9749e-15   4908.47 1 
  4895.77 2.0196e-15   4911.22 1 
  4898.51 2.0062e-15   4913.97 1 
  4901.25 1.7018e-15   4916.72 1 
  4903.99 1.9175e-15   4919.47 1 
  4906.73 1.9926e-15   4922.22 1 
  4909.48 1.9366e-15   4924.97 1 
  4912.22 1.9076e-15   4927.72 1 
  4914.96 1.9258e-15   4930.47 1 
  4917.70 2.1918e-15   4933.22 1 
  4920.44 2.2041e-15   4935.97 1 
  4923.18 2.2811e-15   4938.72 1 
  4925.92 2.0720e-15   4941.47 1 
  4928.67 1.9833e-15   4944.22 1 
  4931.41 1.8808e-15   4946.97 1 
  4934.15 2.1157e-15   4949.72 1 
  4936.89 1.7384e-15   4952.47 1 
  4939.63 2.2695e-15   4955.22 1 
  4942.37 1.9756e-15   4957.97 1 
  4945.11 2.2680e-15   4960.72 1 
  4947.85 2.8862e-15   4963.47 1 
  4950.60 6.1959e-15   4966.22 1 
  4953.34 1.6930e-14   4968.97 1 
  4956.08 3.3216e-14   4971.72 1 
  4958.82 3.8712e-14   4974.47 1 
  4961.56 2.7721e-14   4977.22 1 
  4964.30 1.1277e-14   4979.97 1 
  4967.04 4.1907e-15   4982.72 1 
  4969.79 3.1354e-15   4985.47 1 
  4972.53 2.2511e-15   4988.22 1 
  4975.27 2.1602e-15   4990.97 1 
  4978.01 2.0270e-15   4993.72 1 
  4980.75 1.9434e-15   4996.47 1 
  4983.49 2.3363e-15   4999.22 1 
  4986.23 2.3737e-15   5001.97 1 
  4988.98 2.3356e-15   5004.72 1 
  4991.72 2.7025e-15   5007.47 1 
  4994.46 3.4649e-15   5010.22 1 
  4997.20 7.9173e-15   5012.97 1 
  4999.94 2.6615e-14   5015.72 1 
  5002.68 7.1263e-14   5018.47 1 
  5005.42 1.0997e-13   5021.22 1 
  5008.16 1.0205e-13   5023.97 1 
  5010.91 5.2974e-14   5026.72 1 
  5013.65 1.6115e-14   5029.47 1 
  5016.39 5.3957e-15   5032.22 1 
  5019.13 2.9739e-15   5034.97 1 
  5021.87 1.9852e-15   5037.72 1 
  5024.61 2.1048e-15   5040.47 1 
  5027.35 1.9794e-15   5043.22 1 
  5030.10 2.1599e-15   5045.97 1 
  5032.84 1.9051e-15   5048.72 1 
  5035.58 1.9082e-15   5051.47 1 
  5038.32 1.9260e-15   5054.22 1 
  5041.06 1.7817e-15   5056.97 1 
  5043.80 2.0276e-15   5059.72 1 
  5046.54 2.0342e-15   5062.47 1 
  5049.28 1.8648e-15   5065.22 1 
  5052.03 1.7611e-15   5067.97 1 
  5054.77 1.9303e-15   5070.72 1 
  5057.51 2.0204e-15   5073.47 1 
  5060.25 1.8995e-15   5076.22 1 
  5062.99 1.9515e-15   5078.97 1 
  5065.73 2.0530e-15   5081.72 1 
  5068.47 2.0489e-15   5084.47 1 
  5071.22 1.8333e-15   5087.22 1 
  5073.96 1.7885e-15   5089.97 1 
  5076.70 1.8330e-15   5092.72 1 
  5079.44 1.8947e-15   5095.47 1 
  5082.18 1.9010e-15   5098.22 1 
  5084.92 1.8562e-15   5100.97 1 
  5087.66 2.0364e-15   5103.72 1 
  5090.40 1.7602e-15   5106.47 1 
  5093.15 1.8564e-15   5109.22 1 
  5095.89 1.8687e-15   5111.97 1 
  5098.63 1.8064e-15   5114.72 1 
  5101.37 1.7737e-15   5117.47 1 
  5104.11 1.9950e-15   5120.22 1 
  5106.85 1.5687e-15   5122.97 1 
  5109.59 1.7282e-15   5125.72 1 
  5112.34 2.0263e-15   5128.47 1 
  5115.08 1.9859e-15   5131.22 1 
  5117.82 2.0185e-15   5133.97 1 
  5120.56 1.7634e-15   5136.72 1 
  5123.30 1.8690e-15   5139.47 1 
  5126.04 1.8779e-15   5142.22 1 
  5128.78 1.6036e-15   5144.97 1 
  5131.53 1.8510e-15   5147.72 1 
  5134.27 1.7236e-15   5150.47 1 
  5137.01 1.8153e-15   5153.22 1 
  5139.75 1.7480e-15   5155.97 1 
  5142.49 1.7737e-15   5158.72 1 
  5145.23 1.7518e-15   5161.47 1 
  5147.97 1.7463e-15   5164.22 1 
  5150.71 1.6806e-15   5166.97 1 
  5153.46 1.7325e-15   5169.72 1 
  5156.20 1.8155e-15   5172.47 1 
  5158.94 1.9602e-15   5175.22 1 
  5161.68 1.8941e-15   5177.97 1 
  5164.42 1.9309e-15   5180.72 1 
  5167.16 1.8217e-15   5183.47 1 
  5169.90 1.9585e-15   5186.22 1 
  5172.65 1.7513e-15   5188.97 1 
  5175.39 1.8776e-15   5191.72 1 
  5178.13 1.6521e-15   5194.47 1 
  5180.87 1.8595e-15   5197.22 1 
  5183.61 1.7995e-15   5199.97 1 
  5186.35 1.5585e-15   5202.72 1 
  5189.09 1.6032e-15   5205.47 1 
  5191.83 1.7440e-15   5208.22 1 
  5194.58 1.7337e-15   5210.97 1 
  5197.32 1.9257e-15   5213.72 1 
  5200.06 2.0504e-15   5216.47 1 
  5202.80 2.0492e-15   5219.22 1 
  5205.54 1.8927e-15   5221.97 1 
  5208.28 1.7193e-15   5224.72 1 
  5211.02 1.9435e-15   5227.47 1 
  5213.77 1.7416e-15   5230.22 1 
  5216.51 1.8985e-15   5232.97 1 
  5219.25 1.8894e-15   5235.72 1 
  5221.99 1.9508e-15   5238.47 1 
  5224.73 1.7536e-15   5241.22 1 
  5227.47 1.8997e-15   5243.97 1 
  5230.21 1.4558e-15   5246.72 1 
  5232.96 1.6410e-15   5249.47 1 
  5235.70 1.6752e-15   5252.22 1 
  5238.44 1.8087e-15   5254.97 1 
  5241.18 1.9673e-15   5257.72 1 
  5243.92 1.8585e-15   5260.47 1 
  5246.66 1.9624e-15   5263.22 1 
  5249.40 1.8231e-15   5265.97 1 
  5252.14 1.7892e-15   5268.72 1 
  5254.89 2.0513e-15   5271.47 1 
  5257.63 1.7811e-15   5274.22 1 
  5260.37 1.7638e-15   5276.97 1 
  5263.11 1.7351e-15   5279.72 1 
  5265.85 1.5781e-15   5282.47 1 
  5268.59 1.6076e-15   5285.22 1 
  5271.33 1.7814e-15   5287.97 1 
  5274.08 1.6766e-15   5290.72 1 
  5276.82 1.6783e-15   5293.47 1 
  5279.56 1.7921e-15   5296.22 1 
  5282.30 1.7135e-15   5298.97 1 
  5285.04 1.7686e-15   5301.72 1 
  5287.78 1.7666e-15   5304.47 1 
  5290.52 1.9061e-15   5307.22 1 
  5293.26 1.6662e-15   5309.97 1 
  5296.01 1.7894e-15   5312.72 1 
  5298.75 1.7907e-15   5315.47 1 
  5301.49 1.9930e-15   5318.22 1 
  5304.23 1.9924e-15   5320.97 1 
  5306.97 1.6869e-15   5323.72 1 
  5309.71 1.8968e-15   5326.47 1 
  5312.45 1.8159e-15   5329.22 1 
  5315.20 1.8527e-15   5331.97 1 
  5317.94 1.8384e-15   5334.72 1 
  5320.68 1.7760e-15   5337.47 1 
  5323.42 1.6193e-15   5340.22 1 
  5326.16 1.7829e-15   5342.97 1 
  5328.90 1.8434e-15   5345.72 1 
  5331.64 1.4761e-15   5348.47 1 
  5334.38 1.8211e-15   5351.22 1 
  5337.13 1.8518e-15   5353.97 1 
  5339.87 1.8055e-15   5356.72 1 
  5342.61 1.7370e-15   5359.47 1 
  5345.35 1.7085e-15   5362.22 1 
  5348.09 1.7181e-15   5364.97 1 
  5350.83 1.7521e-15   5367.72 1 
  5353.57 1.7706e-15   5370.47 1 
  5356.32 1.6717e-15   5373.22 1 
  5359.06 1.9111e-15   5375.97 1 
  5361.80 1.8561e-15   5378.72 1 
  5364.54 1.8612e-15   5381.47 1 
  5367.28 1.7588e-15   5384.22 1 
  5370.02 1.8526e-15   5386.97 1 
  5372.76 1.7023e-15   5389.72 1 
  5375.51 1.8511e-15   5392.47 1 
  5378.25 1.9647e-15   5395.22 1 
  5380.99 2.0411e-15   5397.97 1 
  5383.73 1.6126e-15   5400.72 1 
  5386.47 1.7899e-15   5403.47 1 
  5389.21 1.6084e-15   5406.22 1 
  5391.95 1.5952e-15   5408.97 1 
  5394.69 1.4658e-15   5411.72 1 
  5397.44 1.6910e-15   5414.47 1 
  5400.18 1.9237e-15   5417.22 1 
  5402.92 1.6533e-15   5419.97 1 
  5405.66 1.5523e-15   5422.72 1 
  5408.40 1.8214e-15   5425.47 1 
  5411.14 1.6485e-15   5428.22 1 
  5413.88 1.7058e-15   5430.97 1 
  5416.63 1.5692e-15   5433.72 1 
  5419.37 1.7042e-15   5436.47 1 
  5422.11 1.7135e-15   5439.22 1 
  5424.85 1.7868e-15   5441.97 1 
  5427.59 1.6617e-15   5444.72 1 
  5430.33 1.5853e-15   5447.47 1 
  5433.07 1.8264e-15   5450.22 1 
  5435.81 1.8184e-15   5452.97 1 
  5438.56 1.6244e-15   5455.72 1 
  5441.30 1.6478e-15   5458.47 1 
  5444.04 1.5513e-15   5461.22 1 
  5446.78 1.6029e-15   5463.97 1 
  5449.52 1.6990e-15   5466.72 1 
  5452.26 1.7043e-15   5469.47 1 
  5455.00 1.7514e-15   5472.22 1 
  5457.75 1.4953e-15   5474.97 1 
  5460.49 1.5924e-15   5477.72 1 
  5463.23 1.7967e-15   5480.47 1 
  5465.97 1.7135e-15   5483.22 1 
  5468.71 1.6741e-15   5485.97 1 
  5471.45 1.7281e-15   5488.72 1 
  5474.19 1.7302e-15   5491.47 1 
  5476.94 1.6869e-15   5494.22 1 
  5479.68 1.7191e-15   5496.97 1 
  5482.42 1.7980e-15   5499.72 1 
  5485.16 1.7817e-15   5502.47 1 
  5487.90 1.6354e-15   5505.22 1 
  5490.64 1.7949e-15   5507.97 1 
  5493.38 1.7159e-15   5510.72 1 
  5496.12 1.8254e-15   5513.47 1 
  5498.87 1.6832e-15   5516.22 1 
  5501.61 1.9168e-15   5518.97 1 
  5504.35 1.6845e-15   5521.72 1 
  5507.09 1.6789e-15   5524.47 1 
  5509.83 1.8131e-15   5527.22 1 
  5512.57 1.7485e-15   5529.97 1 
  5515.31 1.7471e-15   5532.72 1 
  5518.06 1.7789e-15   5535.47 1 
  5520.80 1.6150e-15   5538.22 1 
  5523.54 1.8142e-15   5540.97 1 
  5526.28 1.7297e-15   5543.72 1 
  5529.02 1.6608e-15   5546.47 1 
  5531.76 1.5712e-15   5549.22 1 
  5534.50 1.6660e-15   5551.97 1 
  5537.24 1.6140e-15   5554.72 1 
  5539.99 1.5232e-15   5557.47 1 
  5542.73 1.5393e-15   5560.22 1 
  5545.47 1.7187e-15   5562.97 1 
  5548.21 1.7400e-15   5565.72 1 
  5550.95 1.8481e-15   5568.47 1 
  5553.69 1.5656e-15   5571.22 1 
  5556.43 1.5345e-15   5573.97 1 
  5559.18 1.4599e-15   5576.72 1 
  5561.92 1.5407e-15   5579.47 1 
  5564.66 1.8008e-15   5582.22 1 
  5567.40 1.8594e-15   5584.97 1 
  5570.14 1.4161e-15   5587.72 1 
  5572.88 1.8036e-15   5590.47 1 
  5575.62 1.7336e-15   5593.22 1 
  5578.36 1.4632e-15   5595.97 1 
  5581.11 1.6006e-15   5598.72 1 
  5583.85 1.4736e-15   5601.47 1 
  5586.59 1.8206e-15   5604.22 1 
  5589.33 1.6770e-15   5606.97 1 
  5592.07 1.6943e-15   5609.72 1 
  5594.81 1.6660e-15   5612.47 1 
  5597.55 1.6236e-15   5615.22 1 
  5600.30 1.6737e-15   5617.97 1 
  5603.04 1.6076e-15   5620.72 1 
  5605.78 1.3727e-15   5623.47 1 
  5608.52 1.5178e-15   5626.22 1 
  5611.26 1.5671e-15   5628.97 1 
  5614.00 1.4720e-15   5631.72 1 
  5616.74 1.6330e-15   5634.47 1 
  5619.49 1.6382e-15   5637.22 1 
  5622.23 1.5736e-15   5639.97 1 
  5624.97 1.5996e-15   5642.72 1 
  5627.71 1.6707e-15   5645.47 1 
  5630.45 1.5735e-15   5648.22 1 
  5633.19 1.6931e-15   5650.97 1 
  5635.93 1.6070e-15   5653.72 1 
  5638.67 1.5609e-15   5656.47 1 
  5641.42 1.6731e-15   5659.22 1 
  5644.16 1.7347e-15   5661.97 1 
  5646.90 1.6144e-15   5664.72 1 
  5649.64 1.5576e-15   5667.47 1 
  5652.38 1.5180e-15   5670.22 1 
  5655.12 1.4783e-15   5672.97 1 
  5657.86 1.6298e-15   5675.72 1 
  5660.61 1.6810e-15   5678.47 1 
  5663.35 1.7625e-15   5681.22 1 
  5666.09 1.7218e-15   5683.97 1 
  5668.83 1.6449e-15   5686.72 1 
  5671.57 1.6299e-15   5689.47 1 
  5674.31 1.5024e-15   5692.22 1 
  5677.05 1.3911e-15   5694.97 1 
  5679.79 1.3800e-15   5697.72 1 
  5682.54 1.6996e-15   5700.47 1 
  5685.28 1.6563e-15   5703.22 1 
  5688.02 1.6814e-15   5705.97 1 
  5690.76 1.7101e-15   5708.72 1 
  5693.50 1.6851e-15   5711.47 1 
  5696.24 1.7990e-15   5714.22 1 
  5698.98 1.6960e-15   5716.97 1 
  5701.73 1.5742e-15   5719.72 1 
  5704.47 1.6170e-15   5722.47 1 
  5707.21 1.6333e-15   5725.22 1 
  5709.95 1.5187e-15   5727.97 1 
  5712.69 1.4907e-15   5730.72 1 
  5715.43 1.5918e-15   5733.47 1 
  5718.17 1.6567e-15   5736.22 1 
  5720.92 1.5345e-15   5738.97 1 
  5723.66 1.4974e-15   5741.72 1 
  5726.40 1.5982e-15   5744.47 1 
  5729.14 1.5439e-15   5747.22 1 
  5731.88 1.6068e-15   5749.97 1 
  5734.62 1.7423e-15   5752.72 1 
  5737.36 1.6590e-15   5755.47 1 
  5740.10 1.5463e-15   5758.22 1 
  5742.85 1.6179e-15   5760.97 1 
  5745.59 1.5477e-15   5763.72 1 
  5748.33 1.4325e-15   5766.47 1 
  5751.07 1.4780e-15   5769.22 1 
  5753.81 1.4814e-15   5771.97 1 
  5756.55 1.5500e-15   5774.72 1 
  5759.29 1.7336e-15   5777.47 1 
  5762.04 1.7758e-15   5780.22 1 
  5764.78 1.6667e-15   5782.97 1 
  5767.52 1.5737e-15   5785.72 1 
  5770.26 1.7018e-15   5788.47 1 
  5773.00 1.7074e-15   5791.22 1 
  5775.74 1.7154e-15   5793.97 1 
  5778.48 1.6003e-15   5796.72 1 
  5781.22 1.5227e-15   5799.47 1 
  5783.97 1.5572e-15   5802.22 1 
  5786.71 1.7058e-15   5804.97 1 
  5789.45 1.6894e-15   5807.72 1 
  5792.19 1.5792e-15   5810.47 1 
  5794.93 1.6285e-15   5813.22 1 
  5797.67 1.6425e-15   5815.97 1 
  5800.41 1.6919e-15   5818.72 1 
  5803.16 1.7137e-15   5821.47 1 
  5805.90 1.6277e-15   5824.22 1 
  5808.64 1.6566e-15   5826.97 1 
  5811.38 1.6265e-15   5829.72 1 
  5814.12 1.6702e-15   5832.47 1 
  5816.86 1.6416e-15   5835.22 1 
  5819.60 1.5932e-15   5837.97 1 
  5822.34 1.5494e-15   5840.72 1 
  5825.09 1.4583e-15   5843.47 1 
  5827.83 1.5618e-15   5846.22 1 
  5830.57 1.5595e-15   5848.97 1 
  5833.31 1.5686e-15   5851.72 1 
  5836.05 1.5284e-15   5854.47 1 
  5838.79 1.7361e-15   5857.22 1 
  5841.53 1.5697e-15   5859.97 1 
  5844.28 1.5451e-15   5862.72 1 
  5847.02 1.4496e-15   5865.47 1 
  5849.76 1.3758e-15   5868.22 1 
  5852.50 1.5754e-15   5870.97 1 
  5855.24 1.3112e-15   5873.72 1 
  5857.98 1.5937e-15   5876.47 1 
  5860.72 1.3697e-15   5879.22 1 
  5863.47 1.6141e-15   5881.97 1 
  5866.21 1.6896e-15   5884.72 1 
  5868.95 2.2387e-15   5887.47 1 
  5871.69 2.8334e-15   5890.22 1 
  5874.43 3.4676e-15   5892.97 1 
  5877.17 3.4325e-15   5895.72 1 
  5879.91 2.2920e-15   5898.47 1 
  5882.65 1.8214e-15   5901.22 1 
  5885.40 1.5759e-15   5903.97 1 
  5888.14 1.5126e-15   5906.72 1 
  5890.88 1.3767e-15   5909.47 1 
  5893.62 1.3941e-15   5912.22 1 
  5896.36 1.1961e-15   5914.97 1 
  5899.10 1.3010e-15   5917.72 1 
  5901.84 1.5765e-15   5920.47 1 
  5904.59 1.5773e-15   5923.22 1 
  5907.33 1.4628e-15   5925.97 1 
  5910.07 1.4079e-15   5928.72 1 
  5912.81 1.6570e-15   5931.47 1 
  5915.55 1.5987e-15   5934.22 1 
  5918.29 1.6479e-15   5936.97 1 
  5921.03 1.6685e-15   5939.72 1 
  5923.77 1.5552e-15   5942.47 1 
  5926.52 1.3980e-15   5945.22 1 
  5929.26 1.3956e-15   5947.97 1 
  5932.00 1.4156e-15   5950.72 1 
  5934.74 1.5103e-15   5953.47 1 
  5937.48 1.5178e-15   5956.22 1 
  5940.22 1.3354e-15   5958.97 1 
  5942.96 1.6695e-15   5961.72 1 
  5945.71 1.4792e-15   5964.47 1 
  5948.45 1.4223e-15   5967.22 1 
  5951.19 1.3376e-15   5969.97 1 
  5953.93 1.3379e-15   5972.72 1 
  5956.67 1.3662e-15   5975.47 1 
  5959.41 1.6086e-15   5978.22 1 
  5962.15 1.2834e-15   5980.97 1 
  5964.90 1.3892e-15   5983.72 1 
  5967.64 1.6199e-15   5986.47 1 
  5970.38 1.6417e-15   5989.22 1 
  5973.12 1.5813e-15   5991.97 1 
  5975.86 1.4783e-15   5994.72 1 
  5978.60 1.6205e-15   5997.47 1 
  5981.34 1.4571e-15   6000.22 1 
  5984.08 1.4468e-15   6002.97 1 
  5986.83 1.2574e-15   6005.72 1 
  5989.57 1.5857e-15   6008.47 1 
  5992.31 1.5128e-15   6011.22 1 
  5995.05 1.6619e-15   6013.97 1 
  5997.79 1.4471e-15   6016.72 1 
  6000.53 1.6075e-15   6019.47 1 
  6003.27 1.6736e-15   6022.22 1 
  6006.02 1.7081e-15   6024.97 1 
  6008.76 1.5411e-15   6027.72 1 
  6011.50 1.5364e-15   6030.47 1 
  6014.24 1.4615e-15   6033.22 1 
  6016.98 1.4193e-15   6035.97 1 
  6019.72 1.5724e-15   6038.72 1 
  6022.46 1.4818e-15   6041.47 1 
  6025.20 1.3776e-15   6044.22 1 
  6027.95 1.3884e-15   6046.97 1 
  6030.69 1.6739e-15   6049.72 1 
  6033.43 1.3510e-15   6052.47 1 
  6036.17 1.6446e-15   6055.22 1 
  6038.91 1.6465e-15   6057.97 1 
  6041.65 1.6126e-15   6060.72 1 
  6044.39 1.6025e-15   6063.47 1 
  6047.14 1.8374e-15   6066.22 1 
  6049.88 1.6528e-15   6068.97 1 
  6052.62 1.5124e-15   6071.72 1 
  6055.36 1.4985e-15   6074.47 1 
  6058.10 1.4287e-15   6077.22 1 
  6060.84 1.4213e-15   6079.97 1 
  6063.58 1.4733e-15   6082.72 1 
  6066.32 1.4846e-15   6085.47 1 
  6069.07 1.5677e-15   6088.22 1 
  6071.81 1.3888e-15   6090.97 1 
  6074.55 1.4421e-15   6093.72 1 
  6077.29 1.5362e-15   6096.47 1 
  6080.03 1.2728e-15   6099.22 1 
  6082.77 1.3655e-15   6101.97 1 
  6085.51 1.3956e-15   6104.72 1 
  6088.26 1.4869e-15   6107.47 1 
  6091.00 1.3835e-15   6110.22 1 
  6093.74 1.5280e-15   6112.97 1 
  6096.48 1.4616e-15   6115.72 1 
  6099.22 1.3123e-15   6118.47 1 
  6101.96 1.5123e-15   6121.22 1 
  6104.70 1.5716e-15   6123.97 1 
  6107.45 1.5637e-15   6126.72 1 
  6110.19 1.5297e-15   6129.47 1 
  6112.93 1.3485e-15   6132.22 1 
  6115.67 1.2261e-15   6134.97 1 
  6118.41 1.3567e-15   6137.72 1 
  6121.15 1.5150e-15   6140.47 1 
  6123.89 1.5439e-15   6143.22 1 
  6126.63 1.4823e-15   6145.97 1 
  6129.38 1.3698e-15   6148.72 1 
  6132.12 1.4044e-15   6151.47 1 
  6134.86 1.3646e-15   6154.22 1 
  6137.60 1.4701e-15   6156.97 1 
  6140.34 1.2956e-15   6159.72 1 
  6143.08 1.3828e-15   6162.47 1 
  6145.82 1.4507e-15   6165.22 1 
  6148.57 1.5332e-15   6167.97 1 
  6151.31 1.4416e-15   6170.72 1 
  6154.05 1.3771e-15   6173.47 1 
  6156.79 1.3705e-15   6176.22 1 
  6159.53 1.3483e-15   6178.97 1 
  6162.27 1.4010e-15   6181.72 1 
  6165.01 1.4353e-15   6184.47 1 
  6167.75 1.4461e-15   6187.22 1 
  6170.50 1.3839e-15   6189.97 1 
  6173.24 1.4447e-15   6192.72 1 
  6175.98 1.3640e-15   6195.47 1 
  6178.72 1.3231e-15   6198.22 1 
  6181.46 1.4765e-15   6200.97 1 
  6184.20 1.4794e-15   6203.72 1 
  6186.94 1.3050e-15   6206.47 1 
  6189.69 1.3954e-15   6209.22 1 
  6192.43 1.3713e-15   6211.97 1 
  6195.17 1.5574e-15   6214.72 1 
  6197.91 1.4069e-15   6217.47 1 
  6200.65 1.3383e-15   6220.22 1 
  6203.39 1.3855e-15   6222.97 1 
  6206.13 1.2977e-15   6225.72 1 
  6208.88 1.4212e-15   6228.47 1 
  6211.62 1.6076e-15   6231.22 1 
  6214.36 1.3952e-15   6233.97 1 
  6217.10 1.4688e-15   6236.72 1 
  6219.84 1.2777e-15   6239.47 1 
  6222.58 1.5257e-15   6242.22 1 
  6225.32 1.4111e-15   6244.97 1 
  6228.06 1.4125e-15   6247.72 1 
  6230.81 1.3990e-15   6250.47 1 
  6233.55 1.5706e-15   6253.22 1 
  6236.29 1.4696e-15   6255.97 1 
  6239.03 1.1552e-15   6258.72 1 
  6241.77 1.4172e-15   6261.47 1 
  6244.51 1.2720e-15   6264.22 1 
  6247.25 1.3633e-15   6266.97 1 
  6250.00 1.2922e-15   6269.72 1 
  6252.74 1.3523e-15   6272.47 1 
  6255.48 1.0337e-15   6275.22 1 
  6258.22 1.1645e-15   6277.97 1 
  6260.96 1.3732e-15   6280.72 1 
  6263.70 1.3178e-15   6283.47 1 
  6266.44 1.3823e-15   6286.22 1 
  6269.18 1.3545e-15   6288.97 1 
  6271.93 1.6372e-15   6291.72 1 
  6274.67 1.3778e-15   6294.47 1 
  6277.41 1.3267e-15   6297.22 1 
  6280.15 1.4823e-15   6299.97 1 
  6282.89 1.2869e-15   6302.72 1 
  6285.63 7.7777e-16   6305.47 1 
  6288.37 1.0716e-15   6308.22 1 
  6291.12 1.2473e-15   6310.97 1 
  6293.86 1.5570e-15   6313.72 1 
  6296.60 1.9790e-15   6316.47 1 
  6299.34 2.2070e-15   6319.22 1 
  6302.08 1.9193e-15   6321.97 1 
  6304.82 1.8390e-15   6324.72 1 
  6307.56 1.6855e-15   6327.47 1 
  6310.30 1.7515e-15   6330.22 1 
  6313.05 1.7036e-15   6332.97 1 
  6315.79 1.0287e-15   6335.72 1 
  6318.53 1.3542e-15   6338.47 1 
  6321.27 1.3463e-15   6341.22 1 
  6324.01 1.2197e-15   6343.97 1 
  6326.75 1.3829e-15   6346.72 1 
  6329.49 1.5719e-15   6349.47 1 
  6332.24 1.5827e-15   6352.22 1 
  6334.98 1.5308e-15   6354.97 1 
  6337.72 1.5457e-15   6357.72 1 
  6340.46 1.5134e-15   6360.47 1 
  6343.20 1.3390e-15   6363.22 1 
  6345.94 1.5491e-15   6365.97 1 
  6348.68 1.2242e-15   6368.72 1 
  6351.43 1.4128e-15   6371.47 1 
  6354.17 1.5104e-15   6374.22 1 
  6356.91 1.3346e-15   6376.97 1 
  6359.65 1.2367e-15   6379.72 1 
  6362.39 1.5038e-15   6382.47 1 
  6365.13 1.6023e-15   6385.22 1 
  6367.87 1.5833e-15   6387.97 1 
  6370.61 1.3339e-15   6390.72 1 
  6373.36 1.3232e-15   6393.47 1 
  6376.10 1.2010e-15   6396.22 1 
  6378.84 1.3774e-15   6398.97 1 
  6381.58 1.5225e-15   6401.72 1 
  6384.32 1.4405e-15   6404.47 1 
  6387.06 1.3753e-15   6407.22 1 
  6389.80 1.4130e-15   6409.97 1 
  6392.55 1.4350e-15   6412.72 1 
  6395.29 1.4445e-15   6415.47 1 
  6398.03 1.2921e-15   6418.22 1 
  6400.77 1.4327e-15   6420.97 1 
  6403.51 1.4371e-15   6423.72 1 
  6406.25 1.4731e-15   6426.47 1 
  6408.99 1.5740e-15   6429.22 1 
  6411.73 1.3096e-15   6431.97 1 
  6414.48 1.4151e-15   6434.72 1 
  6417.22 1.5347e-15   6437.47 1 
  6419.96 1.3809e-15   6440.22 1 
  6422.70 1.2307e-15   6442.97 1 
  6425.44 1.3030e-15   6445.72 1 
  6428.18 1.4376e-15   6448.47 1 
  6430.92 1.3469e-15   6451.22 1 
  6433.67 1.2995e-15   6453.97 1 
  6436.41 1.5212e-15   6456.72 1 
  6439.15 1.3674e-15   6459.47 1 
  6441.89 1.1977e-15   6462.22 1 
  6444.63 1.4406e-15   6464.97 1 
  6447.37 1.2869e-15   6467.72 1 
  6450.11 1.4821e-15   6470.47 1 
  6452.86 1.5582e-15   6473.22 1 
  6455.60 1.3616e-15   6475.97 1 
  6458.34 1.3860e-15   6478.72 1 
  6461.08 1.2185e-15   6481.47 1 
  6463.82 1.2079e-15   6484.22 1 
  6466.56 1.3350e-15   6486.97 1 
  6469.30 1.2306e-15   6489.72 1 
  6472.04 1.3325e-15   6492.47 1 
  6474.79 1.6693e-15   6495.22 1 
  6477.53 1.2260e-15   6497.97 1 
  6480.27 1.5518e-15   6500.72 1 
  6483.01 1.2326e-15   6503.47 1 
  6485.75 1.3785e-15   6506.22 1 
  6488.49 1.2204e-15   6508.97 1 
  6491.23 1.2370e-15   6511.72 1 
  6493.98 1.2497e-15   6514.47 1 
  6496.72 1.3168e-15   6517.22 1 
  6499.46 1.4417e-15   6519.97 1 
  6502.20 1.4318e-15   6522.72 1 
  6504.94 1.2380e-15   6525.47 1 
  6507.68 1.4303e-15   6528.22 1 
  6510.42 1.3080e-15   6530.97 1 
  6513.16 1.4714e-15   6533.72 1 
  6515.91 1.6261e-15   6536.47 1 
  6518.65 1.5893e-15   6539.22 1 
  6521.39 1.3158e-15   6541.97 1 
  6524.13 1.3650e-15   6544.72 1 
  6526.87 1.4382e-15   6547.47 1 
  6529.61 1.3492e-15   6550.22 1 
  6532.35 1.1956e-15   6552.97 1 
  6535.10 1.2701e-15   6555.72 1 
  6537.84 1.5324e-15   6558.47 1 
  6540.58 1.4487e-15   6561.22 1 
  6543.32 1.8087e-15   6563.97 1 
  6546.06 1.9896e-15   6566.72 1 
  6548.80 2.1868e-15   6569.47 1 
  6551.54 3.5462e-15   6572.22 1 
  6554.28 8.5842e-15   6574.97 1 
  6557.03 2.7246e-14   6577.72 1 
  6559.77 5.3291e-14   6580.47 1 
  6562.51 6.1369e-14   6583.22 1 
  6565.25 4.0837e-14   6585.97 1 
  6567.99 1.6892e-14   6588.72 1 
  6570.73 5.4298e-15   6591.47 1 
  6573.47 2.5321e-15   6594.22 1 
  6576.22 2.1512e-15   6596.97 1 
  6578.96 2.7971e-15   6599.72 1 
  6581.70 3.2152e-15   6602.47 1 
  6584.44 2.8516e-15   6605.22 1 
  6587.18 2.3096e-15   6607.97 1 
  6589.92 1.6096e-15   6610.72 1 
  6592.66 1.4604e-15   6613.47 1 
  6595.41 1.4293e-15   6616.22 1 
  6598.15 1.3804e-15   6618.97 1 
  6600.89 1.2832e-15   6621.72 1 
  6603.63 1.4195e-15   6624.47 1 
  6606.37 1.2782e-15   6627.22 1 
  6609.11 1.4195e-15   6629.97 1 
  6611.85 1.4312e-15   6632.72 1 
  6614.59 1.2344e-15   6635.47 1 
  6617.34 1.3220e-15   6638.22 1 
  6620.08 1.3253e-15   6640.97 1 
  6622.82 1.4666e-15   6643.72 1 
  6625.56 1.3424e-15   6646.47 1 
  6628.30 1.2871e-15   6649.22 1 
  6631.04 1.2961e-15   6651.97 1 
  6633.78 1.2524e-15   6654.72 1 
  6636.53 1.1276e-15   6657.47 1 
  6639.27 1.2412e-15   6660.22 1 
  6642.01 1.2473e-15   6662.97 1 
  6644.75 1.2133e-15   6665.72 1 
  6647.49 1.1196e-15   6668.47 1 
  6650.23 1.0930e-15   6671.22 1 
  6652.97 1.1300e-15   6673.97 1 
  6655.71 1.3027e-15   6676.72 1 
  6658.46 1.1853e-15   6679.47 1 
  6661.20 1.2445e-15   6682.22 1 
  6663.94 1.3441e-15   6684.97 1 
  6666.68 1.3406e-15   6687.72 1 
  6669.42 1.5159e-15   6690.47 1 
  6672.16 1.5886e-15   6693.22 1 
  6674.90 1.6432e-15   6695.97 1 
  6677.65 2.0413e-15   6698.72 1 
  6680.39 1.5954e-15   6701.47 1 
  6683.13 1.4747e-15   6704.22 1 
  6685.87 1.3395e-15   6706.97 1 
  6688.61 1.2685e-15   6709.72 1 
  6691.35 1.1963e-15   6712.47 1 
  6694.09 1.2239e-15   6715.22 1 
  6696.84 1.1914e-15   6717.97 1 
  6699.58 1.4936e-15   6720.72 1 
  6702.32 1.1692e-15   6723.47 1 
  6705.06 1.3608e-15   6726.22 1 
  6707.80 1.6566e-15   6728.97 1 
  6710.54 2.4441e-15   6731.72 1 
  6713.28 4.3260e-15   6734.47 1 
  6716.02 4.8836e-15   6737.22 1 
  6718.77 3.9029e-15   6739.97 1 
  6721.51 2.4159e-15   6742.72 1 
  6724.25 2.1615e-15   6745.47 1 
  6726.99 3.1175e-15   6748.22 1 
  6729.73 3.6944e-15   6750.97 1 
  6732.47 3.3432e-15   6753.72 1 
  6735.21 2.3788e-15   6756.47 1 
  6737.96 1.7330e-15   6759.22 1 
  6740.70 1.4561e-15   6761.97 1 
  6743.44 1.4704e-15   6764.72 1 
  6746.18 1.4840e-15   6767.47 1 
  6748.92 1.2901e-15   6770.22 1 
  6751.66 1.1678e-15   6772.97 1 
  6754.40 1.2493e-15   6775.72 1 
  6757.14 1.1068e-15   6778.47 1 
  6759.89 1.0453e-15   6781.22 1 
  6762.63 1.1229e-15   6783.97 1 
  6765.37 1.1648e-15   6786.72 1 
  6768.11 1.2533e-15   6789.47 1 
  6770.85 1.2640e-15   6792.22 1 
  6773.59 1.2186e-15   6794.97 1 
  6776.33 1.2586e-15   6797.72 1 
  6779.08 1.3124e-15   6800.47 1 
  6781.82 1.3715e-15   6803.22 1 
  6784.56 1.4075e-15   6805.97 1 
  6787.30 1.3157e-15   6808.72 1 
  6790.04 1.2271e-15   6811.47 1 
  6792.78 1.2016e-15   6814.22 1 
  6795.52 1.1459e-15   6816.97 1 
  6798.26 9.5132e-16   6819.72 1 
  6801.01 9.9521e-16   6822.47 1 
  6803.75 1.1861e-15   6825.22 1 
  6806.49 1.4119e-15   6827.97 1 
  6817.60 1.2818e-15   6839.12 0 
  6833.32 1.2845e-15   6854.88 0 
  6849.07 1.2436e-15   6870.68 0 
  6864.86 1.2377e-15   6886.52 0 
  6880.68 1.2403e-15   6902.40 0 
  6896.54 1.2402e-15   6918.31 0 
  6912.44 1.2400e-15   6934.26 0 
  6928.38 1.2256e-15   6950.24 0 
  6944.35 1.2511e-15   6966.26 0 
  6960.36 1.2280e-15   6982.33 0 
  6976.40 1.2564e-15   6998.42 0 
  6992.48 1.2476e-15   7014.55 0 
  7008.60 1.2246e-15   7030.72 0 
  7024.76 1.2021e-15   7046.93 0 
  7040.95 1.2356e-15   7063.18 0 
  7057.18 1.2440e-15   7079.46 0 
  7073.45 1.1634e-15   7095.78 0 
  7089.76 1.2069e-15   7112.14 0 
  7106.10 1.1929e-15   7128.53 0 
  7122.49 1.1845e-15   7144.96 0 
  7138.90 1.1441e-15   7161.43 0 
  7155.36 1.1439e-15   7177.94 0 
  7171.86 1.1280e-15   7194.49 0 
  7188.39 1.1098e-15   7211.08 0 
  7204.96 1.1199e-15   7227.70 0 
  7221.57 1.1591e-15   7244.36 0 
  7238.22 1.1642e-15   7261.06 0 
  7254.90 1.1748e-15   7277.80 0 
  7271.62 1.1321e-15   7294.57 0 
  7288.39 1.1320e-15   7311.39 0 
  7305.19 1.1743e-15   7328.25 0 
  7322.03 1.1606e-15   7345.14 0 
  7338.91 1.1578e-15   7362.07 0 
  7355.83 1.1683e-15   7379.04 0 
  7372.78 1.1521e-15   7396.05 0 
  7389.78 1.1545e-15   7413.10 0 
  7406.82 1.1464e-15   7430.19 0 
  7423.89 1.1253e-15   7447.32 0 
  7441.00 1.1593e-15   7464.49 0 
  7458.16 1.1591e-15   7481.70 0 
  7475.35 1.1536e-15   7498.94 0 
  7492.58 1.1481e-15   7516.23 0 
  7509.86 1.1532e-15   7533.56 0 
  7527.17 1.1637e-15   7550.92 0 
  7544.52 1.1555e-15   7568.33 0 
  7561.91 1.1420e-15   7585.78 0 
  7579.34 1.1184e-15   7603.26 0 
  7596.81 1.1105e-15   7620.79 0 
  7614.33 1.1002e-15   7638.36 0 
  7631.88 1.1000e-15   7655.97 0 
  7649.47 1.0973e-15   7673.61 0 
  7667.11 1.0672e-15   7691.30 0 
  7684.78 1.0744e-15   7709.04 0 
  7702.50 1.0595e-15   7726.81 0 
  7720.25 1.0520e-15   7744.62 0 
  7738.05 1.0640e-15   7762.47 0 
  7755.89 1.0136e-15   7780.37 0 
  7773.77 1.0515e-15   7798.30 0 
  7791.69 1.0489e-15   7816.28 0 
  7809.65 1.0439e-15   7834.30 0 
  7827.65 1.0655e-15   7852.36 0 
  7845.70 1.0435e-15   7870.46 0 
  7863.78 1.0530e-15   7888.60 0 
  7881.91 1.0431e-15   7906.79 0 
  7900.08 1.0453e-15   7925.01 0 
  7918.29 1.0143e-15   7943.28 0 
  7936.55 1.0095e-15   7961.59 0 
  7954.84 9.7955e-16   7979.95 0 
  7973.18 1.0091e-15   7998.34 0 
  7991.56 1.0206e-15   8016.78 0 
  8009.98 1.0018e-15   8035.26 0 
  8028.44 1.0203e-15   8053.78 0 
  8046.96 1.0367e-15   8072.35 0 
  8065.50 1.0270e-15   8090.96 0 
  8084.10 9.9193e-16   8109.61 0 
  8102.73 9.6917e-16   8128.31 0 
  8121.41 9.9844e-16   8147.04 0 
  8140.13 9.8683e-16   8165.82 0 
  8158.90 9.7536e-16   8184.65 0 
  8177.71 9.5298e-16   8203.52 0 
  8196.56 9.3973e-16   8222.43 0 
  8215.45 9.8611e-16   8241.38 0 
  8234.39 9.4372e-16   8260.38 0 
  8253.37 9.8121e-16   8279.42 0 
  8272.40 9.9011e-16   8298.51 0 
  8291.47 9.5412e-16   8317.64 0 
  8310.58 9.5394e-16   8336.81 0 
  8329.74 9.2138e-16   8356.03 0 
  8348.95 9.4702e-16   8375.29 0 
  8368.19 9.5560e-16   8394.60 0 
  8387.48 9.2938e-16   8413.95 0 
  8406.82 9.3996e-16   8433.35 0 
  8426.20 9.4195e-16   8452.79 0 
  8445.62 8.7488e-16   8472.27 0 
  8465.09 9.2868e-16   8491.80 0 
  8484.60 9.4576e-16   8511.38 0 
  8504.16 8.7036e-16   8531.00 0 
  8523.77 8.8841e-16   8550.67 0 
  8543.42 9.0893e-16   8570.38 0 
  8563.11 9.1085e-16   8590.14 0 
  8582.85 9.2547e-16   8609.94 0 
  8602.64 8.8977e-16   8629.79 0 
  8622.47 8.9371e-16   8649.68 0 
  8642.34 9.1435e-16   8669.62 0 
  8662.26 8.7504e-16   8689.60 0 
  8682.24 8.3935e-16   8709.64 0 
  8702.25 8.7873e-16   8729.71 0 
  8722.31 8.8873e-16   8749.84 0 
  8742.42 8.9266e-16   8770.01 0 
  8762.57 8.3676e-16   8790.23 0 
  8782.77 8.6400e-16   8810.49 0 
  8803.02 8.7786e-16   8830.80 0 
  8823.31 8.9607e-16   8851.16 0 
  8843.65 8.8156e-16   8871.56 0 
  8864.03 8.5737e-16   8892.01 0 
  8884.47 8.3383e-16   8912.51 0 
  8904.95 8.6296e-16   8933.05 0 
  8925.48 8.6478e-16   8953.65 0 
  8946.06 8.7060e-16   8974.29 0 
  8966.68 8.5453e-16   8994.98 0 
  8987.35 8.2156e-16   9015.71 0 
  9008.07 8.0455e-16   9036.50 0 
  9028.83 7.9152e-16   9057.33 0 
  9049.64 8.8181e-16   9078.20 0 
  9070.51 8.2278e-16   9099.13 0 
  9091.42 8.1695e-16   9120.11 0 
  9112.37 8.5331e-16   9141.13 0 
  9133.38 8.6500e-16   9162.20 0 
  9154.44 8.1457e-16   9183.33 0 
  9175.54 8.1627e-16   9204.50 0 
  9196.69 8.2937e-16   9225.71 0 
  9217.89 7.9553e-16   9246.98 0 
  9239.14 7.2705e-16   9268.30 0 
  9260.44 8.0998e-16   9289.66 0 
  9281.79 8.3058e-16   9311.08 0 
  9303.18 7.8035e-16   9332.54 0 
  9324.63 8.1884e-16   9354.06 0 
  9346.12 8.1490e-16   9375.62 0 
  9367.67 8.0540e-16   9397.23 0 
  9389.26 8.0895e-16   9418.90 0 
  9410.91 7.9585e-16   9440.61 0 
  9432.60 8.0489e-16   9462.37 0 
  9454.35 7.9550e-16   9484.18 0 
  9476.14 8.0085e-16   9506.05 0 
  9497.99 7.9883e-16   9527.96 0 
  9519.88 7.8770e-16   9549.93 0 
  9541.83 7.3836e-16   9571.94 0 
  9563.83 7.7121e-16   9594.01 0 
  9585.87 7.8357e-16   9616.12 0 
  9607.97 7.7622e-16   9638.29 0 
  9630.11 7.7426e-16   9660.51 0 
  9652.32 7.6523e-16   9682.78 0 
  9674.57 7.6330e-16   9705.10 0 
  9696.87 7.6666e-16   9727.47 0 
  9719.22 7.5946e-16   9749.90 0 
  9741.63 7.5233e-16   9772.37 0 
  9764.08 7.5043e-16   9794.90 0 
  9786.59 7.4168e-16   9817.48 0 
  9809.15 7.5010e-16   9840.11 0 
  9831.76 7.4648e-16   9862.79 0 
  9854.43 7.4460e-16   9885.53 0 
  9877.15 7.3931e-16   9908.32 0 
  9899.92 7.3744e-16   9931.16 0 
  9922.74 7.3220e-16   9954.05 0 
  9945.61 7.3035e-16   9977.00 0 
  9968.54 7.2850e-16  10000.00 0 
  9991.52 7.2332e-16  10023.05 0 
 10014.55 7.0833e-16  10046.15 0 
 10083.97 6.9332e-16  10115.80 0 
 10130.51 7.0426e-16  10162.49 0 
 10177.27 6.9427e-16  10209.39 0 
 10224.26 6.9076e-16  10256.52 0 
 10271.44 6.8726e-16  10303.86 0 
 10295.12 6.8237e-16  10327.61 0 
 10510.69 6.5477e-16  10543.86 0 
 10706.11 6.2289e-16  10739.90 0 
 10905.15 5.9212e-16  10939.56 0 
 11107.89 5.7599e-16  11142.94 0 
 11288.37 5.5388e-16  11324.00 0 
 11498.24 5.4127e-16  11534.53 0 
 11712.02 5.2169e-16  11748.98 0 
 11902.32 5.0282e-16  11939.88 0 
 12095.72 4.8687e-16  12133.89 0 
 12292.26 4.7360e-16  12331.05 0 
 12491.99 4.5963e-16  12531.41 0 
 12694.97 4.4505e-16  12735.03 0 
 12901.24 4.3094e-16  12941.96 0 
 13110.87 4.2016e-16  13152.25 0 
 13293.26 4.0683e-16  13335.21 0 
 13509.26 3.9849e-16  13551.89 0 
 13697.19 3.8763e-16  13740.42 0 
 13887.74 3.7619e-16  13931.57 0 
 14113.40 3.6510e-16  14157.94 0 
 14309.73 3.5515e-16  14354.90 0 
 14508.80 3.5189e-16  14554.59 0 
 14710.64 3.4152e-16  14757.07 0 
 14915.29 3.3839e-16  14962.36 0 
 15087.99 3.3374e-16  15135.61 0 
 15297.88 3.3298e-16  15346.17 0 
 15510.70 3.2992e-16  15559.65 0 
 15690.31 3.2167e-16  15739.83 0 
 15908.59 3.1004e-16  15958.79 0 
 16092.80 3.0932e-16  16143.59 0 
 16316.68 3.0578e-16  16368.17 0 
 16505.60 2.9677e-16  16557.70 0 
 16696.73 2.9001e-16  16749.43 0 
 16890.08 2.8146e-16  16943.38 0 
 17085.66 2.7316e-16  17139.58 0 
 17283.49 2.6146e-16  17338.03 0 
 17483.62 2.5434e-16  17538.80 0 
 17686.08 2.4514e-16  17741.90 0 
 17890.88 2.3736e-16  17947.34 0 
 18098.03 2.2668e-16  18155.15 0 
 18307.60 2.2050e-16  18365.38 0 
 18519.60 2.1351e-16  18578.05 0 
 18690.95 2.0390e-16  18749.94 0 
 18907.38 1.9788e-16  18967.05 0 
 19082.34 1.9383e-16  19142.56 0 
 19303.31 1.8682e-16  19364.23 0 
 19481.90 1.7882e-16  19543.39 0 
 19707.50 1.7395e-16  19769.70 0 
 19889.86 1.6843e-16  19952.63 0 
 20120.16 1.6497e-16  20183.66 0 
 20306.34 1.5864e-16  20370.42 0 
 20494.24 1.5574e-16  20558.92 0 
 20683.85 1.5046e-16  20749.13 0 
 20923.37 1.4636e-16  20989.40 0 
 21116.98 1.4270e-16  21183.62 0 
 21312.36 1.3881e-16  21379.62 0 
 21509.57 1.3534e-16  21577.45 0 
 21708.58 1.3014e-16  21777.09 0 
 21909.45 1.2747e-16  21978.60 0 
 22112.19 1.2371e-16  22181.97 0 
 22316.78 1.1979e-16  22387.21 0 
 22523.28 1.1679e-16  22594.36 0 
 22679.39 1.1361e-16  22750.97 0 
 22889.25 1.0266e-16  22961.49 0 
 23101.03 1.0196e-16  23173.93 0 
 23314.79 8.9828e-17  23388.37 0 
 23476.41 8.5195e-17  23550.50 0 
 23693.62 8.6181e-17  23768.40 0 
 23912.87 7.8961e-17  23988.34 0 
 24078.61 7.6986e-17  24154.60 0 
 24301.42 7.6632e-17  24378.11 0 
 24526.26 7.1848e-17  24603.66 0 
 24696.28 7.1682e-17  24774.22 0 
 24924.78 6.3740e-17  25003.44 0 
 25097.56 6.3301e-17  25176.77 0 
 25271.52 6.3301e-17  25351.28 0 
 25505.36 6.2289e-17  25585.86 0 
 25682.14 6.2433e-17  25763.20 0 
 25919.79 6.0592e-17  26001.59 0 
 26099.47 6.0313e-17  26181.84 0 
 26280.37 5.8670e-17  26363.31 0 
 26523.55 5.7998e-17  26607.26 0 
 26707.39 5.6678e-17  26791.68 0 
 26892.54 5.5772e-17  26977.41 0 
 27078.93 5.4754e-17  27164.39 0 
 27329.50 5.3507e-17  27415.75 0 
 27518.93 5.2652e-17  27605.78 0 
 27709.67 5.1335e-17  27797.12 0 
 27901.76 5.0631e-17  27989.81 0 
 28095.15 4.9478e-17  28183.82 0 
 28289.91 4.8575e-17  28379.20 0 
 28485.99 4.7469e-17  28575.90 0 
 28683.47 4.6282e-17  28773.99 0 
 28882.28 4.5542e-17  28973.43 0 
 29082.50 4.4608e-17  29174.28 0 
 29284.07 4.3593e-17  29376.49 0 
 29487.08 4.2600e-17  29580.14 0 
 29691.46 4.1823e-17  29785.16 0 
 29897.28 4.0871e-17  29991.64 0 
 30104.51 4.0032e-17  30199.52 0 
 30313.17 3.9031e-17  30408.84 0 
 30523.31 3.8407e-17  30619.64 0 
 30734.87 3.7619e-17  30831.87 0 
 30876.76 3.6848e-17  30974.21 0 
 31090.77 3.6092e-17  31188.89 0 
 31306.30 3.5433e-17  31405.10 0 
 31523.29 3.4707e-17  31622.78 0 
 31668.78 3.3995e-17  31768.73 0 
 31888.32 3.3298e-17  31988.96 0 
 32109.34 3.2615e-17  32210.68 0 
 32331.93 3.2019e-17  32433.97 0 
 32481.16 3.1363e-17  32583.67 0 
 32706.29 3.0861e-17  32809.52 0 
 32933.02 3.0438e-17  33036.96 0 
 33085.02 2.9951e-17  33189.44 0 
 33314.38 2.8934e-17  33419.52 0 
 33468.14 2.8276e-17  33573.76 0 
 33700.11 2.7632e-17  33806.47 0 
 33933.73 2.7003e-17  34040.82 0 
 34090.35 2.6388e-17  34197.94 0 
 34326.67 2.5907e-17  34435.01 0 
 34485.11 2.5434e-17  34593.94 0 
 34724.13 2.4855e-17  34833.72 0 
 34884.43 2.4401e-17  34994.53 0 
 35126.22 2.3901e-17  35237.08 0 
 35288.34 2.3411e-17  35399.71 0 
 35532.98 2.2930e-17  35645.12 0 
 35696.98 2.2460e-17  35809.64 0 
 35861.77 2.2050e-17  35974.95 0 
 36110.34 2.1648e-17  36224.30 0 
 36277.00 2.1204e-17  36391.49 0 
 36528.49 2.0769e-17  36643.77 0 
 36697.08 2.0390e-17  36812.89 0 
 36866.45 1.9880e-17  36982.80 0 
 37122.02 1.9517e-17  37239.18 0 
 37293.36 1.9205e-17  37411.05 0 
 37465.48 1.8725e-17  37583.72 0 
 37725.20 1.8510e-17  37844.27 0 
 37899.32 1.8172e-17  38018.93 0 
 38074.24 1.7841e-17  38194.41 0 
 38338.18 1.7555e-17  38459.18 0 
 38515.13 1.7235e-17  38636.69 0 
 38692.94 1.6882e-17  38815.06 0 
 38871.53 1.6612e-17  38994.21 0 
 39140.95 1.6308e-17  39264.48 0 
 39321.65 1.6085e-17  39445.75 0 
 39503.14 1.5755e-17  39627.81 0 
 39685.46 1.5503e-17  39810.71 0 
 39868.67 1.5185e-17  39994.50 0 
 40145.01 1.4942e-17  40271.71 0 
 40330.30 1.4737e-17  40457.58 0 
 40516.48 1.4435e-17  40644.35 0 
 40703.49 1.4270e-17  40831.95 0 
 40891.35 1.4074e-17  41020.40 0 
 41080.08 1.3849e-17  41209.73 0 
 41269.73 1.3659e-17  41399.98 0 
 41460.21 1.3440e-17  41591.06 0 
 41747.62 1.3226e-17  41879.38 0 
 41940.30 1.3044e-17  42072.67 0 
 42133.88 1.2865e-17  42266.86 0 
 42328.35 1.2718e-17  42461.93 0 
 42523.76 1.2514e-17  42657.96 0 
 42720.02 1.2371e-17  42854.85 0 
 42917.20 1.1842e-17  43052.64 0 
 43115.33 1.1361e-17  43251.40 0 
 43314.32 1.1440e-17  43451.02 0 
 43514.24 1.0950e-17  43651.57 0 
 43715.12 1.0725e-17  43853.09 0 
 43916.89 1.0578e-17  44055.49 0 
 44119.59 1.0196e-17  44258.83 0 
 44323.22 1.0125e-17  44463.10 0 
 44527.84 9.9865e-18  44668.37 0 
 44733.36 9.6920e-18  44874.54 0 
 44939.82 9.7592e-18  45081.65 0 
 45147.29 9.5810e-18  45289.77 0 
 45251.35 9.3845e-18  45394.17 0 
 45460.21 9.4062e-18  45603.68 0 
 45670.03 9.3199e-18  45814.16 0 
 45880.87 9.0868e-18  46025.67 0 
 46092.63 9.1709e-18  46238.10 0 
 46305.37 9.0451e-18  46451.51 0 
 46519.14 8.9828e-18  46665.95 0 
 46733.85 8.9828e-18  46881.34 0 
 46949.55 8.9005e-18  47097.72 0 
 47057.77 8.8189e-18  47206.28 0 
 47275.01 8.8800e-18  47424.21 0 
 47493.21 8.7582e-18  47643.10 0 
 47712.41 8.7179e-18  47862.99 0 
 47932.68 8.6779e-18  48083.95 0 
 48153.91 8.5785e-18  48305.88 0 
 48264.91 8.6579e-18  48417.23 0 
 48487.67 8.5785e-18  48640.70 0 
 48711.52 8.4999e-18  48865.25 0 
 48936.34 8.4803e-18  49090.79 0 
 49049.15 8.4220e-18  49203.95 0 
 49275.53 8.4026e-18  49431.04 0 
 49503.01 8.3640e-18  49659.24 0 
 49731.49 8.3833e-18  49888.45 0 
 49846.13 8.3255e-18  50003.44 0 
 50076.24 8.3255e-18  50234.29 0 
 50307.37 8.2873e-18  50466.14 0 
 50539.56 8.2302e-18  50699.06 0 
 50656.06 8.2302e-18  50815.93 0 
 50772.82 8.2302e-18  50933.06 0 
 50889.91 8.2302e-18  51050.52 0 
 51007.22 8.2113e-18  51168.20 0 
 51124.79 8.1924e-18  51286.14 0 
 51242.64 8.1736e-18  51404.36 0 
 51360.76 8.1736e-18  51522.85 0 
 51479.15 8.1736e-18  51641.62 0 
 51597.87 8.1736e-18  51760.71 0 
 51716.81 8.1924e-18  51880.02 0 
 51836.01 8.1924e-18  51999.61 0 
 51955.50 8.1736e-18  52119.47 0 
 52075.26 8.1548e-18  52239.61 0 
 52195.30 8.1548e-18  52360.03 0 
 52315.61 8.1548e-18  52480.72 0 
 52436.26 8.1548e-18  52601.75 0 
 52557.13 8.1736e-18  52723.00 0 
 52678.28 8.2113e-18  52844.53 0 
 52799.70 8.2113e-18  52966.34 0 
 52921.41 8.1736e-18  53088.43 0 
 53043.40 8.1548e-18  53210.80 0 
 53165.73 8.1548e-18  53333.52 0 
 53288.28 8.1736e-18  53456.46 0 
 53411.11 8.1924e-18  53579.68 0 
 53534.23 8.1924e-18  53703.18 0 
 53657.63 8.1924e-18  53826.97 0 
 53781.31 8.2113e-18  53951.05 0 
 53905.28 8.2113e-18  54075.41 0 
 54029.60 8.2302e-18  54200.11 0 
 54154.14 8.2302e-18  54325.05 0 
 54278.97 8.2113e-18  54450.27 0 
 54404.09 8.2302e-18  54575.79 0 
 54529.49 8.2492e-18  54701.59 0 
 54655.18 8.2492e-18  54827.68 0 
 54781.17 8.2492e-18  54954.06 0 
 54907.50 8.2682e-18  55080.79 0 
 55034.07 8.2682e-18  55207.76 0 
 55160.93 8.2682e-18  55335.02 0 
 55288.08 8.3255e-18  55462.57 0 
 55415.52 8.3447e-18  55590.41 0 
 55543.26 8.3255e-18  55718.55 0 
 55671.35 8.3447e-18  55847.05 0 
 55799.67 8.3640e-18  55975.78 0 
 55928.30 8.3640e-18  56104.81 0 
 56057.22 8.3833e-18  56234.13 0 
 56186.43 8.4026e-18  56363.76 0 
 56315.95 8.4026e-18  56493.68 0 
 56445.76 8.4220e-18  56623.90 0 
 56575.93 8.4608e-18  56754.48 0 
 56706.34 8.4803e-18  56885.31 0 
 56837.06 8.4803e-18  57016.43 0 
 56968.07 8.4803e-18  57147.86 0 
 57099.38 8.5195e-18  57279.59 0 
 57231.00 8.5588e-18  57411.62 0 
 57362.99 8.5785e-18  57544.02 0 
 57495.21 8.5983e-18  57676.67 0 
 57627.74 8.6181e-18  57809.62 0 
 57760.58 8.6380e-18  57942.87 0 
 57893.72 8.6579e-18  58076.43 0 
 58027.17 8.6779e-18  58210.30 0 
 58160.93 8.6979e-18  58344.48 0 
 58295.06 8.7179e-18  58479.04 0 
 58429.43 8.7582e-18  58613.83 0 
 58564.11 8.7783e-18  58748.94 0 
 58699.11 8.7986e-18  58884.36 0 
 58834.41 8.8392e-18  59020.09 0 
 58970.03 8.8596e-18  59156.14 0 
 59243.53 5.1883e-18  59430.50 3 
 59545.08 8.2208e-18  59733.00 3 
 59846.52 1.2100e-17  60035.40 3 
 60147.97 1.2763e-17  60337.80 3 
 60449.42 1.3227e-17  60640.20 3 
 60750.87 8.6346e-18  60942.60 3 
 61052.42 8.3116e-18  61245.10 3 
 61353.87 8.6777e-18  61547.50 3 
 61655.31 1.1128e-17  61849.90 3 
 61956.77 2.2187e-17  62152.30 3 
 62258.21 2.0233e-17  62454.70 3 
 62559.76 1.4019e-17  62757.20 3 
 62861.21 1.5359e-17  63059.60 3 
 63162.66 1.2197e-17  63362.00 3 
 63464.11 1.0863e-17  63664.40 3 
 63765.55 1.1051e-17  63966.80 3 
 64067.10 9.0026e-18  64269.30 3 
 64368.55 8.0195e-18  64571.70 3 
 64670.00 7.9449e-18  64874.10 3 
 64971.45 8.6066e-18  65176.50 3 
 65272.90 7.8474e-18  65478.90 3 
 65574.45 7.1979e-18  65781.40 3 
 65875.89 8.7670e-18  66083.80 3 
 66177.34 7.0403e-18  66386.20 3 
 66478.79 6.3345e-18  66688.60 3 
 66780.24 2.8238e-18  66991.00 3 
 67081.79 7.7780e-18  67293.50 3 
 67383.24 2.3764e-18  67595.90 3 
 67684.69 6.6141e-18  67898.30 3 
 67986.13 6.3317e-18  68200.70 3 
 68287.59 8.3679e-18  68503.10 3 
 68589.13 7.6159e-18  68805.60 3 
 68890.58 7.5867e-18  69108.00 3 
 69192.03 7.3479e-18  69410.40 3 
 69493.48 6.9660e-18  69712.80 3 
 69794.93 1.3278e-17  70015.20 3 
 70096.48 7.4001e-18  70317.70 3 
 70397.93 8.6850e-18  70620.10 3 
 70699.37 1.0007e-17  70922.50 3 
 71000.82 9.4119e-18  71224.90 3 
 71302.27 8.3672e-18  71527.30 3 
 71603.82 7.2475e-18  71829.80 3 
 71905.27 5.9976e-18  72132.20 3 
 72206.72 1.0450e-17  72434.60 3 
 72508.16 1.1825e-17  72737.00 3 
 72809.61 1.0562e-17  73039.40 3 
 73111.16 6.1886e-18  73341.90 3 
 73412.61 1.0043e-17  73644.30 3 
 73714.06 1.0309e-17  73946.70 3 
 74015.51 1.1645e-17  74249.10 3 
 74316.96 1.5752e-17  74551.50 3 
 74618.50 2.1088e-17  74854.00 3 
 74919.95 1.4736e-17  75156.40 3 
 75221.40 1.7215e-17  75458.80 3 
 75522.85 1.3895e-17  75761.20 3 
 76125.75 1.7374e-17  76366.00 3 
 76728.74 1.3668e-17  76970.90 3 
 77331.64 1.4350e-17  77575.70 3 
 77934.54 1.1073e-17  78180.50 3 
 78537.53 1.2025e-17  78785.40 3 
 79140.44 1.2692e-17  79390.20 3 
 79743.43 1.0767e-17  79995.10 3 
 80346.33 9.6256e-18  80599.90 3 
 80949.23 8.9008e-18  81204.70 3 
 81552.21 7.5340e-18  81809.59 3 
 82155.12 7.6122e-18  82414.40 3 
 82758.02 7.5232e-18  83019.20 3 
 83361.01 9.1972e-18  83624.09 3 
 83963.91 8.7889e-18  84228.90 3 
 84566.80 7.7009e-18  84833.70 3 
 85169.81 1.0616e-17  85438.60 3 
 85772.70 1.0668e-17  86043.40 3 
 86375.70 1.0829e-17  86648.30 3 
 86978.60 9.6555e-18  87253.10 3 
 87581.50 9.5038e-18  87857.91 3 
 88184.49 9.8456e-18  88462.80 3 
 88787.39 7.9124e-18  89067.60 3 
 89390.29 1.1994e-17  89672.41 3 
 89993.28 1.8857e-17  90277.30 3 
 90596.18 1.0186e-17  90882.10 3 
 91199.07 8.6084e-18  91486.90 3 
 91802.07 8.0677e-18  92091.80 3 
 92404.97 8.5409e-18  92696.60 3 
 93007.97 8.6048e-18  93301.50 3 
 93610.86 8.4370e-18  93906.30 3 
 94213.76 8.2095e-18  94511.10 3 
 94816.75 7.9278e-18  95115.99 3 
 95419.65 7.8734e-18  95720.80 3 
 96022.55 8.4257e-18  96325.60 3 
 96625.55 8.0866e-18  96930.50 3 
 97228.44 8.1117e-18  97535.30 3 
 97831.34 8.5216e-18  98140.09 3 
 98434.34 8.5213e-18  98745.00 3 
 99037.24 9.0568e-18  99349.80 3 
 99640.24 9.1649e-18  99954.70 3 
100243.13 9.1726e-18 100559.50 3 
100846.03 1.0607e-17 101164.30 3 
101449.03 1.0217e-17 101769.20 3 
102051.92 9.3698e-18 102374.00 3 
102654.83 9.8099e-18 102978.80 3 
103257.81 1.1307e-17 103583.70 3 
103860.72 9.7944e-18 104188.50 3 
104463.61 2.8728e-17 104793.30 3 
105066.61 6.8003e-17 105398.20 3 
105669.51 4.1051e-17 106003.00 3 
106272.51 9.5198e-18 106607.91 3 
106875.40 1.0055e-17 107212.70 3 
107478.30 1.0656e-17 107817.50 3 
108081.30 1.1071e-17 108422.41 3 
108684.20 1.0866e-17 109027.20 3 
109287.09 1.1274e-17 109632.00 3 
109890.09 1.2299e-17 110236.90 3 
110492.99 1.1637e-17 110841.70 3 
111095.89 1.2342e-17 111446.51 3 
111698.88 1.4335e-17 112051.40 3 
112301.78 1.6823e-17 112656.20 3 
112904.77 1.6792e-17 113261.10 3 
113507.67 1.4528e-17 113865.90 3 
114110.57 1.5619e-17 114470.70 3 
114713.57 1.4350e-17 115075.60 3 
115316.46 1.3676e-17 115680.40 3 
115919.36 1.4234e-17 116285.20 3 
116522.35 1.4416e-17 116890.09 3 
117125.25 1.4097e-17 117494.90 3 
117728.15 1.4568e-17 118099.70 3 
118331.14 1.3839e-17 118704.59 3 
118934.04 1.4750e-17 119309.40 3 
119537.05 1.4823e-17 119914.30 3 
120139.94 1.4669e-17 120519.10 3 
120742.83 1.5467e-17 121123.90 3 
121345.84 1.5529e-17 121728.80 3 
121948.73 1.5012e-17 122333.60 3 
122551.63 1.5886e-17 122938.41 3 
123154.62 1.7374e-17 123543.30 3 
123757.52 1.7790e-17 124148.10 3 
124360.42 1.7050e-17 124752.91 3 
124963.41 1.7104e-17 125357.80 3 
125566.31 1.7924e-17 125962.60 3 
126169.31 1.7820e-17 126567.50 3 
126772.20 1.7820e-17 127172.30 3 
127375.11 1.9875e-17 127777.10 3 
127978.10 2.5227e-17 128382.00 3 
128581.00 2.4047e-17 128986.80 3 
129183.90 1.9032e-17 129591.60 3 
129786.90 1.8190e-17 130196.51 3 
130389.79 1.8177e-17 130801.30 3 
130992.68 1.8367e-17 131406.09 3 
131595.68 1.9129e-17 132011.00 3 
132198.58 1.9143e-17 132615.80 3 
132801.47 1.9083e-17 133220.59 3 
133404.48 1.8694e-17 133825.50 3 
134007.37 1.8467e-17 134430.30 3 
134610.37 1.9225e-17 135035.20 3 
135213.27 1.9355e-17 135640.00 3 
135816.16 1.9850e-17 136244.80 3 
136419.16 1.9724e-17 136849.70 3 
137022.06 1.9555e-17 137454.50 3 
137624.95 1.9857e-17 138059.30 3 
138227.96 2.0129e-17 138664.20 3 
138830.85 1.9588e-17 139269.00 3 
139433.74 2.0145e-17 139873.80 3 
140036.75 2.0070e-17 140478.70 3 
140639.64 2.0353e-17 141083.50 3 
141242.64 2.0163e-17 141688.41 3 
141845.54 1.9243e-17 142293.20 3 
142448.43 1.8758e-17 142898.00 3 
143051.44 1.8385e-17 143502.91 3 
143654.33 1.8012e-17 144107.70 3 
144257.22 1.8311e-17 144712.50 3 
145315.48 1.9134e-17 145774.09 3 
146159.63 1.8288e-17 146620.91 3 
147003.76 2.0304e-17 147467.70 3 
147847.89 2.0107e-17 148314.50 3 
148691.93 1.9203e-17 149161.20 3 
149536.06 2.0971e-17 150008.00 3 
150380.20 1.9291e-17 150854.80 3 
151224.24 1.9257e-17 151701.50 3 
152068.37 2.1350e-17 152548.30 3 
152912.50 2.0311e-17 153395.09 3 
153756.54 1.7961e-17 154241.80 3 
154600.67 3.3670e-17 155088.59 3 
155444.82 7.2525e-17 155935.41 3 
156288.86 5.9107e-17 156782.11 3 
157132.99 1.8465e-17 157628.91 3 
157977.13 2.0423e-17 158475.70 3 
158821.15 2.1612e-17 159322.39 3 
159665.30 2.2298e-17 160169.20 3 
160509.43 2.0670e-17 161016.00 3 
161353.57 2.1984e-17 161862.80 3 
162197.60 2.1854e-17 162709.50 3 
163041.75 2.1566e-17 163556.31 3 
163885.87 2.1392e-17 164403.09 3 
164729.92 2.1689e-17 165249.81 3 
165574.04 2.0882e-17 166096.59 3 
166418.17 2.0377e-17 166943.39 3 
167262.23 2.1206e-17 167790.11 3 
168106.35 2.1413e-17 168636.89 3 
168950.50 2.0732e-17 169483.70 3 
169794.52 2.1813e-17 170330.39 3 
170638.67 2.4113e-17 171177.20 3 
171482.80 2.2282e-17 172024.00 3 
172326.82 2.2129e-17 172870.69 3 
173170.97 2.3132e-17 173717.50 3 
174015.11 2.2509e-17 174564.30 3 
174859.24 2.2662e-17 175411.09 3 
175703.28 2.3528e-17 176257.80 3 
176547.43 2.3775e-17 177104.61 3 
177391.54 2.3584e-17 177951.39 3 
178235.60 2.3861e-17 178798.11 3 
179079.73 2.2740e-17 179644.91 3 
179923.86 2.3400e-17 180491.70 3 
180767.90 2.4619e-17 181338.41 3 
181612.02 2.4441e-17 182185.19 3 
182456.17 2.4622e-17 183032.00 3 
183300.21 2.4069e-17 183878.70 3 
184144.34 2.3102e-17 184725.50 3 
184988.47 2.4799e-17 185572.30 3 
185832.50 2.4569e-17 186418.98 3 
186676.65 4.9830e-17 187265.80 3 
187520.79 4.5751e-17 188112.61 3 
188364.93 2.7784e-17 188959.41 3 
189208.95 2.5155e-17 189806.09 3 
190053.10 2.7010e-17 190652.91 3 
190897.22 2.6475e-17 191499.69 3 
191741.27 2.5296e-17 192346.41 3 
192585.40 2.5538e-17 193193.20 3 
193429.54 2.5412e-17 194040.00 3 
194273.58 2.5143e-17 194886.70 3 
195117.72 2.4623e-17 195733.52 3 
195961.84 2.4258e-17 196580.30 3 
196805.88 2.5737e-17 197427.00 3 
197650.01 2.6363e-17 198273.80 3 
198494.15 2.7050e-17 199120.59 3 
199338.20 2.6753e-17 199967.31 3 
200182.32 2.6916e-17 200814.09 3 
201026.47 2.6845e-17 201660.91 3 
201870.60 2.5860e-17 202507.70 3 
202714.62 2.5729e-17 203354.39 3 
203558.77 2.7736e-17 204201.20 3 
205246.94 2.6246e-17 205894.70 3 
206935.21 2.6930e-17 207588.30 3 
208623.40 2.7736e-17 209281.81 3 
210311.55 2.6993e-17 210975.30 3 
211999.82 2.7872e-17 212668.89 3 
213687.99 2.7641e-17 214362.39 3 
215376.27 2.7474e-17 216056.00 3 
217064.44 2.8061e-17 217749.50 3 
218752.62 2.8129e-17 219443.00 3 
220440.90 2.7919e-17 221136.61 3 
222129.07 2.7681e-17 222830.11 3 
223817.23 2.7606e-17 224523.59 3 
225505.49 2.7347e-17 226217.19 3 
227193.68 2.7886e-17 227910.70 3 
228881.95 2.7800e-17 229604.30 3 
230570.12 2.8720e-17 231297.80 3 
232258.29 2.8107e-17 232991.30 3 
233946.57 2.8028e-17 234684.91 3 
235634.74 2.9088e-17 236378.41 3 
237322.92 2.8851e-17 238071.91 3 
239011.17 2.8669e-17 239765.48 3 
240699.35 2.8497e-17 241459.00 3 
242387.62 2.9825e-17 243152.59 3 
244075.79 2.9420e-17 244846.09 3 
245763.96 2.9128e-17 246539.59 3 
247452.24 2.9887e-17 248233.20 3 
249140.42 2.9962e-17 249926.70 3 
250828.59 3.0427e-17 251620.20 3 
252516.87 3.0602e-17 253313.81 3 
254205.04 3.0396e-17 255007.31 3 
255893.29 3.0820e-17 256700.89 3 
257581.46 3.0678e-17 258394.39 3 
259269.64 3.1743e-17 260087.89 3 
260957.92 3.1612e-17 261781.50 3 
262646.09 3.0882e-17 263475.00 3 
264334.26 3.2024e-17 265168.50 3 
266022.53 3.1224e-17 266862.09 3 
267710.70 3.0749e-17 268555.59 3 
269398.96 3.0755e-17 270249.19 3 
271087.14 3.0325e-17 271942.69 3 
272775.34 3.0227e-17 273636.22 3 
274463.61 3.0634e-17 275329.81 3 
276151.75 3.0646e-17 277023.28 3 
277839.92 3.0775e-17 278716.78 3 
279528.22 3.0493e-17 280410.41 3 
281216.39 3.1267e-17 282103.91 3 
282904.65 3.0782e-17 283797.50 3 
284592.83 3.0712e-17 285491.00 3 
286281.00 3.0803e-17 287184.50 3 
287969.26 3.0247e-17 288878.09 3 
289657.43 3.0867e-17 290571.59 3 
291345.61 3.0609e-17 292265.09 3 
293033.87 3.1008e-17 293958.69 3 
294722.04 3.0259e-17 295652.19 3 
296410.31 3.0403e-17 297345.78 3 
298098.51 3.0448e-17 299039.31 3 
299786.69 3.0501e-17 300732.81 3 
301474.95 3.0305e-17 302426.41 3 
303163.12 2.9860e-17 304119.91 3 
304851.30 3.0338e-17 305813.41 3 
306539.56 3.0635e-17 307507.00 3 
308227.73 3.0204e-17 309200.50 3 
309916.00 3.0768e-17 310894.09 3 
311604.17 2.9779e-17 312587.59 3 
313292.34 2.9639e-17 314281.09 3 
314980.61 3.1174e-17 315974.69 3 
316668.81 3.0789e-17 317668.22 3 
318356.98 3.0521e-17 319361.72 3 
320045.25 3.0198e-17 321055.31 3 
321733.39 3.0222e-17 322748.78 3 
323421.69 3.0392e-17 324442.41 3 
325109.86 3.0245e-17 326135.91 3 
326798.03 3.0463e-17 327829.41 3 
328486.30 3.1467e-17 329523.00 3 
330174.47 3.1139e-17 331216.50 3 
331862.64 3.4194e-17 332910.00 3 
333550.94 4.4810e-17 334603.62 3 
335239.11 4.7585e-17 336297.12 3 
336927.34 3.2548e-17 337990.69 3 
338615.52 3.0601e-17 339684.19 3 
340303.72 3.0257e-17 341377.72 3 
341991.95 3.2456e-17 343071.28 3 
343680.13 3.3023e-17 344764.78 3 
345368.30 3.2806e-17 346458.28 3 
347056.60 3.8868e-17 348151.91 3 
348744.74 3.9126e-17 349845.38 3 
