# An Atlas of Galaxy Spectral Energy Distributions from the Ultraviolet to the Mid-Infrared
# Brown et al. (2014)
# http://dx.doi.org/10.5072/03/529D3551F0117
# 
# Column 1 : Restframe Wavelength (Angstrom)
# Column 2 : Flux per unit wavelength (ergs/s/cm^2/Angstrom)
# Column 3 : Observed wavelength (Angstrom)
# Column 4 : Source (0 = model, 1 = Optical Spectrum, 2 = Akari, 3 = Spitzer IRS)
# 
   102.09 5.5588e-21    104.71 0 
   103.98 6.9021e-21    106.66 0 
   105.92 8.7494e-21    108.64 0 
   107.89 1.1350e-20    110.66 0 
   109.89 1.6595e-20    112.72 0 
   114.02 2.4377e-20    116.95 0 
   118.02 3.3650e-20    121.06 0 
   121.05 1.3427e-19    124.17 0 
   125.02 1.7258e-19    128.23 0 
   127.05 1.8836e-19    130.32 0 
   127.93 2.0090e-19    131.22 0 
   130.91 2.2593e-19    134.28 0 
   132.12 2.6976e-19    135.52 0 
   133.96 2.8839e-19    137.40 0 
   137.08 3.7323e-19    140.60 0 
   139.95 4.1303e-19    143.55 0 
   142.88 1.1587e-18    146.55 0 
   146.88 2.8773e-18    150.66 0 
   151.00 3.1621e-18    154.88 0 
   154.87 3.5074e-18    158.85 0 
   158.84 3.9172e-18    162.93 0 
   162.17 4.2071e-18    166.34 0 
   165.94 4.6879e-18    170.22 0 
   169.81 5.0931e-18    174.18 0 
   172.97 5.4448e-18    177.42 0 
   177.00 5.8882e-18    181.55 0 
   179.87 6.2227e-18    184.50 0 
   181.95 6.4711e-18    186.64 0 
   186.19 6.9499e-18    190.99 0 
   190.97 7.5680e-18    195.88 0 
   194.07 8.0164e-18    199.07 0 
   198.14 8.4914e-18    203.24 0 
   201.82 9.0569e-18    207.01 0 
   205.10 9.4837e-18    210.38 0 
   209.88 9.7270e-18    215.28 0 
   215.76 1.1015e-17    221.31 0 
   219.77 1.1668e-17    225.42 0 
   222.82 1.1967e-17    228.56 0 
   226.97 1.2676e-17    232.81 0 
   230.12 1.9814e-17    236.05 0 
   233.86 3.3418e-17    239.88 0 
   239.86 4.4976e-17    246.04 0 
   246.02 4.2460e-17    252.35 0 
   251.75 4.6664e-17    258.23 0 
   257.02 3.8017e-17    263.63 0 
   259.99 4.6342e-17    266.69 0 
   264.22 4.9429e-17    271.02 0 
   269.13 4.9886e-17    276.06 0 
   274.13 5.0001e-17    281.19 0 
   279.23 5.0348e-17    286.42 0 
   283.77 5.0697e-17    291.07 0 
   289.71 4.8638e-17    297.17 0 
   295.78 4.9543e-17    303.39 0 
   301.28 4.8527e-17    309.03 0 
   308.29 4.9886e-17    316.23 0 
   317.66 5.1878e-17    325.84 0 
   328.07 5.2117e-17    336.51 0 
   338.04 5.1758e-17    346.74 0 
   348.31 5.1166e-17    357.27 0 
   357.24 5.1166e-17    366.44 0 
   366.41 5.2237e-17    375.84 0 
   374.94 5.1520e-17    384.59 0 
   384.56 4.8976e-17    394.46 0 
   395.33 5.1166e-17    405.51 0 
   404.54 5.2117e-17    414.95 0 
   413.96 5.1166e-17    424.62 0 
   421.66 4.9657e-17    432.51 0 
   430.49 4.8751e-17    441.57 0 
   440.52 4.8976e-17    451.86 0 
   450.78 4.7971e-17    462.38 0 
   460.22 4.6236e-17    472.06 0 
   469.85 4.5602e-17    481.95 0 
   479.69 4.5918e-17    492.04 0 
   489.74 4.3349e-17    502.34 0 
   499.99 4.4564e-17    512.86 0 
   505.78 4.2362e-17    518.80 0 
   511.64 4.6449e-17    524.81 0 
   519.95 4.5497e-17    533.33 0 
   529.62 4.3750e-17    543.25 0 
   539.46 4.0736e-17    553.35 0 
   549.49 3.9535e-17    563.64 0 
   559.71 4.1398e-17    574.12 0 
   570.12 4.2656e-17    584.79 0 
   579.38 4.1303e-17    594.29 0 
   590.15 4.0924e-17    605.34 0 
   599.74 3.7496e-17    615.18 0 
   609.49 3.2283e-17    625.17 0 
   619.39 3.8903e-17    635.33 0 
   629.45 3.7237e-17    645.65 0 
   639.68 3.8017e-17    656.15 0 
   650.07 3.6642e-17    666.81 0 
   657.60 3.4752e-17    674.53 0 
   665.22 3.6139e-17    682.34 0 
   674.47 3.6306e-17    691.83 0 
   685.43 3.3035e-17    703.07 0 
   694.97 3.4832e-17    712.85 0 
   704.63 3.0973e-17    722.77 0 
   716.08 3.4039e-17    734.51 0 
   726.04 3.3572e-17    744.73 0 
   734.45 3.3112e-17    753.36 0 
   744.67 3.1914e-17    763.84 0 
   755.03 3.1259e-17    774.46 0 
   765.53 2.7288e-17    785.24 0 
   774.40 3.0198e-17    794.33 0 
   785.17 2.8182e-17    805.38 0 
   794.26 2.8905e-17    814.70 0 
   805.31 2.8839e-17    826.04 0 
   814.64 2.8378e-17    835.60 0 
   824.07 2.8182e-17    845.28 0 
   835.53 2.4153e-17    857.04 0 
   845.21 2.6914e-17    866.96 0 
   854.99 2.6181e-17    877.00 0 
   864.89 2.6241e-17    887.16 0 
   874.91 2.6000e-17    897.43 0 
   885.04 2.5644e-17    907.82 0 
   895.29 2.5234e-17    918.33 0 
   905.66 2.4489e-17    928.97 0 
   914.04 2.4321e-17    937.56 0 
   924.62 4.5080e-17    948.42 0 
   935.33 6.9021e-17    959.40 0 
   943.98 9.5715e-17    968.28 0 
   954.91 1.1803e-16    979.49 0 
   965.97 1.1967e-16    990.83 0 
   974.91 4.4564e-17   1000.00 0 
   983.93 8.8507e-17   1009.25 0 
   995.32 9.4837e-17   1020.94 0 
  1004.53 1.3365e-16   1030.39 0 
  1016.16 1.3614e-16   1042.32 0 
  1025.57 7.9246e-17   1051.96 0 
  1035.05 1.0209e-16   1061.70 0 
  1044.63 1.7060e-16   1071.52 0 
  1054.30 1.6519e-16   1081.43 0 
  1064.05 1.2734e-16   1091.44 0 
  1073.90 1.4927e-16   1101.54 0 
  1083.83 1.1481e-16   1111.73 0 
  1093.86 1.5631e-16   1122.02 0 
  1103.98 1.4859e-16   1132.40 0 
  1114.20 1.3995e-16   1142.88 0 
  1124.51 1.2161e-16   1153.45 0 
  1134.91 1.5885e-16   1164.13 0 
  1145.42 1.4520e-16   1174.90 0 
  1156.01 1.5310e-16   1185.77 0 
  1164.03 1.5345e-16   1193.99 0 
  1174.80 9.9995e-17   1205.04 0 
  1185.67 1.4689e-16   1216.19 0 
  1193.89 1.0256e-16   1224.62 0 
  1204.93 7.5332e-17   1235.95 0 
  1216.08 6.3238e-17   1247.38 0 
  1224.51 1.0964e-16   1256.03 0 
  1235.84 1.5703e-16   1267.65 0 
  1244.41 1.6826e-16   1276.44 0 
  1255.92 1.5775e-16   1288.25 0 
  1264.63 1.3771e-16   1297.18 0 
  1276.33 1.7660e-16   1309.18 0 
  1285.18 1.8492e-16   1318.26 0 
  1294.09 1.3835e-16   1327.39 0 
  1306.06 1.3708e-16   1339.68 0 
  1315.11 1.7700e-16   1348.96 0 
  1324.23 1.6749e-16   1358.31 0 
  1336.48 1.4354e-16   1370.88 0 
  1345.75 1.7741e-16   1380.38 0 
  1355.07 1.7099e-16   1389.95 0 
  1364.47 1.4927e-16   1399.59 0 
  1373.93 1.5667e-16   1409.29 0 
  1383.45 1.5667e-16   1419.06 0 
  1396.25 1.2941e-16   1432.19 0 
  1405.93 1.3243e-16   1442.12 0 
  1415.67 1.4255e-16   1452.11 0 
  1425.49 1.4689e-16   1462.18 0 
  1435.37 1.4689e-16   1472.31 0 
  1441.99 1.5487e-16   1479.11 0 
  1448.65 1.5812e-16   1485.94 0 
  1455.34 1.5170e-16   1492.79 0 
  1465.42 1.3835e-16   1503.14 0 
  1475.58 1.3963e-16   1513.56 0 
  1485.81 1.4387e-16   1524.05 0 
  1496.11 1.4587e-16   1534.62 0 
  1506.48 1.3645e-16   1545.25 0 
  1513.43 1.1994e-16   1552.39 0 
  1516.92 1.2971e-16   1555.97 0 
  1523.92 1.2531e-16   1563.15 0 
  1534.49 1.0592e-16   1573.98 0 
  1545.12 1.1350e-16   1584.89 0 
  1555.83 1.0889e-16   1595.88 0 
  1566.62 1.1428e-16   1606.94 0 
  1573.85 1.2302e-16   1614.36 0 
  1584.76 1.3091e-16   1625.55 0 
  1595.74 1.3335e-16   1636.82 0 
  1606.80 1.3212e-16   1648.16 0 
  1614.22 1.3304e-16   1655.77 0 
  1625.41 1.2705e-16   1667.25 0 
  1636.68 1.3740e-16   1678.80 0 
  1644.23 1.4027e-16   1686.55 0 
  1655.63 1.3182e-16   1698.24 0 
  1663.27 1.4387e-16   1706.08 0 
  1670.95 1.2705e-16   1713.96 0 
  1678.66 1.4859e-16   1721.87 0 
  1686.41 1.5523e-16   1729.82 0 
  1694.19 1.4722e-16   1737.80 0 
  1705.94 1.4321e-16   1749.85 0 
  1713.81 1.3551e-16   1757.92 0 
  1725.69 1.3582e-16   1770.11 0 
  1733.66 1.4790e-16   1778.28 0 
  1745.67 1.4689e-16   1790.61 0 
  1753.73 1.5775e-16   1798.87 0 
  1765.89 1.4859e-16   1811.34 0 
  1774.04 1.5065e-16   1819.70 0 
  1786.34 1.5739e-16   1832.31 0 
  1794.58 1.6904e-16   1840.77 0 
  1807.02 1.7178e-16   1853.53 0 
  1815.36 1.5921e-16   1862.09 0 
  1823.74 1.6633e-16   1870.68 0 
  1836.38 1.6405e-16   1883.65 0 
  1844.86 1.5416e-16   1892.34 0 
  1853.37 1.5739e-16   1901.08 0 
  1866.22 1.6519e-16   1914.26 0 
  1874.84 1.8113e-16   1923.09 0 
  1883.49 1.6943e-16   1931.97 0 
  1896.55 1.6633e-16   1945.36 0 
  1905.30 1.8196e-16   1954.34 0 
  1914.09 1.7700e-16   1963.36 0 
  1922.93 1.7538e-16   1972.42 0 
  1936.26 1.8966e-16   1986.10 0 
  1945.19 1.9998e-16   1995.26 0 
  1954.17 1.8792e-16   2004.47 0 
  1967.72 2.1280e-16   2018.37 0 
  1976.80 2.2386e-16   2027.68 0 
  1985.93 2.1676e-16   2037.04 0 
  1995.09 2.1726e-16   2046.45 0 
  2004.30 2.3173e-16   2055.89 0 
  2013.55 2.3226e-16   2065.38 0 
  2022.85 2.4716e-16   2074.91 0 
  2036.87 2.3767e-16   2089.30 0 
  2046.27 2.5060e-16   2098.94 0 
  2055.72 2.2698e-16   2108.63 0 
  2065.20 2.4209e-16   2118.36 0 
  2074.74 2.7860e-16   2128.14 0 
  2079.52 2.6423e-16   2133.04 0 
  2084.31 2.8053e-16   2137.96 0 
  2093.93 2.7351e-16   2147.83 0 
  2103.60 2.8575e-16   2157.74 0 
  2113.31 2.9852e-16   2167.70 0 
  2123.06 3.0689e-16   2177.71 0 
  2132.86 3.0548e-16   2187.76 0 
  2142.71 3.1116e-16   2197.86 0 
  2152.60 3.2959e-16   2208.01 0 
  2162.53 3.3035e-16   2218.20 0 
  2172.52 3.4039e-16   2228.44 0 
  2182.54 3.4118e-16   2238.72 0 
  2192.62 3.6223e-16   2249.05 0 
  2202.74 3.6727e-16   2259.44 0 
  2212.91 3.6474e-16   2269.86 0 
  2223.12 3.6981e-16   2280.34 0 
  2233.38 3.8635e-16   2290.87 0 
  2243.69 3.9076e-16   2301.44 0 
  2254.05 3.8760e-16   2312.07 0 
  2264.45 4.0443e-16   2322.74 0 
  2274.90 4.1717e-16   2333.46 0 
  2285.40 4.2832e-16   2344.23 0 
  2295.95 4.0948e-16   2355.05 0 
  2306.55 4.3320e-16   2365.92 0 
  2317.20 4.3166e-16   2376.84 0 
  2322.54 3.8982e-16   2382.32 0 
  2333.26 4.3884e-16   2393.32 0 
  2344.03 4.4849e-16   2404.36 0 
  2354.85 4.6365e-16   2415.46 0 
  2365.72 4.6199e-16   2426.61 0 
  2376.64 4.6997e-16   2437.81 0 
  2387.61 4.6398e-16   2449.06 0 
  2393.11 4.8777e-16   2454.71 0 
  2404.16 4.9276e-16   2466.04 0 
  2415.26 5.0706e-16   2477.42 0 
  2426.40 5.2903e-16   2488.86 0 
  2437.60 5.2831e-16   2500.35 0 
  2443.22 5.5157e-16   2506.11 0 
  2454.50 5.6106e-16   2517.68 0 
  2465.83 5.6678e-16   2529.30 0 
  2477.21 5.6993e-16   2540.97 0 
  2482.92 5.7084e-16   2546.83 0 
  2494.38 4.7089e-16   2558.59 0 
  2505.90 5.8791e-16   2570.40 0 
  2511.67 5.6886e-16   2576.32 0 
  2517.46 5.9800e-16   2582.26 0 
  2523.27 6.0589e-16   2588.21 0 
  2534.91 6.2485e-16   2600.16 0 
  2546.61 6.2540e-16   2612.16 0 
  2552.48 6.5592e-16   2618.18 0 
  2564.27 6.5951e-16   2630.27 0 
  2576.10 6.8327e-16   2642.41 0 
  2582.04 6.9068e-16   2648.50 0 
  2593.96 6.9606e-16   2660.72 0 
  2605.93 7.0470e-16   2673.01 0 
  2617.96 7.0691e-16   2685.34 0 
  2624.00 7.2953e-16   2691.54 0 
  2636.11 7.5752e-16   2703.96 0 
  2642.18 7.8355e-16   2710.19 0 
  2654.38 8.1925e-16   2722.70 0 
  2666.63 7.7939e-16   2735.27 0 
  2672.78 8.0062e-16   2741.57 0 
  2685.12 8.2559e-16   2754.23 0 
  2697.51 8.0555e-16   2766.94 0 
  2703.73 8.2558e-16   2773.32 0 
  2716.21 8.2240e-16   2786.12 0 
  2722.47 8.3320e-16   2792.54 0 
  2735.04 8.4931e-16   2805.43 0 
  2747.66 8.3826e-16   2818.38 0 
  2753.99 8.5711e-16   2824.88 0 
  2766.71 8.7770e-16   2837.92 0 
  2773.08 9.0782e-16   2844.46 0 
  2785.89 8.9805e-16   2857.59 0 
  2792.31 8.5892e-16   2864.18 0 
  2805.20 8.9381e-16   2877.40 0 
  2818.14 9.4523e-16   2890.68 0 
  2824.64 9.6869e-16   2897.34 0 
  2837.68 9.5163e-16   2910.72 0 
  2844.22 9.5743e-16   2917.43 0 
  2857.35 9.5365e-16   2930.89 0 
  2863.93 9.9546e-16   2937.65 0 
  2877.15 1.0240e-15   2951.21 0 
  2883.79 1.0350e-15   2958.01 0 
  2897.10 1.0573e-15   2971.67 0 
  2910.47 1.1155e-15   2985.38 0 
  2930.64 1.1229e-15   3006.08 0 
  2950.96 1.1251e-15   3026.91 0 
  2971.41 1.1510e-15   3047.89 0 
  2992.01 1.1666e-15   3069.02 0 
  3012.75 1.1688e-15   3090.30 0 
  3026.66 1.2105e-15   3104.56 0 
  3047.64 1.2382e-15   3126.08 0 
  3068.76 1.2811e-15   3147.75 0 
  3090.03 1.2864e-15   3169.57 0 
  3111.45 1.3495e-15   3191.54 0 
  3133.02 1.3426e-15   3213.66 0 
  3147.48 1.3776e-15   3228.49 0 
  3169.30 1.4056e-15   3250.87 0 
  3191.27 1.3887e-15   3273.41 0 
  3213.39 1.4169e-15   3296.10 0 
  3228.22 1.4109e-15   3311.31 0 
  3250.60 1.5003e-15   3334.26 0 
  3273.13 1.5448e-15   3357.38 0 
  3288.24 1.5668e-15   3372.87 0 
  3311.03 1.5584e-15   3396.25 0 
  3318.66 1.6339e-15   3404.08 0 
  3326.31 1.6473e-15   3411.93 0 
  3333.98 1.6685e-15   3419.79 0 
  3341.67 1.6028e-15   3427.68 0 
  3349.37 1.7078e-15   3435.58 0 
  3357.09 1.6255e-15   3443.50 0 
  3364.83 1.5614e-15   3451.44 0 
  3372.59 1.5455e-15   3459.39 0 
  3380.36 1.6467e-15   3467.37 0 
  3388.15 1.7145e-15   3475.36 0 
  3395.96 1.6931e-15   3483.37 0 
  3403.79 1.7030e-15   3491.40 0 
  3411.64 1.6587e-15   3499.45 0 
  3419.50 1.6838e-15   3507.52 0 
  3427.39 1.7411e-15   3515.60 0 
  3435.29 1.7553e-15   3523.71 0 
  3443.21 1.6553e-15   3531.83 0 
  3451.14 1.7395e-15   3539.97 0 
  3459.10 1.7177e-15   3548.13 0 
  3467.08 1.7198e-15   3556.31 0 
  3475.07 1.7378e-15   3564.51 0 
  3483.08 1.7239e-15   3572.73 0 
  3491.11 1.7866e-15   3580.96 0 
  3499.16 1.7521e-15   3589.22 0 
  3507.22 1.7950e-15   3597.49 0 
  3515.31 1.7202e-15   3605.79 0 
  3523.41 1.8034e-15   3614.10 0 
  3531.53 1.7890e-15   3622.43 0 
  3539.67 1.8626e-15   3630.78 0 
  3547.83 1.9038e-15   3639.15 0 
  3556.01 1.8712e-15   3647.54 0 
  3564.21 1.8821e-15   3655.95 0 
  3572.42 1.8036e-15   3664.37 0 
  3580.66 1.7727e-15   3672.82 0 
  3586.66 1.2776e-15   3678.98 1 
  3589.34 2.0411e-15   3681.73 1 
  3592.02 1.9392e-15   3684.48 1 
  3594.71 2.4070e-15   3687.23 1 
  3597.39 1.4220e-15   3689.98 1 
  3600.07 1.7133e-15   3692.73 1 
  3602.75 1.6054e-15   3695.48 1 
  3605.43 1.8779e-15   3698.23 1 
  3608.11 1.7954e-15   3700.98 1 
  3610.79 1.8076e-15   3703.73 1 
  3613.47 1.6411e-15   3706.48 1 
  3616.15 1.7372e-15   3709.23 1 
  3618.83 1.3556e-15   3711.98 1 
  3621.52 2.1344e-15   3714.73 1 
  3624.20 2.2904e-15   3717.48 1 
  3626.88 2.4914e-15   3720.23 1 
  3629.56 1.4623e-15   3722.98 1 
  3632.24 1.5966e-15   3725.73 1 
  3634.92 1.9955e-15   3728.48 1 
  3637.60 1.7871e-15   3731.23 1 
  3640.28 2.0620e-15   3733.98 1 
  3642.96 1.3206e-15   3736.73 1 
  3645.64 1.1144e-15   3739.48 1 
  3648.33 1.8094e-15   3742.23 1 
  3651.01 2.4027e-15   3744.98 1 
  3653.69 2.2554e-15   3747.73 1 
  3656.37 2.1125e-15   3750.48 1 
  3659.05 2.0546e-15   3753.23 1 
  3661.73 1.7150e-15   3755.98 1 
  3664.41 1.5717e-15   3758.73 1 
  3667.09 2.2289e-15   3761.48 1 
  3669.77 2.3647e-15   3764.23 1 
  3672.45 2.1265e-15   3766.98 1 
  3675.14 1.6403e-15   3769.73 1 
  3677.82 1.5397e-15   3772.48 1 
  3680.50 1.6972e-15   3775.23 1 
  3683.18 1.5529e-15   3777.98 1 
  3685.86 1.9426e-15   3780.73 1 
  3688.54 1.8333e-15   3783.48 1 
  3691.22 2.0846e-15   3786.23 1 
  3693.90 1.8189e-15   3788.98 1 
  3696.58 2.2194e-15   3791.73 1 
  3699.26 2.0196e-15   3794.48 1 
  3701.95 2.5668e-15   3797.23 1 
  3704.63 2.1668e-15   3799.98 1 
  3707.31 2.0867e-15   3802.73 1 
  3709.99 2.0202e-15   3805.48 1 
  3712.67 1.9354e-15   3808.23 1 
  3715.35 1.8709e-15   3810.98 1 
  3718.03 2.1728e-15   3813.73 1 
  3720.71 2.5837e-15   3816.48 1 
  3723.39 3.2883e-15   3819.23 1 
  3726.07 3.4984e-15   3821.98 1 
  3728.76 3.2616e-15   3824.73 1 
  3731.44 2.4263e-15   3827.48 1 
  3734.12 2.0837e-15   3830.23 1 
  3736.80 1.8991e-15   3832.98 1 
  3739.48 1.9499e-15   3835.73 1 
  3742.16 1.5215e-15   3838.48 1 
  3744.84 2.0003e-15   3841.23 1 
  3747.52 2.3577e-15   3843.98 1 
  3750.20 2.2470e-15   3846.73 1 
  3752.88 1.8296e-15   3849.48 1 
  3755.57 1.9545e-15   3852.23 1 
  3758.25 2.0973e-15   3854.98 1 
  3760.93 2.7472e-15   3857.73 1 
  3763.61 2.5213e-15   3860.48 1 
  3766.29 2.0490e-15   3863.23 1 
  3768.97 2.1687e-15   3865.98 1 
  3771.65 2.1183e-15   3868.73 1 
  3774.33 2.4036e-15   3871.48 1 
  3777.01 2.8713e-15   3874.23 1 
  3779.69 2.9614e-15   3876.98 1 
  3782.38 3.0028e-15   3879.73 1 
  3785.06 2.4662e-15   3882.48 1 
  3787.74 2.3777e-15   3885.23 1 
  3790.42 2.5597e-15   3887.98 1 
  3793.10 2.4335e-15   3890.73 1 
  3795.78 2.4933e-15   3893.48 1 
  3798.46 2.4262e-15   3896.23 1 
  3801.14 2.2764e-15   3898.98 1 
  3803.82 1.9957e-15   3901.73 1 
  3806.50 2.8772e-15   3904.48 1 
  3809.19 2.9785e-15   3907.23 1 
  3811.87 2.5762e-15   3909.98 1 
  3814.55 2.7234e-15   3912.73 1 
  3817.23 2.5463e-15   3915.48 1 
  3819.91 2.6711e-15   3918.23 1 
  3822.59 2.6204e-15   3920.98 1 
  3825.27 2.6617e-15   3923.73 1 
  3827.95 2.4233e-15   3926.48 1 
  3830.63 1.8657e-15   3929.23 1 
  3833.31 1.9014e-15   3931.98 1 
  3836.00 1.9270e-15   3934.73 1 
  3838.68 2.0427e-15   3937.48 1 
  3841.36 2.1958e-15   3940.23 1 
  3844.04 2.7710e-15   3942.98 1 
  3846.72 2.7118e-15   3945.73 1 
  3849.40 2.5573e-15   3948.48 1 
  3852.08 3.2627e-15   3951.23 1 
  3854.76 3.2092e-15   3953.98 1 
  3857.44 3.2317e-15   3956.73 1 
  3860.12 3.1196e-15   3959.48 1 
  3862.81 3.0157e-15   3962.23 1 
  3865.49 3.0827e-15   3964.98 1 
  3868.17 3.1241e-15   3967.73 1 
  3870.85 2.9736e-15   3970.48 1 
  3873.53 2.8379e-15   3973.23 1 
  3876.21 2.6699e-15   3975.98 1 
  3878.89 2.7197e-15   3978.73 1 
  3881.57 2.5336e-15   3981.48 1 
  3884.25 2.2532e-15   3984.23 1 
  3886.93 2.1100e-15   3986.98 1 
  3889.62 2.2124e-15   3989.73 1 
  3892.30 2.0414e-15   3992.48 1 
  3894.98 2.1954e-15   3995.23 1 
  3897.66 2.5544e-15   3997.98 1 
  3900.34 2.6151e-15   4000.73 1 
  3903.02 2.6477e-15   4003.48 1 
  3905.70 2.9577e-15   4006.23 1 
  3908.38 2.7300e-15   4008.98 1 
  3911.06 2.9225e-15   4011.73 1 
  3913.74 3.1538e-15   4014.48 1 
  3916.43 3.0577e-15   4017.23 1 
  3919.11 2.9601e-15   4019.98 1 
  3921.79 2.9157e-15   4022.73 1 
  3924.47 2.6528e-15   4025.48 1 
  3927.15 2.6179e-15   4028.23 1 
  3929.83 2.4251e-15   4030.98 1 
  3932.51 1.9442e-15   4033.73 1 
  3935.19 2.3310e-15   4036.48 1 
  3937.87 1.9845e-15   4039.23 1 
  3940.55 2.4744e-15   4041.98 1 
  3943.24 2.6384e-15   4044.73 1 
  3945.92 2.4108e-15   4047.48 1 
  3948.60 2.5410e-15   4050.23 1 
  3951.28 3.0996e-15   4052.98 1 
  3953.96 2.9420e-15   4055.73 1 
  3956.64 2.5679e-15   4058.48 1 
  3959.32 2.5565e-15   4061.23 1 
  3962.00 2.3627e-15   4063.98 1 
  3964.68 2.0181e-15   4066.73 1 
  3967.36 1.6971e-15   4069.48 1 
  3970.04 1.9661e-15   4072.23 1 
  3972.73 1.9488e-15   4074.98 1 
  3975.41 2.5733e-15   4077.73 1 
  3978.09 2.7678e-15   4080.48 1 
  3980.77 3.1452e-15   4083.23 1 
  3983.45 3.2879e-15   4085.98 1 
  3986.13 3.4297e-15   4088.73 1 
  3988.81 3.2636e-15   4091.48 1 
  3991.49 3.4373e-15   4094.23 1 
  3994.17 3.5322e-15   4096.98 1 
  3996.85 3.4131e-15   4099.73 1 
  3999.54 3.3455e-15   4102.48 1 
  4002.22 3.9638e-15   4105.23 1 
  4004.90 3.6040e-15   4107.98 1 
  4007.58 3.6534e-15   4110.73 1 
  4010.26 3.4526e-15   4113.48 1 
  4012.94 3.7072e-15   4116.23 1 
  4015.62 3.2916e-15   4118.98 1 
  4018.30 3.6130e-15   4121.73 1 
  4020.98 3.6408e-15   4124.48 1 
  4023.66 3.6232e-15   4127.23 1 
  4026.35 3.6360e-15   4129.98 1 
  4029.03 3.5465e-15   4132.73 1 
  4031.71 3.4434e-15   4135.48 1 
  4034.39 3.3662e-15   4138.23 1 
  4037.07 3.7628e-15   4140.98 1 
  4039.75 3.5901e-15   4143.73 1 
  4042.43 3.5596e-15   4146.48 1 
  4045.11 3.9244e-15   4149.23 1 
  4047.79 3.6507e-15   4151.98 1 
  4050.47 3.5481e-15   4154.73 1 
  4053.16 3.8020e-15   4157.48 1 
  4055.84 3.8435e-15   4160.23 1 
  4058.52 3.0340e-15   4162.98 1 
  4061.20 3.6614e-15   4165.73 1 
  4063.88 3.7322e-15   4168.48 1 
  4066.56 3.4198e-15   4171.23 1 
  4069.24 3.2954e-15   4173.98 1 
  4071.92 3.2238e-15   4176.73 1 
  4074.60 3.2674e-15   4179.48 1 
  4077.28 3.5299e-15   4182.23 1 
  4079.97 3.2870e-15   4184.98 1 
  4082.65 3.6754e-15   4187.73 1 
  4085.33 3.5427e-15   4190.48 1 
  4088.01 3.5652e-15   4193.23 1 
  4090.69 3.5569e-15   4195.98 1 
  4093.37 3.4875e-15   4198.73 1 
  4096.05 2.7650e-15   4201.48 1 
  4098.73 2.5741e-15   4204.23 1 
  4101.41 2.6254e-15   4206.98 1 
  4104.09 2.8261e-15   4209.73 1 
  4106.78 2.6546e-15   4212.48 1 
  4109.46 2.9194e-15   4215.23 1 
  4112.14 3.4005e-15   4217.98 1 
  4114.82 3.3756e-15   4220.73 1 
  4117.50 3.3293e-15   4223.48 1 
  4120.18 3.2997e-15   4226.23 1 
  4122.86 3.6468e-15   4228.98 1 
  4125.54 3.4624e-15   4231.73 1 
  4128.22 3.6927e-15   4234.48 1 
  4130.90 3.7888e-15   4237.23 1 
  4133.59 3.5250e-15   4239.98 1 
  4136.27 3.7778e-15   4242.73 1 
  4138.95 3.6944e-15   4245.48 1 
  4141.63 3.6252e-15   4248.23 1 
  4144.31 3.4662e-15   4250.98 1 
  4146.99 3.6939e-15   4253.73 1 
  4149.67 3.6676e-15   4256.48 1 
  4152.35 3.5543e-15   4259.23 1 
  4155.03 3.6635e-15   4261.98 1 
  4157.71 3.8277e-15   4264.73 1 
  4160.40 3.4975e-15   4267.48 1 
  4163.08 3.5455e-15   4270.23 1 
  4165.76 3.2228e-15   4272.98 1 
  4168.44 3.4470e-15   4275.73 1 
  4171.12 3.5832e-15   4278.48 1 
  4173.80 3.5317e-15   4281.23 1 
  4176.48 3.4961e-15   4283.98 1 
  4179.16 3.6432e-15   4286.73 1 
  4181.84 3.6222e-15   4289.48 1 
  4184.52 3.5905e-15   4292.23 1 
  4187.21 3.4202e-15   4294.98 1 
  4189.89 3.4766e-15   4297.73 1 
  4192.57 3.7755e-15   4300.48 1 
  4195.25 3.8267e-15   4303.23 1 
  4197.93 3.4015e-15   4305.98 1 
  4200.61 3.3933e-15   4308.73 1 
  4203.29 3.3854e-15   4311.48 1 
  4205.97 3.4819e-15   4314.23 1 
  4208.65 3.8327e-15   4316.98 1 
  4211.33 3.4504e-15   4319.73 1 
  4214.02 3.6357e-15   4322.48 1 
  4216.70 3.9307e-15   4325.23 1 
  4219.38 3.8294e-15   4327.98 1 
  4222.06 3.5985e-15   4330.73 1 
  4224.74 3.6606e-15   4333.48 1 
  4227.42 3.5340e-15   4336.23 1 
  4230.10 3.5179e-15   4338.98 1 
  4232.78 3.8723e-15   4341.73 1 
  4235.46 3.6225e-15   4344.48 1 
  4238.14 3.6863e-15   4347.23 1 
  4240.83 3.8410e-15   4349.98 1 
  4243.51 3.7085e-15   4352.73 1 
  4246.19 3.6238e-15   4355.48 1 
  4248.87 3.6048e-15   4358.23 1 
  4251.55 3.7996e-15   4360.98 1 
  4254.23 3.4545e-15   4363.73 1 
  4256.91 3.5816e-15   4366.48 1 
  4259.59 3.7789e-15   4369.23 1 
  4262.27 3.8795e-15   4371.98 1 
  4264.95 4.2147e-15   4374.73 1 
  4267.64 3.9967e-15   4377.48 1 
  4270.32 3.7754e-15   4380.23 1 
  4273.00 3.2972e-15   4382.98 1 
  4275.68 3.5656e-15   4385.73 1 
  4278.36 3.5025e-15   4388.48 1 
  4281.04 3.7021e-15   4391.23 1 
  4283.72 3.6378e-15   4393.98 1 
  4286.40 3.5107e-15   4396.73 1 
  4289.08 3.6525e-15   4399.48 1 
  4291.76 3.4297e-15   4402.23 1 
  4294.45 3.4461e-15   4404.98 1 
  4297.13 3.3925e-15   4407.73 1 
  4299.81 3.2844e-15   4410.48 1 
  4302.49 3.1292e-15   4413.23 1 
  4305.17 2.8578e-15   4415.98 1 
  4307.85 3.1783e-15   4418.73 1 
  4310.53 3.0419e-15   4421.48 1 
  4313.21 3.2278e-15   4424.23 1 
  4315.89 3.3735e-15   4426.98 1 
  4318.57 3.8826e-15   4429.73 1 
  4321.26 3.6917e-15   4432.48 1 
  4323.94 3.6147e-15   4435.23 1 
  4326.62 3.4201e-15   4437.98 1 
  4329.30 3.4395e-15   4440.73 1 
  4331.98 3.3273e-15   4443.48 1 
  4334.66 3.2850e-15   4446.23 1 
  4337.34 3.0310e-15   4448.98 1 
  4340.02 2.9626e-15   4451.73 1 
  4342.70 3.1340e-15   4454.48 1 
  4345.38 3.1219e-15   4457.23 1 
  4348.07 3.2788e-15   4459.98 1 
  4350.75 3.4309e-15   4462.73 1 
  4353.43 3.3935e-15   4465.48 1 
  4356.11 3.6713e-15   4468.23 1 
  4358.79 3.6517e-15   4470.98 1 
  4361.47 3.7430e-15   4473.73 1 
  4364.15 3.8258e-15   4476.48 1 
  4366.83 3.6668e-15   4479.23 1 
  4369.51 3.5914e-15   4481.98 1 
  4372.19 3.6903e-15   4484.73 1 
  4374.88 3.6430e-15   4487.48 1 
  4377.56 3.8849e-15   4490.23 1 
  4380.24 3.5874e-15   4492.98 1 
  4382.92 3.4759e-15   4495.73 1 
  4385.60 3.3597e-15   4498.48 1 
  4388.28 3.4665e-15   4501.23 1 
  4390.96 3.5694e-15   4503.98 1 
  4393.64 3.6921e-15   4506.73 1 
  4396.32 3.7069e-15   4509.48 1 
  4399.00 3.9646e-15   4512.23 1 
  4401.69 3.7842e-15   4514.98 1 
  4404.37 3.8913e-15   4517.73 1 
  4407.05 3.8434e-15   4520.48 1 
  4409.73 3.5690e-15   4523.23 1 
  4412.41 3.7462e-15   4525.98 1 
  4415.09 3.8059e-15   4528.73 1 
  4417.77 3.7517e-15   4531.48 1 
  4420.45 3.6984e-15   4534.23 1 
  4423.13 3.8161e-15   4536.98 1 
  4425.81 3.8708e-15   4539.73 1 
  4428.49 4.0020e-15   4542.48 1 
  4431.18 3.8576e-15   4545.23 1 
  4433.86 3.8126e-15   4547.98 1 
  4436.54 4.0405e-15   4550.73 1 
  4439.22 3.9783e-15   4553.48 1 
  4441.90 4.0211e-15   4556.23 1 
  4444.58 4.0181e-15   4558.98 1 
  4447.26 3.9600e-15   4561.73 1 
  4449.94 3.9610e-15   4564.48 1 
  4452.62 3.8011e-15   4567.23 1 
  4455.30 3.8202e-15   4569.98 1 
  4457.99 3.8703e-15   4572.73 1 
  4460.67 3.8639e-15   4575.48 1 
  4463.35 4.2457e-15   4578.23 1 
  4466.03 4.2669e-15   4580.98 1 
  4468.71 4.0623e-15   4583.73 1 
  4471.39 3.9161e-15   4586.48 1 
  4474.07 3.8537e-15   4589.23 1 
  4476.75 4.1586e-15   4591.98 1 
  4479.43 3.8199e-15   4594.73 1 
  4482.11 3.8796e-15   4597.48 1 
  4484.80 3.7276e-15   4600.23 1 
  4487.48 3.7834e-15   4602.98 1 
  4490.16 3.9094e-15   4605.73 1 
  4492.84 3.7826e-15   4608.48 1 
  4495.52 3.7621e-15   4611.23 1 
  4498.20 3.9500e-15   4613.98 1 
  4500.88 4.1942e-15   4616.73 1 
  4503.56 4.1589e-15   4619.48 1 
  4506.24 4.2756e-15   4622.23 1 
  4508.92 4.0694e-15   4624.98 1 
  4511.61 4.3934e-15   4627.73 1 
  4514.29 3.9601e-15   4630.48 1 
  4516.97 4.0564e-15   4633.23 1 
  4519.65 4.3270e-15   4635.98 1 
  4522.33 4.0734e-15   4638.73 1 
  4525.01 3.9297e-15   4641.48 1 
  4527.69 3.9424e-15   4644.23 1 
  4530.37 3.7944e-15   4646.98 1 
  4533.05 4.0303e-15   4649.73 1 
  4535.73 3.9599e-15   4652.48 1 
  4538.42 4.0183e-15   4655.23 1 
  4541.10 4.2095e-15   4657.98 1 
  4543.78 3.9206e-15   4660.73 1 
  4546.46 3.7892e-15   4663.48 1 
  4549.14 3.8714e-15   4666.23 1 
  4551.82 3.8696e-15   4668.98 1 
  4554.50 4.1296e-15   4671.73 1 
  4557.18 4.0807e-15   4674.48 1 
  4559.86 3.9894e-15   4677.23 1 
  4562.54 4.0774e-15   4679.98 1 
  4565.23 4.3279e-15   4682.73 1 
  4567.91 4.4035e-15   4685.48 1 
  4570.59 4.4064e-15   4688.23 1 
  4573.27 4.2171e-15   4690.98 1 
  4575.95 3.9381e-15   4693.73 1 
  4578.63 4.1396e-15   4696.48 1 
  4581.31 3.6710e-15   4699.23 1 
  4583.99 4.0877e-15   4701.98 1 
  4586.67 4.0123e-15   4704.73 1 
  4589.35 4.0227e-15   4707.48 1 
  4592.04 3.9574e-15   4710.23 1 
  4594.72 3.9835e-15   4712.98 1 
  4597.40 4.0329e-15   4715.73 1 
  4600.08 4.0217e-15   4718.48 1 
  4602.76 3.8514e-15   4721.23 1 
  4605.44 4.0862e-15   4723.98 1 
  4608.12 4.5297e-15   4726.73 1 
  4610.80 4.2696e-15   4729.48 1 
  4613.48 4.0189e-15   4732.23 1 
  4616.16 4.0976e-15   4734.98 1 
  4618.85 4.0495e-15   4737.73 1 
  4621.53 4.1131e-15   4740.48 1 
  4624.21 4.1430e-15   4743.23 1 
  4626.89 3.8521e-15   4745.98 1 
  4629.57 4.1278e-15   4748.73 1 
  4632.25 4.0381e-15   4751.48 1 
  4634.93 3.9248e-15   4754.23 1 
  4637.61 3.9600e-15   4756.98 1 
  4640.29 4.1343e-15   4759.73 1 
  4642.97 4.1047e-15   4762.48 1 
  4645.66 4.0773e-15   4765.23 1 
  4648.34 4.0602e-15   4767.98 1 
  4651.02 4.0619e-15   4770.73 1 
  4653.70 4.1305e-15   4773.48 1 
  4656.38 4.0655e-15   4776.23 1 
  4659.06 4.1003e-15   4778.98 1 
  4661.74 4.0621e-15   4781.73 1 
  4664.42 4.2462e-15   4784.48 1 
  4667.10 3.6789e-15   4787.23 1 
  4669.78 3.8201e-15   4789.98 1 
  4672.47 3.7426e-15   4792.73 1 
  4675.15 3.8961e-15   4795.48 1 
  4677.83 4.0733e-15   4798.23 1 
  4680.51 4.1012e-15   4800.98 1 
  4683.19 4.1113e-15   4803.73 1 
  4685.87 4.2908e-15   4806.48 1 
  4688.55 4.2172e-15   4809.23 1 
  4691.23 4.2460e-15   4811.98 1 
  4693.91 4.1583e-15   4814.73 1 
  4696.59 3.8700e-15   4817.48 1 
  4699.28 4.2069e-15   4820.23 1 
  4701.96 4.0564e-15   4822.98 1 
  4704.64 4.0062e-15   4825.73 1 
  4707.32 4.2119e-15   4828.48 1 
  4710.00 4.2244e-15   4831.23 1 
  4712.68 3.9089e-15   4833.98 1 
  4715.36 4.1107e-15   4836.73 1 
  4718.04 4.1209e-15   4839.48 1 
  4720.72 4.5076e-15   4842.23 1 
  4723.40 4.1976e-15   4844.98 1 
  4726.09 3.8743e-15   4847.73 1 
  4728.77 4.1303e-15   4850.48 1 
  4731.45 4.0005e-15   4853.23 1 
  4734.13 3.9085e-15   4855.98 1 
  4736.81 4.4134e-15   4858.73 1 
  4739.49 4.4089e-15   4861.48 1 
  4742.17 4.3409e-15   4864.23 1 
  4744.85 4.2975e-15   4866.98 1 
  4747.53 4.1680e-15   4869.73 1 
  4750.21 4.3270e-15   4872.48 1 
  4752.90 4.1806e-15   4875.23 1 
  4755.58 4.2801e-15   4877.98 1 
  4758.26 4.2089e-15   4880.73 1 
  4760.94 3.9421e-15   4883.48 1 
  4763.62 4.0846e-15   4886.23 1 
  4766.30 4.1464e-15   4888.98 1 
  4768.98 4.2256e-15   4891.73 1 
  4771.66 4.1020e-15   4894.48 1 
  4774.34 4.0739e-15   4897.23 1 
  4777.02 4.0524e-15   4899.98 1 
  4779.71 4.1829e-15   4902.73 1 
  4782.39 4.3040e-15   4905.48 1 
  4785.07 4.0753e-15   4908.23 1 
  4787.75 4.4168e-15   4910.98 1 
  4790.43 4.2178e-15   4913.73 1 
  4793.11 4.2470e-15   4916.48 1 
  4795.79 4.4435e-15   4919.23 1 
  4798.47 4.3344e-15   4921.98 1 
  4801.15 4.1473e-15   4924.73 1 
  4803.83 4.0250e-15   4927.48 1 
  4806.52 3.9158e-15   4930.23 1 
  4809.20 4.0940e-15   4932.98 1 
  4811.88 4.0959e-15   4935.73 1 
  4814.56 4.0987e-15   4938.48 1 
  4817.24 4.0404e-15   4941.23 1 
  4819.92 4.1648e-15   4943.98 1 
  4822.60 3.8946e-15   4946.73 1 
  4825.28 3.9512e-15   4949.48 1 
  4827.96 4.0413e-15   4952.23 1 
  4830.64 3.7322e-15   4954.98 1 
  4833.33 3.9987e-15   4957.73 1 
  4836.01 4.0083e-15   4960.48 1 
  4838.69 3.8688e-15   4963.23 1 
  4841.37 3.9278e-15   4965.98 1 
  4844.05 3.8767e-15   4968.73 1 
  4846.73 3.6971e-15   4971.48 1 
  4849.41 3.8102e-15   4974.23 1 
  4852.09 3.7484e-15   4976.98 1 
  4854.77 3.4607e-15   4979.73 1 
  4857.45 4.0166e-15   4982.48 1 
  4860.13 4.2171e-15   4985.23 1 
  4862.82 3.7244e-15   4987.98 1 
  4865.50 3.7374e-15   4990.73 1 
  4868.18 3.9675e-15   4993.48 1 
  4870.86 3.6265e-15   4996.23 1 
  4873.54 3.5912e-15   4998.98 1 
  4876.22 3.6995e-15   5001.73 1 
  4878.90 3.9623e-15   5004.48 1 
  4881.58 3.7435e-15   5007.23 1 
  4884.26 4.0112e-15   5009.98 1 
  4886.94 4.0275e-15   5012.73 1 
  4889.63 3.8726e-15   5015.48 1 
  4892.31 3.8513e-15   5018.23 1 
  4894.99 4.0526e-15   5020.98 1 
  4897.67 4.0207e-15   5023.73 1 
  4900.35 4.3052e-15   5026.48 1 
  4903.03 4.1924e-15   5029.23 1 
  4905.71 4.1258e-15   5031.98 1 
  4908.39 3.9619e-15   5034.73 1 
  4911.07 4.1447e-15   5037.48 1 
  4913.75 4.1096e-15   5040.23 1 
  4916.44 3.9069e-15   5042.98 1 
  4919.12 3.7062e-15   5045.73 1 
  4921.80 3.7480e-15   5048.48 1 
  4924.48 3.9001e-15   5051.23 1 
  4927.16 3.9213e-15   5053.98 1 
  4929.84 4.0330e-15   5056.73 1 
  4932.52 4.1501e-15   5059.48 1 
  4935.20 4.2197e-15   5062.23 1 
  4937.88 3.9655e-15   5064.98 1 
  4940.56 4.2881e-15   5067.73 1 
  4943.25 3.8844e-15   5070.48 1 
  4945.93 3.9709e-15   5073.23 1 
  4948.61 4.3626e-15   5075.98 1 
  4951.29 4.0713e-15   5078.73 1 
  4953.97 3.9925e-15   5081.48 1 
  4956.65 3.9616e-15   5084.23 1 
  4959.33 4.1273e-15   5086.98 1 
  4962.01 4.2748e-15   5089.73 1 
  4964.69 4.3197e-15   5092.48 1 
  4967.37 4.1597e-15   5095.23 1 
  4970.06 3.9421e-15   5097.98 1 
  4972.74 4.0559e-15   5100.73 1 
  4975.42 4.1975e-15   5103.48 1 
  4978.10 4.1030e-15   5106.23 1 
  4980.78 3.9164e-15   5108.98 1 
  4983.46 3.7647e-15   5111.73 1 
  4986.14 3.9235e-15   5114.48 1 
  4988.82 3.8188e-15   5117.23 1 
  4991.50 3.9178e-15   5119.98 1 
  4994.18 4.1966e-15   5122.73 1 
  4996.87 4.1685e-15   5125.48 1 
  4999.55 3.9890e-15   5128.23 1 
  5002.23 4.0919e-15   5130.98 1 
  5004.91 4.3099e-15   5133.73 1 
  5007.59 4.3036e-15   5136.48 1 
  5010.27 4.1695e-15   5139.23 1 
  5012.95 4.0312e-15   5141.98 1 
  5015.63 3.8043e-15   5144.73 1 
  5018.31 3.8144e-15   5147.48 1 
  5020.99 3.8383e-15   5150.23 1 
  5023.68 3.7983e-15   5152.98 1 
  5026.36 3.7559e-15   5155.73 1 
  5029.04 3.8260e-15   5158.48 1 
  5031.72 4.0689e-15   5161.23 1 
  5034.40 3.8980e-15   5163.98 1 
  5037.08 4.0385e-15   5166.73 1 
  5039.76 4.1584e-15   5169.48 1 
  5042.44 3.8666e-15   5172.23 1 
  5045.12 3.9479e-15   5174.98 1 
  5047.80 3.9472e-15   5177.73 1 
  5050.49 4.0680e-15   5180.48 1 
  5053.17 3.9827e-15   5183.23 1 
  5055.85 4.0930e-15   5185.98 1 
  5058.53 4.0583e-15   5188.73 1 
  5061.21 3.9808e-15   5191.48 1 
  5063.89 3.9961e-15   5194.23 1 
  5066.57 4.0702e-15   5196.98 1 
  5069.25 4.0631e-15   5199.73 1 
  5071.93 3.7447e-15   5202.48 1 
  5074.61 3.8688e-15   5205.23 1 
  5077.30 3.8938e-15   5207.98 1 
  5079.98 3.7647e-15   5210.73 1 
  5082.66 3.5604e-15   5213.48 1 
  5085.34 3.7235e-15   5216.23 1 
  5088.02 4.1674e-15   5218.98 1 
  5090.70 4.2103e-15   5221.73 1 
  5093.38 4.2397e-15   5224.48 1 
  5096.06 4.2101e-15   5227.23 1 
  5098.74 4.0070e-15   5229.98 1 
  5101.42 4.0801e-15   5232.73 1 
  5104.11 4.0195e-15   5235.48 1 
  5106.79 4.0753e-15   5238.23 1 
  5109.47 4.0884e-15   5240.98 1 
  5112.15 3.9522e-15   5243.73 1 
  5114.83 4.0192e-15   5246.48 1 
  5117.51 3.9029e-15   5249.23 1 
  5120.19 4.1374e-15   5251.98 1 
  5122.87 4.1016e-15   5254.73 1 
  5125.55 3.8631e-15   5257.48 1 
  5128.23 4.0092e-15   5260.23 1 
  5130.92 4.2663e-15   5262.98 1 
  5133.60 4.1937e-15   5265.73 1 
  5136.28 4.1487e-15   5268.48 1 
  5138.96 4.0088e-15   5271.23 1 
  5141.64 3.8282e-15   5273.98 1 
  5144.32 3.7715e-15   5276.73 1 
  5147.00 3.8375e-15   5279.48 1 
  5149.68 3.9247e-15   5282.23 1 
  5152.36 3.9908e-15   5284.98 1 
  5155.04 4.1302e-15   5287.73 1 
  5157.73 4.1505e-15   5290.48 1 
  5160.41 3.9760e-15   5293.23 1 
  5163.09 3.7835e-15   5295.98 1 
  5165.77 3.7336e-15   5298.73 1 
  5168.45 3.5507e-15   5301.48 1 
  5171.13 3.3753e-15   5304.23 1 
  5173.81 3.4208e-15   5306.98 1 
  5176.49 3.7401e-15   5309.73 1 
  5179.17 3.8141e-15   5312.48 1 
  5181.85 3.7547e-15   5315.23 1 
  5184.54 3.7525e-15   5317.98 1 
  5187.22 3.6589e-15   5320.73 1 
  5189.90 3.8135e-15   5323.48 1 
  5192.58 3.9018e-15   5326.23 1 
  5195.26 3.9608e-15   5328.98 1 
  5197.94 4.3003e-15   5331.73 1 
  5200.62 4.2905e-15   5334.48 1 
  5203.30 4.2330e-15   5337.23 1 
  5205.98 4.1130e-15   5339.98 1 
  5208.66 4.0046e-15   5342.73 1 
  5211.35 3.8621e-15   5345.48 1 
  5214.03 4.0163e-15   5348.23 1 
  5216.71 3.9852e-15   5350.98 1 
  5219.39 4.2133e-15   5353.73 1 
  5222.07 4.2895e-15   5356.48 1 
  5224.75 4.0694e-15   5359.23 1 
  5227.43 3.9643e-15   5361.98 1 
  5230.11 4.2152e-15   5364.73 1 
  5232.79 4.3165e-15   5367.48 1 
  5235.47 4.1695e-15   5370.23 1 
  5238.16 4.0970e-15   5372.98 1 
  5240.84 4.3187e-15   5375.73 1 
  5243.52 4.2430e-15   5378.48 1 
  5246.20 4.1824e-15   5381.23 1 
  5248.88 4.1707e-15   5383.98 1 
  5251.56 3.9677e-15   5386.73 1 
  5254.24 3.9979e-15   5389.48 1 
  5256.92 4.1172e-15   5392.23 1 
  5259.60 4.1511e-15   5394.98 1 
  5262.28 4.0157e-15   5397.73 1 
  5264.97 3.9316e-15   5400.48 1 
  5267.65 3.8165e-15   5403.23 1 
  5270.33 3.7015e-15   5405.98 1 
  5273.01 3.9883e-15   5408.73 1 
  5275.69 3.9222e-15   5411.48 1 
  5278.37 4.0155e-15   5414.23 1 
  5281.05 4.1127e-15   5416.98 1 
  5283.73 4.1731e-15   5419.73 1 
  5286.41 4.3572e-15   5422.48 1 
  5289.09 4.5237e-15   5425.23 1 
  5291.77 4.4918e-15   5427.98 1 
  5294.46 4.3762e-15   5430.73 1 
  5297.14 4.1909e-15   5433.48 1 
  5299.82 4.1558e-15   5436.23 1 
  5302.50 4.1613e-15   5438.98 1 
  5305.18 4.2582e-15   5441.73 1 
  5307.86 4.2109e-15   5444.48 1 
  5310.54 4.0886e-15   5447.23 1 
  5313.22 4.2485e-15   5449.98 1 
  5315.90 4.4549e-15   5452.73 1 
  5318.58 4.3600e-15   5455.48 1 
  5321.27 4.3336e-15   5458.23 1 
  5323.95 4.1807e-15   5460.98 1 
  5326.63 4.2039e-15   5463.73 1 
  5329.31 4.0800e-15   5466.48 1 
  5331.99 3.9827e-15   5469.23 1 
  5334.67 4.1697e-15   5471.98 1 
  5337.35 4.1750e-15   5474.73 1 
  5340.03 4.1317e-15   5477.48 1 
  5342.71 4.1971e-15   5480.23 1 
  5345.39 4.1572e-15   5482.98 1 
  5348.08 4.3486e-15   5485.73 1 
  5350.76 4.5091e-15   5488.48 1 
  5353.44 4.3303e-15   5491.23 1 
  5356.12 4.5233e-15   5493.98 1 
  5358.80 4.5657e-15   5496.73 1 
  5361.48 4.3846e-15   5499.48 1 
  5364.16 4.2003e-15   5502.23 1 
  5366.84 4.2193e-15   5504.98 1 
  5369.52 3.9831e-15   5507.73 1 
  5372.20 4.2264e-15   5510.48 1 
  5374.89 4.2856e-15   5513.23 1 
  5377.57 4.3104e-15   5515.98 1 
  5380.25 4.5961e-15   5518.73 1 
  5382.93 4.4947e-15   5521.48 1 
  5385.61 4.4433e-15   5524.23 1 
  5388.29 4.2256e-15   5526.98 1 
  5390.97 4.2675e-15   5529.73 1 
  5393.65 4.1088e-15   5532.48 1 
  5396.33 4.1630e-15   5535.23 1 
  5399.01 4.2391e-15   5537.98 1 
  5401.70 4.2855e-15   5540.73 1 
  5404.38 4.1808e-15   5543.48 1 
  5407.06 4.1880e-15   5546.23 1 
  5409.74 4.1166e-15   5548.98 1 
  5412.42 4.1552e-15   5551.73 1 
  5415.10 4.2523e-15   5554.48 1 
  5417.78 4.1081e-15   5557.23 1 
  5420.46 4.3312e-15   5559.98 1 
  5423.14 4.4224e-15   5562.73 1 
  5425.82 4.2645e-15   5565.48 1 
  5428.51 4.0218e-15   5568.23 1 
  5431.19 4.2237e-15   5570.98 1 
  5433.87 4.4720e-15   5573.73 1 
  5436.55 4.1355e-15   5576.48 1 
  5439.23 4.4545e-15   5579.23 1 
  5441.91 4.2064e-15   5581.98 1 
  5444.59 4.1699e-15   5584.73 1 
  5447.27 4.3458e-15   5587.48 1 
  5449.95 4.0304e-15   5590.23 1 
  5452.63 4.1525e-15   5592.98 1 
  5455.32 4.0722e-15   5595.73 1 
  5458.00 4.2217e-15   5598.48 1 
  5460.68 4.3354e-15   5601.23 1 
  5463.36 4.1033e-15   5603.98 1 
  5466.04 4.5643e-15   5606.73 1 
  5468.72 4.4087e-15   5609.48 1 
  5471.40 4.1181e-15   5612.23 1 
  5474.08 4.2574e-15   5614.98 1 
  5476.76 4.1669e-15   5617.73 1 
  5479.44 4.1841e-15   5620.48 1 
  5482.13 3.9969e-15   5623.23 1 
  5484.81 4.4137e-15   5625.98 1 
  5487.49 4.1440e-15   5628.73 1 
  5490.17 4.5326e-15   5631.48 1 
  5492.85 4.4208e-15   5634.23 1 
  5495.53 4.1964e-15   5636.98 1 
  5498.21 4.2987e-15   5639.73 1 
  5500.89 4.2296e-15   5642.48 1 
  5503.57 4.2830e-15   5645.23 1 
  5506.25 4.2719e-15   5647.98 1 
  5508.94 4.3297e-15   5650.73 1 
  5511.62 4.3626e-15   5653.48 1 
  5514.30 4.1057e-15   5656.23 1 
  5516.98 4.2448e-15   5658.98 1 
  5519.66 4.3508e-15   5661.73 1 
  5522.34 4.5559e-15   5664.48 1 
  5525.02 4.3064e-15   5667.23 1 
  5527.70 4.3430e-15   5669.98 1 
  5530.38 4.3342e-15   5672.73 1 
  5533.06 4.3000e-15   5675.48 1 
  5535.75 4.0396e-15   5678.23 1 
  5538.43 4.5209e-15   5680.98 1 
  5541.11 4.1818e-15   5683.73 1 
  5543.79 4.2690e-15   5686.48 1 
  5546.47 4.3386e-15   5689.23 1 
  5549.15 3.9996e-15   5691.98 1 
  5551.83 4.2333e-15   5694.73 1 
  5554.51 4.4006e-15   5697.48 1 
  5557.19 4.5481e-15   5700.23 1 
  5559.87 4.4332e-15   5702.98 1 
  5562.56 4.3431e-15   5705.73 1 
  5565.24 4.2198e-15   5708.48 1 
  5567.92 4.4946e-15   5711.23 1 
  5570.60 4.5276e-15   5713.98 1 
  5573.28 4.2921e-15   5716.73 1 
  5575.96 4.2248e-15   5719.48 1 
  5578.64 4.4437e-15   5722.23 1 
  5581.32 4.3694e-15   5724.98 1 
  5584.00 4.3197e-15   5727.73 1 
  5586.68 4.2321e-15   5730.48 1 
  5589.37 4.1463e-15   5733.23 1 
  5592.05 4.3176e-15   5735.98 1 
  5594.73 4.1875e-15   5738.73 1 
  5597.41 4.2805e-15   5741.48 1 
  5600.09 4.3732e-15   5744.23 1 
  5602.77 4.3580e-15   5746.98 1 
  5605.45 4.3411e-15   5749.73 1 
  5608.13 4.4502e-15   5752.48 1 
  5610.81 4.3297e-15   5755.23 1 
  5613.49 4.2601e-15   5757.98 1 
  5616.18 4.2392e-15   5760.73 1 
  5618.86 4.1115e-15   5763.48 1 
  5621.54 4.2084e-15   5766.23 1 
  5624.22 4.3749e-15   5768.98 1 
  5626.90 4.4781e-15   5771.73 1 
  5629.58 4.1764e-15   5774.48 1 
  5632.26 4.3390e-15   5777.23 1 
  5634.94 4.5636e-15   5779.98 1 
  5637.62 4.4500e-15   5782.73 1 
  5640.30 4.4637e-15   5785.48 1 
  5642.99 4.2429e-15   5788.23 1 
  5645.67 4.3501e-15   5790.98 1 
  5648.35 4.4083e-15   5793.73 1 
  5651.03 4.4200e-15   5796.48 1 
  5653.71 4.1689e-15   5799.23 1 
  5656.39 4.1750e-15   5801.98 1 
  5659.07 4.3755e-15   5804.73 1 
  5661.75 4.2482e-15   5807.48 1 
  5664.43 4.2766e-15   5810.23 1 
  5667.11 4.4744e-15   5812.98 1 
  5669.80 4.4099e-15   5815.73 1 
  5672.48 4.2090e-15   5818.48 1 
  5675.16 4.4009e-15   5821.23 1 
  5677.84 4.4329e-15   5823.98 1 
  5680.52 4.2832e-15   5826.73 1 
  5683.20 4.3186e-15   5829.48 1 
  5685.88 4.2929e-15   5832.23 1 
  5688.56 4.3773e-15   5834.98 1 
  5691.24 4.4061e-15   5837.73 1 
  5693.92 4.2838e-15   5840.48 1 
  5696.61 4.1367e-15   5843.23 1 
  5699.29 4.3996e-15   5845.98 1 
  5701.97 4.2771e-15   5848.73 1 
  5704.65 4.1852e-15   5851.48 1 
  5707.33 4.2422e-15   5854.23 1 
  5710.01 4.1209e-15   5856.98 1 
  5712.69 4.3371e-15   5859.73 1 
  5715.37 4.2061e-15   5862.48 1 
  5718.05 4.3107e-15   5865.23 1 
  5720.73 4.1560e-15   5867.98 1 
  5723.42 4.1564e-15   5870.73 1 
  5726.10 4.4566e-15   5873.48 1 
  5728.78 4.2582e-15   5876.23 1 
  5731.46 4.4203e-15   5878.98 1 
  5734.14 4.3722e-15   5881.73 1 
  5736.82 4.2433e-15   5884.48 1 
  5739.50 4.3310e-15   5887.23 1 
  5742.18 4.6293e-15   5889.98 1 
  5744.86 4.3936e-15   5892.73 1 
  5747.54 4.4281e-15   5895.48 1 
  5750.22 4.3679e-15   5898.23 1 
  5752.91 4.3711e-15   5900.98 1 
  5755.59 4.1858e-15   5903.73 1 
  5758.27 4.6712e-15   5906.48 1 
  5760.95 4.3250e-15   5909.23 1 
  5763.63 4.5180e-15   5911.98 1 
  5766.31 4.6251e-15   5914.73 1 
  5768.99 4.2958e-15   5917.48 1 
  5771.67 4.3401e-15   5920.23 1 
  5774.35 4.2901e-15   5922.98 1 
  5777.03 4.1997e-15   5925.73 1 
  5779.72 4.1762e-15   5928.48 1 
  5782.40 4.2437e-15   5931.23 1 
  5785.08 3.9760e-15   5933.98 1 
  5787.76 4.1792e-15   5936.73 1 
  5790.44 4.2590e-15   5939.48 1 
  5793.12 4.1751e-15   5942.23 1 
  5795.80 4.1297e-15   5944.98 1 
  5798.48 4.1115e-15   5947.73 1 
  5801.16 4.2439e-15   5950.48 1 
  5803.84 4.4890e-15   5953.23 1 
  5806.53 4.3217e-15   5955.98 1 
  5809.21 4.4707e-15   5958.73 1 
  5811.89 4.5563e-15   5961.48 1 
  5814.57 4.3421e-15   5964.23 1 
  5817.25 4.5449e-15   5966.98 1 
  5819.93 4.4698e-15   5969.73 1 
  5822.61 4.5444e-15   5972.48 1 
  5825.29 4.4919e-15   5975.23 1 
  5827.97 4.2317e-15   5977.98 1 
  5830.65 4.3245e-15   5980.73 1 
  5833.34 4.5576e-15   5983.48 1 
  5836.02 4.2072e-15   5986.23 1 
  5838.70 4.2196e-15   5988.98 1 
  5841.38 4.2151e-15   5991.73 1 
  5844.06 4.2858e-15   5994.48 1 
  5846.74 4.3153e-15   5997.23 1 
  5849.42 4.1178e-15   5999.98 1 
  5852.10 4.2940e-15   6002.73 1 
  5854.78 4.3106e-15   6005.48 1 
  5857.46 4.2814e-15   6008.23 1 
  5860.15 4.3473e-15   6010.98 1 
  5862.83 4.0952e-15   6013.73 1 
  5865.51 4.3497e-15   6016.48 1 
  5868.19 4.0876e-15   6019.23 1 
  5870.87 4.1465e-15   6021.98 1 
  5873.55 4.0547e-15   6024.73 1 
  5876.23 3.8804e-15   6027.48 1 
  5878.91 3.1811e-15   6030.23 1 
  5881.59 3.1457e-15   6032.98 1 
  5884.27 3.0263e-15   6035.73 1 
  5886.96 3.0287e-15   6038.48 1 
  5889.64 3.1390e-15   6041.23 1 
  5892.32 3.0594e-15   6043.98 1 
  5895.00 3.1923e-15   6046.73 1 
  5897.68 3.7945e-15   6049.48 1 
  5900.36 4.0139e-15   6052.23 1 
  5903.04 4.0576e-15   6054.98 1 
  5905.72 4.3242e-15   6057.73 1 
  5908.40 4.4037e-15   6060.48 1 
  5911.08 4.2555e-15   6063.23 1 
  5913.77 4.0382e-15   6065.98 1 
  5916.45 4.2803e-15   6068.73 1 
  5919.13 3.9919e-15   6071.48 1 
  5921.81 4.2424e-15   6074.23 1 
  5924.49 4.3676e-15   6076.98 1 
  5927.17 4.6933e-15   6079.73 1 
  5929.85 4.1365e-15   6082.48 1 
  5932.53 3.8976e-15   6085.23 1 
  5935.21 4.0256e-15   6087.98 1 
  5937.89 4.4680e-15   6090.73 1 
  5940.58 4.3004e-15   6093.48 1 
  5943.26 4.5135e-15   6096.23 1 
  5945.94 4.4671e-15   6098.98 1 
  5948.62 4.5596e-15   6101.73 1 
  5951.30 4.1360e-15   6104.48 1 
  5953.98 4.3275e-15   6107.23 1 
  5956.66 4.3040e-15   6109.98 1 
  5959.34 4.5746e-15   6112.73 1 
  5962.02 4.3697e-15   6115.48 1 
  5964.70 4.3036e-15   6118.23 1 
  5967.39 4.2546e-15   6120.98 1 
  5970.07 4.4740e-15   6123.73 1 
  5972.75 4.3266e-15   6126.48 1 
  5975.43 4.3522e-15   6129.23 1 
  5978.11 4.0352e-15   6131.98 1 
  5980.79 4.3633e-15   6134.73 1 
  5983.47 4.2683e-15   6137.48 1 
  5986.15 4.2931e-15   6140.23 1 
  5988.83 4.4666e-15   6142.98 1 
  5991.51 4.4205e-15   6145.73 1 
  5994.20 4.3797e-15   6148.48 1 
  5996.88 4.1431e-15   6151.23 1 
  5999.56 4.2405e-15   6153.98 1 
  6002.24 4.2869e-15   6156.73 1 
  6004.92 4.2117e-15   6159.48 1 
  6007.60 4.2790e-15   6162.23 1 
  6010.28 4.3136e-15   6164.98 1 
  6012.96 4.4259e-15   6167.73 1 
  6015.64 4.4497e-15   6170.48 1 
  6018.32 4.1131e-15   6173.23 1 
  6021.01 4.2193e-15   6175.98 1 
  6023.69 4.1488e-15   6178.73 1 
  6026.37 4.0326e-15   6181.48 1 
  6029.05 4.2744e-15   6184.23 1 
  6031.73 4.1597e-15   6186.98 1 
  6034.41 4.4429e-15   6189.73 1 
  6037.09 3.9457e-15   6192.48 1 
  6039.77 4.3254e-15   6195.23 1 
  6042.45 4.4212e-15   6197.98 1 
  6045.13 4.2562e-15   6200.73 1 
  6047.82 4.6368e-15   6203.48 1 
  6050.50 4.3424e-15   6206.23 1 
  6053.18 4.5368e-15   6208.98 1 
  6055.86 4.3995e-15   6211.73 1 
  6058.54 4.3071e-15   6214.48 1 
  6061.22 4.4118e-15   6217.23 1 
  6063.90 4.1918e-15   6219.98 1 
  6066.58 4.0739e-15   6222.73 1 
  6069.26 4.0613e-15   6225.48 1 
  6071.94 4.2525e-15   6228.23 1 
  6074.63 4.5694e-15   6230.98 1 
  6077.31 4.4739e-15   6233.73 1 
  6079.99 4.4047e-15   6236.48 1 
  6082.67 4.1250e-15   6239.23 1 
  6085.35 4.4208e-15   6241.98 1 
  6088.03 4.2078e-15   6244.73 1 
  6090.71 4.2898e-15   6247.48 1 
  6093.39 4.1328e-15   6250.23 1 
  6096.07 4.3672e-15   6252.98 1 
  6098.75 4.3742e-15   6255.73 1 
  6101.44 4.1642e-15   6258.48 1 
  6104.12 3.9768e-15   6261.23 1 
  6106.80 4.2570e-15   6263.98 1 
  6109.48 4.4147e-15   6266.73 1 
  6112.16 4.3158e-15   6269.48 1 
  6114.84 4.3463e-15   6272.23 1 
  6117.52 4.1280e-15   6274.98 1 
  6120.20 4.3119e-15   6277.73 1 
  6122.88 4.3765e-15   6280.48 1 
  6125.56 4.2625e-15   6283.23 1 
  6128.25 4.3489e-15   6285.98 1 
  6130.93 4.4084e-15   6288.73 1 
  6133.61 4.2867e-15   6291.48 1 
  6136.29 4.3520e-15   6294.23 1 
  6138.97 4.3397e-15   6296.98 1 
  6141.65 4.0014e-15   6299.73 1 
  6144.33 4.1864e-15   6302.48 1 
  6147.01 4.2040e-15   6305.23 1 
  6149.69 4.2017e-15   6307.98 1 
  6152.37 4.0440e-15   6310.73 1 
  6155.06 4.2902e-15   6313.48 1 
  6157.74 4.1392e-15   6316.23 1 
  6160.42 4.3874e-15   6318.98 1 
  6163.10 4.3531e-15   6321.73 1 
  6165.78 4.0524e-15   6324.48 1 
  6168.46 4.3873e-15   6327.23 1 
  6171.14 3.8761e-15   6329.98 1 
  6173.82 4.1900e-15   6332.73 1 
  6176.50 4.5164e-15   6335.48 1 
  6179.18 4.1222e-15   6338.23 1 
  6181.86 3.9758e-15   6340.98 1 
  6184.55 4.1789e-15   6343.73 1 
  6187.23 4.1756e-15   6346.48 1 
  6189.91 4.2229e-15   6349.23 1 
  6192.59 4.1625e-15   6351.98 1 
  6195.27 4.2540e-15   6354.73 1 
  6197.95 4.1158e-15   6357.48 1 
  6200.63 4.2876e-15   6360.23 1 
  6203.31 4.1668e-15   6362.98 1 
  6205.99 4.2143e-15   6365.73 1 
  6208.67 4.3951e-15   6368.48 1 
  6211.36 4.2868e-15   6371.23 1 
  6214.04 4.2067e-15   6373.98 1 
  6216.72 4.0540e-15   6376.73 1 
  6219.40 4.3513e-15   6379.48 1 
  6222.08 3.9423e-15   6382.23 1 
  6224.76 3.9289e-15   6384.98 1 
  6227.44 4.0120e-15   6387.73 1 
  6230.12 4.1428e-15   6390.48 1 
  6232.80 3.9301e-15   6393.23 1 
  6235.48 4.1768e-15   6395.98 1 
  6238.17 4.0455e-15   6398.73 1 
  6240.85 4.1659e-15   6401.48 1 
  6243.53 3.8295e-15   6404.23 1 
  6246.21 4.0149e-15   6406.98 1 
  6248.89 4.1515e-15   6409.73 1 
  6251.57 3.8775e-15   6412.48 1 
  6254.25 3.9850e-15   6415.23 1 
  6256.93 4.0032e-15   6417.98 1 
  6259.61 4.1649e-15   6420.73 1 
  6262.29 4.2494e-15   6423.48 1 
  6264.98 4.1216e-15   6426.23 1 
  6267.66 4.1959e-15   6428.98 1 
  6270.34 4.1211e-15   6431.73 1 
  6273.02 4.0506e-15   6434.48 1 
  6275.70 4.2232e-15   6437.23 1 
  6278.38 4.0787e-15   6439.98 1 
  6281.06 4.0776e-15   6442.73 1 
  6283.74 3.9788e-15   6445.48 1 
  6286.42 4.0581e-15   6448.23 1 
  6289.10 4.1307e-15   6450.98 1 
  6291.79 4.2014e-15   6453.73 1 
  6294.47 4.3575e-15   6456.48 1 
  6297.15 4.3497e-15   6459.23 1 
  6299.83 4.5935e-15   6461.98 1 
  6302.51 4.4847e-15   6464.73 1 
  6305.19 4.3908e-15   6467.48 1 
  6307.87 4.3479e-15   6470.23 1 
  6310.55 4.1643e-15   6472.98 1 
  6313.23 4.1000e-15   6475.73 1 
  6315.91 4.1740e-15   6478.48 1 
  6318.60 3.9732e-15   6481.23 1 
  6321.28 3.9926e-15   6483.98 1 
  6323.96 4.1175e-15   6486.73 1 
  6326.64 4.0876e-15   6489.48 1 
  6329.32 4.0969e-15   6492.23 1 
  6332.00 4.2374e-15   6494.98 1 
  6334.68 4.1086e-15   6497.73 1 
  6337.36 3.9322e-15   6500.48 1 
  6340.04 3.8949e-15   6503.23 1 
  6342.72 3.9424e-15   6505.98 1 
  6345.41 3.9585e-15   6508.73 1 
  6348.09 4.2037e-15   6511.48 1 
  6350.77 4.2842e-15   6514.23 1 
  6353.45 4.3828e-15   6516.98 1 
  6356.13 4.2129e-15   6519.73 1 
  6358.81 3.8198e-15   6522.48 1 
  6361.49 4.0974e-15   6525.23 1 
  6364.17 4.2214e-15   6527.98 1 
  6366.85 4.4996e-15   6530.73 1 
  6369.53 4.0552e-15   6533.48 1 
  6372.22 4.0572e-15   6536.23 1 
  6374.90 4.2740e-15   6538.98 1 
  6377.58 4.3368e-15   6541.73 1 
  6380.26 4.5886e-15   6544.48 1 
  6382.94 4.4031e-15   6547.23 1 
  6385.62 4.3442e-15   6549.98 1 
  6388.30 4.3280e-15   6552.73 1 
  6390.98 4.3033e-15   6555.48 1 
  6393.66 4.1744e-15   6558.23 1 
  6396.34 4.2556e-15   6560.98 1 
  6399.03 4.1822e-15   6563.73 1 
  6401.71 4.0583e-15   6566.48 1 
  6404.39 4.1942e-15   6569.23 1 
  6407.07 3.7955e-15   6571.98 1 
  6409.75 4.0525e-15   6574.73 1 
  6412.43 4.1986e-15   6577.48 1 
  6415.11 4.5879e-15   6580.23 1 
  6417.79 4.1441e-15   6582.98 1 
  6420.47 4.0321e-15   6585.73 1 
  6423.15 4.2829e-15   6588.48 1 
  6425.84 4.4711e-15   6591.23 1 
  6428.52 4.3593e-15   6593.98 1 
  6431.20 4.4126e-15   6596.73 1 
  6433.88 4.4291e-15   6599.48 1 
  6436.56 4.3424e-15   6602.23 1 
  6439.24 4.5324e-15   6604.98 1 
  6441.92 3.9210e-15   6607.73 1 
  6444.60 4.1108e-15   6610.48 1 
  6447.28 4.2012e-15   6613.23 1 
  6449.96 4.3912e-15   6615.98 1 
  6452.65 4.1281e-15   6618.73 1 
  6455.33 4.0820e-15   6621.48 1 
  6458.01 4.1384e-15   6624.23 1 
  6460.69 3.9927e-15   6626.98 1 
  6463.37 4.1771e-15   6629.73 1 
  6466.05 4.2321e-15   6632.48 1 
  6468.73 4.3194e-15   6635.23 1 
  6471.41 4.2842e-15   6637.98 1 
  6474.09 4.2640e-15   6640.73 1 
  6476.77 4.1152e-15   6643.48 1 
  6479.46 4.0961e-15   6646.23 1 
  6482.14 3.9194e-15   6648.98 1 
  6484.82 4.1561e-15   6651.73 1 
  6487.50 4.1986e-15   6654.48 1 
  6490.18 4.0281e-15   6657.23 1 
  6492.86 4.0281e-15   6659.98 1 
  6495.54 3.9273e-15   6662.73 1 
  6498.22 4.1812e-15   6665.48 1 
  6500.90 4.1987e-15   6668.23 1 
  6503.58 4.3029e-15   6670.98 1 
  6506.27 4.4128e-15   6673.73 1 
  6508.95 4.4495e-15   6676.48 1 
  6511.63 4.1015e-15   6679.23 1 
  6514.31 4.1516e-15   6681.98 1 
  6516.99 4.2441e-15   6684.73 1 
  6519.67 4.3975e-15   6687.48 1 
  6522.35 4.3060e-15   6690.23 1 
  6525.03 4.3817e-15   6692.98 1 
  6527.71 4.5135e-15   6695.73 1 
  6530.39 4.2985e-15   6698.48 1 
  6533.08 4.3930e-15   6701.23 1 
  6535.76 4.5354e-15   6703.98 1 
  6538.44 4.5833e-15   6706.73 1 
  6541.12 4.9760e-15   6709.48 1 
  6543.80 5.3757e-15   6712.23 1 
  6546.48 6.0818e-15   6714.98 1 
  6549.16 6.5230e-15   6717.73 1 
  6551.84 6.1414e-15   6720.48 1 
  6554.52 6.0989e-15   6723.23 1 
  6557.20 7.1331e-15   6725.98 1 
  6559.89 9.5454e-15   6728.73 1 
  6562.57 1.1778e-14   6731.48 1 
  6565.25 1.1622e-14   6734.23 1 
  6567.93 9.3248e-15   6736.98 1 
  6570.61 6.4149e-15   6739.73 1 
  6573.29 5.5063e-15   6742.48 1 
  6575.97 5.9032e-15   6745.23 1 
  6578.65 7.2034e-15   6747.98 1 
  6581.33 9.5196e-15   6750.73 1 
  6584.01 1.0290e-14   6753.48 1 
  6586.70 9.1104e-15   6756.23 1 
  6589.38 7.0963e-15   6758.98 1 
  6592.06 5.3747e-15   6761.73 1 
  6594.74 4.4046e-15   6764.48 1 
  6597.42 4.5524e-15   6767.23 1 
  6600.10 4.1548e-15   6769.98 1 
  6602.78 4.4090e-15   6772.73 1 
  6605.46 4.3643e-15   6775.48 1 
  6608.14 4.2293e-15   6778.23 1 
  6610.82 3.9116e-15   6780.98 1 
  6613.50 4.0224e-15   6783.73 1 
  6616.19 4.2341e-15   6786.48 1 
  6618.87 4.4371e-15   6789.23 1 
  6621.55 4.3075e-15   6791.98 1 
  6624.23 4.0910e-15   6794.73 1 
  6626.91 4.2479e-15   6797.48 1 
  6629.59 3.9076e-15   6800.23 1 
  6632.27 4.2149e-15   6802.98 1 
  6634.95 4.2592e-15   6805.73 1 
  6637.63 4.0307e-15   6808.48 1 
  6640.31 4.1526e-15   6811.23 1 
  6643.00 4.2736e-15   6813.98 1 
  6645.68 4.1650e-15   6816.73 1 
  6648.36 4.0403e-15   6819.48 1 
  6651.04 4.2306e-15   6822.23 1 
  6653.72 4.0543e-15   6824.98 1 
  6656.40 4.3938e-15   6827.73 1 
  6667.50 4.1994e-15   6839.12 0 
  6682.87 3.9915e-15   6854.88 0 
  6698.28 4.1791e-15   6870.68 0 
  6713.72 4.1979e-15   6886.52 0 
  6729.20 4.1208e-15   6902.40 0 
  6744.71 4.1298e-15   6918.31 0 
  6760.26 4.0539e-15   6934.26 0 
  6775.84 4.1098e-15   6950.24 0 
  6791.46 4.0435e-15   6966.26 0 
  6807.12 4.1372e-15   6982.33 0 
  6822.81 4.1177e-15   6998.42 0 
  6838.54 4.1553e-15   7014.55 0 
  6854.30 4.1548e-15   7030.72 0 
  6870.10 4.0317e-15   7046.93 0 
  6885.94 4.1251e-15   7063.18 0 
  6901.81 4.1151e-15   7079.46 0 
  6917.72 4.1622e-15   7095.78 0 
  6933.67 4.1330e-15   7112.14 0 
  6949.65 4.2288e-15   7128.53 0 
  6965.68 4.2380e-15   7144.96 0 
  6981.73 4.2668e-15   7161.43 0 
  6997.82 4.2369e-15   7177.94 0 
  7013.96 4.2169e-15   7194.49 0 
  7030.13 4.2358e-15   7211.08 0 
  7046.33 4.3239e-15   7227.70 0 
  7062.57 4.1670e-15   7244.36 0 
  7078.86 4.1569e-15   7261.06 0 
  7095.18 4.0152e-15   7277.80 0 
  7111.53 3.9963e-15   7294.57 0 
  7127.93 4.0700e-15   7311.39 0 
  7144.36 3.9043e-15   7328.25 0 
  7160.83 3.9763e-15   7345.14 0 
  7177.34 3.8943e-15   7362.07 0 
  7193.88 3.7357e-15   7379.04 0 
  7210.46 3.8664e-15   7396.05 0 
  7227.08 4.0668e-15   7413.10 0 
  7243.75 3.9920e-15   7430.19 0 
  7260.44 4.0099e-15   7447.32 0 
  7277.18 4.1791e-15   7464.49 0 
  7293.96 4.1402e-15   7481.70 0 
  7310.77 4.1587e-15   7498.94 0 
  7327.62 4.2747e-15   7516.23 0 
  7344.52 4.3737e-15   7533.56 0 
  7361.45 4.2932e-15   7550.92 0 
  7378.42 4.3825e-15   7568.33 0 
  7395.43 4.3020e-15   7585.78 0 
  7412.47 4.4117e-15   7603.26 0 
  7429.56 4.2810e-15   7620.79 0 
  7446.69 4.3500e-15   7638.36 0 
  7463.86 4.4099e-15   7655.97 0 
  7481.06 4.3890e-15   7673.61 0 
  7498.30 4.3683e-15   7691.30 0 
  7515.59 4.3979e-15   7709.04 0 
  7532.92 4.4278e-15   7726.81 0 
  7550.28 4.4682e-15   7744.62 0 
  7567.69 4.3961e-15   7762.47 0 
  7585.13 4.4056e-15   7780.37 0 
  7602.62 4.2555e-15   7798.30 0 
  7620.14 4.2159e-15   7816.28 0 
  7637.71 4.2153e-15   7834.30 0 
  7655.32 4.1568e-15   7852.36 0 
  7672.96 3.8610e-15   7870.46 0 
  7690.65 4.0331e-15   7888.60 0 
  7708.38 3.7807e-15   7906.79 0 
  7726.15 4.0042e-15   7925.01 0 
  7743.96 4.0687e-15   7943.28 0 
  7761.81 3.9481e-15   7961.59 0 
  7779.70 3.8844e-15   7979.95 0 
  7797.64 3.9108e-15   7998.34 0 
  7815.62 4.0383e-15   8016.78 0 
  7833.63 4.0845e-15   8035.26 0 
  7851.69 4.0652e-15   8053.78 0 
  7869.79 4.1116e-15   8072.35 0 
  7887.93 4.0921e-15   8090.96 0 
  7906.11 4.0447e-15   8109.61 0 
  7924.34 3.9886e-15   8128.31 0 
  7942.61 4.0342e-15   8147.04 0 
  7960.92 4.0523e-15   8165.82 0 
  7979.27 4.0891e-15   8184.65 0 
  7997.66 4.0791e-15   8203.52 0 
  8016.10 4.0974e-15   8222.43 0 
  8034.58 3.9851e-15   8241.38 0 
  8053.10 4.1150e-15   8260.38 0 
  8071.66 4.1909e-15   8279.42 0 
  8090.27 4.1044e-15   8298.51 0 
  8108.92 4.1227e-15   8317.64 0 
  8127.61 4.1506e-15   8336.81 0 
  8146.35 4.1692e-15   8356.03 0 
  8165.13 4.1019e-15   8375.29 0 
  8183.95 4.1775e-15   8394.60 0 
  8202.82 3.8446e-15   8413.95 0 
  8221.73 4.0718e-15   8433.35 0 
  8240.68 3.8434e-15   8452.79 0 
  8259.68 4.2526e-15   8472.27 0 
  8278.72 4.2324e-15   8491.80 0 
  8297.80 3.9402e-15   8511.38 0 
  8316.93 3.9578e-15   8531.00 0 
  8336.10 3.9754e-15   8550.67 0 
  8355.32 4.0487e-15   8570.38 0 
  8374.58 3.9834e-15   8590.14 0 
  8393.89 3.9100e-15   8609.94 0 
  8413.24 4.0655e-15   8629.79 0 
  8432.63 3.9999e-15   8649.68 0 
  8452.07 3.9172e-15   8669.62 0 
  8471.55 3.9256e-15   8689.60 0 
  8491.08 3.9341e-15   8709.64 0 
  8510.66 3.5956e-15   8729.71 0 
  8530.28 3.9238e-15   8749.84 0 
  8549.94 3.0174e-15   8770.01 0 
  8569.65 3.9588e-15   8790.23 0 
  8589.40 3.9764e-15   8810.49 0 
  8609.21 3.7621e-15   8830.80 0 
  8629.05 3.9752e-15   8851.16 0 
  8648.94 4.0021e-15   8871.56 0 
  8668.88 3.5012e-15   8892.01 0 
  8688.87 3.7944e-15   8912.51 0 
  8708.90 3.8733e-15   8933.05 0 
  8728.97 3.9446e-15   8953.65 0 
  8749.10 3.8542e-15   8974.29 0 
  8769.26 3.9433e-15   8994.98 0 
  8789.48 3.9792e-15   9015.71 0 
  8809.74 4.0339e-15   9036.50 0 
  8830.05 3.9779e-15   9057.33 0 
  8850.40 3.9407e-15   9078.20 0 
  8870.81 3.4874e-15   9099.13 0 
  8891.26 3.8145e-15   9120.11 0 
  8911.75 3.8937e-15   9141.13 0 
  8932.29 3.9200e-15   9162.20 0 
  8952.89 3.7950e-15   9183.33 0 
  8973.53 3.6236e-15   9204.50 0 
  8994.21 3.8289e-15   9225.71 0 
  9014.95 3.5563e-15   9246.98 0 
  9035.73 3.5969e-15   9268.30 0 
  9056.56 4.0818e-15   9289.66 0 
  9077.44 3.9154e-15   9311.08 0 
  9098.36 3.5951e-15   9332.54 0 
  9119.33 3.8693e-15   9354.06 0 
  9140.35 3.6271e-15   9375.62 0 
  9161.43 3.6348e-15   9397.23 0 
  9182.55 3.4947e-15   9418.90 0 
  9203.71 3.7182e-15   9440.61 0 
  9224.93 3.6246e-15   9462.37 0 
  9246.20 3.6323e-15   9484.18 0 
  9267.51 3.7680e-15   9506.05 0 
  9288.88 3.5566e-15   9527.96 0 
  9310.29 3.4116e-15   9549.93 0 
  9331.75 3.6888e-15   9571.94 0 
  9353.27 3.6796e-15   9594.01 0 
  9374.83 3.6453e-15   9616.12 0 
  9396.43 3.6783e-15   9638.29 0 
  9418.09 3.6356e-15   9660.51 0 
  9439.81 3.6940e-15   9682.78 0 
  9461.57 3.7190e-15   9705.10 0 
  9483.38 3.7183e-15   9727.47 0 
  9505.24 3.6498e-15   9749.90 0 
  9527.15 3.6576e-15   9772.37 0 
  9549.11 3.5084e-15   9794.90 0 
  9571.13 3.6731e-15   9817.48 0 
  9593.19 3.7235e-15   9840.11 0 
  9615.31 3.6887e-15   9862.79 0 
  9637.47 3.7136e-15   9885.53 0 
  9659.69 3.6705e-15   9908.32 0 
  9681.96 3.7038e-15   9931.16 0 
  9704.27 3.6607e-15   9954.05 0 
  9726.65 3.6432e-15   9977.00 0 
  9749.07 3.6425e-15  10000.00 0 
  9771.54 3.6503e-15  10023.05 0 
  9794.06 3.6161e-15  10046.15 0 
  9816.64 3.6827e-15  10069.31 0 
  9839.28 3.6651e-15  10092.53 0 
  9861.96 3.6729e-15  10115.80 0 
  9884.69 3.6637e-15  10139.12 0 
  9907.48 3.6211e-15  10162.49 0 
  9930.31 3.6624e-15  10185.91 0 
  9953.21 3.6786e-15  10209.39 0 
  9976.16 3.6779e-15  10232.94 0 
  9999.16 3.6687e-15  10256.52 0 
 10022.20 3.6596e-15  10280.17 0 
 10068.46 3.6080e-15  10327.61 0 
 10114.93 3.7077e-15  10375.28 0 
 10185.05 3.6886e-15  10447.20 0 
 10232.06 3.7127e-15  10495.42 0 
 10279.28 3.7284e-15  10543.86 0 
 10302.99 3.7277e-15  10568.18 0 
 10494.53 3.6139e-15  10764.65 0 
 10689.64 3.4672e-15  10964.78 0 
 10888.37 3.2808e-15  11168.63 0 
 11090.81 3.0478e-15  11376.28 0 
 11297.00 3.0618e-15  11587.78 0 
 11507.03 3.0902e-15  11803.21 0 
 11694.00 3.0548e-15  11994.99 0 
 11911.41 2.9308e-15  12217.99 0 
 12104.95 2.9308e-15  12416.52 0 
 12301.64 2.8972e-15  12618.27 0 
 12501.52 2.8053e-15  12823.30 0 
 12704.66 2.7604e-15  13031.66 0 
 12911.10 2.7101e-15  13243.42 0 
 13090.70 2.6667e-15  13427.64 0 
 13303.42 2.5821e-15  13645.84 0 
 13488.48 2.5234e-15  13835.66 0 
 13707.65 2.4773e-15  14060.47 0 
 13898.34 2.3767e-15  14256.07 0 
 14091.69 2.2181e-15  14454.39 0 
 14287.72 2.1477e-15  14655.47 0 
 14486.49 2.1527e-15  14859.35 0 
 14688.01 2.0892e-15  15066.07 0 
 14892.35 2.1183e-15  15275.66 0 
 15099.52 2.1428e-15  15488.17 0 
 15309.58 2.1676e-15  15703.63 0 
 15486.86 2.1776e-15  15885.48 0 
 15702.29 2.1134e-15  16106.45 0 
 15884.11 2.0229e-15  16292.96 0 
 16105.09 1.9906e-15  16519.62 0 
 16291.58 1.9860e-15  16710.91 0 
 16518.22 1.9678e-15  16943.38 0 
 16709.50 1.9814e-15  17139.58 0 
 16902.97 1.9814e-15  17338.03 0 
 17098.70 1.9678e-15  17538.80 0 
 17296.70 1.9098e-15  17741.90 0 
 17496.99 1.8577e-15  17947.34 0 
 17699.58 1.7864e-15  18155.15 0 
 17904.54 1.7218e-15  18365.38 0 
 18111.87 1.6443e-15  18578.05 0 
 18279.44 1.6069e-15  18749.94 0 
 18491.11 1.5523e-15  18967.05 0 
 18705.23 1.4893e-15  19186.69 0 
 18878.32 1.4554e-15  19364.23 0 
 19096.90 1.4354e-15  19588.44 0 
 19318.04 1.3963e-15  19815.27 0 
 19496.80 1.3458e-15  19998.62 0 
 19722.56 1.3031e-15  20230.20 0 
 19905.04 1.2618e-15  20417.38 0 
 20089.23 1.2445e-15  20606.30 0 
 20321.83 1.2078e-15  20844.90 0 
 20509.88 1.1912e-15  21037.78 0 
 20699.66 1.1668e-15  21232.45 0 
 20891.18 1.1481e-15  21428.90 0 
 21084.49 1.1297e-15  21627.19 0 
 21279.60 1.1117e-15  21827.31 0 
 21476.48 1.0939e-15  22029.26 0 
 21675.21 1.0616e-15  22233.11 0 
 21875.75 1.0471e-15  22438.81 0 
 22078.17 1.0209e-15  22646.44 0 
 22282.47 9.9765e-16  22856.00 0 
 22488.63 9.7656e-16  23067.47 0 
 22696.73 9.5239e-16  23280.92 0 
 22906.72 8.6680e-16  23496.32 0 
 23118.68 8.5313e-16  23713.74 0 
 23278.93 7.6090e-16  23878.10 0 
 23494.33 7.1682e-16  24099.05 0 
 23711.73 7.2189e-16  24322.05 0 
 23876.08 6.7417e-16  24490.63 0 
 24097.01 6.4985e-16  24717.25 0 
 24319.97 6.3952e-16  24945.94 0 
 24488.56 6.0551e-16  25118.87 0 
 24715.13 5.9175e-16  25351.28 0 
 24836.92 5.4947e-16  25476.20 2 
 24931.29 5.3756e-16  25573.00 2 
 25025.57 5.4224e-16  25669.70 2 
 25119.94 4.9895e-16  25766.50 2 
 25214.31 5.1878e-16  25863.30 2 
 25308.58 4.8254e-16  25960.00 2 
 25402.95 4.8555e-16  26056.80 2 
 25497.32 5.3997e-16  26153.60 2 
 25591.60 5.2822e-16  26250.30 2 
 25685.97 4.9396e-16  26347.10 2 
 25780.24 4.9215e-16  26443.80 2 
 25874.61 5.2919e-16  26540.60 2 
 25968.98 5.3178e-16  26637.40 2 
 26063.26 5.2631e-16  26734.10 2 
 26157.63 5.6725e-16  26830.90 2 
 26251.90 5.4702e-16  26927.60 2 
 26346.27 5.1670e-16  27024.40 2 
 26440.65 5.0222e-16  27121.20 2 
 26534.92 4.8039e-16  27217.90 2 
 26629.29 4.8776e-16  27314.70 2 
 26723.66 4.8606e-16  27411.50 2 
 26817.93 4.4880e-16  27508.20 2 
 26912.30 4.7675e-16  27605.00 2 
 27006.58 4.5730e-16  27701.70 2 
 27100.95 4.9821e-16  27798.50 2 
 27195.32 5.1131e-16  27895.30 2 
 27289.59 4.5108e-16  27992.00 2 
 27383.96 4.6300e-16  28088.80 2 
 27478.33 4.6070e-16  28185.60 2 
 27572.61 5.0950e-16  28282.30 2 
 27666.98 4.6246e-16  28379.10 2 
 27761.25 4.7166e-16  28475.80 2 
 27855.62 4.6812e-16  28572.60 2 
 27950.00 4.7130e-16  28669.40 2 
 28044.27 4.5143e-16  28766.10 2 
 28138.64 4.5101e-16  28862.90 2 
 28233.01 4.1738e-16  28959.70 2 
 28327.28 4.2669e-16  29056.40 2 
 28421.65 4.1408e-16  29153.20 2 
 28515.93 4.1189e-16  29249.90 2 
 28610.30 4.1419e-16  29346.70 2 
 28704.67 4.0448e-16  29443.50 2 
 28798.95 4.0760e-16  29540.20 2 
 28893.31 3.9096e-16  29637.00 2 
 28987.69 3.8240e-16  29733.80 2 
 29081.96 4.0170e-16  29830.50 2 
 29176.33 3.5679e-16  29927.30 2 
 29270.60 3.6268e-16  30024.00 2 
 29364.97 3.5909e-16  30120.80 2 
 29459.35 3.4593e-16  30217.60 2 
 29553.62 3.6297e-16  30314.30 2 
 29647.99 3.6391e-16  30411.10 2 
 29742.36 3.3570e-16  30507.90 2 
 29836.64 3.4025e-16  30604.60 2 
 29931.00 3.3818e-16  30701.40 2 
 30025.28 3.4376e-16  30798.10 2 
 30119.65 3.2752e-16  30894.90 2 
 30214.02 3.2676e-16  30991.70 2 
 30308.30 3.3292e-16  31088.40 2 
 30402.67 3.1601e-16  31185.20 2 
 30497.04 3.2726e-16  31282.00 2 
 30591.31 3.1211e-16  31378.70 2 
 30685.68 3.2081e-16  31475.50 2 
 30780.05 3.2737e-16  31572.30 2 
 30874.33 3.0371e-16  31669.00 2 
 30968.70 3.0161e-16  31765.80 2 
 31062.97 2.7141e-16  31862.50 2 
 31157.34 3.3729e-16  31959.30 2 
 31251.71 3.3381e-16  32056.10 2 
 31345.99 3.1692e-16  32152.80 2 
 31440.36 2.9890e-16  32249.60 2 
 31534.73 3.0993e-16  32346.40 2 
 31629.00 3.0510e-16  32443.10 2 
 31723.37 3.3305e-16  32539.90 2 
 31817.65 2.8974e-16  32636.60 2 
 31912.02 3.3743e-16  32733.40 2 
 32006.39 3.6120e-16  32830.20 2 
 32100.66 3.6588e-16  32926.90 2 
 32195.03 3.4326e-16  33023.70 2 
 32289.40 3.8303e-16  33120.50 2 
 32383.68 4.5582e-16  33217.20 2 
 32478.05 5.1561e-16  33314.00 2 
 32572.32 5.7496e-16  33410.70 2 
 32666.69 6.4452e-16  33507.50 2 
 32761.06 6.6825e-16  33604.30 2 
 32855.34 6.6095e-16  33701.00 2 
 32949.71 6.1569e-16  33797.80 2 
 33044.08 4.8152e-16  33894.60 2 
 33138.35 4.2698e-16  33991.30 2 
 33232.72 4.2482e-16  34088.10 2 
 33327.00 3.7365e-16  34184.80 2 
 33421.37 3.3604e-16  34281.60 2 
 33515.74 3.4880e-16  34378.40 2 
 33610.01 3.6209e-16  34475.10 2 
 33704.38 3.3011e-16  34571.90 2 
 33798.75 3.4488e-16  34668.70 2 
 33893.03 3.8628e-16  34765.40 2 
 33987.40 3.9796e-16  34862.20 2 
 34081.67 3.6966e-16  34958.90 2 
 34176.04 3.0924e-16  35055.70 2 
 34270.41 3.4020e-16  35152.50 2 
 34364.69 3.4092e-16  35249.20 2 
 34459.06 3.5800e-16  35346.00 2 
 34553.43 3.3369e-16  35442.80 2 
 34647.70 3.2377e-16  35539.50 2 
 34742.07 2.9986e-16  35636.30 2 
 34836.35 2.9921e-16  35733.00 2 
 34930.72 3.0018e-16  35829.80 2 
 35025.09 2.9076e-16  35926.60 2 
 35119.36 3.0965e-16  36023.30 2 
 35213.74 3.0735e-16  36120.10 2 
 35308.10 2.7224e-16  36216.90 2 
 35402.38 2.8692e-16  36313.60 2 
 35496.75 3.0795e-16  36410.40 2 
 35591.02 2.8159e-16  36507.10 2 
 35685.39 3.0715e-16  36603.90 2 
 35779.76 2.6120e-16  36700.70 2 
 35874.04 2.6012e-16  36797.40 2 
 35968.41 2.6791e-16  36894.20 2 
 36062.78 2.6789e-16  36991.00 2 
 36157.05 2.5484e-16  37087.70 2 
 36251.42 2.5142e-16  37184.50 2 
 36345.70 2.4968e-16  37281.20 2 
 36440.07 2.6707e-16  37378.00 2 
 36534.44 2.5683e-16  37474.80 2 
 36628.71 2.5436e-16  37571.50 2 
 36723.09 2.6453e-16  37668.30 2 
 36817.36 2.4977e-16  37765.00 2 
 36911.73 2.6501e-16  37861.80 2 
 37006.10 2.6149e-16  37958.60 2 
 37100.37 2.5393e-16  38055.30 2 
 37194.75 2.4139e-16  38152.10 2 
 37289.11 2.6278e-16  38248.90 2 
 37383.39 2.5562e-16  38345.60 2 
 37477.76 2.4934e-16  38442.40 2 
 37572.03 2.4629e-16  38539.10 2 
 37666.40 2.3719e-16  38635.90 2 
 37760.77 2.4958e-16  38732.70 2 
 37855.05 2.4838e-16  38829.40 2 
 37949.42 2.5793e-16  38926.20 2 
 38043.79 2.4445e-16  39023.00 2 
 38138.06 2.6374e-16  39119.70 2 
 38232.44 2.4520e-16  39216.50 2 
 38326.71 2.4905e-16  39313.20 2 
 38421.08 2.2004e-16  39410.00 2 
 38515.45 2.3170e-16  39506.80 2 
 38609.72 2.4347e-16  39603.50 2 
 38798.47 2.6317e-16  39797.10 2 
 38892.74 2.5104e-16  39893.80 2 
 38987.11 2.4911e-16  39990.60 2 
 39081.48 2.3608e-16  40087.40 2 
 39175.76 2.3147e-16  40184.10 2 
 39270.12 2.2193e-16  40280.90 2 
 39364.40 2.1596e-16  40377.60 2 
 39458.77 2.2268e-16  40474.40 2 
 39553.14 2.2229e-16  40571.20 2 
 39647.42 2.2764e-16  40667.90 2 
 39741.79 2.3164e-16  40764.70 2 
 39836.06 2.0415e-16  40861.40 2 
 39930.43 2.1197e-16  40958.20 2 
 40024.81 2.3435e-16  41055.00 2 
 40119.07 2.1806e-16  41151.70 2 
 40213.44 2.2131e-16  41248.50 2 
 40307.82 2.3565e-16  41345.30 2 
 40402.09 2.4781e-16  41442.00 2 
 40496.46 2.4745e-16  41538.80 2 
 40590.74 2.2135e-16  41635.50 2 
 40685.11 1.9057e-16  41732.30 2 
 40779.48 1.8079e-16  41829.10 2 
 40873.75 2.1835e-16  41925.80 2 
 40968.12 1.9613e-16  42022.60 2 
 41062.49 1.9958e-16  42119.40 2 
 41156.77 2.0930e-16  42216.10 2 
 41251.14 2.0790e-16  42312.90 2 
 41345.41 1.8777e-16  42409.60 2 
 41439.78 1.8928e-16  42506.40 2 
 41534.16 1.9290e-16  42603.20 2 
 41628.42 1.9761e-16  42699.90 2 
 41722.80 2.0802e-16  42796.70 2 
 41817.17 1.9358e-16  42893.50 2 
 41911.44 1.6981e-16  42990.20 2 
 42005.81 1.8599e-16  43087.00 2 
 42100.18 1.8610e-16  43183.80 2 
 42194.46 1.8486e-16  43280.50 2 
 42288.83 1.8852e-16  43377.30 2 
 42383.10 1.8359e-16  43474.00 2 
 42477.47 1.6364e-16  43570.80 2 
 42571.84 1.4307e-16  43667.60 2 
 42666.12 1.5409e-16  43764.30 2 
 42760.49 1.6308e-16  43861.10 2 
 42854.76 1.8373e-16  43957.80 2 
 42949.13 1.7216e-16  44054.60 2 
 43043.51 1.7476e-16  44151.40 2 
 43137.77 1.7267e-16  44248.10 2 
 43232.15 1.5137e-16  44344.90 2 
 43326.52 1.7313e-16  44441.70 2 
 43420.79 1.7343e-16  44538.40 2 
 43515.16 1.5258e-16  44635.20 2 
 43609.53 1.7338e-16  44732.00 2 
 43703.81 1.7506e-16  44828.70 2 
 43798.18 1.6387e-16  44925.50 2 
 43892.46 1.5913e-16  45022.20 2 
 43986.82 1.5269e-16  45119.00 2 
 44081.19 1.5719e-16  45215.80 2 
 44175.47 1.4912e-16  45312.50 2 
 44269.84 1.5488e-16  45409.30 2 
 44364.11 1.7802e-16  45506.00 2 
 44458.48 1.3355e-16  45602.80 2 
 44552.86 1.4928e-16  45699.60 2 
 44647.13 1.3958e-16  45796.30 2 
 44741.50 1.4808e-16  45893.10 2 
 44835.87 1.4514e-16  45989.90 2 
 44930.14 1.4968e-16  46086.60 2 
 45024.51 1.4206e-16  46183.40 2 
 45118.88 1.4988e-16  46280.20 2 
 45213.16 1.2107e-16  46376.90 2 
 45307.53 1.2337e-16  46473.70 2 
 45401.81 1.2029e-16  46570.40 2 
 45496.17 1.0979e-16  46667.20 2 
 45590.54 1.2577e-16  46764.00 2 
 45684.82 1.1479e-16  46860.70 2 
 45779.19 1.4475e-16  46957.50 2 
 45873.46 1.1800e-16  47054.20 2 
 45967.83 1.1044e-16  47151.00 2 
 46062.21 1.4377e-16  47247.80 2 
 46156.48 1.3161e-16  47344.50 2 
 46250.85 1.3273e-16  47441.30 2 
 46345.22 1.4627e-16  47538.10 2 
 46439.49 1.6368e-16  47634.80 2 
 46533.87 1.4256e-16  47731.60 2 
 46628.23 1.5809e-16  47828.40 2 
 46722.51 1.2107e-16  47925.10 2 
 46816.88 1.2189e-16  48021.90 2 
 46911.16 1.2473e-16  48118.60 2 
 47005.52 1.2789e-16  48215.40 2 
 47099.90 1.3892e-16  48312.20 2 
 47194.17 1.5568e-16  48408.90 2 
 47288.54 1.3596e-16  48505.70 2 
 47382.91 1.2803e-16  48602.50 2 
 47477.18 1.4431e-16  48699.20 2 
 47571.56 1.5619e-16  48796.00 2 
 47665.83 1.3995e-16  48892.70 2 
 47760.20 1.3978e-16  48989.50 2 
 47854.57 1.6065e-16  49086.30 2 
 47948.84 1.7680e-16  49183.00 2 
 48043.22 1.7036e-16  49279.80 2 
 48138.47 1.4691e-16  49377.50 2 
 48619.85 1.4244e-16  49871.28 0 
 49106.05 1.3793e-16  50369.99 0 
 49597.11 1.3337e-16  50873.69 0 
 50093.08 1.2877e-16  51382.43 0 
 50594.01 1.2411e-16  51896.25 0 
 50863.33 1.2161e-16  52172.50 3 
 51158.14 1.2535e-16  52474.90 3 
 51452.95 1.3792e-16  52777.30 3 
 51747.76 1.4649e-16  53079.70 3 
 52042.58 1.8517e-16  53382.10 3 
 52337.49 2.1921e-16  53684.60 3 
 52632.30 2.0329e-16  53987.00 3 
 52927.11 1.8481e-16  54289.40 3 
 53221.92 1.8782e-16  54591.80 3 
 53516.73 1.7857e-16  54894.20 3 
 53811.64 1.4734e-16  55196.70 3 
 54106.46 1.3540e-16  55499.10 3 
 54401.27 1.3624e-16  55801.50 3 
 54696.08 1.4100e-16  56103.90 3 
 54990.89 1.5507e-16  56406.30 3 
 55285.80 1.6913e-16  56708.80 3 
 55580.61 1.6142e-16  57011.20 3 
 55875.42 1.7944e-16  57313.60 3 
 56170.23 2.1565e-16  57616.00 3 
 56465.05 2.4661e-16  57918.40 3 
 56759.96 2.6297e-16  58220.90 3 
 57054.77 2.6781e-16  58523.30 3 
 57349.58 2.5922e-16  58825.70 3 
 57644.39 2.3898e-16  59128.10 3 
 57939.20 2.2146e-16  59430.50 3 
 58234.11 2.1294e-16  59733.00 3 
 58528.92 2.3197e-16  60035.40 3 
 58823.74 2.3401e-16  60337.80 3 
 59118.55 2.2408e-16  60640.20 3 
 59413.36 2.2613e-16  60942.60 3 
 59708.27 2.5332e-16  61245.10 3 
 60003.08 2.9948e-16  61547.50 3 
 60297.89 3.2396e-16  61849.90 3 
 60592.71 3.3774e-16  62152.30 3 
 60887.52 3.6202e-16  62454.70 3 
 61182.43 4.3871e-16  62757.20 3 
 61477.24 5.9270e-16  63059.60 3 
 61772.05 8.7670e-16  63362.00 3 
 62066.86 1.0220e-15  63664.40 3 
 62361.67 9.6270e-16  63966.80 3 
 62656.58 8.0919e-16  64269.30 3 
 62951.39 6.7229e-16  64571.70 3 
 63246.21 5.6431e-16  64874.10 3 
 63541.02 5.0637e-16  65176.50 3 
 63835.83 4.5207e-16  65478.90 3 
 64130.74 4.0055e-16  65781.40 3 
 64425.55 3.7058e-16  66083.80 3 
 64720.36 3.4366e-16  66386.20 3 
 65015.18 3.3717e-16  66688.60 3 
 65309.99 3.1263e-16  66991.00 3 
 65604.90 3.1270e-16  67293.50 3 
 65899.71 3.2370e-16  67595.90 3 
 66194.52 3.2954e-16  67898.30 3 
 66489.33 3.3159e-16  68200.70 3 
 66784.14 3.2361e-16  68503.10 3 
 67079.05 3.2782e-16  68805.60 3 
 67373.86 3.1979e-16  69108.00 3 
 67668.67 3.2381e-16  69410.40 3 
 67963.49 3.1872e-16  69712.80 3 
 68258.30 3.2896e-16  70015.20 3 
 68553.21 3.3985e-16  70317.70 3 
 68848.02 3.5434e-16  70620.10 3 
 69142.83 3.9198e-16  70922.50 3 
 69437.64 4.1164e-16  71224.90 3 
 69732.45 5.9835e-16  71527.30 3 
 70027.36 5.9555e-16  71829.80 3 
 70322.18 4.5884e-16  72132.20 3 
 70616.99 4.3815e-16  72434.60 3 
 70911.80 4.4699e-16  72737.00 3 
 71206.61 4.3787e-16  73039.40 3 
 71501.52 4.3681e-16  73341.90 3 
 71796.33 4.4070e-16  73644.30 3 
 72091.15 4.5025e-16  73946.70 3 
 72385.96 4.6945e-16  74249.10 3 
 72680.77 4.9855e-16  74551.50 3 
 72975.68 5.2166e-16  74854.00 3 
 73270.49 5.4879e-16  75156.40 3 
 73565.30 5.8273e-16  75458.80 3 
 73860.11 6.2266e-16  75761.20 3 
 74449.74 6.8562e-16  76366.00 3 
 75039.46 8.1533e-16  76970.90 3 
 75629.08 9.5376e-16  77575.70 3 
 76218.71 1.0214e-15  78180.50 3 
 76808.43 9.9059e-16  78785.40 3 
 77398.05 9.3899e-16  79390.20 3 
 77987.77 9.2613e-16  79995.10 3 
 78577.39 8.8742e-16  80599.90 3 
 79167.02 8.0526e-16  81204.70 3 
 79756.74 6.9662e-16  81809.59 3 
 80346.36 6.0472e-16  82414.40 3 
 80935.99 5.2655e-16  83019.20 3 
 81525.70 4.8490e-16  83624.09 3 
 82115.33 4.5937e-16  84228.90 3 
 82704.95 4.5792e-16  84833.70 3 
 83294.68 4.6056e-16  85438.60 3 
 83884.30 4.5940e-16  86043.40 3 
 84474.03 4.6121e-16  86648.30 3 
 85063.65 4.8277e-16  87253.10 3 
 85653.28 5.0953e-16  87857.91 3 
 86243.00 4.9816e-16  88462.80 3 
 86832.62 4.4068e-16  89067.60 3 
 87422.25 3.6724e-16  89672.41 3 
 88011.96 2.9717e-16  90277.30 3 
 88601.59 2.4844e-16  90882.10 3 
 89191.21 2.1696e-16  91486.90 3 
 89780.93 1.9711e-16  92091.80 3 
 90370.55 1.8295e-16  92696.60 3 
 90960.27 1.6714e-16  93301.50 3 
 91549.89 1.6221e-16  93906.30 3 
 92139.52 1.5462e-16  94511.10 3 
 92729.23 1.5240e-16  95115.99 3 
 93318.86 1.4877e-16  95720.80 3 
 93908.49 1.4184e-16  96325.60 3 
 94498.21 1.3526e-16  96930.50 3 
 95087.83 1.3208e-16  97535.30 3 
 95677.45 1.3410e-16  98140.09 3 
 96267.18 1.4510e-16  98745.00 3 
 96856.81 1.4787e-16  99349.80 3 
 97446.53 1.3506e-16  99954.70 3 
 98036.15 1.2627e-16 100559.50 3 
 98625.78 1.2531e-16 101164.30 3 
 99215.50 1.2504e-16 101769.20 3 
 99805.12 1.2450e-16 102374.00 3 
100394.74 1.2626e-16 102978.80 3 
100984.46 1.2706e-16 103583.70 3 
101574.08 1.2490e-16 104188.50 3 
102163.71 1.2581e-16 104793.30 3 
102753.42 1.2804e-16 105398.20 3 
103343.05 1.3144e-16 106003.00 3 
103932.78 1.3592e-16 106607.91 3 
104522.39 1.4342e-16 107212.70 3 
105112.02 1.5117e-16 107817.50 3 
105701.75 1.5993e-16 108422.41 3 
106291.37 1.6461e-16 109027.20 3 
106880.99 1.6575e-16 109632.00 3 
107470.71 1.6870e-16 110236.90 3 
108060.34 1.6818e-16 110841.70 3 
108649.97 1.7010e-16 111446.51 3 
109239.68 1.8586e-16 112051.40 3 
109829.31 2.1426e-16 112656.20 3 
110419.03 2.3873e-16 113261.10 3 
111008.65 2.6989e-16 113865.90 3 
111598.28 4.0640e-16 114470.70 3 
112187.99 5.9945e-16 115075.60 3 
112777.62 6.0690e-16 115680.40 3 
113367.24 5.1050e-16 116285.20 3 
113956.96 4.2253e-16 116890.09 3 
114546.58 3.6071e-16 117494.90 3 
115136.20 3.1687e-16 118099.70 3 
115725.92 2.8774e-16 118704.59 3 
116315.55 2.7095e-16 119309.40 3 
116905.28 2.5959e-16 119914.30 3 
117494.90 2.5528e-16 120519.10 3 
118084.52 2.5813e-16 121123.90 3 
118674.25 2.6825e-16 121728.80 3 
119263.87 2.8645e-16 122333.60 3 
119853.50 2.9347e-16 122938.41 3 
120443.21 2.8810e-16 123543.30 3 
121032.84 2.8399e-16 124148.10 3 
121622.47 2.8025e-16 124752.91 3 
122212.18 2.8589e-16 125357.80 3 
122801.81 3.0340e-16 125962.60 3 
123391.53 3.1212e-16 126567.50 3 
123981.15 3.1675e-16 127172.30 3 
124570.77 3.2965e-16 127777.10 3 
125160.49 3.4597e-16 128382.00 3 
125750.11 3.6650e-16 128986.80 3 
126339.74 3.8341e-16 129591.60 3 
126929.47 4.0545e-16 130196.51 3 
127519.08 4.9694e-16 130801.30 3 
128108.70 6.9141e-16 131406.09 3 
128698.43 5.4763e-16 132011.00 3 
129288.05 2.9768e-16 132615.80 3 
129877.67 2.6681e-16 133220.59 3 
130467.40 2.5578e-16 133825.50 3 
131057.02 2.5144e-16 134430.30 3 
131646.75 2.4894e-16 135035.20 3 
132236.37 2.4548e-16 135640.00 3 
132825.99 2.4540e-16 136244.80 3 
133415.72 2.4178e-16 136849.70 3 
134005.34 2.4524e-16 137454.50 3 
134594.96 2.4624e-16 138059.30 3 
135184.68 2.4417e-16 138664.20 3 
135774.31 2.4485e-16 139269.00 3 
136363.93 2.3885e-16 139873.80 3 
136953.65 2.3572e-16 140478.70 3 
137543.27 2.3013e-16 141083.50 3 
138133.00 2.2549e-16 141688.41 3 
138722.62 2.2263e-16 142293.20 3 
139312.24 2.1714e-16 142898.00 3 
139901.97 2.1230e-16 143502.91 3 
140491.59 2.0577e-16 144107.70 3 
141081.21 1.9994e-16 144712.50 3 
142116.17 2.3141e-16 145774.09 3 
142941.73 2.2770e-16 146620.91 3 
143767.28 2.2697e-16 147467.70 3 
144592.83 2.1722e-16 148314.50 3 
145418.28 2.1918e-16 149161.20 3 
146243.83 2.1618e-16 150008.00 3 
147069.38 2.1405e-16 150854.80 3 
147894.83 2.1658e-16 151701.50 3 
148720.38 2.1684e-16 152548.30 3 
149545.93 2.1625e-16 153395.09 3 
150371.39 2.1691e-16 154241.80 3 
151196.94 2.1915e-16 155088.59 3 
152022.50 2.2197e-16 155935.41 3 
152847.96 2.2079e-16 156782.11 3 
153673.50 2.2140e-16 157628.91 3 
154499.05 2.2838e-16 158475.70 3 
155324.49 2.4769e-16 159322.39 3 
156150.06 2.4564e-16 160169.20 3 
156975.60 2.3355e-16 161016.00 3 
157801.15 2.4006e-16 161862.80 3 
158626.61 2.4431e-16 162709.50 3 
159452.17 2.4098e-16 163556.31 3 
160277.71 2.4808e-16 164403.09 3 
161103.18 2.5048e-16 165249.81 3 
161928.71 2.5345e-16 166096.59 3 
162754.26 2.6549e-16 166943.39 3 
163579.73 2.8902e-16 167790.11 3 
164405.26 3.0781e-16 168636.89 3 
165230.83 2.9427e-16 169483.70 3 
166056.27 2.8444e-16 170330.39 3 
166881.83 2.8769e-16 171177.20 3 
167707.38 2.8660e-16 172024.00 3 
168532.82 2.9140e-16 172870.69 3 
169358.38 3.0739e-16 173717.50 3 
170183.93 3.2964e-16 174564.30 3 
171009.48 3.1594e-16 175411.09 3 
171834.94 3.0192e-16 176257.80 3 
172660.50 2.9730e-16 177104.61 3 
173486.03 2.9693e-16 177951.39 3 
174311.51 2.9530e-16 178798.11 3 
175137.05 2.8815e-16 179644.91 3 
175962.60 2.8182e-16 180491.70 3 
176788.06 2.7999e-16 181338.41 3 
177613.59 2.8254e-16 182185.19 3 
178439.15 2.8477e-16 183032.00 3 
179264.61 2.8314e-16 183878.70 3 
180090.16 2.7887e-16 184725.50 3 
180915.71 2.7606e-16 185572.30 3 
181741.15 2.7613e-16 186418.98 3 
182566.71 2.7541e-16 187265.80 3 
183392.28 2.7584e-16 188112.61 3 
184217.82 2.7686e-16 188959.41 3 
185043.27 2.7586e-16 189806.09 3 
185868.83 2.8706e-16 190652.91 3 
186694.36 3.1528e-16 191499.69 3 
187519.83 3.4104e-16 192346.41 3 
188345.38 2.9373e-16 193193.20 3 
189170.93 2.9540e-16 194040.00 3 
189996.39 2.8690e-16 194886.70 3 
190821.95 2.8824e-16 195733.52 3 
191647.48 2.9547e-16 196580.30 3 
192472.94 2.8876e-16 197427.00 3 
193298.49 2.8841e-16 198273.80 3 
194124.04 2.8923e-16 199120.59 3 
194949.51 2.9212e-16 199967.31 3 
195775.04 2.9681e-16 200814.09 3 
196600.60 2.9880e-16 201660.91 3 
197426.15 2.9859e-16 202507.70 3 
198251.59 2.9684e-16 203354.39 3 
199077.16 2.9963e-16 204201.20 3 
200728.16 3.0380e-16 205894.70 3 
202379.26 3.0334e-16 207588.30 3 
204030.28 3.2108e-16 209281.81 3 
205681.27 3.1821e-16 210975.30 3 
207332.36 3.1596e-16 212668.89 3 
208983.37 3.2676e-16 214362.39 3 
210634.48 3.2769e-16 216056.00 3 
212285.48 3.2770e-16 217749.50 3 
213936.49 3.3375e-16 219443.00 3 
215587.60 3.3932e-16 221136.61 3 
217238.60 3.3951e-16 222830.11 3 
218889.59 3.3851e-16 224523.59 3 
220540.69 3.4188e-16 226217.19 3 
222191.71 3.4268e-16 227910.70 3 
223842.81 3.5097e-16 229604.30 3 
225493.81 3.5107e-16 231297.80 3 
227144.82 3.5420e-16 232991.30 3 
228795.93 3.6138e-16 234684.91 3 
230446.93 3.6399e-16 236378.41 3 
232097.94 3.6223e-16 238071.91 3 
233749.02 3.6454e-16 239765.48 3 
235400.04 3.6970e-16 241459.00 3 
237051.13 3.7137e-16 243152.59 3 
238702.14 3.6774e-16 244846.09 3 
240353.14 3.7159e-16 246539.59 3 
242004.26 3.7106e-16 248233.20 3 
243655.26 3.7319e-16 249926.70 3 
245306.27 3.7453e-16 251620.20 3 
246957.38 3.7298e-16 253313.81 3 
248608.38 3.7391e-16 255007.31 3 
250259.46 3.7870e-16 256700.89 3 
251910.47 3.8205e-16 258394.39 3 
253561.47 3.8461e-16 260087.89 3 
255212.58 3.8075e-16 261781.50 3 
256863.59 3.8150e-16 263475.00 3 
258514.59 3.8940e-16 265168.50 3 
260165.69 3.9328e-16 266862.09 3 
261816.69 3.9393e-16 268555.59 3 
263467.79 3.9366e-16 270249.19 3 
265118.79 3.9503e-16 271942.69 3 
266769.83 3.9688e-16 273636.22 3 
268420.93 3.9897e-16 275329.81 3 
270071.90 4.0081e-16 277023.28 3 
271722.91 4.0540e-16 278716.78 3 
273374.03 4.0487e-16 280410.41 3 
275025.04 4.0951e-16 282103.91 3 
276676.13 4.0679e-16 283797.50 3 
278327.14 4.0916e-16 285491.00 3 
279978.14 4.1232e-16 287184.50 3 
281629.24 4.1511e-16 288878.09 3 
283280.24 4.1640e-16 290571.59 3 
284931.25 4.1448e-16 292265.09 3 
286582.34 4.1748e-16 293958.69 3 
288233.35 4.1656e-16 295652.19 3 
289884.45 4.2003e-16 297345.78 3 
291535.48 4.2353e-16 299039.31 3 
293186.49 4.2364e-16 300732.81 3 
294837.58 4.2512e-16 302426.41 3 
296488.59 4.2612e-16 304119.91 3 
298139.59 4.2728e-16 305813.41 3 
299790.69 4.3393e-16 307507.00 3 
301441.69 4.3639e-16 309200.50 3 
303092.79 4.3514e-16 310894.09 3 
304743.79 4.3472e-16 312587.59 3 
306394.80 4.3602e-16 314281.09 3 
308045.89 4.4555e-16 315974.69 3 
309696.93 4.3843e-16 317668.22 3 
311347.93 4.3945e-16 319361.72 3 
312999.03 4.4060e-16 321055.31 3 
314650.00 4.4696e-16 322748.78 3 
316301.13 4.5197e-16 324442.41 3 
317952.14 4.5598e-16 326135.91 3 
319603.14 4.5085e-16 327829.41 3 
321254.24 4.5405e-16 329523.00 3 
322905.24 4.6792e-16 331216.50 3 
324556.25 4.7766e-16 332910.00 3 
326207.37 4.9300e-16 334603.62 3 
327858.38 4.7052e-16 336297.12 3 
329509.44 4.9402e-16 337990.69 3 
331160.45 4.9313e-16 339684.19 3 
332811.48 4.8750e-16 341377.72 3 
334462.55 5.0775e-16 343071.28 3 
336113.55 4.8909e-16 344764.78 3 
337764.56 4.8092e-16 346458.28 3 
339415.69 4.9253e-16 348151.91 3 
341066.66 4.8843e-16 349845.38 3 
