# An Atlas of Galaxy Spectral Energy Distributions from the Ultraviolet to the Mid-Infrared
# Brown et al. (2014)
# http://dx.doi.org/10.5072/03/529D3551F0117
# 
# Column 1 : Restframe Wavelength (Angstrom)
# Column 2 : Flux per unit wavelength (ergs/s/cm^2/Angstrom)
# Column 3 : Observed wavelength (Angstrom)
# Column 4 : Source (0 = model, 1 = Optical Spectrum, 2 = Akari, 3 = Spitzer IRS)
# 
   101.99 2.0916e-18    103.75 0 
   103.89 2.4405e-18    105.68 0 
   106.07 2.9207e-18    107.89 0 
   108.04 3.5685e-18    109.90 0 
   110.05 4.9600e-18    111.94 0 
   113.91 6.6449e-18    115.88 0 
   117.92 8.4040e-18    119.95 0 
   120.94 2.8740e-17    123.03 0 
   124.90 3.4394e-17    127.06 0 
   126.93 3.6600e-17    129.12 0 
   128.11 3.8325e-17    130.32 0 
   131.09 4.1446e-17    133.35 0 
   132.00 4.8249e-17    134.28 0 
   134.14 5.0290e-17    136.46 0 
   136.95 6.1871e-17    139.32 0 
   140.14 6.6143e-17    142.56 0 
   143.08 1.6923e-16    145.55 0 
   147.09 3.8680e-16    149.62 0 
   150.86 4.0596e-16    153.46 0 
   155.09 4.3200e-16    157.76 0 
   159.06 4.6077e-16    161.81 0 
   162.02 4.8027e-16    164.82 0 
   166.18 5.1462e-16    169.04 0 
   170.05 5.3887e-16    172.98 0 
   172.81 5.6168e-16    175.79 0 
   176.84 5.8815e-16    179.89 0 
   180.12 6.0741e-16    183.23 0 
   181.79 6.2156e-16    184.93 0 
   186.03 6.4787e-16    189.23 0 
   190.80 6.7996e-16    194.09 0 
   193.90 7.0548e-16    197.24 0 
   197.96 7.3027e-16    201.37 0 
   202.10 7.5943e-16    205.59 0 
   204.91 7.7891e-16    208.45 0 
   210.17 7.7712e-16    213.80 0 
   216.06 8.5013e-16    219.79 0 
   220.08 8.8001e-16    223.87 0 
   223.14 8.8815e-16    226.99 0 
   226.76 9.2148e-16    230.67 0 
   229.92 1.3947e-15    233.88 0 
   234.19 2.3200e-15    238.23 0 
   240.20 2.9274e-15    244.34 0 
   245.79 2.7132e-15    250.03 0 
   252.10 2.8674e-15    256.45 0 
   256.79 2.3361e-15    261.22 0 
   259.76 2.7510e-15    264.24 0 
   263.98 2.8939e-15    268.53 0 
   268.89 2.8674e-15    273.53 0 
   273.89 2.8280e-15    278.61 0 
   278.98 2.7700e-15    283.79 0 
   284.17 2.7637e-15    289.07 0 
   290.12 2.6091e-15    295.12 0 
   296.19 2.5971e-15    301.30 0 
   301.00 2.4974e-15    306.20 0 
   308.02 2.5089e-15    313.33 0 
   318.11 2.5089e-15    323.59 0 
   327.77 2.4518e-15    333.43 0 
   337.73 2.3631e-15    343.56 0 
   347.99 2.2776e-15    354.00 0 
   356.92 2.2516e-15    363.08 0 
   366.08 2.2829e-15    372.39 0 
   374.60 2.2156e-15    381.07 0 
   385.10 2.0440e-15    391.74 0 
   394.98 2.1207e-15    401.79 0 
   405.11 2.1354e-15    412.10 0 
   413.59 2.0772e-15    420.73 0 
   422.25 1.9837e-15    429.54 0 
   430.10 1.9208e-15    437.52 0 
   441.14 1.9164e-15    448.75 0 
   451.41 1.8599e-15    459.20 0 
   459.80 1.7680e-15    467.74 0 
   470.51 1.7198e-15    478.63 0 
   480.37 1.7198e-15    488.65 0 
   490.43 1.6050e-15    498.88 0 
   499.54 1.6424e-15    508.16 0 
   506.49 1.5577e-15    515.23 0 
   512.36 1.7397e-15    521.19 0 
   519.48 1.6846e-15    528.45 0 
   530.36 1.5977e-15    539.51 0 
   540.22 1.4537e-15    549.54 0 
   550.27 1.3979e-15    559.76 0 
   560.50 1.4876e-15    570.16 0 
   569.60 1.5222e-15    579.43 0 
   580.19 1.4638e-15    590.20 0 
   589.62 1.4437e-15    599.79 0 
   600.58 1.3167e-15    610.94 0 
   610.34 1.1574e-15    620.87 0 
   620.26 1.3598e-15    630.96 0 
   630.34 1.2897e-15    641.21 0 
   640.58 1.3197e-15    651.63 0 
   649.49 1.2662e-15    660.69 0 
   658.53 1.1953e-15    669.88 0 
   664.62 1.2459e-15    676.08 0 
   675.42 1.2459e-15    687.07 0 
   684.81 1.1285e-15    696.63 0 
   694.34 1.1871e-15    706.32 0 
   705.62 1.0507e-15    717.79 0 
   715.44 1.1547e-15    727.78 0 
   725.39 1.1389e-15    737.90 0 
   735.48 1.1207e-15    748.17 0 
   745.71 1.0777e-15    758.58 0 
   754.35 1.0507e-15    767.36 0 
   764.84 9.3215e-16    778.04 0 
   775.48 1.0104e-15    788.86 0 
   784.46 9.4077e-16    797.99 0 
   795.38 9.6269e-16    809.10 0 
   804.59 9.6047e-16    818.46 0 
   815.78 9.4730e-16    829.85 0 
   825.23 9.3645e-16    839.46 0 
   834.78 8.0442e-16    849.18 0 
   844.45 8.9225e-16    859.01 0 
   854.23 8.6793e-16    868.96 0 
   864.12 8.6993e-16    879.02 0 
   874.12 8.5800e-16    889.20 0 
   884.25 8.4428e-16    899.50 0 
   894.48 8.3078e-16    909.91 0 
   904.84 8.0628e-16    920.45 0 
   915.32 7.9889e-16    931.11 0 
   925.92 1.4437e-15    941.89 0 
   934.49 2.0916e-15    950.60 0 
   945.31 2.6454e-15    961.61 0 
   954.05 2.9750e-15    970.51 0 
   965.10 3.1585e-15    981.75 0 
   974.03 1.5187e-15    990.83 0 
   985.31 2.5733e-15   1002.31 0 
   994.43 2.4745e-15   1011.58 0 
  1005.94 2.9545e-15   1023.29 0 
  1015.25 2.9887e-15   1032.76 0 
  1024.64 2.0582e-15   1042.32 0 
  1034.12 2.6151e-15   1051.96 0 
  1046.10 3.4079e-15   1064.14 0 
  1055.78 3.2771e-15   1073.99 0 
  1065.55 2.8021e-15   1083.93 0 
  1075.41 3.0233e-15   1093.96 0 
  1085.36 2.5851e-15   1104.08 0 
  1095.40 3.0443e-15   1114.29 0 
  1105.54 2.9006e-15   1124.61 0 
  1115.77 2.8150e-15   1135.01 0 
  1126.09 2.5031e-15   1145.51 0 
  1133.89 2.8873e-15   1153.45 0 
  1144.39 2.7320e-15   1164.13 0 
  1154.98 2.7257e-15   1174.90 0 
  1165.66 2.6760e-15   1185.77 0 
  1173.74 1.9208e-15   1193.99 0 
  1184.60 2.5321e-15   1205.04 0 
  1195.56 2.1651e-15   1216.19 0 
  1203.85 1.8556e-15   1224.62 0 
  1214.99 1.4604e-15   1235.95 0 
  1226.23 2.0868e-15   1247.38 0 
  1234.73 2.4518e-15   1256.03 0 
  1246.16 2.5089e-15   1267.65 0 
  1254.79 2.4293e-15   1276.44 0 
  1266.41 2.3093e-15   1288.25 0 
  1275.18 2.5614e-15   1297.18 0 
  1284.02 2.5851e-15   1306.17 0 
  1295.90 2.2258e-15   1318.26 0 
  1304.89 2.2156e-15   1327.39 0 
  1313.93 2.4974e-15   1336.60 0 
  1326.09 2.3850e-15   1348.96 0 
  1335.28 2.2105e-15   1358.31 0 
  1344.54 2.3960e-15   1367.73 0 
  1353.86 2.3253e-15   1377.21 0 
  1366.38 2.1453e-15   1389.95 0 
  1375.85 2.1453e-15   1399.59 0 
  1385.39 2.1207e-15   1409.29 0 
  1395.00 1.6884e-15   1419.06 0 
  1404.66 1.6500e-15   1428.89 0 
  1414.40 1.9656e-15   1438.80 0 
  1424.21 1.9208e-15   1448.77 0 
  1434.08 1.9610e-15   1458.81 0 
  1440.70 1.9883e-15   1465.55 0 
  1447.35 1.9883e-15   1472.31 0 
  1454.03 1.9208e-15   1479.11 0 
  1464.11 1.8092e-15   1489.36 0 
  1474.26 1.8092e-15   1499.69 0 
  1484.47 1.8175e-15   1510.08 0 
  1494.76 1.8009e-15   1520.55 0 
  1505.13 1.7119e-15   1531.09 0 
  1512.07 1.5757e-15   1538.15 0 
  1515.56 1.6274e-15   1541.70 0 
  1526.06 1.6013e-15   1552.39 0 
  1536.64 1.3979e-15   1563.15 0 
  1543.74 1.3258e-15   1570.36 0 
  1554.44 1.3016e-15   1581.25 0 
  1565.21 1.4012e-15   1592.21 0 
  1576.06 1.4706e-15   1603.25 0 
  1583.33 1.5014e-15   1610.65 0 
  1594.31 1.5048e-15   1621.81 0 
  1605.36 1.4638e-15   1633.05 0 
  1616.49 1.4404e-15   1644.37 0 
  1623.95 1.3979e-15   1651.96 0 
  1635.21 1.4537e-15   1663.41 0 
  1646.54 1.4504e-15   1674.94 0 
  1654.14 1.3979e-15   1682.67 0 
  1665.61 1.4504e-15   1694.34 0 
  1673.30 1.3289e-15   1702.16 0 
  1677.15 1.4808e-15   1706.08 0 
  1684.89 1.4842e-15   1713.96 0 
  1696.57 1.4109e-15   1725.84 0 
  1704.41 1.3661e-15   1733.80 0 
  1716.22 1.2986e-15   1745.82 0 
  1724.14 1.2779e-15   1753.88 0 
  1736.09 1.3381e-15   1766.04 0 
  1744.11 1.3076e-15   1774.19 0 
  1756.20 1.3474e-15   1786.49 0 
  1764.30 1.2749e-15   1794.73 0 
  1776.53 1.2632e-15   1807.17 0 
  1784.73 1.2808e-15   1815.52 0 
  1792.97 1.3258e-15   1823.90 0 
  1805.40 1.3137e-15   1836.54 0 
  1813.73 1.2204e-15   1845.02 0 
  1826.30 1.2373e-15   1857.80 0 
  1834.73 1.2036e-15   1866.38 0 
  1843.20 1.1130e-15   1874.99 0 
  1855.98 1.1181e-15   1887.99 0 
  1864.54 1.1442e-15   1896.71 0 
  1873.15 1.1926e-15   1905.46 0 
  1886.13 1.1079e-15   1918.67 0 
  1894.84 1.0752e-15   1927.53 0 
  1903.59 1.1259e-15   1936.42 0 
  1916.78 1.0826e-15   1949.84 0 
  1925.63 1.0387e-15   1958.84 0 
  1934.52 1.0556e-15   1967.89 0 
  1943.45 1.1181e-15   1976.97 0 
  1956.92 1.0435e-15   1990.67 0 
  1965.95 1.1311e-15   1999.86 0 
  1975.03 1.1415e-15   2009.09 0 
  1984.14 1.1104e-15   2018.37 0 
  1993.30 1.0876e-15   2027.68 0 
  2007.12 1.1053e-15   2041.74 0 
  2016.38 1.0876e-15   2051.16 0 
  2025.69 1.0876e-15   2060.63 0 
  2035.04 1.0703e-15   2070.14 0 
  2044.43 1.1079e-15   2079.70 0 
  2053.87 1.0127e-15   2089.30 0 
  2063.35 1.0315e-15   2098.94 0 
  2072.87 1.1285e-15   2108.63 0 
  2077.65 1.3197e-15   2113.49 0 
  2087.24 1.4842e-15   2123.24 0 
  2096.88 1.3915e-15   2133.04 0 
  2106.56 1.3756e-15   2142.89 0 
  2116.28 1.4604e-15   2152.78 0 
  2126.05 1.3819e-15   2162.72 0 
  2135.86 1.3197e-15   2172.70 0 
  2145.72 1.4774e-15   2182.73 0 
  2155.62 1.4910e-15   2192.81 0 
  2165.57 1.3693e-15   2202.93 0 
  2175.57 1.3724e-15   2213.09 0 
  2185.61 1.5434e-15   2223.31 0 
  2195.70 1.5399e-15   2233.57 0 
  2205.83 1.5083e-15   2243.88 0 
  2216.01 1.2867e-15   2254.24 0 
  2226.24 1.3915e-15   2264.64 0 
  2236.52 1.6691e-15   2275.10 0 
  2246.84 1.6013e-15   2285.60 0 
  2257.21 1.3443e-15   2296.15 0 
  2262.42 1.2867e-15   2301.44 0 
  2272.86 1.3661e-15   2312.07 0 
  2283.35 1.6613e-15   2322.74 0 
  2293.89 1.4303e-15   2333.46 0 
  2304.48 1.6384e-15   2344.23 0 
  2315.12 1.4434e-15   2355.05 0 
  2325.80 1.1923e-15   2365.92 0 
  2336.54 1.1651e-15   2376.84 0 
  2347.32 9.6018e-16   2387.81 0 
  2352.73 1.3594e-15   2393.32 0 
  2363.59 1.0008e-15   2404.36 0 
  2374.50 1.1411e-15   2415.46 0 
  2385.46 8.8164e-16   2426.61 0 
  2396.47 9.8918e-16   2437.81 0 
  2407.54 9.8007e-16   2449.06 0 
  2413.09 1.0648e-15   2454.71 0 
  2424.22 1.5039e-15   2466.04 0 
  2435.41 1.5108e-15   2477.42 0 
  2446.65 1.7346e-15   2488.86 0 
  2452.30 1.8247e-15   2494.60 0 
  2463.61 1.5855e-15   2506.11 0 
  2474.99 1.4426e-15   2517.68 0 
  2486.41 1.0236e-15   2529.30 0 
  2492.14 1.1301e-15   2535.13 0 
  2503.64 1.6222e-15   2546.83 0 
  2515.20 9.2489e-16   2558.59 0 
  2526.81 8.6911e-16   2570.40 0 
  2532.64 1.2052e-15   2576.32 0 
  2544.33 1.2446e-15   2588.21 0 
  2556.07 2.0942e-15   2600.16 0 
  2567.87 1.5959e-15   2612.16 0 
  2573.79 1.9953e-15   2618.18 0 
  2585.67 1.7864e-15   2630.27 0 
  2597.60 1.6254e-15   2642.41 0 
  2603.59 1.4420e-15   2648.50 0 
  2615.61 1.3272e-15   2660.72 0 
  2627.68 1.7097e-15   2673.01 0 
  2633.74 2.8901e-15   2679.17 0 
  2645.90 3.8097e-15   2691.54 0 
  2652.00 5.4060e-15   2697.74 0 
  2664.24 3.3563e-15   2710.19 0 
  2676.53 3.8093e-15   2722.70 0 
  2682.70 4.4548e-15   2728.98 0 
  2695.09 3.2049e-15   2741.57 0 
  2707.53 4.0067e-15   2754.23 0 
  2713.77 2.8892e-15   2760.58 0 
  2726.29 2.2375e-15   2773.32 0 
  2732.58 2.8625e-15   2779.71 0 
  2745.19 1.7011e-15   2792.54 0 
  2757.86 2.2631e-15   2805.43 0 
  2764.22 2.9424e-15   2811.90 0 
  2776.98 3.1166e-15   2824.88 0 
  2783.38 1.9216e-15   2831.39 0 
  2796.23 1.0084e-15   2844.46 0 
  2802.67 1.1712e-15   2851.02 0 
  2815.61 2.7455e-15   2864.18 0 
  2822.10 3.9775e-15   2870.78 0 
  2835.13 3.7290e-15   2884.03 0 
  2848.21 2.6337e-15   2897.34 0 
  2854.78 1.5652e-15   2904.02 0 
  2867.96 3.7029e-15   2917.43 0 
  2874.57 5.2183e-15   2924.15 0 
  2887.84 4.7045e-15   2937.65 0 
  2894.50 5.9361e-15   2944.42 0 
  2907.85 8.1561e-15   2958.01 0 
  2928.01 7.0380e-15   2978.52 0 
  2948.31 6.4330e-15   2999.16 0 
  2968.74 6.7357e-15   3019.95 0 
  2989.32 6.8289e-15   3040.89 0 
  3010.04 6.8127e-15   3061.96 0 
  3030.91 7.3670e-15   3083.19 0 
  3051.92 7.6781e-15   3104.56 0 
  3073.07 8.5354e-15   3126.08 0 
  3087.26 8.2832e-15   3140.51 0 
  3108.66 9.8439e-15   3162.28 0 
  3130.20 9.0185e-15   3184.20 0 
  3151.90 9.0803e-15   3206.27 0 
  3166.45 1.0071e-14   3221.07 0 
  3188.40 8.5910e-15   3243.40 0 
  3210.50 9.5501e-15   3265.88 0 
  3232.75 7.9611e-15   3288.52 0 
  3247.68 1.1533e-14   3303.70 0 
  3270.19 1.3612e-14   3326.60 0 
  3292.86 1.3332e-14   3349.66 0 
  3308.05 1.2355e-14   3365.12 0 
  3323.32 1.1690e-14   3380.65 0 
  3330.99 1.2185e-14   3388.44 0 
  3338.66 1.0910e-14   3396.25 0 
  3346.36 1.2847e-14   3404.08 0 
  3354.07 1.2410e-14   3411.93 0 
  3361.81 1.1318e-14   3419.79 0 
  3369.56 1.1555e-14   3427.68 0 
  3377.32 1.1188e-14   3435.58 0 
  3385.11 1.1291e-14   3443.50 0 
  3392.91 1.2639e-14   3451.44 0 
  3400.73 1.4084e-14   3459.39 0 
  3408.57 1.2581e-14   3467.37 0 
  3416.43 1.1161e-14   3475.36 0 
  3424.31 1.4180e-14   3483.37 0 
  3432.20 1.4985e-14   3491.40 0 
  3440.11 1.2813e-14   3499.45 0 
  3448.04 1.0201e-14   3507.52 0 
  3455.99 1.2349e-14   3515.60 0 
  3463.96 1.0271e-14   3523.71 0 
  3471.94 1.3140e-14   3531.83 0 
  3479.95 9.8082e-15   3539.97 0 
  3487.97 1.1684e-14   3548.13 0 
  3496.01 1.0878e-14   3556.31 0 
  3504.07 1.4607e-14   3564.51 0 
  3512.15 1.3229e-14   3572.73 0 
  3520.24 1.4673e-14   3580.96 0 
  3528.36 9.4954e-15   3589.22 0 
  3536.49 1.3662e-14   3597.49 0 
  3538.47 1.7397e-14   3599.50 1 
  3541.17 1.5377e-14   3602.25 1 
  3543.87 1.4422e-14   3605.00 1 
  3546.58 1.7472e-14   3607.75 1 
  3549.28 1.7615e-14   3610.50 1 
  3551.98 1.4025e-14   3613.25 1 
  3554.69 1.4406e-14   3616.00 1 
  3557.39 1.4873e-14   3618.75 1 
  3560.09 1.4099e-14   3621.50 1 
  3562.80 1.1881e-14   3624.25 1 
  3565.50 1.3563e-14   3627.00 1 
  3568.20 1.3531e-14   3629.75 1 
  3570.91 1.1550e-14   3632.50 1 
  3573.61 1.3061e-14   3635.25 1 
  3576.31 1.4301e-14   3638.00 1 
  3579.02 1.1601e-14   3640.75 1 
  3581.72 1.1487e-14   3643.50 1 
  3584.42 1.0233e-14   3646.25 1 
  3587.13 9.7568e-15   3649.00 1 
  3589.83 1.1036e-14   3651.75 1 
  3592.53 1.3547e-14   3654.50 1 
  3595.24 1.5693e-14   3657.25 1 
  3597.94 1.4949e-14   3660.00 1 
  3600.64 1.4077e-14   3662.75 1 
  3603.35 1.4619e-14   3665.50 1 
  3606.05 1.3038e-14   3668.25 1 
  3608.75 1.3714e-14   3671.00 1 
  3611.46 1.3958e-14   3673.75 1 
  3614.16 1.3097e-14   3676.50 1 
  3616.86 1.3037e-14   3679.25 1 
  3619.57 1.4639e-14   3682.00 1 
  3622.27 1.5101e-14   3684.75 1 
  3624.97 1.5726e-14   3687.50 1 
  3627.68 1.6805e-14   3690.25 1 
  3630.38 1.5516e-14   3693.00 1 
  3633.08 1.5313e-14   3695.75 1 
  3635.79 1.4741e-14   3698.50 1 
  3638.49 1.5835e-14   3701.25 1 
  3641.19 1.5522e-14   3704.00 1 
  3643.90 1.4855e-14   3706.75 1 
  3646.60 1.3937e-14   3709.50 1 
  3649.30 1.5238e-14   3712.25 1 
  3652.01 1.5289e-14   3715.00 1 
  3654.71 1.7535e-14   3717.75 1 
  3657.41 1.6900e-14   3720.50 1 
  3660.12 1.7073e-14   3723.25 1 
  3662.82 1.9716e-14   3726.00 1 
  3665.52 1.7519e-14   3728.75 1 
  3668.23 1.7143e-14   3731.50 1 
  3670.93 1.6774e-14   3734.25 1 
  3673.63 1.6252e-14   3737.00 1 
  3676.34 1.5571e-14   3739.75 1 
  3679.04 1.6271e-14   3742.50 1 
  3681.74 1.6299e-14   3745.25 1 
  3684.45 1.5546e-14   3748.00 1 
  3687.15 1.5974e-14   3750.75 1 
  3689.85 1.7013e-14   3753.50 1 
  3692.56 1.8953e-14   3756.25 1 
  3695.26 1.9126e-14   3759.00 1 
  3697.96 1.9416e-14   3761.75 1 
  3700.67 1.8574e-14   3764.50 1 
  3703.37 1.6664e-14   3767.25 1 
  3706.07 1.6576e-14   3770.00 1 
  3708.78 1.5784e-14   3772.75 1 
  3711.48 1.5845e-14   3775.50 1 
  3714.18 1.6873e-14   3778.25 1 
  3716.89 1.7319e-14   3781.00 1 
  3719.59 1.5597e-14   3783.75 1 
  3722.29 1.3037e-14   3786.50 1 
  3725.00 1.4559e-14   3789.25 1 
  3727.70 1.5269e-14   3792.00 1 
  3730.40 1.3794e-14   3794.75 1 
  3733.11 1.2556e-14   3797.50 1 
  3735.81 1.2816e-14   3800.25 1 
  3738.51 1.1794e-14   3803.00 1 
  3741.22 1.3674e-14   3805.75 1 
  3743.92 1.2923e-14   3808.50 1 
  3746.62 1.3231e-14   3811.25 1 
  3749.33 1.2925e-14   3814.00 1 
  3752.03 1.4271e-14   3816.75 1 
  3754.73 1.5019e-14   3819.50 1 
  3757.44 1.4400e-14   3822.25 1 
  3760.14 1.3977e-14   3825.00 1 
  3762.84 1.5259e-14   3827.75 1 
  3765.55 1.5559e-14   3830.50 1 
  3768.25 1.5595e-14   3833.25 1 
  3770.95 1.6498e-14   3836.00 1 
  3773.66 1.7536e-14   3838.75 1 
  3776.36 1.8236e-14   3841.50 1 
  3779.06 1.8174e-14   3844.25 1 
  3781.77 1.8030e-14   3847.00 1 
  3784.47 1.8328e-14   3849.75 1 
  3787.18 1.6820e-14   3852.50 1 
  3789.88 1.5551e-14   3855.25 1 
  3792.58 1.5378e-14   3858.00 1 
  3795.29 1.4176e-14   3860.75 1 
  3797.99 1.3569e-14   3863.50 1 
  3800.69 1.4752e-14   3866.25 1 
  3803.40 1.5915e-14   3869.00 1 
  3806.10 1.7173e-14   3871.75 1 
  3808.80 1.6594e-14   3874.50 1 
  3811.51 1.4571e-14   3877.25 1 
  3814.21 1.4459e-14   3880.00 1 
  3816.91 1.5102e-14   3882.75 1 
  3819.62 1.3296e-14   3885.50 1 
  3822.32 1.2086e-14   3888.25 1 
  3825.02 1.2207e-14   3891.00 1 
  3827.73 1.0411e-14   3893.75 1 
  3830.43 9.5499e-15   3896.50 1 
  3833.13 1.0498e-14   3899.25 1 
  3835.84 1.0915e-14   3902.00 1 
  3838.54 1.0602e-14   3904.75 1 
  3841.24 1.0080e-14   3907.50 1 
  3843.95 1.2571e-14   3910.25 1 
  3846.65 1.2207e-14   3913.00 1 
  3849.35 1.2898e-14   3915.75 1 
  3852.06 1.2945e-14   3918.50 1 
  3854.76 1.3145e-14   3921.25 1 
  3857.46 1.2100e-14   3924.00 1 
  3860.17 1.2865e-14   3926.75 1 
  3862.87 1.3210e-14   3929.50 1 
  3865.57 1.2640e-14   3932.25 1 
  3868.28 1.4232e-14   3935.00 1 
  3870.98 1.3805e-14   3937.75 1 
  3873.68 1.3694e-14   3940.50 1 
  3876.39 1.3673e-14   3943.25 1 
  3879.09 1.3250e-14   3946.00 1 
  3881.79 1.2961e-14   3948.75 1 
  3884.50 1.3317e-14   3951.50 1 
  3887.20 1.4201e-14   3954.25 1 
  3889.90 1.5945e-14   3957.00 1 
  3892.61 1.6804e-14   3959.75 1 
  3895.31 1.7547e-14   3962.50 1 
  3898.01 1.7408e-14   3965.25 1 
  3900.72 1.7495e-14   3968.00 1 
  3903.42 1.7797e-14   3970.75 1 
  3906.12 1.8117e-14   3973.50 1 
  3908.83 1.9162e-14   3976.25 1 
  3911.53 1.9532e-14   3979.00 1 
  3914.23 1.9884e-14   3981.75 1 
  3916.94 1.9293e-14   3984.50 1 
  3919.64 1.8087e-14   3987.25 1 
  3922.34 1.6411e-14   3990.00 1 
  3925.05 1.3749e-14   3992.75 1 
  3927.75 1.2766e-14   3995.50 1 
  3930.45 1.0301e-14   3998.25 1 
  3933.16 7.9183e-15   4001.00 1 
  3935.86 8.7536e-15   4003.75 1 
  3938.56 1.0281e-14   4006.50 1 
  3941.27 1.2023e-14   4009.25 1 
  3943.97 1.4956e-14   4012.00 1 
  3946.67 1.6942e-14   4014.75 1 
  3949.38 1.8494e-14   4017.50 1 
  3952.08 1.8752e-14   4020.25 1 
  3954.78 1.8645e-14   4023.00 1 
  3957.49 1.7276e-14   4025.75 1 
  3960.19 1.6434e-14   4028.50 1 
  3962.89 1.4042e-14   4031.25 1 
  3965.60 1.2008e-14   4034.00 1 
  3968.30 1.0958e-14   4036.75 1 
  3971.00 1.1738e-14   4039.50 1 
  3973.71 1.3643e-14   4042.25 1 
  3976.41 1.6474e-14   4045.00 1 
  3979.11 1.9960e-14   4047.75 1 
  3981.82 2.1638e-14   4050.50 1 
  3984.52 2.3168e-14   4053.25 1 
  3987.22 2.4478e-14   4056.00 1 
  3989.93 2.3807e-14   4058.75 1 
  3992.63 2.4949e-14   4061.50 1 
  3995.33 2.5036e-14   4064.25 1 
  3998.04 2.4670e-14   4067.00 1 
  4000.74 2.5633e-14   4069.75 1 
  4003.44 2.6843e-14   4072.50 1 
  4006.15 2.6539e-14   4075.25 1 
  4008.85 2.7859e-14   4078.00 1 
  4011.55 2.9530e-14   4080.75 1 
  4014.26 2.8740e-14   4083.50 1 
  4016.96 2.8392e-14   4086.25 1 
  4019.66 2.8374e-14   4089.00 1 
  4022.37 2.8532e-14   4091.75 1 
  4025.07 2.8089e-14   4094.50 1 
  4027.77 2.7493e-14   4097.25 1 
  4030.48 2.6514e-14   4100.00 1 
  4033.18 2.6812e-14   4102.75 1 
  4035.89 2.7366e-14   4105.50 1 
  4038.59 2.7599e-14   4108.25 1 
  4041.29 2.6625e-14   4111.00 1 
  4044.00 2.5833e-14   4113.75 1 
  4046.70 2.6068e-14   4116.50 1 
  4049.40 2.6148e-14   4119.25 1 
  4052.11 2.7320e-14   4122.00 1 
  4054.81 2.7104e-14   4124.75 1 
  4057.51 2.6068e-14   4127.50 1 
  4060.22 2.5694e-14   4130.25 1 
  4062.92 2.5477e-14   4133.00 1 
  4065.62 2.5290e-14   4135.75 1 
  4068.33 2.5740e-14   4138.50 1 
  4071.03 2.6049e-14   4141.25 1 
  4073.73 2.5675e-14   4144.00 1 
  4076.44 2.6379e-14   4146.75 1 
  4079.14 2.6938e-14   4149.50 1 
  4081.84 2.7787e-14   4152.25 1 
  4084.55 2.8806e-14   4155.00 1 
  4087.25 2.9452e-14   4157.75 1 
  4089.95 2.9021e-14   4160.50 1 
  4092.66 2.8815e-14   4163.25 1 
  4095.36 2.8316e-14   4166.00 1 
  4098.06 2.6020e-14   4168.75 1 
  4100.77 2.4752e-14   4171.50 1 
  4103.47 2.5742e-14   4174.25 1 
  4106.17 2.6957e-14   4177.00 1 
  4108.88 2.6866e-14   4179.75 1 
  4111.58 2.6465e-14   4182.50 1 
  4114.28 2.7563e-14   4185.25 1 
  4116.99 2.8072e-14   4188.00 1 
  4119.69 2.8289e-14   4190.75 1 
  4122.39 2.7813e-14   4193.50 1 
  4125.10 2.7431e-14   4196.25 1 
  4127.80 2.7604e-14   4199.00 1 
  4130.50 2.7400e-14   4201.75 1 
  4133.21 2.6845e-14   4204.50 1 
  4135.91 2.7290e-14   4207.25 1 
  4138.61 2.8064e-14   4210.00 1 
  4141.32 2.7910e-14   4212.75 1 
  4144.02 2.6300e-14   4215.50 1 
  4146.72 2.5489e-14   4218.25 1 
  4149.43 2.5392e-14   4221.00 1 
  4152.13 2.6209e-14   4223.75 1 
  4154.83 2.6638e-14   4226.50 1 
  4157.54 2.6912e-14   4229.25 1 
  4160.24 2.7464e-14   4232.00 1 
  4162.94 2.7529e-14   4234.75 1 
  4165.65 2.7396e-14   4237.50 1 
  4168.35 2.7200e-14   4240.25 1 
  4171.05 2.6057e-14   4243.00 1 
  4173.76 2.5764e-14   4245.75 1 
  4176.46 2.5468e-14   4248.50 1 
  4179.16 2.5745e-14   4251.25 1 
  4181.87 2.6310e-14   4254.00 1 
  4184.57 2.7266e-14   4256.75 1 
  4187.27 2.7059e-14   4259.50 1 
  4189.98 2.7033e-14   4262.25 1 
  4192.68 2.7340e-14   4265.00 1 
  4195.38 2.6776e-14   4267.75 1 
  4198.09 2.5841e-14   4270.50 1 
  4200.79 2.6416e-14   4273.25 1 
  4203.49 2.6864e-14   4276.00 1 
  4206.20 2.8420e-14   4278.75 1 
  4208.90 2.9128e-14   4281.50 1 
  4211.60 2.8560e-14   4284.25 1 
  4214.31 2.8880e-14   4287.00 1 
  4217.01 2.8562e-14   4289.75 1 
  4219.71 2.8193e-14   4292.50 1 
  4222.42 2.7817e-14   4295.25 1 
  4225.12 2.6483e-14   4298.00 1 
  4227.82 2.6014e-14   4300.75 1 
  4230.53 2.6208e-14   4303.50 1 
  4233.23 2.7024e-14   4306.25 1 
  4235.93 2.8027e-14   4309.00 1 
  4238.64 2.9595e-14   4311.75 1 
  4241.34 2.9944e-14   4314.50 1 
  4244.04 3.0686e-14   4317.25 1 
  4246.75 2.9723e-14   4320.00 1 
  4249.45 2.9028e-14   4322.75 1 
  4252.15 2.9069e-14   4325.50 1 
  4254.86 2.8859e-14   4328.25 1 
  4257.56 2.9104e-14   4331.00 1 
  4260.26 2.9474e-14   4333.75 1 
  4262.97 3.0634e-14   4336.50 1 
  4265.67 3.0185e-14   4339.25 1 
  4268.37 2.9070e-14   4342.00 1 
  4271.08 2.7888e-14   4344.75 1 
  4273.78 2.7691e-14   4347.50 1 
  4276.48 2.7791e-14   4350.25 1 
  4279.19 2.8856e-14   4353.00 1 
  4281.89 2.8925e-14   4355.75 1 
  4284.60 2.8243e-14   4358.50 1 
  4287.30 2.7233e-14   4361.25 1 
  4290.00 2.6813e-14   4364.00 1 
  4292.71 2.5754e-14   4366.75 1 
  4295.41 2.5981e-14   4369.50 1 
  4298.11 2.4028e-14   4372.25 1 
  4300.82 2.2801e-14   4375.00 1 
  4303.52 2.2562e-14   4377.75 1 
  4306.22 2.1704e-14   4380.50 1 
  4308.93 2.2203e-14   4383.25 1 
  4311.63 2.4523e-14   4386.00 1 
  4314.33 2.7590e-14   4388.75 1 
  4317.04 3.1095e-14   4391.50 1 
  4319.74 3.2542e-14   4394.25 1 
  4322.44 3.1357e-14   4397.00 1 
  4325.15 3.0866e-14   4399.75 1 
  4327.85 3.1822e-14   4402.50 1 
  4330.55 3.2469e-14   4405.25 1 
  4333.26 3.3633e-14   4408.00 1 
  4335.96 3.2763e-14   4410.75 1 
  4338.66 3.1407e-14   4413.50 1 
  4341.37 3.0878e-14   4416.25 1 
  4344.07 3.1345e-14   4419.00 1 
  4346.77 3.1789e-14   4421.75 1 
  4349.48 3.2960e-14   4424.50 1 
  4352.18 3.2080e-14   4427.25 1 
  4354.88 3.3971e-14   4430.00 1 
  4357.59 3.3659e-14   4432.75 1 
  4360.29 3.4403e-14   4435.50 1 
  4362.99 3.5235e-14   4438.25 1 
  4365.70 3.5072e-14   4441.00 1 
  4368.40 3.4123e-14   4443.75 1 
  4371.10 3.3546e-14   4446.50 1 
  4373.81 3.3401e-14   4449.25 1 
  4376.51 3.2329e-14   4452.00 1 
  4379.21 3.1268e-14   4454.75 1 
  4381.92 3.1096e-14   4457.50 1 
  4384.62 2.9352e-14   4460.25 1 
  4387.32 2.9775e-14   4463.00 1 
  4390.03 3.0653e-14   4465.75 1 
  4392.73 3.2479e-14   4468.50 1 
  4395.43 3.2773e-14   4471.25 1 
  4398.14 3.3665e-14   4474.00 1 
  4400.84 3.3206e-14   4476.75 1 
  4403.54 3.2480e-14   4479.50 1 
  4406.25 3.2894e-14   4482.25 1 
  4408.95 3.3453e-14   4485.00 1 
  4411.65 3.4024e-14   4487.75 1 
  4414.36 3.5960e-14   4490.50 1 
  4417.06 3.5980e-14   4493.25 1 
  4419.76 3.5813e-14   4496.00 1 
  4422.47 3.6567e-14   4498.75 1 
  4425.17 3.6633e-14   4501.50 1 
  4427.87 3.7110e-14   4504.25 1 
  4430.58 3.6265e-14   4507.00 1 
  4433.28 3.5150e-14   4509.75 1 
  4435.98 3.6260e-14   4512.50 1 
  4438.69 3.7059e-14   4515.25 1 
  4441.39 3.7995e-14   4518.00 1 
  4444.09 3.7004e-14   4520.75 1 
  4446.80 3.7758e-14   4523.50 1 
  4449.50 3.7923e-14   4526.25 1 
  4452.20 3.7525e-14   4529.00 1 
  4454.91 3.6935e-14   4531.75 1 
  4457.61 3.5382e-14   4534.50 1 
  4460.31 3.5596e-14   4537.25 1 
  4463.02 3.5122e-14   4540.00 1 
  4465.72 3.6654e-14   4542.75 1 
  4468.42 3.7360e-14   4545.50 1 
  4471.13 3.8904e-14   4548.25 1 
  4473.83 3.9258e-14   4551.00 1 
  4476.53 4.0431e-14   4553.75 1 
  4479.24 4.0512e-14   4556.50 1 
  4481.94 4.0451e-14   4559.25 1 
  4484.64 3.9942e-14   4562.00 1 
  4487.35 4.0107e-14   4564.75 1 
  4490.05 4.0568e-14   4567.50 1 
  4492.75 3.9941e-14   4570.25 1 
  4495.46 3.8786e-14   4573.00 1 
  4498.16 3.9881e-14   4575.75 1 
  4500.86 4.1026e-14   4578.50 1 
  4503.57 4.1923e-14   4581.25 1 
  4506.27 4.2458e-14   4584.00 1 
  4508.97 4.2144e-14   4586.75 1 
  4511.68 4.1803e-14   4589.50 1 
  4514.38 4.1713e-14   4592.25 1 
  4517.08 4.2353e-14   4595.00 1 
  4519.79 4.1338e-14   4597.75 1 
  4522.49 4.0286e-14   4600.50 1 
  4525.19 3.8167e-14   4603.25 1 
  4527.90 3.7813e-14   4606.00 1 
  4530.60 3.7580e-14   4608.75 1 
  4533.31 3.7177e-14   4611.50 1 
  4536.01 3.7702e-14   4614.25 1 
  4538.71 3.9289e-14   4617.00 1 
  4541.42 4.0143e-14   4619.75 1 
  4544.12 4.0144e-14   4622.50 1 
  4546.82 3.9842e-14   4625.25 1 
  4549.53 3.9779e-14   4628.00 1 
  4552.23 3.9744e-14   4630.75 1 
  4554.93 4.0519e-14   4633.50 1 
  4557.64 4.2078e-14   4636.25 1 
  4560.34 4.2648e-14   4639.00 1 
  4563.04 4.2043e-14   4641.75 1 
  4565.75 4.2692e-14   4644.50 1 
  4568.45 4.2587e-14   4647.25 1 
  4571.15 4.1777e-14   4650.00 1 
  4573.86 4.1842e-14   4652.75 1 
  4576.56 4.1302e-14   4655.50 1 
  4579.26 4.1613e-14   4658.25 1 
  4581.97 4.1531e-14   4661.00 1 
  4584.67 4.0933e-14   4663.75 1 
  4587.37 4.1257e-14   4666.50 1 
  4590.08 4.1301e-14   4669.25 1 
  4592.78 4.1485e-14   4672.00 1 
  4595.48 4.1023e-14   4674.75 1 
  4598.19 4.0647e-14   4677.50 1 
  4600.89 4.1392e-14   4680.25 1 
  4603.59 4.1683e-14   4683.00 1 
  4606.30 4.2344e-14   4685.75 1 
  4609.00 4.3294e-14   4688.50 1 
  4611.70 4.3579e-14   4691.25 1 
  4614.41 4.4413e-14   4694.00 1 
  4617.11 4.4154e-14   4696.75 1 
  4619.81 4.3841e-14   4699.50 1 
  4622.52 4.4408e-14   4702.25 1 
  4625.22 4.5083e-14   4705.00 1 
  4627.92 4.4968e-14   4707.75 1 
  4630.63 4.3979e-14   4710.50 1 
  4633.33 4.2416e-14   4713.25 1 
  4636.03 4.2034e-14   4716.00 1 
  4638.74 4.1746e-14   4718.75 1 
  4641.44 4.1499e-14   4721.50 1 
  4644.14 4.0731e-14   4724.25 1 
  4646.85 4.0056e-14   4727.00 1 
  4649.55 4.0866e-14   4729.75 1 
  4652.25 4.0818e-14   4732.50 1 
  4654.96 4.1324e-14   4735.25 1 
  4657.66 4.1714e-14   4738.00 1 
  4660.36 4.1794e-14   4740.75 1 
  4663.07 4.1773e-14   4743.50 1 
  4665.77 4.0884e-14   4746.25 1 
  4668.47 3.9513e-14   4749.00 1 
  4671.18 3.9531e-14   4751.75 1 
  4673.88 4.0533e-14   4754.50 1 
  4676.58 4.0425e-14   4757.25 1 
  4679.29 4.1008e-14   4760.00 1 
  4681.99 4.0661e-14   4762.75 1 
  4684.69 4.0242e-14   4765.50 1 
  4687.40 4.1011e-14   4768.25 1 
  4690.10 4.0679e-14   4771.00 1 
  4692.80 4.0680e-14   4773.75 1 
  4695.51 4.0992e-14   4776.50 1 
  4698.21 4.0367e-14   4779.25 1 
  4700.91 3.9275e-14   4782.00 1 
  4703.62 3.9375e-14   4784.75 1 
  4706.32 3.9752e-14   4787.50 1 
  4709.02 4.0190e-14   4790.25 1 
  4711.73 4.0039e-14   4793.00 1 
  4714.43 4.1341e-14   4795.75 1 
  4717.13 4.2090e-14   4798.50 1 
  4719.84 4.2932e-14   4801.25 1 
  4722.54 4.3061e-14   4804.00 1 
  4725.24 4.2925e-14   4806.75 1 
  4727.95 4.2541e-14   4809.50 1 
  4730.65 4.1968e-14   4812.25 1 
  4733.35 4.1431e-14   4815.00 1 
  4736.06 4.1353e-14   4817.75 1 
  4738.76 4.2477e-14   4820.50 1 
  4741.46 4.3566e-14   4823.25 1 
  4744.17 4.4073e-14   4826.00 1 
  4746.87 4.3633e-14   4828.75 1 
  4749.57 4.3899e-14   4831.50 1 
  4752.28 4.4128e-14   4834.25 1 
  4754.98 4.3453e-14   4837.00 1 
  4757.68 4.3215e-14   4839.75 1 
  4760.39 4.2581e-14   4842.50 1 
  4763.09 4.1857e-14   4845.25 1 
  4765.79 4.1568e-14   4848.00 1 
  4768.50 4.1677e-14   4850.75 1 
  4771.20 4.2646e-14   4853.50 1 
  4773.90 4.2563e-14   4856.25 1 
  4776.61 4.2633e-14   4859.00 1 
  4779.31 4.3334e-14   4861.75 1 
  4782.02 4.2756e-14   4864.50 1 
  4784.72 4.1944e-14   4867.25 1 
  4787.42 4.1871e-14   4870.00 1 
  4790.13 4.2642e-14   4872.75 1 
  4792.83 4.3247e-14   4875.50 1 
  4795.53 4.3652e-14   4878.25 1 
  4798.24 4.4351e-14   4881.00 1 
  4800.94 4.3871e-14   4883.75 1 
  4803.64 4.4078e-14   4886.50 1 
  4806.35 4.4067e-14   4889.25 1 
  4809.05 4.3826e-14   4892.00 1 
  4811.75 4.4465e-14   4894.75 1 
  4814.46 4.4396e-14   4897.50 1 
  4817.16 4.4347e-14   4900.25 1 
  4819.86 4.4509e-14   4903.00 1 
  4822.57 4.4209e-14   4905.75 1 
  4825.27 4.3493e-14   4908.50 1 
  4827.97 4.3228e-14   4911.25 1 
  4830.68 4.3189e-14   4914.00 1 
  4833.38 4.2594e-14   4916.75 1 
  4836.08 4.3344e-14   4919.50 1 
  4838.79 4.3300e-14   4922.25 1 
  4841.49 4.3162e-14   4925.00 1 
  4844.19 4.3328e-14   4927.75 1 
  4846.90 4.2686e-14   4930.50 1 
  4849.60 4.2344e-14   4933.25 1 
  4852.30 4.1551e-14   4936.00 1 
  4855.01 4.0678e-14   4938.75 1 
  4857.71 3.8905e-14   4941.50 1 
  4860.41 3.8865e-14   4944.25 1 
  4863.12 3.7981e-14   4947.00 1 
  4865.82 3.8310e-14   4949.75 1 
  4868.52 3.8639e-14   4952.50 1 
  4871.23 3.9684e-14   4955.25 1 
  4873.93 4.0328e-14   4958.00 1 
  4876.63 4.0358e-14   4960.75 1 
  4879.34 4.1174e-14   4963.50 1 
  4882.04 4.1178e-14   4966.25 1 
  4884.74 4.1121e-14   4969.00 1 
  4887.45 4.1314e-14   4971.75 1 
  4890.15 4.1533e-14   4974.50 1 
  4892.85 4.1767e-14   4977.25 1 
  4895.56 4.2633e-14   4980.00 1 
  4898.26 4.3668e-14   4982.75 1 
  4900.96 4.4047e-14   4985.50 1 
  4903.67 4.4190e-14   4988.25 1 
  4906.37 4.3422e-14   4991.00 1 
  4909.07 4.2978e-14   4993.75 1 
  4911.78 4.2670e-14   4996.50 1 
  4914.48 4.2497e-14   4999.25 1 
  4917.18 4.1950e-14   5002.00 1 
  4919.89 4.1185e-14   5004.75 1 
  4922.59 4.1047e-14   5007.50 1 
  4925.29 4.1588e-14   5010.25 1 
  4928.00 4.2555e-14   5013.00 1 
  4930.70 4.3627e-14   5015.75 1 
  4933.40 4.3244e-14   5018.50 1 
  4936.11 4.3048e-14   5021.25 1 
  4938.81 4.3265e-14   5024.00 1 
  4941.51 4.3188e-14   5026.75 1 
  4944.22 4.4546e-14   5029.50 1 
  4946.92 4.5087e-14   5032.25 1 
  4949.62 4.5242e-14   5035.00 1 
  4952.33 4.4870e-14   5037.75 1 
  4955.03 4.4011e-14   5040.50 1 
  4957.73 4.3068e-14   5043.25 1 
  4960.44 4.2896e-14   5046.00 1 
  4963.14 4.2270e-14   5048.75 1 
  4965.84 4.2278e-14   5051.50 1 
  4968.55 4.2635e-14   5054.25 1 
  4971.25 4.2248e-14   5057.00 1 
  4973.95 4.2769e-14   5059.75 1 
  4976.66 4.2330e-14   5062.50 1 
  4979.36 4.1724e-14   5065.25 1 
  4982.06 4.1441e-14   5068.00 1 
  4984.77 4.1205e-14   5070.75 1 
  4987.47 4.1032e-14   5073.50 1 
  4990.17 4.0919e-14   5076.25 1 
  4992.88 4.0778e-14   5079.00 1 
  4995.58 4.1253e-14   5081.75 1 
  4998.28 4.0890e-14   5084.50 1 
  5000.99 4.0215e-14   5087.25 1 
  5003.69 4.0147e-14   5090.00 1 
  5006.39 3.9626e-14   5092.75 1 
  5009.10 3.8933e-14   5095.50 1 
  5011.80 3.8880e-14   5098.25 1 
  5014.50 3.8557e-14   5101.00 1 
  5017.21 3.8621e-14   5103.75 1 
  5019.91 3.8795e-14   5106.50 1 
  5022.61 3.8966e-14   5109.25 1 
  5025.32 3.9483e-14   5112.00 1 
  5028.02 3.9960e-14   5114.75 1 
  5030.73 4.0610e-14   5117.50 1 
  5033.43 4.0998e-14   5120.25 1 
  5036.13 3.9960e-14   5123.00 1 
  5038.84 3.9637e-14   5125.75 1 
  5041.54 3.9230e-14   5128.50 1 
  5044.24 3.9263e-14   5131.25 1 
  5046.95 4.0080e-14   5134.00 1 
  5049.65 4.0297e-14   5136.75 1 
  5052.35 4.0764e-14   5139.50 1 
  5055.06 4.1305e-14   5142.25 1 
  5057.76 4.2072e-14   5145.00 1 
  5060.46 4.1980e-14   5147.75 1 
  5063.17 4.1945e-14   5150.50 1 
  5065.87 4.1318e-14   5153.25 1 
  5068.57 4.0816e-14   5156.00 1 
  5071.28 3.9592e-14   5158.75 1 
  5073.98 3.9677e-14   5161.50 1 
  5076.68 3.9445e-14   5164.25 1 
  5079.39 3.9085e-14   5167.00 1 
  5082.09 3.9060e-14   5169.75 1 
  5084.79 3.8901e-14   5172.50 1 
  5087.50 3.9329e-14   5175.25 1 
  5090.20 4.0256e-14   5178.00 1 
  5092.90 4.0443e-14   5180.75 1 
  5095.61 4.0097e-14   5183.50 1 
  5098.31 4.0087e-14   5186.25 1 
  5101.01 3.9814e-14   5189.00 1 
  5103.72 3.9283e-14   5191.75 1 
  5106.42 3.9126e-14   5194.50 1 
  5109.12 3.8961e-14   5197.25 1 
  5111.83 3.9253e-14   5200.00 1 
  5114.53 3.9615e-14   5202.75 1 
  5117.23 3.9724e-14   5205.50 1 
  5119.94 3.9814e-14   5208.25 1 
  5122.64 3.9590e-14   5211.00 1 
  5125.34 3.8830e-14   5213.75 1 
  5128.05 3.7904e-14   5216.50 1 
  5130.75 3.8038e-14   5219.25 1 
  5133.45 3.8872e-14   5222.00 1 
  5136.16 3.9120e-14   5224.75 1 
  5138.86 3.8464e-14   5227.50 1 
  5141.56 3.8060e-14   5230.25 1 
  5144.27 3.7796e-14   5233.00 1 
  5146.97 3.7527e-14   5235.75 1 
  5149.67 3.7743e-14   5238.50 1 
  5152.38 3.8025e-14   5241.25 1 
  5155.08 3.7713e-14   5244.00 1 
  5157.78 3.8416e-14   5246.75 1 
  5160.49 3.7735e-14   5249.50 1 
  5163.19 3.5947e-14   5252.25 1 
  5165.89 3.3582e-14   5255.00 1 
  5168.60 3.1784e-14   5257.75 1 
  5171.30 3.1033e-14   5260.50 1 
  5174.00 3.1166e-14   5263.25 1 
  5176.71 3.1495e-14   5266.00 1 
  5179.41 3.2261e-14   5268.75 1 
  5182.11 3.2716e-14   5271.50 1 
  5184.82 3.2909e-14   5274.25 1 
  5187.52 3.4562e-14   5277.00 1 
  5190.22 3.5897e-14   5279.75 1 
  5192.93 3.7035e-14   5282.50 1 
  5195.63 3.8623e-14   5285.25 1 
  5198.33 3.9257e-14   5288.00 1 
  5201.04 3.8447e-14   5290.75 1 
  5203.74 3.7771e-14   5293.50 1 
  5206.44 3.7658e-14   5296.25 1 
  5209.15 3.7485e-14   5299.00 1 
  5211.85 3.8552e-14   5301.75 1 
  5214.55 3.9812e-14   5304.50 1 
  5217.26 4.0612e-14   5307.25 1 
  5219.96 4.1149e-14   5310.00 1 
  5222.66 4.1672e-14   5312.75 1 
  5225.37 4.1410e-14   5315.50 1 
  5228.07 4.0916e-14   5318.25 1 
  5230.77 4.1296e-14   5321.00 1 
  5233.48 4.1670e-14   5323.75 1 
  5236.18 4.2186e-14   5326.50 1 
  5238.88 4.2966e-14   5329.25 1 
  5241.59 4.2878e-14   5332.00 1 
  5244.29 4.3011e-14   5334.75 1 
  5246.99 4.3379e-14   5337.50 1 
  5249.70 4.2575e-14   5340.25 1 
  5252.40 4.2404e-14   5343.00 1 
  5255.10 4.1753e-14   5345.75 1 
  5257.81 4.1582e-14   5348.50 1 
  5260.51 4.0697e-14   5351.25 1 
  5263.21 3.9367e-14   5354.00 1 
  5265.92 3.7943e-14   5356.75 1 
  5268.62 3.7430e-14   5359.50 1 
  5271.32 3.7919e-14   5362.25 1 
  5274.03 3.9165e-14   5365.00 1 
  5276.73 4.0586e-14   5367.75 1 
  5279.44 4.1994e-14   5370.50 1 
  5282.14 4.3148e-14   5373.25 1 
  5284.84 4.4030e-14   5376.00 1 
  5287.55 4.4315e-14   5378.75 1 
  5290.25 4.5176e-14   5381.50 1 
  5292.95 4.5088e-14   5384.25 1 
  5295.66 4.4338e-14   5387.00 1 
  5298.36 4.3491e-14   5389.75 1 
  5301.06 4.3597e-14   5392.50 1 
  5303.77 4.4518e-14   5395.25 1 
  5306.47 4.5275e-14   5398.00 1 
  5309.17 4.6295e-14   5400.75 1 
  5311.88 4.6820e-14   5403.50 1 
  5314.58 4.6418e-14   5406.25 1 
  5317.28 4.5429e-14   5409.00 1 
  5319.99 4.4685e-14   5411.75 1 
  5322.69 4.4095e-14   5414.50 1 
  5325.39 4.2939e-14   5417.25 1 
  5328.10 4.2050e-14   5420.00 1 
  5330.80 4.1635e-14   5422.75 1 
  5333.50 4.2344e-14   5425.50 1 
  5336.21 4.3102e-14   5428.25 1 
  5338.91 4.3172e-14   5431.00 1 
  5341.61 4.3916e-14   5433.75 1 
  5344.32 4.3578e-14   5436.50 1 
  5347.02 4.4019e-14   5439.25 1 
  5349.72 4.3915e-14   5442.00 1 
  5352.43 4.5016e-14   5444.75 1 
  5355.13 4.6075e-14   5447.50 1 
  5357.83 4.6465e-14   5450.25 1 
  5360.54 4.6285e-14   5453.00 1 
  5363.24 4.5105e-14   5455.75 1 
  5365.94 4.4368e-14   5458.50 1 
  5368.65 4.3785e-14   5461.25 1 
  5371.35 4.3340e-14   5464.00 1 
  5374.05 4.4088e-14   5466.75 1 
  5376.76 4.5240e-14   5469.50 1 
  5379.46 4.5574e-14   5472.25 1 
  5382.16 4.5658e-14   5475.00 1 
  5384.87 4.4889e-14   5477.75 1 
  5387.57 4.4610e-14   5480.50 1 
  5390.27 4.4298e-14   5483.25 1 
  5392.98 4.3165e-14   5486.00 1 
  5395.68 4.2615e-14   5488.75 1 
  5398.38 4.1997e-14   5491.50 1 
  5401.09 4.1515e-14   5494.25 1 
  5403.79 4.1618e-14   5497.00 1 
  5406.49 4.1912e-14   5499.75 1 
  5409.20 4.2219e-14   5502.50 1 
  5411.90 4.3107e-14   5505.25 1 
  5414.60 4.4239e-14   5508.00 1 
  5417.31 4.4380e-14   5510.75 1 
  5420.01 4.4721e-14   5513.50 1 
  5422.71 4.4870e-14   5516.25 1 
  5425.42 4.3889e-14   5519.00 1 
  5428.12 4.3415e-14   5521.75 1 
  5430.82 4.3582e-14   5524.50 1 
  5433.53 4.3280e-14   5527.25 1 
  5436.23 4.3375e-14   5530.00 1 
  5438.93 4.3954e-14   5532.75 1 
  5441.64 4.4730e-14   5535.50 1 
  5444.34 4.4593e-14   5538.25 1 
  5447.04 4.4146e-14   5541.00 1 
  5449.75 4.3331e-14   5543.75 1 
  5452.45 4.2874e-14   5546.50 1 
  5455.15 4.2266e-14   5549.25 1 
  5457.86 4.2528e-14   5552.00 1 
  5460.56 4.2578e-14   5554.75 1 
  5463.26 4.1938e-14   5557.50 1 
  5465.97 4.2894e-14   5560.25 1 
  5468.67 4.2986e-14   5563.00 1 
  5471.37 4.3283e-14   5565.75 1 
  5474.08 4.2271e-14   5568.50 1 
  5476.78 4.2522e-14   5571.25 1 
  5479.48 4.1636e-14   5574.00 1 
  5482.19 4.2854e-14   5576.75 1 
  5484.89 4.3184e-14   5579.50 1 
  5487.59 4.2827e-14   5582.25 1 
  5490.30 4.3466e-14   5585.00 1 
  5493.00 4.3649e-14   5587.75 1 
  5495.70 4.3855e-14   5590.50 1 
  5498.41 4.3344e-14   5593.25 1 
  5501.11 4.3762e-14   5596.00 1 
  5503.81 4.2711e-14   5598.75 1 
  5506.52 4.2491e-14   5601.50 1 
  5509.22 4.1476e-14   5604.25 1 
  5511.92 4.2563e-14   5607.00 1 
  5514.63 4.2873e-14   5609.75 1 
  5517.33 4.3174e-14   5612.50 1 
  5520.03 4.3447e-14   5615.25 1 
  5522.74 4.3655e-14   5618.00 1 
  5525.44 4.3729e-14   5620.75 1 
  5528.15 4.3173e-14   5623.50 1 
  5530.85 4.3510e-14   5626.25 1 
  5533.55 4.4050e-14   5629.00 1 
  5536.26 4.4123e-14   5631.75 1 
  5538.96 4.4375e-14   5634.50 1 
  5541.66 4.4904e-14   5637.25 1 
  5544.37 4.4684e-14   5640.00 1 
  5547.07 4.5158e-14   5642.75 1 
  5549.77 4.5411e-14   5645.50 1 
  5552.48 4.5252e-14   5648.25 1 
  5555.18 4.4967e-14   5651.00 1 
  5557.88 4.4688e-14   5653.75 1 
  5560.59 4.4263e-14   5656.50 1 
  5563.29 4.3837e-14   5659.25 1 
  5565.99 4.3706e-14   5662.00 1 
  5568.70 4.3382e-14   5664.75 1 
  5571.40 4.3577e-14   5667.50 1 
  5574.10 4.3030e-14   5670.25 1 
  5576.81 4.3186e-14   5673.00 1 
  5579.51 4.2603e-14   5675.75 1 
  5582.21 4.3195e-14   5678.50 1 
  5584.92 4.2498e-14   5681.25 1 
  5587.62 4.2418e-14   5684.00 1 
  5590.32 4.1589e-14   5686.75 1 
  5593.03 4.0866e-14   5689.50 1 
  5595.73 4.1915e-14   5692.25 1 
  5598.43 4.2377e-14   5695.00 1 
  5601.14 4.2632e-14   5697.75 1 
  5603.84 4.2569e-14   5700.50 1 
  5606.54 4.2870e-14   5703.25 1 
  5609.25 4.3745e-14   5706.00 1 
  5611.95 4.3054e-14   5708.75 1 
  5614.65 4.2774e-14   5711.50 1 
  5617.36 4.2631e-14   5714.25 1 
  5620.06 4.1954e-14   5717.00 1 
  5622.76 4.2467e-14   5719.75 1 
  5625.47 4.2787e-14   5722.50 1 
  5628.17 4.3265e-14   5725.25 1 
  5630.87 4.3120e-14   5728.00 1 
  5633.58 4.3489e-14   5730.75 1 
  5636.28 4.3340e-14   5733.50 1 
  5638.98 4.3022e-14   5736.25 1 
  5641.69 4.3223e-14   5739.00 1 
  5644.39 4.2686e-14   5741.75 1 
  5647.09 4.3783e-14   5744.50 1 
  5649.80 4.3416e-14   5747.25 1 
  5652.50 4.3258e-14   5750.00 1 
  5655.20 4.2895e-14   5752.75 1 
  5657.91 4.2988e-14   5755.50 1 
  5660.61 4.2665e-14   5758.25 1 
  5663.31 4.2664e-14   5761.00 1 
  5666.02 4.2409e-14   5763.75 1 
  5668.72 4.3039e-14   5766.50 1 
  5671.42 4.3698e-14   5769.25 1 
  5674.13 4.4648e-14   5772.00 1 
  5676.83 4.3878e-14   5774.75 1 
  5679.53 4.3569e-14   5777.50 1 
  5682.24 4.2643e-14   5780.25 1 
  5684.94 4.2866e-14   5783.00 1 
  5687.64 4.3646e-14   5785.75 1 
  5690.35 4.3043e-14   5788.50 1 
  5693.05 4.4119e-14   5791.25 1 
  5695.75 4.4659e-14   5794.00 1 
  5698.46 4.3532e-14   5796.75 1 
  5701.16 4.2452e-14   5799.50 1 
  5703.86 4.2096e-14   5802.25 1 
  5706.57 4.2471e-14   5805.00 1 
  5709.27 4.2260e-14   5807.75 1 
  5711.97 4.2146e-14   5810.50 1 
  5714.68 4.2719e-14   5813.25 1 
  5717.38 4.3917e-14   5816.00 1 
  5720.08 4.4785e-14   5818.75 1 
  5722.79 4.5303e-14   5821.50 1 
  5725.49 4.4613e-14   5824.25 1 
  5728.19 4.5187e-14   5827.00 1 
  5730.90 4.5193e-14   5829.75 1 
  5733.60 4.4732e-14   5832.50 1 
  5736.30 4.4529e-14   5835.25 1 
  5739.01 4.5051e-14   5838.00 1 
  5741.71 4.4461e-14   5840.75 1 
  5744.41 4.5723e-14   5843.50 1 
  5747.12 4.4872e-14   5846.25 1 
  5749.82 4.4436e-14   5849.00 1 
  5752.52 4.4530e-14   5851.75 1 
  5755.23 4.4619e-14   5854.50 1 
  5757.93 4.4314e-14   5857.25 1 
  5760.63 4.4983e-14   5860.00 1 
  5763.34 4.5210e-14   5862.75 1 
  5766.04 4.5349e-14   5865.50 1 
  5768.74 4.5499e-14   5868.25 1 
  5771.45 4.5704e-14   5871.00 1 
  5774.15 4.4798e-14   5873.75 1 
  5776.86 4.4399e-14   5876.50 1 
  5779.56 4.3674e-14   5879.25 1 
  5782.26 4.2758e-14   5882.00 1 
  5784.97 4.3106e-14   5884.75 1 
  5787.67 4.3911e-14   5887.50 1 
  5790.37 4.4267e-14   5890.25 1 
  5793.08 4.4126e-14   5893.00 1 
  5795.78 4.4650e-14   5895.75 1 
  5798.48 4.5574e-14   5898.50 1 
  5801.19 4.6327e-14   5901.25 1 
  5803.89 4.6194e-14   5904.00 1 
  5806.59 4.6047e-14   5906.75 1 
  5809.30 4.5736e-14   5909.50 1 
  5812.00 4.5598e-14   5912.25 1 
  5814.70 4.5559e-14   5915.00 1 
  5817.41 4.6787e-14   5917.75 1 
  5820.11 4.6570e-14   5920.50 1 
  5822.81 4.6112e-14   5923.25 1 
  5825.52 4.6143e-14   5926.00 1 
  5828.22 4.6267e-14   5928.75 1 
  5830.92 4.5466e-14   5931.50 1 
  5833.63 4.5183e-14   5934.25 1 
  5836.33 4.5645e-14   5937.00 1 
  5839.03 4.5342e-14   5939.75 1 
  5841.74 4.5049e-14   5942.50 1 
  5844.44 4.4913e-14   5945.25 1 
  5847.14 4.5027e-14   5948.00 1 
  5849.85 4.5101e-14   5950.75 1 
  5852.55 4.4051e-14   5953.50 1 
  5855.25 4.3879e-14   5956.25 1 
  5857.96 4.3641e-14   5959.00 1 
  5860.66 4.3227e-14   5961.75 1 
  5863.36 4.3728e-14   5964.50 1 
  5866.07 4.4007e-14   5967.25 1 
  5868.77 4.4139e-14   5970.00 1 
  5871.47 4.4638e-14   5972.75 1 
  5874.18 4.3450e-14   5975.50 1 
  5876.88 4.2604e-14   5978.25 1 
  5879.58 4.2911e-14   5981.00 1 
  5882.29 4.1355e-14   5983.75 1 
  5884.99 3.8907e-14   5986.50 1 
  5887.69 3.7211e-14   5989.25 1 
  5890.40 3.5348e-14   5992.00 1 
  5893.10 3.4568e-14   5994.75 1 
  5895.80 3.5327e-14   5997.50 1 
  5898.51 3.6492e-14   6000.25 1 
  5901.21 3.7823e-14   6003.00 1 
  5903.91 3.9678e-14   6005.75 1 
  5906.62 4.1075e-14   6008.50 1 
  5909.32 4.1806e-14   6011.25 1 
  5912.02 4.2508e-14   6014.00 1 
  5914.73 4.2858e-14   6016.75 1 
  5917.43 4.2838e-14   6019.50 1 
  5920.13 4.3127e-14   6022.25 1 
  5922.84 4.3013e-14   6025.00 1 
  5925.54 4.2604e-14   6027.75 1 
  5928.24 4.3275e-14   6030.50 1 
  5930.95 4.3037e-14   6033.25 1 
  5933.65 4.3261e-14   6036.00 1 
  5936.35 4.3485e-14   6038.75 1 
  5939.06 4.3554e-14   6041.50 1 
  5941.76 4.3243e-14   6044.25 1 
  5944.46 4.3038e-14   6047.00 1 
  5947.17 4.3553e-14   6049.75 1 
  5949.87 4.3321e-14   6052.50 1 
  5952.57 4.3452e-14   6055.25 1 
  5955.28 4.3729e-14   6058.00 1 
  5957.98 4.3410e-14   6060.75 1 
  5960.68 4.3637e-14   6063.50 1 
  5963.39 4.4224e-14   6066.25 1 
  5966.09 4.3741e-14   6069.00 1 
  5968.79 4.4268e-14   6071.75 1 
  5971.50 4.4319e-14   6074.50 1 
  5974.20 4.4132e-14   6077.25 1 
  5976.90 4.3644e-14   6080.00 1 
  5979.61 4.2922e-14   6082.75 1 
  5982.31 4.2591e-14   6085.50 1 
  5985.01 4.3129e-14   6088.25 1 
  5987.72 4.3430e-14   6091.00 1 
  5990.42 4.3517e-14   6093.75 1 
  5993.12 4.3468e-14   6096.50 1 
  5995.83 4.3701e-14   6099.25 1 
  5998.53 4.3902e-14   6102.00 1 
  6001.23 4.3303e-14   6104.75 1 
  6003.94 4.2954e-14   6107.50 1 
  6006.64 4.3290e-14   6110.25 1 
  6009.34 4.2516e-14   6113.00 1 
  6012.05 4.3361e-14   6115.75 1 
  6014.75 4.2761e-14   6118.50 1 
  6017.45 4.2687e-14   6121.25 1 
  6020.16 4.2995e-14   6124.00 1 
  6022.86 4.3415e-14   6126.75 1 
  6025.57 4.4025e-14   6129.50 1 
  6028.27 4.3939e-14   6132.25 1 
  6030.97 4.4367e-14   6135.00 1 
  6033.68 4.4932e-14   6137.75 1 
  6036.38 4.4893e-14   6140.50 1 
  6039.08 4.4569e-14   6143.25 1 
  6041.79 4.5455e-14   6146.00 1 
  6044.49 4.5736e-14   6148.75 1 
  6047.19 4.5962e-14   6151.50 1 
  6049.90 4.4957e-14   6154.25 1 
  6052.60 4.5200e-14   6157.00 1 
  6055.30 4.4856e-14   6159.75 1 
  6058.01 4.4620e-14   6162.50 1 
  6060.71 4.4713e-14   6165.25 1 
  6063.41 4.3735e-14   6168.00 1 
  6066.12 4.3902e-14   6170.75 1 
  6068.82 4.5043e-14   6173.50 1 
  6071.52 4.5051e-14   6176.25 1 
  6074.23 4.5089e-14   6179.00 1 
  6076.93 4.4289e-14   6181.75 1 
  6079.63 4.4124e-14   6184.50 1 
  6082.34 4.4314e-14   6187.25 1 
  6085.04 4.3332e-14   6190.00 1 
  6087.74 4.3952e-14   6192.75 1 
  6090.45 4.3871e-14   6195.50 1 
  6093.15 4.3166e-14   6198.25 1 
  6095.85 4.3585e-14   6201.00 1 
  6098.56 4.3496e-14   6203.75 1 
  6101.26 4.3173e-14   6206.50 1 
  6103.96 4.3763e-14   6209.25 1 
  6106.67 4.3050e-14   6212.00 1 
  6109.37 4.4314e-14   6214.75 1 
  6112.07 4.4559e-14   6217.50 1 
  6114.78 4.3794e-14   6220.25 1 
  6117.48 4.3480e-14   6223.00 1 
  6120.18 4.3419e-14   6225.75 1 
  6122.89 4.2833e-14   6228.50 1 
  6125.59 4.3319e-14   6231.25 1 
  6128.29 4.4138e-14   6234.00 1 
  6131.00 4.3507e-14   6236.75 1 
  6133.70 4.3282e-14   6239.50 1 
  6136.40 4.3416e-14   6242.25 1 
  6139.11 4.3735e-14   6245.00 1 
  6141.81 4.3220e-14   6247.75 1 
  6144.51 4.3065e-14   6250.50 1 
  6147.22 4.3649e-14   6253.25 1 
  6149.92 4.3665e-14   6256.00 1 
  6152.62 4.3132e-14   6258.75 1 
  6155.33 4.2770e-14   6261.50 1 
  6158.03 4.1990e-14   6264.25 1 
  6160.73 4.0726e-14   6267.00 1 
  6163.44 3.9335e-14   6269.75 1 
  6166.14 4.1279e-14   6272.50 1 
  6168.84 4.1556e-14   6275.25 1 
  6171.55 4.1533e-14   6278.00 1 
  6174.25 4.2347e-14   6280.75 1 
  6176.95 4.2751e-14   6283.50 1 
  6179.66 4.3039e-14   6286.25 1 
  6182.36 4.2789e-14   6289.00 1 
  6185.06 4.3053e-14   6291.75 1 
  6187.77 4.2101e-14   6294.50 1 
  6190.47 4.2242e-14   6297.25 1 
  6193.17 4.2314e-14   6300.00 1 
  6195.88 4.1952e-14   6302.75 1 
  6198.58 4.3330e-14   6305.50 1 
  6201.28 4.3538e-14   6308.25 1 
  6203.99 4.4006e-14   6311.00 1 
  6206.69 4.3154e-14   6313.75 1 
  6209.39 4.3276e-14   6316.50 1 
  6212.10 4.2133e-14   6319.25 1 
  6214.80 4.2020e-14   6322.00 1 
  6217.50 4.0750e-14   6324.75 1 
  6220.21 4.1809e-14   6327.50 1 
  6222.91 4.0246e-14   6330.25 1 
  6225.61 3.9893e-14   6333.00 1 
  6228.32 4.0940e-14   6335.75 1 
  6231.02 4.0915e-14   6338.50 1 
  6233.72 4.0873e-14   6341.25 1 
  6236.43 4.0811e-14   6344.00 1 
  6239.13 4.1403e-14   6346.75 1 
  6241.83 4.1617e-14   6349.50 1 
  6244.54 4.1044e-14   6352.25 1 
  6247.24 4.0846e-14   6355.00 1 
  6249.94 4.0393e-14   6357.75 1 
  6252.65 4.0814e-14   6360.50 1 
  6255.35 4.0736e-14   6363.25 1 
  6258.05 4.0402e-14   6366.00 1 
  6260.76 4.0646e-14   6368.75 1 
  6263.46 4.1889e-14   6371.50 1 
  6266.16 4.1477e-14   6374.25 1 
  6268.87 4.1842e-14   6377.00 1 
  6271.57 4.2338e-14   6379.75 1 
  6274.28 4.1850e-14   6382.50 1 
  6276.98 4.1457e-14   6385.25 1 
  6279.68 4.1455e-14   6388.00 1 
  6282.39 4.1834e-14   6390.75 1 
  6285.09 4.2298e-14   6393.50 1 
  6287.79 4.1759e-14   6396.25 1 
  6290.50 4.2141e-14   6399.00 1 
  6293.20 4.0690e-14   6401.75 1 
  6295.90 4.1502e-14   6404.50 1 
  6298.61 3.9971e-14   6407.25 1 
  6301.31 4.1516e-14   6410.00 1 
  6304.01 4.1271e-14   6412.75 1 
  6306.72 4.1407e-14   6415.50 1 
  6309.42 4.1390e-14   6418.25 1 
  6312.12 4.1371e-14   6421.00 1 
  6314.83 4.0652e-14   6423.75 1 
  6317.53 4.1359e-14   6426.50 1 
  6320.23 4.1383e-14   6429.25 1 
  6322.94 4.2078e-14   6432.00 1 
  6325.64 4.2155e-14   6434.75 1 
  6328.34 4.2254e-14   6437.50 1 
  6331.05 4.2851e-14   6440.25 1 
  6333.75 4.2212e-14   6443.00 1 
  6336.45 4.2149e-14   6445.75 1 
  6339.16 4.2015e-14   6448.50 1 
  6341.86 4.1950e-14   6451.25 1 
  6344.56 4.2108e-14   6454.00 1 
  6347.27 4.2453e-14   6456.75 1 
  6349.97 4.3103e-14   6459.50 1 
  6352.67 4.1984e-14   6462.25 1 
  6355.38 4.1605e-14   6465.00 1 
  6358.08 4.1285e-14   6467.75 1 
  6360.78 4.1151e-14   6470.50 1 
  6363.49 4.0860e-14   6473.25 1 
  6366.19 4.1300e-14   6476.00 1 
  6368.89 4.2102e-14   6478.75 1 
  6371.60 4.2861e-14   6481.50 1 
  6374.30 4.3122e-14   6484.25 1 
  6377.00 4.3060e-14   6487.00 1 
  6379.71 4.3196e-14   6489.75 1 
  6382.41 4.3336e-14   6492.50 1 
  6385.11 4.2929e-14   6495.25 1 
  6387.82 4.2778e-14   6498.00 1 
  6390.52 4.2781e-14   6500.75 1 
  6393.22 4.2248e-14   6503.50 1 
  6395.93 4.1715e-14   6506.25 1 
  6398.63 4.2578e-14   6509.00 1 
  6401.33 4.2412e-14   6511.75 1 
  6404.04 4.2275e-14   6514.50 1 
  6406.74 4.1777e-14   6517.25 1 
  6409.44 4.1664e-14   6520.00 1 
  6412.15 4.1219e-14   6522.75 1 
  6414.85 4.0788e-14   6525.50 1 
  6417.55 4.1607e-14   6528.25 1 
  6420.26 4.1653e-14   6531.00 1 
  6422.96 4.1612e-14   6533.75 1 
  6425.66 4.1267e-14   6536.50 1 
  6428.37 4.1905e-14   6539.25 1 
  6431.07 4.2553e-14   6542.00 1 
  6433.77 4.2316e-14   6544.75 1 
  6436.48 4.1802e-14   6547.50 1 
  6439.18 4.2351e-14   6550.25 1 
  6441.88 4.2111e-14   6553.00 1 
  6444.59 4.2005e-14   6555.75 1 
  6447.29 4.2007e-14   6558.50 1 
  6449.99 4.1729e-14   6561.25 1 
  6452.70 4.1580e-14   6564.00 1 
  6455.40 4.2371e-14   6566.75 1 
  6458.10 4.2357e-14   6569.50 1 
  6460.81 4.2876e-14   6572.25 1 
  6463.51 4.2691e-14   6575.00 1 
  6466.21 4.2669e-14   6577.75 1 
  6468.92 4.3190e-14   6580.50 1 
  6471.62 4.2750e-14   6583.25 1 
  6474.32 4.3139e-14   6586.00 1 
  6477.03 4.3061e-14   6588.75 1 
  6479.73 4.2862e-14   6591.50 1 
  6482.43 4.2681e-14   6594.25 1 
  6485.14 4.2284e-14   6597.00 1 
  6487.84 4.1720e-14   6599.75 1 
  6490.54 4.1438e-14   6602.50 1 
  6493.25 4.0659e-14   6605.25 1 
  6495.95 4.0655e-14   6608.00 1 
  6498.65 4.0450e-14   6610.75 1 
  6501.36 3.9762e-14   6613.50 1 
  6504.06 4.1123e-14   6616.25 1 
  6506.76 4.1967e-14   6619.00 1 
  6509.47 4.2776e-14   6621.75 1 
  6512.17 4.2788e-14   6624.50 1 
  6514.87 4.2349e-14   6627.25 1 
  6517.58 4.2360e-14   6630.00 1 
  6520.28 4.3208e-14   6632.75 1 
  6522.99 4.2803e-14   6635.50 1 
  6525.69 4.2980e-14   6638.25 1 
  6528.39 4.3093e-14   6641.00 1 
  6531.10 4.2958e-14   6643.75 1 
  6533.80 4.3366e-14   6646.50 1 
  6536.50 4.2781e-14   6649.25 1 
  6539.21 4.3170e-14   6652.00 1 
  6541.91 4.2312e-14   6654.75 1 
  6544.61 4.3139e-14   6657.50 1 
  6547.32 4.2138e-14   6660.25 1 
  6550.02 4.1583e-14   6663.00 1 
  6552.72 4.0756e-14   6665.75 1 
  6555.43 3.9906e-14   6668.50 1 
  6558.13 3.9938e-14   6671.25 1 
  6560.83 3.8878e-14   6674.00 1 
  6563.54 3.7940e-14   6676.75 1 
  6566.24 3.8714e-14   6679.50 1 
  6568.94 3.9087e-14   6682.25 1 
  6571.65 3.9633e-14   6685.00 1 
  6574.35 4.0884e-14   6687.75 1 
  6577.05 4.0989e-14   6690.50 1 
  6579.76 4.1272e-14   6693.25 1 
  6582.46 4.1749e-14   6696.00 1 
  6585.16 4.1673e-14   6698.75 1 
  6587.87 4.2185e-14   6701.50 1 
  6590.57 4.2250e-14   6704.25 1 
  6593.27 4.1199e-14   6707.00 1 
  6595.98 4.1612e-14   6709.75 1 
  6598.68 4.1958e-14   6712.50 1 
  6601.38 4.0946e-14   6715.25 1 
  6604.09 4.0687e-14   6718.00 1 
  6606.79 4.0975e-14   6720.75 1 
  6609.49 4.0917e-14   6723.50 1 
  6612.20 4.1137e-14   6726.25 1 
  6614.90 4.1338e-14   6729.00 1 
  6617.60 4.0986e-14   6731.75 1 
  6620.31 4.1292e-14   6734.50 1 
  6623.01 4.1631e-14   6737.25 1 
  6625.71 4.1641e-14   6740.00 1 
  6628.42 4.1149e-14   6742.75 1 
  6631.12 4.0498e-14   6745.50 1 
  6633.82 3.9794e-14   6748.25 1 
  6636.53 4.0764e-14   6751.00 1 
  6639.23 4.0910e-14   6753.75 1 
  6641.93 4.0404e-14   6756.50 1 
  6644.64 3.9986e-14   6759.25 1 
  6647.34 4.0468e-14   6762.00 1 
  6650.04 4.0871e-14   6764.75 1 
  6652.75 4.0717e-14   6767.50 1 
  6655.45 3.9854e-14   6770.25 1 
  6658.15 4.0282e-14   6773.00 1 
  6660.86 3.9468e-14   6775.75 1 
  6663.56 4.0379e-14   6778.50 1 
  6666.26 4.0414e-14   6781.25 1 
  6668.97 3.9278e-14   6784.00 1 
  6671.67 3.9881e-14   6786.75 1 
  6674.37 3.9220e-14   6789.50 1 
  6677.08 3.9785e-14   6792.25 1 
  6692.26 4.1464e-14   6807.69 0 
  6707.69 4.1284e-14   6823.39 0 
  6723.15 3.8538e-14   6839.12 0 
  6738.65 4.0926e-14   6854.88 0 
  6754.18 3.9912e-14   6870.68 0 
  6769.75 4.1135e-14   6886.52 0 
  6785.36 4.1718e-14   6902.40 0 
  6801.00 4.0034e-14   6918.31 0 
  6816.68 4.0601e-14   6934.26 0 
  6832.39 4.1557e-14   6950.24 0 
  6848.14 3.8793e-14   6966.26 0 
  6863.93 3.9072e-14   6982.33 0 
  6879.75 3.9535e-14   6998.42 0 
  6895.61 3.9819e-14   7014.55 0 
  6911.50 4.0105e-14   7030.72 0 
  6927.44 3.9839e-14   7046.93 0 
  6943.41 4.1155e-14   7063.18 0 
  6959.41 4.0414e-14   7079.46 0 
  6975.46 4.2524e-14   7095.78 0 
  6991.54 4.2340e-14   7112.14 0 
  7007.65 4.0725e-14   7128.53 0 
  7023.81 3.9172e-14   7144.96 0 
  7040.00 4.1984e-14   7161.43 0 
  7056.23 4.3671e-14   7177.94 0 
  7072.50 3.9383e-14   7194.49 0 
  7088.80 4.0872e-14   7211.08 0 
  7105.14 3.9042e-14   7227.70 0 
  7121.52 3.8963e-14   7244.36 0 
  7137.94 3.6624e-14   7261.06 0 
  7154.39 3.7057e-14   7277.80 0 
  7170.88 3.7153e-14   7294.57 0 
  7187.42 3.6652e-14   7311.39 0 
  7203.98 3.7689e-14   7328.25 0 
  7220.59 3.8934e-14   7345.14 0 
  7237.24 3.9760e-14   7362.07 0 
  7253.92 4.0046e-14   7379.04 0 
  7270.64 3.9235e-14   7396.05 0 
  7287.40 3.9518e-14   7413.10 0 
  7304.20 4.1678e-14   7430.19 0 
  7321.04 4.1212e-14   7447.32 0 
  7337.91 4.1223e-14   7464.49 0 
  7354.83 4.2292e-14   7481.70 0 
  7371.79 4.1150e-14   7498.94 0 
  7388.78 4.2608e-14   7516.23 0 
  7405.81 4.2619e-14   7533.56 0 
  7422.89 4.0994e-14   7550.92 0 
  7440.00 4.2839e-14   7568.33 0 
  7457.15 4.3547e-14   7585.78 0 
  7474.34 4.4165e-14   7603.26 0 
  7491.57 4.3072e-14   7620.79 0 
  7508.84 4.4189e-14   7638.36 0 
  7526.15 4.4816e-14   7655.97 0 
  7543.50 4.4932e-14   7673.61 0 
  7560.89 4.3719e-14   7691.30 0 
  7578.32 4.2637e-14   7709.04 0 
  7595.79 4.2064e-14   7726.81 0 
  7613.29 4.1498e-14   7744.62 0 
  7630.85 4.1701e-14   7762.47 0 
  7648.44 4.2196e-14   7780.37 0 
  7666.07 3.9938e-14   7798.30 0 
  7683.74 4.0505e-14   7816.28 0 
  7701.45 4.0145e-14   7834.30 0 
  7719.21 3.9697e-14   7852.36 0 
  7737.00 3.9983e-14   7870.46 0 
  7754.84 3.8194e-14   7888.60 0 
  7772.71 4.0098e-14   7906.79 0 
  7790.63 3.9741e-14   7925.01 0 
  7808.59 3.9570e-14   7943.28 0 
  7826.59 4.1256e-14   7961.59 0 
  7844.63 3.9410e-14   7979.95 0 
  7862.72 4.0526e-14   7998.34 0 
  7880.84 4.0166e-14   8016.78 0 
  7899.01 4.1019e-14   8035.26 0 
  7917.22 3.9184e-14   8053.78 0 
  7935.47 3.9376e-14   8072.35 0 
  7953.76 3.7442e-14   8090.96 0 
  7972.10 3.9580e-14   8109.61 0 
  7990.48 4.0607e-14   8128.31 0 
  8008.90 3.9240e-14   8147.04 0 
  8027.36 4.1386e-14   8165.82 0 
  8045.87 4.2168e-14   8184.65 0 
  8064.41 4.2083e-14   8203.52 0 
  8083.00 4.0016e-14   8222.43 0 
  8101.63 3.8314e-14   8241.38 0 
  8120.31 4.0972e-14   8260.38 0 
  8139.03 4.0890e-14   8279.42 0 
  8157.79 3.9879e-14   8298.51 0 
  8176.60 3.9891e-14   8317.64 0 
  8195.45 3.8815e-14   8336.81 0 
  8214.34 4.1032e-14   8356.03 0 
  8233.28 4.0203e-14   8375.29 0 
  8252.26 4.1246e-14   8394.60 0 
  8271.28 4.2414e-14   8413.95 0 
  8290.35 4.0239e-14   8433.35 0 
  8309.46 4.0343e-14   8452.79 0 
  8328.61 3.8806e-14   8472.27 0 
  8347.81 3.9087e-14   8491.80 0 
  8367.06 4.0566e-14   8511.38 0 
  8386.34 3.8841e-14   8531.00 0 
  8405.68 3.9393e-14   8550.67 0 
  8425.06 4.0416e-14   8570.38 0 
  8444.48 3.5784e-14   8590.14 0 
  8463.94 3.8178e-14   8609.94 0 
  8483.46 3.9260e-14   8629.79 0 
  8503.01 3.7504e-14   8649.68 0 
  8522.61 3.6746e-14   8669.62 0 
  8542.26 3.7787e-14   8689.60 0 
  8561.95 3.8590e-14   8709.64 0 
  8581.69 3.8602e-14   8729.71 0 
  8601.47 3.8437e-14   8749.84 0 
  8621.30 3.7229e-14   8770.01 0 
  8641.17 3.8995e-14   8790.23 0 
  8661.09 3.8032e-14   8810.49 0 
  8681.06 3.7263e-14   8830.80 0 
  8701.07 3.7620e-14   8851.16 0 
  8721.13 3.8243e-14   8871.56 0 
  8741.23 3.9782e-14   8892.01 0 
  8761.39 3.8443e-14   8912.51 0 
  8781.58 3.7928e-14   8933.05 0 
  8801.82 3.8556e-14   8953.65 0 
  8822.12 3.9924e-14   8974.29 0 
  8842.45 3.9753e-14   8994.98 0 
  8862.83 4.0041e-14   9015.71 0 
  8883.27 3.6698e-14   9036.50 0 
  8903.75 3.7478e-14   9057.33 0 
  8924.27 3.7924e-14   9078.20 0 
  8944.85 3.8464e-14   9099.13 0 
  8965.46 3.6999e-14   9120.11 0 
  8986.13 3.6503e-14   9141.13 0 
  9006.84 3.7885e-14   9162.20 0 
  9027.61 3.5695e-14   9183.33 0 
  9048.42 3.9879e-14   9204.50 0 
  9069.28 3.8895e-14   9225.71 0 
  9090.19 3.5321e-14   9246.98 0 
  9111.14 3.7083e-14   9268.30 0 
  9132.14 3.9202e-14   9289.66 0 
  9153.20 3.7192e-14   9311.08 0 
  9174.30 3.7548e-14   9332.54 0 
  9195.44 3.7131e-14   9354.06 0 
  9216.64 3.6718e-14   9375.62 0 
  9237.89 3.6477e-14   9397.23 0 
  9259.18 3.6826e-14   9418.90 0 
  9280.53 3.8309e-14   9440.61 0 
  9301.92 3.6429e-14   9462.37 0 
  9323.37 3.8600e-14   9484.18 0 
  9344.86 3.8435e-14   9506.05 0 
  9366.40 3.7833e-14   9527.96 0 
  9387.99 3.8461e-14   9549.93 0 
  9409.63 3.7858e-14   9571.94 0 
  9431.33 3.8753e-14   9594.01 0 
  9453.07 3.8234e-14   9616.12 0 
  9474.86 3.9138e-14   9638.29 0 
  9496.70 3.9151e-14   9660.51 0 
  9518.59 3.8361e-14   9682.78 0 
  9540.53 3.8729e-14   9705.10 0 
  9562.53 3.8475e-14   9727.47 0 
  9584.57 3.9113e-14   9749.90 0 
  9606.67 3.8590e-14   9772.37 0 
  9628.81 3.8870e-14   9794.90 0 
  9651.01 3.8086e-14   9817.48 0 
  9673.26 3.8187e-14   9840.11 0 
  9695.56 3.8731e-14   9862.79 0 
  9717.90 3.8037e-14   9885.53 0 
  9740.31 3.7615e-14   9908.32 0 
  9762.76 3.7714e-14   9931.16 0 
  9785.27 3.7124e-14   9954.05 0 
  9807.83 3.8177e-14   9977.00 0 
  9830.43 3.7840e-14  10000.00 0 
  9853.09 3.8028e-14  10023.05 0 
  9875.81 3.7779e-14  10046.15 0 
  9898.57 3.7706e-14  10069.31 0 
  9921.40 3.7116e-14  10092.53 0 
  9944.27 3.7645e-14  10115.80 0 
  9967.19 3.7658e-14  10139.12 0 
  9990.17 3.7585e-14  10162.49 0 
 10036.27 3.7698e-14  10209.39 0 
 10082.61 3.7292e-14  10256.52 0 
 10129.14 3.7664e-14  10303.86 0 
 10175.89 3.7259e-14  10351.42 0 
 10222.87 3.7372e-14  10399.21 0 
 10270.05 3.7485e-14  10447.20 0 
 10293.73 3.7326e-14  10471.29 0 
 10509.27 3.6260e-14  10690.54 0 
 10704.66 3.4792e-14  10889.31 0 
 10903.67 3.3689e-14  11091.75 0 
 11106.38 3.2099e-14  11297.96 0 
 11312.86 3.1368e-14  11508.00 0 
 11496.68 3.1080e-14  11694.99 0 
 11710.43 3.0164e-14  11912.43 0 
 11900.71 2.9073e-14  12105.99 0 
 12094.08 2.8411e-14  12302.69 0 
 12290.59 2.7957e-14  12502.59 0 
 12490.30 2.7132e-14  12705.74 0 
 12693.25 2.6454e-14  12912.19 0 
 12899.50 2.5851e-14  13122.00 0 
 13109.10 2.5321e-14  13335.21 0 
 13291.46 2.4518e-14  13520.73 0 
 13507.43 2.4015e-14  13740.42 0 
 13695.34 2.3577e-14  13931.57 0 
 13885.86 2.2672e-14  14125.38 0 
 14111.49 2.1701e-14  14354.90 0 
 14307.80 2.1354e-14  14554.59 0 
 14506.84 2.1453e-14  14757.07 0 
 14708.65 2.0677e-14  14962.36 0 
 14913.27 2.0916e-14  15170.51 0 
 15085.95 2.1013e-14  15346.17 0 
 15295.82 2.1354e-14  15559.65 0 
 15508.60 2.1110e-14  15776.11 0 
 15688.19 2.0772e-14  15958.79 0 
 15906.43 2.0113e-14  16180.80 0 
 16090.63 2.0160e-14  16368.17 0 
 16314.45 1.9975e-14  16595.86 0 
 16503.37 1.9701e-14  16788.04 0 
 16694.47 1.9431e-14  16982.44 0 
 16887.79 1.9120e-14  17179.09 0 
 17083.33 1.8599e-14  17378.00 0 
 17281.15 1.7885e-14  17579.23 0 
 17481.26 1.7238e-14  17782.79 0 
 17683.69 1.6538e-14  17988.71 0 
 17888.46 1.5867e-14  18197.02 0 
 18095.58 1.5118e-14  18407.71 0 
 18305.13 1.4706e-14  18620.87 0 
 18517.09 1.4174e-14  18836.49 0 
 18688.42 1.3567e-14  19010.77 0 
 18904.82 1.3137e-14  19230.91 0 
 19079.76 1.2897e-14  19408.86 0 
 19300.70 1.2430e-14  19633.61 0 
 19479.27 1.1926e-14  19815.27 0 
 19704.83 1.1521e-14  20044.72 0 
 19887.17 1.1130e-14  20230.20 0 
 20117.43 1.0927e-14  20464.44 0 
 20303.59 1.0531e-14  20653.80 0 
 20491.44 1.0363e-14  20844.90 0 
 20681.05 1.0081e-14  21037.78 0 
 20920.54 9.8285e-15  21281.39 0 
 21114.10 9.6491e-15  21478.29 0 
 21309.47 9.4077e-15  21677.04 0 
 21506.65 9.1936e-15  21877.62 0 
 21705.64 8.9020e-15  22080.04 0 
 21906.49 8.7194e-15  22284.35 0 
 22109.20 8.4428e-15  22490.56 0 
 22313.76 8.2127e-15  22698.65 0 
 22520.23 8.0073e-15  22908.68 0 
 22676.32 7.7712e-15  23067.47 0 
 22886.15 6.9580e-15  23280.92 0 
 23097.90 6.8784e-15  23496.32 0 
 23311.63 5.9908e-15  23713.74 0 
 23473.21 5.6427e-15  23878.10 0 
 23690.42 5.7080e-15  24099.05 0 
 23909.63 5.2298e-15  24322.05 0 
 24075.35 5.0639e-15  24490.63 0 
 24298.13 4.9829e-15  24717.25 0 
 24522.94 4.6290e-15  24945.94 0 
 24692.94 4.5445e-15  25118.87 0 
 24921.41 3.8061e-15  25351.28 0 
 25094.17 3.7367e-15  25527.02 0 
 25326.34 3.7626e-15  25763.20 0 
 25501.91 3.7281e-15  25941.79 0 
 25678.67 3.7887e-15  26121.60 0 
 25916.28 3.7195e-15  26363.31 0 
 26095.91 3.7110e-15  26546.04 0 
 26276.82 3.6098e-15  26730.07 0 
 26519.97 3.5685e-15  26977.41 0 
 26703.78 3.4953e-15  27164.39 0 
 26888.87 3.4394e-15  27352.67 0 
 27075.27 3.3766e-15  27542.29 0 
 27325.77 3.2998e-15  27797.12 0 
 27515.20 3.2545e-15  27989.81 0 
 27705.92 3.1731e-15  28183.82 0 
 27897.98 3.1296e-15  28379.20 0 
 28091.35 3.0583e-15  28575.90 0 
 28286.09 3.0094e-15  28773.99 0 
 28482.14 2.9409e-15  28973.43 0 
 28679.59 2.8806e-15  29174.28 0 
 28878.37 2.8280e-15  29376.49 0 
 29078.56 2.7764e-15  29580.14 0 
 29280.11 2.7132e-15  29785.16 0 
 29483.09 2.6576e-15  29991.64 0 
 29687.44 2.6151e-15  30199.52 0 
 29893.21 2.5556e-15  30408.84 0 
 30100.44 2.5147e-15  30619.64 0 
 30309.07 2.4688e-15  30831.87 0 
 30519.18 2.4349e-15  31045.60 0 
 30730.71 2.3960e-15  31260.79 0 
 30872.58 2.3577e-15  31405.10 0 
 31086.57 2.3253e-15  31622.78 0 
 31302.03 2.2934e-15  31841.96 0 
 31519.03 2.2516e-15  32062.70 0 
 31664.50 2.2156e-15  32210.68 0 
 31884.01 2.1852e-15  32433.97 0 
 32105.00 2.1502e-15  32658.78 0 
 32327.56 2.1159e-15  32885.18 0 
 32476.77 2.0868e-15  33036.96 0 
 32701.87 2.0535e-15  33265.94 0 
 32928.57 2.0300e-15  33496.55 0 
 33080.55 1.9975e-15  33651.15 0 
 33309.87 1.9520e-15  33884.43 0 
 33463.61 1.9164e-15  34040.82 0 
 33695.55 1.8771e-15  34276.77 0 
 33929.14 1.8428e-15  34514.38 0 
 34085.74 1.8050e-15  34673.68 0 
 34322.03 1.7762e-15  34914.05 0 
 34480.44 1.7438e-15  35075.20 0 
 34719.43 1.7080e-15  35318.30 0 
 34879.72 1.6768e-15  35481.36 0 
 35121.47 1.6462e-15  35727.28 0 
 35283.57 1.6124e-15  35892.18 0 
 35528.17 1.5830e-15  36140.99 0 
 35692.15 1.5505e-15  36307.80 0 
 35939.57 1.5222e-15  36559.50 0 
 36105.45 1.4979e-15  36728.23 0 
 36272.10 1.4672e-15  36897.75 0 
 36523.54 1.4371e-15  37153.54 0 
 36692.12 1.4109e-15  37325.02 0 
 36861.47 1.3788e-15  37497.29 0 
 37117.00 1.3505e-15  37757.23 0 
 37288.31 1.3289e-15  37931.50 0 
 37460.42 1.2986e-15  38106.57 0 
 37720.10 1.2808e-15  38370.73 0 
 37894.20 1.2545e-15  38547.83 0 
 38069.10 1.2316e-15  38725.75 0 
 38333.00 1.2092e-15  38994.21 0 
 38509.93 1.1871e-15  39174.18 0 
 38687.66 1.1627e-15  39354.99 0 
 38866.27 1.1415e-15  39536.67 0 
 39135.66 1.1207e-15  39810.71 0 
 39316.33 1.1002e-15  39994.50 0 
 39497.79 1.0777e-15  40179.09 0 
 39680.09 1.0580e-15  40364.54 0 
 39863.23 1.0339e-15  40550.84 0 
 40139.58 1.0174e-15  40831.95 0 
 40324.84 1.0011e-15  41020.40 0 
 40510.96 9.8059e-16  41209.73 0 
 40697.98 9.6269e-16  41399.98 0 
 40885.82 9.4730e-16  41591.06 0 
 41074.53 9.3215e-16  41783.02 0 
 41264.15 9.1514e-16  41975.91 0 
 41454.60 8.9843e-16  42169.65 0 
 41741.93 8.8407e-16  42461.93 0 
 41934.63 8.6793e-16  42657.96 0 
 42128.18 8.5209e-16  42854.85 0 
 42322.62 8.4040e-16  43052.64 0 
 42518.01 8.2506e-16  43251.40 0 
 42714.25 8.1374e-16  43451.02 0 
 42911.39 7.7891e-16  43651.57 0 
 43109.49 7.4385e-16  43853.09 0 
 43308.46 6.6463e-16  44055.49 0 
 43508.35 6.5492e-16  44258.83 0 
 43709.16 6.4517e-16  44463.10 0 
 43910.95 6.3537e-16  44668.37 0 
 44113.62 6.2553e-16  44874.54 0 
 44317.22 6.1642e-16  45081.65 0 
 44521.82 6.0729e-16  45289.77 0 
 44727.30 5.9813e-16  45498.80 0 
 44933.74 5.8892e-16  45708.80 0 
 45141.18 5.8017e-16  45919.82 0 
 45349.53 5.7163e-16  46131.76 0 
 45454.06 5.6734e-16  46238.10 0 
 45663.85 5.5874e-16  46451.51 0 
 45874.66 5.5010e-16  46665.95 0 
 46086.40 5.4204e-16  46881.34 0 
 46299.11 5.3403e-16  47097.72 0 
 46512.85 5.2598e-16  47315.15 0 
 46727.52 5.1790e-16  47533.53 0 
 46943.19 5.1016e-16  47752.92 0 
 47051.40 5.0642e-16  47862.99 0 
 47268.62 4.9890e-16  48083.95 0 
 47486.78 4.9136e-16  48305.88 0 
 47705.96 4.8377e-16  48528.84 0 
 47926.19 4.7664e-16  48752.87 0 
 48147.39 4.6961e-16  48977.89 0 
 48258.38 4.6608e-16  49090.79 0 
 48481.11 4.5900e-16  49317.36 0 
 48704.93 4.5189e-16  49545.04 0 
 48929.72 4.4531e-16  49773.71 0 
 49155.56 4.3872e-16  50003.44 0 
 49268.86 4.3541e-16  50118.70 0 
 49496.32 4.2877e-16  50350.08 0 
 49724.76 4.2220e-16  50582.46 0 
 49954.26 4.1604e-16  50815.93 0 
 50069.42 4.1295e-16  50933.06 0 
 50300.56 4.0675e-16  51168.20 0 
 50532.72 4.0053e-16  51404.36 0 
 50649.20 3.9740e-16  51522.85 0 
 50765.96 3.9446e-16  51641.62 0 
 50883.03 3.9158e-16  51760.71 0 
 51000.32 3.8869e-16  51880.02 0 
 51117.88 3.8579e-16  51999.61 0 
 51235.71 3.8289e-16  52119.47 0 
 51353.81 3.7998e-16  52239.61 0 
 51472.18 3.7706e-16  52360.03 0 
 51590.83 3.7414e-16  52480.72 0 
 51709.81 3.7124e-16  52601.75 0 
 51829.00 3.6855e-16  52723.00 0 
 51948.47 3.6584e-16  52844.53 0 
 52068.22 3.6313e-16  52966.34 0 
 52188.24 3.6042e-16  53088.43 0 
 52308.53 3.5769e-16  53210.80 0 
 52429.17 3.5496e-16  53333.52 0 
 52550.02 3.5223e-16  53456.46 0 
 52671.15 3.4949e-16  53579.68 0 
 52792.56 3.4686e-16  53703.18 0 
 52914.25 3.4433e-16  53826.97 0 
 53036.23 3.4179e-16  53951.05 0 
 53158.48 3.3925e-16  54075.41 0 
 53281.07 3.3670e-16  54200.11 0 
 53403.89 3.3415e-16  54325.05 0 
 53526.99 3.3159e-16  54450.27 0 
 53650.37 3.2902e-16  54575.79 0 
 53774.04 3.2645e-16  54701.59 0 
 53897.99 3.2407e-16  54827.68 0 
 54022.23 3.2170e-16  54954.06 0 
 54146.81 3.1932e-16  55080.79 0 
 54271.63 3.1694e-16  55207.76 0 
 54396.73 3.1455e-16  55335.02 0 
 54522.11 3.1215e-16  55462.57 0 
 54647.79 3.0975e-16  55590.41 0 
 54773.76 3.0734e-16  55718.55 0 
 54900.08 3.0500e-16  55847.05 0 
 55026.62 3.0278e-16  55975.78 0 
 55153.47 3.0055e-16  56104.81 0 
 55280.60 2.9832e-16  56234.13 0 
 55408.02 2.9609e-16  56363.76 0 
 55535.74 2.9385e-16  56493.68 0 
 55663.76 2.9160e-16  56623.90 0 
 55792.13 2.8935e-16  56754.48 0 
 55920.73 2.8709e-16  56885.31 0 
 56049.63 2.8496e-16  57016.43 0 
 56178.83 2.8288e-16  57147.86 0 
 56308.33 2.8079e-16  57279.59 0 
 56438.12 2.7870e-16  57411.62 0 
 56568.28 2.7660e-16  57544.02 0 
 56698.67 2.7450e-16  57676.67 0 
 56829.37 2.7240e-16  57809.62 0 
 56960.36 2.7028e-16  57942.87 0 
 57091.66 2.6819e-16  58076.43 0 
 57223.26 2.6624e-16  58210.30 0 
 57355.17 2.6429e-16  58344.48 0 
 57487.43 2.6233e-16  58479.04 0 
 57619.95 2.6037e-16  58613.83 0 
 57752.76 2.5840e-16  58748.94 0 
 57885.89 2.5643e-16  58884.36 0 
 58019.32 2.5445e-16  59020.09 0 
 58153.06 2.5247e-16  59156.14 0 
 58287.11 2.5058e-16  59292.50 0 
 58421.53 2.4875e-16  59429.24 0 
 58556.19 2.4692e-16  59566.23 0 
 58691.17 2.4508e-16  59703.53 0 
 58826.45 2.4324e-16  59841.15 0 
 58962.05 2.4139e-16  59979.09 0 
 59097.97 2.3955e-16  60117.35 0 
 59234.26 2.3769e-16  60255.99 0 
 59370.80 2.3583e-16  60394.88 0 
 59507.65 2.3411e-16  60534.10 0 
 59644.82 2.3240e-16  60673.63 0 
 59782.30 2.3068e-16  60813.49 0 
 59920.11 2.2896e-16  60953.67 0 
 60058.23 2.2723e-16  61094.17 0 
 60196.73 2.2550e-16  61235.06 0 
 60335.49 2.2377e-16  61376.21 0 
 60474.57 2.2203e-16  61517.69 0 
 60613.97 2.2034e-16  61659.50 0 
 60753.68 2.1873e-16  61801.62 0 
 60893.73 2.1712e-16  61944.08 0 
 61034.16 2.1551e-16  62086.93 0 
 61174.85 2.1390e-16  62230.05 0 
 61315.86 2.1228e-16  62373.50 0 
 61457.19 2.1065e-16  62517.27 0 
 61598.86 2.0903e-16  62661.38 0 
 61740.85 2.0740e-16  62805.82 0 
 61883.16 2.0586e-16  62950.59 0 
 62025.88 2.0436e-16  63095.76 0 
 62168.85 2.0285e-16  63241.20 0 
 62312.15 2.0134e-16  63386.98 0 
 62455.79 1.9982e-16  63533.09 0 
 62599.76 1.9830e-16  63679.54 0 
 62744.05 1.9678e-16  63826.32 0 
 62888.75 1.9526e-16  63973.52 0 
 63033.71 1.9375e-16  64120.98 0 
 63179.01 1.9234e-16  64268.79 0 
 63324.64 1.9093e-16  64416.93 0 
 63470.61 1.8951e-16  64565.41 0 
 63616.91 1.8809e-16  64714.24 0 
 63763.56 1.8667e-16  64863.41 0 
 63910.61 1.8525e-16  65013.00 0 
 64057.92 1.8382e-16  65162.86 0 
 64205.58 1.8239e-16  65313.06 0 
 64353.58 1.8102e-16  65463.61 0 
 64501.92 1.7970e-16  65614.52 0 
 64650.60 1.7838e-16  65765.76 0 
 64799.62 1.7705e-16  65917.35 0 
 64949.06 1.7572e-16  66069.37 0 
 65098.78 1.7439e-16  66221.66 0 
 65248.84 1.7305e-16  66374.31 0 
 65399.24 1.7171e-16  66527.31 0 
 65549.98 1.7037e-16  66680.66 0 
 65701.08 1.6913e-16  66834.36 0 
 65852.60 1.6789e-16  66988.49 0 
 66004.40 1.6665e-16  67142.91 0 
 66156.55 1.6540e-16  67297.68 0 
 66309.04 1.6416e-16  67452.80 0 
 66461.89 1.6291e-16  67608.29 0 
 66615.08 1.6165e-16  67764.12 0 
 66768.64 1.6040e-16  67920.33 0 
 66922.61 1.5917e-16  68076.96 0 
 67076.88 1.5802e-16  68233.89 0 
 67231.50 1.5685e-16  68391.17 0 
 67386.47 1.5569e-16  68548.82 0 
 67541.80 1.5452e-16  68706.83 0 
 67697.49 1.5335e-16  68865.20 0 
 67853.61 1.5218e-16  69024.02 0 
 68010.02 1.5100e-16  69183.12 0 
 68166.78 1.4983e-16  69342.59 0 
 68323.91 1.4872e-16  69502.43 0 
 68481.40 1.4763e-16  69662.64 0 
 68639.26 1.4654e-16  69823.22 0 
 68797.48 1.4545e-16  69984.16 0 
 68956.14 1.4435e-16  70145.56 0 
 69115.08 1.4326e-16  70307.25 0 
 69274.40 1.4216e-16  70469.31 0 
 69434.08 1.4106e-16  70631.75 0 
 69594.13 1.3996e-16  70794.56 0 
 69754.55 1.3895e-16  70957.75 0 
 69915.42 1.3793e-16  71121.39 0 
 70076.58 1.3691e-16  71285.33 0 
 70238.11 1.3588e-16  71449.65 0 
 70400.01 1.3486e-16  71614.34 0 
 70562.29 1.3383e-16  71779.42 0 
 70724.94 1.3280e-16  71944.88 0 
 70887.97 1.3176e-16  72110.72 0 
 71051.45 1.3077e-16  72277.02 0 
 71215.23 1.2982e-16  72443.62 0 
 71379.39 1.2886e-16  72610.61 0 
 71543.92 1.2790e-16  72777.98 0 
 71708.83 1.2694e-16  72945.73 0 
 71874.13 1.2598e-16  73113.88 0 
 72039.80 1.2501e-16  73282.41 0 
 72205.93 1.2405e-16  73451.41 0 
 72372.38 1.2308e-16  73620.73 0 
 72539.20 1.2218e-16  73790.43 0 
 72706.41 1.2129e-16  73960.52 0 
 72874.00 1.2039e-16  74131.01 0 
 73041.98 1.1949e-16  74301.88 0 
 73210.43 1.1859e-16  74473.23 0 
 73379.18 1.1769e-16  74644.90 0 
 73548.33 1.1678e-16  74816.96 0 
 73717.86 1.1587e-16  74989.42 0 
 73887.78 1.1499e-16  75162.27 0 
 74058.10 1.1415e-16  75335.53 0 
 74228.81 1.1331e-16  75509.19 0 
 74399.99 1.1247e-16  75683.32 0 
 74571.50 1.1163e-16  75857.78 0 
 74743.38 1.1078e-16  76032.63 0 
 74915.68 1.0994e-16  76207.90 0 
 75088.36 1.0909e-16  76383.56 0 
 75261.45 1.0824e-16  76559.63 0 
 75435.01 1.0744e-16  76736.19 0 
 75608.89 1.0665e-16  76913.07 0 
 75783.18 1.0586e-16  77090.36 0 
 75957.87 1.0507e-16  77268.06 0 
 76132.95 1.0428e-16  77446.17 0 
 76308.44 1.0349e-16  77624.69 0 
 76484.34 1.0270e-16  77803.62 0 
 76660.73 1.0190e-16  77983.05 0 
 76837.44 1.0111e-16  78162.80 0 
 77014.55 1.0038e-16  78342.98 0 
 77192.08 9.9641e-17  78523.56 0 
 77370.01 9.8903e-17  78704.56 0 
 77548.35 9.8163e-17  78885.98 0 
 77727.11 9.7422e-17  79067.82 0 
 77906.36 9.6678e-17  79250.16 0 
 78085.94 9.5933e-17  79432.84 0 
 78265.93 9.5186e-17  79615.94 0 
 78446.34 9.4471e-17  79799.46 0 
 78627.17 9.3782e-17  79983.41 0 
 78808.41 9.3091e-17  80167.77 0 
 78990.15 9.2399e-17  80352.65 0 
 79172.23 9.1705e-17  80537.87 0 
 79354.73 9.1009e-17  80723.52 0 
 79537.64 9.0312e-17  80909.59 0 
 79720.99 8.9613e-17  81096.09 0 
 79904.75 8.8913e-17  81283.02 0 
 80088.93 8.8265e-17  81470.38 0 
 80273.63 8.7618e-17  81658.27 0 
 80458.67 8.6970e-17  81846.50 0 
 80644.13 8.6321e-17  82035.16 0 
 80830.02 8.5670e-17  82224.26 0 
 81016.34 8.5018e-17  82413.79 0 
 81203.09 8.4364e-17  82603.76 0 
 81390.36 8.3709e-17  82794.26 0 
 81577.96 8.3070e-17  82985.10 0 
 81766.01 8.2465e-17  83176.39 0 
 81954.48 8.1859e-17  83368.12 0 
 82143.40 8.1251e-17  83560.29 0 
 82332.74 8.0642e-17  83752.90 0 
 82522.53 8.0032e-17  83945.96 0 
 82712.84 7.9420e-17  84139.55 0 
 82903.50 7.8807e-17  84333.50 0 
 83094.59 7.8192e-17  84527.89 0 
 83286.13 7.7613e-17  84722.73 0 
 83478.12 7.7046e-17  84918.03 0 
 83670.54 7.6478e-17  85113.77 0 
 83863.49 7.5907e-17  85310.05 0 
 84056.81 7.5336e-17  85506.70 0 
 84250.57 7.4764e-17  85703.80 0 
 84444.76 7.4190e-17  85901.35 0 
 84639.42 7.3615e-17  86099.37 0 
 84834.52 7.3045e-17  86297.83 0 
 85030.07 7.2514e-17  86496.75 0 
 85226.16 7.1982e-17  86696.23 0 
 85422.62 7.1449e-17  86896.07 0 
 85619.52 7.0914e-17  87096.37 0 
 85816.88 7.0379e-17  87297.13 0 
 86014.69 6.9842e-17  87498.36 0 
 86212.96 6.9304e-17  87700.05 0 
 86411.69 6.8764e-17  87902.20 0 
 86610.97 6.8247e-17  88104.92 0 
 86810.61 6.7749e-17  88308.01 0 
 87010.72 6.7250e-17  88511.57 0 
 87211.29 6.6750e-17  88715.59 0 
 87412.31 6.6249e-17  88920.09 0 
 87613.80 6.5746e-17  89125.05 0 
 87815.86 6.5243e-17  89330.59 0 
 88018.28 6.4738e-17  89536.51 0 
 88221.16 6.4232e-17  89742.89 0 
 88424.52 6.3764e-17  89949.76 0 
 88628.35 6.3297e-17  90157.10 0 
 88832.64 6.2829e-17  90364.91 0 
 89037.40 6.2360e-17  90573.21 0 
 89242.75 6.1889e-17  90782.09 0 
 89448.46 6.1418e-17  90991.35 0 
 89654.64 6.0946e-17  91201.09 0 
 89861.30 6.0472e-17  91411.32 0 
 90068.43 6.0011e-17  91622.02 0 
 90276.05 5.9574e-17  91833.22 0 
 90484.25 5.9136e-17  92045.01 0 
 90692.81 5.8697e-17  92257.17 0 
 90901.87 5.8257e-17  92469.84 0 
 91111.40 5.7816e-17  92682.98 0 
 91321.42 5.7374e-17  92896.62 0 
 91531.92 5.6931e-17  93110.76 0 
 91742.91 5.6487e-17  93325.38 0 
 91954.49 5.6069e-17  93540.61 0 
 92166.45 5.5659e-17  93756.23 0 
 92378.90 5.5248e-17  93972.34 0 
 92591.84 5.4837e-17  94188.95 0 
 92805.27 5.4424e-17  94406.07 0 
 93019.19 5.4011e-17  94623.68 0 
 93233.71 5.3596e-17  94841.90 0 
 93448.62 5.3180e-17  95060.52 0 
 93664.02 5.2769e-17  95279.63 0 
 93879.93 5.2385e-17  95499.27 0 
 94096.33 5.2001e-17  95719.40 0 
 94313.23 5.1616e-17  95940.04 0 
 94530.63 5.1230e-17  96161.19 0 
 94748.63 5.0842e-17  96382.95 0 
 94967.03 5.0455e-17  96605.12 0 
 95185.93 5.0066e-17  96827.80 0 
 95405.35 4.9676e-17  97050.99 0 
 95625.26 4.9303e-17  97274.70 0 
 95845.69 4.8943e-17  97498.93 0 
 96066.62 4.8583e-17  97723.67 0 
 96288.16 4.8221e-17  97949.04 0 
 96510.12 4.7859e-17  98174.82 0 
 96732.58 4.7496e-17  98401.12 0 
 96955.55 4.7132e-17  98627.94 0 
 97179.04 4.6768e-17  98855.28 0 
 97403.04 4.6402e-17  99083.15 0 
 97627.68 4.6064e-17  99311.66 0 
 97852.72 4.5726e-17  99540.58 0 
 98078.27 4.5388e-17  99770.02 0 
 98304.35 4.5049e-17 100000.00 0 
 98530.95 4.4710e-17 100230.51 0 
 98758.07 4.4369e-17 100461.55 0 
 98985.71 4.4028e-17 100693.12 0 
 99213.99 4.3686e-17 100925.34 0 
 99442.68 4.3353e-17 101157.97 0 
 99671.91 4.3037e-17 101391.15 0 
 99901.66 4.2721e-17 101624.86 0 
100131.94 4.2404e-17 101859.12 0 
100362.75 4.2086e-17 102093.91 0 
100594.20 4.1767e-17 102329.35 0 
100826.08 4.1448e-17 102565.23 0 
101058.49 4.1128e-17 102801.65 0 
101291.44 4.0807e-17 103038.62 0 
101524.92 4.0505e-17 103276.12 0 
101758.95 4.0209e-17 103514.19 0 
101993.50 3.9912e-17 103752.79 0 
102228.72 3.9615e-17 103992.06 0 
102464.37 3.9317e-17 104231.77 0 
102700.55 3.9018e-17 104472.03 0 
102937.29 3.8718e-17 104712.85 0 
103174.56 3.8418e-17 104954.22 0 
103412.39 3.8121e-17 105196.15 0 
103650.76 3.7844e-17 105438.63 0 
103889.79 3.7566e-17 105681.79 0 
104129.27 3.7288e-17 105925.40 0 
104369.30 3.7009e-17 106169.56 0 
104609.87 3.6729e-17 106414.29 0 
104851.01 3.6449e-17 106659.59 0 
105092.69 3.6168e-17 106905.44 0 
105335.06 3.5887e-17 107151.98 0 
105577.86 3.5617e-17 107398.98 0 
105821.23 3.5357e-17 107646.54 0 
106065.15 3.5097e-17 107894.67 0 
106309.64 3.4836e-17 108143.38 0 
106554.69 3.4574e-17 108392.66 0 
106800.31 3.4312e-17 108642.51 0 
107046.61 3.4049e-17 108893.05 0 
107293.36 3.3786e-17 109144.06 0 
107540.68 3.3522e-17 109395.65 0 
107788.57 3.3277e-17 109647.81 0 
108037.02 3.3033e-17 109900.55 0 
108286.06 3.2789e-17 110153.88 0 
108535.79 3.2544e-17 110407.92 0 
108785.96 3.2299e-17 110662.41 0 
109036.73 3.2053e-17 110917.50 0 
109288.06 3.1807e-17 111173.17 0 
109539.98 3.1559e-17 111429.44 0 
109792.48 3.1319e-17 111686.29 0 
110045.56 3.1091e-17 111943.73 0 
110299.35 3.0862e-17 112201.90 0 
110553.59 3.0633e-17 112460.53 0 
110808.42 3.0403e-17 112719.76 0 
111063.85 3.0173e-17 112979.59 0 
111319.85 2.9943e-17 113240.01 0 
111576.46 2.9711e-17 113501.04 0 
111833.77 2.9480e-17 113762.79 0 
112091.56 2.9261e-17 114025.02 0 
112349.94 2.9047e-17 114287.86 0 
112608.91 2.8833e-17 114551.30 0 
112868.48 2.8618e-17 114815.34 0 
113128.65 2.8403e-17 115080.01 0 
113389.42 2.8187e-17 115345.27 0 
113650.92 2.7971e-17 115611.28 0 
113912.89 2.7754e-17 115877.77 0 
114175.46 2.7539e-17 116144.88 0 
114438.65 2.7339e-17 116412.60 0 
114702.44 2.7138e-17 116680.94 0 
114966.84 2.6937e-17 116949.90 0 
115231.84 2.6736e-17 117219.48 0 
115497.59 2.6534e-17 117489.80 0 
115763.81 2.6331e-17 117760.62 0 
116030.66 2.6128e-17 118032.07 0 
116298.11 2.5925e-17 118304.14 0 
116566.19 2.5730e-17 118576.84 0 
116834.89 2.5543e-17 118850.17 0 
117104.33 2.5354e-17 119124.26 0 
117374.26 2.5166e-17 119398.85 0 
117644.81 2.4977e-17 119674.07 0 
117916.00 2.4787e-17 119949.93 0 
118187.80 2.4598e-17 120226.42 0 
118460.23 2.4407e-17 120503.55 0 
118733.29 2.4216e-17 120781.32 0 
119007.11 2.4040e-17 121059.87 0 
119281.43 2.3864e-17 121338.91 0 
119556.38 2.3687e-17 121618.61 0 
119831.97 2.3511e-17 121898.95 0 
120108.19 2.3333e-17 122179.94 0 
120385.05 2.3156e-17 122461.57 0 
120662.67 2.2977e-17 122743.98 0 
120940.81 2.2799e-17 123026.92 0 
121219.59 2.2625e-17 123310.51 0 
121499.01 2.2460e-17 123594.74 0 
121779.07 2.2295e-17 123879.64 0 
122059.79 2.2130e-17 124165.20 0 
122341.14 2.1964e-17 124451.40 0 
122623.28 2.1798e-17 124738.41 0 
122905.93 2.1631e-17 125025.94 0 
123189.24 2.1464e-17 125314.13 0 
123473.20 2.1297e-17 125602.99 0 
123757.82 2.1139e-17 125892.52 0 
124043.08 2.0984e-17 126182.70 0 
124329.15 2.0829e-17 126473.70 0 
124615.74 2.0674e-17 126765.23 0 
124902.99 2.0519e-17 127057.44 0 
125190.89 2.0363e-17 127350.31 0 
125479.47 2.0206e-17 127643.87 0 
125768.71 2.0050e-17 127938.09 0 
126058.61 1.9895e-17 128233.00 0 
126349.33 1.9750e-17 128528.73 0 
126640.57 1.9605e-17 128824.99 0 
126932.49 1.9460e-17 129121.95 0 
127225.07 1.9314e-17 129419.58 0 
127518.33 1.9168e-17 129717.90 0 
127812.28 1.9022e-17 130016.91 0 
128106.89 1.8876e-17 130316.61 0 
128402.33 1.8729e-17 130617.14 0 
128698.31 1.8588e-17 130918.23 0 
128994.97 1.8452e-17 131220.00 0 
129292.31 1.8316e-17 131522.47 0 
129590.34 1.8180e-17 131825.64 0 
129889.04 1.8044e-17 132129.50 0 
130188.60 1.7907e-17 132434.22 0 
130488.69 1.7770e-17 132739.48 0 
130789.48 1.7632e-17 133045.47 0 
131090.95 1.7494e-17 133352.14 0 
131393.13 1.7367e-17 133659.53 0 
131696.00 1.7240e-17 133967.62 0 
131999.56 1.7112e-17 134276.42 0 
132303.98 1.6984e-17 134586.09 0 
132608.96 1.6856e-17 134896.33 0 
132914.62 1.6728e-17 135207.27 0 
133221.01 1.6599e-17 135518.94 0 
133528.09 1.6470e-17 135831.31 0 
133835.87 1.6345e-17 136144.41 0 
134144.53 1.6226e-17 136458.39 0 
134453.74 1.6106e-17 136772.94 0 
134763.66 1.5987e-17 137088.20 0 
135074.31 1.5867e-17 137404.20 0 
135385.65 1.5747e-17 137720.92 0 
135697.74 1.5627e-17 138038.39 0 
136010.53 1.5506e-17 138356.58 0 
136324.18 1.5385e-17 138675.64 0 
136638.42 1.5271e-17 138995.30 0 
136953.39 1.5159e-17 139315.70 0 
137269.07 1.5048e-17 139636.83 0 
137585.49 1.4935e-17 139958.70 0 
137902.63 1.4823e-17 140281.31 0 
138220.51 1.4710e-17 140604.67 0 
138539.27 1.4597e-17 140928.94 0 
138858.61 1.4484e-17 141253.78 0 
139178.70 1.4372e-17 141579.39 0 
139499.51 1.4268e-17 141905.73 0 
139821.07 1.4163e-17 142232.84 0 
140143.37 1.4058e-17 142560.70 0 
140466.56 1.3953e-17 142889.47 0 
140790.34 1.3848e-17 143218.83 0 
141114.88 1.3742e-17 143548.97 0 
141440.16 1.3636e-17 143879.86 0 
141766.19 1.3530e-17 144211.52 0 
142092.96 1.3428e-17 144543.92 0 
142420.50 1.3330e-17 144877.11 0 
142748.94 1.3232e-17 145211.22 0 
143077.99 1.3134e-17 145545.94 0 
143407.80 1.3035e-17 145881.44 0 
143738.36 1.2936e-17 146217.70 0 
144069.69 1.2837e-17 146554.75 0 
144401.78 1.2738e-17 146892.56 0 
144734.80 1.2638e-17 147231.33 0 
145068.42 1.2546e-17 147570.70 0 
145402.81 1.2454e-17 147910.86 0 
145737.98 1.2362e-17 148251.81 0 
146073.92 1.2270e-17 148593.55 0 
146410.63 1.2177e-17 148936.06 0 
146748.12 1.2085e-17 149279.38 0 
147086.53 1.1992e-17 149623.62 0 
147425.59 1.1898e-17 149968.53 0 
147765.41 1.1808e-17 150314.22 0 
148106.02 1.1722e-17 150660.70 0 
148447.41 1.1635e-17 151007.98 0 
148789.59 1.1549e-17 151356.06 0 
149132.73 1.1463e-17 151705.12 0 
149476.49 1.1376e-17 152054.81 0 
149821.05 1.1289e-17 152405.31 0 
150166.39 1.1202e-17 152756.61 0 
150512.53 1.1114e-17 153108.72 0 
150859.48 1.1032e-17 153461.66 0 
151207.22 1.0951e-17 153815.39 0 
151555.92 1.0871e-17 154170.11 0 
151905.27 1.0790e-17 154525.48 0 
152255.43 1.0708e-17 154881.69 0 
152606.40 1.0627e-17 155238.70 0 
152958.16 1.0545e-17 155596.53 0 
153310.73 1.0464e-17 155955.19 0 
153664.13 1.0383e-17 156314.69 0 
154018.51 1.0307e-17 156675.17 0 
154373.52 1.0232e-17 157036.31 0 
154729.37 1.0156e-17 157398.30 0 
155086.03 1.0080e-17 157761.11 0 
155443.52 1.0004e-17 158124.77 0 
155801.82 9.9273e-18 158489.25 0 
156161.13 9.8508e-18 158854.75 0 
156521.09 9.7741e-18 159220.92 0 
156881.88 9.7007e-18 159587.94 0 
157243.50 9.6299e-18 159955.80 0 
157605.97 9.5590e-18 160324.52 0 
157969.25 9.4879e-18 160694.06 0 
158333.39 9.4166e-18 161064.48 0 
158698.53 9.3452e-18 161435.92 0 
159064.35 9.2736e-18 161808.05 0 
159431.01 9.2019e-18 162181.03 0 
159798.50 9.1300e-18 162554.86 0 
160166.84 9.0634e-18 162929.56 0 
160536.04 8.9970e-18 163305.12 0 
160906.26 8.9305e-18 163681.73 0 
161277.16 8.8638e-18 164059.03 0 
161648.92 8.7970e-18 164437.20 0 
162021.53 8.7300e-18 164816.23 0 
162395.00 8.6629e-18 165196.16 0 
162769.33 8.5956e-18 165576.94 0 
163144.53 8.5300e-18 165958.61 0 
163520.77 8.4679e-18 166341.34 0 
163897.69 8.4056e-18 166724.77 0 
164275.49 8.3432e-18 167109.08 0 
164654.16 8.2807e-18 167494.28 0 
165033.69 8.2180e-18 167880.36 0 
165414.12 8.1552e-18 168267.34 0 
165795.58 8.0922e-18 168655.39 0 
166177.76 8.0291e-18 169044.16 0 
166560.81 7.9696e-18 169433.81 0 
166944.75 7.9114e-18 169824.38 0 
167329.56 7.8530e-18 170215.83 0 
167715.27 7.7945e-18 170608.19 0 
168101.86 7.7359e-18 171001.45 0 
168489.54 7.6771e-18 171395.81 0 
168877.92 7.6181e-18 171790.89 0 
169267.19 7.5591e-18 172186.88 0 
169657.36 7.5006e-18 172583.78 0 
170048.44 7.4461e-18 172981.61 0 
170440.42 7.3914e-18 173380.34 0 
170833.28 7.3367e-18 173779.98 0 
171227.25 7.2818e-18 174180.75 0 
171621.94 7.2268e-18 174582.25 0 
172017.56 7.1716e-18 174984.69 0 
172414.06 7.1164e-18 175388.03 0 
172811.49 7.0610e-18 175792.31 0 
173209.83 7.0079e-18 176197.53 0 
173609.29 6.9568e-18 176603.88 0 
174009.46 6.9055e-18 177010.95 0 
174410.58 6.8542e-18 177418.98 0 
174812.60 6.8027e-18 177827.94 0 
175215.55 6.7511e-18 178237.84 0 
175619.44 6.6994e-18 178648.70 0 
176024.26 6.6476e-18 179060.50 0 
176430.19 6.5956e-18 179473.44 0 
176836.88 6.5475e-18 179887.14 0 
177244.51 6.4996e-18 180301.80 0 
177653.07 6.4515e-18 180717.41 0 
178062.57 6.4034e-18 181133.97 0 
178473.02 6.3551e-18 181551.50 0 
178884.61 6.3067e-18 181970.19 0 
179296.95 6.2582e-18 182389.64 0 
179710.24 6.2096e-18 182810.06 0 
180124.49 6.1622e-18 183231.45 0 
180539.68 6.1173e-18 183653.81 0 
180955.83 6.0723e-18 184077.14 0 
181372.95 6.0273e-18 184501.45 0 
181791.24 5.9821e-18 184926.95 0 
182210.27 5.9368e-18 185353.22 0 
182630.28 5.8914e-18 185780.47 0 
183051.25 5.8459e-18 186208.70 0 
183473.21 5.8004e-18 186637.94 0 
183896.12 5.7574e-18 187068.14 0 
184320.01 5.7153e-18 187499.34 0 
184745.08 5.6731e-18 187931.75 0 
185170.94 5.6309e-18 188364.95 0 
185597.76 5.5885e-18 188799.14 0 
186025.59 5.5460e-18 189234.34 0 
186454.38 5.5035e-18 189670.53 0 
186884.18 5.4608e-18 190107.75 0 
187315.16 5.4185e-18 190546.16 0 
187746.94 5.3791e-18 190985.39 0 
188179.71 5.3397e-18 191425.62 0 
188613.48 5.3001e-18 191866.88 0 
189048.25 5.2605e-18 192309.14 0 
189484.01 5.2207e-18 192752.42 0 
189920.79 5.1809e-18 193196.73 0 
190358.78 5.1410e-18 193642.28 0 
190797.57 5.1010e-18 194088.64 0 
191237.38 5.0626e-18 194536.03 0 
191678.18 5.0257e-18 194984.44 0 
192120.01 4.9887e-18 195433.89 0 
192562.87 4.9516e-18 195884.39 0 
193006.95 4.9144e-18 196336.12 0 
193451.85 4.8771e-18 196788.70 0 
193897.77 4.8397e-18 197242.31 0 
194344.72 4.8023e-18 197696.97 0 
194792.69 4.7648e-18 198152.67 0 
195241.70 4.7300e-18 198609.42 0 
195691.75 4.6954e-18 199067.23 0 
196143.04 4.6607e-18 199526.31 0 
196595.16 4.6259e-18 199986.23 0 
197048.33 4.5910e-18 200447.22 0 
197502.54 4.5560e-18 200909.27 0 
197957.80 4.5210e-18 201372.38 0 
198414.12 4.4859e-18 201836.56 0 
198871.69 4.4516e-18 202302.03 0 
199330.10 4.4192e-18 202768.34 0 
199789.56 4.3867e-18 203235.73 0 
200250.10 4.3542e-18 203704.22 0 
200711.69 4.3216e-18 204173.77 0 
201174.35 4.2888e-18 204644.41 0 
201638.07 4.2561e-18 205116.12 0 
202103.08 4.2232e-18 205589.16 0 
202568.94 4.1903e-18 206063.05 0 
203035.88 4.1592e-18 206538.05 0 
203503.89 4.1288e-18 207014.12 0 
203972.98 4.0984e-18 207491.31 0 
204443.15 4.0678e-18 207969.59 0 
204914.42 4.0372e-18 208448.98 0 
205386.98 4.0065e-18 208929.70 0 
205860.41 3.9758e-18 209411.30 0 
206334.93 3.9450e-18 209894.00 0 
206810.55 3.9144e-18 210377.83 0 
207287.25 3.8860e-18 210862.75 0 
207765.07 3.8575e-18 211348.81 0 
208244.21 3.8289e-18 211836.22 0 
208724.23 3.8002e-18 212324.52 0 
209205.35 3.7715e-18 212813.94 0 
209687.58 3.7428e-18 213304.48 0 
210170.93 3.7139e-18 213796.17 0 
210655.39 3.6850e-18 214288.98 0 
211140.97 3.6573e-18 214782.94 0 
211627.90 3.6306e-18 215278.27 0 
212115.72 3.6039e-18 215774.50 0 
212604.66 3.5771e-18 216271.88 0 
213094.72 3.5502e-18 216770.39 0 
213585.92 3.5233e-18 217270.06 0 
214078.25 3.4963e-18 217770.89 0 
214571.96 3.4692e-18 218273.11 0 
215066.55 3.4421e-18 218776.23 0 
215562.30 3.4170e-18 219280.53 0 
216059.18 3.3920e-18 219785.98 0 
216557.21 3.3669e-18 220292.61 0 
217056.40 3.3418e-18 220800.41 0 
217556.72 3.3166e-18 221309.36 0 
218058.44 3.2913e-18 221819.73 0 
218561.09 3.2660e-18 222331.05 0 
219064.90 3.2407e-18 222843.55 0 
219569.84 3.2159e-18 223357.20 0 
220075.97 3.1925e-18 223872.06 0 
220583.27 3.1691e-18 224388.11 0 
221091.96 3.1455e-18 224905.58 0 
221601.59 3.1219e-18 225424.00 0 
222112.41 3.0983e-18 225943.62 0 
222624.39 3.0746e-18 226464.44 0 
223137.55 3.0509e-18 226986.45 0 
223651.90 3.0271e-18 227509.67 0 
224167.45 3.0047e-18 228034.11 0 
224684.40 2.9827e-18 228559.98 0 
225202.31 2.9607e-18 229086.83 0 
225721.42 2.9386e-18 229614.89 0 
226241.73 2.9165e-18 230144.17 0 
226763.23 2.8944e-18 230674.67 0 
227285.94 2.8722e-18 231206.39 0 
227809.85 2.8499e-18 231739.34 0 
228335.23 2.8278e-18 232273.78 0 
228861.55 2.8073e-18 232809.19 0 
229389.10 2.7867e-18 233345.83 0 
229917.85 2.7660e-18 233883.70 0 
230447.82 2.7453e-18 234422.81 0 
230979.03 2.7246e-18 234963.19 0 
231511.70 2.7038e-18 235505.05 0 
232045.36 2.6830e-18 236047.91 0 
232580.24 2.6621e-18 236592.02 0 
233116.35 2.6421e-18 237137.38 0 
233653.69 2.6228e-18 237683.98 0 
234192.29 2.6035e-18 238231.88 0 
234732.12 2.5841e-18 238781.02 0 
235273.44 2.5647e-18 239331.67 0 
235815.77 2.5453e-18 239883.36 0 
236359.33 2.5258e-18 240436.30 0 
236904.17 2.5062e-18 240990.53 0 
237450.25 2.4867e-18 241546.03 0 
237997.59 2.4685e-18 242102.81 0 
238546.45 2.4504e-18 242661.14 0 
239096.31 2.4323e-18 243220.48 0 
239647.45 2.4142e-18 243781.12 0 
240199.86 2.3960e-18 244343.06 0 
240753.54 2.3777e-18 244906.30 0 
241308.48 2.3594e-18 245470.81 0 
241864.72 2.3411e-18 246036.64 0 
242422.50 2.3232e-18 246604.05 0 
242981.30 2.3063e-18 247172.48 0 
243541.39 2.2894e-18 247742.23 0 
244102.77 2.2724e-18 248313.30 0 
244665.44 2.2553e-18 248885.67 0 
245229.41 2.2383e-18 249459.38 0 
245794.69 2.2212e-18 250034.41 0 
246361.53 2.2040e-18 250611.02 0 
246929.42 2.1868e-18 251188.70 0 
247498.60 2.1706e-18 251767.70 0 
248069.10 2.1548e-18 252348.05 0 
248640.93 2.1389e-18 252929.73 0 
249214.06 2.1229e-18 253512.75 0 
249788.78 2.1069e-18 254097.39 0 
255606.97 1.9533e-18 260015.94 0 
261560.96 1.8105e-18 266072.62 0 
267653.34 1.6783e-18 272270.09 0 
273887.93 1.5566e-18 278612.22 0 
280913.49 1.4327e-18 285758.97 0 
286795.87 1.3385e-18 291742.81 0 
293476.02 1.2409e-18 298538.19 0 
300312.13 1.1502e-18 305492.22 0 
307307.10 1.0661e-18 312607.84 0 
314465.38 9.8884e-19 319889.59 0 
321790.04 9.1702e-19 327340.59 0 
329285.65 8.5030e-19 334965.50 0 
336955.51 7.8832e-19 342767.66 0 
