# An Atlas of Galaxy Spectral Energy Distributions from the Ultraviolet to the Mid-Infrared
# Brown et al. (2014)
# http://dx.doi.org/10.5072/03/529D3551F0117
# 
# Column 1 : Restframe Wavelength (Angstrom)
# Column 2 : Flux per unit wavelength (ergs/s/cm^2/Angstrom)
# Column 3 : Observed wavelength (Angstrom)
# Column 4 : Source (0 = model, 1 = Optical Spectrum, 2 = Akari, 3 = Spitzer IRS)
# 
   102.04 9.0342e-26    102.33 0 
   103.94 1.3980e-25    104.23 0 
   106.11 2.1883e-25    106.41 0 
   108.09 3.4811e-25    108.39 0 
   110.10 6.1706e-25    110.41 0 
   113.96 1.3322e-24    114.29 0 
   117.97 2.6473e-24    118.30 0 
   121.00 1.3250e-23    121.34 0 
   124.96 2.3520e-23    125.31 0 
   126.99 3.0134e-23    127.35 0 
   127.87 3.4664e-23    128.23 0 
   131.15 4.8892e-23    131.52 0 
   132.06 6.2671e-23    132.43 0 
   133.90 7.7751e-23    134.28 0 
   137.02 1.2362e-22    137.40 0 
   139.88 1.6732e-22    140.28 0 
   143.14 5.8332e-22    143.55 0 
   147.15 1.9060e-21    147.57 0 
   150.93 2.6386e-21    151.36 0 
   155.16 3.6522e-21    155.60 0 
   159.14 5.0093e-21    159.59 0 
   162.10 6.2689e-21    162.55 0 
   165.87 8.5006e-21    166.34 0 
   170.13 1.1159e-20    170.61 0 
   172.89 1.3711e-20    173.38 0 
   176.92 1.7672e-20    177.42 0 
   180.21 2.1263e-20    180.72 0 
   181.87 2.4005e-20    182.39 0 
   186.11 3.0371e-20    186.64 0 
   190.88 4.0227e-20    191.43 0 
   193.99 4.7633e-20    194.54 0 
   198.05 5.8493e-20    198.61 0 
   202.20 7.1991e-20    202.77 0 
   205.01 8.3507e-20    205.59 0 
   209.78 1.0111e-19    210.38 0 
   216.16 1.3884e-19    216.77 0 
   220.18 1.6623e-19    220.80 0 
   223.24 1.8625e-19    223.87 0 
   226.87 2.2150e-19    227.51 0 
   230.02 3.7046e-19    230.67 0 
   233.76 6.9983e-19    234.42 0 
   239.76 1.0418e-18    240.44 0 
   245.91 1.1576e-18    246.60 0 
   252.21 1.4431e-18    252.93 0 
   256.90 1.3657e-18    257.63 0 
   259.88 1.7130e-18    260.62 0 
   264.10 1.9765e-18    264.85 0 
   269.01 2.2126e-18    269.77 0 
   274.01 2.4598e-18    274.79 0 
   279.11 2.7344e-18    279.90 0 
   284.30 3.0256e-18    285.10 0 
   290.25 3.2404e-18    291.07 0 
   296.33 3.6929e-18    297.17 0 
   301.14 3.9938e-18    302.00 0 
   308.16 4.5809e-18    309.03 0 
   318.25 5.5321e-18    319.15 0 
   327.92 6.4403e-18    328.85 0 
   337.89 7.3936e-18    338.84 0 
   348.15 8.3896e-18    349.14 0 
   357.08 9.3733e-18    358.10 0 
   366.24 1.0519e-17    367.28 0 
   374.77 1.1567e-17    375.84 0 
   385.27 1.2389e-17    386.37 0 
   395.16 1.4157e-17    396.28 0 
   405.29 1.5734e-17    406.44 0 
   413.78 1.6946e-17    414.95 0 
   422.45 1.7833e-17    423.64 0 
   430.30 1.8862e-17    431.52 0 
   441.34 2.0665e-17    442.59 0 
   450.58 2.1993e-17    451.86 0 
   460.01 2.3029e-17    461.32 0 
   469.65 2.4446e-17    470.98 0 
   479.48 2.6248e-17    480.84 0 
   489.52 2.7036e-17    490.91 0 
   499.77 2.9157e-17    501.19 0 
   505.56 2.9342e-17    506.99 0 
   511.41 3.2376e-17    512.86 0 
   519.72 3.3529e-17    521.19 0 
   530.60 3.4519e-17    532.11 0 
   540.47 3.4746e-17    542.00 0 
   550.52 3.6200e-17    552.08 0 
   559.46 3.9241e-17    561.05 0 
   569.86 4.2117e-17    571.48 0 
   580.46 4.2965e-17    582.10 0 
   589.89 4.5188e-17    591.56 0 
   599.47 4.4658e-17    601.17 0 
   610.62 4.1727e-17    612.35 0 
   620.54 5.0257e-17    622.30 0 
   630.62 5.1279e-17    632.41 0 
   639.40 5.3699e-17    641.21 0 
   649.79 5.5033e-17    651.63 0 
   657.31 5.5325e-17    659.17 0 
   664.92 5.8236e-17    666.81 0 
   675.73 6.0220e-17    677.64 0 
   685.13 5.8559e-17    687.07 0 
   694.66 6.4925e-17    696.63 0 
   704.32 6.1972e-17    706.32 0 
   715.76 6.9432e-17    717.79 0 
   725.72 7.1328e-17    727.78 0 
   735.82 7.3100e-17    737.90 0 
   744.34 7.5672e-17    746.45 0 
   754.69 7.8077e-17    756.83 0 
   765.19 7.4656e-17    767.36 0 
   775.84 8.3669e-17    778.04 0 
   784.82 8.4615e-17    787.05 0 
   795.74 8.8688e-17    797.99 0 
   804.95 9.1766e-17    807.24 0 
   814.27 9.4289e-17    816.58 0 
   825.60 9.9256e-17    827.94 0 
   835.16 8.6590e-17    837.53 0 
   844.83 1.0307e-16    847.23 0 
   854.62 1.0490e-16    857.04 0 
   864.51 1.1051e-16    866.96 0 
   874.52 1.1587e-16    877.00 0 
   884.65 1.2260e-16    887.16 0 
   894.89 1.2735e-16    897.43 0 
   905.25 1.2689e-16    907.82 0 
   915.74 1.8024e-16    918.33 0 
   924.21 1.0087e-15    926.83 0 
   934.91 2.1633e-15    937.56 0 
   945.74 4.1727e-15    948.42 0 
   954.49 6.2407e-15    957.19 0 
   965.54 6.4337e-15    968.28 0 
   974.47 9.6653e-16    977.24 0 
   985.76 4.5853e-15    988.55 0 
   994.88 5.6501e-15    997.70 0 
  1004.09 9.6320e-15   1006.93 0 
  1015.71 9.8344e-15   1018.59 0 
  1025.11 4.5221e-15   1028.02 0 
  1034.60 6.3373e-15   1037.53 0 
  1044.17 1.4042e-14   1047.13 0 
  1053.83 1.3961e-14   1056.82 0 
  1066.03 1.0110e-14   1069.05 0 
  1075.90 1.2918e-14   1078.95 0 
  1085.85 9.4314e-15   1088.93 0 
  1095.90 1.4221e-14   1099.01 0 
  1106.04 1.3748e-14   1109.18 0 
  1116.27 1.2869e-14   1119.44 0 
  1124.01 1.1337e-14   1127.20 0 
  1134.41 1.6096e-14   1137.63 0 
  1144.91 1.4451e-14   1148.15 0 
  1155.50 1.5997e-14   1158.78 0 
  1166.19 1.6564e-14   1169.50 0 
  1174.28 1.0470e-14   1177.61 0 
  1185.14 1.6331e-14   1188.50 0 
  1196.11 9.9313e-15   1199.50 0 
  1204.40 6.3934e-15   1207.81 0 
  1215.54 5.4533e-15   1218.99 0 
  1223.97 1.1490e-14   1227.44 0 
  1235.29 1.8975e-14   1238.80 0 
  1243.86 2.1125e-14   1247.38 0 
  1255.37 1.9705e-14   1258.93 0 
  1264.07 1.6411e-14   1267.65 0 
  1275.76 2.3005e-14   1279.38 0 
  1284.61 2.4678e-14   1288.25 0 
  1293.51 1.7570e-14   1297.18 0 
  1305.48 1.7392e-14   1309.18 0 
  1314.53 2.4030e-14   1318.26 0 
  1323.64 2.2810e-14   1327.39 0 
  1335.89 1.9080e-14   1339.68 0 
  1345.15 2.4940e-14   1348.96 0 
  1354.47 2.4108e-14   1358.31 0 
  1363.86 2.0769e-14   1367.73 0 
  1376.48 2.2372e-14   1380.38 0 
  1386.02 2.2692e-14   1389.95 0 
  1395.63 1.9499e-14   1399.59 0 
  1405.30 2.0376e-14   1409.29 0 
  1415.05 2.0711e-14   1419.06 0 
  1424.85 2.1890e-14   1428.89 0 
  1434.73 2.1640e-14   1438.80 0 
  1441.35 2.3294e-14   1445.44 0 
  1448.01 2.3890e-14   1452.11 0 
  1454.69 2.2971e-14   1458.81 0 
  1464.77 2.0705e-14   1468.93 0 
  1474.93 2.0891e-14   1479.11 0 
  1485.15 2.1667e-14   1489.36 0 
  1495.45 2.2263e-14   1499.69 0 
  1505.81 2.0670e-14   1510.08 0 
  1512.76 1.7749e-14   1517.05 0 
  1516.25 1.9591e-14   1520.55 0 
  1523.25 1.8701e-14   1527.57 0 
  1533.81 1.5614e-14   1538.15 0 
  1544.44 1.8036e-14   1548.82 0 
  1555.14 1.6932e-14   1559.55 0 
  1565.92 1.7149e-14   1570.36 0 
  1576.78 1.8438e-14   1581.25 0 
  1584.06 1.9877e-14   1588.55 0 
  1595.04 2.0220e-14   1599.56 0 
  1606.09 1.9959e-14   1610.65 0 
  1613.51 2.0263e-14   1618.08 0 
  1624.69 1.8793e-14   1629.30 0 
  1635.95 2.0382e-14   1640.59 0 
  1643.50 2.0783e-14   1648.16 0 
  1654.90 1.8875e-14   1659.59 0 
  1666.37 2.0990e-14   1671.09 0 
  1670.21 1.8018e-14   1674.94 0 
  1677.92 2.0993e-14   1682.67 0 
  1685.66 2.2409e-14   1690.44 0 
  1693.44 2.0785e-14   1698.24 0 
  1705.18 1.9710e-14   1710.02 0 
  1713.05 1.8279e-14   1717.91 0 
  1724.93 1.8189e-14   1729.82 0 
  1736.88 1.9707e-14   1741.81 0 
  1744.90 1.9221e-14   1749.85 0 
  1757.00 2.0821e-14   1761.98 0 
  1765.10 1.8646e-14   1770.11 0 
  1773.25 1.9172e-14   1778.28 0 
  1785.54 1.9599e-14   1790.61 0 
  1793.79 2.1343e-14   1798.87 0 
  1806.22 2.1169e-14   1811.34 0 
  1814.56 1.8995e-14   1819.70 0 
  1822.93 1.9568e-14   1828.10 0 
  1835.57 1.8529e-14   1840.77 0 
  1844.04 1.6699e-14   1849.27 0 
  1856.82 1.6478e-14   1862.09 0 
  1865.39 1.7165e-14   1870.68 0 
  1874.00 1.9203e-14   1879.32 0 
  1886.99 1.7195e-14   1892.34 0 
  1895.70 1.6370e-14   1901.08 0 
  1904.45 1.7565e-14   1909.85 0 
  1913.24 1.6643e-14   1918.67 0 
  1926.51 1.6332e-14   1931.97 0 
  1935.40 1.6925e-14   1940.89 0 
  1944.33 1.7619e-14   1949.84 0 
  1953.31 1.6270e-14   1958.84 0 
  1966.85 1.8195e-14   1972.42 0 
  1975.92 1.8718e-14   1981.53 0 
  1985.05 1.7440e-14   1990.67 0 
  1994.21 1.6780e-14   1999.86 0 
  2003.41 1.7418e-14   2009.09 0 
  2017.30 1.6414e-14   2023.02 0 
  2026.61 1.7431e-14   2032.36 0 
  2035.97 1.6195e-14   2041.74 0 
  2045.36 1.6997e-14   2051.16 0 
  2054.80 1.6045e-14   2060.63 0 
  2064.29 1.5969e-14   2070.14 0 
  2073.82 1.7304e-14   2079.70 0 
  2078.60 1.6183e-14   2084.49 0 
  2083.39 1.6981e-14   2089.30 0 
  2093.01 1.5840e-14   2098.94 0 
  2102.67 1.5830e-14   2108.63 0 
  2117.24 1.5885e-14   2123.24 0 
  2127.01 1.6054e-14   2133.04 0 
  2136.83 1.4593e-14   2142.89 0 
  2146.70 1.5019e-14   2152.78 0 
  2156.60 1.5634e-14   2162.72 0 
  2166.56 1.4978e-14   2172.70 0 
  2176.56 1.4750e-14   2182.73 0 
  2186.61 1.4291e-14   2192.81 0 
  2196.70 1.5006e-14   2202.93 0 
  2206.84 1.4435e-14   2213.09 0 
  2217.02 1.3474e-14   2223.31 0 
  2227.26 1.2868e-14   2233.57 0 
  2237.54 1.3819e-14   2243.88 0 
  2242.70 1.3120e-14   2249.05 0 
  2253.05 1.2297e-14   2259.44 0 
  2263.45 1.2606e-14   2269.86 0 
  2273.90 1.2891e-14   2280.34 0 
  2284.39 1.3211e-14   2290.87 0 
  2294.94 1.2290e-14   2301.44 0 
  2305.53 1.2112e-14   2312.07 0 
  2316.17 1.1433e-14   2322.74 0 
  2326.86 8.4942e-15   2333.46 0 
  2337.60 1.0619e-14   2344.23 0 
  2342.99 1.0377e-14   2349.63 0 
  2353.80 1.1457e-14   2360.48 0 
  2364.67 1.0425e-14   2371.37 0 
  2375.59 1.0891e-14   2382.32 0 
  2386.55 1.0117e-14   2393.32 0 
  2397.57 1.1043e-14   2404.36 0 
  2403.09 1.0546e-14   2409.91 0 
  2414.19 1.0992e-14   2421.03 0 
  2425.33 1.1861e-14   2432.20 0 
  2436.52 1.1432e-14   2443.43 0 
  2447.77 1.2335e-14   2454.71 0 
  2453.41 1.2223e-14   2460.37 0 
  2464.74 1.2196e-14   2471.72 0 
  2476.11 1.1755e-14   2483.13 0 
  2487.54 1.2198e-14   2494.60 0 
  2493.28 1.1516e-14   2500.35 0 
  2504.79 1.3102e-14   2511.89 0 
  2510.56 1.1492e-14   2517.68 0 
  2516.35 1.1979e-14   2523.48 0 
  2522.15 1.1414e-14   2529.30 0 
  2533.79 1.1762e-14   2540.97 0 
  2545.49 1.1549e-14   2552.70 0 
  2557.23 1.2783e-14   2564.48 0 
  2563.13 1.2378e-14   2570.40 0 
  2574.96 1.3389e-14   2582.26 0 
  2586.85 1.3238e-14   2594.18 0 
  2592.81 1.3088e-14   2600.16 0 
  2604.78 1.2675e-14   2612.16 0 
  2616.80 1.2562e-14   2624.22 0 
  2622.83 1.3338e-14   2630.27 0 
  2634.94 1.4164e-14   2642.41 0 
  2647.10 1.5678e-14   2654.61 0 
  2653.20 1.6533e-14   2660.72 0 
  2665.45 1.4436e-14   2673.01 0 
  2677.75 1.5437e-14   2685.34 0 
  2683.93 1.5582e-14   2691.54 0 
  2696.31 1.4715e-14   2703.96 0 
  2702.53 1.5482e-14   2710.19 0 
  2715.00 1.4519e-14   2722.70 0 
  2727.54 1.4391e-14   2735.27 0 
  2733.82 1.5387e-14   2741.57 0 
  2746.44 1.3131e-14   2754.23 0 
  2752.77 1.3594e-14   2760.58 0 
  2765.48 1.4405e-14   2773.32 0 
  2771.86 1.5261e-14   2779.71 0 
  2784.65 1.4313e-14   2792.54 0 
  2797.50 1.1400e-14   2805.43 0 
  2803.95 1.2387e-14   2811.90 0 
  2816.89 1.5458e-14   2824.88 0 
  2823.39 1.6605e-14   2831.39 0 
  2836.42 1.5937e-14   2844.46 0 
  2842.96 1.5258e-14   2851.02 0 
  2856.08 1.4611e-14   2864.18 0 
  2862.66 1.6779e-14   2870.78 0 
  2875.88 1.7456e-14   2884.03 0 
  2882.51 1.7300e-14   2890.68 0 
  2895.81 1.7752e-14   2904.02 0 
  2909.18 2.0251e-14   2917.43 0 
  2929.34 1.9398e-14   2937.65 0 
  2949.65 1.9102e-14   2958.01 0 
  2970.10 1.9788e-14   2978.52 0 
  2990.68 2.0079e-14   2999.16 0 
  3011.41 2.0468e-14   3019.95 0 
  3032.29 2.1011e-14   3040.89 0 
  3053.31 2.1272e-14   3061.96 0 
  3067.40 2.2135e-14   3076.10 0 
  3088.66 2.2411e-14   3097.42 0 
  3110.07 2.3543e-14   3118.89 0 
  3131.63 2.3082e-14   3140.51 0 
  3153.34 2.3588e-14   3162.28 0 
  3167.89 2.4321e-14   3176.87 0 
  3189.85 2.2720e-14   3198.90 0 
  3211.96 2.4203e-14   3221.07 0 
  3226.79 2.2655e-14   3235.94 0 
  3249.16 2.6099e-14   3258.37 0 
  3271.68 2.8256e-14   3280.95 0 
  3286.78 2.8212e-14   3296.10 0 
  3309.56 2.7921e-14   3318.94 0 
  3324.84 2.7750e-14   3334.26 0 
  3332.50 2.8670e-14   3341.95 0 
  3340.19 2.6644e-14   3349.66 0 
  3347.88 3.0745e-14   3357.38 0 
  3355.60 2.9238e-14   3365.12 0 
  3363.34 2.4217e-14   3372.87 0 
  3371.09 2.5194e-14   3380.65 0 
  3378.86 2.8939e-14   3388.44 0 
  3386.65 2.9218e-14   3396.25 0 
  3394.46 2.9096e-14   3404.08 0 
  3402.28 3.2585e-14   3411.93 0 
  3410.13 2.8589e-14   3419.79 0 
  3417.99 2.8014e-14   3427.68 0 
  3425.87 3.0872e-14   3435.58 0 
  3433.76 3.3323e-14   3443.50 0 
  3441.68 2.9644e-14   3451.44 0 
  3449.61 2.8716e-14   3459.39 0 
  3457.57 3.0152e-14   3467.37 0 
  3465.54 2.8478e-14   3475.36 0 
  3473.53 3.1967e-14   3483.37 0 
  3481.53 2.9641e-14   3491.40 0 
  3489.56 3.1629e-14   3499.45 0 
  3497.60 2.9873e-14   3507.52 0 
  3505.67 3.3149e-14   3515.60 0 
  3513.75 3.0808e-14   3523.71 0 
  3521.85 3.4188e-14   3531.83 0 
  3529.97 2.8778e-14   3539.97 0 
  3538.10 3.3905e-14   3548.13 0 
  3546.26 3.4791e-14   3556.31 0 
  3554.43 3.4851e-14   3564.51 0 
  3562.63 3.3368e-14   3572.73 0 
  3570.84 2.9885e-14   3580.96 0 
  3579.07 3.0731e-14   3589.22 0 
  3587.32 2.6527e-14   3597.49 0 
  3595.59 3.1902e-14   3605.79 0 
  3603.88 3.5970e-14   3614.10 0 
  3612.19 2.9584e-14   3622.43 0 
  3620.52 3.2373e-14   3630.78 0 
  3628.86 3.7958e-14   3639.15 0 
  3637.23 3.3299e-14   3647.54 0 
  3645.61 3.6945e-14   3655.95 0 
  3654.02 3.4489e-14   3664.37 0 
  3658.67 4.0878e-14   3669.04 1 
  3661.41 4.0991e-14   3671.79 1 
  3664.15 3.6141e-14   3674.54 1 
  3666.89 4.6212e-14   3677.29 1 
  3669.64 2.6892e-14   3680.04 1 
  3672.38 4.7757e-14   3682.79 1 
  3675.12 2.2158e-14   3685.54 1 
  3677.86 4.1857e-14   3688.29 1 
  3680.61 3.3750e-14   3691.04 1 
  3683.35 4.6998e-14   3693.79 1 
  3686.09 3.3689e-14   3696.54 1 
  3688.83 4.5139e-14   3699.29 1 
  3691.57 5.6703e-14   3702.04 1 
  3694.32 7.0861e-15   3704.79 1 
  3697.06 2.3314e-14   3707.54 1 
  3699.80 1.2772e-14   3710.29 1 
  3702.54 1.9179e-14   3713.04 1 
  3705.29 1.8659e-14   3715.79 1 
  3708.03 4.1849e-14   3718.54 1 
  3710.77 2.5088e-14   3721.29 1 
  3713.51 4.5131e-14   3724.04 1 
  3716.25 2.1187e-14   3726.79 1 
  3719.00 4.5279e-14   3729.54 1 
  3721.74 3.1794e-14   3732.29 1 
  3724.48 7.1552e-14   3735.04 1 
  3727.22 6.8108e-14   3737.79 1 
  3729.97 7.1598e-14   3740.54 1 
  3732.71 8.2198e-14   3743.29 1 
  3735.45 3.5814e-14   3746.04 1 
  3738.19 3.4360e-14   3748.79 1 
  3740.93 3.0818e-14   3751.54 1 
  3743.68 5.6759e-14   3754.29 1 
  3746.42 1.7057e-14   3757.04 1 
  3749.16 2.7957e-14   3759.79 1 
  3751.90 4.0235e-14   3762.54 1 
  3754.65 3.8822e-14   3765.29 1 
  3757.39 4.7455e-14   3768.04 1 
  3760.13 4.3687e-14   3770.79 1 
  3762.87 4.2351e-14   3773.54 1 
  3765.61 3.5605e-14   3776.29 1 
  3768.36 3.9542e-14   3779.04 1 
  3771.10 1.7951e-14   3781.79 1 
  3773.84 3.1578e-14   3784.54 1 
  3776.58 3.4120e-14   3787.29 1 
  3779.33 3.8809e-14   3790.04 1 
  3782.07 5.6219e-14   3792.79 1 
  3784.81 4.2824e-14   3795.54 1 
  3787.55 4.9874e-14   3798.29 1 
  3790.29 5.2183e-14   3801.04 1 
  3793.04 4.7278e-14   3803.79 1 
  3795.78 5.4632e-14   3806.54 1 
  3798.52 4.2789e-14   3809.29 1 
  3801.26 4.2890e-14   3812.04 1 
  3804.01 2.9177e-14   3814.79 1 
  3806.75 5.0751e-14   3817.54 1 
  3809.49 3.9467e-14   3820.29 1 
  3812.23 5.7081e-14   3823.04 1 
  3814.97 5.5884e-14   3825.79 1 
  3817.72 5.4897e-14   3828.54 1 
  3820.46 5.1359e-14   3831.29 1 
  3823.20 4.3206e-14   3834.04 1 
  3825.94 3.7560e-14   3836.79 1 
  3828.69 3.7525e-14   3839.54 1 
  3831.43 3.5105e-14   3842.29 1 
  3834.17 3.4648e-14   3845.04 1 
  3836.91 4.3088e-14   3847.79 1 
  3839.65 4.1440e-14   3850.54 1 
  3842.40 3.1797e-14   3853.29 1 
  3845.14 4.5077e-14   3856.04 1 
  3847.88 4.6700e-14   3858.79 1 
  3850.62 4.8308e-14   3861.54 1 
  3853.37 4.7179e-14   3864.29 1 
  3856.11 5.0568e-14   3867.04 1 
  3858.85 3.6295e-14   3869.79 1 
  3861.59 4.1373e-14   3872.54 1 
  3864.33 6.0001e-14   3875.29 1 
  3867.08 5.3636e-14   3878.04 1 
  3869.82 5.4376e-14   3880.79 1 
  3872.56 4.5495e-14   3883.54 1 
  3875.30 4.9937e-14   3886.29 1 
  3878.05 5.3879e-14   3889.04 1 
  3880.79 4.6910e-14   3891.79 1 
  3883.53 3.9549e-14   3894.54 1 
  3886.27 3.5932e-14   3897.29 1 
  3889.01 3.9026e-14   3900.04 1 
  3891.76 4.6287e-14   3902.79 1 
  3894.50 4.8969e-14   3905.54 1 
  3897.24 5.5364e-14   3908.29 1 
  3899.98 4.0786e-14   3911.04 1 
  3902.73 5.5073e-14   3913.79 1 
  3905.47 4.7746e-14   3916.54 1 
  3908.21 5.2316e-14   3919.29 1 
  3910.95 5.2974e-14   3922.04 1 
  3913.69 6.5034e-14   3924.79 1 
  3916.44 6.5518e-14   3927.54 1 
  3919.18 3.9307e-14   3930.29 1 
  3921.92 4.8756e-14   3933.04 1 
  3924.66 5.2448e-14   3935.79 1 
  3927.41 3.7862e-14   3938.54 1 
  3930.15 4.7239e-14   3941.29 1 
  3932.89 3.5486e-14   3944.04 1 
  3935.63 3.6887e-14   3946.79 1 
  3938.37 4.5757e-14   3949.54 1 
  3941.12 4.6056e-14   3952.29 1 
  3943.86 4.6427e-14   3955.04 1 
  3946.60 4.3383e-14   3957.79 1 
  3949.34 5.6718e-14   3960.54 1 
  3952.09 5.4778e-14   3963.29 1 
  3954.83 4.6825e-14   3966.04 1 
  3957.57 4.9351e-14   3968.79 1 
  3960.31 5.4201e-14   3971.54 1 
  3963.05 4.6130e-14   3974.29 1 
  3965.80 4.0929e-14   3977.04 1 
  3968.54 2.6274e-14   3979.79 1 
  3971.28 2.6482e-14   3982.54 1 
  3974.02 3.6226e-14   3985.29 1 
  3976.77 3.3043e-14   3988.04 1 
  3979.51 4.1744e-14   3990.79 1 
  3982.25 4.3983e-14   3993.54 1 
  3984.99 4.8073e-14   3996.29 1 
  3987.73 5.2339e-14   3999.04 1 
  3990.48 6.1502e-14   4001.79 1 
  3993.22 6.6959e-14   4004.54 1 
  3995.96 6.0579e-14   4007.29 1 
  3998.70 6.8380e-14   4010.04 1 
  4001.45 6.2140e-14   4012.79 1 
  4004.19 5.3188e-14   4015.54 1 
  4006.93 5.6237e-14   4018.29 1 
  4009.67 7.2265e-14   4021.04 1 
  4012.41 7.0514e-14   4023.79 1 
  4015.16 6.4747e-14   4026.54 1 
  4017.90 7.0220e-14   4029.29 1 
  4020.64 7.7039e-14   4032.04 1 
  4023.38 7.6227e-14   4034.79 1 
  4026.13 6.8813e-14   4037.54 1 
  4028.87 7.0582e-14   4040.29 1 
  4031.61 5.7406e-14   4043.04 1 
  4034.35 5.5893e-14   4045.79 1 
  4037.09 6.0924e-14   4048.54 1 
  4039.84 5.0356e-14   4051.29 1 
  4042.58 5.0441e-14   4054.04 1 
  4045.32 6.2847e-14   4056.79 1 
  4048.06 5.8461e-14   4059.54 1 
  4050.81 5.2314e-14   4062.29 1 
  4053.55 5.1850e-14   4065.04 1 
  4056.29 5.7461e-14   4067.79 1 
  4059.03 5.6361e-14   4070.54 1 
  4061.77 6.3914e-14   4073.29 1 
  4064.52 6.2854e-14   4076.04 1 
  4067.26 6.7375e-14   4078.79 1 
  4070.00 6.7765e-14   4081.54 1 
  4072.74 6.6614e-14   4084.29 1 
  4075.49 6.0276e-14   4087.04 1 
  4078.23 5.6223e-14   4089.79 1 
  4080.97 6.0460e-14   4092.54 1 
  4083.71 6.0389e-14   4095.29 1 
  4086.45 6.5284e-14   4098.04 1 
  4089.20 5.9904e-14   4100.79 1 
  4091.94 5.9622e-14   4103.54 1 
  4094.68 6.0161e-14   4106.29 1 
  4097.42 5.4306e-14   4109.04 1 
  4100.17 4.7957e-14   4111.79 1 
  4102.91 4.0777e-14   4114.54 1 
  4105.65 5.5597e-14   4117.29 1 
  4108.39 5.5226e-14   4120.04 1 
  4111.13 5.2409e-14   4122.79 1 
  4113.88 5.2743e-14   4125.54 1 
  4116.62 5.6194e-14   4128.29 1 
  4119.36 5.8704e-14   4131.04 1 
  4122.10 6.0847e-14   4133.79 1 
  4124.85 6.3893e-14   4136.54 1 
  4127.59 6.2462e-14   4139.29 1 
  4130.33 6.0143e-14   4142.04 1 
  4133.07 6.3277e-14   4144.79 1 
  4135.82 6.1852e-14   4147.54 1 
  4138.56 6.1541e-14   4150.29 1 
  4141.30 6.6577e-14   4153.04 1 
  4144.04 7.0907e-14   4155.79 1 
  4146.78 6.0559e-14   4158.54 1 
  4149.53 5.4775e-14   4161.29 1 
  4152.27 5.0175e-14   4164.04 1 
  4155.01 4.7808e-14   4166.79 1 
  4157.75 4.7598e-14   4169.54 1 
  4160.50 5.7478e-14   4172.29 1 
  4163.24 5.9766e-14   4175.04 1 
  4165.98 6.6840e-14   4177.79 1 
  4168.72 6.8513e-14   4180.54 1 
  4171.46 6.2108e-14   4183.29 1 
  4174.21 5.5171e-14   4186.04 1 
  4176.95 5.5063e-14   4188.79 1 
  4179.69 5.6159e-14   4191.54 1 
  4182.43 6.1207e-14   4194.29 1 
  4185.18 5.5570e-14   4197.04 1 
  4187.92 6.9189e-14   4199.79 1 
  4190.66 7.3476e-14   4202.54 1 
  4193.40 6.9463e-14   4205.29 1 
  4196.14 6.9523e-14   4208.04 1 
  4198.89 6.5279e-14   4210.79 1 
  4201.63 6.6007e-14   4213.54 1 
  4204.37 6.4511e-14   4216.29 1 
  4207.11 6.9620e-14   4219.04 1 
  4209.86 6.4665e-14   4221.79 1 
  4212.60 6.9162e-14   4224.54 1 
  4215.34 6.1710e-14   4227.29 1 
  4218.08 7.0132e-14   4230.04 1 
  4220.82 6.9582e-14   4232.79 1 
  4223.57 6.3649e-14   4235.54 1 
  4226.31 5.9544e-14   4238.29 1 
  4229.05 5.8410e-14   4241.04 1 
  4231.79 6.4173e-14   4243.79 1 
  4234.54 6.6075e-14   4246.54 1 
  4237.28 6.1311e-14   4249.29 1 
  4240.02 6.9337e-14   4252.04 1 
  4242.76 6.1205e-14   4254.79 1 
  4245.50 6.2608e-14   4257.54 1 
  4248.25 6.4415e-14   4260.29 1 
  4250.99 5.7631e-14   4263.04 1 
  4253.73 6.3871e-14   4265.79 1 
  4256.47 5.6872e-14   4268.54 1 
  4259.22 6.0626e-14   4271.29 1 
  4261.96 6.1715e-14   4274.04 1 
  4264.70 7.4009e-14   4276.79 1 
  4267.44 6.9079e-14   4279.54 1 
  4270.18 6.8835e-14   4282.29 1 
  4272.93 6.9535e-14   4285.04 1 
  4275.67 6.1907e-14   4287.79 1 
  4278.41 6.5392e-14   4290.54 1 
  4281.15 5.9758e-14   4293.29 1 
  4283.90 6.6976e-14   4296.04 1 
  4286.64 6.1696e-14   4298.79 1 
  4289.38 6.7276e-14   4301.54 1 
  4292.12 6.1386e-14   4304.29 1 
  4294.86 5.4649e-14   4307.04 1 
  4297.61 5.4356e-14   4309.79 1 
  4300.35 5.3887e-14   4312.54 1 
  4303.09 5.1348e-14   4315.29 1 
  4305.83 4.1407e-14   4318.04 1 
  4308.58 5.2599e-14   4320.79 1 
  4311.32 5.9397e-14   4323.54 1 
  4314.06 5.4978e-14   4326.29 1 
  4316.80 5.5036e-14   4329.04 1 
  4319.54 6.5453e-14   4331.79 1 
  4322.29 7.4700e-14   4334.54 1 
  4325.03 6.3241e-14   4337.29 1 
  4327.77 6.0733e-14   4340.04 1 
  4330.51 5.9101e-14   4342.79 1 
  4333.26 6.7375e-14   4345.54 1 
  4336.00 6.3761e-14   4348.29 1 
  4338.74 6.5997e-14   4351.04 1 
  4341.48 5.7012e-14   4353.79 1 
  4344.22 4.4940e-14   4356.54 1 
  4346.97 5.4303e-14   4359.29 1 
  4349.71 6.5115e-14   4362.04 1 
  4352.45 6.2450e-14   4364.79 1 
  4355.19 5.7390e-14   4367.54 1 
  4357.94 6.5443e-14   4370.29 1 
  4360.68 6.9390e-14   4373.04 1 
  4363.42 5.9819e-14   4375.79 1 
  4366.16 7.0867e-14   4378.54 1 
  4368.90 6.5872e-14   4381.29 1 
  4371.65 7.0722e-14   4384.04 1 
  4374.39 7.3205e-14   4386.79 1 
  4377.13 6.9050e-14   4389.54 1 
  4379.87 6.7999e-14   4392.29 1 
  4382.62 5.8534e-14   4395.04 1 
  4385.36 6.2046e-14   4397.79 1 
  4388.10 6.5892e-14   4400.54 1 
  4390.84 6.8512e-14   4403.29 1 
  4393.58 7.2377e-14   4406.04 1 
  4396.33 6.4095e-14   4408.79 1 
  4399.07 6.9991e-14   4411.54 1 
  4401.81 6.5300e-14   4414.29 1 
  4404.55 6.8642e-14   4417.04 1 
  4407.30 6.8527e-14   4419.79 1 
  4410.04 6.7317e-14   4422.54 1 
  4412.78 6.7179e-14   4425.29 1 
  4415.52 7.0219e-14   4428.04 1 
  4418.26 6.2555e-14   4430.79 1 
  4421.01 6.2460e-14   4433.54 1 
  4423.75 6.6923e-14   4436.29 1 
  4426.49 7.2693e-14   4439.04 1 
  4429.23 6.8052e-14   4441.79 1 
  4431.98 6.4781e-14   4444.54 1 
  4434.72 7.2481e-14   4447.29 1 
  4437.46 7.3167e-14   4450.04 1 
  4440.20 6.7055e-14   4452.79 1 
  4442.94 7.2562e-14   4455.54 1 
  4445.69 7.1831e-14   4458.29 1 
  4448.43 7.2156e-14   4461.04 1 
  4451.17 6.4865e-14   4463.79 1 
  4453.91 6.8727e-14   4466.54 1 
  4456.66 6.6708e-14   4469.29 1 
  4459.40 7.1861e-14   4472.04 1 
  4462.14 7.2630e-14   4474.79 1 
  4464.88 7.1659e-14   4477.54 1 
  4467.62 7.4623e-14   4480.29 1 
  4470.37 7.1634e-14   4483.04 1 
  4473.11 7.6400e-14   4485.79 1 
  4475.85 7.4953e-14   4488.54 1 
  4478.59 8.2838e-14   4491.29 1 
  4481.34 7.9570e-14   4494.04 1 
  4484.08 7.4928e-14   4496.79 1 
  4486.82 7.8439e-14   4499.54 1 
  4489.56 7.4470e-14   4502.29 1 
  4492.30 7.5430e-14   4505.04 1 
  4495.05 7.4737e-14   4507.79 1 
  4497.79 7.8525e-14   4510.54 1 
  4500.53 8.5459e-14   4513.29 1 
  4503.27 8.2642e-14   4516.04 1 
  4506.02 7.8528e-14   4518.79 1 
  4508.76 8.5113e-14   4521.54 1 
  4511.50 7.9631e-14   4524.29 1 
  4514.24 7.9832e-14   4527.04 1 
  4516.98 8.0226e-14   4529.79 1 
  4519.73 8.6163e-14   4532.54 1 
  4522.47 8.1052e-14   4535.29 1 
  4525.21 8.0172e-14   4538.04 1 
  4527.95 7.6274e-14   4540.79 1 
  4530.70 7.7210e-14   4543.54 1 
  4533.44 7.7968e-14   4546.29 1 
  4536.18 7.1731e-14   4549.04 1 
  4538.92 7.3561e-14   4551.79 1 
  4541.66 8.5015e-14   4554.54 1 
  4544.41 8.2879e-14   4557.29 1 
  4547.15 7.8308e-14   4560.04 1 
  4549.89 7.8372e-14   4562.79 1 
  4552.63 7.9780e-14   4565.54 1 
  4555.38 7.2335e-14   4568.29 1 
  4558.12 7.1342e-14   4571.04 1 
  4560.86 7.9627e-14   4573.79 1 
  4563.60 8.8179e-14   4576.54 1 
  4566.34 8.3372e-14   4579.29 1 
  4569.09 8.6631e-14   4582.04 1 
  4571.83 7.8933e-14   4584.79 1 
  4574.57 8.0119e-14   4587.54 1 
  4577.31 7.7558e-14   4590.29 1 
  4580.06 8.0780e-14   4593.04 1 
  4582.80 8.4069e-14   4595.79 1 
  4585.54 7.9954e-14   4598.54 1 
  4588.28 7.9085e-14   4601.29 1 
  4591.02 7.9631e-14   4604.04 1 
  4593.77 7.6565e-14   4606.79 1 
  4596.51 7.3516e-14   4609.54 1 
  4599.25 7.1941e-14   4612.29 1 
  4601.99 7.1373e-14   4615.04 1 
  4604.74 7.3582e-14   4617.79 1 
  4607.48 8.3047e-14   4620.54 1 
  4610.22 8.5716e-14   4623.29 1 
  4612.96 8.1507e-14   4626.04 1 
  4615.70 8.2763e-14   4628.79 1 
  4618.45 8.3978e-14   4631.54 1 
  4621.19 8.8132e-14   4634.29 1 
  4623.93 8.2002e-14   4637.04 1 
  4626.67 8.6289e-14   4639.79 1 
  4629.42 8.7504e-14   4642.54 1 
  4632.16 8.3462e-14   4645.29 1 
  4634.90 8.4262e-14   4648.04 1 
  4637.64 8.5987e-14   4650.79 1 
  4640.38 8.9120e-14   4653.54 1 
  4643.13 8.4135e-14   4656.29 1 
  4645.87 7.5335e-14   4659.04 1 
  4648.61 7.9486e-14   4661.79 1 
  4651.35 8.1039e-14   4664.54 1 
  4654.10 8.7106e-14   4667.29 1 
  4656.84 8.7204e-14   4670.04 1 
  4659.58 8.4267e-14   4672.79 1 
  4662.32 8.2195e-14   4675.54 1 
  4665.06 7.4836e-14   4678.29 1 
  4667.81 7.6487e-14   4681.04 1 
  4670.55 8.2439e-14   4683.79 1 
  4673.29 7.6869e-14   4686.54 1 
  4676.03 8.0850e-14   4689.29 1 
  4678.78 8.1445e-14   4692.04 1 
  4681.52 8.6848e-14   4694.79 1 
  4684.26 8.8570e-14   4697.54 1 
  4687.00 8.6342e-14   4700.29 1 
  4689.74 8.4613e-14   4703.04 1 
  4692.49 8.3119e-14   4705.79 1 
  4695.23 8.0551e-14   4708.54 1 
  4697.97 8.0897e-14   4711.29 1 
  4700.71 8.8454e-14   4714.04 1 
  4703.46 8.2640e-14   4716.79 1 
  4706.20 8.1079e-14   4719.54 1 
  4708.94 8.3562e-14   4722.29 1 
  4711.68 8.2558e-14   4725.04 1 
  4714.42 8.2450e-14   4727.79 1 
  4717.17 7.7815e-14   4730.54 1 
  4719.91 7.7003e-14   4733.29 1 
  4722.65 8.2764e-14   4736.04 1 
  4725.39 8.5451e-14   4738.79 1 
  4728.14 9.0183e-14   4741.54 1 
  4730.88 8.4328e-14   4744.29 1 
  4733.62 8.6435e-14   4747.04 1 
  4736.36 7.9533e-14   4749.79 1 
  4739.10 8.0930e-14   4752.54 1 
  4741.85 8.1290e-14   4755.29 1 
  4744.59 8.0752e-14   4758.04 1 
  4747.33 8.1781e-14   4760.79 1 
  4750.07 8.3040e-14   4763.54 1 
  4752.82 8.5886e-14   4766.29 1 
  4755.56 8.3728e-14   4769.04 1 
  4758.30 8.2165e-14   4771.79 1 
  4761.04 8.3437e-14   4774.54 1 
  4763.78 8.0031e-14   4777.29 1 
  4766.53 7.5604e-14   4780.04 1 
  4769.27 7.7503e-14   4782.79 1 
  4772.01 7.9002e-14   4785.54 1 
  4774.75 8.4523e-14   4788.29 1 
  4777.50 8.0736e-14   4791.04 1 
  4780.24 8.1588e-14   4793.79 1 
  4782.98 8.1543e-14   4796.54 1 
  4785.72 7.9010e-14   4799.29 1 
  4788.46 8.6082e-14   4802.04 1 
  4791.21 8.6611e-14   4804.79 1 
  4793.95 7.8728e-14   4807.54 1 
  4796.69 8.4791e-14   4810.29 1 
  4799.43 8.7589e-14   4813.04 1 
  4802.18 8.7115e-14   4815.79 1 
  4804.92 8.8692e-14   4818.54 1 
  4807.66 8.0992e-14   4821.29 1 
  4810.40 8.1155e-14   4824.04 1 
  4813.14 8.0661e-14   4826.79 1 
  4815.89 8.5270e-14   4829.54 1 
  4818.63 8.4024e-14   4832.29 1 
  4821.37 8.1342e-14   4835.04 1 
  4824.11 8.8495e-14   4837.79 1 
  4826.86 8.7019e-14   4840.54 1 
  4829.60 8.7423e-14   4843.29 1 
  4832.34 8.6636e-14   4846.04 1 
  4835.08 8.7649e-14   4848.79 1 
  4837.82 8.4535e-14   4851.54 1 
  4840.57 8.0486e-14   4854.29 1 
  4843.31 8.5959e-14   4857.04 1 
  4846.05 8.4132e-14   4859.79 1 
  4848.79 7.5994e-14   4862.54 1 
  4851.54 7.9120e-14   4865.29 1 
  4854.28 7.5086e-14   4868.04 1 
  4857.02 7.5470e-14   4870.79 1 
  4859.76 8.7732e-14   4873.54 1 
  4862.50 8.8356e-14   4876.29 1 
  4865.25 8.4994e-14   4879.04 1 
  4867.99 8.2041e-14   4881.79 1 
  4870.73 7.1460e-14   4884.54 1 
  4873.47 6.9506e-14   4887.29 1 
  4876.22 7.0717e-14   4890.04 1 
  4878.96 7.2179e-14   4892.79 1 
  4881.70 7.9238e-14   4895.54 1 
  4884.44 8.1569e-14   4898.29 1 
  4887.18 7.6483e-14   4901.04 1 
  4889.93 8.4677e-14   4903.79 1 
  4892.67 8.1675e-14   4906.54 1 
  4895.41 8.7062e-14   4909.29 1 
  4898.15 8.6054e-14   4912.04 1 
  4900.90 8.7438e-14   4914.79 1 
  4903.64 8.7078e-14   4917.54 1 
  4906.38 8.5266e-14   4920.29 1 
  4909.12 8.5919e-14   4923.04 1 
  4911.86 8.5536e-14   4925.79 1 
  4914.61 8.7016e-14   4928.54 1 
  4917.35 8.6881e-14   4931.29 1 
  4920.09 7.8887e-14   4934.04 1 
  4922.83 8.0630e-14   4936.79 1 
  4925.58 8.1832e-14   4939.54 1 
  4928.32 8.1640e-14   4942.29 1 
  4931.06 8.7802e-14   4945.04 1 
  4933.80 8.6465e-14   4947.79 1 
  4936.54 8.7089e-14   4950.54 1 
  4939.29 8.4959e-14   4953.29 1 
  4942.03 8.6034e-14   4956.04 1 
  4944.77 8.3520e-14   4958.79 1 
  4947.51 9.1799e-14   4961.54 1 
  4950.26 8.7897e-14   4964.29 1 
  4953.00 8.9652e-14   4967.04 1 
  4955.74 8.9405e-14   4969.79 1 
  4958.48 9.8039e-14   4972.54 1 
  4961.22 8.9674e-14   4975.29 1 
  4963.97 9.4271e-14   4978.04 1 
  4966.71 9.4222e-14   4980.79 1 
  4969.45 9.2629e-14   4983.54 1 
  4972.19 8.9982e-14   4986.29 1 
  4974.94 8.6205e-14   4989.04 1 
  4977.68 8.7746e-14   4991.79 1 
  4980.42 8.8483e-14   4994.54 1 
  4983.16 8.3825e-14   4997.29 1 
  4985.90 9.0051e-14   5000.04 1 
  4988.65 9.1167e-14   5002.79 1 
  4991.39 8.9971e-14   5005.54 1 
  4994.13 8.3671e-14   5008.29 1 
  4996.87 9.1181e-14   5011.04 1 
  4999.62 8.8045e-14   5013.79 1 
  5002.36 9.2797e-14   5016.54 1 
  5005.10 9.5740e-14   5019.29 1 
  5007.84 9.7802e-14   5022.04 1 
  5010.59 9.9856e-14   5024.79 1 
  5013.33 9.5139e-14   5027.54 1 
  5016.07 8.3536e-14   5030.29 1 
  5018.81 8.5352e-14   5033.04 1 
  5021.55 8.3433e-14   5035.79 1 
  5024.30 8.2196e-14   5038.54 1 
  5027.04 8.4267e-14   5041.29 1 
  5029.78 8.4601e-14   5044.04 1 
  5032.52 8.6007e-14   5046.79 1 
  5035.27 8.2858e-14   5049.54 1 
  5038.01 7.7325e-14   5052.29 1 
  5040.75 8.6164e-14   5055.04 1 
  5043.49 9.1362e-14   5057.79 1 
  5046.23 8.2835e-14   5060.54 1 
  5048.98 9.0111e-14   5063.29 1 
  5051.72 8.9284e-14   5066.04 1 
  5054.46 9.1060e-14   5068.79 1 
  5057.20 8.7838e-14   5071.54 1 
  5059.95 8.6785e-14   5074.29 1 
  5062.69 9.3409e-14   5077.04 1 
  5065.43 8.6984e-14   5079.79 1 
  5068.17 9.1172e-14   5082.54 1 
  5070.91 8.7682e-14   5085.29 1 
  5073.66 8.6350e-14   5088.04 1 
  5076.40 8.5721e-14   5090.79 1 
  5079.14 8.4052e-14   5093.54 1 
  5081.88 8.3151e-14   5096.29 1 
  5084.63 8.3772e-14   5099.04 1 
  5087.37 8.0355e-14   5101.79 1 
  5090.11 8.4656e-14   5104.54 1 
  5092.85 8.8974e-14   5107.29 1 
  5095.59 9.4882e-14   5110.04 1 
  5098.34 8.5107e-14   5112.79 1 
  5101.08 7.8457e-14   5115.54 1 
  5103.82 8.1648e-14   5118.29 1 
  5106.56 8.0412e-14   5121.04 1 
  5109.31 8.3617e-14   5123.79 1 
  5112.05 8.4119e-14   5126.54 1 
  5114.79 8.5537e-14   5129.29 1 
  5117.53 8.9389e-14   5132.04 1 
  5120.27 8.6342e-14   5134.79 1 
  5123.02 9.2580e-14   5137.54 1 
  5125.76 8.5216e-14   5140.29 1 
  5128.50 8.2989e-14   5143.04 1 
  5131.24 8.9080e-14   5145.79 1 
  5133.99 8.8216e-14   5148.54 1 
  5136.73 9.1724e-14   5151.29 1 
  5139.47 8.2601e-14   5154.04 1 
  5142.21 8.7495e-14   5156.79 1 
  5144.95 8.4015e-14   5159.54 1 
  5147.70 8.4741e-14   5162.29 1 
  5150.44 8.7063e-14   5165.04 1 
  5153.18 8.9852e-14   5167.79 1 
  5155.92 8.4137e-14   5170.54 1 
  5158.67 9.1341e-14   5173.29 1 
  5161.41 8.8525e-14   5176.04 1 
  5164.15 8.3578e-14   5178.79 1 
  5166.89 9.0719e-14   5181.54 1 
  5169.63 8.2492e-14   5184.29 1 
  5172.38 7.7268e-14   5187.04 1 
  5175.12 7.3846e-14   5189.79 1 
  5177.86 8.2387e-14   5192.54 1 
  5180.60 8.9773e-14   5195.29 1 
  5183.35 7.8004e-14   5198.04 1 
  5186.09 7.7263e-14   5200.79 1 
  5188.83 8.3825e-14   5203.54 1 
  5191.57 8.9347e-14   5206.29 1 
  5194.31 8.7977e-14   5209.04 1 
  5197.06 9.1792e-14   5211.79 1 
  5199.80 8.9030e-14   5214.54 1 
  5202.54 8.8208e-14   5217.29 1 
  5205.28 8.6368e-14   5220.04 1 
  5208.03 9.1227e-14   5222.79 1 
  5210.77 8.4483e-14   5225.54 1 
  5213.51 8.1927e-14   5228.29 1 
  5216.25 9.0981e-14   5231.04 1 
  5218.99 9.4271e-14   5233.79 1 
  5221.74 9.4072e-14   5236.54 1 
  5224.48 9.1360e-14   5239.29 1 
  5227.22 8.7808e-14   5242.04 1 
  5229.96 8.6486e-14   5244.79 1 
  5232.71 9.3666e-14   5247.54 1 
  5235.45 8.6304e-14   5250.29 1 
  5238.19 9.7854e-14   5253.04 1 
  5240.93 9.5816e-14   5255.79 1 
  5243.67 9.2621e-14   5258.54 1 
  5246.42 9.4320e-14   5261.29 1 
  5249.16 8.8345e-14   5264.04 1 
  5251.90 9.7875e-14   5266.79 1 
  5254.64 8.4820e-14   5269.54 1 
  5257.39 8.6639e-14   5272.29 1 
  5260.13 9.9640e-14   5275.04 1 
  5262.87 9.0182e-14   5277.79 1 
  5265.61 8.3218e-14   5280.54 1 
  5268.35 8.4359e-14   5283.29 1 
  5271.10 8.5324e-14   5286.04 1 
  5273.84 8.5422e-14   5288.79 1 
  5276.58 8.7374e-14   5291.54 1 
  5279.32 8.2962e-14   5294.29 1 
  5282.07 8.9238e-14   5297.04 1 
  5284.81 9.1176e-14   5299.79 1 
  5287.55 9.7834e-14   5302.54 1 
  5290.29 1.0386e-13   5305.29 1 
  5293.03 9.5260e-14   5308.04 1 
  5295.78 9.5459e-14   5310.79 1 
  5298.52 9.4420e-14   5313.54 1 
  5301.26 9.4606e-14   5316.29 1 
  5304.00 9.3848e-14   5319.04 1 
  5306.75 9.7258e-14   5321.79 1 
  5309.49 9.8796e-14   5324.54 1 
  5312.23 8.9976e-14   5327.29 1 
  5314.97 9.7634e-14   5330.04 1 
  5317.71 9.2242e-14   5332.79 1 
  5320.46 9.5961e-14   5335.54 1 
  5323.20 9.7306e-14   5338.29 1 
  5325.94 9.4475e-14   5341.04 1 
  5328.68 9.3349e-14   5343.79 1 
  5331.43 9.7087e-14   5346.54 1 
  5334.17 9.6641e-14   5349.29 1 
  5336.91 9.5878e-14   5352.04 1 
  5339.65 9.3463e-14   5354.79 1 
  5342.39 9.7318e-14   5357.54 1 
  5345.14 9.6766e-14   5360.29 1 
  5347.88 1.0032e-13   5363.04 1 
  5350.62 9.2732e-14   5365.79 1 
  5353.36 1.0333e-13   5368.54 1 
  5356.11 1.0269e-13   5371.29 1 
  5358.85 1.0408e-13   5374.04 1 
  5361.59 1.1078e-13   5376.79 1 
  5364.33 9.5817e-14   5379.54 1 
  5367.07 9.8279e-14   5382.29 1 
  5369.82 9.5907e-14   5385.04 1 
  5372.56 9.6510e-14   5387.79 1 
  5375.30 9.8613e-14   5390.54 1 
  5378.04 1.0014e-13   5393.29 1 
  5380.79 1.0023e-13   5396.04 1 
  5383.53 9.7998e-14   5398.79 1 
  5386.27 1.0339e-13   5401.54 1 
  5389.01 1.0562e-13   5404.29 1 
  5391.75 1.0259e-13   5407.04 1 
  5394.50 9.7653e-14   5409.79 1 
  5397.24 9.4320e-14   5412.54 1 
  5399.98 9.0893e-14   5415.29 1 
  5402.72 9.8091e-14   5418.04 1 
  5405.47 9.6377e-14   5420.79 1 
  5408.21 9.5233e-14   5423.54 1 
  5410.95 9.6672e-14   5426.29 1 
  5413.69 9.6127e-14   5429.04 1 
  5416.43 9.7534e-14   5431.79 1 
  5419.18 1.0551e-13   5434.54 1 
  5421.92 1.0293e-13   5437.29 1 
  5424.66 9.8099e-14   5440.04 1 
  5427.40 9.9714e-14   5442.79 1 
  5430.15 9.3908e-14   5445.54 1 
  5432.89 9.7946e-14   5448.29 1 
  5435.63 9.6580e-14   5451.04 1 
  5438.37 9.6139e-14   5453.79 1 
  5441.11 9.5605e-14   5456.54 1 
  5443.86 1.0390e-13   5459.29 1 
  5446.60 9.6436e-14   5462.04 1 
  5449.34 9.7426e-14   5464.79 1 
  5452.08 9.5607e-14   5467.54 1 
  5454.83 9.2099e-14   5470.29 1 
  5457.57 9.8156e-14   5473.04 1 
  5460.31 9.9067e-14   5475.79 1 
  5463.05 9.7588e-14   5478.54 1 
  5465.79 1.0398e-13   5481.29 1 
  5468.54 9.7779e-14   5484.04 1 
  5471.28 9.6180e-14   5486.79 1 
  5474.02 9.5820e-14   5489.54 1 
  5476.76 1.0075e-13   5492.29 1 
  5479.51 1.0232e-13   5495.04 1 
  5482.25 9.8481e-14   5497.79 1 
  5484.99 1.0237e-13   5500.54 1 
  5487.73 1.0005e-13   5503.29 1 
  5490.47 9.8274e-14   5506.04 1 
  5493.22 9.5464e-14   5508.79 1 
  5495.96 9.8811e-14   5511.54 1 
  5498.70 9.6275e-14   5514.29 1 
  5501.44 1.0318e-13   5517.04 1 
  5504.19 9.9494e-14   5519.79 1 
  5506.93 1.0240e-13   5522.54 1 
  5509.67 9.7498e-14   5525.29 1 
  5512.41 9.5444e-14   5528.04 1 
  5515.15 9.7317e-14   5530.79 1 
  5517.90 9.7213e-14   5533.54 1 
  5520.64 9.3928e-14   5536.29 1 
  5523.38 1.0213e-13   5539.04 1 
  5526.12 1.0454e-13   5541.79 1 
  5528.87 9.9872e-14   5544.54 1 
  5531.61 9.5732e-14   5547.29 1 
  5534.35 9.9867e-14   5550.04 1 
  5537.09 9.7659e-14   5552.79 1 
  5539.83 9.7607e-14   5555.54 1 
  5542.58 1.0220e-13   5558.29 1 
  5545.32 9.8296e-14   5561.04 1 
  5548.06 1.0168e-13   5563.79 1 
  5550.80 1.0363e-13   5566.54 1 
  5553.55 1.0334e-13   5569.29 1 
  5556.29 1.0491e-13   5572.04 1 
  5559.03 1.0554e-13   5574.79 1 
  5561.77 1.0063e-13   5577.54 1 
  5564.51 9.9957e-14   5580.29 1 
  5567.26 9.6144e-14   5583.04 1 
  5570.00 9.9268e-14   5585.79 1 
  5572.74 9.9872e-14   5588.54 1 
  5575.48 1.0186e-13   5591.29 1 
  5578.23 1.0223e-13   5594.04 1 
  5580.97 9.7815e-14   5596.79 1 
  5583.71 1.0329e-13   5599.54 1 
  5586.45 9.5179e-14   5602.29 1 
  5589.19 9.6073e-14   5605.04 1 
  5591.94 1.0085e-13   5607.79 1 
  5594.68 9.6041e-14   5610.54 1 
  5597.42 9.6775e-14   5613.29 1 
  5600.16 1.0261e-13   5616.04 1 
  5602.91 1.0442e-13   5618.79 1 
  5605.65 1.0182e-13   5621.54 1 
  5608.39 1.0183e-13   5624.29 1 
  5611.13 1.0019e-13   5627.04 1 
  5613.87 1.0723e-13   5629.79 1 
  5616.62 1.0926e-13   5632.54 1 
  5619.36 1.0949e-13   5635.29 1 
  5622.10 1.0912e-13   5638.04 1 
  5624.84 1.0999e-13   5640.79 1 
  5627.59 1.0893e-13   5643.54 1 
  5630.33 1.0114e-13   5646.29 1 
  5633.07 9.8987e-14   5649.04 1 
  5635.81 1.0246e-13   5651.79 1 
  5638.55 9.9934e-14   5654.54 1 
  5641.30 1.0132e-13   5657.29 1 
  5644.04 1.0388e-13   5660.04 1 
  5646.78 9.8235e-14   5662.79 1 
  5649.52 9.7838e-14   5665.54 1 
  5652.27 1.0008e-13   5668.29 1 
  5655.01 1.0902e-13   5671.04 1 
  5657.75 9.8195e-14   5673.79 1 
  5660.49 9.4332e-14   5676.54 1 
  5663.23 1.0308e-13   5679.29 1 
  5665.98 1.0192e-13   5682.04 1 
  5668.72 9.7028e-14   5684.79 1 
  5671.46 9.5584e-14   5687.54 1 
  5674.20 9.7601e-14   5690.29 1 
  5676.95 1.0598e-13   5693.04 1 
  5679.69 1.0613e-13   5695.79 1 
  5682.43 9.3259e-14   5698.54 1 
  5685.17 1.0276e-13   5701.29 1 
  5687.91 1.0604e-13   5704.04 1 
  5690.66 9.7562e-14   5706.79 1 
  5693.40 9.8230e-14   5709.54 1 
  5696.14 1.0793e-13   5712.29 1 
  5698.88 1.0102e-13   5715.04 1 
  5701.63 9.7585e-14   5717.79 1 
  5704.37 9.7263e-14   5720.54 1 
  5707.11 9.1433e-14   5723.29 1 
  5709.85 9.8572e-14   5726.04 1 
  5712.59 1.0440e-13   5728.79 1 
  5715.34 1.0270e-13   5731.54 1 
  5718.08 1.0115e-13   5734.29 1 
  5720.82 1.0847e-13   5737.04 1 
  5723.56 1.1223e-13   5739.79 1 
  5726.31 1.1040e-13   5742.54 1 
  5729.05 1.0405e-13   5745.29 1 
  5731.79 1.0161e-13   5748.04 1 
  5734.53 1.0295e-13   5750.79 1 
  5737.27 1.1015e-13   5753.54 1 
  5740.02 1.0780e-13   5756.29 1 
  5742.76 1.0723e-13   5759.04 1 
  5745.50 1.0139e-13   5761.79 1 
  5748.24 1.0392e-13   5764.54 1 
  5750.99 1.0608e-13   5767.29 1 
  5753.73 1.0544e-13   5770.04 1 
  5756.47 9.7884e-14   5772.79 1 
  5759.21 1.0005e-13   5775.54 1 
  5761.95 1.0603e-13   5778.29 1 
  5764.70 1.0968e-13   5781.04 1 
  5767.44 1.0973e-13   5783.79 1 
  5770.18 1.0705e-13   5786.54 1 
  5772.92 1.0638e-13   5789.29 1 
  5775.67 1.0409e-13   5792.04 1 
  5778.41 1.0968e-13   5794.79 1 
  5781.15 1.0323e-13   5797.54 1 
  5783.89 9.9511e-14   5800.29 1 
  5786.63 1.0365e-13   5803.04 1 
  5789.38 1.0458e-13   5805.79 1 
  5792.12 1.1578e-13   5808.54 1 
  5794.86 1.0484e-13   5811.29 1 
  5797.60 1.0402e-13   5814.04 1 
  5800.35 1.0216e-13   5816.79 1 
  5803.09 1.0495e-13   5819.54 1 
  5805.83 1.0902e-13   5822.29 1 
  5808.57 1.0289e-13   5825.04 1 
  5811.31 1.0672e-13   5827.79 1 
  5814.06 1.0385e-13   5830.54 1 
  5816.80 1.1197e-13   5833.29 1 
  5819.54 1.0449e-13   5836.04 1 
  5822.28 1.0352e-13   5838.79 1 
  5825.03 1.0569e-13   5841.54 1 
  5827.77 1.1018e-13   5844.29 1 
  5830.51 1.1007e-13   5847.04 1 
  5833.25 1.1096e-13   5849.79 1 
  5835.99 1.1194e-13   5852.54 1 
  5838.74 1.0799e-13   5855.29 1 
  5841.48 1.0133e-13   5858.04 1 
  5844.22 1.0731e-13   5860.79 1 
  5846.96 1.0677e-13   5863.54 1 
  5849.71 1.0868e-13   5866.29 1 
  5852.45 1.0773e-13   5869.04 1 
  5855.19 1.0245e-13   5871.79 1 
  5857.93 1.1095e-13   5874.54 1 
  5860.68 1.0792e-13   5877.29 1 
  5863.42 1.0375e-13   5880.04 1 
  5866.16 1.2876e-13   5882.79 1 
  5868.90 1.2464e-13   5885.54 1 
  5871.64 1.2061e-13   5888.29 1 
  5874.39 9.8402e-14   5891.04 1 
  5877.13 9.6839e-14   5893.79 1 
  5879.87 5.9820e-14   5896.54 1 
  5882.61 7.5334e-14   5899.29 1 
  5885.36 7.9292e-14   5902.04 1 
  5888.10 1.0224e-13   5904.79 1 
  5890.84 9.2223e-14   5907.54 1 
  5893.58 9.2834e-14   5910.29 1 
  5896.32 8.0234e-14   5913.04 1 
  5899.07 9.3473e-14   5915.79 1 
  5901.81 9.3357e-14   5918.54 1 
  5904.55 8.7853e-14   5921.29 1 
  5907.29 1.0588e-13   5924.04 1 
  5910.04 1.1314e-13   5926.79 1 
  5912.78 1.0398e-13   5929.54 1 
  5915.52 1.0299e-13   5932.29 1 
  5918.26 1.0028e-13   5935.04 1 
  5921.00 1.0332e-13   5937.79 1 
  5923.75 1.0240e-13   5940.54 1 
  5926.49 1.0834e-13   5943.29 1 
  5929.23 1.0750e-13   5946.04 1 
  5931.97 1.1170e-13   5948.79 1 
  5934.72 9.8852e-14   5951.54 1 
  5937.46 9.3350e-14   5954.29 1 
  5940.20 1.1512e-13   5957.04 1 
  5942.94 1.0792e-13   5959.79 1 
  5945.68 1.0518e-13   5962.54 1 
  5948.43 1.0172e-13   5965.29 1 
  5951.17 1.0178e-13   5968.04 1 
  5953.91 1.0389e-13   5970.79 1 
  5956.65 1.0895e-13   5973.54 1 
  5959.40 1.0344e-13   5976.29 1 
  5962.14 1.1315e-13   5979.04 1 
  5964.88 1.0725e-13   5981.79 1 
  5967.62 1.0453e-13   5984.54 1 
  5970.36 1.0218e-13   5987.29 1 
  5973.11 1.0076e-13   5990.04 1 
  5975.85 1.0991e-13   5992.79 1 
  5978.59 1.0059e-13   5995.54 1 
  5981.33 1.0410e-13   5998.29 1 
  5984.08 1.0839e-13   6001.04 1 
  5986.82 1.0537e-13   6003.79 1 
  5989.56 1.0544e-13   6006.54 1 
  5992.30 1.0357e-13   6009.29 1 
  5995.04 1.0149e-13   6012.04 1 
  5997.79 1.0206e-13   6014.79 1 
  6000.53 1.0347e-13   6017.54 1 
  6003.27 1.0400e-13   6020.29 1 
  6006.01 1.0641e-13   6023.04 1 
  6008.76 1.0815e-13   6025.79 1 
  6011.50 1.0408e-13   6028.54 1 
  6014.24 1.0392e-13   6031.29 1 
  6016.98 1.0444e-13   6034.04 1 
  6019.72 1.0532e-13   6036.79 1 
  6022.47 1.0551e-13   6039.54 1 
  6025.21 1.0757e-13   6042.29 1 
  6027.95 1.1001e-13   6045.04 1 
  6030.69 1.1306e-13   6047.79 1 
  6033.44 1.0863e-13   6050.54 1 
  6036.18 1.0900e-13   6053.29 1 
  6038.92 1.1316e-13   6056.04 1 
  6041.66 1.1156e-13   6058.79 1 
  6044.40 1.1436e-13   6061.54 1 
  6047.15 1.1488e-13   6064.29 1 
  6049.89 1.1570e-13   6067.04 1 
  6052.63 1.1550e-13   6069.79 1 
  6055.37 1.1675e-13   6072.54 1 
  6058.12 1.1104e-13   6075.29 1 
  6060.86 1.0882e-13   6078.04 1 
  6063.60 1.0617e-13   6080.79 1 
  6066.34 1.0368e-13   6083.54 1 
  6069.08 1.0489e-13   6086.29 1 
  6071.83 1.1047e-13   6089.04 1 
  6074.57 1.1205e-13   6091.79 1 
  6077.31 1.1442e-13   6094.54 1 
  6080.05 1.0982e-13   6097.29 1 
  6082.80 1.0970e-13   6100.04 1 
  6085.54 1.0791e-13   6102.79 1 
  6088.28 1.0754e-13   6105.54 1 
  6091.02 1.1303e-13   6108.29 1 
  6093.76 1.0785e-13   6111.04 1 
  6096.51 1.0539e-13   6113.79 1 
  6099.25 1.0661e-13   6116.54 1 
  6101.99 1.0810e-13   6119.29 1 
  6104.73 1.1159e-13   6122.04 1 
  6107.48 1.1012e-13   6124.79 1 
  6110.22 1.1008e-13   6127.54 1 
  6112.96 1.1597e-13   6130.29 1 
  6115.70 1.1640e-13   6133.04 1 
  6118.44 1.1053e-13   6135.79 1 
  6121.19 1.0650e-13   6138.54 1 
  6123.93 1.0882e-13   6141.29 1 
  6126.67 1.0894e-13   6144.04 1 
  6129.41 1.1212e-13   6146.79 1 
  6132.16 1.1418e-13   6149.54 1 
  6134.90 1.0972e-13   6152.29 1 
  6137.64 1.0741e-13   6155.04 1 
  6140.38 1.0387e-13   6157.79 1 
  6143.12 1.1109e-13   6160.54 1 
  6145.87 1.1524e-13   6163.29 1 
  6148.61 1.1410e-13   6166.04 1 
  6151.35 1.1050e-13   6168.79 1 
  6154.09 1.0528e-13   6171.54 1 
  6156.84 1.0218e-13   6174.29 1 
  6159.58 1.0495e-13   6177.04 1 
  6162.32 9.7364e-14   6179.79 1 
  6165.06 1.0242e-13   6182.54 1 
  6167.80 1.0143e-13   6185.29 1 
  6170.55 1.0138e-13   6188.04 1 
  6173.29 1.0540e-13   6190.79 1 
  6176.03 1.0084e-13   6193.54 1 
  6178.77 1.0155e-13   6196.29 1 
  6181.52 1.0464e-13   6199.04 1 
  6184.26 1.0619e-13   6201.79 1 
  6187.00 1.1160e-13   6204.54 1 
  6189.74 1.0424e-13   6207.29 1 
  6192.48 1.0688e-13   6210.04 1 
  6195.23 1.0521e-13   6212.79 1 
  6197.97 9.8304e-14   6215.54 1 
  6200.71 1.0342e-13   6218.29 1 
  6203.45 1.0322e-13   6221.04 1 
  6206.20 1.1430e-13   6223.79 1 
  6208.94 1.0388e-13   6226.54 1 
  6211.68 1.1050e-13   6229.29 1 
  6214.42 1.1297e-13   6232.04 1 
  6217.16 1.0792e-13   6234.79 1 
  6219.91 1.0538e-13   6237.54 1 
  6222.65 1.0351e-13   6240.29 1 
  6225.39 9.7559e-14   6243.04 1 
  6228.13 1.0412e-13   6245.79 1 
  6230.88 1.0799e-13   6248.54 1 
  6233.62 9.6052e-14   6251.29 1 
  6236.36 1.0576e-13   6254.04 1 
  6239.10 1.0639e-13   6256.79 1 
  6241.84 1.0503e-13   6259.54 1 
  6244.59 1.0011e-13   6262.29 1 
  6247.33 1.0643e-13   6265.04 1 
  6250.07 1.1044e-13   6267.79 1 
  6252.81 1.0655e-13   6270.54 1 
  6255.56 9.9774e-14   6273.29 1 
  6258.30 1.0775e-13   6276.04 1 
  6261.04 1.0861e-13   6278.79 1 
  6263.78 1.0506e-13   6281.54 1 
  6266.52 1.1148e-13   6284.29 1 
  6269.27 1.0170e-13   6287.04 1 
  6272.01 1.1400e-13   6289.79 1 
  6274.75 1.0587e-13   6292.54 1 
  6277.49 1.0625e-13   6295.29 1 
  6280.24 1.0688e-13   6298.04 1 
  6282.98 1.0844e-13   6300.79 1 
  6285.72 1.0561e-13   6303.54 1 
  6288.46 1.0592e-13   6306.29 1 
  6291.20 8.5582e-14   6309.04 1 
  6293.95 9.5089e-14   6311.79 1 
  6296.69 9.9963e-14   6314.54 1 
  6299.43 1.1375e-13   6317.29 1 
  6302.17 1.1865e-13   6320.04 1 
  6304.92 1.1838e-13   6322.79 1 
  6307.66 1.1836e-13   6325.54 1 
  6310.40 1.1635e-13   6328.29 1 
  6313.14 1.1519e-13   6331.04 1 
  6315.88 1.0862e-13   6333.79 1 
  6318.63 1.0120e-13   6336.54 1 
  6321.37 1.0822e-13   6339.29 1 
  6324.11 1.0581e-13   6342.04 1 
  6326.85 1.0909e-13   6344.79 1 
  6329.60 1.1363e-13   6347.54 1 
  6332.34 1.1156e-13   6350.29 1 
  6335.08 1.1261e-13   6353.04 1 
  6337.82 1.1304e-13   6355.79 1 
  6340.56 1.1178e-13   6358.54 1 
  6343.31 1.1212e-13   6361.29 1 
  6346.05 1.1898e-13   6364.04 1 
  6348.79 1.0723e-13   6366.79 1 
  6351.53 1.1276e-13   6369.54 1 
  6354.28 1.1046e-13   6372.29 1 
  6357.02 1.1139e-13   6375.04 1 
  6359.76 1.1118e-13   6377.79 1 
  6362.50 1.0907e-13   6380.54 1 
  6365.24 1.1072e-13   6383.29 1 
  6367.99 1.1110e-13   6386.04 1 
  6370.73 1.1463e-13   6388.79 1 
  6373.47 1.1191e-13   6391.54 1 
  6376.21 1.0979e-13   6394.29 1 
  6378.96 1.0630e-13   6397.04 1 
  6381.70 1.1330e-13   6399.79 1 
  6384.44 1.3249e-13   6402.54 1 
  6387.18 1.7468e-13   6405.29 1 
  6389.92 1.8931e-13   6408.04 1 
  6392.67 1.4966e-13   6410.79 1 
  6395.41 1.2579e-13   6413.54 1 
  6398.15 1.1137e-13   6416.29 1 
  6400.89 1.1509e-13   6419.04 1 
  6403.64 1.1098e-13   6421.79 1 
  6406.38 1.1659e-13   6424.54 1 
  6409.12 1.1190e-13   6427.29 1 
  6411.86 1.1639e-13   6430.04 1 
  6414.60 1.0907e-13   6432.79 1 
  6417.35 1.1363e-13   6435.54 1 
  6420.09 1.0996e-13   6438.29 1 
  6422.83 1.1673e-13   6441.04 1 
  6425.57 1.1335e-13   6443.79 1 
  6428.32 1.0860e-13   6446.54 1 
  6431.06 1.0918e-13   6449.29 1 
  6433.80 1.1384e-13   6452.04 1 
  6436.54 1.1649e-13   6454.79 1 
  6439.28 1.1387e-13   6457.54 1 
  6442.03 1.0938e-13   6460.29 1 
  6444.77 1.0943e-13   6463.04 1 
  6447.51 1.1083e-13   6465.79 1 
  6450.25 1.1499e-13   6468.54 1 
  6453.00 1.0567e-13   6471.29 1 
  6455.74 1.1831e-13   6474.04 1 
  6458.48 1.1304e-13   6476.79 1 
  6461.22 1.0920e-13   6479.54 1 
  6463.96 1.0584e-13   6482.29 1 
  6466.71 1.0769e-13   6485.04 1 
  6469.45 1.1109e-13   6487.79 1 
  6472.19 1.1064e-13   6490.54 1 
  6474.93 1.1639e-13   6493.29 1 
  6477.68 1.1893e-13   6496.04 1 
  6480.42 1.1991e-13   6498.79 1 
  6483.16 1.1366e-13   6501.54 1 
  6485.90 1.1094e-13   6504.29 1 
  6488.64 1.0848e-13   6507.04 1 
  6491.39 1.1726e-13   6509.79 1 
  6494.13 1.0988e-13   6512.54 1 
  6496.87 1.0701e-13   6515.29 1 
  6499.61 1.1182e-13   6518.04 1 
  6502.36 1.1181e-13   6520.79 1 
  6505.10 1.1389e-13   6523.54 1 
  6507.84 1.1247e-13   6526.29 1 
  6510.58 1.0219e-13   6529.04 1 
  6513.32 1.1824e-13   6531.79 1 
  6516.07 1.1250e-13   6534.54 1 
  6518.81 1.1101e-13   6537.29 1 
  6521.55 1.1334e-13   6540.04 1 
  6524.29 1.1316e-13   6542.79 1 
  6527.04 1.1091e-13   6545.54 1 
  6529.78 1.0907e-13   6548.29 1 
  6532.52 1.1211e-13   6551.04 1 
  6535.26 1.1634e-13   6553.79 1 
  6538.00 1.1394e-13   6556.54 1 
  6540.75 1.1335e-13   6559.29 1 
  6543.49 1.2121e-13   6562.04 1 
  6546.23 1.2470e-13   6564.79 1 
  6548.97 1.3452e-13   6567.54 1 
  6551.72 1.4077e-13   6570.29 1 
  6554.46 1.3581e-13   6573.04 1 
  6557.20 1.4833e-13   6575.79 1 
  6559.94 1.7475e-13   6578.54 1 
  6562.68 2.1714e-13   6581.29 1 
  6565.43 2.3322e-13   6584.04 1 
  6568.17 2.0493e-13   6586.79 1 
  6570.91 1.6390e-13   6589.54 1 
  6573.65 1.2836e-13   6592.29 1 
  6576.40 1.2201e-13   6595.04 1 
  6579.14 1.3561e-13   6597.79 1 
  6581.88 1.6657e-13   6600.54 1 
  6584.62 1.8772e-13   6603.29 1 
  6587.36 1.8528e-13   6606.04 1 
  6590.11 1.6461e-13   6608.79 1 
  6592.85 1.3756e-13   6611.54 1 
  6595.59 1.2292e-13   6614.29 1 
  6598.33 1.1204e-13   6617.04 1 
  6601.08 1.1663e-13   6619.79 1 
  6603.82 1.2004e-13   6622.54 1 
  6606.56 1.2058e-13   6625.29 1 
  6609.30 1.1565e-13   6628.04 1 
  6612.04 1.1514e-13   6630.79 1 
  6614.79 1.1355e-13   6633.54 1 
  6617.53 1.2000e-13   6636.29 1 
  6620.27 1.2367e-13   6639.04 1 
  6623.01 1.1429e-13   6641.79 1 
  6625.76 1.1415e-13   6644.54 1 
  6628.50 1.1567e-13   6647.29 1 
  6631.24 1.1766e-13   6650.04 1 
  6633.98 1.1696e-13   6652.79 1 
  6636.72 1.1115e-13   6655.54 1 
  6639.47 1.1109e-13   6658.29 1 
  6642.21 1.1720e-13   6661.04 1 
  6644.95 1.1720e-13   6663.79 1 
  6647.69 1.1571e-13   6666.54 1 
  6650.44 1.1672e-13   6669.29 1 
  6653.18 1.2630e-13   6672.04 1 
  6655.92 1.2179e-13   6674.79 1 
  6658.66 1.1265e-13   6677.54 1 
  6661.40 1.1966e-13   6680.29 1 
  6664.15 1.1507e-13   6683.04 1 
  6666.89 1.2052e-13   6685.79 1 
  6669.63 1.1993e-13   6688.54 1 
  6672.37 1.2207e-13   6691.29 1 
  6675.12 1.2440e-13   6694.04 1 
  6677.86 1.1737e-13   6696.79 1 
  6680.60 1.1802e-13   6699.54 1 
  6683.34 1.2678e-13   6702.29 1 
  6686.08 1.2344e-13   6705.04 1 
  6688.83 1.1239e-13   6707.79 1 
  6691.57 1.1273e-13   6710.54 1 
  6694.31 1.1263e-13   6713.29 1 
  6697.05 1.1467e-13   6716.04 1 
  6699.80 1.2052e-13   6718.79 1 
  6702.54 1.1773e-13   6721.54 1 
  6705.28 1.1969e-13   6724.29 1 
  6708.02 1.2278e-13   6727.04 1 
  6710.77 1.2447e-13   6729.79 1 
  6713.51 1.3031e-13   6732.54 1 
  6716.25 1.4081e-13   6735.29 1 
  6718.99 1.5263e-13   6738.04 1 
  6721.73 1.4645e-13   6740.79 1 
  6724.48 1.3315e-13   6743.54 1 
  6727.22 1.2933e-13   6746.29 1 
  6729.96 1.3959e-13   6749.04 1 
  6732.70 1.3691e-13   6751.79 1 
  6735.45 1.3898e-13   6754.54 1 
  6738.19 1.3392e-13   6757.29 1 
  6740.93 1.1745e-13   6760.04 1 
  6743.67 1.1587e-13   6762.79 1 
  6746.41 1.1380e-13   6765.54 1 
  6749.16 1.1493e-13   6768.29 1 
  6751.90 1.0813e-13   6771.04 1 
  6754.64 1.0796e-13   6773.79 1 
  6757.38 1.1329e-13   6776.54 1 
  6760.13 1.1444e-13   6779.29 1 
  6762.87 1.1936e-13   6782.04 1 
  6765.61 1.1684e-13   6784.79 1 
  6768.35 1.1365e-13   6787.54 1 
  6771.09 1.1290e-13   6790.29 1 
  6773.84 1.1750e-13   6793.04 1 
  6776.58 1.1543e-13   6795.79 1 
  6779.32 1.2103e-13   6798.54 1 
  6782.06 1.2305e-13   6801.29 1 
  6784.81 1.2201e-13   6804.04 1 
  6787.55 1.1327e-13   6806.79 1 
  6790.29 1.1495e-13   6809.54 1 
  6793.03 1.0459e-13   6812.29 1 
  6795.77 1.1994e-13   6815.04 1 
  6798.52 1.2324e-13   6817.79 1 
  6801.26 1.1866e-13   6820.54 1 
  6804.00 1.1166e-13   6823.29 1 
  6806.74 1.2208e-13   6826.04 1 
  6809.49 1.2764e-13   6828.79 1 
  6819.78 1.1481e-13   6839.12 0 
  6835.50 1.1399e-13   6854.88 0 
  6851.26 1.1423e-13   6870.68 0 
  6867.06 1.1007e-13   6886.52 0 
  6882.88 1.1235e-13   6902.40 0 
  6898.75 1.1468e-13   6918.31 0 
  6914.66 1.1492e-13   6934.26 0 
  6930.59 1.1543e-13   6950.24 0 
  6946.57 1.1918e-13   6966.26 0 
  6962.59 1.1806e-13   6982.33 0 
  6978.64 1.2106e-13   6998.42 0 
  6994.72 1.2104e-13   7014.55 0 
  7010.85 1.1907e-13   7030.72 0 
  7027.01 1.2238e-13   7046.93 0 
  7043.21 1.2236e-13   7063.18 0 
  7059.44 1.2149e-13   7079.46 0 
  7075.72 1.1128e-13   7095.78 0 
  7092.03 1.1229e-13   7112.14 0 
  7108.38 1.1072e-13   7128.53 0 
  7124.77 1.1301e-13   7144.96 0 
  7141.19 1.0569e-13   7161.43 0 
  7157.65 1.0738e-13   7177.94 0 
  7174.15 1.0761e-13   7194.49 0 
  7190.69 1.0833e-13   7211.08 0 
  7207.26 1.0805e-13   7227.70 0 
  7223.88 1.1260e-13   7244.36 0 
  7240.53 1.1361e-13   7261.06 0 
  7257.22 1.1785e-13   7277.80 0 
  7273.95 1.1864e-13   7294.57 0 
  7290.72 1.1591e-13   7311.39 0 
  7307.53 1.1968e-13   7328.25 0 
  7324.37 1.2104e-13   7345.14 0 
  7341.26 1.2326e-13   7362.07 0 
  7358.18 1.2409e-13   7379.04 0 
  7375.14 1.2607e-13   7396.05 0 
  7392.14 1.2489e-13   7413.10 0 
  7409.19 1.2601e-13   7430.19 0 
  7426.27 1.2569e-13   7447.32 0 
  7443.38 1.3068e-13   7464.49 0 
  7460.55 1.3065e-13   7481.70 0 
  7477.74 1.2853e-13   7498.94 0 
  7494.98 1.3089e-13   7516.23 0 
  7512.26 1.3025e-13   7533.56 0 
  7529.58 1.3112e-13   7550.92 0 
  7546.93 1.3231e-13   7568.33 0 
  7564.33 1.2986e-13   7585.78 0 
  7581.77 1.3103e-13   7603.26 0 
  7599.25 1.2510e-13   7620.79 0 
  7616.76 1.2478e-13   7638.36 0 
  7634.32 1.2854e-13   7655.97 0 
  7651.92 1.2616e-13   7673.61 0 
  7669.56 1.1771e-13   7691.30 0 
  7687.24 1.2070e-13   7709.04 0 
  7704.96 1.1984e-13   7726.81 0 
  7722.72 1.1790e-13   7744.62 0 
  7740.53 1.2089e-13   7762.47 0 
  7758.37 1.1410e-13   7780.37 0 
  7776.25 1.1972e-13   7798.30 0 
  7794.18 1.1887e-13   7816.28 0 
  7812.15 1.2189e-13   7834.30 0 
  7830.16 1.2327e-13   7852.36 0 
  7848.21 1.2183e-13   7870.46 0 
  7866.30 1.2463e-13   7888.60 0 
  7884.43 1.2233e-13   7906.79 0 
  7902.61 1.2006e-13   7925.01 0 
  7920.83 1.1649e-13   7943.28 0 
  7939.09 1.1973e-13   7961.59 0 
  7957.39 1.1942e-13   7979.95 0 
  7975.73 1.2416e-13   7998.34 0 
  7994.12 1.2384e-13   8016.78 0 
  8012.55 1.2409e-13   8035.26 0 
  8031.01 1.2666e-13   8053.78 0 
  8049.53 1.2868e-13   8072.35 0 
  8068.09 1.2954e-13   8090.96 0 
  8086.68 1.2743e-13   8109.61 0 
  8105.33 1.2479e-13   8128.31 0 
  8124.01 1.2390e-13   8147.04 0 
  8142.74 1.2646e-13   8165.82 0 
  8161.51 1.2671e-13   8184.65 0 
  8180.32 1.2581e-13   8203.52 0 
  8199.18 1.2665e-13   8222.43 0 
  8218.08 1.2867e-13   8241.38 0 
  8237.03 1.1518e-13   8260.38 0 
  8256.02 1.3190e-13   8279.42 0 
  8275.05 1.3217e-13   8298.51 0 
  8294.13 1.2794e-13   8317.64 0 
  8313.24 1.2215e-13   8336.81 0 
  8332.41 1.2382e-13   8356.03 0 
  8351.62 1.2638e-13   8375.29 0 
  8370.87 1.2634e-13   8394.60 0 
  8390.16 1.2400e-13   8413.95 0 
  8409.51 1.2598e-13   8433.35 0 
  8428.89 1.2566e-13   8452.79 0 
  8448.32 1.1914e-13   8472.27 0 
  8467.80 1.2217e-13   8491.80 0 
  8487.32 1.2355e-13   8511.38 0 
  8506.88 9.0721e-14   8531.00 0 
  8526.49 1.1711e-13   8550.67 0 
  8546.15 1.1002e-13   8570.38 0 
  8565.85 1.2060e-13   8590.14 0 
  8585.60 1.2337e-13   8609.94 0 
  8605.39 1.2081e-13   8629.79 0 
  8625.23 1.2302e-13   8649.68 0 
  8645.11 1.2412e-13   8669.62 0 
  8665.04 1.1715e-13   8689.60 0 
  8685.01 1.1577e-13   8709.64 0 
  8705.03 1.2147e-13   8729.71 0 
  8725.10 1.2341e-13   8749.84 0 
  8745.22 1.1919e-13   8770.01 0 
  8765.38 1.2193e-13   8790.23 0 
  8785.58 1.2589e-13   8810.49 0 
  8805.84 1.2441e-13   8830.80 0 
  8826.13 1.2727e-13   8851.16 0 
  8846.48 1.2179e-13   8871.56 0 
  8866.87 1.2459e-13   8892.01 0 
  8887.32 1.1678e-13   8912.51 0 
  8907.80 1.1946e-13   8933.05 0 
  8928.33 1.1888e-13   8953.65 0 
  8948.92 1.2189e-13   8974.29 0 
  8969.55 1.2102e-13   8994.98 0 
  8990.22 1.1823e-13   9015.71 0 
  9010.95 1.1056e-13   9036.50 0 
  9031.72 1.1232e-13   9057.33 0 
  9052.54 1.2745e-13   9078.20 0 
  9073.41 1.2168e-13   9099.13 0 
  9094.33 1.2136e-13   9120.11 0 
  9115.29 1.1884e-13   9141.13 0 
  9136.30 1.2555e-13   9162.20 0 
  9157.37 1.1822e-13   9183.33 0 
  9178.47 1.1365e-13   9204.50 0 
  9199.63 1.2007e-13   9225.71 0 
  9220.84 1.1358e-13   9246.98 0 
  9242.10 1.1302e-13   9268.30 0 
  9263.40 1.1831e-13   9289.66 0 
  9284.76 1.2159e-13   9311.08 0 
  9306.16 1.0734e-13   9332.54 0 
  9327.61 1.2521e-13   9354.06 0 
  9349.11 1.2488e-13   9375.62 0 
  9370.67 1.2256e-13   9397.23 0 
  9392.27 1.2509e-13   9418.90 0 
  9413.92 1.2305e-13   9440.61 0 
  9435.62 1.2704e-13   9462.37 0 
  9457.37 1.2526e-13   9484.18 0 
  9479.17 1.2932e-13   9506.05 0 
  9501.03 1.2576e-13   9527.96 0 
  9522.93 1.2718e-13   9549.93 0 
  9544.88 1.2424e-13   9571.94 0 
  9566.89 1.2680e-13   9594.01 0 
  9588.94 1.2972e-13   9616.12 0 
  9611.04 1.2760e-13   9638.29 0 
  9633.20 1.2874e-13   9660.51 0 
  9655.41 1.2606e-13   9682.78 0 
  9677.66 1.2631e-13   9705.10 0 
  9699.97 1.2862e-13   9727.47 0 
  9722.34 1.2393e-13   9749.90 0 
  9744.75 1.2417e-13   9772.37 0 
  9767.21 1.2528e-13   9794.90 0 
  9789.73 1.2324e-13   9817.48 0 
  9812.29 1.2782e-13   9840.11 0 
  9834.91 1.2631e-13   9862.79 0 
  9857.58 1.2744e-13   9885.53 0 
  9880.31 1.2681e-13   9908.32 0 
  9903.08 1.2503e-13   9931.16 0 
  9925.91 1.2702e-13   9954.05 0 
  9948.80 1.2816e-13   9977.00 0 
  9971.73 1.2841e-13  10000.00 0 
  9994.72 1.2807e-13  10023.05 0 
 10017.75 1.2981e-13  10046.15 0 
 10064.00 1.2824e-13  10092.53 0 
 10133.76 1.3261e-13  10162.49 0 
 10180.53 1.3191e-13  10209.39 0 
 10227.53 1.3458e-13  10256.52 0 
 10274.73 1.3636e-13  10303.86 0 
 10298.42 1.3663e-13  10327.61 0 
 10489.88 1.3192e-13  10519.62 0 
 10709.54 1.2479e-13  10739.90 0 
 10908.64 1.2479e-13  10939.56 0 
 11111.44 1.1646e-13  11142.94 0 
 11291.99 1.1835e-13  11324.00 0 
 11501.92 1.2111e-13  11534.53 0 
 11688.81 1.1945e-13  11721.95 0 
 11906.13 1.1122e-13  11939.88 0 
 12099.59 1.1355e-13  12133.89 0 
 12296.19 1.1381e-13  12331.05 0 
 12495.99 1.0969e-13  12531.41 0 
 12699.03 1.0819e-13  12735.03 0 
 12905.37 1.0744e-13  12941.96 0 
 13115.07 1.0646e-13  13152.25 0 
 13297.52 1.0261e-13  13335.21 0 
 13513.58 9.9813e-14  13551.89 0 
 13701.58 9.8443e-14  13740.42 0 
 13892.18 9.3796e-14  13931.57 0 
 14085.45 8.8346e-14  14125.38 0 
 14314.32 8.7737e-14  14354.90 0 
 14513.45 8.9781e-14  14554.59 0 
 14715.35 8.6534e-14  14757.07 0 
 14885.74 8.9369e-14  14927.94 0 
 15092.82 9.1450e-14  15135.61 0 
 15302.78 9.4664e-14  15346.17 0 
 15515.67 9.4229e-14  15559.65 0 
 15695.33 9.2936e-14  15739.83 0 
 15913.68 8.9781e-14  15958.79 0 
 16097.96 8.9988e-14  16143.59 0 
 16284.35 9.0404e-14  16330.51 0 
 16510.89 9.0196e-14  16557.70 0 
 16702.08 9.1030e-14  16749.43 0 
 16895.48 9.1873e-14  16943.38 0 
 17091.13 9.1030e-14  17139.58 0 
 17289.02 8.7940e-14  17338.03 0 
 17489.22 8.4564e-14  17538.80 0 
 17691.74 7.9834e-14  17741.90 0 
 17896.61 7.5542e-14  17947.34 0 
 18103.82 7.1152e-14  18155.15 0 
 18313.46 6.9213e-14  18365.38 0 
 18482.92 6.6709e-14  18535.32 0 
 18696.93 6.3414e-14  18749.94 0 
 18913.44 6.1971e-14  18967.05 0 
 19088.45 6.1828e-14  19142.56 0 
 19309.49 6.0421e-14  19364.23 0 
 19488.14 5.8369e-14  19543.39 0 
 19713.81 5.6129e-14  19769.70 0 
 19896.23 5.4474e-14  19952.63 0 
 20080.31 5.4099e-14  20137.24 0 
 20312.83 5.2746e-14  20370.42 0 
 20500.80 5.2746e-14  20558.92 0 
 20690.47 5.2142e-14  20749.13 0 
 20881.93 5.1664e-14  20941.13 0 
 21123.74 5.1426e-14  21183.62 0 
 21319.18 5.0955e-14  21379.62 0 
 21516.45 5.0488e-14  21577.45 0 
 21715.52 4.9225e-14  21777.09 0 
 21916.47 4.8662e-14  21978.60 0 
 22119.27 4.7444e-14  22181.97 0 
 22323.92 4.6364e-14  22387.21 0 
 22478.67 4.5518e-14  22542.40 0 
 22686.65 4.4380e-14  22750.97 0 
 22896.58 3.9736e-14  22961.49 0 
 23108.42 3.9191e-14  23173.93 0 
 23322.25 3.4134e-14  23388.37 0 
 23483.93 3.2003e-14  23550.50 0 
 23701.21 3.2448e-14  23768.40 0 
 23920.52 2.9729e-14  23988.34 0 
 24086.32 2.8391e-14  24154.60 0 
 24309.20 2.7554e-14  24378.11 0 
 24477.69 2.5188e-14  24547.08 0 
 24704.19 2.4332e-14  24774.22 0 
 24875.42 2.0332e-14  24945.94 0 
 25105.60 1.9869e-14  25176.77 0 
 25279.61 1.9915e-14  25351.28 0 
 25513.53 1.9778e-14  25585.86 0 
 25690.37 2.0239e-14  25763.20 0 
 25928.09 1.9961e-14  26001.59 0 
 26107.83 2.0007e-14  26181.84 0 
 26288.79 1.9552e-14  26363.31 0 
 26471.00 1.9372e-14  26546.04 0 
 26715.94 1.9063e-14  26791.68 0 
 26901.14 1.8845e-14  26977.41 0 
 27087.60 1.8543e-14  27164.39 0 
 27275.35 1.8205e-14  27352.67 0 
 27527.74 1.7996e-14  27605.78 0 
 27718.54 1.7587e-14  27797.12 0 
 27910.69 1.7385e-14  27989.81 0 
 28104.14 1.7107e-14  28183.82 0 
 28298.97 1.6873e-14  28379.20 0 
 28495.11 1.6603e-14  28575.90 0 
 28692.65 1.6338e-14  28773.99 0 
 28891.52 1.6113e-14  28973.43 0 
 29091.81 1.5892e-14  29174.28 0 
 29293.45 1.5602e-14  29376.49 0 
 29496.52 1.5388e-14  29580.14 0 
 29700.96 1.5212e-14  29785.16 0 
 29906.85 1.4969e-14  29991.64 0 
 30114.14 1.4797e-14  30199.52 0 
 30322.87 1.4628e-14  30408.84 0 
 30533.08 1.4561e-14  30619.64 0 
 30674.00 1.4461e-14  30760.96 0 
 30886.64 1.4361e-14  30974.21 0 
 31100.72 1.4262e-14  31188.89 0 
 31316.32 1.4197e-14  31405.10 0 
 31533.38 1.4099e-14  31622.78 0 
 31678.92 1.4034e-14  31768.73 0 
 31898.53 1.4034e-14  31988.96 0 
 32119.62 1.4066e-14  32210.68 0 
 32267.90 1.4229e-14  32359.38 0 
 32491.56 1.4729e-14  32583.67 0 
 32716.76 1.6150e-14  32809.52 0 
 32867.80 2.0146e-14  32960.98 0 
 33095.61 2.0007e-14  33189.44 0 
 33325.04 1.5747e-14  33419.52 0 
 33478.85 1.4131e-14  33573.76 0 
 33710.90 1.3402e-14  33806.47 0 
 33866.53 1.2977e-14  33962.54 0 
 34101.26 1.2682e-14  34197.94 0 
 34337.66 1.2479e-14  34435.01 0 
 34496.14 1.2251e-14  34593.94 0 
 34735.24 1.2055e-14  34833.72 0 
 34895.60 1.1890e-14  34994.53 0 
 35137.47 1.1727e-14  35237.08 0 
 35299.64 1.1539e-14  35399.71 0 
 35462.60 1.1381e-14  35563.14 0 
 35708.40 1.1225e-14  35809.64 0 
 35873.25 1.1071e-14  35974.95 0 
 36121.90 1.0919e-14  36224.30 0 
 36288.61 1.0769e-14  36391.49 0 
 36540.18 1.0597e-14  36643.77 0 
 36708.83 1.0428e-14  36812.89 0 
 36878.25 1.0261e-14  36982.80 0 
 37133.91 1.0097e-14  37239.18 0 
 37305.29 9.9813e-15  37411.05 0 
 37477.47 9.7991e-15  37583.72 0 
 37737.28 9.6869e-15  37844.27 0 
 37911.45 9.5320e-15  38018.93 0 
 38086.43 9.3796e-15  38194.41 0 
 38262.26 9.2723e-15  38370.73 0 
 38527.46 9.1240e-15  38636.69 0 
 38705.33 8.9575e-15  38815.06 0 
 38883.97 8.8346e-15  38994.21 0 
 39063.44 8.6933e-15  39174.18 0 
 39334.23 8.5740e-15  39445.75 0 
 39515.78 8.4175e-15  39627.81 0 
 39698.16 8.2830e-15  39810.71 0 
 39881.43 8.1131e-15  39994.50 0 
 40065.50 8.0202e-15  40179.09 0 
 40343.21 7.9102e-15  40457.58 0 
 40529.45 7.7658e-15  40644.35 0 
 40716.51 7.6592e-15  40831.95 0 
 40904.44 7.5542e-15  41020.40 0 
 41093.23 7.4505e-15  41209.73 0 
 41282.94 7.3483e-15  41399.98 0 
 41473.48 7.2475e-15  41591.06 0 
 41664.90 7.1480e-15  41783.02 0 
 41857.25 7.0337e-15  41975.91 0 
 42147.37 6.9372e-15  42266.86 0 
 42341.89 6.8736e-15  42461.93 0 
 42537.37 6.7637e-15  42657.96 0 
 42733.70 6.6863e-15  42854.85 0 
 42930.94 6.4593e-15  43052.64 0 
 43129.13 6.2257e-15  43251.40 0 
 43328.19 6.2113e-15  43451.02 0 
 43528.17 6.0143e-15  43651.57 0 
 43729.12 5.9181e-15  43853.09 0 
 43930.95 5.8369e-15  44055.49 0 
 44133.71 5.7041e-15  44258.83 0 
 44337.41 5.6129e-15  44463.10 0 
 44542.09 5.5486e-15  44668.37 0 
 44747.68 5.4474e-15  44874.54 0 
 44850.82 5.4099e-15  44977.97 0 
 45057.88 5.3356e-15  45185.62 0 
 45265.84 5.2746e-15  45394.17 0 
 45474.76 5.2262e-15  45603.68 0 
 45684.65 5.1664e-15  45814.16 0 
 45895.55 5.0721e-15  46025.67 0 
 46107.38 5.0604e-15  46238.10 0 
 46320.19 5.0025e-15  46451.51 0 
 46534.03 4.9452e-15  46665.95 0 
 46748.81 4.9338e-15  46881.34 0 
 46856.56 4.8662e-15  46989.40 0 
 47072.83 4.8104e-15  47206.28 0 
 47290.14 4.7994e-15  47424.21 0 
 47508.41 4.7335e-15  47643.10 0 
 47727.68 4.7009e-15  47862.99 0 
 47948.02 4.6686e-15  48083.95 0 
 48058.54 4.5939e-15  48194.79 0 
 48280.36 4.6045e-15  48417.23 0 
 48503.19 4.5414e-15  48640.70 0 
 48727.11 4.4894e-15  48865.25 0 
 48952.01 4.4482e-15  49090.79 0 
 49064.85 4.4074e-15  49203.95 0 
 49291.30 4.3872e-15  49431.04 0 
 49518.86 4.3470e-15  49659.24 0 
 49747.41 4.3370e-15  49888.45 0 
 49862.08 4.2875e-15  50003.44 0 
 50092.27 4.2699e-15  50234.29 0 
 50323.47 4.2525e-15  50466.14 0 
 50555.74 4.2156e-15  50699.06 0 
 50672.27 4.2022e-15  50815.93 0 
 50789.08 4.1984e-15  50933.06 0 
 50906.20 4.1947e-15  51050.52 0 
 51023.54 4.1813e-15  51168.20 0 
 51141.16 4.1680e-15  51286.14 0 
 51259.04 4.1643e-15  51404.36 0 
 51377.20 4.1606e-15  51522.85 0 
 51495.63 4.1473e-15  51641.62 0 
 51614.38 4.1437e-15  51760.71 0 
 51733.36 4.1400e-15  51880.02 0 
 51852.61 4.1269e-15  51999.61 0 
 51972.13 4.1232e-15  52119.47 0 
 52091.93 4.1196e-15  52239.61 0 
 52212.01 4.1160e-15  52360.03 0 
 52332.36 4.1029e-15  52480.72 0 
 52453.05 4.0993e-15  52601.75 0 
 52573.95 4.1052e-15  52723.00 0 
 52695.14 4.1111e-15  52844.53 0 
 52816.60 4.1075e-15  52966.34 0 
 52938.35 4.0945e-15  53088.43 0 
 53060.38 4.0909e-15  53210.80 0 
 53182.75 4.0968e-15  53333.52 0 
 53305.34 4.1027e-15  53456.46 0 
 53428.21 4.0991e-15  53579.68 0 
 53551.37 4.1050e-15  53703.18 0 
 53674.80 4.1015e-15  53826.97 0 
 53798.53 4.1074e-15  53951.05 0 
 53922.54 4.1133e-15  54075.41 0 
 54046.89 4.1193e-15  54200.11 0 
 54171.47 4.1157e-15  54325.05 0 
 54296.34 4.1217e-15  54450.27 0 
 54421.50 4.1182e-15  54575.79 0 
 54546.95 4.1336e-15  54701.59 0 
 54672.68 4.1396e-15  54827.68 0 
 54798.70 4.1456e-15  54954.06 0 
 54925.08 4.1517e-15  55080.79 0 
 55051.69 4.1577e-15  55207.76 0 
 55178.58 4.1733e-15  55335.02 0 
 55305.77 4.1987e-15  55462.57 0 
 55433.26 4.2048e-15  55590.41 0 
 55561.04 4.2110e-15  55718.55 0 
 55689.17 4.2366e-15  55847.05 0 
 55817.53 4.2526e-15  55975.78 0 
 55946.20 4.2686e-15  56104.81 0 
 56075.16 4.2946e-15  56234.13 0 
 56204.42 4.3207e-15  56363.76 0 
 56333.97 4.3370e-15  56493.68 0 
 56463.83 4.3735e-15  56623.90 0 
 56594.04 4.4001e-15  56754.48 0 
 56724.49 4.4372e-15  56885.31 0 
 56855.25 4.4642e-15  57016.43 0 
 56986.30 4.5018e-15  57147.86 0 
 57117.66 4.5501e-15  57279.59 0 
 57249.32 4.5990e-15  57411.62 0 
 57381.35 4.6484e-15  57544.02 0 
 57513.62 4.6983e-15  57676.67 0 
 57646.19 4.7488e-15  57809.62 0 
 57779.07 4.8220e-15  57942.87 0 
 57912.25 4.8851e-15  58076.43 0 
 58045.75 4.9604e-15  58210.30 0 
 58179.55 5.0485e-15  58344.48 0 
 58313.72 5.1500e-15  58479.04 0 
 58448.13 5.2414e-15  58613.83 0 
 58582.86 5.3345e-15  58748.94 0 
 58717.90 5.4543e-15  58884.36 0 
 58853.24 5.5897e-15  59020.09 0 
 58988.91 5.7284e-15  59156.14 0 
 59262.49 5.9236e-15  59430.50 3 
 59564.14 6.2537e-15  59733.00 3 
 59865.68 7.2291e-15  60035.40 3 
 60167.23 8.1548e-15  60337.80 3 
 60468.77 8.5007e-15  60640.20 3 
 60770.32 8.9890e-15  60942.60 3 
 61071.96 1.0696e-14  61245.10 3 
 61373.51 1.4405e-14  61547.50 3 
 61675.05 2.0569e-14  61849.90 3 
 61976.60 2.5321e-14  62152.30 3 
 62278.14 2.5107e-14  62454.70 3 
 62579.79 2.1818e-14  62757.20 3 
 62881.33 1.8289e-14  63059.60 3 
 63182.88 1.5428e-14  63362.00 3 
 63484.42 1.3390e-14  63664.40 3 
 63785.96 1.1939e-14  63966.80 3 
 64087.61 1.0451e-14  64269.30 3 
 64389.16 9.5029e-15  64571.70 3 
 64690.70 8.8414e-15  64874.10 3 
 64992.25 8.3818e-15  65176.50 3 
 65293.79 7.9851e-15  65478.90 3 
 65595.44 8.1345e-15  65781.40 3 
 65896.98 8.3802e-15  66083.80 3 
 66198.52 8.7379e-15  66386.20 3 
 66500.07 8.7452e-15  66688.60 3 
 66801.62 8.6074e-15  66991.00 3 
 67103.26 8.4897e-15  67293.50 3 
 67404.81 8.4843e-15  67595.90 3 
 67706.36 8.4076e-15  67898.30 3 
 68007.89 8.3447e-15  68200.70 3 
 68309.44 8.5469e-15  68503.10 3 
 68611.09 8.7489e-15  68805.60 3 
 68912.63 9.2158e-15  69108.00 3 
 69214.18 9.4756e-15  69410.40 3 
 69515.73 1.2440e-14  69712.80 3 
 69817.27 1.5464e-14  70015.20 3 
 70118.92 1.3104e-14  70317.70 3 
 70420.46 1.0141e-14  70620.10 3 
 70722.00 1.0003e-14  70922.50 3 
 71023.55 1.0470e-14  71224.90 3 
 71325.09 1.1470e-14  71527.30 3 
 71626.74 1.1197e-14  71829.80 3 
 71928.29 1.1469e-14  72132.20 3 
 72229.83 1.1805e-14  72434.60 3 
 72531.37 1.2305e-14  72737.00 3 
 72832.92 1.3197e-14  73039.40 3 
 73134.56 1.4012e-14  73341.90 3 
 73436.11 1.4978e-14  73644.30 3 
 73737.66 1.6168e-14  73946.70 3 
 74039.20 1.7432e-14  74249.10 3 
 74340.74 1.9164e-14  74551.50 3 
 74642.39 2.0663e-14  74854.00 3 
 74943.93 2.2037e-14  75156.40 3 
 75245.48 2.4167e-14  75458.80 3 
 75547.02 2.4921e-14  75761.20 3 
 76150.11 2.7106e-14  76366.00 3 
 76753.30 2.5659e-14  76970.90 3 
 77356.39 2.4365e-14  77575.70 3 
 77959.48 2.4030e-14  78180.50 3 
 78562.67 2.2959e-14  78785.40 3 
 79165.77 2.0374e-14  79390.20 3 
 79768.96 1.7482e-14  79995.10 3 
 80372.04 1.4979e-14  80599.90 3 
 80975.14 1.3011e-14  81204.70 3 
 81578.32 1.1831e-14  81809.59 3 
 82181.41 1.1243e-14  82414.40 3 
 82784.51 1.0933e-14  83019.20 3 
 83387.69 1.0547e-14  83624.09 3 
 83990.78 1.0193e-14  84228.90 3 
 84593.87 1.0357e-14  84833.70 3 
 85197.07 1.0583e-14  85438.60 3 
 85800.15 1.0489e-14  86043.40 3 
 86403.35 9.5087e-15  86648.30 3 
 87006.44 7.7558e-15  87253.10 3 
 87609.53 6.0874e-15  87857.91 3 
 88212.72 4.7684e-15  88462.80 3 
 88815.81 3.8174e-15  89067.60 3 
 89418.90 3.2087e-15  89672.41 3 
 90022.08 2.8303e-15  90277.30 3 
 90625.18 2.4202e-15  90882.10 3 
 91228.27 2.1166e-15  91486.90 3 
 91831.45 1.9524e-15  92091.80 3 
 92434.55 1.7955e-15  92696.60 3 
 93037.74 1.7100e-15  93301.50 3 
 93640.83 1.6219e-15  93906.30 3 
 94243.92 1.5129e-15  94511.10 3 
 94847.10 1.4483e-15  95115.99 3 
 95450.20 1.3788e-15  95720.80 3 
 96053.29 1.4923e-15  96325.60 3 
 96656.48 1.5035e-15  96930.50 3 
 97259.57 1.3595e-15  97535.30 3 
 97862.65 1.2570e-15  98140.09 3 
 98465.85 1.2141e-15  98745.00 3 
 99068.94 1.2019e-15  99349.80 3 
 99672.13 1.1935e-15  99954.70 3 
100275.22 1.2077e-15 100559.50 3 
100878.31 1.1929e-15 101164.30 3 
101481.50 1.1921e-15 101769.20 3 
102084.59 1.2085e-15 102374.00 3 
102687.69 1.2295e-15 102978.80 3 
103290.87 1.3227e-15 103583.70 3 
103893.96 1.3840e-15 104188.50 3 
104497.05 1.5111e-15 104793.30 3 
105100.24 1.7199e-15 105398.20 3 
105703.33 1.8693e-15 106003.00 3 
106306.53 1.8697e-15 106607.91 3 
106909.61 1.8872e-15 107212.70 3 
107512.70 1.9795e-15 107817.50 3 
108115.90 1.9719e-15 108422.41 3 
108718.98 2.0892e-15 109027.20 3 
109322.07 2.4066e-15 109632.00 3 
109925.26 2.8611e-15 110236.90 3 
110528.36 3.3018e-15 110841.70 3 
111131.45 4.4673e-15 111446.51 3 
111734.63 7.3164e-15 112051.40 3 
112337.73 9.3785e-15 112656.20 3 
112940.91 8.8030e-15 113261.10 3 
113544.00 7.0790e-15 113865.90 3 
114147.10 5.9582e-15 114470.70 3 
114750.28 5.1841e-15 115075.60 3 
115353.37 4.6557e-15 115680.40 3 
115956.47 4.2810e-15 116285.20 3 
116559.65 4.0145e-15 116890.09 3 
117162.74 3.8998e-15 117494.90 3 
117765.83 3.8911e-15 118099.70 3 
118369.02 4.0371e-15 118704.59 3 
118972.11 4.3964e-15 119309.40 3 
119575.31 4.6367e-15 119914.30 3 
120178.40 4.6890e-15 120519.10 3 
120781.48 4.6349e-15 121123.90 3 
121384.68 4.5628e-15 121728.80 3 
121987.77 4.6361e-15 122333.60 3 
122590.86 4.9011e-15 122938.41 3 
123194.04 5.1529e-15 123543.30 3 
123797.14 5.3569e-15 124148.10 3 
124400.23 5.5900e-15 124752.91 3 
125003.41 5.9160e-15 125357.80 3 
125606.51 6.3064e-15 125962.60 3 
126209.70 6.6687e-15 126567.50 3 
126812.78 7.0487e-15 127172.30 3 
127415.88 9.0674e-15 127777.10 3 
128019.07 1.2335e-14 128382.00 3 
128622.15 9.6962e-15 128986.80 3 
129225.25 5.1593e-15 129591.60 3 
129828.44 4.3317e-15 130196.51 3 
130431.52 4.0671e-15 130801.30 3 
131034.61 3.9946e-15 131406.09 3 
131637.81 3.9864e-15 132011.00 3 
132240.89 3.8985e-15 132615.80 3 
132843.98 3.8220e-15 133220.59 3 
133447.18 3.7802e-15 133825.50 3 
134050.26 3.7420e-15 134430.30 3 
134653.46 3.7440e-15 135035.20 3 
135256.55 3.7852e-15 135640.00 3 
135859.63 3.7062e-15 136244.80 3 
136462.83 3.5809e-15 136849.70 3 
137065.92 3.4754e-15 137454.50 3 
137669.01 3.3936e-15 138059.30 3 
138272.20 3.3195e-15 138664.20 3 
138875.29 3.3041e-15 139269.00 3 
139478.38 3.3271e-15 139873.80 3 
140081.57 3.3366e-15 140478.70 3 
140684.66 3.3307e-15 141083.50 3 
141287.86 3.3153e-15 141688.41 3 
141890.94 3.3578e-15 142293.20 3 
142494.03 3.3641e-15 142898.00 3 
143097.23 3.2039e-15 143502.91 3 
143700.31 3.0696e-15 144107.70 3 
144303.40 2.9276e-15 144712.50 3 
145361.99 3.0070e-15 145774.09 3 
146206.41 2.9521e-15 146620.91 3 
147050.81 2.9165e-15 147467.70 3 
147895.22 2.8906e-15 148314.50 3 
148739.53 2.8561e-15 149161.20 3 
149583.93 2.8214e-15 150008.00 3 
150428.33 2.7385e-15 150854.80 3 
151272.64 2.6961e-15 151701.50 3 
152117.05 2.6865e-15 152548.30 3 
152961.45 2.6498e-15 153395.09 3 
153805.76 2.6649e-15 154241.80 3 
154650.16 2.8323e-15 155088.59 3 
155494.58 3.0936e-15 155935.41 3 
156338.89 2.9507e-15 156782.11 3 
157183.29 2.7020e-15 157628.91 3 
158027.69 2.6850e-15 158475.70 3 
158871.99 2.7034e-15 159322.39 3 
159716.41 2.7153e-15 160169.20 3 
160560.81 2.6766e-15 161016.00 3 
161405.21 2.6617e-15 161862.80 3 
162249.52 2.7520e-15 162709.50 3 
163093.94 3.0591e-15 163556.31 3 
163938.33 3.4303e-15 164403.09 3 
164782.65 3.4662e-15 165249.81 3 
165627.04 3.2489e-15 166096.59 3 
166471.44 3.1228e-15 166943.39 3 
167315.77 3.1065e-15 167790.11 3 
168160.16 3.1057e-15 168636.89 3 
169004.58 3.1672e-15 169483.70 3 
169848.87 3.4571e-15 170330.39 3 
170693.29 3.5264e-15 171177.20 3 
171537.69 3.1681e-15 172024.00 3 
172381.98 3.0804e-15 172870.69 3 
173226.40 3.1197e-15 173717.50 3 
174070.81 3.0107e-15 174564.30 3 
174915.21 2.8065e-15 175411.09 3 
175759.52 2.6283e-15 176257.80 3 
176603.94 2.5600e-15 177104.61 3 
177448.32 2.5398e-15 177951.39 3 
178292.65 2.5073e-15 178798.11 3 
179137.05 2.4705e-15 179644.91 3 
179981.46 2.3839e-15 180491.70 3 
180825.77 2.3231e-15 181338.41 3 
181670.15 2.3063e-15 182185.19 3 
182514.57 2.3126e-15 183032.00 3 
183358.88 2.3430e-15 183878.70 3 
184203.28 2.3242e-15 184725.50 3 
185047.69 2.3517e-15 185572.30 3 
185891.98 2.5452e-15 186418.98 3 
186736.40 3.2234e-15 187265.80 3 
187580.82 2.9835e-15 188112.61 3 
188425.22 2.5491e-15 188959.41 3 
189269.51 2.4069e-15 189806.09 3 
190113.93 2.3874e-15 190652.91 3 
190958.32 2.4215e-15 191499.69 3 
191802.65 2.4336e-15 192346.41 3 
192647.05 2.4468e-15 193193.20 3 
193491.45 2.4696e-15 194040.00 3 
194335.76 2.4718e-15 194886.70 3 
195180.18 2.5177e-15 195733.52 3 
196024.57 2.5500e-15 196580.30 3 
196868.88 2.5637e-15 197427.00 3 
197713.28 2.5688e-15 198273.80 3 
198557.68 2.6006e-15 199120.59 3 
199402.01 2.6393e-15 199967.31 3 
200246.40 2.6576e-15 200814.09 3 
201090.81 2.6788e-15 201660.91 3 
201935.22 2.6984e-15 202507.70 3 
202779.51 2.7204e-15 203354.39 3 
203623.93 2.7433e-15 204201.20 3 
205312.64 2.7096e-15 205894.70 3 
207001.45 2.8392e-15 207588.30 3 
208690.18 2.9334e-15 209281.81 3 
210378.87 2.8070e-15 210975.30 3 
212067.68 2.9151e-15 212668.89 3 
213756.39 3.0235e-15 214362.39 3 
215445.21 3.0088e-15 216056.00 3 
217133.93 3.0311e-15 217749.50 3 
218822.64 3.0834e-15 219443.00 3 
220511.46 3.1494e-15 221136.61 3 
222200.17 3.1728e-15 222830.11 3 
223888.87 3.1920e-15 224523.59 3 
225577.67 3.2055e-15 226217.19 3 
227266.40 3.2868e-15 227910.70 3 
228955.21 3.3076e-15 229604.30 3 
230643.92 3.3045e-15 231297.80 3 
232332.63 3.3673e-15 232991.30 3 
234021.46 3.4561e-15 234684.91 3 
235710.17 3.4976e-15 236378.41 3 
237398.88 3.5266e-15 238071.91 3 
239087.67 3.5662e-15 239765.48 3 
240776.40 3.6103e-15 241459.00 3 
242465.20 3.6423e-15 243152.59 3 
244153.92 3.6521e-15 244846.09 3 
245842.63 3.6910e-15 246539.59 3 
247531.45 3.7947e-15 248233.20 3 
249220.16 3.8203e-15 249926.70 3 
250908.88 3.8181e-15 251620.20 3 
252597.70 3.8889e-15 253313.81 3 
254286.41 3.9831e-15 255007.31 3 
255975.20 4.0265e-15 256700.89 3 
257663.91 4.0713e-15 258394.39 3 
259352.63 4.1964e-15 260087.89 3 
261041.45 4.1588e-15 261781.50 3 
262730.16 4.1482e-15 263475.00 3 
264418.87 4.1200e-15 265168.50 3 
266107.68 4.1502e-15 266862.09 3 
267796.39 4.2386e-15 268555.59 3 
269485.20 4.2784e-15 270249.19 3 
271173.91 4.2599e-15 271942.69 3 
272862.65 4.2657e-15 273636.22 3 
274551.46 4.3487e-15 275329.81 3 
276240.14 4.4313e-15 277023.28 3 
277928.85 4.4736e-15 278716.78 3 
279617.69 4.4548e-15 280410.41 3 
281306.40 4.5103e-15 282103.91 3 
282995.21 4.4932e-15 283797.50 3 
284683.92 4.5421e-15 285491.00 3 
286372.63 4.5982e-15 287184.50 3 
288061.44 4.5965e-15 288878.09 3 
289750.15 4.6081e-15 290571.59 3 
291438.86 4.6224e-15 292265.09 3 
293127.67 4.6981e-15 293958.69 3 
294816.38 4.7427e-15 295652.19 3 
296505.19 4.7831e-15 297345.78 3 
298193.93 4.8496e-15 299039.31 3 
299882.65 4.8632e-15 300732.81 3 
301571.45 4.8775e-15 302426.41 3 
303260.16 4.9085e-15 304119.91 3 
304948.88 4.9069e-15 305813.41 3 
306637.68 4.9928e-15 307507.00 3 
308326.39 5.0370e-15 309200.50 3 
310015.20 5.0337e-15 310894.09 3 
311703.91 5.0904e-15 312587.59 3 
313392.63 5.1035e-15 314281.09 3 
315081.43 5.2124e-15 315974.69 3 
316770.18 5.2314e-15 317668.22 3 
318458.89 5.1944e-15 319361.72 3 
320147.69 5.2208e-15 321055.31 3 
321836.38 5.3120e-15 322748.78 3 
323525.21 5.4420e-15 324442.41 3 
325213.92 5.5810e-15 326135.91 3 
326902.64 5.6366e-15 327829.41 3 
328591.44 5.7047e-15 329523.00 3 
330280.16 5.7543e-15 331216.50 3 
331968.87 5.9275e-15 332910.00 3 
333657.71 6.2274e-15 334603.62 3 
335346.42 6.1795e-15 336297.12 3 
337035.19 6.0292e-15 337990.69 3 
338723.91 6.0352e-15 339684.19 3 
340412.65 5.8830e-15 341377.72 3 
342101.42 5.8770e-15 343071.28 3 
343790.14 5.8643e-15 344764.78 3 
345478.85 6.4230e-15 346458.28 3 
347167.69 7.3323e-15 348151.91 3 
348856.37 7.0584e-15 349845.38 3 
