# An Atlas of Galaxy Spectral Energy Distributions from the Ultraviolet to the Mid-Infrared
# Brown et al. (2014)
# http://dx.doi.org/10.5072/03/529D3551F0117
# 
# Column 1 : Restframe Wavelength (Angstrom)
# Column 2 : Flux per unit wavelength (ergs/s/cm^2/Angstrom)
# Column 3 : Observed wavelength (Angstrom)
# Column 4 : Source (0 = model, 1 = Optical Spectrum, 2 = Akari, 3 = Spitzer IRS)
# 
   102.05 2.0749e-20    102.09 0 
   103.95 2.4265e-20    103.99 0 
   105.88 2.9443e-20    105.93 0 
   108.10 3.5809e-20    108.14 0 
   110.11 5.4074e-20    110.15 0 
   113.98 7.5160e-20    114.02 0 
   117.98 9.8625e-20    118.03 0 
   121.01 2.5351e-19    121.06 0 
   124.97 3.3496e-19    125.03 0 
   127.00 3.8105e-19    127.06 0 
   127.88 4.0831e-19    127.94 0 
   130.86 4.8864e-19    130.92 0 
   132.07 5.5079e-19    132.13 0 
   133.91 6.1516e-19    133.97 0 
   137.03 7.6734e-19    137.09 0 
   139.90 9.0362e-19    139.96 0 
   143.16 1.4125e-18    143.22 0 
   147.17 2.1086e-18    147.23 0 
   150.94 2.5585e-18    151.01 0 
   155.17 3.1045e-18    155.24 0 
   159.15 3.7324e-18    159.22 0 
   162.11 4.2755e-18    162.18 0 
   165.89 5.0814e-18    165.96 0 
   170.14 5.9702e-18    170.22 0 
   172.91 6.7296e-18    172.98 0 
   176.93 7.8341e-18    177.01 0 
   179.81 8.7496e-18    179.89 0 
   181.89 9.4403e-18    181.97 0 
   186.13 1.0839e-17    186.21 0 
   190.90 1.2793e-17    190.99 0 
   194.00 1.4125e-17    194.09 0 
   198.07 1.5995e-17    198.15 0 
   202.21 1.8030e-17    202.30 0 
   205.03 1.9678e-17    205.12 0 
   209.80 2.2130e-17    209.89 0 
   216.18 2.6606e-17    216.27 0 
   220.20 2.9511e-17    220.29 0 
   222.75 3.1695e-17    222.84 0 
   226.89 3.5074e-17    226.99 0 
   230.04 5.8477e-17    230.14 0 
   233.78 9.8172e-17    233.88 0 
   239.78 1.3489e-16    239.88 0 
   245.93 1.4125e-16    246.04 0 
   252.24 1.5848e-16    252.35 0 
   256.93 1.3677e-16    257.04 0 
   259.90 1.6865e-16    260.02 0 
   264.13 1.8492e-16    264.24 0 
   269.04 1.9453e-16    269.15 0 
   274.04 2.0417e-16    274.16 0 
   279.13 2.1183e-16    279.25 0 
   284.32 2.2284e-16    284.45 0 
   290.28 2.2542e-16    290.40 0 
   295.67 2.3932e-16    295.80 0 
   301.17 2.3442e-16    301.30 0 
   308.18 2.5351e-16    308.32 0 
   318.28 2.7925e-16    318.42 0 
   327.95 2.9647e-16    328.10 0 
   337.92 3.1045e-16    338.06 0 
   348.19 3.2358e-16    348.34 0 
   357.12 3.3883e-16    357.27 0 
   366.28 3.5726e-16    366.44 0 
   374.81 3.6812e-16    374.97 0 
   385.31 3.6812e-16    385.48 0 
   395.19 3.9173e-16    395.37 0 
   405.33 4.0737e-16    405.51 0 
   413.82 4.1590e-16    414.00 0 
   422.48 4.2071e-16    422.67 0 
   430.34 4.2363e-16    430.53 0 
   441.38 4.3852e-16    441.57 0 
   450.62 4.4564e-16    450.82 0 
   460.06 4.4770e-16    460.26 0 
   469.69 4.5288e-16    469.89 0 
   479.52 4.6237e-16    479.73 0 
   489.56 4.6130e-16    489.78 0 
   499.82 4.7314e-16    500.03 0 
   505.60 4.9430e-16    505.82 0 
   511.46 6.1374e-16    511.68 0 
   519.77 6.1374e-16    520.00 0 
   529.43 6.1516e-16    529.66 0 
   540.52 5.9839e-16    540.75 0 
   550.57 6.3385e-16    550.81 0 
   559.51 6.8547e-16    559.76 0 
   569.92 7.1283e-16    570.16 0 
   580.51 7.0305e-16    580.76 0 
   589.94 7.4129e-16    590.20 0 
   599.53 7.3449e-16    599.79 0 
   610.68 7.4129e-16    610.94 0 
   620.60 8.2983e-16    620.87 0 
   630.68 8.4525e-16    630.96 0 
   639.46 8.6494e-16    639.73 0 
   649.85 8.9740e-16    650.13 0 
   657.37 9.0779e-16    657.66 0 
   664.98 9.4621e-16    665.27 0 
   674.23 9.7048e-16    674.53 0 
   685.19 9.5497e-16    685.49 0 
   694.72 1.0617e-15    695.02 0 
   704.39 1.0233e-15    704.69 0 
   715.83 1.1481e-15    716.14 0 
   725.79 1.1776e-15    726.11 0 
   734.19 1.2106e-15    734.51 0 
   744.41 1.2735e-15    744.73 0 
   754.76 1.3182e-15    755.09 0 
   765.26 1.3396e-15    765.60 0 
   774.12 1.4321e-15    774.46 0 
   784.89 1.4996e-15    785.24 0 
   795.81 1.5559e-15    796.16 0 
   805.03 1.6069e-15    805.38 0 
   814.35 1.6595e-15    814.70 0 
   825.68 1.7579e-15    826.04 0 
   835.24 1.6368e-15    835.60 0 
   844.91 1.8663e-15    845.28 0 
   854.69 1.9319e-15    855.07 0 
   864.59 2.0370e-15    864.97 0 
   874.60 2.1428e-15    874.98 0 
   884.73 2.2646e-15    885.12 0 
   894.97 2.3659e-15    895.36 0 
   905.34 2.4265e-15    905.73 0 
   915.82 3.5974e-15    916.22 0 
   924.29 1.8155e-14    924.70 0 
   935.00 4.0925e-14    935.41 0 
   945.82 1.1143e-13    946.24 0 
   954.58 2.3768e-13    954.99 0 
   965.63 3.2508e-13    966.05 0 
   974.56 7.1448e-14    974.99 0 
   985.85 5.1403e-13    986.28 0 
   994.97 5.4826e-13    995.41 0 
  1004.18 6.6832e-13   1004.62 0 
  1015.80 4.9772e-13   1016.25 0 
  1025.20 8.4720e-14   1025.65 0 
  1034.69 3.4355e-13   1035.14 0 
  1044.26 7.9614e-13   1044.72 0 
  1053.93 8.5701e-13   1054.39 0 
  1066.13 7.5333e-13   1066.60 0 
  1076.00 8.6894e-13   1076.47 0 
  1085.95 7.4815e-13   1086.43 0 
  1096.00 8.8713e-13   1096.48 0 
  1106.14 8.5701e-13   1106.62 0 
  1113.81 8.3751e-13   1114.29 0 
  1124.11 8.1281e-13   1124.61 0 
  1134.52 9.1409e-13   1135.01 0 
  1145.01 8.4720e-13   1145.51 0 
  1155.61 8.8102e-13   1156.11 0 
  1166.30 9.3323e-13   1166.81 0 
  1174.38 8.1094e-13   1174.90 0 
  1185.25 8.9740e-13   1185.77 0 
  1196.22 5.8612e-13   1196.74 0 
  1204.51 4.1209e-13   1205.04 0 
  1215.65 9.4839e-14   1216.19 0 
  1224.08 4.1019e-13   1224.62 0 
  1235.41 8.1281e-13   1235.95 0 
  1243.97 9.4621e-13   1244.51 0 
  1255.48 9.3970e-13   1256.03 0 
  1264.18 7.8702e-13   1264.74 0 
  1275.88 9.9080e-13   1276.44 0 
  1284.73 1.0327e-12   1285.29 0 
  1293.63 9.1619e-13   1294.20 0 
  1305.60 8.9123e-13   1306.17 0 
  1314.65 1.0233e-12   1315.22 0 
  1323.76 9.9538e-13   1324.34 0 
  1336.01 9.2042e-13   1336.60 0 
  1345.27 1.0280e-12   1345.86 0 
  1354.60 9.9997e-13   1355.19 0 
  1363.99 9.3970e-13   1364.58 0 
  1373.44 9.7048e-13   1374.04 0 
  1386.15 9.9309e-13   1386.76 0 
  1395.76 9.5717e-13   1396.37 0 
  1405.43 9.8172e-13   1406.05 0 
  1415.18 9.5717e-13   1415.79 0 
  1424.99 9.6602e-13   1425.61 0 
  1434.86 9.5717e-13   1435.49 0 
  1441.49 9.8625e-13   1442.12 0 
  1448.14 9.9538e-13   1448.77 0 
  1454.82 9.7946e-13   1455.46 0 
  1464.91 9.4621e-13   1465.55 0 
  1475.06 9.3323e-13   1475.71 0 
  1485.29 9.3108e-13   1485.94 0 
  1495.58 9.3753e-13   1496.24 0 
  1505.95 9.2042e-13   1506.61 0 
  1512.90 8.7094e-13   1513.56 0 
  1516.39 9.0571e-13   1517.05 0 
  1523.39 8.7900e-13   1524.05 0 
  1533.95 8.2601e-13   1534.62 0 
  1544.58 8.8509e-13   1545.25 0 
  1555.29 8.4137e-13   1555.97 0 
  1566.07 8.2792e-13   1566.75 0 
  1573.30 8.5899e-13   1573.98 0 
  1584.20 8.7900e-13   1584.89 0 
  1595.18 8.9947e-13   1595.88 0 
  1606.24 8.6295e-13   1606.94 0 
  1613.65 8.6694e-13   1614.36 0 
  1624.84 8.3174e-13   1625.55 0 
  1636.10 8.5308e-13   1636.82 0 
  1643.65 8.5504e-13   1644.37 0 
  1655.05 7.9981e-13   1655.77 0 
  1666.52 8.6295e-13   1667.25 0 
  1670.36 8.0907e-13   1671.09 0 
  1678.07 8.4137e-13   1678.80 0 
  1685.82 8.6494e-13   1686.55 0 
  1693.60 8.3366e-13   1694.34 0 
  1705.34 8.0907e-13   1706.08 0 
  1713.21 7.8702e-13   1713.96 0 
  1725.08 7.8161e-13   1725.84 0 
  1733.05 8.0907e-13   1733.80 0 
  1745.06 7.8884e-13   1745.82 0 
  1753.11 8.2222e-13   1753.88 0 
  1765.27 7.6206e-13   1766.04 0 
  1773.41 7.9614e-13   1774.19 0 
  1785.71 7.9797e-13   1786.49 0 
  1793.95 8.1844e-13   1794.73 0 
  1806.38 8.1281e-13   1807.17 0 
  1814.72 7.8521e-13   1815.52 0 
  1823.10 7.8702e-13   1823.90 0 
  1835.74 7.6734e-13   1836.54 0 
  1844.21 7.3112e-13   1845.02 0 
  1856.99 7.2441e-13   1857.80 0 
  1865.56 7.3280e-13   1866.38 0 
  1874.18 7.6557e-13   1874.99 0 
  1887.17 7.2944e-13   1887.99 0 
  1895.88 7.0793e-13   1896.71 0 
  1904.63 7.3619e-13   1905.46 0 
  1913.42 7.1448e-13   1914.26 0 
  1926.68 7.0793e-13   1927.53 0 
  1935.58 7.1448e-13   1936.42 0 
  1944.51 7.3449e-13   1945.36 0 
  1953.49 7.0305e-13   1954.34 0 
  1967.03 7.3449e-13   1967.89 0 
  1976.11 7.4300e-13   1976.97 0 
  1985.23 7.1777e-13   1986.10 0 
  1994.39 6.9821e-13   1995.26 0 
  2003.60 7.0793e-13   2004.47 0 
  2012.84 6.9341e-13   2013.72 0 
  2026.80 7.1283e-13   2027.68 0 
  2036.15 6.9341e-13   2037.04 0 
  2045.55 6.9982e-13   2046.45 0 
  2054.99 6.7606e-13   2055.89 0 
  2064.48 6.8232e-13   2065.38 0 
  2074.01 6.9982e-13   2074.91 0 
  2078.79 6.8705e-13   2079.70 0 
  2083.58 6.9661e-13   2084.49 0 
  2093.20 6.7296e-13   2094.11 0 
  2102.86 6.7918e-13   2103.78 0 
  2117.44 6.7762e-13   2118.36 0 
  2127.21 6.8389e-13   2128.14 0 
  2137.03 6.5613e-13   2137.96 0 
  2146.89 6.6525e-13   2147.83 0 
  2156.80 6.7141e-13   2157.74 0 
  2166.76 6.5161e-13   2167.70 0 
  2176.76 6.4712e-13   2177.71 0 
  2186.81 6.4267e-13   2187.76 0 
  2196.90 6.6067e-13   2197.86 0 
  2207.04 6.4267e-13   2208.01 0 
  2217.23 6.2372e-13   2218.20 0 
  2227.46 6.0812e-13   2228.44 0 
  2232.60 6.3825e-13   2233.57 0 
  2242.90 6.1658e-13   2243.88 0 
  2253.25 6.0116e-13   2254.24 0 
  2263.66 6.0532e-13   2264.64 0 
  2274.10 6.1516e-13   2275.10 0 
  2284.60 6.2228e-13   2285.60 0 
  2295.15 6.0116e-13   2296.15 0 
  2305.74 5.9854e-13   2306.75 0 
  2316.38 5.8650e-13   2317.39 0 
  2327.07 5.0984e-13   2328.09 0 
  2332.44 5.6562e-13   2333.46 0 
  2343.20 5.4287e-13   2344.23 0 
  2354.02 5.6737e-13   2355.05 0 
  2364.89 5.3956e-13   2365.92 0 
  2375.80 5.5235e-13   2376.84 0 
  2386.77 5.2286e-13   2387.81 0 
  2392.27 5.4510e-13   2393.32 0 
  2403.31 5.2924e-13   2404.36 0 
  2414.41 5.3435e-13   2415.46 0 
  2425.55 5.5081e-13   2426.61 0 
  2436.75 5.3110e-13   2437.81 0 
  2442.36 5.4988e-13   2443.43 0 
  2453.64 5.4256e-13   2454.71 0 
  2464.96 5.3657e-13   2466.04 0 
  2476.34 5.2458e-13   2477.42 0 
  2487.77 5.3702e-13   2488.86 0 
  2493.51 5.2249e-13   2494.60 0 
  2505.01 5.4735e-13   2506.11 0 
  2510.79 5.1803e-13   2511.89 0 
  2516.58 5.2293e-13   2517.68 0 
  2522.38 5.0412e-13   2523.48 0 
  2534.02 5.0434e-13   2535.13 0 
  2545.72 5.0108e-13   2546.83 0 
  2557.47 5.2131e-13   2558.59 0 
  2563.36 5.1308e-13   2564.48 0 
  2575.20 5.3012e-13   2576.32 0 
  2587.08 5.2791e-13   2588.21 0 
  2593.05 5.2318e-13   2594.18 0 
  2605.01 5.0915e-13   2606.15 0 
  2617.04 5.0470e-13   2618.18 0 
  2623.07 5.1301e-13   2624.22 0 
  2635.18 5.2038e-13   2636.33 0 
  2647.34 5.4892e-13   2648.50 0 
  2653.45 5.5158e-13   2654.61 0 
  2665.69 5.2699e-13   2666.86 0 
  2678.00 5.3826e-13   2679.17 0 
  2684.17 5.3838e-13   2685.34 0 
  2696.56 5.2154e-13   2697.74 0 
  2702.78 5.2770e-13   2703.96 0 
  2715.25 5.0884e-13   2716.44 0 
  2727.79 5.0440e-13   2728.98 0 
  2734.07 5.1865e-13   2735.27 0 
  2746.69 4.7981e-13   2747.89 0 
  2753.03 4.8437e-13   2754.23 0 
  2765.73 4.9702e-13   2766.94 0 
  2772.11 5.0871e-13   2773.32 0 
  2784.90 4.9394e-13   2786.12 0 
  2797.76 4.3639e-13   2798.98 0 
  2804.21 4.5601e-13   2805.43 0 
  2817.15 5.0371e-13   2818.38 0 
  2823.65 5.0966e-13   2824.88 0 
  2836.68 4.9829e-13   2837.92 0 
  2843.22 4.8594e-13   2844.46 0 
  2856.34 4.7511e-13   2857.59 0 
  2862.93 4.9991e-13   2864.18 0 
  2876.14 5.0015e-13   2877.40 0 
  2882.77 4.9912e-13   2884.03 0 
  2896.08 5.0051e-13   2897.34 0 
  2909.45 5.1954e-13   2910.72 0 
  2929.61 5.0459e-13   2930.89 0 
  2949.92 4.9688e-13   2951.21 0 
  2970.37 4.9839e-13   2971.67 0 
  2990.96 4.9647e-13   2992.27 0 
  3011.69 4.9798e-13   3013.01 0 
  3032.57 4.9721e-13   3033.89 0 
  3046.56 4.9631e-13   3047.89 0 
  3067.68 4.9441e-13   3069.02 0 
  3088.95 4.9251e-13   3090.30 0 
  3110.36 4.9175e-13   3111.72 0 
  3131.92 4.8538e-13   3133.29 0 
  3153.63 4.8352e-13   3155.01 0 
  3168.18 4.8489e-13   3169.57 0 
  3190.14 4.6987e-13   3191.54 0 
  3212.26 4.7788e-13   3213.66 0 
  3227.08 4.6511e-13   3228.49 0 
  3249.45 4.8072e-13   3250.87 0 
  3271.98 4.9005e-13   3273.41 0 
  3287.08 4.8582e-13   3288.52 0 
  3309.86 4.8176e-13   3311.31 0 
  3325.14 4.5192e-13   3326.60 0 
  3332.81 4.5518e-13   3334.26 0 
  3340.49 4.3082e-13   3341.95 0 
  3348.19 4.6070e-13   3349.66 0 
  3355.91 4.4211e-13   3357.38 0 
  3363.65 4.1272e-13   3365.12 0 
  3371.40 4.1569e-13   3372.87 0 
  3379.17 4.4863e-13   3380.65 0 
  3386.96 4.5083e-13   3388.44 0 
  3394.77 4.4992e-13   3396.25 0 
  3402.60 4.5946e-13   3404.08 0 
  3410.44 4.2793e-13   3411.93 0 
  3418.30 4.4004e-13   3419.79 0 
  3426.18 4.5458e-13   3427.68 0 
  3434.08 4.5997e-13   3435.58 0 
  3441.99 4.4041e-13   3443.50 0 
  3449.93 4.3549e-13   3451.44 0 
  3457.88 4.3261e-13   3459.39 0 
  3465.85 4.2778e-13   3467.37 0 
  3473.84 4.4807e-13   3475.36 0 
  3481.85 4.3598e-13   3483.37 0 
  3489.88 4.5039e-13   3491.40 0 
  3497.92 4.3422e-13   3499.45 0 
  3505.99 4.4140e-13   3507.52 0 
  3514.07 4.3148e-13   3515.60 0 
  3522.17 4.4883e-13   3523.71 0 
  3530.29 4.3073e-13   3531.83 0 
  3538.43 4.4909e-13   3539.97 0 
  3546.58 4.5651e-13   3548.13 0 
  3554.76 4.6193e-13   3556.31 0 
  3562.95 4.5051e-13   3564.51 0 
  3571.17 4.3434e-13   3572.73 0 
  3579.40 4.2068e-13   3580.96 0 
  3587.65 4.0372e-13   3589.22 0 
  3595.92 4.2678e-13   3597.49 0 
  3604.21 4.4089e-13   3605.79 0 
  3611.71 3.9678e-13   3613.29 1 
  3614.46 6.6701e-13   3616.04 1 
  3617.21 5.2502e-13   3618.79 1 
  3619.96 2.8744e-13   3621.54 1 
  3622.71 3.1373e-13   3624.29 1 
  3625.46 3.5998e-13   3627.04 1 
  3628.20 2.6746e-13   3629.79 1 
  3630.95 4.0207e-13   3632.54 1 
  3633.70 5.2257e-13   3635.29 1 
  3636.45 5.2257e-13   3638.04 1 
  3639.20 3.8827e-13   3640.79 1 
  3641.95 6.4564e-13   3643.54 1 
  3644.70 5.9240e-13   3646.29 1 
  3647.45 2.1208e-13   3649.04 1 
  3650.19 4.0836e-13   3651.79 1 
  3652.94 3.6531e-13   3654.54 1 
  3655.69 4.0361e-13   3657.29 1 
  3658.44 4.8433e-13   3660.04 1 
  3661.19 5.3240e-13   3662.79 1 
  3663.94 5.5405e-13   3665.54 1 
  3666.69 5.8673e-13   3668.29 1 
  3669.44 3.6406e-13   3671.04 1 
  3672.19 2.4870e-13   3673.79 1 
  3674.93 4.1396e-13   3676.54 1 
  3677.68 4.5203e-13   3679.29 1 
  3680.43 4.4921e-13   3682.04 1 
  3683.18 6.5749e-13   3684.79 1 
  3685.93 5.5994e-13   3687.54 1 
  3688.68 4.9236e-13   3690.29 1 
  3691.43 3.9427e-13   3693.04 1 
  3694.18 7.0812e-13   3695.79 1 
  3696.92 6.1596e-13   3698.54 1 
  3699.67 4.9029e-13   3701.29 1 
  3702.42 6.6238e-13   3704.04 1 
  3705.17 4.3774e-13   3706.79 1 
  3707.92 3.9817e-13   3709.54 1 
  3710.67 4.6539e-13   3712.29 1 
  3713.42 5.6672e-13   3715.04 1 
  3716.17 3.3696e-13   3717.79 1 
  3718.91 4.5259e-13   3720.54 1 
  3721.66 5.0579e-13   3723.29 1 
  3724.41 1.2000e-12   3726.04 1 
  3727.16 1.4119e-12   3728.79 1 
  3729.91 1.4146e-12   3731.54 1 
  3732.66 1.0608e-12   3734.29 1 
  3735.41 6.4780e-13   3737.04 1 
  3738.16 3.2826e-13   3739.79 1 
  3740.91 3.5139e-13   3742.54 1 
  3743.65 4.7291e-13   3745.29 1 
  3746.40 5.5585e-13   3748.04 1 
  3749.15 4.7875e-13   3750.79 1 
  3751.90 2.1292e-13   3753.54 1 
  3754.65 3.5445e-13   3756.29 1 
  3757.40 5.0176e-13   3759.04 1 
  3760.15 4.9280e-13   3761.79 1 
  3762.90 4.8378e-13   3764.54 1 
  3765.64 4.8217e-13   3767.29 1 
  3768.39 4.9779e-13   3770.04 1 
  3771.14 4.3869e-13   3772.79 1 
  3773.89 6.0993e-13   3775.54 1 
  3776.64 5.4052e-13   3778.29 1 
  3779.39 6.2650e-13   3781.04 1 
  3782.14 5.3323e-13   3783.79 1 
  3784.89 6.1761e-13   3786.54 1 
  3787.63 6.4341e-13   3789.29 1 
  3790.38 6.0228e-13   3792.04 1 
  3793.13 5.5704e-13   3794.79 1 
  3795.88 5.6278e-13   3797.54 1 
  3798.63 4.8499e-13   3800.29 1 
  3801.38 4.4526e-13   3803.04 1 
  3804.13 4.9741e-13   3805.79 1 
  3806.88 5.0771e-13   3808.54 1 
  3809.63 5.7576e-13   3811.29 1 
  3812.37 5.3821e-13   3814.04 1 
  3815.12 5.6222e-13   3816.79 1 
  3817.87 5.9764e-13   3819.54 1 
  3820.62 6.9207e-13   3822.29 1 
  3823.37 6.6085e-13   3825.04 1 
  3826.12 5.7877e-13   3827.79 1 
  3828.87 6.0561e-13   3830.54 1 
  3831.62 4.5193e-13   3833.29 1 
  3834.36 3.5628e-13   3836.04 1 
  3837.11 4.0402e-13   3838.79 1 
  3839.86 4.6032e-13   3841.54 1 
  3842.61 4.9447e-13   3844.29 1 
  3845.36 6.0367e-13   3847.04 1 
  3848.11 6.4350e-13   3849.79 1 
  3850.86 6.0512e-13   3852.54 1 
  3853.61 5.8274e-13   3855.29 1 
  3856.35 6.0155e-13   3858.04 1 
  3859.10 6.2247e-13   3860.79 1 
  3861.85 5.7852e-13   3863.54 1 
  3864.60 6.0473e-13   3866.29 1 
  3867.35 7.3439e-13   3869.04 1 
  3870.10 8.0037e-13   3871.79 1 
  3872.85 7.8904e-13   3874.54 1 
  3875.60 7.6064e-13   3877.29 1 
  3878.35 6.7492e-13   3880.04 1 
  3881.09 7.2716e-13   3882.79 1 
  3883.84 7.1679e-13   3885.54 1 
  3886.59 6.7893e-13   3888.29 1 
  3889.34 7.0012e-13   3891.04 1 
  3892.09 6.5841e-13   3893.79 1 
  3894.84 7.7150e-13   3896.54 1 
  3897.59 7.7229e-13   3899.29 1 
  3900.34 7.6314e-13   3902.04 1 
  3903.08 8.0481e-13   3904.79 1 
  3905.83 8.9308e-13   3907.54 1 
  3908.58 8.3278e-13   3910.29 1 
  3911.33 8.5286e-13   3913.04 1 
  3914.08 8.5530e-13   3915.79 1 
  3916.83 7.1904e-13   3918.54 1 
  3919.58 5.8628e-13   3921.29 1 
  3922.33 5.2775e-13   3924.04 1 
  3925.07 4.8431e-13   3926.79 1 
  3927.82 5.3735e-13   3929.54 1 
  3930.57 5.5155e-13   3932.29 1 
  3933.32 5.0604e-13   3935.04 1 
  3936.07 4.8137e-13   3937.79 1 
  3938.82 6.2953e-13   3940.54 1 
  3941.57 5.8858e-13   3943.29 1 
  3944.32 5.7372e-13   3946.04 1 
  3947.07 6.5269e-13   3948.79 1 
  3949.81 5.2814e-13   3951.54 1 
  3952.56 5.3866e-13   3954.29 1 
  3955.31 6.7973e-13   3957.04 1 
  3958.06 4.6484e-13   3959.79 1 
  3960.81 5.6681e-13   3962.54 1 
  3963.56 5.0155e-13   3965.29 1 
  3966.31 3.6450e-13   3968.04 1 
  3969.06 4.6729e-13   3970.79 1 
  3971.80 4.2763e-13   3973.54 1 
  3974.55 5.7817e-13   3976.29 1 
  3977.30 5.9678e-13   3979.04 1 
  3980.05 6.2330e-13   3981.79 1 
  3982.80 5.4215e-13   3984.54 1 
  3985.55 6.8603e-13   3987.29 1 
  3988.30 6.8404e-13   3990.04 1 
  3991.05 7.5359e-13   3992.79 1 
  3993.79 8.0736e-13   3995.54 1 
  3996.54 7.4246e-13   3998.29 1 
  3999.29 7.5773e-13   4001.04 1 
  4002.04 7.0924e-13   4003.79 1 
  4004.79 6.0932e-13   4006.54 1 
  4007.54 7.0809e-13   4009.29 1 
  4010.29 6.5499e-13   4012.04 1 
  4013.04 6.3497e-13   4014.79 1 
  4015.79 8.3068e-13   4017.54 1 
  4018.53 7.4718e-13   4020.29 1 
  4021.28 6.7227e-13   4023.04 1 
  4024.03 6.5579e-13   4025.79 1 
  4026.78 6.7255e-13   4028.54 1 
  4029.53 5.0081e-13   4031.29 1 
  4032.28 6.6248e-13   4034.04 1 
  4035.03 6.4971e-13   4036.79 1 
  4037.78 6.7605e-13   4039.54 1 
  4040.52 7.2545e-13   4042.29 1 
  4043.27 6.5960e-13   4045.04 1 
  4046.02 7.0337e-13   4047.79 1 
  4048.77 6.2875e-13   4050.54 1 
  4051.52 6.5398e-13   4053.29 1 
  4054.27 6.3979e-13   4056.04 1 
  4057.02 6.7808e-13   4058.79 1 
  4059.77 7.3747e-13   4061.54 1 
  4062.51 7.2884e-13   4064.29 1 
  4065.26 7.2565e-13   4067.04 1 
  4068.01 7.6284e-13   4069.79 1 
  4070.76 6.3573e-13   4072.54 1 
  4073.51 7.3006e-13   4075.29 1 
  4076.26 7.5083e-13   4078.04 1 
  4079.01 6.1859e-13   4080.79 1 
  4081.76 6.2444e-13   4083.54 1 
  4084.51 5.7517e-13   4086.29 1 
  4087.25 5.6954e-13   4089.04 1 
  4090.00 6.7119e-13   4091.79 1 
  4092.75 5.9292e-13   4094.54 1 
  4095.50 5.3269e-13   4097.29 1 
  4098.25 6.7366e-13   4100.04 1 
  4101.00 6.0081e-13   4102.79 1 
  4103.75 5.3058e-13   4105.54 1 
  4106.50 5.1524e-13   4108.29 1 
  4109.24 6.0192e-13   4111.04 1 
  4111.99 7.2339e-13   4113.79 1 
  4114.74 6.8992e-13   4116.54 1 
  4117.49 7.3377e-13   4119.29 1 
  4120.24 6.9644e-13   4122.04 1 
  4122.99 7.0941e-13   4124.79 1 
  4125.74 6.5441e-13   4127.54 1 
  4128.49 6.4600e-13   4130.29 1 
  4131.23 7.3221e-13   4133.04 1 
  4133.98 6.9383e-13   4135.79 1 
  4136.73 7.3377e-13   4138.54 1 
  4139.48 7.8282e-13   4141.29 1 
  4142.23 7.3153e-13   4144.04 1 
  4144.98 6.9259e-13   4146.79 1 
  4147.73 7.0835e-13   4149.54 1 
  4150.48 7.3793e-13   4152.29 1 
  4153.23 6.9969e-13   4155.04 1 
  4155.97 6.7936e-13   4157.79 1 
  4158.72 7.6560e-13   4160.54 1 
  4161.47 7.8318e-13   4163.29 1 
  4164.22 7.6068e-13   4166.04 1 
  4166.97 7.2835e-13   4168.79 1 
  4169.72 6.2473e-13   4171.54 1 
  4172.47 6.7291e-13   4174.29 1 
  4175.22 7.1292e-13   4177.04 1 
  4177.96 6.6993e-13   4179.79 1 
  4180.71 6.5273e-13   4182.54 1 
  4183.46 7.2832e-13   4185.29 1 
  4186.21 7.2060e-13   4188.04 1 
  4188.96 6.7334e-13   4190.79 1 
  4191.71 6.8766e-13   4193.54 1 
  4194.46 7.2147e-13   4196.29 1 
  4197.21 7.4499e-13   4199.04 1 
  4199.95 7.0438e-13   4201.79 1 
  4202.70 6.9278e-13   4204.54 1 
  4205.45 7.2046e-13   4207.29 1 
  4208.20 7.6060e-13   4210.04 1 
  4210.95 7.4345e-13   4212.79 1 
  4213.70 7.0093e-13   4215.54 1 
  4216.45 6.7549e-13   4218.29 1 
  4219.20 7.1814e-13   4221.04 1 
  4221.95 7.3297e-13   4223.79 1 
  4224.69 6.6010e-13   4226.54 1 
  4227.44 6.9374e-13   4229.29 1 
  4230.19 7.3711e-13   4232.04 1 
  4232.94 6.7930e-13   4234.79 1 
  4235.69 6.9860e-13   4237.54 1 
  4238.44 7.1716e-13   4240.29 1 
  4241.19 6.6650e-13   4243.04 1 
  4243.94 6.7832e-13   4245.79 1 
  4246.68 7.0727e-13   4248.54 1 
  4249.43 6.8321e-13   4251.29 1 
  4252.18 6.9171e-13   4254.04 1 
  4254.93 7.0773e-13   4256.79 1 
  4257.68 7.2661e-13   4259.54 1 
  4260.43 7.4502e-13   4262.29 1 
  4263.18 7.7501e-13   4265.04 1 
  4265.93 7.2642e-13   4267.79 1 
  4268.67 6.8964e-13   4270.54 1 
  4271.42 6.7033e-13   4273.29 1 
  4274.17 6.5714e-13   4276.04 1 
  4276.92 7.1749e-13   4278.79 1 
  4279.67 6.4235e-13   4281.54 1 
  4282.42 6.3672e-13   4284.29 1 
  4285.17 7.1509e-13   4287.04 1 
  4287.92 6.4659e-13   4289.79 1 
  4290.67 6.2665e-13   4292.54 1 
  4293.41 6.7011e-13   4295.29 1 
  4296.16 6.3401e-13   4298.04 1 
  4298.91 6.0358e-13   4300.79 1 
  4301.66 6.1868e-13   4303.54 1 
  4304.41 5.8982e-13   4306.29 1 
  4307.16 6.0007e-13   4309.04 1 
  4309.91 6.5151e-13   4311.79 1 
  4312.66 6.1221e-13   4314.54 1 
  4315.40 6.6862e-13   4317.29 1 
  4318.15 5.9478e-13   4320.04 1 
  4320.90 5.8728e-13   4322.79 1 
  4323.65 6.2339e-13   4325.54 1 
  4326.40 6.5445e-13   4328.29 1 
  4329.15 6.2531e-13   4331.04 1 
  4331.90 6.4711e-13   4333.79 1 
  4334.65 6.7692e-13   4336.54 1 
  4337.39 6.2353e-13   4339.29 1 
  4340.14 7.1798e-13   4342.04 1 
  4342.89 6.5861e-13   4344.79 1 
  4345.64 5.6574e-13   4347.54 1 
  4348.39 6.0854e-13   4350.29 1 
  4351.14 6.9063e-13   4353.04 1 
  4353.89 6.4295e-13   4355.79 1 
  4356.64 5.8418e-13   4358.54 1 
  4359.38 6.1810e-13   4361.29 1 
  4362.13 6.4582e-13   4364.04 1 
  4364.88 6.6469e-13   4366.79 1 
  4367.63 6.6302e-13   4369.54 1 
  4370.38 6.7731e-13   4372.29 1 
  4373.13 6.0486e-13   4375.04 1 
  4375.88 6.3074e-13   4377.79 1 
  4378.63 6.6211e-13   4380.54 1 
  4381.38 5.6950e-13   4383.29 1 
  4384.12 6.2015e-13   4386.04 1 
  4386.87 6.4648e-13   4388.79 1 
  4389.62 6.1870e-13   4391.54 1 
  4392.37 6.6151e-13   4394.29 1 
  4395.12 6.9425e-13   4397.04 1 
  4397.87 6.6762e-13   4399.79 1 
  4400.62 5.9651e-13   4402.54 1 
  4403.37 6.7202e-13   4405.29 1 
  4406.11 6.3583e-13   4408.04 1 
  4408.86 6.2174e-13   4410.79 1 
  4411.61 6.4116e-13   4413.54 1 
  4414.36 6.2587e-13   4416.29 1 
  4417.11 6.7446e-13   4419.04 1 
  4419.86 6.5265e-13   4421.79 1 
  4422.61 6.4100e-13   4424.54 1 
  4425.36 6.3763e-13   4427.29 1 
  4428.10 6.6583e-13   4430.04 1 
  4430.85 7.4296e-13   4432.79 1 
  4433.60 6.6226e-13   4435.54 1 
  4436.35 6.2753e-13   4438.29 1 
  4439.10 6.4138e-13   4441.04 1 
  4441.85 6.4676e-13   4443.79 1 
  4444.60 6.8006e-13   4446.54 1 
  4447.35 6.3923e-13   4449.29 1 
  4450.10 6.9884e-13   4452.04 1 
  4452.84 7.0434e-13   4454.79 1 
  4455.59 7.2624e-13   4457.54 1 
  4458.34 6.8738e-13   4460.29 1 
  4461.09 7.2511e-13   4463.04 1 
  4463.84 6.2024e-13   4465.79 1 
  4466.59 6.5835e-13   4468.54 1 
  4469.34 6.6382e-13   4471.29 1 
  4472.09 7.2225e-13   4474.04 1 
  4474.83 7.1984e-13   4476.79 1 
  4477.58 6.1116e-13   4479.54 1 
  4480.33 6.6052e-13   4482.29 1 
  4483.08 6.4510e-13   4485.04 1 
  4485.83 7.2627e-13   4487.79 1 
  4488.58 6.3851e-13   4490.54 1 
  4491.33 6.7611e-13   4493.29 1 
  4494.08 6.9334e-13   4496.04 1 
  4496.82 7.0857e-13   4498.79 1 
  4499.57 6.3210e-13   4501.54 1 
  4502.32 7.1609e-13   4504.29 1 
  4505.07 7.1756e-13   4507.04 1 
  4507.82 7.6383e-13   4509.79 1 
  4510.57 6.8854e-13   4512.54 1 
  4513.32 7.8154e-13   4515.29 1 
  4516.07 7.3407e-13   4518.04 1 
  4518.82 6.8825e-13   4520.79 1 
  4521.56 6.2429e-13   4523.54 1 
  4524.31 6.8602e-13   4526.29 1 
  4527.06 6.3166e-13   4529.04 1 
  4529.81 5.9820e-13   4531.79 1 
  4532.56 6.3862e-13   4534.54 1 
  4535.31 6.6539e-13   4537.29 1 
  4538.06 6.5218e-13   4540.04 1 
  4540.81 6.6948e-13   4542.79 1 
  4543.55 6.8686e-13   4545.54 1 
  4546.30 6.7981e-13   4548.29 1 
  4549.05 6.1509e-13   4551.04 1 
  4551.80 6.5690e-13   4553.79 1 
  4554.55 6.7971e-13   4556.54 1 
  4557.30 6.9720e-13   4559.29 1 
  4560.05 6.6498e-13   4562.04 1 
  4562.80 7.2135e-13   4564.79 1 
  4565.54 6.3139e-13   4567.54 1 
  4568.29 6.6558e-13   4570.29 1 
  4571.04 7.0482e-13   4573.04 1 
  4573.79 6.7887e-13   4575.79 1 
  4576.54 6.8635e-13   4578.54 1 
  4579.29 7.4564e-13   4581.29 1 
  4582.04 7.0882e-13   4584.04 1 
  4584.79 6.0029e-13   4586.79 1 
  4587.54 6.5338e-13   4589.54 1 
  4590.28 6.9118e-13   4592.29 1 
  4593.03 7.0962e-13   4595.04 1 
  4595.78 6.9977e-13   4597.79 1 
  4598.53 6.4214e-13   4600.54 1 
  4601.28 6.4145e-13   4603.29 1 
  4604.03 6.3879e-13   4606.04 1 
  4606.78 7.2269e-13   4608.79 1 
  4609.53 7.3241e-13   4611.54 1 
  4612.27 7.1150e-13   4614.29 1 
  4615.02 6.8993e-13   4617.04 1 
  4617.77 6.8942e-13   4619.79 1 
  4620.52 7.6545e-13   4622.54 1 
  4623.27 7.1692e-13   4625.29 1 
  4626.02 6.7980e-13   4628.04 1 
  4628.77 6.4846e-13   4630.79 1 
  4631.52 6.8169e-13   4633.54 1 
  4634.26 6.3581e-13   4636.29 1 
  4637.01 6.7002e-13   4639.04 1 
  4639.76 7.5435e-13   4641.79 1 
  4642.51 6.9473e-13   4644.54 1 
  4645.26 7.2036e-13   4647.29 1 
  4648.01 6.5407e-13   4650.04 1 
  4650.76 7.1586e-13   4652.79 1 
  4653.51 6.5645e-13   4655.54 1 
  4656.26 6.6128e-13   4658.29 1 
  4659.00 7.1905e-13   4661.04 1 
  4661.75 7.3843e-13   4663.79 1 
  4664.50 6.9816e-13   4666.54 1 
  4667.25 6.4936e-13   4669.29 1 
  4670.00 6.9195e-13   4672.04 1 
  4672.75 7.2023e-13   4674.79 1 
  4675.50 6.8159e-13   4677.54 1 
  4678.25 6.9309e-13   4680.29 1 
  4680.99 7.4554e-13   4683.04 1 
  4683.74 7.0489e-13   4685.79 1 
  4686.49 6.7216e-13   4688.54 1 
  4689.24 6.7604e-13   4691.29 1 
  4691.99 6.5902e-13   4694.04 1 
  4694.74 6.8729e-13   4696.79 1 
  4697.49 7.0066e-13   4699.54 1 
  4700.24 6.8251e-13   4702.29 1 
  4702.98 6.5368e-13   4705.04 1 
  4705.73 6.2514e-13   4707.79 1 
  4708.48 5.9633e-13   4710.54 1 
  4711.23 5.7841e-13   4713.29 1 
  4713.98 6.7717e-13   4716.04 1 
  4716.73 6.6434e-13   4718.79 1 
  4719.48 6.1807e-13   4721.54 1 
  4722.23 6.8521e-13   4724.29 1 
  4724.98 6.8900e-13   4727.04 1 
  4727.72 6.7827e-13   4729.79 1 
  4730.47 6.4079e-13   4732.54 1 
  4733.22 6.7699e-13   4735.29 1 
  4735.97 6.2380e-13   4738.04 1 
  4738.72 6.7670e-13   4740.79 1 
  4741.47 6.1164e-13   4743.54 1 
  4744.22 6.8652e-13   4746.29 1 
  4746.97 6.1970e-13   4749.04 1 
  4749.71 6.3146e-13   4751.79 1 
  4752.46 6.3620e-13   4754.54 1 
  4755.21 6.4852e-13   4757.29 1 
  4757.96 6.3415e-13   4760.04 1 
  4760.71 6.9987e-13   4762.79 1 
  4763.46 6.5054e-13   4765.54 1 
  4766.21 6.3391e-13   4768.29 1 
  4768.96 6.7679e-13   4771.04 1 
  4771.70 6.7239e-13   4773.79 1 
  4774.45 6.6682e-13   4776.54 1 
  4777.20 6.8572e-13   4779.29 1 
  4779.95 6.5645e-13   4782.04 1 
  4782.70 6.2252e-13   4784.79 1 
  4785.45 6.1477e-13   4787.54 1 
  4788.20 6.5838e-13   4790.29 1 
  4790.95 6.3431e-13   4793.04 1 
  4793.70 6.2051e-13   4795.79 1 
  4796.44 6.4751e-13   4798.54 1 
  4799.19 6.7281e-13   4801.29 1 
  4801.94 6.5030e-13   4804.04 1 
  4804.69 6.8676e-13   4806.79 1 
  4807.44 6.4587e-13   4809.54 1 
  4810.19 6.6522e-13   4812.29 1 
  4812.94 6.8675e-13   4815.04 1 
  4815.69 6.5618e-13   4817.79 1 
  4818.43 6.9978e-13   4820.54 1 
  4821.18 6.8717e-13   4823.29 1 
  4823.93 6.5409e-13   4826.04 1 
  4826.68 6.5072e-13   4828.79 1 
  4829.43 6.5210e-13   4831.54 1 
  4832.18 6.4588e-13   4834.29 1 
  4834.93 6.2812e-13   4837.04 1 
  4837.68 6.1110e-13   4839.79 1 
  4840.42 6.1832e-13   4842.54 1 
  4843.17 6.3608e-13   4845.29 1 
  4845.92 6.0078e-13   4848.04 1 
  4848.67 6.1463e-13   4850.79 1 
  4851.42 5.8061e-13   4853.54 1 
  4854.17 5.8338e-13   4856.29 1 
  4856.92 7.1169e-13   4859.04 1 
  4859.67 8.8273e-13   4861.79 1 
  4862.42 9.7057e-13   4864.54 1 
  4865.16 8.6240e-13   4867.29 1 
  4867.91 7.2141e-13   4870.04 1 
  4870.66 5.8087e-13   4872.79 1 
  4873.41 5.6484e-13   4875.54 1 
  4876.16 5.8335e-13   4878.29 1 
  4878.91 6.1620e-13   4881.04 1 
  4881.66 6.1137e-13   4883.79 1 
  4884.41 6.3172e-13   4886.54 1 
  4887.15 6.6457e-13   4889.29 1 
  4889.90 6.3433e-13   4892.04 1 
  4892.65 6.2153e-13   4894.79 1 
  4895.40 6.2036e-13   4897.54 1 
  4898.15 6.5914e-13   4900.29 1 
  4900.90 6.2697e-13   4903.04 1 
  4903.65 6.7793e-13   4905.79 1 
  4906.40 6.4567e-13   4908.54 1 
  4909.14 5.8446e-13   4911.29 1 
  4911.89 6.2277e-13   4914.04 1 
  4914.64 6.0796e-13   4916.79 1 
  4917.39 6.0905e-13   4919.54 1 
  4920.14 6.0781e-13   4922.29 1 
  4922.89 6.0637e-13   4925.04 1 
  4925.64 5.6590e-13   4927.79 1 
  4928.39 5.9603e-13   4930.54 1 
  4931.14 6.1852e-13   4933.29 1 
  4933.88 6.4031e-13   4936.04 1 
  4936.63 6.3490e-13   4938.79 1 
  4939.38 6.7833e-13   4941.54 1 
  4942.13 6.7598e-13   4944.29 1 
  4944.88 6.6166e-13   4947.04 1 
  4947.63 6.6912e-13   4949.79 1 
  4950.38 6.4820e-13   4952.54 1 
  4953.13 6.7626e-13   4955.29 1 
  4955.87 7.1140e-13   4958.04 1 
  4958.62 7.6530e-13   4960.79 1 
  4961.37 7.0997e-13   4963.54 1 
  4964.12 7.1140e-13   4966.29 1 
  4966.87 6.1614e-13   4969.04 1 
  4969.62 6.3614e-13   4971.79 1 
  4972.37 5.8130e-13   4974.54 1 
  4975.12 5.8158e-13   4977.29 1 
  4977.86 6.1302e-13   4980.04 1 
  4980.61 5.9150e-13   4982.79 1 
  4983.36 5.7572e-13   4985.54 1 
  4986.11 5.5746e-13   4988.29 1 
  4988.86 5.4075e-13   4991.04 1 
  4991.61 6.0651e-13   4993.79 1 
  4994.36 5.5338e-13   4996.54 1 
  4997.11 5.6788e-13   4999.29 1 
  4999.86 6.4364e-13   5002.04 1 
  5002.60 7.0813e-13   5004.79 1 
  5005.35 8.4405e-13   5007.54 1 
  5008.10 9.0801e-13   5010.29 1 
  5010.85 8.7529e-13   5013.04 1 
  5013.60 7.3161e-13   5015.79 1 
  5016.35 6.2731e-13   5018.54 1 
  5019.10 6.8791e-13   5021.29 1 
  5021.85 6.0778e-13   5024.04 1 
  5024.59 5.7177e-13   5026.79 1 
  5027.34 6.2995e-13   5029.54 1 
  5030.09 6.0736e-13   5032.29 1 
  5032.84 6.1596e-13   5035.04 1 
  5035.59 6.2691e-13   5037.79 1 
  5038.34 5.9988e-13   5040.54 1 
  5041.09 5.2527e-13   5043.29 1 
  5043.84 5.8464e-13   5046.04 1 
  5046.58 5.8947e-13   5048.79 1 
  5049.33 6.0345e-13   5051.54 1 
  5052.08 5.7696e-13   5054.29 1 
  5054.83 5.7584e-13   5057.04 1 
  5057.58 5.6201e-13   5059.79 1 
  5060.33 6.3795e-13   5062.54 1 
  5063.08 6.1370e-13   5065.29 1 
  5065.83 6.0599e-13   5068.04 1 
  5068.58 6.2516e-13   5070.79 1 
  5071.32 6.2827e-13   5073.54 1 
  5074.07 5.5335e-13   5076.29 1 
  5076.82 6.0655e-13   5079.04 1 
  5079.57 6.0856e-13   5081.79 1 
  5082.32 5.5699e-13   5084.54 1 
  5085.07 5.0698e-13   5087.29 1 
  5087.82 6.0060e-13   5090.04 1 
  5090.57 6.0154e-13   5092.79 1 
  5093.31 5.6240e-13   5095.54 1 
  5096.06 5.5340e-13   5098.29 1 
  5098.81 5.8328e-13   5101.04 1 
  5101.56 5.8601e-13   5103.79 1 
  5104.31 5.2206e-13   5106.54 1 
  5107.06 5.8120e-13   5109.29 1 
  5109.81 5.9448e-13   5112.04 1 
  5112.56 5.9205e-13   5114.79 1 
  5115.30 5.8487e-13   5117.54 1 
  5118.05 5.2771e-13   5120.29 1 
  5120.80 5.8165e-13   5123.04 1 
  5123.55 5.6740e-13   5125.79 1 
  5126.30 5.7387e-13   5128.54 1 
  5129.05 5.7379e-13   5131.29 1 
  5131.80 5.8730e-13   5134.04 1 
  5134.55 5.6518e-13   5136.79 1 
  5137.30 5.5910e-13   5139.54 1 
  5140.04 6.1678e-13   5142.29 1 
  5142.79 5.7076e-13   5145.04 1 
  5145.54 5.3126e-13   5147.79 1 
  5148.29 5.9547e-13   5150.54 1 
  5151.04 5.7440e-13   5153.29 1 
  5153.79 5.7341e-13   5156.04 1 
  5156.54 5.3052e-13   5158.79 1 
  5159.29 5.7986e-13   5161.54 1 
  5162.03 5.7983e-13   5164.29 1 
  5164.78 5.5739e-13   5167.04 1 
  5167.53 5.4918e-13   5169.79 1 
  5170.28 5.1064e-13   5172.54 1 
  5173.03 5.3818e-13   5175.29 1 
  5175.78 5.6844e-13   5178.04 1 
  5178.53 5.9226e-13   5180.79 1 
  5181.28 5.8525e-13   5183.54 1 
  5184.02 5.2470e-13   5186.29 1 
  5186.77 5.5529e-13   5189.04 1 
  5189.52 5.6221e-13   5191.79 1 
  5192.27 6.5192e-13   5194.54 1 
  5195.02 6.0685e-13   5197.29 1 
  5197.77 6.0758e-13   5200.04 1 
  5200.52 5.8296e-13   5202.79 1 
  5203.27 6.4354e-13   5205.54 1 
  5206.02 5.6171e-13   5208.29 1 
  5208.76 5.2919e-13   5211.04 1 
  5211.51 5.9148e-13   5213.79 1 
  5214.26 6.0948e-13   5216.54 1 
  5217.01 5.5252e-13   5219.29 1 
  5219.76 5.9403e-13   5222.04 1 
  5222.51 5.3980e-13   5224.79 1 
  5225.26 5.7369e-13   5227.54 1 
  5228.01 5.9626e-13   5230.29 1 
  5230.75 5.7679e-13   5233.04 1 
  5233.50 5.4255e-13   5235.79 1 
  5236.25 5.7250e-13   5238.54 1 
  5239.00 5.8412e-13   5241.29 1 
  5241.75 5.4471e-13   5244.04 1 
  5244.50 6.2157e-13   5246.79 1 
  5247.25 5.5572e-13   5249.54 1 
  5250.00 5.5499e-13   5252.29 1 
  5252.74 5.2703e-13   5255.04 1 
  5255.49 5.5678e-13   5257.79 1 
  5258.24 6.1600e-13   5260.54 1 
  5260.99 5.6758e-13   5263.29 1 
  5263.74 5.5081e-13   5266.04 1 
  5266.49 5.4434e-13   5268.79 1 
  5269.24 5.5200e-13   5271.54 1 
  5271.99 5.7572e-13   5274.29 1 
  5274.73 5.6997e-13   5277.04 1 
  5277.48 5.5132e-13   5279.79 1 
  5280.23 5.5350e-13   5282.54 1 
  5282.98 5.5188e-13   5285.29 1 
  5285.73 6.4214e-13   5288.04 1 
  5288.48 5.6596e-13   5290.79 1 
  5291.23 5.6509e-13   5293.54 1 
  5293.98 5.4699e-13   5296.29 1 
  5296.73 5.6521e-13   5299.04 1 
  5299.47 5.7251e-13   5301.79 1 
  5302.22 5.8582e-13   5304.54 1 
  5304.97 5.1839e-13   5307.29 1 
  5307.72 6.0097e-13   5310.04 1 
  5310.47 6.0209e-13   5312.79 1 
  5313.22 5.7314e-13   5315.54 1 
  5315.97 5.6719e-13   5318.29 1 
  5318.72 5.8104e-13   5321.04 1 
  5321.46 5.8428e-13   5323.79 1 
  5324.21 5.8695e-13   5326.54 1 
  5326.96 5.8367e-13   5329.29 1 
  5329.71 5.4965e-13   5332.04 1 
  5332.46 5.7892e-13   5334.79 1 
  5335.21 5.1404e-13   5337.54 1 
  5337.96 5.8635e-13   5340.29 1 
  5340.71 5.9570e-13   5343.04 1 
  5343.45 5.8617e-13   5345.79 1 
  5346.20 6.0263e-13   5348.54 1 
  5348.95 5.8310e-13   5351.29 1 
  5351.70 6.0805e-13   5354.04 1 
  5354.45 5.9996e-13   5356.79 1 
  5357.20 6.1564e-13   5359.54 1 
  5359.95 6.0844e-13   5362.29 1 
  5362.70 6.0233e-13   5365.04 1 
  5365.45 5.6247e-13   5367.79 1 
  5368.19 5.1944e-13   5370.54 1 
  5370.94 5.8920e-13   5373.29 1 
  5373.69 5.9441e-13   5376.04 1 
  5376.44 5.7246e-13   5378.79 1 
  5379.19 5.5004e-13   5381.54 1 
  5381.94 5.6668e-13   5384.29 1 
  5384.69 6.1172e-13   5387.04 1 
  5387.44 5.9728e-13   5389.79 1 
  5390.18 6.1114e-13   5392.54 1 
  5392.93 6.0974e-13   5395.29 1 
  5395.68 5.9263e-13   5398.04 1 
  5398.43 5.5813e-13   5400.79 1 
  5401.18 5.6893e-13   5403.54 1 
  5403.93 5.4789e-13   5406.29 1 
  5406.68 5.5854e-13   5409.04 1 
  5409.43 5.3103e-13   5411.79 1 
  5412.17 5.4366e-13   5414.54 1 
  5414.92 5.0499e-13   5417.29 1 
  5417.67 5.8605e-13   5420.04 1 
  5420.42 5.4886e-13   5422.79 1 
  5423.17 5.9596e-13   5425.54 1 
  5425.92 5.6793e-13   5428.29 1 
  5428.67 5.6532e-13   5431.04 1 
  5431.42 5.8830e-13   5433.79 1 
  5434.17 5.6559e-13   5436.54 1 
  5436.91 6.2985e-13   5439.29 1 
  5439.66 5.9773e-13   5442.04 1 
  5442.41 5.8043e-13   5444.79 1 
  5445.16 5.9648e-13   5447.54 1 
  5447.91 6.0422e-13   5450.29 1 
  5450.66 6.0238e-13   5453.04 1 
  5453.41 6.5027e-13   5455.79 1 
  5456.16 6.3380e-13   5458.54 1 
  5458.90 6.3149e-13   5461.29 1 
  5461.65 5.8354e-13   5464.04 1 
  5464.40 5.2606e-13   5466.79 1 
  5467.15 4.8217e-13   5469.54 1 
  5469.90 5.2606e-13   5472.29 1 
  5472.65 5.2901e-13   5475.04 1 
  5475.40 5.5516e-13   5477.79 1 
  5478.15 5.6059e-13   5480.54 1 
  5480.89 5.6115e-13   5483.29 1 
  5483.64 5.5048e-13   5486.04 1 
  5486.39 5.5591e-13   5488.79 1 
  5489.14 5.1785e-13   5491.54 1 
  5491.89 5.2407e-13   5494.29 1 
  5494.64 5.7157e-13   5497.04 1 
  5497.39 5.6027e-13   5499.79 1 
  5500.14 5.6250e-13   5502.54 1 
  5502.89 5.8442e-13   5505.29 1 
  5505.63 5.7848e-13   5508.04 1 
  5508.38 5.8261e-13   5510.79 1 
  5511.13 5.6838e-13   5513.54 1 
  5513.88 5.6792e-13   5516.29 1 
  5516.63 5.2507e-13   5519.04 1 
  5519.38 5.6547e-13   5521.79 1 
  5522.13 5.6471e-13   5524.54 1 
  5524.88 5.8692e-13   5527.29 1 
  5527.62 5.7703e-13   5530.04 1 
  5530.37 5.8379e-13   5532.79 1 
  5533.12 5.9837e-13   5535.54 1 
  5535.87 6.1892e-13   5538.29 1 
  5538.62 6.1847e-13   5541.04 1 
  5541.37 6.1125e-13   5543.79 1 
  5544.12 5.8563e-13   5546.54 1 
  5546.87 6.1412e-13   5549.29 1 
  5549.61 5.5544e-13   5552.04 1 
  5552.36 5.3653e-13   5554.79 1 
  5555.11 5.9007e-13   5557.54 1 
  5557.86 5.8217e-13   5560.29 1 
  5560.61 6.0502e-13   5563.04 1 
  5563.36 5.8412e-13   5565.79 1 
  5566.11 6.0117e-13   5568.54 1 
  5568.86 6.1070e-13   5571.29 1 
  5571.61 5.5514e-13   5574.04 1 
  5574.35 5.7531e-13   5576.79 1 
  5577.10 5.4224e-13   5579.54 1 
  5579.85 5.6412e-13   5582.29 1 
  5582.60 5.6593e-13   5585.04 1 
  5585.35 5.4516e-13   5587.79 1 
  5588.10 5.8022e-13   5590.54 1 
  5590.85 5.3271e-13   5593.29 1 
  5593.60 5.2119e-13   5596.04 1 
  5596.34 5.6107e-13   5598.79 1 
  5599.09 5.3487e-13   5601.54 1 
  5601.84 6.3405e-13   5604.29 1 
  5604.59 5.4390e-13   5607.04 1 
  5607.34 5.1743e-13   5609.79 1 
  5610.09 5.0345e-13   5612.54 1 
  5612.84 5.9037e-13   5615.29 1 
  5615.59 5.6435e-13   5618.04 1 
  5618.33 5.3986e-13   5620.79 1 
  5621.08 5.6634e-13   5623.54 1 
  5623.83 5.2526e-13   5626.29 1 
  5626.58 5.3734e-13   5629.04 1 
  5629.33 5.3387e-13   5631.79 1 
  5632.08 5.7547e-13   5634.54 1 
  5634.83 6.1929e-13   5637.29 1 
  5637.58 6.0368e-13   5640.04 1 
  5640.33 5.6678e-13   5642.79 1 
  5643.07 5.7535e-13   5645.54 1 
  5645.82 6.0707e-13   5648.29 1 
  5648.57 5.6095e-13   5651.04 1 
  5651.32 5.6291e-13   5653.79 1 
  5654.07 5.5532e-13   5656.54 1 
  5656.82 5.8639e-13   5659.29 1 
  5659.57 5.8304e-13   5662.04 1 
  5662.32 6.0293e-13   5664.79 1 
  5665.06 5.4915e-13   5667.54 1 
  5667.81 5.5631e-13   5670.29 1 
  5670.56 5.4521e-13   5673.04 1 
  5673.31 5.3350e-13   5675.79 1 
  5676.06 5.8452e-13   5678.54 1 
  5678.81 6.3097e-13   5681.29 1 
  5681.56 6.0187e-13   5684.04 1 
  5684.31 5.7794e-13   5686.79 1 
  5687.05 5.7095e-13   5689.54 1 
  5689.80 5.4309e-13   5692.29 1 
  5692.55 5.5525e-13   5695.04 1 
  5695.30 5.7403e-13   5697.79 1 
  5698.05 5.7328e-13   5700.54 1 
  5700.80 5.3493e-13   5703.29 1 
  5703.55 5.5366e-13   5706.04 1 
  5706.30 5.8282e-13   5708.79 1 
  5709.05 5.6968e-13   5711.54 1 
  5711.79 5.3300e-13   5714.29 1 
  5714.54 5.4670e-13   5717.04 1 
  5717.29 5.6120e-13   5719.79 1 
  5720.04 5.5365e-13   5722.54 1 
  5722.79 5.5704e-13   5725.29 1 
  5725.54 5.4743e-13   5728.04 1 
  5728.29 5.4777e-13   5730.79 1 
  5731.04 5.7179e-13   5733.54 1 
  5733.78 5.9996e-13   5736.29 1 
  5736.53 5.7935e-13   5739.04 1 
  5739.28 5.8104e-13   5741.79 1 
  5742.03 5.6625e-13   5744.54 1 
  5744.78 5.3864e-13   5747.29 1 
  5747.53 5.4503e-13   5750.04 1 
  5750.28 5.5178e-13   5752.79 1 
  5753.03 5.7663e-13   5755.54 1 
  5755.77 5.7846e-13   5758.29 1 
  5758.52 5.5260e-13   5761.04 1 
  5761.27 5.6036e-13   5763.79 1 
  5764.02 5.8470e-13   5766.54 1 
  5766.77 5.3924e-13   5769.29 1 
  5769.52 5.5781e-13   5772.04 1 
  5772.27 5.4790e-13   5774.79 1 
  5775.02 5.4747e-13   5777.54 1 
  5777.77 5.6788e-13   5780.29 1 
  5780.51 5.5063e-13   5783.04 1 
  5783.26 5.3457e-13   5785.79 1 
  5786.01 5.3851e-13   5788.54 1 
  5788.76 5.5725e-13   5791.29 1 
  5791.51 5.3695e-13   5794.04 1 
  5794.26 5.2975e-13   5796.79 1 
  5797.01 5.4283e-13   5799.54 1 
  5799.76 5.5683e-13   5802.29 1 
  5802.50 5.9043e-13   5805.04 1 
  5805.25 5.6990e-13   5807.79 1 
  5808.00 5.3481e-13   5810.54 1 
  5810.75 5.5610e-13   5813.29 1 
  5813.50 5.5450e-13   5816.04 1 
  5816.25 5.5317e-13   5818.79 1 
  5819.00 5.4899e-13   5821.54 1 
  5821.75 5.4292e-13   5824.29 1 
  5824.49 5.6575e-13   5827.04 1 
  5827.24 5.4964e-13   5829.79 1 
  5829.99 5.3828e-13   5832.54 1 
  5832.74 5.6130e-13   5835.29 1 
  5835.49 5.4600e-13   5838.04 1 
  5838.24 5.4887e-13   5840.79 1 
  5840.99 5.5552e-13   5843.54 1 
  5843.74 5.3495e-13   5846.29 1 
  5846.49 5.0180e-13   5849.04 1 
  5849.23 5.2694e-13   5851.79 1 
  5851.98 5.6127e-13   5854.54 1 
  5854.73 5.7306e-13   5857.29 1 
  5857.48 6.3143e-13   5860.04 1 
  5860.23 5.2127e-13   5862.79 1 
  5862.98 5.5444e-13   5865.54 1 
  5865.73 5.6275e-13   5868.29 1 
  5868.48 5.1383e-13   5871.04 1 
  5871.22 4.9898e-13   5873.79 1 
  5873.97 5.3861e-13   5876.54 1 
  5876.72 5.9195e-13   5879.29 1 
  5879.47 5.4905e-13   5882.04 1 
  5882.22 5.4432e-13   5884.79 1 
  5884.97 5.3637e-13   5887.54 1 
  5887.72 5.2312e-13   5890.29 1 
  5890.47 3.3510e-13   5893.04 1 
  5893.21 2.3144e-13   5895.79 1 
  5895.96 1.1872e-13   5898.54 1 
  5898.71 2.5240e-13   5901.29 1 
  5901.46 3.9785e-13   5904.04 1 
  5904.21 4.7118e-13   5906.79 1 
  5906.96 4.9940e-13   5909.54 1 
  5909.71 5.0980e-13   5912.29 1 
  5912.46 5.5506e-13   5915.04 1 
  5915.21 5.2827e-13   5917.79 1 
  5917.95 4.7443e-13   5920.54 1 
  5920.70 5.7612e-13   5923.29 1 
  5923.45 5.7114e-13   5926.04 1 
  5926.20 6.0244e-13   5928.79 1 
  5928.95 5.9492e-13   5931.54 1 
  5931.70 5.4472e-13   5934.29 1 
  5934.45 4.8825e-13   5937.04 1 
  5937.20 4.8510e-13   5939.79 1 
  5939.94 5.5029e-13   5942.54 1 
  5942.69 5.4791e-13   5945.29 1 
  5945.44 5.0136e-13   5948.04 1 
  5948.19 4.8384e-13   5950.79 1 
  5950.94 5.4114e-13   5953.54 1 
  5953.69 5.7899e-13   5956.29 1 
  5956.44 4.4433e-13   5959.04 1 
  5959.19 5.2204e-13   5961.79 1 
  5961.93 6.0810e-13   5964.54 1 
  5964.68 5.1997e-13   5967.29 1 
  5967.43 5.2764e-13   5970.04 1 
  5970.18 5.5619e-13   5972.79 1 
  5972.93 5.4720e-13   5975.54 1 
  5975.68 4.7187e-13   5978.29 1 
  5978.43 4.6890e-13   5981.04 1 
  5981.18 4.9251e-13   5983.79 1 
  5983.93 4.5987e-13   5986.54 1 
  5986.67 5.3931e-13   5989.29 1 
  5989.42 4.7880e-13   5992.04 1 
  5992.17 5.1350e-13   5994.79 1 
  5994.92 5.2949e-13   5997.54 1 
  5997.67 4.8499e-13   6000.29 1 
  6000.42 5.6532e-13   6003.04 1 
  6003.17 5.7008e-13   6005.79 1 
  6005.92 5.4414e-13   6008.54 1 
  6008.66 5.1642e-13   6011.29 1 
  6011.41 4.6578e-13   6014.04 1 
  6014.16 4.8894e-13   6016.79 1 
  6016.91 5.3918e-13   6019.54 1 
  6019.66 5.5741e-13   6022.29 1 
  6022.41 5.0120e-13   6025.04 1 
  6025.16 5.0949e-13   6027.79 1 
  6027.91 5.1238e-13   6030.54 1 
  6030.65 5.1176e-13   6033.29 1 
  6033.40 5.4428e-13   6036.04 1 
  6036.15 5.2556e-13   6038.79 1 
  6038.90 5.7228e-13   6041.54 1 
  6041.65 5.4588e-13   6044.29 1 
  6044.40 5.1679e-13   6047.04 1 
  6047.15 5.4889e-13   6049.79 1 
  6049.90 5.5357e-13   6052.54 1 
  6052.65 5.6757e-13   6055.29 1 
  6055.39 5.1802e-13   6058.04 1 
  6058.14 5.0322e-13   6060.79 1 
  6060.89 5.0323e-13   6063.54 1 
  6063.64 5.0543e-13   6066.29 1 
  6066.39 5.2782e-13   6069.04 1 
  6069.14 5.4579e-13   6071.79 1 
  6071.89 5.4282e-13   6074.54 1 
  6074.64 5.2771e-13   6077.29 1 
  6077.38 5.0719e-13   6080.04 1 
  6080.13 5.0540e-13   6082.79 1 
  6082.88 5.3295e-13   6085.54 1 
  6085.63 5.3646e-13   6088.29 1 
  6088.38 5.2002e-13   6091.04 1 
  6091.13 5.1509e-13   6093.79 1 
  6093.88 5.3186e-13   6096.54 1 
  6096.63 5.2893e-13   6099.29 1 
  6099.37 5.4317e-13   6102.04 1 
  6102.12 5.3861e-13   6104.79 1 
  6104.87 5.0554e-13   6107.54 1 
  6107.62 5.2738e-13   6110.29 1 
  6110.37 5.5199e-13   6113.04 1 
  6113.12 5.2656e-13   6115.79 1 
  6115.87 5.0885e-13   6118.54 1 
  6118.62 5.4692e-13   6121.29 1 
  6121.37 5.9556e-13   6124.04 1 
  6124.11 5.4916e-13   6126.79 1 
  6126.86 5.1480e-13   6129.54 1 
  6129.61 5.4088e-13   6132.29 1 
  6132.36 5.1677e-13   6135.04 1 
  6135.11 4.8385e-13   6137.79 1 
  6137.86 5.2546e-13   6140.54 1 
  6140.61 5.0743e-13   6143.29 1 
  6143.36 4.6194e-13   6146.04 1 
  6146.10 4.7934e-13   6148.79 1 
  6148.85 5.2298e-13   6151.54 1 
  6151.60 5.4481e-13   6154.29 1 
  6154.35 5.4463e-13   6157.04 1 
  6157.10 5.4389e-13   6159.79 1 
  6159.85 5.1872e-13   6162.54 1 
  6162.60 4.7522e-13   6165.29 1 
  6165.35 4.9324e-13   6168.04 1 
  6168.09 5.1355e-13   6170.79 1 
  6170.84 4.9259e-13   6173.54 1 
  6173.59 4.7778e-13   6176.29 1 
  6176.34 4.7495e-13   6179.04 1 
  6179.09 5.1875e-13   6181.79 1 
  6181.84 5.2767e-13   6184.54 1 
  6184.59 5.1196e-13   6187.29 1 
  6187.34 5.2627e-13   6190.04 1 
  6190.08 5.2958e-13   6192.79 1 
  6192.83 5.0260e-13   6195.54 1 
  6195.58 5.2958e-13   6198.29 1 
  6198.33 5.2554e-13   6201.04 1 
  6201.08 4.8393e-13   6203.79 1 
  6203.83 4.9605e-13   6206.54 1 
  6206.58 5.2700e-13   6209.29 1 
  6209.33 5.1216e-13   6212.04 1 
  6212.08 5.0369e-13   6214.79 1 
  6214.82 5.1293e-13   6217.54 1 
  6217.57 5.2657e-13   6220.29 1 
  6220.32 5.1399e-13   6223.04 1 
  6223.07 4.7497e-13   6225.79 1 
  6225.82 5.2122e-13   6228.54 1 
  6228.57 4.7751e-13   6231.29 1 
  6231.32 4.6228e-13   6234.04 1 
  6234.07 5.0233e-13   6236.79 1 
  6236.81 3.9479e-13   6239.54 1 
  6239.56 4.4880e-13   6242.29 1 
  6242.31 4.6450e-13   6245.04 1 
  6245.06 4.8011e-13   6247.79 1 
  6247.81 4.9464e-13   6250.54 1 
  6250.56 5.6066e-13   6253.29 1 
  6253.31 5.3271e-13   6256.04 1 
  6256.06 5.5666e-13   6258.79 1 
  6258.80 4.2903e-13   6261.54 1 
  6261.55 4.9539e-13   6264.29 1 
  6264.30 4.8357e-13   6267.04 1 
  6267.05 4.6240e-13   6269.79 1 
  6269.80 5.4788e-13   6272.54 1 
  6272.55 5.4831e-13   6275.29 1 
  6275.30 4.6451e-13   6278.04 1 
  6278.05 4.8599e-13   6280.79 1 
  6280.80 4.7561e-13   6283.54 1 
  6283.54 4.9990e-13   6286.29 1 
  6286.29 4.9735e-13   6289.04 1 
  6289.04 6.6369e-13   6291.79 1 
  6291.79 1.0560e-12   6294.54 1 
  6294.54 1.1178e-12   6297.29 1 
  6297.29 9.8865e-13   6300.04 1 
  6300.04 2.9448e-13   6302.79 1 
  6302.79 2.5727e-13   6305.54 1 
  6305.53 3.3838e-13   6308.29 1 
  6308.28 3.5803e-13   6311.04 1 
  6311.03 4.8310e-13   6313.79 1 
  6313.78 5.3230e-13   6316.54 1 
  6316.53 5.2614e-13   6319.29 1 
  6319.28 4.9460e-13   6322.04 1 
  6322.03 4.6700e-13   6324.79 1 
  6324.78 5.2882e-13   6327.54 1 
  6327.52 4.9156e-13   6330.29 1 
  6330.27 4.3739e-13   6333.04 1 
  6333.02 5.7905e-13   6335.79 1 
  6335.77 4.9196e-13   6338.54 1 
  6338.52 5.3131e-13   6341.29 1 
  6341.27 4.7586e-13   6344.04 1 
  6344.02 4.8519e-13   6346.79 1 
  6346.77 5.0167e-13   6349.54 1 
  6349.52 5.6896e-13   6352.29 1 
  6352.26 5.4527e-13   6355.04 1 
  6355.01 4.8112e-13   6357.79 1 
  6357.76 4.7304e-13   6360.54 1 
  6360.51 4.9780e-13   6363.29 1 
  6363.26 4.8161e-13   6366.04 1 
  6366.01 4.9339e-13   6368.79 1 
  6368.76 4.7394e-13   6371.54 1 
  6371.51 4.5173e-13   6374.29 1 
  6374.25 5.0042e-13   6377.04 1 
  6377.00 4.4666e-13   6379.79 1 
  6379.75 5.2784e-13   6382.54 1 
  6382.50 4.6958e-13   6385.29 1 
  6385.25 5.3001e-13   6388.04 1 
  6388.00 5.1739e-13   6390.79 1 
  6390.75 4.7098e-13   6393.54 1 
  6393.50 4.8246e-13   6396.29 1 
  6396.24 4.9212e-13   6399.04 1 
  6398.99 5.0292e-13   6401.79 1 
  6401.74 5.0232e-13   6404.54 1 
  6404.49 5.0413e-13   6407.29 1 
  6407.24 4.8796e-13   6410.04 1 
  6409.99 4.9629e-13   6412.79 1 
  6412.74 5.0078e-13   6415.54 1 
  6415.49 5.1584e-13   6418.29 1 
  6418.24 4.9610e-13   6421.04 1 
  6420.98 4.6349e-13   6423.79 1 
  6423.73 5.0922e-13   6426.54 1 
  6426.48 5.4135e-13   6429.29 1 
  6429.23 5.3407e-13   6432.04 1 
  6431.98 5.0374e-13   6434.79 1 
  6434.73 4.7000e-13   6437.54 1 
  6437.48 4.9691e-13   6440.29 1 
  6440.23 5.2961e-13   6443.04 1 
  6442.97 5.1486e-13   6445.79 1 
  6445.72 5.1445e-13   6448.54 1 
  6448.47 5.4987e-13   6451.29 1 
  6451.22 5.6199e-13   6454.04 1 
  6453.97 5.1846e-13   6456.79 1 
  6456.72 5.4561e-13   6459.54 1 
  6459.47 5.3160e-13   6462.29 1 
  6462.22 5.0619e-13   6465.04 1 
  6464.96 4.9289e-13   6467.79 1 
  6467.71 4.6974e-13   6470.54 1 
  6470.46 4.7267e-13   6473.29 1 
  6473.21 4.8324e-13   6476.04 1 
  6475.96 4.9055e-13   6478.79 1 
  6478.71 4.9687e-13   6481.54 1 
  6481.46 4.5886e-13   6484.29 1 
  6484.21 4.7124e-13   6487.04 1 
  6486.96 5.0122e-13   6489.79 1 
  6489.70 5.3226e-13   6492.54 1 
  6492.45 5.1586e-13   6495.29 1 
  6495.20 5.2124e-13   6498.04 1 
  6497.95 4.9998e-13   6500.79 1 
  6500.70 4.5355e-13   6503.54 1 
  6503.45 4.0394e-13   6506.29 1 
  6506.20 4.4422e-13   6509.04 1 
  6508.95 4.2989e-13   6511.79 1 
  6511.69 4.8674e-13   6514.54 1 
  6514.44 5.2816e-13   6517.29 1 
  6517.19 4.7891e-13   6520.04 1 
  6519.94 5.6500e-13   6522.79 1 
  6522.69 5.4399e-13   6525.54 1 
  6525.44 5.4205e-13   6528.29 1 
  6528.19 5.3167e-13   6531.04 1 
  6530.94 5.1983e-13   6533.79 1 
  6533.68 4.9932e-13   6536.54 1 
  6536.43 5.0071e-13   6539.29 1 
  6539.18 5.8301e-13   6542.04 1 
  6541.93 5.7959e-13   6544.79 1 
  6544.68 5.9431e-13   6547.54 1 
  6547.43 6.2811e-13   6550.29 1 
  6550.18 6.8435e-13   6553.04 1 
  6552.93 5.5596e-13   6555.79 1 
  6555.68 7.2455e-13   6558.54 1 
  6558.42 1.0677e-12   6561.29 1 
  6561.17 1.6182e-12   6564.04 1 
  6563.92 1.9286e-12   6566.79 1 
  6566.67 1.5887e-12   6569.54 1 
  6569.42 9.9645e-13   6572.29 1 
  6572.17 6.6986e-13   6575.04 1 
  6574.92 5.3972e-13   6577.79 1 
  6577.67 5.0206e-13   6580.54 1 
  6580.41 6.5568e-13   6583.29 1 
  6583.16 8.1711e-13   6586.04 1 
  6585.91 8.2749e-13   6588.79 1 
  6588.66 7.1175e-13   6591.54 1 
  6591.41 5.4523e-13   6594.29 1 
  6594.16 4.8356e-13   6597.04 1 
  6596.91 4.9823e-13   6599.79 1 
  6599.66 5.2214e-13   6602.54 1 
  6602.40 4.8594e-13   6605.29 1 
  6605.15 4.8426e-13   6608.04 1 
  6607.90 4.8185e-13   6610.79 1 
  6610.65 5.0850e-13   6613.54 1 
  6613.40 5.2484e-13   6616.29 1 
  6616.15 5.1167e-13   6619.04 1 
  6618.90 5.2597e-13   6621.79 1 
  6621.65 5.0563e-13   6624.54 1 
  6624.40 5.0833e-13   6627.29 1 
  6627.14 5.1709e-13   6630.04 1 
  6629.89 5.0803e-13   6632.79 1 
  6632.64 5.1127e-13   6635.54 1 
  6635.39 4.7967e-13   6638.29 1 
  6638.14 4.9256e-13   6641.04 1 
  6640.89 5.1914e-13   6643.79 1 
  6643.64 5.2959e-13   6646.54 1 
  6646.39 5.0887e-13   6649.29 1 
  6649.13 4.8425e-13   6652.04 1 
  6651.88 4.8686e-13   6654.79 1 
  6654.63 5.2746e-13   6657.54 1 
  6657.38 5.3143e-13   6660.29 1 
  6660.13 5.2007e-13   6663.04 1 
  6662.88 4.8215e-13   6665.79 1 
  6665.63 5.0258e-13   6668.54 1 
  6668.38 5.0755e-13   6671.29 1 
  6671.12 5.6056e-13   6674.04 1 
  6673.87 4.8329e-13   6676.79 1 
  6676.62 4.7174e-13   6679.54 1 
  6679.37 4.7496e-13   6682.29 1 
  6682.12 5.1088e-13   6685.04 1 
  6684.87 5.3280e-13   6687.79 1 
  6687.62 5.1219e-13   6690.54 1 
  6690.37 4.8742e-13   6693.29 1 
  6693.12 4.8062e-13   6696.04 1 
  6695.86 5.3872e-13   6698.79 1 
  6698.61 5.3746e-13   6701.54 1 
  6701.36 4.3593e-13   6704.29 1 
  6704.11 5.1880e-13   6707.04 1 
  6706.86 5.3695e-13   6709.79 1 
  6709.61 4.5386e-13   6712.54 1 
  6712.36 5.7520e-13   6715.29 1 
  6715.11 8.2553e-13   6718.04 1 
  6717.85 8.6578e-13   6720.79 1 
  6720.60 7.5431e-13   6723.54 1 
  6723.35 6.7109e-13   6726.29 1 
  6726.10 5.9102e-13   6729.04 1 
  6728.85 6.7513e-13   6731.79 1 
  6731.60 8.0687e-13   6734.54 1 
  6734.35 7.3210e-13   6737.29 1 
  6737.10 5.1021e-13   6740.04 1 
  6739.84 4.6100e-13   6742.79 1 
  6742.59 4.4283e-13   6745.54 1 
  6745.34 4.8206e-13   6748.29 1 
  6748.09 4.1467e-13   6751.04 1 
  6750.84 4.6351e-13   6753.79 1 
  6753.59 5.0185e-13   6756.54 1 
  6756.34 4.3474e-13   6759.29 1 
  6759.09 4.6757e-13   6762.04 1 
  6761.84 4.9444e-13   6764.79 1 
  6764.58 4.8098e-13   6767.54 1 
  6767.33 4.9893e-13   6770.29 1 
  6770.08 5.0164e-13   6773.04 1 
  6772.83 4.9899e-13   6775.79 1 
  6775.58 5.0787e-13   6778.54 1 
  6778.33 4.6991e-13   6781.29 1 
  6781.08 4.7932e-13   6784.04 1 
  6783.83 4.9471e-13   6786.79 1 
  6786.57 4.8094e-13   6789.54 1 
  6789.32 4.6115e-13   6792.29 1 
  6792.07 4.7292e-13   6795.04 1 
  6794.82 4.9040e-13   6797.79 1 
  6797.57 5.0820e-13   6800.54 1 
  6800.32 4.8816e-13   6803.29 1 
  6803.07 4.4753e-13   6806.04 1 
  6805.82 4.6090e-13   6808.79 1 
  6808.56 4.9034e-13   6811.54 1 
  6811.31 5.1004e-13   6814.29 1 
  6814.06 4.9979e-13   6817.04 1 
  6816.81 4.9269e-13   6819.79 1 
  6819.56 5.7298e-13   6822.54 1 
  6822.31 6.6312e-13   6825.29 1 
  6825.06 6.2124e-13   6828.04 1 
  6836.13 4.7062e-13   6839.12 0 
  6851.89 4.6730e-13   6854.88 0 
  6867.68 4.5764e-13   6870.68 0 
  6883.52 4.6287e-13   6886.52 0 
  6899.38 4.6600e-13   6902.40 0 
  6915.29 4.6592e-13   6918.31 0 
  6931.23 4.6477e-13   6934.26 0 
  6947.21 4.6900e-13   6950.24 0 
  6963.22 4.6462e-13   6966.26 0 
  6979.28 4.6776e-13   6982.33 0 
  6995.36 4.6233e-13   6998.42 0 
  7011.49 4.5696e-13   7014.55 0 
  7027.65 4.6324e-13   7030.72 0 
  7043.85 4.6530e-13   7046.93 0 
  7060.09 4.6953e-13   7063.18 0 
  7076.36 4.5666e-13   7079.46 0 
  7092.68 4.5553e-13   7095.78 0 
  7109.03 4.5440e-13   7112.14 0 
  7125.42 4.5537e-13   7128.53 0 
  7141.84 4.4596e-13   7144.96 0 
  7158.31 4.4281e-13   7161.43 0 
  7174.81 4.3566e-13   7177.94 0 
  7191.35 4.1694e-13   7194.49 0 
  7207.93 4.2462e-13   7211.08 0 
  7224.54 4.4558e-13   7227.70 0 
  7241.19 4.2938e-13   7244.36 0 
  7257.89 4.3428e-13   7261.06 0 
  7274.62 4.4740e-13   7277.80 0 
  7291.39 4.4322e-13   7294.57 0 
  7308.20 4.4212e-13   7311.39 0 
  7325.04 4.4614e-13   7328.25 0 
  7341.93 4.5019e-13   7345.14 0 
  7358.86 4.4907e-13   7362.07 0 
  7375.82 4.4899e-13   7379.04 0 
  7392.82 4.4377e-13   7396.05 0 
  7409.86 4.4677e-13   7413.10 0 
  7426.95 4.4566e-13   7430.19 0 
  7444.07 4.4971e-13   7447.32 0 
  7461.23 4.4963e-13   7464.49 0 
  7478.43 4.4748e-13   7481.70 0 
  7495.67 4.4740e-13   7498.94 0 
  7512.94 4.4527e-13   7516.23 0 
  7530.27 4.4314e-13   7533.56 0 
  7547.62 4.4613e-13   7550.92 0 
  7565.02 4.3892e-13   7568.33 0 
  7582.46 4.4290e-13   7585.78 0 
  7599.94 4.2976e-13   7603.26 0 
  7617.46 4.2869e-13   7620.79 0 
  7635.02 4.3458e-13   7638.36 0 
  7652.62 4.2755e-13   7655.97 0 
  7670.26 4.0356e-13   7673.61 0 
  7687.94 4.1479e-13   7691.30 0 
  7705.67 4.1471e-13   7709.04 0 
  7723.43 4.0801e-13   7726.81 0 
  7741.23 4.1647e-13   7744.62 0 
  7759.08 4.0598e-13   7762.47 0 
  7776.97 4.0404e-13   7780.37 0 
  7794.89 4.0676e-13   7798.30 0 
  7812.86 4.1045e-13   7816.28 0 
  7830.88 4.1417e-13   7834.30 0 
  7848.93 4.1219e-13   7852.36 0 
  7867.02 4.1593e-13   7870.46 0 
  7885.16 4.1014e-13   7888.60 0 
  7903.33 4.0537e-13   7906.79 0 
  7921.55 4.0158e-13   7925.01 0 
  7939.81 3.9874e-13   7943.28 0 
  7958.12 3.9591e-13   7961.59 0 
  7976.46 4.0413e-13   7979.95 0 
  7994.85 4.0312e-13   7998.34 0 
  8013.28 4.0212e-13   8016.78 0 
  8031.75 4.0483e-13   8035.26 0 
  8050.26 4.0755e-13   8053.78 0 
  8068.83 4.0654e-13   8072.35 0 
  8087.42 4.0459e-13   8090.96 0 
  8106.07 3.9896e-13   8109.61 0 
  8124.76 4.0443e-13   8128.31 0 
  8143.48 3.9972e-13   8147.04 0 
  8162.26 3.9055e-13   8165.82 0 
  8181.07 4.0234e-13   8184.65 0 
  8199.93 3.9039e-13   8203.52 0 
  8218.83 3.9575e-13   8222.43 0 
  8237.78 3.6419e-13   8241.38 0 
  8256.77 3.9925e-13   8260.38 0 
  8275.80 4.0286e-13   8279.42 0 
  8294.88 3.8554e-13   8298.51 0 
  8314.01 3.8193e-13   8317.64 0 
  8333.17 3.8716e-13   8336.81 0 
  8352.38 3.8798e-13   8356.03 0 
  8371.64 3.8790e-13   8375.29 0 
  8390.93 3.8074e-13   8394.60 0 
  8410.27 3.8507e-13   8413.95 0 
  8429.67 3.8588e-13   8433.35 0 
  8449.10 3.6929e-13   8452.79 0 
  8468.57 3.8043e-13   8472.27 0 
  8488.09 3.8299e-13   8491.80 0 
  8507.66 3.1849e-13   8511.38 0 
  8527.27 3.7498e-13   8531.00 0 
  8546.93 3.4667e-13   8550.67 0 
  8566.64 3.7310e-13   8570.38 0 
  8586.38 3.7996e-13   8590.14 0 
  8606.18 3.5453e-13   8609.94 0 
  8626.02 3.7373e-13   8629.79 0 
  8645.90 3.7365e-13   8649.68 0 
  8665.83 3.5512e-13   8669.62 0 
  8685.81 3.5098e-13   8689.60 0 
  8705.83 3.6074e-13   8709.64 0 
  8725.90 3.6652e-13   8729.71 0 
  8746.01 3.5728e-13   8749.84 0 
  8766.18 3.5230e-13   8770.01 0 
  8786.39 3.6545e-13   8790.23 0 
  8806.64 3.6285e-13   8810.49 0 
  8826.94 3.6445e-13   8830.80 0 
  8847.29 3.5608e-13   8851.16 0 
  8867.68 3.4471e-13   8871.56 0 
  8888.12 3.4702e-13   8892.01 0 
  8908.62 3.5177e-13   8912.51 0 
  8929.15 3.5577e-13   8933.05 0 
  8949.73 3.5406e-13   8953.65 0 
  8970.37 3.3883e-13   8974.29 0 
  8991.05 3.4110e-13   8994.98 0 
  9011.77 3.2269e-13   9015.71 0 
  9032.55 3.2486e-13   9036.50 0 
  9053.37 3.6358e-13   9057.33 0 
  9074.24 3.5035e-13   9078.20 0 
  9095.16 3.4151e-13   9099.13 0 
  9116.13 3.3366e-13   9120.11 0 
  9137.14 3.3359e-13   9141.13 0 
  9158.20 3.3428e-13   9162.20 0 
  9179.32 3.2585e-13   9183.33 0 
  9200.47 3.4035e-13   9204.50 0 
  9221.68 3.1756e-13   9225.71 0 
  9242.94 3.2116e-13   9246.98 0 
  9264.25 3.3545e-13   9268.30 0 
  9285.60 3.4004e-13   9289.66 0 
  9307.01 3.0934e-13   9311.08 0 
  9328.47 3.3677e-13   9332.54 0 
  9349.97 3.3515e-13   9354.06 0 
  9371.52 3.3276e-13   9375.62 0 
  9393.13 3.3345e-13   9397.23 0 
  9414.78 3.2880e-13   9418.90 0 
  9436.48 3.3101e-13   9440.61 0 
  9458.24 3.2865e-13   9462.37 0 
  9480.04 3.2857e-13   9484.18 0 
  9501.89 3.2399e-13   9506.05 0 
  9523.80 3.1874e-13   9527.96 0 
  9545.76 3.0292e-13   9549.93 0 
  9567.76 3.1712e-13   9571.94 0 
  9589.82 3.2072e-13   9594.01 0 
  9611.92 3.1917e-13   9616.12 0 
  9634.08 3.1836e-13   9638.29 0 
  9656.29 3.1537e-13   9660.51 0 
  9678.55 3.1457e-13   9682.78 0 
  9700.86 3.1522e-13   9705.10 0 
  9723.22 3.1154e-13   9727.47 0 
  9745.64 3.1003e-13   9749.90 0 
  9768.10 3.0996e-13   9772.37 0 
  9790.62 3.0704e-13   9794.90 0 
  9813.19 3.0838e-13   9817.48 0 
  9835.81 3.0689e-13   9840.11 0 
  9858.49 3.0611e-13   9862.79 0 
  9881.21 3.0393e-13   9885.53 0 
  9903.99 3.0177e-13   9908.32 0 
  9926.82 3.0100e-13   9931.16 0 
  9949.70 3.0023e-13   9954.05 0 
  9972.64 2.9878e-13   9977.00 0 
  9995.63 2.9734e-13  10000.00 0 
 10018.67 2.9050e-13  10023.05 0 
 10064.91 2.8440e-13  10069.31 0 
 10134.69 2.8814e-13  10139.12 0 
 10181.46 2.8535e-13  10185.91 0 
 10228.47 2.8325e-13  10232.94 0 
 10275.67 2.8115e-13  10280.17 0 
 10299.36 2.7915e-13  10303.86 0 
 10490.84 2.6850e-13  10495.42 0 
 10710.52 2.5644e-13  10715.20 0 
 10909.64 2.4321e-13  10914.41 0 
 11112.46 2.3823e-13  11117.32 0 
 11293.02 2.2961e-13  11297.96 0 
 11502.97 2.2335e-13  11508.00 0 
 11689.88 2.1577e-13  11694.99 0 
 11907.22 2.0796e-13  11912.43 0 
 12100.70 2.0137e-13  12105.99 0 
 12297.32 1.9588e-13  12302.69 0 
 12497.13 1.9054e-13  12502.59 0 
 12700.19 1.8492e-13  12705.74 0 
 12906.55 1.7947e-13  12912.19 0 
 13086.10 1.7498e-13  13091.82 0 
 13298.74 1.6982e-13  13304.55 0 
 13514.82 1.6672e-13  13520.73 0 
 13702.83 1.6255e-13  13708.82 0 
 13893.46 1.5848e-13  13899.53 0 
 14086.74 1.5452e-13  14092.89 0 
 14315.63 1.5100e-13  14321.88 0 
 14514.78 1.4928e-13  14521.12 0 
 14716.70 1.4588e-13  14723.13 0 
 14887.10 1.4421e-13  14893.61 0 
 15094.20 1.4190e-13  15100.80 0 
 15304.19 1.4092e-13  15310.87 0 
 15517.09 1.3963e-13  15523.87 0 
 15696.77 1.3645e-13  15703.63 0 
 15915.14 1.3274e-13  15922.09 0 
 16099.41 1.3182e-13  16106.45 0 
 16285.84 1.3061e-13  16292.96 0 
 16512.40 1.2618e-13  16519.62 0 
 16703.61 1.2331e-13  16710.91 0 
 16897.03 1.1912e-13  16904.42 0 
 17092.68 1.1614e-13  17100.14 0 
 17290.60 1.1091e-13  17298.16 0 
 17490.83 1.0839e-13  17498.47 0 
 17693.36 1.0495e-13  17701.10 0 
 17898.23 1.0162e-13  17906.05 0 
 18105.48 9.7272e-14  18113.40 0 
 18315.14 9.5058e-14  18323.14 0 
 18484.62 9.2254e-14  18492.70 0 
 18698.64 8.8305e-14  18706.81 0 
 18915.17 8.6295e-14  18923.43 0 
 19090.20 8.4137e-14  19098.54 0 
 19311.23 8.1281e-14  19319.67 0 
 19489.93 7.7801e-14  19498.44 0 
 19715.61 7.6030e-14  19724.23 0 
 19898.03 7.3958e-14  19906.72 0 
 20082.15 7.2275e-14  20090.93 0 
 20314.70 6.9821e-14  20323.57 0 
 20502.65 6.8389e-14  20511.61 0 
 20692.37 6.6220e-14  20701.41 0 
 20883.84 6.4415e-14  20892.97 0 
 21077.06 6.2804e-14  21086.28 0 
 21321.13 6.1233e-14  21330.45 0 
 21518.42 5.9564e-14  21527.83 0 
 21717.52 5.7278e-14  21727.01 0 
 21918.47 5.6362e-14  21928.05 0 
 22121.27 5.4700e-14  22130.94 0 
 22274.62 5.3209e-14  22284.35 0 
 22480.73 5.1878e-14  22490.56 0 
 22688.73 5.0465e-14  22698.65 0 
 22898.68 4.6343e-14  22908.68 0 
 23110.54 4.5918e-14  23120.64 0 
 23324.39 4.1399e-14  23334.58 0 
 23486.05 3.9718e-14  23496.32 0 
 23703.38 3.9993e-14  23713.74 0 
 23922.71 3.6982e-14  23933.17 0 
 24088.53 3.6223e-14  24099.05 0 
 24311.42 3.5974e-14  24322.05 0 
 24479.93 3.3962e-14  24490.63 0 
 24706.45 3.3883e-14  24717.25 0 
 24877.70 3.0689e-14  24888.57 0 
 25107.90 3.0408e-14  25118.87 0 
 25281.92 3.0268e-14  25292.97 0 
 25515.87 2.9784e-14  25527.02 0 
 25692.72 2.9716e-14  25703.95 0 
 25870.83 2.8973e-14  25882.13 0 
 26110.19 2.8641e-14  26121.60 0 
 26291.19 2.7860e-14  26302.68 0 
 26473.42 2.7605e-14  26484.99 0 
 26718.39 2.6915e-14  26730.07 0 
 26903.58 2.6545e-14  26915.34 0 
 27090.08 2.6061e-14  27101.92 0 
 27277.85 2.5526e-14  27289.77 0 
 27530.26 2.5003e-14  27542.29 0 
 27721.08 2.4490e-14  27733.19 0 
 27913.25 2.4098e-14  27925.45 0 
 28106.72 2.3604e-14  28119.00 0 
 28301.56 2.3173e-14  28313.93 0 
 28497.72 2.2646e-14  28510.18 0 
 28695.28 2.2079e-14  28707.82 0 
 28894.17 2.1726e-14  28906.80 0 
 29094.47 2.1281e-14  29107.19 0 
 29296.13 2.0796e-14  29308.93 0 
 29499.19 2.0370e-14  29512.08 0 
 29703.68 1.9952e-14  29716.66 0 
 29909.56 1.9543e-14  29922.63 0 
 30116.91 1.9142e-14  30130.07 0 
 30325.65 1.8663e-14  30338.90 0 
 30465.65 1.8365e-14  30478.96 0 
 30676.81 1.8030e-14  30690.22 0 
 30889.44 1.7660e-14  30902.94 0 
 31103.57 1.7298e-14  31117.17 0 
 31319.16 1.6982e-14  31332.84 0 
 31536.27 1.6634e-14  31550.05 0 
 31681.82 1.6330e-14  31695.67 0 
 31901.45 1.6032e-14  31915.39 0 
 32122.57 1.5776e-14  32136.60 0 
 32270.83 1.5595e-14  32284.93 0 
 32494.54 1.5559e-14  32508.74 0 
 32719.76 1.5995e-14  32734.06 0 
 32870.82 1.7579e-14  32885.18 0 
 33098.65 1.7298e-14  33113.11 0 
 33328.06 1.5066e-14  33342.62 0 
 33481.92 1.4092e-14  33496.55 0 
 33713.99 1.3520e-14  33728.72 0 
 33869.63 1.3122e-14  33884.43 0 
 34104.39 1.2793e-14  34119.29 0 
 34261.79 1.2502e-14  34276.77 0 
 34499.31 1.2246e-14  34514.38 0 
 34738.42 1.1967e-14  34753.61 0 
 34898.80 1.1722e-14  34914.05 0 
 35059.87 1.1508e-14  35075.20 0 
 35302.88 1.1246e-14  35318.30 0 
 35465.86 1.1040e-14  35481.36 0 
 35711.68 1.0814e-14  35727.28 0 
 35876.50 1.0592e-14  35892.18 0 
 36125.21 1.0399e-14  36140.99 0 
 36291.94 1.0209e-14  36307.80 0 
 36459.45 9.9767e-15  36475.38 0 
 36712.19 9.7946e-15  36728.23 0 
 36881.64 9.5937e-15  36897.75 0 
 37137.31 9.4186e-15  37153.54 0 
 37308.72 9.2467e-15  37325.02 0 
 37480.91 9.0155e-15  37497.29 0 
 37740.74 8.9123e-15  37757.23 0 
 37914.93 8.7496e-15  37931.50 0 
 38089.93 8.5701e-15  38106.57 0 
 38265.77 8.4331e-15  38282.49 0 
 38530.99 8.2983e-15  38547.83 0 
 38708.83 8.1281e-15  38725.75 0 
 38887.53 7.9797e-15  38904.53 0 
 39067.02 7.8341e-15  39084.09 0 
 39337.80 7.7088e-15  39354.99 0 
 39519.40 7.5681e-15  39536.67 0 
 39701.80 7.4300e-15  39719.15 0 
 39885.05 7.2944e-15  39902.48 0 
 40069.18 7.1612e-15  40086.69 0 
 40254.12 7.0467e-15  40271.71 0 
 40533.12 6.9022e-15  40550.84 0 
 40720.24 6.8232e-15  40738.04 0 
 40908.19 6.7141e-15  40926.07 0 
 41097.00 6.6067e-15  41114.96 0 
 41286.72 6.5011e-15  41304.77 0 
 41477.28 6.3972e-15  41495.41 0 
 41668.72 6.2804e-15  41686.93 0 
 41861.09 6.1942e-15  41879.38 0 
 42054.29 6.0952e-15  42072.67 0 
 42345.78 6.0116e-15  42364.28 0 
 42541.27 5.9154e-15  42559.86 0 
 42737.62 5.8209e-15  42756.29 0 
 42934.87 5.5974e-15  42953.63 0 
 43133.08 5.3949e-15  43151.93 0 
 43332.16 5.3949e-15  43351.10 0 
 43532.16 5.1759e-15  43551.18 0 
 43733.08 5.0698e-15  43752.19 0 
 43934.98 4.9887e-15  43954.18 0 
 44137.75 4.8083e-15  44157.04 0 
 44341.47 4.7642e-15  44360.85 0 
 44546.17 4.6772e-15  44565.64 0 
 44648.86 4.5288e-15  44668.37 0 
 44854.93 4.5393e-15  44874.54 0 
 45061.96 4.4462e-15  45081.65 0 
 45269.99 4.3350e-15  45289.77 0 
 45478.93 4.3151e-15  45498.80 0 
 45688.84 4.2755e-15  45708.80 0 
 45899.76 4.1399e-15  45919.82 0 
 46111.61 4.1590e-15  46131.76 0 
 46324.44 4.0831e-15  46344.68 0 
 46538.30 4.0363e-15  46558.63 0 
 46753.09 4.0086e-15  46773.52 0 
 46860.86 3.9627e-15  46881.34 0 
 47077.15 3.8993e-15  47097.72 0 
 47294.48 3.8993e-15  47315.15 0 
 47512.76 3.8370e-15  47533.53 0 
 47732.06 3.7930e-15  47752.92 0 
 47952.42 3.7583e-15  47973.37 0 
 48062.95 3.6897e-15  48083.95 0 
 48284.78 3.6982e-15  48305.88 0 
 48507.64 3.6390e-15  48528.84 0 
 48731.58 3.5891e-15  48752.87 0 
 48843.91 3.5562e-15  48865.25 0 
 49069.34 3.5155e-15  49090.79 0 
 49295.82 3.4833e-15  49317.36 0 
 49523.40 3.4434e-15  49545.04 0 
 49751.97 3.4197e-15  49773.71 0 
 49866.65 3.3806e-15  49888.45 0 
 50096.81 3.3655e-15  50118.70 0 
 50328.08 3.3506e-15  50350.08 0 
 50444.09 3.3049e-15  50466.14 0 
 50676.92 3.2979e-15  50699.06 0 
 50793.73 3.2981e-15  50815.93 0 
 50910.81 3.2984e-15  50933.06 0 
 51028.22 3.2835e-15  51050.52 0 
 51145.84 3.2687e-15  51168.20 0 
 51263.74 3.2540e-15  51286.14 0 
 51381.91 3.2467e-15  51404.36 0 
 51500.35 3.2395e-15  51522.85 0 
 51619.06 3.2398e-15  51641.62 0 
 51738.10 3.2475e-15  51760.71 0 
 51857.36 3.2329e-15  51880.02 0 
 51976.90 3.2183e-15  51999.61 0 
 52096.71 3.2111e-15  52119.47 0 
 52216.79 3.2040e-15  52239.61 0 
 52337.16 3.1969e-15  52360.03 0 
 52457.79 3.1898e-15  52480.72 0 
 52578.77 3.1900e-15  52601.75 0 
 52699.97 3.1977e-15  52723.00 0 
 52821.45 3.1905e-15  52844.53 0 
 52943.20 3.1688e-15  52966.34 0 
 53065.24 3.1618e-15  53088.43 0 
 53187.56 3.1620e-15  53210.80 0 
 53310.22 3.1623e-15  53333.52 0 
 53433.11 3.1553e-15  53456.46 0 
 53556.27 3.1555e-15  53579.68 0 
 53679.73 3.1485e-15  53703.18 0 
 53803.46 3.1487e-15  53826.97 0 
 53927.48 3.1490e-15  53951.05 0 
 54051.79 3.1492e-15  54075.41 0 
 54176.44 3.1422e-15  54200.11 0 
 54301.32 3.1352e-15  54325.05 0 
 54426.49 3.1355e-15  54450.27 0 
 54551.95 3.1430e-15  54575.79 0 
 54677.69 3.1432e-15  54701.59 0 
 54803.73 3.1362e-15  54827.68 0 
 54930.05 3.1437e-15  54954.06 0 
 55056.73 3.1439e-15  55080.79 0 
 55183.64 3.1441e-15  55207.76 0 
 55310.84 3.1662e-15  55335.02 0 
 55438.34 3.1664e-15  55462.57 0 
 55566.13 3.1521e-15  55590.41 0 
 55694.21 3.1742e-15  55718.55 0 
 55822.65 3.1817e-15  55847.05 0 
 55951.33 3.1820e-15  55975.78 0 
 56080.30 3.1896e-15  56104.81 0 
 56209.57 3.1971e-15  56234.13 0 
 56339.14 3.2048e-15  56363.76 0 
 56469.00 3.2198e-15  56493.68 0 
 56599.17 3.2423e-15  56623.90 0 
 56729.69 3.2501e-15  56754.48 0 
 56860.46 3.2578e-15  56885.31 0 
 56991.53 3.2731e-15  57016.43 0 
 57122.90 3.3036e-15  57147.86 0 
 57254.57 3.3267e-15  57279.59 0 
 57386.54 3.3423e-15  57411.62 0 
 57518.89 3.3735e-15  57544.02 0 
 57651.47 3.3971e-15  57676.67 0 
 57784.37 3.4209e-15  57809.62 0 
 57917.56 3.4688e-15  57942.87 0 
 58051.07 3.4931e-15  58076.43 0 
 58184.88 3.5338e-15  58210.30 0 
 58319.00 3.5832e-15  58344.48 0 
 58453.49 3.6249e-15  58479.04 0 
 58588.23 3.6756e-15  58613.83 0 
 58723.28 3.7356e-15  58748.94 0 
 58858.64 3.7966e-15  58884.36 0 
 58994.31 3.8674e-15  59020.09 0 
 59219.07 3.2903e-15  59244.95 3 
 59528.79 4.1293e-15  59554.81 3 
 59838.51 4.8489e-15  59864.66 3 
 60148.22 4.6903e-15  60174.51 3 
 60457.95 5.8084e-15  60484.37 3 
 60767.66 5.9219e-15  60794.22 3 
 61077.38 6.1813e-15  61104.07 3 
 61387.11 8.2703e-15  61413.93 3 
 61696.82 1.1402e-14  61723.78 3 
 62006.53 1.4266e-14  62033.63 3 
 62316.26 1.3666e-14  62343.49 3 
 62625.97 1.2274e-14  62653.34 3 
 62935.69 1.0522e-14  62963.19 3 
 63245.41 8.3630e-15  63273.05 3 
 63555.13 7.4336e-15  63582.90 3 
 63864.85 6.7358e-15  63892.76 3 
 64174.57 6.3107e-15  64202.61 3 
 64484.28 5.9696e-15  64512.46 3 
 64794.01 5.0498e-15  64822.32 3 
 65103.72 4.9387e-15  65132.17 3 
 65413.43 4.8191e-15  65442.02 3 
 65723.16 5.0498e-15  65751.88 3 
 66032.87 5.0112e-15  66061.73 3 
 66342.59 5.0520e-15  66371.58 3 
 66652.32 5.0536e-15  66681.45 3 
 66962.03 4.9888e-15  66991.29 3 
 67271.74 4.8034e-15  67301.14 3 
 67581.47 5.0130e-15  67611.00 3 
 67891.18 5.4442e-15  67920.85 3 
 68200.91 5.2262e-15  68230.71 3 
 68510.62 5.3333e-15  68540.56 3 
 68820.34 5.0392e-15  68850.41 3 
 69130.06 4.8670e-15  69160.27 3 
 69439.77 5.5733e-15  69470.12 3 
 69749.50 5.8515e-15  69779.98 3 
 70059.21 5.8536e-15  70089.83 3 
 70368.93 4.8550e-15  70399.68 3 
 70678.65 5.5911e-15  70709.54 3 
 70988.37 5.1602e-15  71019.39 3 
 71298.08 5.8878e-15  71329.24 3 
 71607.81 6.1380e-15  71639.10 3 
 71917.52 5.4040e-15  71948.95 3 
 72227.25 5.5597e-15  72258.81 3 
 72536.96 6.2188e-15  72568.66 3 
 72846.67 6.6116e-15  72878.51 3 
 73156.41 6.9621e-15  73188.38 3 
 73466.11 7.5118e-15  73498.22 3 
 73775.83 7.9532e-15  73808.07 3 
 74085.55 8.4039e-15  74117.93 3 
 74395.27 9.7007e-15  74427.78 3 
 74704.99 9.5247e-15  74737.63 3 
 75014.70 1.0703e-14  75047.48 3 
 75304.15 1.1511e-14  75337.06 3 
 75324.43 1.2378e-14  75357.34 3 
 75634.15 1.1848e-14  75667.20 3 
 75924.81 1.3383e-14  75957.99 3 
 75943.86 1.2034e-14  75977.05 3 
 76545.49 1.2757e-14  76578.94 3 
 77166.15 1.2086e-14  77199.88 3 
 77786.83 1.1607e-14  77820.82 3 
 78407.49 1.1157e-14  78441.76 3 
 79028.18 1.0587e-14  79062.71 3 
 79648.84 8.7481e-15  79683.65 3 
 80269.51 7.8198e-15  80304.59 3 
 80890.19 6.9306e-15  80925.54 3 
 81510.86 6.4145e-15  81546.48 3 
 82131.52 6.2216e-15  82167.41 3 
 82752.20 6.1191e-15  82788.36 3 
 83372.86 6.2326e-15  83409.30 3 
 83993.54 6.2374e-15  84030.25 3 
 84614.21 6.0496e-15  84651.19 3 
 85234.89 6.3766e-15  85272.13 3 
 85855.55 7.4997e-15  85893.07 3 
 86476.23 6.7250e-15  86514.02 3 
 87096.89 5.6899e-15  87134.95 3 
 87717.57 4.3811e-15  87755.90 3 
 88338.24 3.5341e-15  88376.84 3 
 88958.91 3.2113e-15  88997.78 3 
 89579.57 2.7146e-15  89618.72 3 
 90200.25 2.6736e-15  90239.66 3 
 90820.91 2.3462e-15  90860.60 3 
 91441.59 2.2973e-15  91481.55 3 
 92062.26 2.1620e-15  92102.49 3 
 92682.94 2.2425e-15  92723.44 3 
 93303.61 2.1170e-15  93344.38 3 
 93924.28 2.0116e-15  93965.32 3 
 94544.94 2.1862e-15  94586.26 3 
 95165.61 2.2191e-15  95207.20 3 
 95786.29 2.0730e-15  95828.15 3 
 96406.96 1.8660e-15  96449.09 3 
 97027.62 2.1479e-15  97070.02 3 
 97648.30 2.2549e-15  97690.98 3 
 98268.98 2.0768e-15  98311.92 3 
 98889.64 2.0349e-15  98932.86 3 
 99510.32 1.8223e-15  99553.80 3 
100130.95 1.9381e-15 100174.70 3 
100751.67 1.8168e-15 100795.70 3 
101372.29 1.9496e-15 101416.59 3 
101993.03 1.8147e-15 102037.60 3 
102613.66 1.5718e-15 102658.50 3 
103234.38 1.6082e-15 103279.49 3 
103855.02 1.7754e-15 103900.41 3 
104475.65 2.0774e-15 104521.30 3 
105096.37 2.2344e-15 105142.30 3 
105717.00 2.3568e-15 105763.20 3 
106337.73 2.3903e-15 106384.20 3 
106958.36 2.3988e-15 107005.10 3 
107578.99 2.6111e-15 107626.00 3 
108199.72 2.5142e-15 108247.00 3 
108820.35 2.5735e-15 108867.91 3 
109441.07 3.1272e-15 109488.90 3 
110061.70 3.6068e-15 110109.80 3 
110682.43 3.9944e-15 110730.80 3 
111303.06 5.5898e-15 111351.70 3 
111923.69 8.4452e-15 111972.60 3 
112544.42 9.5145e-15 112593.60 3 
113165.05 7.9157e-15 113214.50 3 
113785.78 6.0512e-15 113835.50 3 
114406.40 4.6281e-15 114456.40 3 
115027.13 3.6668e-15 115077.40 3 
115647.76 3.2202e-15 115698.30 3 
116268.39 2.9304e-15 116319.20 3 
116889.12 2.7869e-15 116940.20 3 
117509.75 2.7165e-15 117561.10 3 
118130.47 2.7309e-15 118182.09 3 
118751.10 2.9297e-15 118802.99 3 
119371.83 3.0997e-15 119424.00 3 
119992.46 2.9495e-15 120044.90 3 
120613.09 2.9280e-15 120665.80 3 
121233.83 2.7915e-15 121286.80 3 
121854.45 2.7436e-15 121907.70 3 
122475.17 2.6982e-15 122528.70 3 
123095.80 2.8375e-15 123149.59 3 
123716.44 2.9274e-15 123770.51 3 
124337.16 3.1956e-15 124391.50 3 
124957.79 3.2117e-15 125012.40 3 
125578.52 3.5098e-15 125633.40 3 
126199.16 3.5747e-15 126254.30 3 
126819.88 3.9599e-15 126875.30 3 
127440.51 4.3566e-15 127496.20 3 
128061.14 4.9258e-15 128117.10 3 
128681.87 3.8650e-15 128738.10 3 
129302.49 2.4466e-15 129359.00 3 
129923.22 1.9877e-15 129980.00 3 
130543.85 1.9377e-15 130600.90 3 
131164.48 1.8171e-15 131221.80 3 
131785.21 1.9155e-15 131842.80 3 
132405.84 1.8156e-15 132463.70 3 
133026.57 1.8313e-15 133084.70 3 
133647.19 1.7144e-15 133705.59 3 
134267.92 1.7612e-15 134326.59 3 
134888.55 1.8941e-15 134947.50 3 
135509.19 1.8090e-15 135568.41 3 
136129.92 1.7308e-15 136189.41 3 
136750.54 1.6625e-15 136810.30 3 
137371.27 1.5666e-15 137431.30 3 
137991.90 1.5081e-15 138052.20 3 
138612.63 1.4648e-15 138673.20 3 
139233.25 1.3771e-15 139294.09 3 
139853.88 1.4028e-15 139915.00 3 
140474.61 1.4344e-15 140536.00 3 
141095.25 1.4498e-15 141156.91 3 
141715.96 1.4415e-15 141777.89 3 
142336.60 1.4918e-15 142398.80 3 
142957.32 1.3809e-15 143019.80 3 
143577.96 1.2806e-15 143640.70 3 
144198.58 1.2083e-15 144261.59 3 
144819.32 1.2804e-15 144882.61 3 
145353.39 1.1894e-15 145416.91 3 
146269.88 1.2703e-15 146333.80 3 
147186.48 1.1393e-15 147250.80 3 
148102.98 1.0086e-15 148167.70 3 
149019.47 1.0754e-15 149084.59 3 
149935.98 1.1016e-15 150001.50 3 
150852.58 1.1129e-15 150918.50 3 
151769.08 1.1204e-15 151835.41 3 
152685.57 1.0820e-15 152752.30 3 
153602.17 1.0714e-15 153669.30 3 
154518.68 1.3728e-15 154586.20 3 
155435.17 2.1972e-15 155503.09 3 
156351.67 1.8957e-15 156420.00 3 
157268.27 1.2860e-15 157337.00 3 
158184.78 1.2354e-15 158253.91 3 
159101.27 1.3318e-15 159170.80 3 
160017.87 1.2948e-15 160087.80 3 
160934.37 1.2830e-15 161004.70 3 
161850.86 1.3310e-15 161921.59 3 
162767.46 1.6397e-15 162838.59 3 
163683.97 2.1960e-15 163755.50 3 
164600.46 2.5990e-15 164672.39 3 
165516.97 2.2112e-15 165589.30 3 
166433.58 1.9698e-15 166506.31 3 
167350.06 2.0070e-15 167423.19 3 
168266.56 1.9324e-15 168340.09 3 
169183.07 2.0333e-15 169257.00 3 
170099.67 2.4391e-15 170174.00 3 
171016.17 2.2904e-15 171090.91 3 
171932.68 2.1003e-15 172007.81 3 
172849.28 2.0959e-15 172924.81 3 
173765.77 2.1413e-15 173841.70 3 
174682.27 1.8816e-15 174758.61 3 
175598.87 1.5887e-15 175675.61 3 
176515.36 1.4840e-15 176592.50 3 
177431.87 1.4711e-15 177509.41 3 
178348.36 1.4231e-15 178426.30 3 
179264.96 1.2837e-15 179343.30 3 
180181.46 1.1675e-15 180260.20 3 
181097.95 1.0873e-15 181177.09 3 
182014.55 1.0857e-15 182094.09 3 
182931.06 1.0458e-15 183011.00 3 
183847.55 1.0423e-15 183927.89 3 
184764.15 1.0805e-15 184844.89 3 
185680.65 1.2071e-15 185761.80 3 
186597.16 2.3744e-15 186678.70 3 
187513.65 2.7922e-15 187595.59 3 
188430.25 1.5220e-15 188512.59 3 
189346.76 1.1573e-15 189429.50 3 
190263.25 1.1227e-15 190346.39 3 
191179.86 1.0441e-15 191263.41 3 
192096.37 9.5733e-16 192180.31 3 
193012.84 9.4996e-16 193097.19 3 
193929.35 9.9561e-16 194014.09 3 
194845.96 9.5118e-16 194931.11 3 
195762.45 9.7022e-16 195848.00 3 
196678.96 9.1881e-16 196764.91 3 
197595.56 9.4173e-16 197681.91 3 
198512.05 9.2104e-16 198598.80 3 
199428.55 9.2432e-16 199515.70 3 
200345.06 8.9012e-16 200432.61 3 
201261.66 8.6762e-16 201349.61 3 
202178.15 8.9270e-16 202266.50 3 
203094.65 9.2071e-16 203183.41 3 
204011.25 8.6448e-16 204100.41 3 
205110.87 8.6987e-16 205200.50 3 
206875.41 8.9767e-16 206965.81 3 
208641.03 8.6578e-16 208732.20 3 
210407.55 8.3769e-16 210499.50 3 
212175.17 8.8284e-16 212267.89 3 
213943.80 8.6139e-16 214037.30 3 
215713.53 8.0433e-16 215807.80 3 
217484.15 8.1709e-16 217579.19 3 
219255.87 9.2611e-16 219351.69 3 
221028.61 8.3292e-16 221125.20 3 
222802.43 8.3658e-16 222899.80 3 
224577.27 8.6342e-16 224675.41 3 
226353.08 8.6146e-16 226452.00 3 
228129.99 8.4606e-16 228229.69 3 
229907.92 8.5332e-16 230008.39 3 
231686.85 8.4491e-16 231788.09 3 
233466.87 8.6473e-16 233568.89 3 
235247.90 8.8669e-16 235350.70 3 
237030.01 8.5754e-16 237133.59 3 
238813.23 8.5570e-16 238917.59 3 
240597.45 8.5984e-16 240702.59 3 
242382.67 8.6203e-16 242488.59 3 
244169.00 8.4560e-16 244275.70 3 
245956.31 8.3482e-16 246063.80 3 
247744.84 8.5340e-16 247853.11 3 
249534.27 8.5885e-16 249643.31 3 
251324.76 8.7459e-16 251434.59 3 
253116.39 8.8214e-16 253227.00 3 
254909.10 8.6904e-16 255020.50 3 
256702.82 9.0109e-16 256815.00 3 
258497.63 9.6331e-16 258610.59 3 
260293.55 9.4886e-16 260407.30 3 
262090.56 8.5767e-16 262205.09 3 
263888.59 8.4354e-16 264003.91 3 
265687.68 8.3927e-16 265803.78 3 
267487.92 8.3065e-16 267604.81 3 
269289.10 8.2993e-16 269406.78 3 
271091.53 8.1930e-16 271210.00 3 
272894.93 8.3405e-16 273014.19 3 
274699.46 8.2698e-16 274819.50 3 
276505.07 8.2087e-16 276625.91 3 
278311.78 8.0828e-16 278433.41 3 
280119.59 8.3979e-16 280242.00 3 
281928.48 9.1067e-16 282051.69 3 
283738.51 8.5464e-16 283862.50 3 
285549.62 8.2905e-16 285674.41 3 
287361.83 8.2671e-16 287487.41 3 
289175.13 8.2602e-16 289301.50 3 
290989.53 8.4372e-16 291116.69 3 
292805.04 8.4422e-16 292933.00 3 
294621.66 8.4085e-16 294750.41 3 
296439.36 8.2091e-16 296568.91 3 
298258.25 8.4283e-16 298388.59 3 
300078.27 8.4004e-16 300209.41 3 
301899.26 8.3346e-16 302031.19 3 
303721.46 8.5040e-16 303854.19 3 
305544.76 8.5211e-16 305678.28 3 
307369.27 8.7715e-16 307503.59 3 
309194.79 8.6348e-16 309329.91 3 
311021.49 8.5237e-16 311157.41 3 
312849.38 8.6742e-16 312986.09 3 
314678.30 8.5116e-16 314815.81 3 
316508.40 8.7618e-16 316646.72 3 
318339.67 9.0320e-16 318478.78 3 
320171.96 8.9035e-16 320311.88 3 
322005.47 9.3237e-16 322146.19 3 
323840.20 9.2066e-16 323981.72 3 
325675.96 9.3151e-16 325818.28 3 
327512.85 9.1189e-16 327655.97 3 
329350.98 9.5040e-16 329494.91 3 
331190.27 9.9743e-16 331335.00 3 
333030.65 1.3295e-15 333176.19 3 
334872.16 2.1720e-15 335018.50 3 
336714.86 1.5978e-15 336862.00 3 
338558.77 9.8920e-16 338706.72 3 
340403.84 9.6725e-16 340552.59 3 
342250.03 9.4572e-16 342399.59 3 
344097.35 9.5228e-16 344247.72 3 
345945.92 1.2362e-15 346097.09 3 
347795.64 2.2567e-15 347947.62 3 
349646.52 2.1351e-15 349799.31 3 
