# An Atlas of Galaxy Spectral Energy Distributions from the Ultraviolet to the Mid-Infrared
# Brown et al. (2014)
# http://dx.doi.org/10.5072/03/529D3551F0117
# 
# Column 1 : Restframe Wavelength (Angstrom)
# Column 2 : Flux per unit wavelength (ergs/s/cm^2/Angstrom)
# Column 3 : Observed wavelength (Angstrom)
# Column 4 : Source (0 = model, 1 = Optical Spectrum, 2 = Akari, 3 = Spitzer IRS)
# 
   102.03 2.1489e-20    102.57 0 
   103.93 2.7619e-20    104.47 0 
   106.10 3.5993e-20    106.66 0 
   108.08 4.7887e-20    108.64 0 
   110.09 7.0993e-20    110.66 0 
   113.95 1.1021e-19    114.55 0 
   117.96 1.6114e-19    118.58 0 
   120.98 6.2548e-19    121.62 0 
   124.95 8.3988e-19    125.60 0 
   126.98 9.4236e-19    127.64 0 
   127.86 1.0144e-18    128.53 0 
   131.14 1.1836e-18    131.83 0 
   132.05 1.4263e-18    132.74 0 
   133.88 1.5639e-18    134.59 0 
   137.00 2.0759e-18    137.72 0 
   139.87 2.3725e-18    140.60 0 
   143.13 7.0830e-18    143.88 0 
   147.14 1.9598e-17    147.91 0 
   150.91 2.2040e-17    151.71 0 
   155.14 2.5016e-17    155.96 0 
   159.12 2.8459e-17    159.96 0 
   162.08 3.1061e-17    162.93 0 
   165.86 3.5417e-17    166.72 0 
   170.11 3.9375e-17    171.00 0 
   172.87 4.2777e-17    173.78 0 
   176.90 4.7121e-17    177.83 0 
   180.19 5.0608e-17    181.13 0 
   181.86 5.3237e-17    182.81 0 
   186.09 5.8239e-17    187.07 0 
   190.87 6.5045e-17    191.87 0 
   193.97 6.9858e-17    194.98 0 
   198.03 7.5373e-17    199.07 0 
   202.18 8.1887e-17    203.24 0 
   204.99 8.6939e-17    206.06 0 
   209.76 9.1036e-17    210.86 0 
   216.14 1.0573e-16    217.27 0 
   220.16 1.1356e-16    221.31 0 
   223.22 1.1782e-16    224.39 0 
   226.85 1.2683e-16    228.03 0 
   230.00 1.9825e-16    231.21 0 
   233.74 3.4294e-16    234.96 0 
   239.73 4.3273e-16    240.99 0 
   245.88 4.2191e-16    247.17 0 
   252.19 4.6048e-16    253.51 0 
   256.88 3.9830e-16    258.23 0 
   259.85 4.6261e-16    261.22 0 
   264.08 4.9228e-16    265.46 0 
   268.99 5.0144e-16    270.40 0 
   273.99 5.0724e-16    275.42 0 
   279.08 5.1548e-16    280.54 0 
   284.27 5.2386e-16    285.76 0 
   290.22 5.0724e-16    291.74 0 
   296.30 5.2507e-16    297.85 0 
   301.11 5.2628e-16    302.69 0 
   308.13 5.4102e-16    309.74 0 
   318.22 5.6133e-16    319.89 0 
   327.89 5.7045e-16    329.61 0 
   337.85 5.7440e-16    339.63 0 
   348.12 5.7573e-16    349.95 0 
   357.05 5.7838e-16    358.92 0 
   366.21 5.8373e-16    368.13 0 
   374.74 5.8239e-16    376.70 0 
   385.24 5.6262e-16    387.26 0 
   395.12 5.7838e-16    397.19 0 
   405.26 5.7972e-16    407.38 0 
   413.74 5.7440e-16    415.91 0 
   422.41 5.6652e-16    424.62 0 
   430.26 5.6133e-16    432.51 0 
   441.30 5.5875e-16    443.61 0 
   450.54 5.4981e-16    452.90 0 
   459.97 5.4227e-16    462.38 0 
   469.60 5.3483e-16    472.06 0 
   480.54 5.3115e-16    483.06 0 
   489.47 5.1667e-16    492.04 0 
   499.72 5.1548e-16    502.34 0 
   505.51 5.0841e-16    508.16 0 
   512.54 5.3854e-16    515.23 0 
   519.67 5.3360e-16    522.40 0 
   530.55 5.2507e-16    533.33 0 
   540.42 5.0724e-16    543.25 0 
   550.47 5.1430e-16    553.35 0 
   559.41 5.2749e-16    562.34 0 
   569.81 5.3854e-16    572.80 0 
   580.40 5.2386e-16    583.45 0 
   589.83 5.4227e-16    592.93 0 
   599.42 5.3237e-16    602.56 0 
   610.56 5.0491e-16    613.76 0 
   620.48 5.7045e-16    623.73 0 
   630.57 5.7573e-16    633.87 0 
   639.34 5.8105e-16    642.69 0 
   649.73 6.0147e-16    653.13 0 
   657.25 6.0844e-16    660.69 0 
   664.86 6.2982e-16    668.34 0 
   675.66 6.3565e-16    679.20 0 
   685.06 6.1832e-16    688.65 0 
   694.59 7.0504e-16    698.23 0 
   704.26 6.7176e-16    707.95 0 
   715.70 7.6246e-16    719.45 0 
   725.65 7.8563e-16    729.46 0 
   735.75 8.0763e-16    739.61 0 
   744.27 8.6341e-16    748.17 0 
   754.62 9.0202e-16    758.58 0 
   765.12 9.0202e-16    769.13 0 
   775.77 1.0005e-15    779.83 0 
   784.75 1.0357e-15    788.86 0 
   795.67 1.0945e-15    799.83 0 
   804.88 1.1487e-15    809.10 0 
   814.20 1.1946e-15    818.46 0 
   825.52 1.2889e-15    829.85 0 
   835.08 1.0970e-15    839.46 0 
   844.75 1.3684e-15    849.18 0 
   854.54 1.4100e-15    859.01 0 
   864.43 1.5143e-15    868.96 0 
   874.44 1.6152e-15    879.02 0 
   884.57 1.7347e-15    889.20 0 
   894.81 1.8290e-15    899.50 0 
   905.17 1.8459e-15    909.91 0 
   915.65 2.5247e-15    920.45 0 
   924.12 1.4296e-14    928.97 0 
   934.82 3.1061e-14    939.72 0 
   945.65 5.9185e-14    950.60 0 
   954.40 8.5156e-14    959.40 0 
   965.45 9.4019e-14    970.51 0 
   974.38 1.5248e-14    979.49 0 
   985.67 7.6246e-14    990.83 0 
   994.79 8.3026e-14   1000.00 0 
  1003.99 1.2567e-13   1009.25 0 
  1015.62 1.2252e-13   1020.94 0 
  1025.02 5.3483e-14   1030.39 0 
  1034.50 8.3602e-14   1039.92 0 
  1044.07 1.6566e-13   1049.54 0 
  1056.16 1.6226e-13   1061.70 0 
  1065.93 1.2538e-13   1071.52 0 
  1075.80 1.5143e-13   1081.43 0 
  1085.75 1.1728e-13   1091.44 0 
  1095.80 1.6003e-13   1101.54 0 
  1105.94 1.5389e-13   1111.73 0 
  1116.17 1.4663e-13   1122.02 0 
  1123.91 1.3098e-13   1129.80 0 
  1134.31 1.7069e-13   1140.25 0 
  1144.80 1.5425e-13   1150.80 0 
  1155.39 1.6528e-13   1161.45 0 
  1166.09 1.7030e-13   1172.20 0 
  1174.17 1.1514e-13   1180.32 0 
  1185.03 1.6528e-13   1191.24 0 
  1196.00 1.1046e-13   1202.26 0 
  1204.29 7.8201e-14   1210.60 0 
  1215.43 5.5746e-14   1221.80 0 
  1223.86 1.1226e-13   1230.27 0 
  1235.18 1.7307e-13   1241.65 0 
  1243.74 1.9064e-13   1250.26 0 
  1255.25 1.8122e-13   1261.83 0 
  1263.95 1.5425e-13   1270.57 0 
  1275.65 2.0334e-13   1282.33 0 
  1284.49 2.1440e-13   1291.22 0 
  1296.37 1.6566e-13   1303.17 0 
  1305.36 1.6339e-13   1312.20 0 
  1314.41 2.0855e-13   1321.30 0 
  1323.52 1.9917e-13   1330.45 0 
  1335.77 1.7427e-13   1342.77 0 
  1345.02 2.1145e-13   1352.07 0 
  1354.35 2.0428e-13   1361.44 0 
  1363.74 1.8081e-13   1370.88 0 
  1376.35 1.9108e-13   1383.57 0 
  1385.89 1.9285e-13   1393.16 0 
  1395.50 1.6566e-13   1402.81 0 
  1405.17 1.7148e-13   1412.54 0 
  1414.92 1.7792e-13   1422.33 0 
  1424.72 1.8332e-13   1432.19 0 
  1434.60 1.8206e-13   1442.12 0 
  1441.22 1.9285e-13   1448.77 0 
  1447.87 1.9643e-13   1455.46 0 
  1454.56 1.9020e-13   1462.18 0 
  1464.64 1.7427e-13   1472.31 0 
  1474.79 1.7467e-13   1482.52 0 
  1485.01 1.7833e-13   1492.79 0 
  1495.31 1.8164e-13   1503.14 0 
  1505.67 1.7148e-13   1513.56 0 
  1512.62 1.5178e-13   1520.55 0 
  1516.11 1.6339e-13   1524.05 0 
  1526.62 1.5784e-13   1534.62 0 
  1533.66 1.3590e-13   1541.70 0 
  1544.29 1.4901e-13   1552.39 0 
  1555.00 1.4100e-13   1563.15 0 
  1565.78 1.4462e-13   1573.98 0 
  1576.63 1.5460e-13   1584.89 0 
  1583.91 1.6301e-13   1592.21 0 
  1594.89 1.6642e-13   1603.25 0 
  1605.94 1.6301e-13   1614.36 0 
  1613.36 1.6376e-13   1621.81 0 
  1624.54 1.5460e-13   1633.05 0 
  1635.80 1.6528e-13   1644.37 0 
  1643.35 1.6796e-13   1651.96 0 
  1654.74 1.5496e-13   1663.41 0 
  1666.21 1.6952e-13   1674.94 0 
  1673.90 1.4970e-13   1682.67 0 
  1677.76 1.7109e-13   1686.55 0 
  1685.51 1.7874e-13   1694.34 0 
  1693.29 1.6719e-13   1702.16 0 
  1705.02 1.6040e-13   1713.96 0 
  1716.84 1.5178e-13   1725.84 0 
  1724.77 1.5074e-13   1733.80 0 
  1736.72 1.6152e-13   1745.82 0 
  1744.74 1.5784e-13   1753.88 0 
  1756.83 1.6835e-13   1766.04 0 
  1764.94 1.5425e-13   1774.19 0 
  1773.09 1.5748e-13   1782.38 0 
  1785.38 1.6077e-13   1794.73 0 
  1793.62 1.7188e-13   1803.02 0 
  1806.05 1.7030e-13   1815.52 0 
  1814.39 1.5675e-13   1823.90 0 
  1826.96 1.6040e-13   1836.54 0 
  1835.40 1.5389e-13   1845.02 0 
  1843.87 1.4132e-13   1853.53 0 
  1856.65 1.4198e-13   1866.38 0 
  1865.22 1.4663e-13   1874.99 0 
  1873.83 1.5857e-13   1883.65 0 
  1886.82 1.4562e-13   1896.71 0 
  1895.53 1.4003e-13   1905.46 0 
  1904.28 1.4833e-13   1914.26 0 
  1913.07 1.4296e-13   1923.09 0 
  1926.33 1.3971e-13   1936.42 0 
  1935.22 1.4395e-13   1945.36 0 
  1944.15 1.5074e-13   1954.34 0 
  1953.13 1.4067e-13   1963.36 0 
  1966.66 1.5460e-13   1976.97 0 
  1975.74 1.5857e-13   1986.10 0 
  1984.86 1.5004e-13   1995.26 0 
  1994.02 1.4595e-13   2004.47 0 
  2003.23 1.5004e-13   2013.72 0 
  2017.11 1.4495e-13   2027.68 0 
  2026.42 1.5143e-13   2037.04 0 
  2035.78 1.4362e-13   2046.45 0 
  2045.17 1.4935e-13   2055.89 0 
  2054.61 1.4035e-13   2065.38 0 
  2064.10 1.4198e-13   2074.91 0 
  2073.63 1.5354e-13   2084.49 0 
  2078.41 1.4730e-13   2089.30 0 
  2083.20 1.5318e-13   2094.11 0 
  2092.81 1.4495e-13   2103.78 0 
  2107.32 1.4562e-13   2118.36 0 
  2117.05 1.4730e-13   2128.14 0 
  2126.82 1.4867e-13   2137.96 0 
  2136.63 1.3843e-13   2147.83 0 
  2146.50 1.4230e-13   2157.74 0 
  2156.40 1.4764e-13   2167.70 0 
  2166.36 1.4263e-13   2177.71 0 
  2176.36 1.4165e-13   2187.76 0 
  2186.40 1.3971e-13   2197.86 0 
  2196.50 1.4595e-13   2208.01 0 
  2206.63 1.4198e-13   2218.20 0 
  2216.82 1.3465e-13   2228.44 0 
  2227.05 1.3098e-13   2238.72 0 
  2237.33 1.4003e-13   2249.05 0 
  2242.49 1.3434e-13   2254.24 0 
  2252.84 1.2771e-13   2264.64 0 
  2263.24 1.3038e-13   2275.10 0 
  2273.68 1.3403e-13   2285.60 0 
  2284.18 1.3779e-13   2296.15 0 
  2294.72 1.2947e-13   2306.75 0 
  2305.31 1.3064e-13   2317.39 0 
  2315.96 1.2444e-13   2328.09 0 
  2326.65 9.9283e-14   2338.84 0 
  2337.39 1.1502e-13   2349.63 0 
  2342.77 1.1085e-13   2355.05 0 
  2353.59 1.2040e-13   2365.92 0 
  2364.45 1.1004e-13   2376.84 0 
  2375.36 1.1336e-13   2387.81 0 
  2386.33 1.0480e-13   2398.83 0 
  2397.34 1.1149e-13   2409.91 0 
  2402.87 1.0720e-13   2415.46 0 
  2413.96 1.0993e-13   2426.61 0 
  2425.10 1.1749e-13   2437.81 0 
  2436.30 1.1322e-13   2449.06 0 
  2447.54 1.1935e-13   2460.37 0 
  2453.18 1.1797e-13   2466.04 0 
  2464.51 1.1632e-13   2477.42 0 
  2475.88 1.1209e-13   2488.86 0 
  2487.31 1.1284e-13   2500.35 0 
  2493.05 1.0433e-13   2506.11 0 
  2504.55 1.1921e-13   2517.68 0 
  2510.33 1.0453e-13   2523.48 0 
  2516.11 1.0696e-13   2529.30 0 
  2527.73 1.0330e-13   2540.97 0 
  2533.55 1.0545e-13   2546.83 0 
  2545.25 1.0398e-13   2558.59 0 
  2557.00 1.1268e-13   2570.40 0 
  2562.89 1.0859e-13   2576.32 0 
  2574.72 1.1500e-13   2588.21 0 
  2586.61 1.1287e-13   2600.16 0 
  2592.57 1.1080e-13   2606.15 0 
  2604.54 1.0676e-13   2618.18 0 
  2616.56 1.0479e-13   2630.27 0 
  2622.59 1.1022e-13   2636.33 0 
  2634.69 1.1619e-13   2648.50 0 
  2646.86 1.2678e-13   2660.72 0 
  2652.96 1.3213e-13   2666.86 0 
  2665.20 1.1692e-13   2679.17 0 
  2677.51 1.2240e-13   2691.54 0 
  2683.68 1.2351e-13   2697.74 0 
  2696.06 1.1577e-13   2710.19 0 
  2702.28 1.2038e-13   2716.44 0 
  2714.75 1.1232e-13   2728.98 0 
  2727.28 1.1100e-13   2741.57 0 
  2733.57 1.1676e-13   2747.89 0 
  2746.19 1.0004e-13   2760.58 0 
  2752.52 1.0330e-13   2766.94 0 
  2765.22 1.0814e-13   2779.71 0 
  2777.99 1.1295e-13   2792.54 0 
  2784.39 1.0395e-13   2798.98 0 
  2797.24 8.4277e-14   2811.90 0 
  2803.69 8.9878e-14   2818.38 0 
  2816.63 1.1029e-13   2831.39 0 
  2823.13 1.1843e-13   2837.92 0 
  2836.16 1.1438e-13   2851.02 0 
  2842.70 1.0973e-13   2857.59 0 
  2855.82 1.0261e-13   2870.78 0 
  2862.40 1.1753e-13   2877.40 0 
  2875.61 1.1995e-13   2890.68 0 
  2882.24 1.1775e-13   2897.34 0 
  2895.54 1.1908e-13   2910.72 0 
  2908.91 1.3113e-13   2924.15 0 
  2929.07 1.2461e-13   2944.42 0 
  2949.38 1.2172e-13   2964.83 0 
  2969.82 1.2450e-13   2985.38 0 
  2990.41 1.2445e-13   3006.08 0 
  3011.13 1.2584e-13   3026.91 0 
  3032.01 1.2607e-13   3047.89 0 
  3053.02 1.2631e-13   3069.02 0 
  3067.12 1.2744e-13   3083.19 0 
  3088.38 1.2797e-13   3104.56 0 
  3109.78 1.2940e-13   3126.08 0 
  3131.34 1.2669e-13   3147.75 0 
  3153.04 1.2663e-13   3169.57 0 
  3167.60 1.2806e-13   3184.20 0 
  3189.56 1.2001e-13   3206.27 0 
  3211.67 1.2503e-13   3228.49 0 
  3226.49 1.1692e-13   3243.40 0 
  3248.85 1.2843e-13   3265.88 0 
  3271.37 1.3504e-13   3288.52 0 
  3286.47 1.3315e-13   3303.70 0 
  3309.26 1.3187e-13   3326.60 0 
  3324.53 1.3213e-13   3341.95 0 
  3332.19 1.3272e-13   3349.66 0 
  3339.88 1.2614e-13   3357.38 0 
  3347.57 1.3765e-13   3365.12 0 
  3355.29 1.3174e-13   3372.87 0 
  3363.03 1.1767e-13   3380.65 0 
  3370.78 1.2348e-13   3388.44 0 
  3378.55 1.2957e-13   3396.25 0 
  3386.34 1.3105e-13   3404.08 0 
  3394.14 1.3163e-13   3411.93 0 
  3401.97 1.4168e-13   3419.79 0 
  3409.81 1.2830e-13   3427.68 0 
  3417.67 1.2681e-13   3435.58 0 
  3425.55 1.3399e-13   3443.50 0 
  3433.45 1.4289e-13   3451.44 0 
  3441.36 1.3120e-13   3459.39 0 
  3449.29 1.2702e-13   3467.37 0 
  3457.24 1.2906e-13   3475.36 0 
  3465.22 1.2295e-13   3483.37 0 
  3473.20 1.3386e-13   3491.40 0 
  3481.21 1.2577e-13   3499.45 0 
  3489.24 1.3229e-13   3507.52 0 
  3497.28 1.2573e-13   3515.60 0 
  3505.34 1.3439e-13   3523.71 0 
  3513.42 1.2802e-13   3531.83 0 
  3521.52 1.3653e-13   3539.97 0 
  3529.64 1.2082e-13   3548.13 0 
  3537.78 1.3368e-13   3556.31 0 
  3545.93 1.3614e-13   3564.51 0 
  3554.10 1.3802e-13   3572.73 0 
  3562.30 1.3392e-13   3580.96 0 
  3570.51 1.2240e-13   3589.22 0 
  3578.74 1.2266e-13   3597.49 0 
  3586.99 1.1288e-13   3605.79 0 
  3593.31 1.2609e-13   3612.14 1 
  3596.05 1.2538e-13   3614.89 1 
  3598.78 1.4723e-13   3617.64 1 
  3601.52 1.5540e-13   3620.39 1 
  3604.25 1.3873e-13   3623.14 1 
  3606.99 1.1726e-13   3625.89 1 
  3609.72 1.1177e-13   3628.64 1 
  3612.46 1.0907e-13   3631.39 1 
  3615.20 9.6382e-14   3634.14 1 
  3617.93 9.3638e-14   3636.89 1 
  3620.67 1.0781e-13   3639.64 1 
  3623.40 1.0988e-13   3642.39 1 
  3626.14 1.6581e-13   3645.14 1 
  3628.87 1.3881e-13   3647.89 1 
  3631.61 1.2856e-13   3650.64 1 
  3634.35 1.3865e-13   3653.39 1 
  3637.08 1.3355e-13   3656.14 1 
  3639.82 1.3431e-13   3658.89 1 
  3642.55 1.3236e-13   3661.64 1 
  3645.29 1.2766e-13   3664.39 1 
  3648.02 1.1864e-13   3667.14 1 
  3650.76 1.2564e-13   3669.89 1 
  3653.50 1.3230e-13   3672.64 1 
  3656.23 1.4180e-13   3675.39 1 
  3658.97 1.3267e-13   3678.14 1 
  3661.70 1.2856e-13   3680.89 1 
  3664.44 1.4549e-13   3683.64 1 
  3667.17 1.4086e-13   3686.39 1 
  3669.91 1.4122e-13   3689.14 1 
  3672.65 1.2134e-13   3691.89 1 
  3675.38 1.3633e-13   3694.64 1 
  3678.12 1.4562e-13   3697.39 1 
  3680.85 1.3530e-13   3700.14 1 
  3683.59 1.3822e-13   3702.89 1 
  3686.32 1.3253e-13   3705.64 1 
  3689.06 1.1316e-13   3708.39 1 
  3691.79 1.3300e-13   3711.14 1 
  3694.53 1.3770e-13   3713.89 1 
  3697.27 1.3520e-13   3716.64 1 
  3700.00 1.4106e-13   3719.39 1 
  3702.74 1.5957e-13   3722.14 1 
  3705.47 1.3694e-13   3724.89 1 
  3708.21 1.2361e-13   3727.64 1 
  3710.94 1.3728e-13   3730.39 1 
  3713.68 1.3987e-13   3733.14 1 
  3716.42 1.3125e-13   3735.89 1 
  3719.15 1.3184e-13   3738.64 1 
  3721.89 1.6307e-13   3741.39 1 
  3724.62 1.9351e-13   3744.14 1 
  3727.36 2.0866e-13   3746.89 1 
  3730.09 1.9059e-13   3749.64 1 
  3732.83 1.5682e-13   3752.39 1 
  3735.57 1.4114e-13   3755.14 1 
  3738.30 1.3634e-13   3757.89 1 
  3741.04 1.4995e-13   3760.64 1 
  3743.77 1.4449e-13   3763.39 1 
  3746.51 1.2846e-13   3766.14 1 
  3749.24 1.2695e-13   3768.89 1 
  3751.98 1.1930e-13   3771.64 1 
  3754.72 1.3316e-13   3774.39 1 
  3757.45 1.3863e-13   3777.14 1 
  3760.19 1.3662e-13   3779.89 1 
  3762.92 1.3979e-13   3782.64 1 
  3765.66 1.4795e-13   3785.39 1 
  3768.39 1.4992e-13   3788.14 1 
  3771.13 1.4762e-13   3790.89 1 
  3773.86 1.4502e-13   3793.64 1 
  3776.60 1.6130e-13   3796.39 1 
  3779.34 1.8234e-13   3799.14 1 
  3782.07 1.8335e-13   3801.89 1 
  3784.81 1.8710e-13   3804.64 1 
  3787.54 1.8332e-13   3807.39 1 
  3790.28 1.7371e-13   3810.14 1 
  3793.01 1.4499e-13   3812.89 1 
  3795.75 1.3114e-13   3815.64 1 
  3798.49 1.3293e-13   3818.39 1 
  3801.22 1.6259e-13   3821.14 1 
  3803.96 1.6063e-13   3823.89 1 
  3806.69 1.7060e-13   3826.64 1 
  3809.43 1.8246e-13   3829.39 1 
  3812.16 1.8898e-13   3832.14 1 
  3814.90 1.5983e-13   3834.89 1 
  3817.64 1.6199e-13   3837.64 1 
  3820.37 1.6765e-13   3840.39 1 
  3823.11 1.6659e-13   3843.14 1 
  3825.84 1.3222e-13   3845.89 1 
  3828.58 1.3929e-13   3848.64 1 
  3831.31 1.3284e-13   3851.39 1 
  3834.05 1.2299e-13   3854.14 1 
  3836.79 1.3124e-13   3856.89 1 
  3839.52 1.5082e-13   3859.64 1 
  3842.26 1.6249e-13   3862.39 1 
  3844.99 1.5484e-13   3865.14 1 
  3847.73 1.7787e-13   3867.89 1 
  3850.46 1.7252e-13   3870.64 1 
  3853.20 1.8128e-13   3873.39 1 
  3855.93 1.6874e-13   3876.14 1 
  3858.67 1.8881e-13   3878.89 1 
  3861.41 1.8876e-13   3881.64 1 
  3864.14 1.9260e-13   3884.39 1 
  3866.88 1.8700e-13   3887.14 1 
  3869.61 1.9134e-13   3889.89 1 
  3872.35 1.7788e-13   3892.64 1 
  3875.08 1.7037e-13   3895.39 1 
  3877.82 1.7652e-13   3898.14 1 
  3880.56 1.6642e-13   3900.89 1 
  3883.29 1.6508e-13   3903.64 1 
  3886.03 1.5163e-13   3906.39 1 
  3888.76 1.6188e-13   3909.14 1 
  3891.50 1.6236e-13   3911.89 1 
  3894.23 1.7795e-13   3914.64 1 
  3896.97 1.7011e-13   3917.39 1 
  3899.71 1.7557e-13   3920.14 1 
  3902.44 1.8680e-13   3922.89 1 
  3905.18 1.9627e-13   3925.64 1 
  3907.91 1.9878e-13   3928.39 1 
  3910.65 2.1497e-13   3931.14 1 
  3913.38 2.1205e-13   3933.89 1 
  3916.12 2.0598e-13   3936.64 1 
  3918.86 1.8501e-13   3939.39 1 
  3921.59 1.8167e-13   3942.14 1 
  3924.33 1.7695e-13   3944.89 1 
  3927.06 1.5943e-13   3947.64 1 
  3929.80 1.5289e-13   3950.39 1 
  3932.53 1.3883e-13   3953.14 1 
  3935.27 1.5252e-13   3955.89 1 
  3938.00 1.6416e-13   3958.64 1 
  3940.74 1.7498e-13   3961.39 1 
  3943.48 1.7980e-13   3964.14 1 
  3946.21 1.9105e-13   3966.89 1 
  3948.95 1.9017e-13   3969.64 1 
  3951.68 1.8892e-13   3972.39 1 
  3954.42 1.7809e-13   3975.14 1 
  3957.15 1.8027e-13   3977.89 1 
  3959.89 1.5826e-13   3980.64 1 
  3962.63 1.4066e-13   3983.39 1 
  3965.36 1.3165e-13   3986.14 1 
  3968.10 1.2535e-13   3988.89 1 
  3970.83 1.3358e-13   3991.64 1 
  3973.57 1.4322e-13   3994.39 1 
  3976.30 1.6019e-13   3997.14 1 
  3979.04 1.7834e-13   3999.89 1 
  3981.78 1.9294e-13   4002.64 1 
  3984.51 1.9989e-13   4005.39 1 
  3987.25 2.0833e-13   4008.14 1 
  3989.98 2.1037e-13   4010.89 1 
  3992.72 2.1719e-13   4013.64 1 
  3995.45 2.1887e-13   4016.39 1 
  3998.19 2.1508e-13   4019.14 1 
  4000.93 2.1687e-13   4021.89 1 
  4003.66 2.2860e-13   4024.64 1 
  4006.40 2.2408e-13   4027.39 1 
  4009.13 2.1535e-13   4030.14 1 
  4011.87 2.2004e-13   4032.89 1 
  4014.60 2.2370e-13   4035.64 1 
  4017.34 2.2420e-13   4038.39 1 
  4020.07 2.3186e-13   4041.14 1 
  4022.81 2.2405e-13   4043.89 1 
  4025.55 2.1836e-13   4046.64 1 
  4028.28 2.2278e-13   4049.39 1 
  4031.02 2.2243e-13   4052.14 1 
  4033.75 2.2236e-13   4054.89 1 
  4036.49 2.2718e-13   4057.64 1 
  4039.22 2.3059e-13   4060.39 1 
  4041.96 2.2691e-13   4063.14 1 
  4044.70 2.1870e-13   4065.89 1 
  4047.43 2.2171e-13   4068.64 1 
  4050.17 2.1878e-13   4071.39 1 
  4052.90 2.1015e-13   4074.14 1 
  4055.64 2.1178e-13   4076.89 1 
  4058.37 2.1265e-13   4079.64 1 
  4061.11 2.1551e-13   4082.39 1 
  4063.85 2.1841e-13   4085.14 1 
  4066.58 2.1254e-13   4087.89 1 
  4069.32 2.1609e-13   4090.64 1 
  4072.05 2.1717e-13   4093.39 1 
  4074.79 2.1822e-13   4096.14 1 
  4077.52 2.1206e-13   4098.89 1 
  4080.26 2.0979e-13   4101.64 1 
  4083.00 2.1101e-13   4104.39 1 
  4085.73 2.1680e-13   4107.14 1 
  4088.47 2.1130e-13   4109.89 1 
  4091.20 1.9366e-13   4112.64 1 
  4093.94 1.8822e-13   4115.39 1 
  4096.67 1.8837e-13   4118.14 1 
  4099.41 1.8103e-13   4120.89 1 
  4102.14 1.8753e-13   4123.64 1 
  4104.88 1.9781e-13   4126.39 1 
  4107.62 2.0502e-13   4129.14 1 
  4110.35 2.0370e-13   4131.89 1 
  4113.09 2.0820e-13   4134.64 1 
  4115.82 2.0674e-13   4137.39 1 
  4118.56 2.1484e-13   4140.14 1 
  4121.29 2.1975e-13   4142.89 1 
  4124.03 2.1915e-13   4145.64 1 
  4126.77 2.1026e-13   4148.39 1 
  4129.50 2.1553e-13   4151.14 1 
  4132.24 2.2262e-13   4153.89 1 
  4134.97 2.2228e-13   4156.64 1 
  4137.71 2.1761e-13   4159.39 1 
  4140.44 2.1897e-13   4162.14 1 
  4143.18 2.1792e-13   4164.89 1 
  4145.92 2.1906e-13   4167.64 1 
  4148.65 2.1834e-13   4170.39 1 
  4151.39 2.1657e-13   4173.14 1 
  4154.12 2.2711e-13   4175.89 1 
  4156.86 2.2851e-13   4178.64 1 
  4159.59 2.2686e-13   4181.39 1 
  4162.33 2.2550e-13   4184.14 1 
  4165.07 2.2785e-13   4186.89 1 
  4167.80 2.1885e-13   4189.64 1 
  4170.54 2.2500e-13   4192.39 1 
  4173.27 2.1801e-13   4195.14 1 
  4176.01 2.1256e-13   4197.89 1 
  4178.74 2.1670e-13   4200.64 1 
  4181.48 2.1454e-13   4203.39 1 
  4184.21 2.1501e-13   4206.14 1 
  4186.95 2.3411e-13   4208.89 1 
  4189.69 2.2918e-13   4211.64 1 
  4192.42 2.3502e-13   4214.39 1 
  4195.16 2.1852e-13   4217.14 1 
  4197.89 2.1864e-13   4219.89 1 
  4200.63 2.2465e-13   4222.64 1 
  4203.36 2.2519e-13   4225.39 1 
  4206.10 2.2635e-13   4228.14 1 
  4208.84 2.2999e-13   4230.89 1 
  4211.57 2.2954e-13   4233.64 1 
  4214.31 2.2876e-13   4236.39 1 
  4217.04 2.3099e-13   4239.14 1 
  4219.78 2.2720e-13   4241.89 1 
  4222.51 2.2204e-13   4244.64 1 
  4225.25 2.0984e-13   4247.39 1 
  4227.99 2.2424e-13   4250.14 1 
  4230.72 2.2108e-13   4252.89 1 
  4233.46 2.2086e-13   4255.64 1 
  4236.19 2.2616e-13   4258.39 1 
  4238.93 2.2549e-13   4261.14 1 
  4241.66 2.3211e-13   4263.89 1 
  4244.40 2.2019e-13   4266.64 1 
  4247.14 2.1745e-13   4269.39 1 
  4249.87 2.2184e-13   4272.14 1 
  4252.61 2.1424e-13   4274.89 1 
  4255.34 2.2345e-13   4277.64 1 
  4258.08 2.1864e-13   4280.39 1 
  4260.81 2.1880e-13   4283.14 1 
  4263.55 2.2613e-13   4285.89 1 
  4266.28 2.1924e-13   4288.64 1 
  4269.02 2.1623e-13   4291.39 1 
  4271.76 2.1651e-13   4294.14 1 
  4274.49 2.2169e-13   4296.89 1 
  4277.23 2.2165e-13   4299.64 1 
  4279.96 2.2604e-13   4302.39 1 
  4282.70 2.1303e-13   4305.14 1 
  4285.43 2.2275e-13   4307.89 1 
  4288.17 2.0676e-13   4310.64 1 
  4290.91 2.0808e-13   4313.39 1 
  4293.64 2.0331e-13   4316.14 1 
  4296.38 1.9812e-13   4318.89 1 
  4299.11 1.9114e-13   4321.64 1 
  4301.85 1.9603e-13   4324.39 1 
  4304.58 1.9229e-13   4327.14 1 
  4307.32 1.9222e-13   4329.89 1 
  4310.06 2.0000e-13   4332.64 1 
  4312.79 2.1280e-13   4335.39 1 
  4315.53 2.1647e-13   4338.14 1 
  4318.26 2.1819e-13   4340.89 1 
  4321.00 2.1576e-13   4343.64 1 
  4323.73 2.1009e-13   4346.39 1 
  4326.47 2.0763e-13   4349.14 1 
  4329.21 2.1703e-13   4351.89 1 
  4331.94 2.1964e-13   4354.64 1 
  4334.68 2.1876e-13   4357.39 1 
  4337.41 2.0952e-13   4360.14 1 
  4340.15 2.1203e-13   4362.89 1 
  4342.88 2.0851e-13   4365.64 1 
  4345.62 2.0886e-13   4368.39 1 
  4348.35 2.1196e-13   4371.14 1 
  4351.09 2.1808e-13   4373.89 1 
  4353.83 2.1705e-13   4376.64 1 
  4356.56 2.1957e-13   4379.39 1 
  4359.30 2.2809e-13   4382.14 1 
  4362.03 2.3418e-13   4384.89 1 
  4364.77 2.3598e-13   4387.64 1 
  4367.50 2.2919e-13   4390.39 1 
  4370.24 2.2815e-13   4393.14 1 
  4372.98 2.2889e-13   4395.89 1 
  4375.71 2.2334e-13   4398.64 1 
  4378.45 2.2101e-13   4401.39 1 
  4381.18 2.1691e-13   4404.14 1 
  4383.92 2.1256e-13   4406.89 1 
  4386.65 2.0627e-13   4409.64 1 
  4389.39 2.1711e-13   4412.39 1 
  4392.13 2.1983e-13   4415.14 1 
  4394.86 2.2171e-13   4417.89 1 
  4397.60 2.2674e-13   4420.64 1 
  4400.33 2.1938e-13   4423.39 1 
  4403.07 2.1998e-13   4426.14 1 
  4405.80 2.2524e-13   4428.89 1 
  4408.54 2.2901e-13   4431.64 1 
  4411.28 2.2342e-13   4434.39 1 
  4414.01 2.2367e-13   4437.14 1 
  4416.75 2.3036e-13   4439.89 1 
  4419.48 2.2819e-13   4442.64 1 
  4422.22 2.2813e-13   4445.39 1 
  4424.95 2.2807e-13   4448.14 1 
  4427.69 2.3083e-13   4450.89 1 
  4430.42 2.3072e-13   4453.64 1 
  4433.16 2.3279e-13   4456.39 1 
  4435.90 2.3290e-13   4459.14 1 
  4438.63 2.3067e-13   4461.89 1 
  4441.37 2.4145e-13   4464.64 1 
  4444.10 2.4355e-13   4467.39 1 
  4446.84 2.3979e-13   4470.14 1 
  4449.57 2.3449e-13   4472.89 1 
  4452.31 2.3384e-13   4475.64 1 
  4455.05 2.2586e-13   4478.39 1 
  4457.78 2.2738e-13   4481.14 1 
  4460.52 2.2262e-13   4483.89 1 
  4463.25 2.2998e-13   4486.64 1 
  4465.99 2.3441e-13   4489.39 1 
  4468.72 2.3105e-13   4492.14 1 
  4471.46 2.3845e-13   4494.89 1 
  4474.20 2.4208e-13   4497.64 1 
  4476.93 2.4242e-13   4500.39 1 
  4479.67 2.3417e-13   4503.14 1 
  4482.40 2.3487e-13   4505.89 1 
  4485.14 2.3939e-13   4508.64 1 
  4487.87 2.3600e-13   4511.39 1 
  4490.61 2.3701e-13   4514.14 1 
  4493.35 2.3834e-13   4516.89 1 
  4496.08 2.4373e-13   4519.64 1 
  4498.82 2.4156e-13   4522.39 1 
  4501.55 2.4749e-13   4525.14 1 
  4504.29 2.5414e-13   4527.89 1 
  4507.02 2.5513e-13   4530.64 1 
  4509.76 2.4869e-13   4533.39 1 
  4512.49 2.5076e-13   4536.14 1 
  4515.23 2.4863e-13   4538.89 1 
  4517.97 2.5043e-13   4541.64 1 
  4520.70 2.4716e-13   4544.39 1 
  4523.44 2.3583e-13   4547.14 1 
  4526.17 2.3187e-13   4549.89 1 
  4528.91 2.3535e-13   4552.64 1 
  4531.64 2.3512e-13   4555.39 1 
  4534.38 2.3768e-13   4558.14 1 
  4537.12 2.4130e-13   4560.89 1 
  4539.85 2.4133e-13   4563.64 1 
  4542.59 2.3958e-13   4566.39 1 
  4545.32 2.4080e-13   4569.14 1 
  4548.06 2.3599e-13   4571.89 1 
  4550.79 2.3637e-13   4574.64 1 
  4553.53 2.3671e-13   4577.39 1 
  4556.27 2.4028e-13   4580.14 1 
  4559.00 2.4373e-13   4582.89 1 
  4561.74 2.4206e-13   4585.64 1 
  4564.47 2.4234e-13   4588.39 1 
  4567.21 2.4839e-13   4591.14 1 
  4569.94 2.5143e-13   4593.89 1 
  4572.68 2.4829e-13   4596.64 1 
  4575.41 2.4682e-13   4599.39 1 
  4578.15 2.4503e-13   4602.14 1 
  4580.89 2.4102e-13   4604.89 1 
  4583.62 2.4129e-13   4607.64 1 
  4586.36 2.4186e-13   4610.39 1 
  4589.09 2.4161e-13   4613.14 1 
  4591.83 2.4470e-13   4615.89 1 
  4594.56 2.4038e-13   4618.64 1 
  4597.30 2.3722e-13   4621.39 1 
  4600.04 2.4336e-13   4624.14 1 
  4602.77 2.4951e-13   4626.89 1 
  4605.51 2.5093e-13   4629.64 1 
  4608.24 2.5257e-13   4632.39 1 
  4610.98 2.5099e-13   4635.14 1 
  4613.71 2.5389e-13   4637.89 1 
  4616.45 2.5428e-13   4640.64 1 
  4619.19 2.5418e-13   4643.39 1 
  4621.92 2.5935e-13   4646.14 1 
  4624.66 2.5826e-13   4648.89 1 
  4627.39 2.5360e-13   4651.64 1 
  4630.13 2.4658e-13   4654.39 1 
  4632.86 2.4408e-13   4657.14 1 
  4635.60 2.4504e-13   4659.89 1 
  4638.34 2.3426e-13   4662.64 1 
  4641.07 2.2975e-13   4665.39 1 
  4643.81 2.3292e-13   4668.14 1 
  4646.54 2.3154e-13   4670.89 1 
  4649.28 2.3403e-13   4673.64 1 
  4652.01 2.3960e-13   4676.39 1 
  4654.75 2.4166e-13   4679.14 1 
  4657.48 2.4677e-13   4681.89 1 
  4660.22 2.4441e-13   4684.64 1 
  4662.96 2.3458e-13   4687.39 1 
  4665.69 2.3255e-13   4690.14 1 
  4668.43 2.3483e-13   4692.89 1 
  4671.16 2.3772e-13   4695.64 1 
  4673.90 2.4522e-13   4698.39 1 
  4676.63 2.5057e-13   4701.14 1 
  4679.37 2.4922e-13   4703.89 1 
  4682.11 2.4789e-13   4706.64 1 
  4684.84 2.4557e-13   4709.39 1 
  4687.58 2.4196e-13   4712.14 1 
  4690.31 2.4136e-13   4714.89 1 
  4693.05 2.3649e-13   4717.64 1 
  4695.78 2.3520e-13   4720.39 1 
  4698.52 2.3368e-13   4723.14 1 
  4701.26 2.3204e-13   4725.89 1 
  4703.99 2.3337e-13   4728.64 1 
  4706.73 2.3439e-13   4731.39 1 
  4709.46 2.3458e-13   4734.14 1 
  4712.20 2.4014e-13   4736.89 1 
  4714.93 2.4384e-13   4739.64 1 
  4717.67 2.4226e-13   4742.39 1 
  4720.41 2.4485e-13   4745.14 1 
  4723.14 2.4673e-13   4747.89 1 
  4725.88 2.3772e-13   4750.64 1 
  4728.61 2.3397e-13   4753.39 1 
  4731.35 2.3485e-13   4756.14 1 
  4734.08 2.4057e-13   4758.89 1 
  4736.82 2.4496e-13   4761.64 1 
  4739.55 2.4292e-13   4764.39 1 
  4742.29 2.4626e-13   4767.14 1 
  4745.03 2.4849e-13   4769.89 1 
  4747.76 2.4806e-13   4772.64 1 
  4750.50 2.4542e-13   4775.39 1 
  4753.23 2.4089e-13   4778.14 1 
  4755.97 2.4506e-13   4780.89 1 
  4758.70 2.4059e-13   4783.64 1 
  4761.44 2.3495e-13   4786.39 1 
  4764.18 2.3385e-13   4789.14 1 
  4766.91 2.3832e-13   4791.89 1 
  4769.65 2.4291e-13   4794.64 1 
  4772.38 2.4585e-13   4797.39 1 
  4775.12 2.4788e-13   4800.14 1 
  4777.85 2.4819e-13   4802.89 1 
  4780.59 2.4478e-13   4805.64 1 
  4783.33 2.4383e-13   4808.39 1 
  4786.06 2.4257e-13   4811.14 1 
  4788.80 2.4502e-13   4813.89 1 
  4791.53 2.4700e-13   4816.64 1 
  4794.27 2.4452e-13   4819.39 1 
  4797.00 2.4445e-13   4822.14 1 
  4799.74 2.4479e-13   4824.89 1 
  4802.48 2.4098e-13   4827.64 1 
  4805.21 2.4361e-13   4830.39 1 
  4807.95 2.4380e-13   4833.14 1 
  4810.68 2.4380e-13   4835.89 1 
  4813.42 2.4769e-13   4838.64 1 
  4816.15 2.5036e-13   4841.39 1 
  4818.89 2.4973e-13   4844.14 1 
  4821.62 2.4493e-13   4846.89 1 
  4824.36 2.4110e-13   4849.64 1 
  4827.10 2.4258e-13   4852.39 1 
  4829.83 2.4047e-13   4855.14 1 
  4832.57 2.4570e-13   4857.89 1 
  4835.30 2.4499e-13   4860.64 1 
  4838.04 2.4317e-13   4863.39 1 
  4840.77 2.3911e-13   4866.14 1 
  4843.51 2.3868e-13   4868.89 1 
  4846.25 2.3798e-13   4871.64 1 
  4848.98 2.3367e-13   4874.39 1 
  4851.72 2.2947e-13   4877.14 1 
  4854.45 2.3651e-13   4879.89 1 
  4857.19 2.6223e-13   4882.64 1 
  4859.92 2.7544e-13   4885.39 1 
  4862.66 2.6892e-13   4888.14 1 
  4865.40 2.4524e-13   4890.89 1 
  4868.13 2.2432e-13   4893.64 1 
  4870.87 2.1345e-13   4896.39 1 
  4873.60 2.1476e-13   4899.14 1 
  4876.34 2.2895e-13   4901.89 1 
  4879.07 2.3889e-13   4904.64 1 
  4881.81 2.3175e-13   4907.39 1 
  4884.55 2.3091e-13   4910.14 1 
  4887.28 2.2905e-13   4912.89 1 
  4890.02 2.3067e-13   4915.64 1 
  4892.75 2.4030e-13   4918.39 1 
  4895.49 2.3888e-13   4921.14 1 
  4898.22 2.4588e-13   4923.89 1 
  4900.96 2.4996e-13   4926.64 1 
  4903.69 2.4354e-13   4929.39 1 
  4906.43 2.4055e-13   4932.14 1 
  4909.17 2.3478e-13   4934.89 1 
  4911.90 2.3650e-13   4937.64 1 
  4914.64 2.3648e-13   4940.39 1 
  4917.37 2.2997e-13   4943.14 1 
  4920.11 2.2942e-13   4945.89 1 
  4922.84 2.3138e-13   4948.64 1 
  4925.58 2.4177e-13   4951.39 1 
  4928.32 2.4376e-13   4954.14 1 
  4931.05 2.4413e-13   4956.89 1 
  4933.79 2.3728e-13   4959.64 1 
  4936.52 2.3447e-13   4962.39 1 
  4939.26 2.3980e-13   4965.14 1 
  4941.99 2.4470e-13   4967.89 1 
  4944.73 2.5004e-13   4970.64 1 
  4947.47 2.4958e-13   4973.39 1 
  4950.20 2.4795e-13   4976.14 1 
  4952.94 2.4678e-13   4978.89 1 
  4955.67 2.4915e-13   4981.64 1 
  4958.41 2.5292e-13   4984.39 1 
  4961.14 2.5070e-13   4987.14 1 
  4963.88 2.4315e-13   4989.89 1 
  4966.62 2.4041e-13   4992.64 1 
  4969.35 2.4252e-13   4995.39 1 
  4972.09 2.4514e-13   4998.14 1 
  4974.82 2.3970e-13   5000.89 1 
  4977.56 2.3338e-13   5003.64 1 
  4980.29 2.2887e-13   5006.39 1 
  4983.03 2.2678e-13   5009.14 1 
  4985.76 2.3171e-13   5011.89 1 
  4988.50 2.3142e-13   5014.64 1 
  4991.24 2.2942e-13   5017.39 1 
  4993.97 2.3485e-13   5020.14 1 
  4996.71 2.3345e-13   5022.89 1 
  4999.44 2.3554e-13   5025.64 1 
  5002.18 2.3676e-13   5028.39 1 
  5004.91 2.3995e-13   5031.14 1 
  5007.65 2.4116e-13   5033.89 1 
  5010.39 2.3238e-13   5036.64 1 
  5013.12 2.2019e-13   5039.39 1 
  5015.86 2.2130e-13   5042.14 1 
  5018.59 2.2248e-13   5044.89 1 
  5021.33 2.2519e-13   5047.64 1 
  5024.06 2.2985e-13   5050.39 1 
  5026.80 2.3201e-13   5053.14 1 
  5029.54 2.3316e-13   5055.89 1 
  5032.27 2.2858e-13   5058.64 1 
  5035.01 2.2752e-13   5061.39 1 
  5037.74 2.2795e-13   5064.14 1 
  5040.48 2.2670e-13   5066.89 1 
  5043.21 2.2732e-13   5069.64 1 
  5045.95 2.2614e-13   5072.39 1 
  5048.69 2.3126e-13   5075.14 1 
  5051.42 2.2672e-13   5077.89 1 
  5054.16 2.3424e-13   5080.64 1 
  5056.89 2.4236e-13   5083.39 1 
  5059.63 2.4492e-13   5086.14 1 
  5062.36 2.3557e-13   5088.89 1 
  5065.10 2.3156e-13   5091.64 1 
  5067.83 2.3214e-13   5094.39 1 
  5070.57 2.3069e-13   5097.14 1 
  5073.31 2.3020e-13   5099.89 1 
  5076.04 2.3173e-13   5102.64 1 
  5078.78 2.2479e-13   5105.39 1 
  5081.51 2.2226e-13   5108.14 1 
  5084.25 2.2233e-13   5110.89 1 
  5086.98 2.3195e-13   5113.64 1 
  5089.72 2.3677e-13   5116.39 1 
  5092.46 2.3197e-13   5119.14 1 
  5095.19 2.3054e-13   5121.89 1 
  5097.93 2.2751e-13   5124.64 1 
  5100.66 2.3049e-13   5127.39 1 
  5103.40 2.3227e-13   5130.14 1 
  5106.13 2.2918e-13   5132.89 1 
  5108.87 2.2685e-13   5135.64 1 
  5111.61 2.2660e-13   5138.39 1 
  5114.34 2.3487e-13   5141.14 1 
  5117.08 2.3329e-13   5143.89 1 
  5119.81 2.2918e-13   5146.64 1 
  5122.55 2.2751e-13   5149.39 1 
  5125.28 2.2515e-13   5152.14 1 
  5128.02 2.2517e-13   5154.89 1 
  5130.75 2.2325e-13   5157.64 1 
  5133.49 2.2401e-13   5160.39 1 
  5136.23 2.2351e-13   5163.14 1 
  5138.96 2.2176e-13   5165.89 1 
  5141.70 2.1815e-13   5168.64 1 
  5144.43 2.2138e-13   5171.39 1 
  5147.17 2.2133e-13   5174.14 1 
  5149.90 2.2114e-13   5176.89 1 
  5152.64 2.2206e-13   5179.64 1 
  5155.38 2.2518e-13   5182.39 1 
  5158.11 2.2313e-13   5185.14 1 
  5160.85 2.2074e-13   5187.89 1 
  5163.58 2.1700e-13   5190.64 1 
  5166.32 2.0638e-13   5193.39 1 
  5169.05 1.9519e-13   5196.14 1 
  5171.79 1.9525e-13   5198.89 1 
  5174.53 2.0704e-13   5201.64 1 
  5177.26 2.1040e-13   5204.39 1 
  5180.00 2.0898e-13   5207.14 1 
  5182.73 2.0576e-13   5209.89 1 
  5185.47 2.0882e-13   5212.64 1 
  5188.20 2.1484e-13   5215.39 1 
  5190.94 2.1988e-13   5218.14 1 
  5193.68 2.2194e-13   5220.89 1 
  5196.41 2.2634e-13   5223.64 1 
  5199.15 2.2839e-13   5226.39 1 
  5201.88 2.2950e-13   5229.14 1 
  5204.62 2.2409e-13   5231.89 1 
  5207.35 2.1914e-13   5234.64 1 
  5210.09 2.2297e-13   5237.39 1 
  5212.82 2.3208e-13   5240.14 1 
  5215.56 2.3446e-13   5242.89 1 
  5218.30 2.3478e-13   5245.64 1 
  5221.03 2.3139e-13   5248.39 1 
  5223.77 2.2492e-13   5251.14 1 
  5226.50 2.2380e-13   5253.89 1 
  5229.24 2.2651e-13   5256.64 1 
  5231.97 2.2923e-13   5259.39 1 
  5234.71 2.2756e-13   5262.14 1 
  5237.45 2.2613e-13   5264.89 1 
  5240.18 2.3062e-13   5267.64 1 
  5242.92 2.3237e-13   5270.39 1 
  5245.65 2.3215e-13   5273.14 1 
  5248.39 2.3459e-13   5275.89 1 
  5251.12 2.3415e-13   5278.64 1 
  5253.86 2.3384e-13   5281.39 1 
  5256.60 2.3547e-13   5284.14 1 
  5259.33 2.3294e-13   5286.89 1 
  5262.07 2.2149e-13   5289.64 1 
  5264.80 2.1373e-13   5292.39 1 
  5267.54 2.0997e-13   5295.14 1 
  5270.27 2.1637e-13   5297.89 1 
  5273.01 2.2179e-13   5300.64 1 
  5275.75 2.2416e-13   5303.39 1 
  5278.48 2.3031e-13   5306.14 1 
  5281.22 2.3338e-13   5308.89 1 
  5283.95 2.3998e-13   5311.64 1 
  5286.69 2.4410e-13   5314.39 1 
  5289.42 2.4405e-13   5317.14 1 
  5292.16 2.4282e-13   5319.89 1 
  5294.89 2.3750e-13   5322.64 1 
  5297.63 2.3564e-13   5325.39 1 
  5300.37 2.3955e-13   5328.14 1 
  5303.10 2.4155e-13   5330.89 1 
  5305.84 2.4718e-13   5333.64 1 
  5308.57 2.5343e-13   5336.39 1 
  5311.31 2.4985e-13   5339.14 1 
  5314.04 2.4167e-13   5341.89 1 
  5316.78 2.3618e-13   5344.64 1 
  5319.52 2.3840e-13   5347.39 1 
  5322.25 2.3781e-13   5350.14 1 
  5324.99 2.3145e-13   5352.89 1 
  5327.72 2.2558e-13   5355.64 1 
  5330.46 2.2623e-13   5358.39 1 
  5333.19 2.3508e-13   5361.14 1 
  5335.93 2.4058e-13   5363.89 1 
  5338.67 2.3838e-13   5366.64 1 
  5341.40 2.3261e-13   5369.39 1 
  5344.14 2.3589e-13   5372.14 1 
  5346.87 2.4140e-13   5374.89 1 
  5349.61 2.4596e-13   5377.64 1 
  5352.34 2.4676e-13   5380.39 1 
  5355.08 2.4948e-13   5383.14 1 
  5357.82 2.5008e-13   5385.89 1 
  5360.55 2.4776e-13   5388.64 1 
  5363.29 2.4294e-13   5391.39 1 
  5366.02 2.3761e-13   5394.14 1 
  5368.76 2.3506e-13   5396.89 1 
  5371.49 2.3780e-13   5399.64 1 
  5374.23 2.4002e-13   5402.39 1 
  5376.96 2.4530e-13   5405.14 1 
  5379.70 2.4679e-13   5407.89 1 
  5382.44 2.4008e-13   5410.64 1 
  5385.17 2.3835e-13   5413.39 1 
  5387.91 2.4119e-13   5416.14 1 
  5390.64 2.3983e-13   5418.89 1 
  5393.38 2.3563e-13   5421.64 1 
  5396.11 2.3289e-13   5424.39 1 
  5398.85 2.3053e-13   5427.14 1 
  5401.59 2.2768e-13   5429.89 1 
  5404.32 2.2870e-13   5432.64 1 
  5407.06 2.3097e-13   5435.39 1 
  5409.79 2.3307e-13   5438.14 1 
  5412.53 2.3953e-13   5440.89 1 
  5415.26 2.4282e-13   5443.64 1 
  5418.00 2.4200e-13   5446.39 1 
  5420.74 2.4074e-13   5449.14 1 
  5423.47 2.3849e-13   5451.89 1 
  5426.21 2.3739e-13   5454.64 1 
  5428.94 2.3591e-13   5457.39 1 
  5431.68 2.3297e-13   5460.14 1 
  5434.41 2.3583e-13   5462.89 1 
  5437.15 2.3604e-13   5465.64 1 
  5439.89 2.3695e-13   5468.39 1 
  5442.62 2.4160e-13   5471.14 1 
  5445.36 2.3847e-13   5473.89 1 
  5448.09 2.3175e-13   5476.64 1 
  5450.83 2.3701e-13   5479.39 1 
  5453.56 2.3358e-13   5482.14 1 
  5456.30 2.3128e-13   5484.89 1 
  5459.03 2.3767e-13   5487.64 1 
  5461.77 2.4022e-13   5490.39 1 
  5464.51 2.3591e-13   5493.14 1 
  5467.24 2.3589e-13   5495.89 1 
  5469.98 2.3457e-13   5498.64 1 
  5472.71 2.3418e-13   5501.39 1 
  5475.45 2.3154e-13   5504.14 1 
  5478.18 2.3236e-13   5506.89 1 
  5480.92 2.3478e-13   5509.64 1 
  5483.66 2.2960e-13   5512.39 1 
  5486.39 2.3220e-13   5515.14 1 
  5489.13 2.3227e-13   5517.89 1 
  5491.86 2.3527e-13   5520.64 1 
  5494.60 2.4012e-13   5523.39 1 
  5497.33 2.3437e-13   5526.14 1 
  5500.07 2.3312e-13   5528.89 1 
  5502.81 2.3046e-13   5531.64 1 
  5505.54 2.2780e-13   5534.39 1 
  5508.28 2.2972e-13   5537.14 1 
  5511.01 2.3342e-13   5539.89 1 
  5513.75 2.3236e-13   5542.64 1 
  5516.48 2.3897e-13   5545.39 1 
  5519.22 2.4101e-13   5548.14 1 
  5521.96 2.3534e-13   5550.89 1 
  5524.69 2.3009e-13   5553.64 1 
  5527.43 2.3657e-13   5556.39 1 
  5530.16 2.3319e-13   5559.14 1 
  5532.90 2.3466e-13   5561.89 1 
  5535.63 2.3302e-13   5564.64 1 
  5538.37 2.3371e-13   5567.39 1 
  5541.10 2.4545e-13   5570.14 1 
  5543.84 2.4073e-13   5572.89 1 
  5546.58 2.3509e-13   5575.64 1 
  5549.31 2.3012e-13   5578.39 1 
  5552.05 2.3767e-13   5581.14 1 
  5554.78 2.3658e-13   5583.89 1 
  5557.52 2.3817e-13   5586.64 1 
  5560.25 2.3692e-13   5589.39 1 
  5562.99 2.2959e-13   5592.14 1 
  5565.73 2.3430e-13   5594.89 1 
  5568.46 2.3050e-13   5597.64 1 
  5571.20 2.3411e-13   5600.39 1 
  5573.93 2.3780e-13   5603.14 1 
  5576.67 2.3101e-13   5605.89 1 
  5579.40 2.4210e-13   5608.64 1 
  5582.14 2.3806e-13   5611.39 1 
  5584.88 2.3153e-13   5614.14 1 
  5587.61 2.2454e-13   5616.89 1 
  5590.35 2.2617e-13   5619.64 1 
  5593.08 2.2550e-13   5622.39 1 
  5595.82 2.3071e-13   5625.14 1 
  5598.55 2.3039e-13   5627.89 1 
  5601.29 2.3529e-13   5630.64 1 
  5604.03 2.3957e-13   5633.39 1 
  5606.76 2.4302e-13   5636.14 1 
  5609.50 2.4626e-13   5638.89 1 
  5612.23 2.3858e-13   5641.64 1 
  5614.97 2.3656e-13   5644.39 1 
  5617.70 2.4260e-13   5647.14 1 
  5620.44 2.3753e-13   5649.89 1 
  5623.17 2.3322e-13   5652.64 1 
  5625.91 2.3742e-13   5655.39 1 
  5628.65 2.3840e-13   5658.14 1 
  5631.38 2.3699e-13   5660.89 1 
  5634.12 2.3050e-13   5663.64 1 
  5636.85 2.2869e-13   5666.39 1 
  5639.59 2.2945e-13   5669.14 1 
  5642.32 2.3631e-13   5671.89 1 
  5645.06 2.2937e-13   5674.64 1 
  5647.80 2.3111e-13   5677.39 1 
  5650.53 2.3273e-13   5680.14 1 
  5653.27 2.3412e-13   5682.89 1 
  5656.00 2.2940e-13   5685.64 1 
  5658.74 2.2562e-13   5688.39 1 
  5661.47 2.2491e-13   5691.14 1 
  5664.21 2.2657e-13   5693.89 1 
  5666.95 2.2846e-13   5696.64 1 
  5669.68 2.3695e-13   5699.39 1 
  5672.42 2.3849e-13   5702.14 1 
  5675.15 2.4030e-13   5704.89 1 
  5677.89 2.3773e-13   5707.64 1 
  5680.62 2.3476e-13   5710.39 1 
  5683.36 2.3964e-13   5713.14 1 
  5686.09 2.2836e-13   5715.89 1 
  5688.83 2.3082e-13   5718.64 1 
  5691.57 2.4425e-13   5721.39 1 
  5694.30 2.4775e-13   5724.14 1 
  5697.04 2.3810e-13   5726.89 1 
  5699.77 2.3882e-13   5729.64 1 
  5702.51 2.2687e-13   5732.39 1 
  5705.24 2.2707e-13   5735.14 1 
  5707.98 2.2538e-13   5737.89 1 
  5710.72 2.2811e-13   5740.64 1 
  5713.45 2.3915e-13   5743.39 1 
  5716.19 2.3728e-13   5746.14 1 
  5718.92 2.4074e-13   5748.89 1 
  5721.66 2.4752e-13   5751.64 1 
  5724.39 2.4676e-13   5754.39 1 
  5727.13 2.3929e-13   5757.14 1 
  5729.87 2.3569e-13   5759.89 1 
  5732.60 2.4483e-13   5762.64 1 
  5735.34 2.4261e-13   5765.39 1 
  5738.07 2.4483e-13   5768.14 1 
  5740.81 2.4357e-13   5770.89 1 
  5743.54 2.4061e-13   5773.64 1 
  5746.28 2.4271e-13   5776.39 1 
  5749.02 2.4009e-13   5779.14 1 
  5751.75 2.3979e-13   5781.89 1 
  5754.49 2.3457e-13   5784.64 1 
  5757.22 2.4566e-13   5787.39 1 
  5759.96 2.3799e-13   5790.14 1 
  5762.69 2.3655e-13   5792.89 1 
  5765.43 2.3958e-13   5795.64 1 
  5768.16 2.4080e-13   5798.39 1 
  5770.90 2.3577e-13   5801.14 1 
  5773.64 2.3713e-13   5803.89 1 
  5776.37 2.3506e-13   5806.64 1 
  5779.11 2.3201e-13   5809.39 1 
  5781.84 2.3130e-13   5812.14 1 
  5784.58 2.3184e-13   5814.89 1 
  5787.31 2.3500e-13   5817.64 1 
  5790.05 2.3517e-13   5820.39 1 
  5792.79 2.3858e-13   5823.14 1 
  5795.52 2.3932e-13   5825.89 1 
  5798.26 2.5088e-13   5828.64 1 
  5800.99 2.5022e-13   5831.39 1 
  5803.73 2.3631e-13   5834.14 1 
  5806.46 2.4174e-13   5836.89 1 
  5809.20 2.3832e-13   5839.64 1 
  5811.94 2.3815e-13   5842.39 1 
  5814.67 2.3819e-13   5845.14 1 
  5817.41 2.4227e-13   5847.89 1 
  5820.14 2.5014e-13   5850.64 1 
  5822.88 2.4521e-13   5853.39 1 
  5825.61 2.4514e-13   5856.14 1 
  5828.35 2.4536e-13   5858.89 1 
  5831.09 2.4181e-13   5861.64 1 
  5833.82 2.4780e-13   5864.39 1 
  5836.56 2.5183e-13   5867.14 1 
  5839.29 2.4399e-13   5869.89 1 
  5842.03 2.4091e-13   5872.64 1 
  5844.76 2.4047e-13   5875.39 1 
  5847.50 2.3256e-13   5878.14 1 
  5850.23 2.3157e-13   5880.89 1 
  5852.97 2.3412e-13   5883.64 1 
  5855.71 2.2975e-13   5886.39 1 
  5858.44 2.3261e-13   5889.14 1 
  5861.18 2.3570e-13   5891.89 1 
  5863.91 2.3372e-13   5894.64 1 
  5866.65 2.3330e-13   5897.39 1 
  5869.38 2.3250e-13   5900.14 1 
  5872.12 2.3110e-13   5902.89 1 
  5874.86 2.4152e-13   5905.64 1 
  5877.59 2.3019e-13   5908.39 1 
  5880.33 2.3769e-13   5911.14 1 
  5883.06 2.2650e-13   5913.89 1 
  5885.80 2.1680e-13   5916.64 1 
  5888.53 2.0907e-13   5919.39 1 
  5891.27 2.0268e-13   5922.14 1 
  5894.01 2.0258e-13   5924.89 1 
  5896.74 2.0971e-13   5927.64 1 
  5899.48 2.1772e-13   5930.39 1 
  5902.21 2.2283e-13   5933.14 1 
  5904.95 2.2460e-13   5935.89 1 
  5907.68 2.2644e-13   5938.64 1 
  5910.42 2.3131e-13   5941.39 1 
  5913.16 2.3182e-13   5944.14 1 
  5915.89 2.2896e-13   5946.89 1 
  5918.63 2.3050e-13   5949.64 1 
  5921.36 2.2840e-13   5952.39 1 
  5924.10 2.2657e-13   5955.14 1 
  5926.83 2.3175e-13   5957.89 1 
  5929.57 2.3209e-13   5960.64 1 
  5932.30 2.3037e-13   5963.39 1 
  5935.04 2.3387e-13   5966.14 1 
  5937.78 2.3629e-13   5968.89 1 
  5940.51 2.3565e-13   5971.64 1 
  5943.25 2.3111e-13   5974.39 1 
  5945.98 2.2853e-13   5977.14 1 
  5948.72 2.3016e-13   5979.89 1 
  5951.45 2.3068e-13   5982.64 1 
  5954.19 2.3295e-13   5985.39 1 
  5956.93 2.3003e-13   5988.14 1 
  5959.66 2.3384e-13   5990.89 1 
  5962.40 2.3374e-13   5993.64 1 
  5965.13 2.3486e-13   5996.39 1 
  5967.87 2.3599e-13   5999.14 1 
  5970.60 2.3252e-13   6001.89 1 
  5973.34 2.3180e-13   6004.64 1 
  5976.08 2.3570e-13   6007.39 1 
  5978.81 2.3363e-13   6010.14 1 
  5981.55 2.3088e-13   6012.89 1 
  5984.28 2.2917e-13   6015.64 1 
  5987.02 2.3235e-13   6018.39 1 
  5989.75 2.3431e-13   6021.14 1 
  5992.49 2.3167e-13   6023.89 1 
  5995.23 2.2995e-13   6026.64 1 
  5997.96 2.2937e-13   6029.39 1 
  6000.70 2.3305e-13   6032.14 1 
  6003.43 2.3717e-13   6034.89 1 
  6006.17 2.3177e-13   6037.64 1 
  6008.90 2.3045e-13   6040.39 1 
  6011.64 2.2735e-13   6043.14 1 
  6014.37 2.2532e-13   6045.89 1 
  6017.11 2.2538e-13   6048.64 1 
  6019.85 2.2685e-13   6051.39 1 
  6022.58 2.2509e-13   6054.14 1 
  6025.32 2.3115e-13   6056.89 1 
  6028.05 2.3360e-13   6059.64 1 
  6030.79 2.3526e-13   6062.39 1 
  6033.52 2.3425e-13   6065.14 1 
  6036.26 2.3110e-13   6067.89 1 
  6039.00 2.3291e-13   6070.64 1 
  6041.73 2.3878e-13   6073.39 1 
  6044.47 2.3703e-13   6076.14 1 
  6047.20 2.4451e-13   6078.89 1 
  6049.94 2.4183e-13   6081.64 1 
  6052.67 2.3172e-13   6084.39 1 
  6055.41 2.3496e-13   6087.14 1 
  6058.15 2.3465e-13   6089.89 1 
  6060.88 2.3407e-13   6092.64 1 
  6063.62 2.3476e-13   6095.39 1 
  6066.35 2.3920e-13   6098.14 1 
  6069.09 2.3016e-13   6100.89 1 
  6071.82 2.3578e-13   6103.64 1 
  6074.56 2.3608e-13   6106.39 1 
  6077.30 2.2714e-13   6109.14 1 
  6080.03 2.3728e-13   6111.89 1 
  6082.77 2.3134e-13   6114.64 1 
  6085.50 2.2889e-13   6117.39 1 
  6088.24 2.3499e-13   6120.14 1 
  6090.97 2.3410e-13   6122.89 1 
  6093.71 2.2829e-13   6125.64 1 
  6096.44 2.3581e-13   6128.39 1 
  6099.18 2.3457e-13   6131.14 1 
  6101.92 2.2970e-13   6133.89 1 
  6104.65 2.2766e-13   6136.64 1 
  6107.39 2.2908e-13   6139.39 1 
  6110.12 2.2769e-13   6142.14 1 
  6112.86 2.3139e-13   6144.89 1 
  6115.59 2.3109e-13   6147.64 1 
  6118.33 2.3464e-13   6150.39 1 
  6121.07 2.2690e-13   6153.14 1 
  6123.80 2.2668e-13   6155.89 1 
  6126.54 2.2890e-13   6158.64 1 
  6129.27 2.2893e-13   6161.39 1 
  6132.01 2.2274e-13   6164.14 1 
  6134.74 2.3047e-13   6166.89 1 
  6137.48 2.2509e-13   6169.64 1 
  6140.22 2.2428e-13   6172.39 1 
  6142.95 2.2409e-13   6175.14 1 
  6145.69 2.2838e-13   6177.89 1 
  6148.42 2.2710e-13   6180.64 1 
  6151.16 2.3041e-13   6183.39 1 
  6153.89 2.2126e-13   6186.14 1 
  6156.63 2.1885e-13   6188.89 1 
  6159.37 2.1213e-13   6191.64 1 
  6162.10 2.1053e-13   6194.39 1 
  6164.84 2.0616e-13   6197.14 1 
  6167.57 2.1479e-13   6199.89 1 
  6170.31 2.1803e-13   6202.64 1 
  6173.04 2.2078e-13   6205.39 1 
  6175.78 2.2415e-13   6208.14 1 
  6178.51 2.2354e-13   6210.89 1 
  6181.25 2.2429e-13   6213.64 1 
  6183.99 2.2444e-13   6216.39 1 
  6186.72 2.1650e-13   6219.14 1 
  6189.46 2.1942e-13   6221.89 1 
  6192.19 2.2027e-13   6224.64 1 
  6194.93 2.1448e-13   6227.39 1 
  6197.66 2.2480e-13   6230.14 1 
  6200.40 2.2737e-13   6232.89 1 
  6203.14 2.3103e-13   6235.64 1 
  6205.87 2.2982e-13   6238.39 1 
  6208.61 2.2110e-13   6241.14 1 
  6211.34 2.1807e-13   6243.89 1 
  6214.08 2.1910e-13   6246.64 1 
  6216.81 2.1878e-13   6249.39 1 
  6219.55 2.1704e-13   6252.14 1 
  6222.29 2.1997e-13   6254.89 1 
  6225.02 2.2195e-13   6257.64 1 
  6227.76 2.2110e-13   6260.39 1 
  6230.49 2.2027e-13   6263.14 1 
  6233.23 2.2124e-13   6265.89 1 
  6235.96 2.1805e-13   6268.64 1 
  6238.70 2.1310e-13   6271.39 1 
  6241.44 2.1414e-13   6274.14 1 
  6244.17 2.0752e-13   6276.89 1 
  6246.91 2.1313e-13   6279.64 1 
  6249.64 2.0835e-13   6282.39 1 
  6252.38 2.1005e-13   6285.14 1 
  6255.11 2.1232e-13   6287.89 1 
  6257.85 2.1441e-13   6290.64 1 
  6260.58 2.1560e-13   6293.39 1 
  6263.32 2.1672e-13   6296.14 1 
  6266.06 2.1990e-13   6298.89 1 
  6268.79 2.2151e-13   6301.64 1 
  6271.53 2.2003e-13   6304.39 1 
  6274.26 2.1679e-13   6307.14 1 
  6277.00 2.1224e-13   6309.89 1 
  6279.73 2.1046e-13   6312.64 1 
  6282.47 2.2308e-13   6315.39 1 
  6285.21 2.2104e-13   6318.14 1 
  6287.94 2.2472e-13   6320.89 1 
  6290.68 2.2953e-13   6323.64 1 
  6293.41 2.3070e-13   6326.39 1 
  6296.15 2.2533e-13   6329.14 1 
  6298.88 2.2524e-13   6331.89 1 
  6301.62 2.3008e-13   6334.64 1 
  6304.36 2.2677e-13   6337.39 1 
  6307.09 2.2529e-13   6340.14 1 
  6309.83 2.2476e-13   6342.89 1 
  6312.56 2.2546e-13   6345.64 1 
  6315.30 2.2061e-13   6348.39 1 
  6318.03 2.1448e-13   6351.14 1 
  6320.77 2.2130e-13   6353.89 1 
  6323.50 2.1736e-13   6356.64 1 
  6326.24 2.2516e-13   6359.39 1 
  6328.98 2.2298e-13   6362.14 1 
  6331.71 2.3072e-13   6364.89 1 
  6334.45 2.2092e-13   6367.64 1 
  6337.18 2.2321e-13   6370.39 1 
  6339.92 2.2450e-13   6373.14 1 
  6342.65 2.2689e-13   6375.89 1 
  6345.39 2.2802e-13   6378.64 1 
  6348.13 2.2075e-13   6381.39 1 
  6350.86 2.2608e-13   6384.14 1 
  6353.60 2.1893e-13   6386.89 1 
  6356.33 2.2178e-13   6389.64 1 
  6359.07 2.1731e-13   6392.39 1 
  6361.80 2.2071e-13   6395.14 1 
  6364.54 2.2300e-13   6397.89 1 
  6367.28 2.2596e-13   6400.64 1 
  6370.01 2.2865e-13   6403.39 1 
  6372.75 2.1934e-13   6406.14 1 
  6375.48 2.3234e-13   6408.89 1 
  6378.22 2.2716e-13   6411.64 1 
  6380.95 2.3201e-13   6414.39 1 
  6383.69 2.2874e-13   6417.14 1 
  6386.43 2.2363e-13   6419.89 1 
  6389.16 2.2777e-13   6422.64 1 
  6391.90 2.2246e-13   6425.39 1 
  6394.63 2.2183e-13   6428.14 1 
  6397.37 2.2381e-13   6430.89 1 
  6400.10 2.2775e-13   6433.64 1 
  6402.84 2.2133e-13   6436.39 1 
  6405.57 2.1744e-13   6439.14 1 
  6408.31 2.2255e-13   6441.89 1 
  6411.05 2.2243e-13   6444.64 1 
  6413.78 2.2012e-13   6447.39 1 
  6416.52 2.1755e-13   6450.14 1 
  6419.25 2.1748e-13   6452.89 1 
  6421.99 2.1666e-13   6455.64 1 
  6424.72 2.1516e-13   6458.39 1 
  6427.46 2.2140e-13   6461.14 1 
  6430.20 2.2678e-13   6463.89 1 
  6432.93 2.2112e-13   6466.64 1 
  6435.67 2.1801e-13   6469.39 1 
  6438.40 2.1655e-13   6472.14 1 
  6441.14 2.1921e-13   6474.89 1 
  6443.87 2.1982e-13   6477.64 1 
  6446.61 2.1642e-13   6480.39 1 
  6449.35 2.1347e-13   6483.14 1 
  6452.08 2.1466e-13   6485.89 1 
  6454.82 2.1547e-13   6488.64 1 
  6457.55 2.1957e-13   6491.39 1 
  6460.29 2.2305e-13   6494.14 1 
  6463.02 2.2457e-13   6496.89 1 
  6465.76 2.2852e-13   6499.64 1 
  6468.50 2.2671e-13   6502.39 1 
  6471.23 2.2290e-13   6505.14 1 
  6473.97 2.2104e-13   6507.89 1 
  6476.70 2.2236e-13   6510.64 1 
  6479.44 2.1731e-13   6513.39 1 
  6482.17 2.1789e-13   6516.14 1 
  6484.91 2.1619e-13   6518.89 1 
  6487.64 2.1372e-13   6521.64 1 
  6490.38 2.1357e-13   6524.39 1 
  6493.12 2.1140e-13   6527.14 1 
  6495.85 2.1014e-13   6529.89 1 
  6498.59 2.0961e-13   6532.64 1 
  6501.32 2.1199e-13   6535.39 1 
  6504.06 2.2085e-13   6538.14 1 
  6506.79 2.2964e-13   6540.89 1 
  6509.53 2.4004e-13   6543.64 1 
  6512.27 2.3311e-13   6546.39 1 
  6515.00 2.2720e-13   6549.14 1 
  6517.74 2.2829e-13   6551.89 1 
  6520.47 2.2621e-13   6554.64 1 
  6523.21 2.2053e-13   6557.39 1 
  6525.94 2.2484e-13   6560.14 1 
  6528.68 2.2080e-13   6562.89 1 
  6531.42 2.1864e-13   6565.64 1 
  6534.15 2.2588e-13   6568.39 1 
  6536.89 2.3515e-13   6571.14 1 
  6539.62 2.3982e-13   6573.89 1 
  6542.36 2.4692e-13   6576.64 1 
  6545.09 2.5665e-13   6579.39 1 
  6547.83 2.7001e-13   6582.14 1 
  6550.57 2.5996e-13   6584.89 1 
  6553.30 2.6885e-13   6587.64 1 
  6556.04 3.3914e-13   6590.39 1 
  6558.77 4.8630e-13   6593.14 1 
  6561.51 5.6279e-13   6595.89 1 
  6564.24 5.1666e-13   6598.64 1 
  6566.98 3.7697e-13   6601.39 1 
  6569.71 2.7147e-13   6604.14 1 
  6572.45 2.4183e-13   6606.89 1 
  6575.19 2.4899e-13   6609.64 1 
  6577.92 2.9771e-13   6612.39 1 
  6580.66 3.4477e-13   6615.14 1 
  6583.39 3.5712e-13   6617.89 1 
  6586.13 3.2079e-13   6620.64 1 
  6588.86 2.6127e-13   6623.39 1 
  6591.60 2.3686e-13   6626.14 1 
  6594.34 2.2462e-13   6628.89 1 
  6597.07 2.2401e-13   6631.64 1 
  6599.81 2.2785e-13   6634.39 1 
  6602.54 2.2280e-13   6637.14 1 
  6605.28 2.1416e-13   6639.89 1 
  6608.01 2.2415e-13   6642.64 1 
  6610.75 2.2503e-13   6645.39 1 
  6613.49 2.2513e-13   6648.14 1 
  6616.22 2.3089e-13   6650.89 1 
  6618.96 2.2827e-13   6653.64 1 
  6621.69 2.2719e-13   6656.39 1 
  6624.43 2.2446e-13   6659.14 1 
  6627.16 2.1833e-13   6661.89 1 
  6629.90 2.1485e-13   6664.64 1 
  6632.64 2.2393e-13   6667.39 1 
  6635.37 2.2115e-13   6670.14 1 
  6638.11 2.2185e-13   6672.89 1 
  6640.84 2.2178e-13   6675.64 1 
  6643.58 2.2348e-13   6678.39 1 
  6646.31 2.2239e-13   6681.14 1 
  6649.05 2.2502e-13   6683.89 1 
  6651.78 2.2042e-13   6686.64 1 
  6654.52 2.2333e-13   6689.39 1 
  6657.26 2.2076e-13   6692.14 1 
  6659.99 2.2121e-13   6694.89 1 
  6662.73 2.2030e-13   6697.64 1 
  6665.46 2.1585e-13   6700.39 1 
  6668.20 2.2023e-13   6703.14 1 
  6670.93 2.2402e-13   6705.89 1 
  6673.67 2.2000e-13   6708.64 1 
  6676.41 2.1643e-13   6711.39 1 
  6679.14 2.1687e-13   6714.14 1 
  6681.88 2.2043e-13   6716.89 1 
  6684.61 2.2039e-13   6719.64 1 
  6687.35 2.2020e-13   6722.39 1 
  6690.08 2.2094e-13   6725.14 1 
  6692.82 2.1807e-13   6727.89 1 
  6695.56 2.1001e-13   6730.64 1 
  6698.29 2.1252e-13   6733.39 1 
  6701.03 2.1268e-13   6736.14 1 
  6703.76 2.1758e-13   6738.89 1 
  6706.50 2.2485e-13   6741.64 1 
  6709.23 2.3415e-13   6744.39 1 
  6711.97 2.5159e-13   6747.14 1 
  6714.71 2.6307e-13   6749.89 1 
  6717.44 2.5657e-13   6752.64 1 
  6720.18 2.3838e-13   6755.39 1 
  6722.91 2.3419e-13   6758.14 1 
  6725.65 2.4541e-13   6760.89 1 
  6728.38 2.4805e-13   6763.64 1 
  6731.12 2.4687e-13   6766.39 1 
  6733.85 2.2851e-13   6769.14 1 
  6736.59 2.2074e-13   6771.89 1 
  6739.33 2.1730e-13   6774.64 1 
  6742.06 2.1146e-13   6777.39 1 
  6744.80 2.1016e-13   6780.14 1 
  6747.53 2.1520e-13   6782.89 1 
  6750.27 2.1421e-13   6785.64 1 
  6753.00 2.0534e-13   6788.39 1 
  6755.74 2.1205e-13   6791.14 1 
  6758.48 2.1026e-13   6793.89 1 
  6761.21 2.1566e-13   6796.64 1 
  6763.95 2.0428e-13   6799.39 1 
  6766.68 2.1413e-13   6802.14 1 
  6769.42 2.1381e-13   6804.89 1 
  6772.15 2.1926e-13   6807.64 1 
  6774.89 2.1847e-13   6810.39 1 
  6777.63 2.1770e-13   6813.14 1 
  6780.36 2.1539e-13   6815.89 1 
  6783.10 2.1384e-13   6818.64 1 
  6785.83 2.0577e-13   6821.39 1 
  6788.57 2.0984e-13   6824.14 1 
  6791.30 2.0541e-13   6826.89 1 
  6794.04 2.0326e-13   6829.64 1 
  6803.47 2.1176e-13   6839.12 0 
  6819.15 2.1370e-13   6854.88 0 
  6834.87 2.1220e-13   6870.68 0 
  6850.63 2.0927e-13   6886.52 0 
  6866.42 2.0495e-13   6902.40 0 
  6882.25 2.0970e-13   6918.31 0 
  6898.11 2.1113e-13   6934.26 0 
  6914.01 2.1062e-13   6950.24 0 
  6929.95 2.0914e-13   6966.26 0 
  6945.93 2.1448e-13   6982.33 0 
  6961.94 2.1006e-13   6998.42 0 
  6977.99 2.1542e-13   7014.55 0 
  6994.07 2.1440e-13   7030.72 0 
  7010.20 2.0950e-13   7046.93 0 
  7026.36 2.1534e-13   7063.18 0 
  7042.55 2.1433e-13   7079.46 0 
  7058.79 2.1381e-13   7095.78 0 
  7075.06 1.9814e-13   7112.14 0 
  7091.37 1.9949e-13   7128.53 0 
  7107.72 2.0224e-13   7144.96 0 
  7124.10 2.0128e-13   7161.43 0 
  7140.53 1.9578e-13   7177.94 0 
  7156.99 1.9351e-13   7194.49 0 
  7173.49 1.9438e-13   7211.08 0 
  7190.02 1.9125e-13   7227.70 0 
  7206.60 1.9167e-13   7244.36 0 
  7223.21 1.9929e-13   7261.06 0 
  7239.86 2.0019e-13   7277.80 0 
  7256.55 2.0295e-13   7294.57 0 
  7273.28 2.0245e-13   7311.39 0 
  7290.05 1.9737e-13   7328.25 0 
  7306.85 2.0334e-13   7345.14 0 
  7323.70 2.0378e-13   7362.07 0 
  7340.58 2.0707e-13   7379.04 0 
  7357.50 2.0704e-13   7396.05 0 
  7374.46 2.0893e-13   7413.10 0 
  7391.46 2.0842e-13   7430.19 0 
  7408.50 2.0791e-13   7447.32 0 
  7425.58 2.0837e-13   7464.49 0 
  7442.70 2.1517e-13   7481.70 0 
  7459.85 2.1563e-13   7498.94 0 
  7477.05 2.1216e-13   7516.23 0 
  7494.29 2.1558e-13   7533.56 0 
  7511.56 2.1407e-13   7550.92 0 
  7528.88 2.1355e-13   7568.33 0 
  7546.24 2.1549e-13   7585.78 0 
  7563.63 2.1202e-13   7603.26 0 
  7581.06 2.1005e-13   7620.79 0 
  7598.54 2.0619e-13   7638.36 0 
  7616.06 2.0474e-13   7655.97 0 
  7633.61 2.0614e-13   7673.61 0 
  7651.21 2.0142e-13   7691.30 0 
  7668.85 1.9455e-13   7709.04 0 
  7686.53 2.0136e-13   7726.81 0 
  7704.25 1.9949e-13   7744.62 0 
  7722.01 1.9358e-13   7762.47 0 
  7739.81 1.9625e-13   7780.37 0 
  7757.65 1.8653e-13   7798.30 0 
  7775.53 1.9574e-13   7816.28 0 
  7793.46 1.9482e-13   7834.30 0 
  7811.42 1.9705e-13   7852.36 0 
  7829.43 1.9884e-13   7870.46 0 
  7847.48 1.9836e-13   7888.60 0 
  7865.57 1.9971e-13   7906.79 0 
  7883.70 1.9558e-13   7925.01 0 
  7901.88 1.9111e-13   7943.28 0 
  7920.09 1.8889e-13   7961.59 0 
  7938.35 1.8843e-13   7979.95 0 
  7956.65 1.8841e-13   7998.34 0 
  7974.99 1.9277e-13   8016.78 0 
  7993.38 1.9274e-13   8035.26 0 
  8011.80 1.9227e-13   8053.78 0 
  8030.27 1.9582e-13   8072.35 0 
  8048.78 1.9943e-13   8090.96 0 
  8067.34 1.9940e-13   8109.61 0 
  8085.94 1.9484e-13   8128.31 0 
  8104.57 1.8950e-13   8147.04 0 
  8123.26 1.9255e-13   8165.82 0 
  8141.99 1.9076e-13   8184.65 0 
  8160.75 1.9206e-13   8203.52 0 
  8179.56 1.9115e-13   8222.43 0 
  8198.42 1.9024e-13   8241.38 0 
  8217.32 1.9420e-13   8260.38 0 
  8236.26 1.7305e-13   8279.42 0 
  8255.25 2.0004e-13   8298.51 0 
  8274.28 1.9909e-13   8317.64 0 
  8293.35 1.9364e-13   8336.81 0 
  8312.47 1.8575e-13   8356.03 0 
  8331.64 1.8874e-13   8375.29 0 
  8350.84 1.9178e-13   8394.60 0 
  8370.09 1.9087e-13   8413.95 0 
  8389.39 1.8997e-13   8433.35 0 
  8408.73 1.8950e-13   8452.79 0 
  8428.11 1.8860e-13   8472.27 0 
  8447.54 1.7968e-13   8491.80 0 
  8467.01 1.8383e-13   8511.38 0 
  8486.53 1.8636e-13   8531.00 0 
  8506.09 1.4135e-13   8550.67 0 
  8525.71 1.7589e-13   8570.38 0 
  8545.36 1.6872e-13   8590.14 0 
  8565.06 1.7952e-13   8609.94 0 
  8584.80 1.8325e-13   8629.79 0 
  8604.59 1.7905e-13   8649.68 0 
  8624.43 1.8193e-13   8669.62 0 
  8644.31 1.8443e-13   8689.60 0 
  8664.24 1.7409e-13   8709.64 0 
  8684.21 1.6854e-13   8729.71 0 
  8704.23 1.7974e-13   8749.84 0 
  8724.29 1.8432e-13   8770.01 0 
  8744.40 1.7722e-13   8790.23 0 
  8764.56 1.7924e-13   8810.49 0 
  8784.77 1.8255e-13   8830.80 0 
  8805.02 1.8294e-13   8851.16 0 
  8825.31 1.8631e-13   8871.56 0 
  8845.66 1.7996e-13   8892.01 0 
  8866.05 1.8118e-13   8912.51 0 
  8886.49 1.6906e-13   8933.05 0 
  8906.97 1.7457e-13   8953.65 0 
  8927.51 1.7414e-13   8974.29 0 
  8948.09 1.7695e-13   8994.98 0 
  8968.71 1.7611e-13   9015.71 0 
  8989.39 1.6893e-13   9036.50 0 
  9010.11 1.5763e-13   9057.33 0 
  9030.88 1.6427e-13   9078.20 0 
  9051.70 1.8260e-13   9099.13 0 
  9072.57 1.7355e-13   9120.11 0 
  9093.48 1.7553e-13   9141.13 0 
  9114.44 1.7430e-13   9162.20 0 
  9135.46 1.8039e-13   9183.33 0 
  9156.51 1.7106e-13   9204.50 0 
  9177.62 1.6409e-13   9225.71 0 
  9198.78 1.7339e-13   9246.98 0 
  9219.99 1.6253e-13   9268.30 0 
  9241.24 1.5735e-13   9289.66 0 
  9262.55 1.7092e-13   9311.08 0 
  9283.90 1.7650e-13   9332.54 0 
  9305.30 1.5619e-13   9354.06 0 
  9326.75 1.7362e-13   9375.62 0 
  9348.25 1.7319e-13   9397.23 0 
  9369.80 1.7039e-13   9418.90 0 
  9391.40 1.7273e-13   9440.61 0 
  9413.05 1.6916e-13   9462.37 0 
  9434.75 1.7347e-13   9484.18 0 
  9456.49 1.7107e-13   9506.05 0 
  9478.30 1.7462e-13   9527.96 0 
  9500.15 1.7459e-13   9549.93 0 
  9522.04 1.7098e-13   9571.94 0 
  9544.00 1.6515e-13   9594.01 0 
  9566.00 1.7014e-13   9616.12 0 
  9588.05 1.7367e-13   9638.29 0 
  9610.15 1.7126e-13   9660.51 0 
  9632.31 1.7202e-13   9682.78 0 
  9654.51 1.7002e-13   9705.10 0 
  9676.76 1.6960e-13   9727.47 0 
  9699.08 1.7154e-13   9749.90 0 
  9721.43 1.6722e-13   9772.37 0 
  9743.84 1.6642e-13   9794.90 0 
  9766.31 1.6716e-13   9817.48 0 
  9788.82 1.6522e-13   9840.11 0 
  9811.38 1.6865e-13   9862.79 0 
  9834.00 1.6708e-13   9885.53 0 
  9856.67 1.6743e-13   9908.32 0 
  9879.39 1.6625e-13   9931.16 0 
  9902.16 1.6508e-13   9954.05 0 
  9924.99 1.6619e-13   9977.00 0 
  9947.87 1.6655e-13  10000.00 0 
  9970.80 1.6652e-13  10023.05 0 
  9993.79 1.6572e-13  10046.15 0 
 10016.82 1.6493e-13  10069.31 0 
 10086.26 1.6221e-13  10139.12 0 
 10132.82 1.6555e-13  10185.91 0 
 10179.59 1.6397e-13  10232.94 0 
 10226.58 1.6505e-13  10280.17 0 
 10273.78 1.6537e-13  10327.61 0 
 10297.46 1.6458e-13  10351.42 0 
 10488.90 1.5876e-13  10543.86 0 
 10708.54 1.5178e-13  10764.65 0 
 10907.63 1.4629e-13  10964.78 0 
 11110.41 1.3938e-13  11168.63 0 
 11290.94 1.3716e-13  11350.10 0 
 11500.86 1.3653e-13  11561.13 0 
 11687.74 1.3281e-13  11748.98 0 
 11905.02 1.2741e-13  11967.41 0 
 12098.47 1.2538e-13  12161.86 0 
 12295.05 1.2337e-13  12359.47 0 
 12494.83 1.1973e-13  12560.30 0 
 12697.85 1.1674e-13  12764.39 0 
 12904.17 1.1408e-13  12971.79 0 
 13113.85 1.1200e-13  13182.56 0 
 13296.28 1.0845e-13  13365.95 0 
 13512.33 1.0598e-13  13583.13 0 
 13700.30 1.0380e-13  13772.09 0 
 13890.89 9.9819e-14  13963.68 0 
 14084.14 9.5108e-14  14157.94 0 
 14312.99 9.3587e-14  14387.99 0 
 14512.10 9.4019e-14  14588.14 0 
 14713.99 9.0618e-14  14791.09 0 
 14884.37 9.1667e-14  14962.36 0 
 15091.43 9.2091e-14  15170.51 0 
 15301.36 9.3372e-14  15381.54 0 
 15514.22 9.2516e-14  15595.52 0 
 15693.88 9.0618e-14  15776.11 0 
 15912.20 8.7139e-14  15995.58 0 
 16096.46 8.7139e-14  16180.80 0 
 16282.85 8.6540e-14  16368.17 0 
 16509.35 8.5352e-14  16595.86 0 
 16700.53 8.4765e-14  16788.04 0 
 16893.91 8.3602e-14  16982.44 0 
 17089.54 8.1887e-14  17179.09 0 
 17287.41 7.8744e-14  17378.00 0 
 17487.60 7.6246e-14  17579.23 0 
 17690.10 7.2982e-14  17782.79 0 
 17894.95 7.0019e-14  17988.71 0 
 18102.16 6.6560e-14  18197.02 0 
 18311.76 6.4746e-14  18407.71 0 
 18481.21 6.2404e-14  18578.05 0 
 18695.21 5.9459e-14  18793.18 0 
 18911.68 5.7838e-14  19010.77 0 
 19086.67 5.6913e-14  19186.69 0 
 19307.69 5.5108e-14  19408.86 0 
 19486.33 5.2993e-14  19588.44 0 
 19711.98 5.1194e-14  19815.27 0 
 19894.38 4.9570e-14  19998.62 0 
 20078.45 4.8665e-14  20183.66 0 
 20310.95 4.7013e-14  20417.38 0 
 20498.89 4.6368e-14  20606.30 0 
 20688.55 4.5208e-14  20796.96 0 
 20879.99 4.4281e-14  20989.40 0 
 21121.77 4.3473e-14  21232.45 0 
 21317.20 4.2483e-14  21428.90 0 
 21514.45 4.1612e-14  21627.19 0 
 21713.53 4.0199e-14  21827.31 0 
 21914.43 3.9556e-14  22029.26 0 
 22117.21 3.8390e-14  22233.11 0 
 22321.84 3.7343e-14  22438.81 0 
 22476.59 3.6410e-14  22594.36 0 
 22684.54 3.5417e-14  22803.41 0 
 22894.45 3.1784e-14  23014.42 0 
 23106.30 3.1493e-14  23227.38 0 
 23320.08 2.7619e-14  23442.28 0 
 23481.75 2.5955e-14  23604.79 0 
 23699.00 2.6316e-14  23823.19 0 
 23918.30 2.4167e-14  24043.63 0 
 24084.08 2.3346e-14  24210.28 0 
 24306.94 2.2973e-14  24434.31 0 
 24475.41 2.1341e-14  24603.66 0 
 24701.89 2.0951e-14  24831.33 0 
 24873.10 1.7751e-14  25003.44 0 
 25103.26 1.7507e-14  25234.80 0 
 25277.29 1.7588e-14  25409.74 0 
 25511.16 1.7467e-14  25644.84 0 
 25688.01 1.7710e-14  25822.61 0 
 25925.68 1.7387e-14  26061.53 0 
 26105.40 1.7307e-14  26242.20 0 
 26286.34 1.6874e-14  26424.08 0 
 26529.58 1.6681e-14  26668.59 0 
 26713.46 1.6376e-14  26853.44 0 
 26898.64 1.6114e-14  27039.59 0 
 27085.08 1.5857e-14  27227.01 0 
 27272.84 1.5532e-14  27415.75 0 
 27525.18 1.5318e-14  27669.41 0 
 27715.99 1.4935e-14  27861.22 0 
 27908.10 1.4764e-14  28054.33 0 
 28101.56 1.4462e-14  28248.81 0 
 28296.34 1.4230e-14  28444.61 0 
 28492.47 1.3971e-14  28641.77 0 
 28689.98 1.3684e-14  28840.32 0 
 28888.84 1.3465e-14  29040.21 0 
 29089.10 1.3220e-14  29241.53 0 
 29290.72 1.2948e-14  29444.21 0 
 29493.77 1.2712e-14  29648.32 0 
 29698.20 1.2509e-14  29853.82 0 
 29904.08 1.2252e-14  30060.77 0 
 30111.35 1.2084e-14  30269.13 0 
 30320.09 1.1836e-14  30478.96 0 
 30530.24 1.1701e-14  30690.22 0 
 30671.15 1.1567e-14  30831.87 0 
 30883.77 1.1382e-14  31045.60 0 
 31097.83 1.1252e-14  31260.79 0 
 31313.41 1.1097e-14  31477.49 0 
 31530.45 1.0945e-14  31695.67 0 
 31675.98 1.0795e-14  31841.96 0 
 31895.56 1.0696e-14  32062.70 0 
 32116.64 1.0598e-14  32284.93 0 
 32264.90 1.0573e-14  32433.97 0 
 32488.54 1.0671e-14  32658.78 0 
 32713.76 1.1174e-14  32885.18 0 
 32864.75 1.2741e-14  33036.96 0 
 33092.54 1.2595e-14  33265.94 0 
 33321.94 1.0696e-14  33496.55 0 
 33475.74 9.9132e-15  33651.15 0 
 33707.80 9.5108e-15  33884.43 0 
 33863.38 9.2516e-15  34040.82 0 
 34098.09 9.0202e-15  34276.77 0 
 34334.47 8.8555e-15  34514.38 0 
 34492.94 8.6939e-15  34673.68 0 
 34732.05 8.5156e-15  34914.05 0 
 34892.36 8.3602e-15  35075.20 0 
 35134.20 8.2265e-15  35318.30 0 
 35296.40 8.0578e-15  35481.36 0 
 35459.31 7.9289e-15  35645.12 0 
 35705.09 7.7842e-15  35892.18 0 
 35869.92 7.6421e-15  36057.88 0 
 36118.54 7.5200e-15  36307.80 0 
 36285.24 7.3997e-15  36475.38 0 
 36536.78 7.2479e-15  36728.23 0 
 36705.42 7.1157e-15  36897.75 0 
 36874.83 6.9697e-15  37068.05 0 
 37130.46 6.8425e-15  37325.02 0 
 37301.83 6.7486e-15  37497.29 0 
 37474.03 6.5950e-15  37670.40 0 
 37733.78 6.5195e-15  37931.50 0 
 37907.93 6.4005e-15  38106.57 0 
 38082.94 6.2982e-15  38282.49 0 
 38258.70 6.1975e-15  38459.18 0 
 38523.88 6.0984e-15  38725.75 0 
 38701.73 5.9733e-15  38904.53 0 
 38880.36 5.8778e-15  39084.09 0 
 39059.81 5.7838e-15  39264.48 0 
 39330.58 5.6913e-15  39536.67 0 
 39512.11 5.5746e-15  39719.15 0 
 39694.48 5.4855e-15  39902.48 0 
 39877.73 5.3730e-15  40086.69 0 
 40061.78 5.2993e-15  40271.71 0 
 40339.46 5.2145e-15  40550.84 0 
 40525.68 5.1194e-15  40738.04 0 
 40712.73 5.0375e-15  40926.07 0 
 40900.64 4.9684e-15  41114.96 0 
 41089.46 4.8889e-15  41304.77 0 
 41279.10 4.8219e-15  41495.41 0 
 41469.62 4.7448e-15  41686.93 0 
 41661.07 4.6689e-15  41879.38 0 
 41853.36 4.5943e-15  42072.67 0 
 42143.45 4.5208e-15  42364.28 0 
 42338.01 4.4690e-15  42559.86 0 
 42533.42 4.3976e-15  42756.29 0 
 42729.73 4.3373e-15  42953.63 0 
 42926.99 4.1900e-15  43151.93 0 
 43125.12 4.0385e-15  43351.10 0 
 43324.16 4.0292e-15  43551.18 0 
 43524.12 3.8924e-15  43752.19 0 
 43725.06 3.8125e-15  43954.18 0 
 43926.87 3.7516e-15  44157.04 0 
 44129.61 3.6493e-15  44360.85 0 
 44333.33 3.5993e-15  44565.64 0 
 44537.95 3.5499e-15  44771.33 0 
 44743.52 3.4691e-15  44977.97 0 
 44950.08 3.4531e-15  45185.62 0 
 45053.69 3.3901e-15  45289.77 0 
 45261.63 3.3282e-15  45498.80 0 
 45470.54 3.3130e-15  45708.80 0 
 45680.45 3.2750e-15  45919.82 0 
 45891.29 3.1931e-15  46131.76 0 
 46103.10 3.1931e-15  46344.68 0 
 46315.94 3.1421e-15  46558.63 0 
 46529.71 3.1061e-15  46773.52 0 
 46744.46 3.0918e-15  46989.40 0 
 46852.21 3.0494e-15  47097.72 0 
 47068.51 3.0076e-15  47315.15 0 
 47285.75 3.0006e-15  47533.53 0 
 47504.00 2.9595e-15  47752.92 0 
 47723.30 2.9323e-15  47973.37 0 
 47943.56 2.9055e-15  48194.79 0 
 48054.08 2.8590e-15  48305.88 0 
 48275.87 2.8590e-15  48528.84 0 
 48498.74 2.8133e-15  48752.87 0 
 48722.58 2.7811e-15  48977.89 0 
 48947.46 2.7556e-15  49203.95 0 
 49060.29 2.7241e-15  49317.36 0 
 49286.78 2.7053e-15  49545.04 0 
 49514.26 2.6743e-15  49773.71 0 
 49742.79 2.6620e-15  50003.44 0 
 49857.45 2.6312e-15  50118.70 0 
 50087.62 2.6123e-15  50350.08 0 
 50318.79 2.5877e-15  50582.46 0 
 50551.04 2.5573e-15  50815.93 0 
 50667.56 2.5394e-15  50933.06 0 
 50784.41 2.5273e-15  51050.52 0 
 50901.47 2.5212e-15  51168.20 0 
 51018.81 2.5092e-15  51286.14 0 
 51136.40 2.4916e-15  51404.36 0 
 51254.28 2.4855e-15  51522.85 0 
 51372.43 2.4737e-15  51641.62 0 
 51490.90 2.4620e-15  51760.71 0 
 51609.59 2.4560e-15  51880.02 0 
 51728.55 2.4500e-15  51999.61 0 
 51847.79 2.4384e-15  52119.47 0 
 51967.30 2.4268e-15  52239.61 0 
 52087.09 2.4153e-15  52360.03 0 
 52207.15 2.4039e-15  52480.72 0 
 52327.55 2.3925e-15  52601.75 0 
 52448.17 2.3866e-15  52723.00 0 
 52569.07 2.3808e-15  52844.53 0 
 52690.24 2.3804e-15  52966.34 0 
 52811.70 2.3691e-15  53088.43 0 
 52933.43 2.3525e-15  53210.80 0 
 53055.51 2.3467e-15  53333.52 0 
 53177.81 2.3356e-15  53456.46 0 
 53300.38 2.3352e-15  53579.68 0 
 53423.25 2.3295e-15  53703.18 0 
 53546.39 2.3238e-15  53826.97 0 
 53669.82 2.3181e-15  53951.05 0 
 53793.53 2.3124e-15  54075.41 0 
 53917.59 2.3068e-15  54200.11 0 
 54041.87 2.3011e-15  54325.05 0 
 54166.44 2.2955e-15  54450.27 0 
 54291.30 2.2846e-15  54575.79 0 
 54416.44 2.2842e-15  54701.59 0 
 54541.88 2.2839e-15  54827.68 0 
 54667.60 2.2783e-15  54954.06 0 
 54793.67 2.2727e-15  55080.79 0 
 54919.98 2.2723e-15  55207.76 0 
 55046.57 2.2667e-15  55335.02 0 
 55173.46 2.2664e-15  55462.57 0 
 55300.63 2.2713e-15  55590.41 0 
 55428.11 2.2709e-15  55718.55 0 
 55555.93 2.2601e-15  55847.05 0 
 55683.99 2.2650e-15  55975.78 0 
 55812.35 2.2698e-15  56104.81 0 
 55941.00 2.2695e-15  56234.13 0 
 56069.95 2.2743e-15  56363.76 0 
 56199.20 2.2792e-15  56493.68 0 
 56328.74 2.2789e-15  56623.90 0 
 56458.64 2.2837e-15  56754.48 0 
 56588.78 2.2939e-15  56885.31 0 
 56719.22 2.2988e-15  57016.43 0 
 56849.97 2.3038e-15  57147.86 0 
 56981.01 2.3087e-15  57279.59 0 
 57112.35 2.3243e-15  57411.62 0 
 57244.06 2.3401e-15  57544.02 0 
 57376.02 2.3505e-15  57676.67 0 
 57508.27 2.3664e-15  57809.62 0 
 57640.83 2.3824e-15  57942.87 0 
 57773.70 2.3985e-15  58076.43 0 
 57906.87 2.4203e-15  58210.30 0 
 58040.35 2.4423e-15  58344.48 0 
 58174.20 2.4645e-15  58479.04 0 
 58308.30 2.4984e-15  58613.83 0 
 58442.70 2.5269e-15  58748.94 0 
 58577.42 2.5616e-15  58884.36 0 
 58712.44 2.6028e-15  59020.09 0 
 58847.78 2.6386e-15  59156.14 0 
 58983.43 2.6934e-15  59292.50 0 
 59244.37 2.1562e-15  59554.81 3 
 59552.60 2.6946e-15  59864.66 3 
 59860.84 3.0540e-15  60174.51 3 
 60169.09 3.4766e-15  60484.37 3 
 60477.32 3.6992e-15  60794.22 3 
 60785.55 4.2393e-15  61104.07 3 
 61093.80 4.4353e-15  61413.93 3 
 61402.03 6.3056e-15  61723.78 3 
 61710.27 9.5117e-15  62033.63 3 
 62018.51 1.1457e-14  62343.49 3 
 62326.75 1.0803e-14  62653.34 3 
 62634.98 9.2473e-15  62963.19 3 
 62943.22 7.2777e-15  63273.05 3 
 63251.46 6.2468e-15  63582.90 3 
 63559.71 5.7198e-15  63892.76 3 
 63867.94 5.1384e-15  64202.61 3 
 64176.17 4.4746e-15  64512.46 3 
 64484.42 3.9993e-15  64822.32 3 
 64792.65 3.8376e-15  65132.17 3 
 65100.89 3.7633e-15  65442.02 3 
 65409.14 3.4116e-15  65751.88 3 
 65717.37 3.3115e-15  66061.73 3 
 66025.60 3.4357e-15  66371.58 3 
 66333.86 3.3867e-15  66681.45 3 
 66642.08 3.8384e-15  66991.29 3 
 66950.32 3.5470e-15  67301.14 3 
 67258.57 4.0190e-15  67611.00 3 
 67566.80 3.7962e-15  67920.85 3 
 67875.05 4.0768e-15  68230.71 3 
 68183.28 4.2876e-15  68540.56 3 
 68491.52 4.1755e-15  68850.41 3 
 68799.76 4.2601e-15  69160.27 3 
 69107.99 4.6416e-15  69470.12 3 
 69416.24 4.5005e-15  69779.98 3 
 69724.47 6.2863e-15  70089.83 3 
 70032.71 6.3499e-15  70399.68 3 
 70340.95 4.7590e-15  70709.54 3 
 70649.19 5.3256e-15  71019.39 3 
 70957.43 5.3038e-15  71329.24 3 
 71265.67 5.5395e-15  71639.10 3 
 71573.90 5.6607e-15  71948.95 3 
 71882.15 6.0586e-15  72258.81 3 
 72190.38 6.0609e-15  72568.66 3 
 72498.62 6.5834e-15  72878.51 3 
 72806.87 6.7097e-15  73188.38 3 
 73115.10 7.2903e-15  73498.22 3 
 73423.33 7.5350e-15  73808.07 3 
 73731.58 7.4270e-15  74117.93 3 
 74039.81 8.1918e-15  74427.78 3 
 74348.05 9.1632e-15  74737.63 3 
 74656.29 1.0184e-14  75047.48 3 
 74944.35 9.6125e-15  75337.06 3 
 74964.53 1.1393e-14  75357.34 3 
 75272.77 1.1538e-14  75667.20 3 
 75562.05 1.1926e-14  75957.99 3 
 75581.00 1.2793e-14  75977.05 3 
 76179.76 1.2616e-14  76578.94 3 
 76797.46 1.2371e-14  77199.88 3 
 77415.16 1.1783e-14  77820.82 3 
 78032.87 1.1859e-14  78441.76 3 
 78650.58 1.0938e-14  79062.71 3 
 79268.28 9.7834e-15  79683.65 3 
 79885.98 8.7887e-15  80304.59 3 
 80503.70 7.6854e-15  80925.54 3 
 81121.40 6.5543e-15  81546.48 3 
 81739.10 6.0535e-15  82167.41 3 
 82356.81 5.8506e-15  82788.36 3 
 82974.51 5.6655e-15  83409.30 3 
 83592.23 5.5680e-15  84030.25 3 
 84209.93 5.4689e-15  84651.19 3 
 84827.64 5.8407e-15  85272.13 3 
 85445.34 6.8275e-15  85893.07 3 
 86063.05 6.4686e-15  86514.02 3 
 86680.75 5.8501e-15  87134.95 3 
 87298.45 4.7956e-15  87755.90 3 
 87916.16 3.7748e-15  88376.84 3 
 88533.86 3.1134e-15  88997.78 3 
 89151.56 2.4211e-15  89618.72 3 
 89769.27 2.3496e-15  90239.66 3 
 90386.97 2.0877e-15  90860.60 3 
 91004.69 1.9267e-15  91481.55 3 
 91622.39 1.7333e-15  92102.49 3 
 92240.10 1.7308e-15  92723.44 3 
 92857.81 1.7562e-15  93344.38 3 
 93475.51 1.6817e-15  93965.32 3 
 94093.21 1.6774e-15  94586.26 3 
 94710.91 1.7068e-15  95207.20 3 
 95328.63 1.6008e-15  95828.15 3 
 95946.33 1.5051e-15  96449.09 3 
 96564.03 1.7888e-15  97070.02 3 
 97181.74 1.7179e-15  97690.98 3 
 97799.45 1.4990e-15  98311.92 3 
 98417.15 1.2805e-15  98932.86 3 
 99034.86 1.2321e-15  99553.80 3 
 99652.52 1.2336e-15 100174.70 3 
100270.28 1.1622e-15 100795.70 3 
100887.94 1.2159e-15 101416.59 3 
101505.71 1.2680e-15 102037.60 3 
102123.37 1.1690e-15 102658.50 3 
102741.13 1.1632e-15 103279.49 3 
103358.81 1.1723e-15 103900.41 3 
103976.47 1.2919e-15 104521.30 3 
104594.22 1.4561e-15 105142.30 3 
105211.89 1.6945e-15 105763.20 3 
105829.66 1.7546e-15 106384.20 3 
106447.32 1.7811e-15 107005.10 3 
107064.98 1.8434e-15 107626.00 3 
107682.74 1.8987e-15 108247.00 3 
108300.41 1.8959e-15 108867.91 3 
108918.17 2.0362e-15 109488.90 3 
109535.83 2.3561e-15 110109.80 3 
110153.59 2.8543e-15 110730.80 3 
110771.26 3.2695e-15 111351.70 3 
111388.92 4.9577e-15 111972.60 3 
112006.69 7.8563e-15 112593.60 3 
112624.35 8.4569e-15 113214.50 3 
113242.11 7.0685e-15 113835.50 3 
113859.77 5.5770e-15 114456.40 3 
114477.54 4.5617e-15 115077.40 3 
115095.20 3.7064e-15 115698.30 3 
115712.86 3.2164e-15 116319.20 3 
116330.63 2.8705e-15 116940.20 3 
116948.29 2.7004e-15 117561.10 3 
117566.05 2.7107e-15 118182.09 3 
118183.71 2.8172e-15 118802.99 3 
118801.48 3.0077e-15 119424.00 3 
119419.14 3.1728e-15 120044.90 3 
120036.80 3.1453e-15 120665.80 3 
120654.57 3.0287e-15 121286.80 3 
121272.24 2.8218e-15 121907.70 3 
121889.99 2.7742e-15 122528.70 3 
122507.65 2.9843e-15 123149.59 3 
123125.33 3.2672e-15 123770.51 3 
123743.09 3.2351e-15 124391.50 3 
124360.75 3.2257e-15 125012.40 3 
124978.51 3.5064e-15 125633.40 3 
125596.18 3.7044e-15 126254.30 3 
126213.94 3.8616e-15 126875.30 3 
126831.61 4.0809e-15 127496.20 3 
127449.27 4.5590e-15 128117.10 3 
128067.03 5.7963e-15 128738.10 3 
128684.69 4.2767e-15 129359.00 3 
129302.46 2.6086e-15 129980.00 3 
129920.12 2.2507e-15 130600.90 3 
130537.78 2.1198e-15 131221.80 3 
131155.54 2.1098e-15 131842.80 3 
131773.21 2.0427e-15 132463.70 3 
132390.97 1.9890e-15 133084.70 3 
133008.63 1.9563e-15 133705.59 3 
133626.39 1.8958e-15 134326.59 3 
134244.06 1.8799e-15 134947.50 3 
134861.73 1.8625e-15 135568.41 3 
135479.49 1.8756e-15 136189.41 3 
136097.15 1.8640e-15 136810.30 3 
136714.91 1.6935e-15 137431.30 3 
137332.58 1.6220e-15 138052.20 3 
137950.34 1.6022e-15 138673.20 3 
138568.00 1.5237e-15 139294.09 3 
139185.67 1.5826e-15 139915.00 3 
139803.43 1.6713e-15 140536.00 3 
140421.10 1.6862e-15 141156.91 3 
141038.85 1.6156e-15 141777.89 3 
141656.52 1.6716e-15 142398.80 3 
142274.28 1.7567e-15 143019.80 3 
142891.95 1.5777e-15 143640.70 3 
143509.60 1.5275e-15 144261.59 3 
144127.38 1.4668e-15 144882.61 3 
144658.89 1.3741e-15 145416.91 3 
145571.00 1.3442e-15 146333.80 3 
146483.22 1.2762e-15 147250.80 3 
147395.35 1.2503e-15 148167.70 3 
148307.46 1.2397e-15 149084.59 3 
149219.59 1.1555e-15 150001.50 3 
150131.81 1.1385e-15 150918.50 3 
151043.94 1.1399e-15 151835.41 3 
151956.05 1.1535e-15 152752.30 3 
152868.27 1.1477e-15 153669.30 3 
153780.39 1.1884e-15 154586.20 3 
154692.51 1.2760e-15 155503.09 3 
155604.63 1.4216e-15 156420.00 3 
156516.85 1.2906e-15 157337.00 3 
157428.98 1.2046e-15 158253.91 3 
158341.09 1.2364e-15 159170.80 3 
159253.31 1.2671e-15 160087.80 3 
160165.44 1.2886e-15 161004.70 3 
161077.55 1.3004e-15 161921.59 3 
161989.77 1.3744e-15 162838.59 3 
162901.89 1.5770e-15 163755.50 3 
163814.01 1.9126e-15 164672.39 3 
164726.13 2.0901e-15 165589.30 3 
165638.37 1.9165e-15 166506.31 3 
166550.46 1.8605e-15 167423.19 3 
167462.59 1.8559e-15 168340.09 3 
168374.72 1.8685e-15 169257.00 3 
169286.94 2.0575e-15 170174.00 3 
170199.06 2.5078e-15 171090.91 3 
171111.19 2.3394e-15 172007.81 3 
172023.41 1.9595e-15 172924.81 3 
172935.52 1.9339e-15 173841.70 3 
173847.65 1.8869e-15 174758.61 3 
174759.87 1.6822e-15 175675.61 3 
175671.98 1.4873e-15 176592.50 3 
176584.11 1.4027e-15 177509.41 3 
177496.22 1.3522e-15 178426.30 3 
178408.44 1.3333e-15 179343.30 3 
179320.56 1.2460e-15 180260.20 3 
180232.67 1.1696e-15 181177.09 3 
181144.89 1.1497e-15 182094.09 3 
182057.02 1.1237e-15 183011.00 3 
182969.13 1.1368e-15 183927.89 3 
183881.35 1.1267e-15 184844.89 3 
184793.48 1.1140e-15 185761.80 3 
185705.61 1.1816e-15 186678.70 3 
186617.72 1.5165e-15 187595.59 3 
187529.94 1.5890e-15 188512.59 3 
188442.06 1.2317e-15 189429.50 3 
189354.17 1.1668e-15 190346.39 3 
190266.41 1.1512e-15 191263.41 3 
191178.54 1.0989e-15 192180.31 3 
192090.63 1.0755e-15 193097.19 3 
193002.76 1.0532e-15 194014.09 3 
193914.99 1.0316e-15 194931.11 3 
194827.11 1.0268e-15 195848.00 3 
195739.23 1.0257e-15 196764.91 3 
196651.45 1.0149e-15 197681.91 3 
197563.56 9.7782e-16 198598.80 3 
198475.69 9.8764e-16 199515.70 3 
199387.82 9.9013e-16 200432.61 3 
200300.04 1.0039e-15 201349.61 3 
201212.15 9.7685e-16 202266.50 3 
202124.28 9.2657e-16 203183.41 3 
203036.50 9.6986e-16 204100.41 3 
204130.85 9.2834e-16 205200.50 3 
205886.96 9.7059e-16 206965.81 3 
207644.15 9.4868e-16 208732.20 3 
209402.23 9.3096e-16 210499.50 3 
211161.40 9.5965e-16 212267.89 3 
212921.59 9.6797e-16 214037.30 3 
214682.86 9.2292e-16 215807.80 3 
216445.02 9.4489e-16 217579.19 3 
218208.28 9.7832e-16 219351.69 3 
219972.55 9.5930e-16 221125.20 3 
221737.89 9.1011e-16 222899.80 3 
223504.24 9.6983e-16 224675.41 3 
225271.58 9.8495e-16 226452.00 3 
227040.00 9.6103e-16 228229.69 3 
228809.43 9.4871e-16 230008.39 3 
230579.86 9.6639e-16 231788.09 3 
232351.37 9.8256e-16 233568.89 3 
234123.89 9.9305e-16 235350.70 3 
235897.49 9.7904e-16 237133.59 3 
237672.19 9.8062e-16 238917.59 3 
239447.89 9.9013e-16 240702.59 3 
241224.58 9.8166e-16 242488.59 3 
243002.37 9.5423e-16 244275.70 3 
244781.14 9.4443e-16 246063.80 3 
246561.13 9.4898e-16 247853.11 3 
248342.00 9.5707e-16 249643.31 3 
250123.94 9.7247e-16 251434.59 3 
251907.01 9.6545e-16 253227.00 3 
253691.16 9.4901e-16 255020.50 3 
255476.30 9.7915e-16 256815.00 3 
257262.54 1.0078e-15 258610.59 3 
259049.88 1.0483e-15 260407.30 3 
260838.30 1.0192e-15 262205.09 3 
262627.74 9.5602e-16 264003.91 3 
264418.23 9.5836e-16 265803.78 3 
266209.87 9.5581e-16 267604.81 3 
268002.45 9.5803e-16 269406.78 3 
269796.27 9.5603e-16 271210.00 3 
271591.05 9.5926e-16 273014.19 3 
273386.95 9.4476e-16 274819.50 3 
275183.94 9.5308e-16 276625.91 3 
276982.02 9.5139e-16 278433.41 3 
278781.19 9.6238e-16 280242.00 3 
280581.44 1.0054e-15 282051.69 3 
282382.81 1.0593e-15 283862.50 3 
284185.28 9.8630e-16 285674.41 3 
285988.82 9.5438e-16 287487.41 3 
287793.46 9.5382e-16 289301.50 3 
289599.19 9.5463e-16 291116.69 3 
291406.03 9.5893e-16 292933.00 3 
293213.97 9.7640e-16 294750.41 3 
295022.99 9.6670e-16 296568.91 3 
296833.19 9.5513e-16 298388.59 3 
298644.51 9.6397e-16 300209.41 3 
300456.79 9.6521e-16 302031.19 3 
302270.29 9.8220e-16 303854.19 3 
304084.88 9.8177e-16 305678.28 3 
305900.67 1.0013e-15 307503.59 3 
307717.47 9.9149e-16 309329.91 3 
309535.44 9.8877e-16 311157.41 3 
311354.60 9.7951e-16 312986.09 3 
313174.78 9.8209e-16 314815.81 3 
314996.14 1.0188e-15 316646.72 3 
316818.65 1.0247e-15 318478.78 3 
318642.19 1.0324e-15 320311.88 3 
320466.94 1.0520e-15 322146.19 3 
322292.90 1.0863e-15 323981.72 3 
324119.89 1.0697e-15 325818.28 3 
325948.00 1.0817e-15 327655.97 3 
327777.35 1.0954e-15 329494.91 3 
329607.85 1.1262e-15 331335.00 3 
331439.44 1.1426e-15 333176.19 3 
333272.15 1.2992e-15 335018.50 3 
335106.04 1.5625e-15 336862.00 3 
336941.15 1.2859e-15 338706.72 3 
338777.40 1.1548e-15 340552.59 3 
340614.77 1.1233e-15 342399.59 3 
342453.26 1.1128e-15 344247.72 3 
344293.00 1.1650e-15 346097.09 3 
346133.88 1.3599e-15 347947.62 3 
347975.92 2.0986e-15 349799.31 3 
