# An Atlas of Galaxy Spectral Energy Distributions from the Ultraviolet to the Mid-Infrared
# Brown et al. (2014)
# http://dx.doi.org/10.5072/03/529D3551F0117
# 
# Column 1 : Restframe Wavelength (Angstrom)
# Column 2 : Flux per unit wavelength (ergs/s/cm^2/Angstrom)
# Column 3 : Observed wavelength (Angstrom)
# Column 4 : Source (0 = model, 1 = Optical Spectrum, 2 = Akari, 3 = Spitzer IRS)
# 
   100.01 3.1662e-27    101.86 0 
   102.10 4.8902e-27    103.99 0 
   104.00 6.8728e-27    105.93 0 
   105.93 9.9525e-27    107.89 0 
   107.90 1.4445e-26    109.90 0 
   109.91 2.5382e-26    111.94 0 
   114.03 4.8095e-26    116.14 0 
   118.04 8.4467e-26    120.23 0 
   121.07 3.0930e-25    123.31 0 
   125.04 5.1996e-25    127.35 0 
   127.07 6.6033e-25    129.42 0 
   127.95 7.4932e-25    130.32 0 
   130.93 1.0456e-24    133.35 0 
   132.14 1.2742e-24    134.59 0 
   133.98 1.5742e-24    136.46 0 
   137.10 2.3374e-24    139.64 0 
   139.97 3.1436e-24    142.56 0 
   142.90 7.2799e-24    145.55 0 
   146.90 1.7207e-23    149.62 0 
   151.02 2.4171e-23    153.82 0 
   154.89 3.3954e-23    157.76 0 
   158.87 4.7258e-23    161.81 0 
   161.82 5.9865e-23    164.82 0 
   165.97 8.1609e-23    169.04 0 
   169.84 1.0848e-22    172.98 0 
   173.00 1.3397e-22    176.20 0 
   177.03 1.7482e-22    180.30 0 
   179.90 2.1198e-22    183.23 0 
   181.98 2.4048e-22    185.35 0 
   185.80 3.0738e-22    189.23 0 
   191.00 4.1128e-22    194.54 0 
   194.10 4.8957e-22    197.70 0 
   198.17 6.0869e-22    201.84 0 
   201.85 7.5164e-22    205.59 0 
   205.13 8.7835e-22    208.93 0 
   209.91 1.0844e-21    213.80 0 
   215.79 1.4913e-21    219.79 0 
   219.80 1.7953e-21    223.87 0 
   222.86 2.0315e-21    226.99 0 
   227.00 2.4288e-21    231.21 0 
   230.16 4.0837e-21    234.42 0 
   233.90 7.2221e-21    238.23 0 
   239.90 1.0790e-20    244.34 0 
   246.06 1.2229e-20    250.61 0 
   251.79 1.5198e-20    256.45 0 
   257.06 1.4429e-20    261.82 0 
   260.04 1.8236e-20    264.85 0 
   264.26 2.1109e-20    269.15 0 
   269.18 2.3821e-20    274.16 0 
   274.18 2.6695e-20    279.25 0 
   279.28 2.9641e-20    284.45 0 
   283.81 3.3145e-20    289.07 0 
   289.76 3.5957e-20    295.12 0 
   295.83 4.1129e-20    301.30 0 
   301.32 4.3708e-20    306.90 0 
   308.34 5.0678e-20    314.05 0 
   317.71 6.1777e-20    323.59 0 
   328.12 7.2564e-20    334.19 0 
   338.09 8.3687e-20    344.35 0 
   348.37 9.5403e-20    354.81 0 
   357.30 1.0805e-19    363.92 0 
   365.62 1.2266e-19    372.39 0 
   375.00 1.3574e-19    381.94 0 
   384.62 1.4611e-19    391.74 0 
   395.40 1.6808e-19    402.72 0 
   404.61 1.8730e-19    412.10 0 
   414.03 2.0301e-19    421.70 0 
   421.73 2.1562e-19    429.54 0 
   429.57 2.2900e-19    437.52 0 
   440.59 2.5272e-19    448.75 0 
   450.85 2.7135e-19    459.20 0 
   460.29 2.8675e-19    468.81 0 
   469.93 3.0723e-19    478.63 0 
   479.77 3.3143e-19    488.65 0 
   489.82 3.4697e-19    498.88 0 
   500.08 3.7685e-19    509.33 0 
   505.87 4.3007e-19    515.23 0 
   511.72 7.6541e-19    521.19 0 
   520.04 8.1280e-19    529.66 0 
   529.71 8.7281e-19    539.51 0 
   539.55 8.8072e-19    549.54 0 
   549.59 1.1501e-18    559.76 0 
   559.80 1.3919e-18    570.16 0 
   570.21 1.5975e-18    580.76 0 
   579.48 1.6085e-18    590.20 0 
   590.25 1.9644e-18    601.17 0 
   599.84 2.0709e-18    610.94 0 
   609.59 2.4495e-18    620.87 0 
   619.49 2.9307e-18    630.96 0 
   629.56 3.2422e-18    641.21 0 
   639.79 3.4253e-18    651.63 0 
   650.18 3.9494e-18    662.22 0 
   657.71 4.2627e-18    669.88 0 
   665.33 4.6433e-18    677.64 0 
   674.58 4.9180e-18    687.07 0 
   685.54 4.9952e-18    698.23 0 
   695.08 6.4339e-18    707.95 0 
   704.75 6.2860e-18    717.79 0 
   716.20 7.8357e-18    729.46 0 
   726.16 8.3742e-18    739.61 0 
   734.57 8.9123e-18    748.17 0 
   744.79 1.0205e-17    758.58 0 
   755.15 1.1108e-17    769.13 0 
   765.66 1.2007e-17    779.83 0 
   774.52 1.3379e-17    788.86 0 
   785.30 1.4763e-17    799.83 0 
   794.39 1.5745e-17    809.10 0 
   805.44 1.6783e-17    820.35 0 
   814.77 1.7774e-17    829.85 0 
   824.20 1.9847e-17    839.46 0 
   835.67 1.7273e-17    851.14 0 
   845.35 2.1839e-17    860.99 0 
   855.14 2.3073e-17    870.96 0 
   865.04 2.5232e-17    881.05 0 
   875.05 2.7528e-17    891.25 0 
   885.19 3.0310e-17    901.57 0 
   895.44 3.2463e-17    912.01 0 
   905.81 3.3433e-17    922.57 0 
   914.19 5.2262e-17    931.11 0 
   924.77 3.5722e-16    941.89 0 
   935.48 7.9924e-16    952.80 0 
   944.14 1.5763e-15    961.61 0 
   955.07 2.2406e-15    972.75 0 
   963.91 2.6872e-15    981.75 0 
   975.07 5.0697e-16    993.12 0 
   984.09 2.6297e-15   1002.31 0 
   995.49 2.7074e-15   1013.91 0 
  1004.70 3.7191e-15   1023.29 0 
  1013.99 3.5102e-15   1032.76 0 
  1025.74 1.4619e-15   1044.72 0 
  1035.23 2.6411e-15   1054.39 0 
  1044.80 4.8935e-15   1064.14 0 
  1054.47 4.9142e-15   1073.99 0 
  1064.23 4.0952e-15   1083.93 0 
  1074.08 4.8426e-15   1093.96 0 
  1084.01 4.0260e-15   1104.08 0 
  1094.04 5.1482e-15   1114.29 0 
  1104.17 5.0283e-15   1124.61 0 
  1114.38 4.9679e-15   1135.01 0 
  1124.70 4.5805e-15   1145.51 0 
  1135.10 5.6187e-15   1156.11 0 
  1145.61 5.1921e-15   1166.81 0 
  1156.21 5.5340e-15   1177.61 0 
  1164.22 5.7816e-15   1185.77 0 
  1174.99 4.2630e-15   1196.74 0 
  1185.86 5.6673e-15   1207.81 0 
  1194.08 4.1054e-15   1216.19 0 
  1205.13 3.0902e-15   1227.44 0 
  1216.28 1.7972e-15   1238.80 0 
  1224.72 3.8953e-15   1247.38 0 
  1236.05 5.8495e-15   1258.93 0 
  1244.62 6.5320e-15   1267.65 0 
  1256.13 6.3915e-15   1279.38 0 
  1264.84 5.6170e-15   1288.25 0 
  1273.61 7.1187e-15   1297.18 0 
  1285.39 7.4630e-15   1309.18 0 
  1294.30 6.2486e-15   1318.26 0 
  1306.28 6.1982e-15   1330.45 0 
  1315.33 7.5182e-15   1339.68 0 
  1324.45 7.3106e-15   1348.96 0 
  1333.63 6.6647e-15   1358.31 0 
  1345.97 7.7126e-15   1370.88 0 
  1355.30 7.5685e-15   1380.38 0 
  1364.69 6.9471e-15   1389.95 0 
  1374.15 7.2708e-15   1399.59 0 
  1383.68 7.4192e-15   1409.29 0 
  1396.48 6.6176e-15   1422.33 0 
  1406.16 6.9095e-15   1432.19 0 
  1415.91 7.0825e-15   1442.12 0 
  1425.72 7.2428e-15   1452.11 0 
  1435.61 7.2547e-15   1462.18 0 
  1442.23 7.6341e-15   1468.93 0 
  1445.56 7.7504e-15   1472.31 0 
  1455.58 7.6034e-15   1482.52 0 
  1465.67 7.1398e-15   1492.79 0 
  1475.83 7.1343e-15   1503.14 0 
  1486.06 7.2611e-15   1513.56 0 
  1496.36 7.3900e-15   1524.05 0 
  1506.73 7.1002e-15   1534.62 0 
  1513.68 6.4618e-15   1541.70 0 
  1517.17 6.8689e-15   1545.25 0 
  1524.18 6.7137e-15   1552.39 0 
  1534.74 6.0056e-15   1563.15 0 
  1545.38 6.5484e-15   1573.98 0 
  1556.09 6.2187e-15   1584.89 0 
  1563.27 6.3349e-15   1592.21 0 
  1574.11 6.7497e-15   1603.25 0 
  1585.02 7.0278e-15   1614.36 0 
  1596.01 7.2167e-15   1625.55 0 
  1603.38 7.0525e-15   1633.05 0 
  1614.49 7.0931e-15   1644.37 0 
  1625.68 6.7658e-15   1655.77 0 
  1633.18 7.1663e-15   1663.41 0 
  1644.50 7.2737e-15   1674.94 0 
  1655.90 6.7795e-15   1686.55 0 
  1663.55 7.3986e-15   1694.34 0 
  1671.23 6.7004e-15   1702.16 0 
  1675.08 7.4399e-15   1706.08 0 
  1686.69 7.7085e-15   1717.91 0 
  1694.47 7.3097e-15   1725.84 0 
  1706.22 7.0677e-15   1737.80 0 
  1714.10 6.8106e-15   1745.82 0 
  1725.98 6.7848e-15   1757.92 0 
  1733.94 7.1850e-15   1766.04 0 
  1745.96 7.0267e-15   1778.28 0 
  1754.02 7.4581e-15   1786.49 0 
  1766.18 6.8853e-15   1798.87 0 
  1774.33 7.1085e-15   1807.17 0 
  1786.63 7.2119e-15   1819.70 0 
  1794.88 7.6188e-15   1828.10 0 
  1803.16 7.5808e-15   1836.54 0 
  1815.66 7.1276e-15   1849.27 0 
  1824.04 7.2403e-15   1857.80 0 
  1836.69 6.9977e-15   1870.68 0 
  1845.16 6.4975e-15   1879.32 0 
  1853.68 6.5543e-15   1887.99 0 
  1866.53 6.7249e-15   1901.08 0 
  1875.15 7.1688e-15   1909.85 0 
  1883.80 6.7019e-15   1918.67 0 
  1896.86 6.4612e-15   1931.97 0 
  1905.62 6.7928e-15   1940.89 0 
  1914.41 6.6035e-15   1949.84 0 
  1923.25 6.4936e-15   1958.84 0 
  1936.58 6.6152e-15   1972.42 0 
  1945.52 6.9380e-15   1981.53 0 
  1954.50 6.5603e-15   1990.67 0 
  1968.05 7.0621e-15   2004.47 0 
  1977.13 7.2209e-15   2013.72 0 
  1986.26 6.8746e-15   2023.02 0 
  1995.42 6.7126e-15   2032.36 0 
  2004.63 6.8474e-15   2041.74 0 
  2013.89 6.6857e-15   2051.16 0 
  2023.18 6.9146e-15   2060.63 0 
  2037.21 6.6324e-15   2074.91 0 
  2046.61 6.8432e-15   2084.49 0 
  2056.06 6.5742e-15   2094.11 0 
  2065.55 6.6285e-15   2103.78 0 
  2075.08 7.0142e-15   2113.49 0 
  2079.86 6.7492e-15   2118.36 0 
  2084.66 6.9427e-15   2123.24 0 
  2094.28 6.6080e-15   2133.04 0 
  2103.95 6.6619e-15   2142.89 0 
  2113.66 6.7007e-15   2152.78 0 
  2123.42 6.8019e-15   2162.72 0 
  2133.22 6.3698e-15   2172.70 0 
  2143.06 6.5105e-15   2182.73 0 
  2152.96 6.7003e-15   2192.81 0 
  2162.89 6.5097e-15   2202.93 0 
  2172.88 6.4419e-15   2213.09 0 
  2182.91 6.3747e-15   2223.31 0 
  2192.98 6.6358e-15   2233.57 0 
  2203.11 6.4612e-15   2243.88 0 
  2213.27 6.1905e-15   2254.24 0 
  2223.49 6.0135e-15   2264.64 0 
  2233.75 6.3902e-15   2275.10 0 
  2244.06 6.1219e-15   2285.60 0 
  2254.42 5.9190e-15   2296.15 0 
  2264.83 6.0087e-15   2306.75 0 
  2275.28 6.1506e-15   2317.39 0 
  2285.78 6.3215e-15   2328.09 0 
  2296.33 6.0357e-15   2338.84 0 
  2306.93 6.0902e-15   2349.63 0 
  2317.58 5.9094e-15   2360.48 0 
  2322.93 4.8865e-15   2365.92 0 
  2333.65 5.6223e-15   2376.84 0 
  2344.42 5.4430e-15   2387.81 0 
  2355.24 5.8717e-15   2398.83 0 
  2366.11 5.4788e-15   2409.91 0 
  2377.03 5.6705e-15   2421.03 0 
  2382.51 5.3099e-15   2426.61 0 
  2393.51 5.6366e-15   2437.81 0 
  2404.56 5.4696e-15   2449.06 0 
  2415.66 5.5834e-15   2460.37 0 
  2426.81 5.8999e-15   2471.72 0 
  2432.40 5.7059e-15   2477.42 0 
  2443.63 6.0155e-15   2488.86 0 
  2454.91 5.9461e-15   2500.35 0 
  2466.24 5.9318e-15   2511.89 0 
  2477.62 5.7697e-15   2523.48 0 
  2483.33 5.9379e-15   2529.30 0 
  2494.80 5.6702e-15   2540.97 0 
  2506.31 6.2169e-15   2552.70 0 
  2512.09 5.6893e-15   2558.59 0 
  2517.88 5.8016e-15   2564.48 0 
  2523.69 5.5852e-15   2570.40 0 
  2535.33 5.6496e-15   2582.26 0 
  2547.04 5.6234e-15   2594.18 0 
  2552.91 5.9771e-15   2600.16 0 
  2564.69 5.8814e-15   2612.16 0 
  2576.53 6.1870e-15   2624.22 0 
  2582.47 6.1656e-15   2630.27 0 
  2594.39 6.1231e-15   2642.41 0 
  2606.36 5.9563e-15   2654.61 0 
  2612.37 5.8949e-15   2660.72 0 
  2624.43 6.1587e-15   2673.01 0 
  2636.54 6.3168e-15   2685.34 0 
  2642.62 6.8078e-15   2691.54 0 
  2654.82 6.9346e-15   2703.96 0 
  2667.07 6.4572e-15   2716.44 0 
  2673.22 6.7074e-15   2722.70 0 
  2685.56 6.7544e-15   2735.27 0 
  2697.96 6.4806e-15   2747.89 0 
  2704.18 6.6548e-15   2754.23 0 
  2716.66 6.3851e-15   2766.94 0 
  2722.92 6.3781e-15   2773.32 0 
  2735.49 6.6793e-15   2786.12 0 
  2748.12 5.9673e-15   2798.98 0 
  2754.45 6.0996e-15   2805.43 0 
  2767.17 6.3293e-15   2818.38 0 
  2773.54 6.6051e-15   2824.88 0 
  2786.35 6.3232e-15   2837.92 0 
  2792.77 5.2296e-15   2844.46 0 
  2805.66 5.5915e-15   2857.59 0 
  2812.13 6.6537e-15   2864.18 0 
  2825.11 6.9045e-15   2877.40 0 
  2838.15 6.7175e-15   2890.68 0 
  2844.69 6.5727e-15   2897.34 0 
  2857.82 6.3948e-15   2910.72 0 
  2864.41 6.8923e-15   2917.43 0 
  2877.63 6.9255e-15   2930.89 0 
  2884.26 6.9502e-15   2937.65 0 
  2897.58 6.9356e-15   2951.21 0 
  2910.95 7.4504e-15   2964.83 0 
  2931.13 7.2582e-15   2985.38 0 
  2951.45 7.1860e-15   3006.08 0 
  2971.91 7.3309e-15   3026.91 0 
  2992.51 7.3762e-15   3047.89 0 
  3013.25 7.4907e-15   3069.02 0 
  3027.16 7.5275e-15   3083.19 0 
  3048.14 7.5745e-15   3104.56 0 
  3069.27 7.6395e-15   3126.08 0 
  3090.54 7.7229e-15   3147.75 0 
  3111.97 7.7716e-15   3169.57 0 
  3133.54 7.7135e-15   3191.54 0 
  3148.00 7.7699e-15   3206.27 0 
  3169.82 7.8554e-15   3228.49 0 
  3191.80 7.5671e-15   3250.87 0 
  3206.53 7.8183e-15   3265.88 0 
  3228.76 7.6014e-15   3288.52 0 
  3251.14 8.0109e-15   3311.31 0 
  3273.67 8.2886e-15   3334.26 0 
  3288.78 8.2734e-15   3349.66 0 
  3311.58 8.2889e-15   3372.87 0 
  3319.21 8.2244e-15   3380.65 0 
  3326.86 8.3890e-15   3388.44 0 
  3334.53 8.6163e-15   3396.25 0 
  3342.22 8.2022e-15   3404.08 0 
  3349.93 8.5811e-15   3411.93 0 
  3357.65 8.4364e-15   3419.79 0 
  3365.39 7.8482e-15   3427.68 0 
  3373.15 7.7693e-15   3435.58 0 
  3380.92 8.2224e-15   3443.50 0 
  3388.72 8.5431e-15   3451.44 0 
  3396.53 8.2458e-15   3459.39 0 
  3404.36 8.5281e-15   3467.37 0 
  3412.20 8.2503e-15   3475.36 0 
  3420.07 8.5328e-15   3483.37 0 
  3427.96 8.5647e-15   3491.40 0 
  3435.86 8.6764e-15   3499.45 0 
  3443.78 8.1276e-15   3507.52 0 
  3451.72 8.7617e-15   3515.60 0 
  3459.67 8.3987e-15   3523.71 0 
  3467.65 8.3915e-15   3531.83 0 
  3475.64 8.5010e-15   3539.97 0 
  3483.65 8.4938e-15   3548.13 0 
  3491.69 8.5848e-15   3556.31 0 
  3499.74 8.1130e-15   3564.51 0 
  3507.80 8.5780e-15   3572.73 0 
  3515.89 8.2336e-15   3580.96 0 
  3523.99 8.5861e-15   3589.22 0 
  3532.12 8.7499e-15   3597.49 0 
  3540.26 8.8963e-15   3605.79 0 
  3548.42 9.1500e-15   3614.10 0 
  3556.60 8.8639e-15   3622.43 0 
  3564.80 8.9503e-15   3630.78 0 
  3568.81 8.1770e-15   3634.86 1 
  3571.51 9.5514e-15   3637.61 1 
  3574.21 7.8395e-15   3640.36 1 
  3576.91 6.3187e-15   3643.11 1 
  3579.61 1.1019e-14   3645.86 1 
  3582.31 7.5159e-15   3648.61 1 
  3585.01 6.1077e-15   3651.36 1 
  3587.71 6.9573e-15   3654.11 1 
  3590.41 8.3224e-15   3656.86 1 
  3593.11 8.4650e-15   3659.61 1 
  3595.81 6.2280e-15   3662.36 1 
  3598.51 5.7758e-15   3665.11 1 
  3601.21 8.4484e-15   3667.86 1 
  3603.91 8.8163e-15   3670.61 1 
  3606.61 6.9823e-15   3673.36 1 
  3609.31 8.0329e-15   3676.11 1 
  3612.01 8.6823e-15   3678.86 1 
  3614.71 7.6282e-15   3681.61 1 
  3617.41 9.9162e-15   3684.36 1 
  3620.11 1.0291e-14   3687.11 1 
  3622.81 1.0427e-14   3689.86 1 
  3625.51 1.0034e-14   3692.61 1 
  3628.21 9.9008e-15   3695.36 1 
  3630.91 1.0697e-14   3698.11 1 
  3633.61 9.5741e-15   3700.86 1 
  3636.31 8.6212e-15   3703.61 1 
  3639.01 8.9455e-15   3706.36 1 
  3641.71 7.7029e-15   3709.11 1 
  3644.41 9.5608e-15   3711.86 1 
  3647.11 9.3642e-15   3714.61 1 
  3649.81 7.3395e-15   3717.36 1 
  3652.51 7.2485e-15   3720.11 1 
  3655.21 7.6616e-15   3722.86 1 
  3657.91 1.0332e-14   3725.61 1 
  3660.61 9.7031e-15   3728.36 1 
  3663.31 8.7233e-15   3731.11 1 
  3666.01 9.0548e-15   3733.86 1 
  3668.71 9.8755e-15   3736.61 1 
  3671.41 9.2059e-15   3739.36 1 
  3674.11 8.8429e-15   3742.11 1 
  3676.81 8.2756e-15   3744.86 1 
  3679.51 8.6666e-15   3747.61 1 
  3682.21 8.5955e-15   3750.36 1 
  3684.91 8.3979e-15   3753.11 1 
  3687.61 7.8721e-15   3755.86 1 
  3690.31 8.5810e-15   3758.61 1 
  3693.01 8.6813e-15   3761.36 1 
  3695.71 8.4701e-15   3764.11 1 
  3698.41 1.0693e-14   3766.86 1 
  3701.11 9.8624e-15   3769.61 1 
  3703.81 1.1144e-14   3772.36 1 
  3706.51 8.6684e-15   3775.11 1 
  3709.21 7.4185e-15   3777.86 1 
  3711.91 9.2497e-15   3780.61 1 
  3714.61 9.4070e-15   3783.36 1 
  3717.31 9.7363e-15   3786.11 1 
  3720.01 1.1617e-14   3788.86 1 
  3722.71 1.3399e-14   3791.61 1 
  3725.41 1.3332e-14   3794.36 1 
  3728.11 1.6493e-14   3797.11 1 
  3730.81 1.5006e-14   3799.86 1 
  3733.51 1.2361e-14   3802.61 1 
  3736.21 1.0680e-14   3805.36 1 
  3738.91 9.6153e-15   3808.11 1 
  3741.61 9.7968e-15   3810.86 1 
  3744.31 1.0158e-14   3813.61 1 
  3747.01 9.2779e-15   3816.36 1 
  3749.71 8.9266e-15   3819.11 1 
  3752.41 7.8984e-15   3821.86 1 
  3755.11 9.2414e-15   3824.61 1 
  3757.81 1.1783e-14   3827.36 1 
  3760.51 1.3006e-14   3830.11 1 
  3763.21 1.1697e-14   3832.86 1 
  3765.91 1.0075e-14   3835.61 1 
  3768.61 9.4428e-15   3838.36 1 
  3771.31 9.5183e-15   3841.11 1 
  3774.01 1.2550e-14   3843.86 1 
  3776.71 1.1272e-14   3846.61 1 
  3779.41 1.3486e-14   3849.36 1 
  3782.11 1.3468e-14   3852.11 1 
  3784.81 1.4270e-14   3854.86 1 
  3787.51 1.3244e-14   3857.61 1 
  3790.21 1.2607e-14   3860.36 1 
  3792.91 1.0998e-14   3863.11 1 
  3795.61 1.2157e-14   3865.86 1 
  3798.31 9.2442e-15   3868.61 1 
  3801.01 9.6304e-15   3871.36 1 
  3803.71 1.1213e-14   3874.11 1 
  3806.41 1.2721e-14   3876.86 1 
  3809.11 1.3609e-14   3879.61 1 
  3811.81 1.2709e-14   3882.36 1 
  3814.51 1.3173e-14   3885.11 1 
  3817.21 1.3476e-14   3887.86 1 
  3819.91 1.4919e-14   3890.61 1 
  3822.61 1.3950e-14   3893.36 1 
  3825.31 1.4303e-14   3896.11 1 
  3828.01 1.1529e-14   3898.86 1 
  3830.71 9.7596e-15   3901.61 1 
  3833.41 9.8091e-15   3904.36 1 
  3836.11 9.6120e-15   3907.11 1 
  3838.81 9.6520e-15   3909.86 1 
  3841.51 1.1391e-14   3912.61 1 
  3844.21 1.2985e-14   3915.36 1 
  3846.91 1.3718e-14   3918.11 1 
  3849.61 1.5116e-14   3920.86 1 
  3852.31 1.5388e-14   3923.61 1 
  3855.01 1.6124e-14   3926.36 1 
  3857.71 1.4571e-14   3929.11 1 
  3860.41 1.4623e-14   3931.86 1 
  3863.11 1.5159e-14   3934.61 1 
  3865.81 1.6603e-14   3937.36 1 
  3868.51 1.5869e-14   3940.11 1 
  3871.21 1.5098e-14   3942.86 1 
  3873.91 1.5429e-14   3945.61 1 
  3876.61 1.3875e-14   3948.36 1 
  3879.31 1.3809e-14   3951.11 1 
  3882.01 1.2317e-14   3953.86 1 
  3884.71 1.0382e-14   3956.61 1 
  3887.41 1.0387e-14   3959.36 1 
  3890.11 9.6327e-15   3962.11 1 
  3892.81 1.0138e-14   3964.86 1 
  3895.51 1.1890e-14   3967.61 1 
  3898.21 1.3126e-14   3970.36 1 
  3900.91 1.3972e-14   3973.11 1 
  3903.61 1.4787e-14   3975.86 1 
  3906.31 1.4834e-14   3978.61 1 
  3909.01 1.5356e-14   3981.36 1 
  3911.71 1.6278e-14   3984.11 1 
  3914.41 1.5971e-14   3986.86 1 
  3917.11 1.5080e-14   3989.61 1 
  3919.81 1.6559e-14   3992.36 1 
  3922.51 1.6162e-14   3995.11 1 
  3925.21 1.5711e-14   3997.86 1 
  3927.91 1.3382e-14   4000.61 1 
  3930.61 1.2090e-14   4003.36 1 
  3933.31 1.1458e-14   4006.11 1 
  3936.01 1.1363e-14   4008.86 1 
  3938.71 1.3001e-14   4011.61 1 
  3941.41 1.4412e-14   4014.36 1 
  3944.11 1.4975e-14   4017.11 1 
  3946.81 1.5662e-14   4019.86 1 
  3949.51 1.5463e-14   4022.61 1 
  3952.21 1.5896e-14   4025.36 1 
  3954.91 1.5793e-14   4028.11 1 
  3957.61 1.4543e-14   4030.86 1 
  3960.31 1.3041e-14   4033.61 1 
  3963.01 1.1657e-14   4036.36 1 
  3965.71 9.4657e-15   4039.11 1 
  3968.41 8.2747e-15   4041.86 1 
  3971.11 8.8225e-15   4044.61 1 
  3973.81 9.3540e-15   4047.36 1 
  3976.51 1.0896e-14   4050.11 1 
  3979.21 1.3882e-14   4052.86 1 
  3981.91 1.4192e-14   4055.61 1 
  3984.61 1.4749e-14   4058.36 1 
  3987.31 1.5454e-14   4061.11 1 
  3990.01 1.5722e-14   4063.86 1 
  3992.71 1.6465e-14   4066.61 1 
  3995.41 1.7045e-14   4069.36 1 
  3998.11 1.5913e-14   4072.11 1 
  4000.81 1.6638e-14   4074.86 1 
  4003.51 1.7158e-14   4077.61 1 
  4006.21 1.8065e-14   4080.36 1 
  4008.91 1.8837e-14   4083.11 1 
  4011.61 1.7281e-14   4085.86 1 
  4014.31 1.7089e-14   4088.61 1 
  4017.01 1.8320e-14   4091.36 1 
  4019.71 1.7737e-14   4094.11 1 
  4022.41 1.7402e-14   4096.86 1 
  4025.11 1.7651e-14   4099.61 1 
  4027.81 1.7564e-14   4102.36 1 
  4030.51 1.6460e-14   4105.11 1 
  4033.21 1.7299e-14   4107.86 1 
  4035.91 1.7492e-14   4110.61 1 
  4038.61 1.7908e-14   4113.36 1 
  4041.31 1.7599e-14   4116.11 1 
  4044.01 1.7683e-14   4118.86 1 
  4046.71 1.6769e-14   4121.61 1 
  4049.41 1.6914e-14   4124.36 1 
  4052.11 1.7349e-14   4127.11 1 
  4054.81 1.8080e-14   4129.86 1 
  4057.51 1.7536e-14   4132.61 1 
  4060.21 1.6116e-14   4135.36 1 
  4062.91 1.7137e-14   4138.11 1 
  4065.61 1.7070e-14   4140.86 1 
  4068.31 1.6846e-14   4143.61 1 
  4071.01 1.5998e-14   4146.36 1 
  4073.71 1.5826e-14   4149.11 1 
  4076.41 1.6847e-14   4151.86 1 
  4079.11 1.6690e-14   4154.61 1 
  4081.81 1.6853e-14   4157.36 1 
  4084.51 1.5705e-14   4160.11 1 
  4087.21 1.5225e-14   4162.86 1 
  4089.91 1.5516e-14   4165.61 1 
  4092.61 1.4161e-14   4168.36 1 
  4095.31 1.4424e-14   4171.11 1 
  4098.01 1.2121e-14   4173.86 1 
  4100.71 1.0380e-14   4176.61 1 
  4103.41 1.0778e-14   4179.36 1 
  4106.11 1.2830e-14   4182.11 1 
  4108.81 1.3701e-14   4184.86 1 
  4111.51 1.3513e-14   4187.61 1 
  4114.21 1.4810e-14   4190.36 1 
  4116.91 1.5383e-14   4193.11 1 
  4119.61 1.5712e-14   4195.86 1 
  4122.31 1.5200e-14   4198.61 1 
  4125.01 1.4902e-14   4201.36 1 
  4127.71 1.5604e-14   4204.11 1 
  4130.41 1.6667e-14   4206.86 1 
  4133.11 1.5687e-14   4209.61 1 
  4135.81 1.6341e-14   4212.36 1 
  4138.51 1.7031e-14   4215.11 1 
  4141.21 1.7018e-14   4217.86 1 
  4143.91 1.6488e-14   4220.61 1 
  4146.61 1.6844e-14   4223.36 1 
  4149.31 1.7172e-14   4226.11 1 
  4152.01 1.5573e-14   4228.86 1 
  4154.71 1.5809e-14   4231.61 1 
  4157.41 1.7502e-14   4234.36 1 
  4160.11 1.6775e-14   4237.11 1 
  4162.81 1.7742e-14   4239.86 1 
  4165.51 1.6884e-14   4242.61 1 
  4168.21 1.6464e-14   4245.36 1 
  4170.91 1.5641e-14   4248.11 1 
  4173.61 1.6143e-14   4250.86 1 
  4176.31 1.4890e-14   4253.61 1 
  4179.01 1.5198e-14   4256.36 1 
  4181.71 1.7183e-14   4259.11 1 
  4184.41 1.6704e-14   4261.86 1 
  4187.11 1.6697e-14   4264.61 1 
  4189.81 1.5484e-14   4267.36 1 
  4192.51 1.5403e-14   4270.11 1 
  4195.21 1.5301e-14   4272.86 1 
  4197.91 1.5306e-14   4275.61 1 
  4200.61 1.5302e-14   4278.36 1 
  4203.31 1.5321e-14   4281.11 1 
  4206.01 1.4846e-14   4283.86 1 
  4208.71 1.5995e-14   4286.61 1 
  4211.41 1.5508e-14   4289.36 1 
  4214.11 1.5559e-14   4292.11 1 
  4216.81 1.5873e-14   4294.86 1 
  4219.51 1.5789e-14   4297.61 1 
  4222.21 1.5628e-14   4300.36 1 
  4224.91 1.4894e-14   4303.11 1 
  4227.61 1.5153e-14   4305.86 1 
  4230.31 1.5706e-14   4308.61 1 
  4233.01 1.5485e-14   4311.36 1 
  4235.71 1.5943e-14   4314.11 1 
  4238.41 1.5709e-14   4316.86 1 
  4241.11 1.6013e-14   4319.61 1 
  4243.81 1.6646e-14   4322.36 1 
  4246.51 1.5476e-14   4325.11 1 
  4249.21 1.5775e-14   4327.86 1 
  4251.91 1.6085e-14   4330.61 1 
  4254.61 1.6040e-14   4333.36 1 
  4257.31 1.6533e-14   4336.11 1 
  4260.01 1.6190e-14   4338.86 1 
  4262.71 1.6226e-14   4341.61 1 
  4265.41 1.6277e-14   4344.36 1 
  4268.11 1.6527e-14   4347.11 1 
  4270.81 1.5870e-14   4349.86 1 
  4273.51 1.5035e-14   4352.61 1 
  4276.21 1.5620e-14   4355.36 1 
  4278.91 1.5561e-14   4358.11 1 
  4281.61 1.5524e-14   4360.86 1 
  4284.31 1.4789e-14   4363.61 1 
  4287.01 1.5155e-14   4366.36 1 
  4289.71 1.4388e-14   4369.11 1 
  4292.41 1.4145e-14   4371.86 1 
  4295.11 1.4397e-14   4374.61 1 
  4297.81 1.4432e-14   4377.36 1 
  4300.51 1.3845e-14   4380.11 1 
  4303.21 1.3213e-14   4382.86 1 
  4305.91 1.3234e-14   4385.61 1 
  4308.61 1.3669e-14   4388.36 1 
  4311.31 1.3349e-14   4391.11 1 
  4314.01 1.4173e-14   4393.86 1 
  4316.71 1.4987e-14   4396.61 1 
  4319.41 1.4729e-14   4399.36 1 
  4322.11 1.4403e-14   4402.11 1 
  4324.81 1.4621e-14   4404.86 1 
  4327.51 1.4077e-14   4407.61 1 
  4330.21 1.3896e-14   4410.36 1 
  4332.91 1.3373e-14   4413.11 1 
  4335.61 1.2371e-14   4415.86 1 
  4338.31 1.1297e-14   4418.61 1 
  4341.01 1.0815e-14   4421.36 1 
  4343.71 1.1418e-14   4424.11 1 
  4346.41 1.2091e-14   4426.86 1 
  4349.11 1.2955e-14   4429.61 1 
  4351.81 1.3488e-14   4432.36 1 
  4354.51 1.4169e-14   4435.11 1 
  4357.21 1.4841e-14   4437.86 1 
  4359.91 1.5489e-14   4440.61 1 
  4362.61 1.5829e-14   4443.36 1 
  4365.31 1.5371e-14   4446.11 1 
  4368.01 1.5527e-14   4448.86 1 
  4370.71 1.5979e-14   4451.61 1 
  4373.41 1.5785e-14   4454.36 1 
  4376.11 1.5961e-14   4457.11 1 
  4378.81 1.5847e-14   4459.86 1 
  4381.51 1.5166e-14   4462.61 1 
  4384.21 1.4909e-14   4465.36 1 
  4386.91 1.4894e-14   4468.11 1 
  4389.61 1.5130e-14   4470.86 1 
  4392.31 1.5472e-14   4473.61 1 
  4395.01 1.6164e-14   4476.36 1 
  4397.71 1.5922e-14   4479.11 1 
  4400.41 1.5612e-14   4481.86 1 
  4403.11 1.5417e-14   4484.61 1 
  4405.81 1.5214e-14   4487.36 1 
  4408.51 1.5361e-14   4490.11 1 
  4411.21 1.5664e-14   4492.86 1 
  4413.91 1.6040e-14   4495.61 1 
  4416.61 1.6303e-14   4498.36 1 
  4419.31 1.6212e-14   4501.11 1 
  4422.01 1.6193e-14   4503.86 1 
  4424.71 1.6078e-14   4506.61 1 
  4427.41 1.5956e-14   4509.36 1 
  4430.11 1.6027e-14   4512.11 1 
  4432.81 1.6257e-14   4514.86 1 
  4435.51 1.5599e-14   4517.61 1 
  4438.21 1.5660e-14   4520.36 1 
  4440.91 1.5947e-14   4523.11 1 
  4443.61 1.5439e-14   4525.86 1 
  4446.31 1.5866e-14   4528.61 1 
  4449.01 1.6538e-14   4531.36 1 
  4451.71 1.6850e-14   4534.11 1 
  4454.41 1.6734e-14   4536.86 1 
  4457.11 1.5579e-14   4539.61 1 
  4459.81 1.6075e-14   4542.36 1 
  4462.51 1.5773e-14   4545.11 1 
  4465.21 1.5790e-14   4547.86 1 
  4467.91 1.6506e-14   4550.61 1 
  4470.61 1.6251e-14   4553.36 1 
  4473.31 1.6916e-14   4556.11 1 
  4476.01 1.6874e-14   4558.86 1 
  4478.71 1.6851e-14   4561.61 1 
  4481.41 1.6079e-14   4564.36 1 
  4484.11 1.6792e-14   4567.11 1 
  4486.81 1.6934e-14   4569.86 1 
  4489.51 1.6920e-14   4572.61 1 
  4492.21 1.6786e-14   4575.36 1 
  4494.91 1.6352e-14   4578.11 1 
  4497.61 1.6555e-14   4580.86 1 
  4500.31 1.7935e-14   4583.61 1 
  4503.01 1.7641e-14   4586.36 1 
  4505.71 1.7540e-14   4589.11 1 
  4508.41 1.7646e-14   4591.86 1 
  4511.11 1.7527e-14   4594.61 1 
  4513.81 1.7221e-14   4597.36 1 
  4516.51 1.6670e-14   4600.11 1 
  4519.21 1.6775e-14   4602.86 1 
  4521.91 1.6463e-14   4605.61 1 
  4524.61 1.6578e-14   4608.36 1 
  4527.31 1.5762e-14   4611.11 1 
  4530.01 1.6890e-14   4613.86 1 
  4532.71 1.6883e-14   4616.61 1 
  4535.41 1.6715e-14   4619.36 1 
  4538.11 1.6454e-14   4622.11 1 
  4540.81 1.6893e-14   4624.86 1 
  4543.51 1.6731e-14   4627.61 1 
  4546.21 1.6396e-14   4630.36 1 
  4548.91 1.5821e-14   4633.11 1 
  4551.61 1.5912e-14   4635.86 1 
  4554.31 1.6367e-14   4638.61 1 
  4557.01 1.6801e-14   4641.36 1 
  4559.71 1.7083e-14   4644.11 1 
  4562.41 1.6833e-14   4646.86 1 
  4565.11 1.6200e-14   4649.61 1 
  4567.81 1.6795e-14   4652.36 1 
  4570.51 1.6933e-14   4655.11 1 
  4573.21 1.6557e-14   4657.86 1 
  4575.91 1.7240e-14   4660.61 1 
  4578.61 1.6785e-14   4663.36 1 
  4581.31 1.6325e-14   4666.11 1 
  4584.01 1.6272e-14   4668.86 1 
  4586.71 1.6771e-14   4671.61 1 
  4589.41 1.6525e-14   4674.36 1 
  4592.11 1.7077e-14   4677.11 1 
  4594.81 1.5939e-14   4679.86 1 
  4597.51 1.5903e-14   4682.61 1 
  4600.21 1.6999e-14   4685.36 1 
  4602.91 1.6996e-14   4688.11 1 
  4605.61 1.6463e-14   4690.86 1 
  4608.31 1.7748e-14   4693.61 1 
  4611.01 1.7217e-14   4696.36 1 
  4613.71 1.6946e-14   4699.11 1 
  4616.41 1.6870e-14   4701.86 1 
  4619.11 1.7330e-14   4704.61 1 
  4621.81 1.7539e-14   4707.36 1 
  4624.51 1.7145e-14   4710.11 1 
  4627.21 1.7090e-14   4712.86 1 
  4629.91 1.7193e-14   4715.61 1 
  4632.61 1.7159e-14   4718.36 1 
  4635.31 1.7351e-14   4721.11 1 
  4638.01 1.7185e-14   4723.86 1 
  4640.71 1.6826e-14   4726.61 1 
  4643.41 1.6379e-14   4729.36 1 
  4646.11 1.6290e-14   4732.11 1 
  4648.81 1.6196e-14   4734.86 1 
  4651.51 1.6445e-14   4737.61 1 
  4654.21 1.6756e-14   4740.36 1 
  4656.92 1.6258e-14   4743.11 1 
  4659.62 1.6981e-14   4745.86 1 
  4662.32 1.6376e-14   4748.61 1 
  4665.02 1.6073e-14   4751.36 1 
  4667.72 1.5909e-14   4754.11 1 
  4670.42 1.5928e-14   4756.86 1 
  4673.12 1.6387e-14   4759.61 1 
  4675.82 1.6474e-14   4762.36 1 
  4678.52 1.6146e-14   4765.11 1 
  4681.22 1.6832e-14   4767.86 1 
  4683.92 1.7413e-14   4770.61 1 
  4686.62 1.7059e-14   4773.36 1 
  4689.32 1.6607e-14   4776.11 1 
  4692.02 1.6740e-14   4778.86 1 
  4694.72 1.6407e-14   4781.61 1 
  4697.42 1.6031e-14   4784.36 1 
  4700.12 1.7282e-14   4787.11 1 
  4702.82 1.6172e-14   4789.86 1 
  4705.52 1.6610e-14   4792.61 1 
  4708.22 1.5905e-14   4795.36 1 
  4710.92 1.6724e-14   4798.11 1 
  4713.62 1.6693e-14   4800.86 1 
  4716.32 1.7003e-14   4803.61 1 
  4719.02 1.6603e-14   4806.36 1 
  4721.72 1.7890e-14   4809.11 1 
  4724.42 1.7269e-14   4811.86 1 
  4727.12 1.6959e-14   4814.61 1 
  4729.82 1.6029e-14   4817.36 1 
  4732.52 1.7178e-14   4820.11 1 
  4735.22 1.6635e-14   4822.86 1 
  4737.92 1.7093e-14   4825.61 1 
  4740.62 1.6841e-14   4828.36 1 
  4743.32 1.7327e-14   4831.11 1 
  4746.02 1.6960e-14   4833.86 1 
  4748.72 1.7194e-14   4836.61 1 
  4751.42 1.7023e-14   4839.36 1 
  4754.12 1.7000e-14   4842.11 1 
  4756.82 1.6888e-14   4844.86 1 
  4759.52 1.7225e-14   4847.61 1 
  4762.22 1.6474e-14   4850.36 1 
  4764.92 1.6952e-14   4853.11 1 
  4767.62 1.6099e-14   4855.86 1 
  4770.32 1.6889e-14   4858.61 1 
  4773.02 1.6670e-14   4861.36 1 
  4775.72 1.6913e-14   4864.11 1 
  4778.42 1.7246e-14   4866.86 1 
  4781.12 1.6958e-14   4869.61 1 
  4783.82 1.6459e-14   4872.36 1 
  4786.52 1.6409e-14   4875.11 1 
  4789.22 1.6479e-14   4877.86 1 
  4791.92 1.6447e-14   4880.61 1 
  4794.62 1.6932e-14   4883.36 1 
  4797.32 1.7371e-14   4886.11 1 
  4800.02 1.6624e-14   4888.86 1 
  4802.72 1.6527e-14   4891.61 1 
  4805.42 1.6303e-14   4894.36 1 
  4808.12 1.6400e-14   4897.11 1 
  4810.82 1.6969e-14   4899.86 1 
  4813.52 1.6075e-14   4902.61 1 
  4816.22 1.6294e-14   4905.36 1 
  4818.92 1.6411e-14   4908.11 1 
  4821.62 1.6080e-14   4910.86 1 
  4824.32 1.6163e-14   4913.61 1 
  4827.02 1.6487e-14   4916.36 1 
  4829.72 1.6224e-14   4919.11 1 
  4832.42 1.6711e-14   4921.86 1 
  4835.12 1.6761e-14   4924.61 1 
  4837.82 1.6747e-14   4927.36 1 
  4840.52 1.5749e-14   4930.11 1 
  4843.22 1.5477e-14   4932.86 1 
  4845.92 1.5008e-14   4935.61 1 
  4848.62 1.4877e-14   4938.36 1 
  4851.32 1.4668e-14   4941.11 1 
  4854.02 1.3831e-14   4943.86 1 
  4856.72 1.3077e-14   4946.61 1 
  4859.42 1.2910e-14   4949.36 1 
  4862.12 1.3382e-14   4952.11 1 
  4864.82 1.3283e-14   4954.86 1 
  4867.52 1.3513e-14   4957.61 1 
  4870.22 1.3398e-14   4960.36 1 
  4872.92 1.3990e-14   4963.11 1 
  4875.62 1.4714e-14   4965.86 1 
  4878.32 1.5729e-14   4968.61 1 
  4881.02 1.5901e-14   4971.36 1 
  4883.72 1.5543e-14   4974.11 1 
  4886.42 1.5809e-14   4976.86 1 
  4889.12 1.5276e-14   4979.61 1 
  4891.82 1.5291e-14   4982.36 1 
  4894.52 1.5897e-14   4985.11 1 
  4897.22 1.6540e-14   4987.86 1 
  4899.92 1.6353e-14   4990.61 1 
  4902.62 1.6738e-14   4993.36 1 
  4905.32 1.6176e-14   4996.11 1 
  4908.02 1.5752e-14   4998.86 1 
  4910.72 1.6303e-14   5001.61 1 
  4913.42 1.6082e-14   5004.36 1 
  4916.12 1.5362e-14   5007.11 1 
  4918.82 1.5986e-14   5009.86 1 
  4921.52 1.5373e-14   5012.61 1 
  4924.22 1.5552e-14   5015.36 1 
  4926.92 1.5959e-14   5018.11 1 
  4929.62 1.6818e-14   5020.86 1 
  4932.32 1.5947e-14   5023.61 1 
  4935.02 1.5699e-14   5026.36 1 
  4937.72 1.6392e-14   5029.11 1 
  4940.42 1.6159e-14   5031.86 1 
  4943.12 1.6299e-14   5034.61 1 
  4945.82 1.6500e-14   5037.36 1 
  4948.52 1.7037e-14   5040.11 1 
  4951.22 1.6813e-14   5042.86 1 
  4953.92 1.6930e-14   5045.61 1 
  4956.62 1.6447e-14   5048.36 1 
  4959.32 1.6279e-14   5051.11 1 
  4962.02 1.6194e-14   5053.86 1 
  4964.72 1.6259e-14   5056.61 1 
  4967.42 1.6446e-14   5059.36 1 
  4970.12 1.6385e-14   5062.11 1 
  4972.82 1.6290e-14   5064.86 1 
  4975.52 1.6469e-14   5067.61 1 
  4978.22 1.6397e-14   5070.36 1 
  4980.92 1.5797e-14   5073.11 1 
  4983.62 1.5591e-14   5075.86 1 
  4986.32 1.5925e-14   5078.61 1 
  4989.02 1.5889e-14   5081.36 1 
  4991.72 1.5499e-14   5084.11 1 
  4994.42 1.5954e-14   5086.86 1 
  4997.12 1.5590e-14   5089.61 1 
  4999.82 1.5404e-14   5092.36 1 
  5002.52 1.5842e-14   5095.11 1 
  5005.22 1.6914e-14   5097.86 1 
  5007.92 1.7123e-14   5100.61 1 
  5010.62 1.6180e-14   5103.36 1 
  5013.32 1.5545e-14   5106.11 1 
  5016.02 1.5369e-14   5108.86 1 
  5018.72 1.5080e-14   5111.61 1 
  5021.42 1.5479e-14   5114.36 1 
  5024.12 1.5495e-14   5117.11 1 
  5026.82 1.5760e-14   5119.86 1 
  5029.52 1.6163e-14   5122.61 1 
  5032.22 1.5624e-14   5125.36 1 
  5034.92 1.5602e-14   5128.11 1 
  5037.62 1.5288e-14   5130.86 1 
  5040.32 1.5269e-14   5133.61 1 
  5043.02 1.5072e-14   5136.36 1 
  5045.72 1.6082e-14   5139.11 1 
  5048.42 1.5836e-14   5141.86 1 
  5051.12 1.5167e-14   5144.61 1 
  5053.82 1.5561e-14   5147.36 1 
  5056.52 1.5913e-14   5150.11 1 
  5059.22 1.6309e-14   5152.86 1 
  5061.92 1.6509e-14   5155.61 1 
  5064.62 1.6273e-14   5158.36 1 
  5067.32 1.5991e-14   5161.11 1 
  5070.02 1.5581e-14   5163.86 1 
  5072.72 1.5968e-14   5166.61 1 
  5075.42 1.5786e-14   5169.36 1 
  5078.12 1.5138e-14   5172.11 1 
  5080.82 1.5175e-14   5174.86 1 
  5083.52 1.5222e-14   5177.61 1 
  5086.22 1.5502e-14   5180.36 1 
  5088.92 1.6049e-14   5183.11 1 
  5091.62 1.5982e-14   5185.86 1 
  5094.32 1.5961e-14   5188.61 1 
  5097.02 1.6036e-14   5191.36 1 
  5099.72 1.5497e-14   5194.11 1 
  5102.42 1.6001e-14   5196.86 1 
  5105.12 1.5786e-14   5199.61 1 
  5107.82 1.5395e-14   5202.36 1 
  5110.52 1.5093e-14   5205.11 1 
  5113.22 1.5738e-14   5207.86 1 
  5115.92 1.6272e-14   5210.61 1 
  5118.62 1.6296e-14   5213.36 1 
  5121.32 1.5369e-14   5216.11 1 
  5124.02 1.5140e-14   5218.86 1 
  5126.72 1.5428e-14   5221.61 1 
  5129.42 1.5098e-14   5224.36 1 
  5132.12 1.5464e-14   5227.11 1 
  5134.82 1.5114e-14   5229.86 1 
  5137.52 1.5526e-14   5232.61 1 
  5140.22 1.5246e-14   5235.36 1 
  5142.92 1.4944e-14   5238.11 1 
  5145.62 1.4988e-14   5240.86 1 
  5148.32 1.4962e-14   5243.61 1 
  5151.02 1.5036e-14   5246.36 1 
  5153.72 1.5075e-14   5249.11 1 
  5156.42 1.4994e-14   5251.86 1 
  5159.12 1.5125e-14   5254.61 1 
  5161.82 1.5171e-14   5257.36 1 
  5164.52 1.4293e-14   5260.11 1 
  5167.22 1.3422e-14   5262.86 1 
  5169.92 1.3280e-14   5265.61 1 
  5172.62 1.4034e-14   5268.36 1 
  5175.32 1.4458e-14   5271.11 1 
  5178.02 1.4567e-14   5273.86 1 
  5180.72 1.4416e-14   5276.61 1 
  5183.42 1.4272e-14   5279.36 1 
  5186.12 1.4408e-14   5282.11 1 
  5188.82 1.4669e-14   5284.86 1 
  5191.52 1.4821e-14   5287.61 1 
  5194.22 1.5014e-14   5290.36 1 
  5196.92 1.5570e-14   5293.11 1 
  5199.62 1.5717e-14   5295.86 1 
  5202.32 1.5078e-14   5298.61 1 
  5205.02 1.5311e-14   5301.36 1 
  5207.72 1.4594e-14   5304.11 1 
  5210.42 1.4782e-14   5306.86 1 
  5213.12 1.5497e-14   5309.61 1 
  5215.82 1.5930e-14   5312.36 1 
  5218.52 1.6150e-14   5315.11 1 
  5221.22 1.5720e-14   5317.86 1 
  5223.92 1.5025e-14   5320.61 1 
  5226.62 1.4628e-14   5323.36 1 
  5229.32 1.4857e-14   5326.11 1 
  5232.02 1.5274e-14   5328.86 1 
  5234.72 1.5800e-14   5331.61 1 
  5237.42 1.5899e-14   5334.36 1 
  5240.12 1.5105e-14   5337.11 1 
  5242.82 1.5698e-14   5339.86 1 
  5245.52 1.5450e-14   5342.61 1 
  5248.22 1.5399e-14   5345.36 1 
  5250.92 1.5417e-14   5348.11 1 
  5253.62 1.5556e-14   5350.86 1 
  5256.32 1.5690e-14   5353.61 1 
  5259.02 1.5481e-14   5356.36 1 
  5261.72 1.4851e-14   5359.11 1 
  5264.42 1.4296e-14   5361.86 1 
  5267.12 1.4588e-14   5364.61 1 
  5269.82 1.4291e-14   5367.36 1 
  5272.52 1.4473e-14   5370.11 1 
  5275.22 1.4879e-14   5372.86 1 
  5277.92 1.5502e-14   5375.61 1 
  5280.62 1.5010e-14   5378.36 1 
  5283.32 1.5292e-14   5381.11 1 
  5286.02 1.5856e-14   5383.86 1 
  5288.72 1.6034e-14   5386.61 1 
  5291.42 1.5822e-14   5389.36 1 
  5294.12 1.5801e-14   5392.11 1 
  5296.82 1.5394e-14   5394.86 1 
  5299.52 1.5580e-14   5397.61 1 
  5302.22 1.5759e-14   5400.36 1 
  5304.92 1.5611e-14   5403.11 1 
  5307.62 1.5835e-14   5405.86 1 
  5310.32 1.6062e-14   5408.61 1 
  5313.02 1.5228e-14   5411.36 1 
  5315.72 1.5817e-14   5414.11 1 
  5318.42 1.5238e-14   5416.86 1 
  5321.12 1.4709e-14   5419.61 1 
  5323.82 1.5289e-14   5422.36 1 
  5326.52 1.4044e-14   5425.11 1 
  5329.22 1.4760e-14   5427.86 1 
  5331.92 1.4893e-14   5430.61 1 
  5334.62 1.5181e-14   5433.36 1 
  5337.32 1.5378e-14   5436.11 1 
  5340.02 1.5455e-14   5438.86 1 
  5342.72 1.4812e-14   5441.61 1 
  5345.42 1.4778e-14   5444.36 1 
  5348.12 1.5397e-14   5447.11 1 
  5350.82 1.5741e-14   5449.86 1 
  5353.52 1.5889e-14   5452.61 1 
  5356.22 1.6224e-14   5455.36 1 
  5358.92 1.6427e-14   5458.11 1 
  5361.62 1.5940e-14   5460.86 1 
  5364.32 1.4894e-14   5463.61 1 
  5367.02 1.4063e-14   5466.36 1 
  5369.72 1.5231e-14   5469.11 1 
  5372.42 1.5404e-14   5471.86 1 
  5375.12 1.5256e-14   5474.61 1 
  5377.82 1.5340e-14   5477.36 1 
  5380.52 1.5688e-14   5480.11 1 
  5383.22 1.5701e-14   5482.86 1 
  5385.92 1.5457e-14   5485.61 1 
  5388.62 1.5382e-14   5488.36 1 
  5391.32 1.5040e-14   5491.11 1 
  5394.02 1.5177e-14   5493.86 1 
  5396.72 1.4753e-14   5496.61 1 
  5399.42 1.5212e-14   5499.36 1 
  5402.12 1.5137e-14   5502.11 1 
  5404.82 1.5006e-14   5504.86 1 
  5407.52 1.5084e-14   5507.61 1 
  5410.22 1.4659e-14   5510.36 1 
  5412.92 1.4665e-14   5513.11 1 
  5415.62 1.5168e-14   5515.86 1 
  5418.32 1.5710e-14   5518.61 1 
  5421.02 1.5592e-14   5521.36 1 
  5423.72 1.5648e-14   5524.11 1 
  5426.42 1.5342e-14   5526.86 1 
  5429.12 1.5094e-14   5529.61 1 
  5431.82 1.5405e-14   5532.36 1 
  5434.52 1.5293e-14   5535.11 1 
  5437.22 1.5591e-14   5537.86 1 
  5439.92 1.5405e-14   5540.61 1 
  5442.62 1.5621e-14   5543.36 1 
  5445.32 1.4249e-14   5546.11 1 
  5448.02 1.5852e-14   5548.86 1 
  5450.72 1.5078e-14   5551.61 1 
  5453.42 1.5152e-14   5554.36 1 
  5456.12 1.5416e-14   5557.11 1 
  5458.82 1.5224e-14   5559.86 1 
  5461.52 1.5130e-14   5562.61 1 
  5464.22 1.4621e-14   5565.36 1 
  5466.92 1.5029e-14   5568.11 1 
  5469.62 1.5045e-14   5570.86 1 
  5472.32 1.5489e-14   5573.61 1 
  5475.02 1.4869e-14   5576.36 1 
  5477.72 1.4850e-14   5579.11 1 
  5480.42 1.5188e-14   5581.86 1 
  5483.12 1.5438e-14   5584.61 1 
  5485.82 1.5179e-14   5587.36 1 
  5488.52 1.4986e-14   5590.11 1 
  5491.22 1.4977e-14   5592.86 1 
  5493.92 1.5143e-14   5595.61 1 
  5496.62 1.5118e-14   5598.36 1 
  5499.32 1.5560e-14   5601.11 1 
  5502.02 1.4910e-14   5603.86 1 
  5504.72 1.4473e-14   5606.61 1 
  5507.42 1.4841e-14   5609.36 1 
  5510.12 1.5392e-14   5612.11 1 
  5512.82 1.4739e-14   5614.86 1 
  5515.52 1.5667e-14   5617.61 1 
  5518.22 1.4958e-14   5620.36 1 
  5520.92 1.5222e-14   5623.11 1 
  5523.62 1.4943e-14   5625.86 1 
  5526.32 1.5172e-14   5628.61 1 
  5529.02 1.4745e-14   5631.36 1 
  5531.72 1.5740e-14   5634.11 1 
  5534.42 1.5557e-14   5636.86 1 
  5537.12 1.4785e-14   5639.61 1 
  5539.82 1.5099e-14   5642.36 1 
  5542.52 1.5325e-14   5645.11 1 
  5545.22 1.5195e-14   5647.86 1 
  5547.92 1.5251e-14   5650.61 1 
  5550.62 1.5176e-14   5653.36 1 
  5553.32 1.5851e-14   5656.11 1 
  5556.02 1.5167e-14   5658.86 1 
  5558.72 1.5401e-14   5661.61 1 
  5561.42 1.4947e-14   5664.36 1 
  5564.12 1.4933e-14   5667.11 1 
  5566.82 1.5357e-14   5669.86 1 
  5569.52 1.5353e-14   5672.61 1 
  5572.22 1.4726e-14   5675.36 1 
  5574.92 1.5052e-14   5678.11 1 
  5577.62 1.4752e-14   5680.86 1 
  5580.32 1.5918e-14   5683.61 1 
  5583.02 1.5389e-14   5686.36 1 
  5585.72 1.5155e-14   5689.11 1 
  5588.42 1.4663e-14   5691.86 1 
  5591.12 1.4451e-14   5694.61 1 
  5593.82 1.4056e-14   5697.36 1 
  5596.52 1.3927e-14   5700.11 1 
  5599.22 1.4941e-14   5702.86 1 
  5601.92 1.5003e-14   5705.61 1 
  5604.62 1.5124e-14   5708.36 1 
  5607.32 1.5396e-14   5711.11 1 
  5610.02 1.5781e-14   5713.86 1 
  5612.72 1.5134e-14   5716.61 1 
  5615.42 1.5236e-14   5719.36 1 
  5618.12 1.5082e-14   5722.11 1 
  5620.82 1.4789e-14   5724.86 1 
  5623.52 1.5024e-14   5727.61 1 
  5626.22 1.5479e-14   5730.36 1 
  5628.92 1.5327e-14   5733.11 1 
  5631.62 1.5392e-14   5735.86 1 
  5634.32 1.5769e-14   5738.61 1 
  5637.02 1.4593e-14   5741.36 1 
  5639.72 1.4593e-14   5744.11 1 
  5642.42 1.5210e-14   5746.86 1 
  5645.12 1.4740e-14   5749.61 1 
  5647.82 1.4675e-14   5752.36 1 
  5650.52 1.4782e-14   5755.11 1 
  5653.22 1.5061e-14   5757.86 1 
  5655.92 1.4681e-14   5760.61 1 
  5658.62 1.4285e-14   5763.36 1 
  5661.32 1.5004e-14   5766.11 1 
  5664.02 1.5103e-14   5768.86 1 
  5666.72 1.5236e-14   5771.61 1 
  5669.42 1.5489e-14   5774.36 1 
  5672.12 1.5065e-14   5777.11 1 
  5674.82 1.5190e-14   5779.86 1 
  5677.52 1.4976e-14   5782.61 1 
  5680.22 1.4472e-14   5785.36 1 
  5682.92 1.4456e-14   5788.11 1 
  5685.62 1.4422e-14   5790.86 1 
  5688.32 1.4233e-14   5793.61 1 
  5691.02 1.5693e-14   5796.36 1 
  5693.72 1.5158e-14   5799.11 1 
  5696.42 1.4985e-14   5801.86 1 
  5699.12 1.5498e-14   5804.61 1 
  5701.82 1.4839e-14   5807.36 1 
  5704.52 1.4488e-14   5810.11 1 
  5707.22 1.4546e-14   5812.86 1 
  5709.92 1.4311e-14   5815.61 1 
  5712.62 1.4949e-14   5818.36 1 
  5715.32 1.5295e-14   5821.11 1 
  5718.02 1.5685e-14   5823.86 1 
  5720.72 1.5404e-14   5826.61 1 
  5723.42 1.4912e-14   5829.36 1 
  5726.13 1.5205e-14   5832.11 1 
  5728.83 1.5181e-14   5834.86 1 
  5731.53 1.5639e-14   5837.61 1 
  5734.23 1.5261e-14   5840.36 1 
  5736.93 1.5059e-14   5843.11 1 
  5739.63 1.5322e-14   5845.86 1 
  5742.33 1.5485e-14   5848.61 1 
  5745.03 1.5422e-14   5851.36 1 
  5747.73 1.5631e-14   5854.11 1 
  5750.43 1.4971e-14   5856.86 1 
  5753.13 1.5077e-14   5859.61 1 
  5755.83 1.4898e-14   5862.36 1 
  5758.53 1.4990e-14   5865.11 1 
  5761.23 1.4636e-14   5867.86 1 
  5763.93 1.4995e-14   5870.61 1 
  5766.63 1.5671e-14   5873.36 1 
  5769.33 1.5537e-14   5876.11 1 
  5772.03 1.5225e-14   5878.86 1 
  5774.73 1.5383e-14   5881.61 1 
  5777.43 1.4982e-14   5884.36 1 
  5780.13 1.4376e-14   5887.11 1 
  5782.83 1.4510e-14   5889.86 1 
  5785.53 1.4981e-14   5892.61 1 
  5788.23 1.4858e-14   5895.36 1 
  5790.93 1.4945e-14   5898.11 1 
  5793.63 1.5524e-14   5900.86 1 
  5796.33 1.5303e-14   5903.61 1 
  5799.03 1.5269e-14   5906.36 1 
  5801.73 1.4942e-14   5909.11 1 
  5804.43 1.5574e-14   5911.86 1 
  5807.13 1.4996e-14   5914.61 1 
  5809.83 1.5181e-14   5917.36 1 
  5812.53 1.5093e-14   5920.11 1 
  5815.23 1.5225e-14   5922.86 1 
  5817.93 1.5651e-14   5925.61 1 
  5820.63 1.5479e-14   5928.36 1 
  5823.33 1.5677e-14   5931.11 1 
  5826.03 1.5663e-14   5933.86 1 
  5828.73 1.4930e-14   5936.61 1 
  5831.43 1.5134e-14   5939.36 1 
  5834.13 1.5691e-14   5942.11 1 
  5836.83 1.6095e-14   5944.86 1 
  5839.53 1.6230e-14   5947.61 1 
  5842.23 1.5679e-14   5950.36 1 
  5844.93 1.5430e-14   5953.11 1 
  5847.63 1.5086e-14   5955.86 1 
  5850.33 1.4681e-14   5958.61 1 
  5853.03 1.5059e-14   5961.36 1 
  5855.73 1.4776e-14   5964.11 1 
  5858.43 1.4458e-14   5966.86 1 
  5861.13 1.5050e-14   5969.61 1 
  5863.83 1.4716e-14   5972.36 1 
  5866.53 1.4982e-14   5975.11 1 
  5869.23 1.5634e-14   5977.86 1 
  5871.93 1.5266e-14   5980.61 1 
  5874.63 1.4964e-14   5983.36 1 
  5877.33 1.4590e-14   5986.11 1 
  5880.03 1.4243e-14   5988.86 1 
  5882.73 1.3916e-14   5991.61 1 
  5885.43 1.3707e-14   5994.36 1 
  5888.13 1.3584e-14   5997.11 1 
  5890.83 1.3345e-14   5999.86 1 
  5893.53 1.3502e-14   6002.61 1 
  5896.23 1.3801e-14   6005.36 1 
  5898.93 1.4036e-14   6008.11 1 
  5901.63 1.4282e-14   6010.86 1 
  5904.33 1.4539e-14   6013.61 1 
  5907.03 1.4804e-14   6016.36 1 
  5909.73 1.4900e-14   6019.11 1 
  5912.43 1.4487e-14   6021.86 1 
  5915.13 1.4743e-14   6024.61 1 
  5917.83 1.5040e-14   6027.36 1 
  5920.53 1.5293e-14   6030.11 1 
  5923.23 1.5035e-14   6032.86 1 
  5925.93 1.4740e-14   6035.61 1 
  5928.63 1.4973e-14   6038.36 1 
  5931.33 1.4605e-14   6041.11 1 
  5934.03 1.5109e-14   6043.86 1 
  5936.73 1.5230e-14   6046.61 1 
  5939.43 1.5130e-14   6049.36 1 
  5942.13 1.4420e-14   6052.11 1 
  5944.83 1.4794e-14   6054.86 1 
  5947.53 1.5161e-14   6057.61 1 
  5950.23 1.5149e-14   6060.36 1 
  5952.93 1.5037e-14   6063.11 1 
  5955.63 1.4665e-14   6065.86 1 
  5958.33 1.5298e-14   6068.61 1 
  5961.03 1.5578e-14   6071.36 1 
  5963.73 1.5335e-14   6074.11 1 
  5966.43 1.5275e-14   6076.86 1 
  5969.13 1.5524e-14   6079.61 1 
  5971.83 1.5268e-14   6082.36 1 
  5974.53 1.5297e-14   6085.11 1 
  5977.23 1.4562e-14   6087.86 1 
  5979.93 1.4687e-14   6090.61 1 
  5982.63 1.4490e-14   6093.36 1 
  5985.33 1.4117e-14   6096.11 1 
  5988.03 1.5207e-14   6098.86 1 
  5990.73 1.4894e-14   6101.61 1 
  5993.43 1.5489e-14   6104.36 1 
  5996.13 1.4753e-14   6107.11 1 
  5998.83 1.4581e-14   6109.86 1 
  6001.53 1.3694e-14   6112.61 1 
  6004.23 1.4761e-14   6115.36 1 
  6006.93 1.4014e-14   6118.11 1 
  6009.63 1.4468e-14   6120.86 1 
  6012.33 1.4386e-14   6123.61 1 
  6015.03 1.4795e-14   6126.36 1 
  6017.73 1.4524e-14   6129.11 1 
  6020.43 1.4436e-14   6131.86 1 
  6023.13 1.4119e-14   6134.61 1 
  6025.83 1.4896e-14   6137.36 1 
  6028.53 1.4783e-14   6140.11 1 
  6031.23 1.3854e-14   6142.86 1 
  6033.93 1.4476e-14   6145.61 1 
  6036.63 1.4844e-14   6148.36 1 
  6039.33 1.4931e-14   6151.11 1 
  6042.03 1.4752e-14   6153.86 1 
  6044.73 1.4997e-14   6156.61 1 
  6047.43 1.4546e-14   6159.36 1 
  6050.13 1.4987e-14   6162.11 1 
  6052.83 1.4765e-14   6164.86 1 
  6055.53 1.5028e-14   6167.61 1 
  6058.23 1.4946e-14   6170.36 1 
  6060.93 1.5056e-14   6173.11 1 
  6063.63 1.4537e-14   6175.86 1 
  6066.33 1.5070e-14   6178.61 1 
  6069.03 1.5021e-14   6181.36 1 
  6071.73 1.4871e-14   6184.11 1 
  6074.43 1.5282e-14   6186.86 1 
  6077.13 1.5236e-14   6189.61 1 
  6079.83 1.4337e-14   6192.36 1 
  6082.53 1.3914e-14   6195.11 1 
  6085.23 1.4332e-14   6197.86 1 
  6087.93 1.4644e-14   6200.61 1 
  6090.63 1.4751e-14   6203.36 1 
  6093.33 1.4748e-14   6206.11 1 
  6096.03 1.4634e-14   6208.86 1 
  6098.73 1.4364e-14   6211.61 1 
  6101.43 1.4101e-14   6214.36 1 
  6104.13 1.4720e-14   6217.11 1 
  6106.83 1.4986e-14   6219.86 1 
  6109.53 1.4722e-14   6222.61 1 
  6112.23 1.4273e-14   6225.36 1 
  6114.93 1.4377e-14   6228.11 1 
  6117.63 1.4808e-14   6230.86 1 
  6120.33 1.5541e-14   6233.61 1 
  6123.03 1.5454e-14   6236.36 1 
  6125.73 1.4468e-14   6239.11 1 
  6128.43 1.4504e-14   6241.86 1 
  6131.13 1.4797e-14   6244.61 1 
  6133.83 1.4755e-14   6247.36 1 
  6136.53 1.4204e-14   6250.11 1 
  6139.23 1.4266e-14   6252.86 1 
  6141.93 1.5266e-14   6255.61 1 
  6144.63 1.5564e-14   6258.36 1 
  6147.33 1.5230e-14   6261.11 1 
  6150.03 1.4657e-14   6263.86 1 
  6152.73 1.4654e-14   6266.61 1 
  6155.43 1.4344e-14   6269.36 1 
  6158.13 1.4685e-14   6272.11 1 
  6160.83 1.3909e-14   6274.86 1 
  6163.53 1.3563e-14   6277.61 1 
  6166.23 1.3440e-14   6280.36 1 
  6168.93 1.3964e-14   6283.11 1 
  6171.63 1.3919e-14   6285.86 1 
  6174.33 1.3872e-14   6288.61 1 
  6177.03 1.4430e-14   6291.36 1 
  6179.73 1.3933e-14   6294.11 1 
  6182.43 1.4259e-14   6296.86 1 
  6185.13 1.4161e-14   6299.61 1 
  6187.83 1.4543e-14   6302.36 1 
  6190.53 1.4049e-14   6305.11 1 
  6193.23 1.4300e-14   6307.86 1 
  6195.93 1.4264e-14   6310.61 1 
  6198.63 1.4370e-14   6313.36 1 
  6201.33 1.4371e-14   6316.11 1 
  6204.03 1.4630e-14   6318.86 1 
  6206.73 1.4699e-14   6321.61 1 
  6209.43 1.4340e-14   6324.36 1 
  6212.13 1.4057e-14   6327.11 1 
  6214.83 1.4640e-14   6329.86 1 
  6217.53 1.4048e-14   6332.61 1 
  6220.23 1.3340e-14   6335.36 1 
  6222.93 1.3630e-14   6338.11 1 
  6225.63 1.3500e-14   6340.86 1 
  6228.33 1.3736e-14   6343.61 1 
  6231.03 1.3996e-14   6346.36 1 
  6233.73 1.3874e-14   6349.11 1 
  6236.43 1.3816e-14   6351.86 1 
  6239.13 1.3457e-14   6354.61 1 
  6241.83 1.3717e-14   6357.36 1 
  6244.53 1.3783e-14   6360.11 1 
  6247.23 1.3305e-14   6362.86 1 
  6249.93 1.3253e-14   6365.61 1 
  6252.63 1.3275e-14   6368.36 1 
  6255.33 1.3298e-14   6371.11 1 
  6258.03 1.3314e-14   6373.86 1 
  6260.73 1.3067e-14   6376.61 1 
  6263.43 1.4036e-14   6379.36 1 
  6266.13 1.3780e-14   6382.11 1 
  6268.83 1.3638e-14   6384.86 1 
  6271.53 1.3228e-14   6387.61 1 
  6274.23 1.3470e-14   6390.36 1 
  6276.93 1.4442e-14   6393.11 1 
  6279.63 1.3282e-14   6395.86 1 
  6282.33 1.3756e-14   6398.61 1 
  6285.03 1.4149e-14   6401.36 1 
  6287.73 1.3722e-14   6404.11 1 
  6290.43 1.3823e-14   6406.86 1 
  6293.13 1.4663e-14   6409.61 1 
  6295.83 1.4482e-14   6412.36 1 
  6298.53 1.5006e-14   6415.11 1 
  6301.23 1.4870e-14   6417.86 1 
  6303.93 1.4741e-14   6420.61 1 
  6306.63 1.4144e-14   6423.36 1 
  6309.33 1.4004e-14   6426.11 1 
  6312.03 1.3847e-14   6428.86 1 
  6314.73 1.3431e-14   6431.61 1 
  6317.43 1.3149e-14   6434.36 1 
  6320.13 1.3972e-14   6437.11 1 
  6322.83 1.4285e-14   6439.86 1 
  6325.53 1.3672e-14   6442.61 1 
  6328.23 1.4134e-14   6445.36 1 
  6330.93 1.4070e-14   6448.11 1 
  6333.63 1.3993e-14   6450.86 1 
  6336.33 1.3604e-14   6453.61 1 
  6339.03 1.3850e-14   6456.36 1 
  6341.73 1.4295e-14   6459.11 1 
  6344.43 1.4985e-14   6461.86 1 
  6347.13 1.4468e-14   6464.61 1 
  6349.83 1.4333e-14   6467.36 1 
  6352.53 1.4208e-14   6470.11 1 
  6355.23 1.4042e-14   6472.86 1 
  6357.93 1.3341e-14   6475.61 1 
  6360.63 1.3799e-14   6478.36 1 
  6363.33 1.3653e-14   6481.11 1 
  6366.03 1.3190e-14   6483.86 1 
  6368.73 1.3759e-14   6486.61 1 
  6371.43 1.3974e-14   6489.36 1 
  6374.13 1.3897e-14   6492.11 1 
  6376.83 1.5705e-14   6494.86 1 
  6379.53 1.5245e-14   6497.61 1 
  6382.23 1.3923e-14   6500.36 1 
  6384.93 1.2740e-14   6503.11 1 
  6387.63 1.3382e-14   6505.86 1 
  6390.33 1.3965e-14   6508.61 1 
  6393.03 1.4234e-14   6511.36 1 
  6395.73 1.3697e-14   6514.11 1 
  6398.43 1.4142e-14   6516.86 1 
  6401.13 1.3913e-14   6519.61 1 
  6403.83 1.3937e-14   6522.36 1 
  6406.53 1.4093e-14   6525.11 1 
  6409.23 1.4055e-14   6527.86 1 
  6411.93 1.4862e-14   6530.61 1 
  6414.63 1.4575e-14   6533.36 1 
  6417.33 1.3818e-14   6536.11 1 
  6420.03 1.3275e-14   6538.86 1 
  6422.73 1.3461e-14   6541.61 1 
  6425.43 1.4600e-14   6544.36 1 
  6428.13 1.4010e-14   6547.11 1 
  6430.83 1.4094e-14   6549.86 1 
  6433.53 1.4569e-14   6552.61 1 
  6436.23 1.2864e-14   6555.36 1 
  6438.93 1.3938e-14   6558.11 1 
  6441.63 1.4747e-14   6560.86 1 
  6444.33 1.3916e-14   6563.61 1 
  6447.03 1.2921e-14   6566.36 1 
  6449.73 1.3257e-14   6569.11 1 
  6452.43 1.3246e-14   6571.86 1 
  6455.13 1.4173e-14   6574.61 1 
  6457.83 1.4589e-14   6577.36 1 
  6460.53 1.3923e-14   6580.11 1 
  6463.23 1.2661e-14   6582.86 1 
  6465.93 1.3015e-14   6585.61 1 
  6468.63 1.3685e-14   6588.36 1 
  6471.33 1.4491e-14   6591.11 1 
  6474.03 1.4025e-14   6593.86 1 
  6476.73 1.4113e-14   6596.61 1 
  6479.43 1.3584e-14   6599.36 1 
  6482.13 1.4105e-14   6602.11 1 
  6484.83 1.3094e-14   6604.86 1 
  6487.53 1.2896e-14   6607.61 1 
  6490.23 1.3156e-14   6610.36 1 
  6492.93 1.2657e-14   6613.11 1 
  6495.63 1.2213e-14   6615.86 1 
  6498.33 1.2751e-14   6618.61 1 
  6501.03 1.2928e-14   6621.36 1 
  6503.73 1.4101e-14   6624.11 1 
  6506.43 1.3633e-14   6626.86 1 
  6509.13 1.4051e-14   6629.61 1 
  6511.83 1.4293e-14   6632.36 1 
  6514.53 1.3890e-14   6635.11 1 
  6517.23 1.3710e-14   6637.86 1 
  6519.93 1.3997e-14   6640.61 1 
  6522.63 1.4186e-14   6643.36 1 
  6525.33 1.3895e-14   6646.11 1 
  6528.03 1.4240e-14   6648.86 1 
  6530.73 1.3643e-14   6651.61 1 
  6533.43 1.3698e-14   6654.36 1 
  6536.13 1.3716e-14   6657.11 1 
  6538.83 1.3818e-14   6659.86 1 
  6541.53 1.3780e-14   6662.61 1 
  6544.23 1.5005e-14   6665.36 1 
  6546.93 1.4757e-14   6668.11 1 
  6549.63 1.4517e-14   6670.86 1 
  6552.33 1.4371e-14   6673.61 1 
  6555.03 1.4973e-14   6676.36 1 
  6557.73 1.6494e-14   6679.11 1 
  6560.43 1.7719e-14   6681.86 1 
  6563.13 1.7993e-14   6684.61 1 
  6565.83 1.6307e-14   6687.36 1 
  6568.53 1.4651e-14   6690.11 1 
  6571.23 1.4147e-14   6692.86 1 
  6573.93 1.4209e-14   6695.61 1 
  6576.63 1.5302e-14   6698.36 1 
  6579.33 1.7340e-14   6701.11 1 
  6582.03 1.8760e-14   6703.86 1 
  6584.73 1.8231e-14   6706.61 1 
  6587.43 1.6748e-14   6709.36 1 
  6590.13 1.5424e-14   6712.11 1 
  6592.83 1.4697e-14   6714.86 1 
  6595.53 1.4051e-14   6717.61 1 
  6598.23 1.3480e-14   6720.36 1 
  6600.93 1.3334e-14   6723.11 1 
  6603.63 1.3331e-14   6725.86 1 
  6606.33 1.3275e-14   6728.61 1 
  6609.03 1.3358e-14   6731.36 1 
  6611.73 1.3083e-14   6734.11 1 
  6614.43 1.3455e-14   6736.86 1 
  6617.13 1.4000e-14   6739.61 1 
  6619.83 1.4012e-14   6742.36 1 
  6622.53 1.3461e-14   6745.11 1 
  6625.23 1.3398e-14   6747.86 1 
  6627.93 1.3366e-14   6750.61 1 
  6630.63 1.3353e-14   6753.36 1 
  6633.33 1.3352e-14   6756.11 1 
  6636.03 1.3378e-14   6758.86 1 
  6638.73 1.3453e-14   6761.61 1 
  6641.43 1.3714e-14   6764.36 1 
  6644.13 1.3619e-14   6767.11 1 
  6646.83 1.3271e-14   6769.86 1 
  6649.53 1.2842e-14   6772.61 1 
  6652.23 1.3359e-14   6775.36 1 
  6654.93 1.3256e-14   6778.11 1 
  6657.63 1.2916e-14   6780.86 1 
  6660.33 1.2530e-14   6783.61 1 
  6663.03 1.3733e-14   6786.36 1 
  6665.73 1.2829e-14   6789.11 1 
  6668.43 1.3019e-14   6791.86 1 
  6671.13 1.3010e-14   6794.61 1 
  6673.83 1.2537e-14   6797.36 1 
  6676.53 1.3858e-14   6800.11 1 
  6679.23 1.2169e-14   6802.86 1 
  6681.93 1.3228e-14   6805.61 1 
  6684.63 1.3254e-14   6808.36 1 
  6687.33 1.2517e-14   6811.11 1 
  6690.03 1.2862e-14   6813.86 1 
  6692.73 1.2297e-14   6816.61 1 
  6695.43 1.2320e-14   6819.36 1 
  6698.13 1.3056e-14   6822.11 1 
  6700.83 1.3763e-14   6824.86 1 
  6703.53 1.3472e-14   6827.61 1 
  6714.83 1.3504e-14   6839.12 0 
  6730.31 1.3471e-14   6854.88 0 
  6745.82 1.3315e-14   6870.68 0 
  6761.38 1.3282e-14   6886.52 0 
  6776.96 1.3250e-14   6902.40 0 
  6792.58 1.3156e-14   6918.31 0 
  6808.25 1.3399e-14   6934.26 0 
  6823.94 1.3428e-14   6950.24 0 
  6839.67 1.3426e-14   6966.26 0 
  6855.44 1.3362e-14   6982.33 0 
  6871.24 1.2966e-14   6998.42 0 
  6887.08 1.3175e-14   7014.55 0 
  6902.95 1.3173e-14   7030.72 0 
  6918.87 1.3201e-14   7046.93 0 
  6934.82 1.3048e-14   7063.18 0 
  6950.80 1.3350e-14   7079.46 0 
  6966.83 1.3225e-14   7095.78 0 
  6982.89 1.3102e-14   7112.14 0 
  6998.99 1.3252e-14   7128.53 0 
  7015.12 1.3158e-14   7144.96 0 
  7031.29 1.2887e-14   7161.43 0 
  7047.50 1.3430e-14   7177.94 0 
  7063.75 1.3122e-14   7194.49 0 
  7080.03 1.3120e-14   7211.08 0 
  7096.35 1.2673e-14   7227.70 0 
  7112.71 1.2817e-14   7244.36 0 
  7129.11 1.2639e-14   7261.06 0 
  7145.54 1.2696e-14   7277.80 0 
  7162.01 1.2694e-14   7294.57 0 
  7178.52 1.2518e-14   7311.39 0 
  7195.07 1.1627e-14   7328.25 0 
  7211.66 1.2229e-14   7345.14 0 
  7228.28 1.2656e-14   7362.07 0 
  7244.95 1.2596e-14   7379.04 0 
  7261.65 1.2536e-14   7396.05 0 
  7278.38 1.2679e-14   7413.10 0 
  7295.17 1.2475e-14   7430.19 0 
  7311.98 1.2734e-14   7447.32 0 
  7328.84 1.2968e-14   7464.49 0 
  7345.73 1.3207e-14   7481.70 0 
  7362.67 1.2582e-14   7498.94 0 
  7379.64 1.3142e-14   7516.23 0 
  7396.65 1.2694e-14   7533.56 0 
  7413.70 1.2958e-14   7550.92 0 
  7430.79 1.2661e-14   7568.33 0 
  7447.92 1.2835e-14   7585.78 0 
  7465.09 1.3101e-14   7603.26 0 
  7482.30 1.2949e-14   7620.79 0 
  7499.55 1.2887e-14   7638.36 0 
  7516.84 1.2885e-14   7655.97 0 
  7534.16 1.3092e-14   7673.61 0 
  7551.53 1.3211e-14   7691.30 0 
  7568.94 1.3058e-14   7709.04 0 
  7586.39 1.3056e-14   7726.81 0 
  7603.88 1.2786e-14   7744.62 0 
  7621.41 1.2725e-14   7762.47 0 
  7638.98 1.2548e-14   7780.37 0 
  7656.58 1.2575e-14   7798.30 0 
  7674.23 1.1414e-14   7816.28 0 
  7691.93 1.2341e-14   7834.30 0 
  7709.66 1.1569e-14   7852.36 0 
  7727.43 1.2252e-14   7870.46 0 
  7745.25 1.2449e-14   7888.60 0 
  7763.10 1.2276e-14   7906.79 0 
  7780.99 1.1668e-14   7925.01 0 
  7798.93 1.2103e-14   7943.28 0 
  7816.91 1.2157e-14   7961.59 0 
  7834.93 1.2381e-14   7979.95 0 
  7852.99 1.2379e-14   7998.34 0 
  7871.10 1.2377e-14   8016.78 0 
  7889.24 1.2205e-14   8035.26 0 
  7907.42 1.2146e-14   8053.78 0 
  7925.66 1.1759e-14   8072.35 0 
  7943.92 1.1893e-14   8090.96 0 
  7962.24 1.1973e-14   8109.61 0 
  7980.59 1.2110e-14   8128.31 0 
  7998.99 1.2136e-14   8147.04 0 
  8017.43 1.2105e-14   8165.82 0 
  8035.91 1.1746e-14   8184.65 0 
  8054.44 1.1963e-14   8203.52 0 
  8073.00 1.2352e-14   8222.43 0 
  8091.61 1.1986e-14   8241.38 0 
  8110.27 1.2150e-14   8260.38 0 
  8128.96 1.2232e-14   8279.42 0 
  8147.70 1.2230e-14   8298.51 0 
  8166.49 1.2228e-14   8317.64 0 
  8185.31 1.1865e-14   8336.81 0 
  8204.18 1.1122e-14   8356.03 0 
  8223.09 1.1970e-14   8375.29 0 
  8242.05 1.1509e-14   8394.60 0 
  8261.05 1.2245e-14   8413.95 0 
  8280.09 1.2242e-14   8433.35 0 
  8299.18 1.1662e-14   8452.79 0 
  8318.31 1.1795e-14   8472.27 0 
  8337.48 1.1685e-14   8491.80 0 
  8356.71 1.1710e-14   8511.38 0 
  8375.97 1.2063e-14   8531.00 0 
  8395.28 1.1465e-14   8550.67 0 
  8414.63 1.1976e-14   8570.38 0 
  8434.03 1.1620e-14   8590.14 0 
  8453.47 1.1485e-14   8609.94 0 
  8472.96 1.1483e-14   8629.79 0 
  8492.49 1.1748e-14   8649.68 0 
  8512.07 1.1140e-14   8669.62 0 
  8531.69 1.1689e-14   8689.60 0 
  8551.36 7.6157e-15   8709.64 0 
  8571.07 1.1631e-14   8729.71 0 
  8590.83 1.1522e-14   8749.84 0 
  8610.64 1.1155e-14   8770.01 0 
  8630.48 1.1439e-14   8790.23 0 
  8650.38 1.1569e-14   8810.49 0 
  8670.32 7.8742e-15   8830.80 0 
  8690.31 1.1018e-14   8851.16 0 
  8710.34 1.1273e-14   8871.56 0 
  8730.42 1.1640e-14   8892.01 0 
  8750.55 1.1037e-14   8912.51 0 
  8770.72 1.1370e-14   8933.05 0 
  8790.93 1.1580e-14   8953.65 0 
  8811.20 1.1471e-14   8974.29 0 
  8831.51 1.1311e-14   8994.98 0 
  8851.87 1.1388e-14   9015.71 0 
  8872.28 9.9390e-15   9036.50 0 
  8892.73 1.0971e-14   9057.33 0 
  8913.23 1.1225e-14   9078.20 0 
  8933.78 1.1222e-14   9099.13 0 
  8954.37 1.0914e-14   9120.11 0 
  8975.01 1.0517e-14   9141.13 0 
  8995.70 1.0205e-14   9162.20 0 
  9016.44 1.0321e-14   9183.33 0 
  9037.23 1.0584e-14   9204.50 0 
  9058.06 1.1791e-14   9225.71 0 
  9078.94 1.0727e-14   9246.98 0 
  9099.87 1.0749e-14   9268.30 0 
  9120.84 1.1489e-14   9289.66 0 
  9141.87 1.0794e-14   9311.08 0 
  9162.95 1.0025e-14   9332.54 0 
  9184.07 9.7501e-15   9354.06 0 
  9205.24 1.0713e-14   9375.62 0 
  9226.46 1.0371e-14   9397.23 0 
  9247.73 1.0417e-14   9418.90 0 
  9269.05 1.0756e-14   9440.61 0 
  9290.42 1.0606e-14   9462.37 0 
  9311.83 1.1078e-14   9484.18 0 
  9333.30 1.1076e-14   9506.05 0 
  9354.82 1.1048e-14   9527.96 0 
  9376.38 1.0944e-14   9549.93 0 
  9397.99 1.1018e-14   9571.94 0 
  9419.66 1.0839e-14   9594.01 0 
  9441.37 1.0912e-14   9616.12 0 
  9463.14 1.1011e-14   9638.29 0 
  9484.95 1.0958e-14   9660.51 0 
  9506.82 1.0780e-14   9682.78 0 
  9528.73 1.0630e-14   9705.10 0 
  9550.70 1.0079e-14   9727.47 0 
  9572.72 1.0601e-14   9749.90 0 
  9594.78 1.0820e-14   9772.37 0 
  9616.90 1.0744e-14   9794.90 0 
  9639.07 1.0766e-14   9817.48 0 
  9661.29 1.0665e-14   9840.11 0 
  9683.56 1.0712e-14   9862.79 0 
  9705.88 1.0611e-14   9885.53 0 
  9728.26 1.0536e-14   9908.32 0 
  9750.68 1.0485e-14   9931.16 0 
  9773.16 1.0507e-14   9954.05 0 
  9795.69 1.0408e-14   9977.00 0 
  9818.27 1.0502e-14  10000.00 0 
  9840.91 1.0452e-14  10023.05 0 
  9863.59 1.0377e-14  10046.15 0 
  9886.33 1.0351e-14  10069.31 0 
  9909.13 1.0301e-14  10092.53 0 
  9931.97 1.0323e-14  10115.80 0 
  9954.86 1.0320e-14  10139.12 0 
  9977.81 1.0294e-14  10162.49 0 
 10000.81 1.0245e-14  10185.91 0 
 10023.86 1.0032e-14  10209.39 0 
 10070.14 9.8445e-15  10256.52 0 
 10116.61 1.0069e-14  10303.86 0 
 10163.31 9.9952e-15  10351.42 0 
 10233.76 9.9652e-15  10423.18 0 
 10280.99 9.9376e-15  10471.29 0 
 10304.69 9.8896e-15  10495.42 0 
 10496.27 9.5576e-15  10690.54 0 
 10691.42 9.1687e-15  10889.31 0 
 10890.18 8.7158e-15  11091.75 0 
 11092.64 8.5371e-15  11297.96 0 
 11298.87 8.2853e-15  11508.00 0 
 11508.93 8.1905e-15  11721.95 0 
 11695.95 7.9489e-15  11912.43 0 
 11913.39 7.6968e-15  12133.89 0 
 12106.96 7.5216e-15  12331.05 0 
 12303.68 7.3673e-15  12531.41 0 
 12503.60 7.1830e-15  12735.03 0 
 12706.77 7.0034e-15  12941.96 0 
 12913.24 6.8440e-15  13152.25 0 
 13092.88 6.7191e-15  13335.21 0 
 13305.62 6.5360e-15  13551.89 0 
 13490.72 6.4167e-15  13740.42 0 
 13709.93 6.2995e-15  13963.68 0 
 13900.65 6.1279e-15  14157.94 0 
 14094.03 5.9335e-15  14354.90 0 
 14290.10 5.8386e-15  14554.59 0 
 14488.90 5.8386e-15  14757.07 0 
 14690.46 5.6795e-15  14962.36 0 
 14894.82 5.7057e-15  15170.51 0 
 15102.02 5.6926e-15  15381.54 0 
 15312.11 5.7320e-15  15595.52 0 
 15489.42 5.7057e-15  15776.11 0 
 15704.90 5.5887e-15  15995.58 0 
 15886.76 5.4239e-15  16180.80 0 
 16107.77 5.4489e-15  16405.90 0 
 16294.27 5.4364e-15  16595.86 0 
 16482.95 5.3249e-15  16788.04 0 
 16712.25 5.2882e-15  17021.58 0 
 16905.78 5.1798e-15  17218.69 0 
 17101.54 5.0852e-15  17418.08 0 
 17299.55 4.8788e-15  17619.75 0 
 17499.88 4.7787e-15  17823.79 0 
 17702.52 4.6165e-15  18030.18 0 
 17907.51 4.4700e-15  18238.96 0 
 18114.86 4.2787e-15  18450.14 0 
 18282.48 4.2006e-15  18620.87 0 
 18494.19 4.0861e-15  18836.49 0 
 18708.34 3.9202e-15  19054.62 0 
 18881.44 3.8398e-15  19230.91 0 
 19100.08 3.7697e-15  19453.60 0 
 19321.25 3.6501e-15  19678.87 0 
 19500.02 3.5100e-15  19860.94 0 
 19680.46 3.4301e-15  20044.72 0 
 19908.35 3.3443e-15  20276.83 0 
 20092.55 3.2909e-15  20464.44 0 
 20278.47 3.1865e-15  20653.80 0 
 20513.29 3.1500e-15  20892.97 0 
 20703.08 3.0712e-15  21086.28 0 
 20894.66 3.0082e-15  21281.39 0 
 21087.98 2.9533e-15  21478.29 0 
 21283.11 2.8927e-15  21677.04 0 
 21480.05 2.8334e-15  21877.62 0 
 21678.79 2.7435e-15  22080.04 0 
 21879.39 2.7059e-15  22284.35 0 
 22081.85 2.6382e-15  22490.56 0 
 22286.15 2.5722e-15  22698.65 0 
 22492.37 2.5195e-15  22908.68 0 
 22700.48 2.4572e-15  23120.64 0 
 22910.53 2.2371e-15  23334.58 0 
 23122.53 2.2229e-15  23550.50 0 
 23282.80 1.9820e-15  23713.74 0 
 23498.24 1.8809e-15  23933.17 0 
 23715.65 1.9037e-15  24154.60 0 
 23880.05 1.7693e-15  24322.05 0 
 24101.00 1.7181e-15  24547.08 0 
 24324.01 1.7033e-15  24774.22 0 
 24492.60 1.5977e-15  24945.94 0 
 24719.24 1.5767e-15  25176.77 0 
 24890.58 1.3802e-15  25351.28 0 
 25002.33 1.4287e-15  25465.10 2 
 25097.37 1.4011e-15  25561.90 2 
 25192.32 1.4012e-15  25658.60 2 
 25287.36 1.3617e-15  25755.40 2 
 25382.30 1.3493e-15  25852.10 2 
 25477.34 1.3566e-15  25948.90 2 
 25572.38 1.3238e-15  26045.70 2 
 25667.32 1.4083e-15  26142.40 2 
 25762.36 1.4304e-15  26239.20 2 
 25857.41 1.3648e-15  26336.00 2 
 25952.35 1.4040e-15  26432.70 2 
 26047.39 1.3846e-15  26529.50 2 
 26142.33 1.3850e-15  26626.20 2 
 26237.37 1.2977e-15  26723.00 2 
 26332.41 1.3071e-15  26819.80 2 
 26427.36 1.3223e-15  26916.50 2 
 26522.40 1.2653e-15  27013.30 2 
 26617.44 1.2905e-15  27110.10 2 
 26712.38 1.2298e-15  27206.80 2 
 26807.42 1.1862e-15  27303.60 2 
 26902.36 1.1842e-15  27400.30 2 
 26997.41 1.1666e-15  27497.10 2 
 27092.45 1.1635e-15  27593.90 2 
 27187.39 1.1862e-15  27690.60 2 
 27282.43 1.1223e-15  27787.40 2 
 27377.47 1.1108e-15  27884.20 2 
 27472.41 1.0871e-15  27980.90 2 
 27567.45 1.0062e-15  28077.70 2 
 27662.40 1.0040e-15  28174.40 2 
 27757.44 9.9294e-16  28271.20 2 
 27852.48 1.0406e-15  28368.00 2 
 27947.42 9.5842e-16  28464.70 2 
 28042.46 8.2298e-16  28561.50 2 
 28137.50 8.6383e-16  28658.30 2 
 28232.45 9.1831e-16  28755.00 2 
 28327.49 9.0550e-16  28851.80 2 
 28422.43 8.6577e-16  28948.50 2 
 28517.47 8.5638e-16  29045.30 2 
 28612.51 7.4035e-16  29142.10 2 
 28707.45 7.5586e-16  29238.80 2 
 28802.49 8.0140e-16  29335.60 2 
 28897.53 7.5485e-16  29432.40 2 
 28992.48 8.0959e-16  29529.10 2 
 29087.52 7.6170e-16  29625.90 2 
 29182.46 7.1262e-16  29722.60 2 
 29277.50 7.8268e-16  29819.40 2 
 29372.54 6.4507e-16  29916.20 2 
 29467.49 6.5826e-16  30012.90 2 
 29562.53 6.9391e-16  30109.70 2 
 29657.57 7.1276e-16  30206.50 2 
 29752.51 6.9959e-16  30303.20 2 
 29847.55 7.0827e-16  30400.00 2 
 29942.49 6.9918e-16  30496.70 2 
 30037.54 7.0129e-16  30593.50 2 
 30132.58 6.8054e-16  30690.30 2 
 30227.52 7.1139e-16  30787.00 2 
 30322.56 6.8979e-16  30883.80 2 
 30417.60 6.5161e-16  30980.60 2 
 30512.54 6.0811e-16  31077.30 2 
 30607.58 5.8746e-16  31174.10 2 
 30702.53 6.2144e-16  31270.80 2 
 30797.57 6.1353e-16  31367.60 2 
 30892.61 6.1341e-16  31464.40 2 
 30987.55 6.2216e-16  31561.10 2 
 31082.59 5.6606e-16  31657.90 2 
 31177.63 5.2365e-16  31754.70 2 
 31272.57 5.2183e-16  31851.40 2 
 31367.62 5.4208e-16  31948.20 2 
 31462.56 5.5829e-16  32044.90 2 
 31557.60 6.1985e-16  32141.70 2 
 31652.64 6.4272e-16  32238.50 2 
 31747.59 6.9555e-16  32335.20 2 
 31842.62 6.9038e-16  32432.00 2 
 31937.67 6.7179e-16  32528.80 2 
 32032.61 7.0892e-16  32625.50 2 
 32127.65 7.3984e-16  32722.30 2 
 32222.59 7.2492e-16  32819.00 2 
 32317.63 8.6394e-16  32915.80 2 
 32412.68 9.0950e-16  33012.60 2 
 32507.62 1.0239e-15  33109.30 2 
 32602.66 1.1533e-15  33206.10 2 
 32697.70 1.1472e-15  33302.90 2 
 32792.64 1.0228e-15  33399.60 2 
 32887.68 9.5495e-16  33496.40 2 
 32982.62 8.5018e-16  33593.10 2 
 33077.66 7.9697e-16  33689.90 2 
 33172.71 7.9046e-16  33786.70 2 
 33267.65 7.5513e-16  33883.40 2 
 33362.69 7.0751e-16  33980.20 2 
 33457.73 7.1912e-16  34077.00 2 
 33552.67 6.7509e-16  34173.70 2 
 33647.71 6.3127e-16  34270.50 2 
 33742.66 6.5105e-16  34367.20 2 
 33837.70 6.4405e-16  34464.00 2 
 33932.74 6.2767e-16  34560.80 2 
 34027.68 6.3072e-16  34657.50 2 
 34122.72 6.4709e-16  34754.30 2 
 34217.76 6.1919e-16  34851.10 2 
 34312.71 6.3776e-16  34947.80 2 
 34407.75 6.5218e-16  35044.60 2 
 34502.69 6.4249e-16  35141.30 2 
 34597.73 6.3811e-16  35238.10 2 
 34692.77 6.2709e-16  35334.90 2 
 34787.72 6.4954e-16  35431.60 2 
 34882.75 6.4819e-16  35528.40 2 
 34977.80 6.7517e-16  35625.20 2 
 35072.74 5.8525e-16  35721.90 2 
 35167.78 6.0299e-16  35818.70 2 
 35262.72 6.2575e-16  35915.40 2 
 35357.76 6.1654e-16  36012.20 2 
 35452.80 6.2458e-16  36109.00 2 
 35547.75 6.1517e-16  36205.70 2 
 35642.79 6.3110e-16  36302.50 2 
 35737.83 6.6683e-16  36399.30 2 
 35832.77 6.1680e-16  36496.00 2 
 35927.81 6.0596e-16  36592.80 2 
 36022.75 6.1945e-16  36689.50 2 
 36117.80 6.0640e-16  36786.30 2 
 36212.83 5.7541e-16  36883.10 2 
 36307.78 5.9714e-16  36979.80 2 
 36402.82 5.7987e-16  37076.60 2 
 36497.86 6.2223e-16  37173.40 2 
 36592.81 5.5619e-16  37270.10 2 
 36687.85 5.5170e-16  37366.90 2 
 36782.79 5.8318e-16  37463.60 2 
 36877.83 5.6018e-16  37560.40 2 
 36972.87 5.6643e-16  37657.20 2 
 37067.81 5.5437e-16  37753.90 2 
 37162.85 5.6998e-16  37850.70 2 
 37257.89 5.9251e-16  37947.50 2 
 37352.84 5.7290e-16  38044.20 2 
 37447.88 5.6600e-16  38141.00 2 
 37542.82 5.6391e-16  38237.70 2 
 37637.86 5.8098e-16  38334.50 2 
 37732.90 5.6705e-16  38431.30 2 
 37827.84 5.7494e-16  38528.00 2 
 37922.89 5.3193e-16  38624.80 2 
 38017.92 5.3063e-16  38721.60 2 
 38112.87 5.2312e-16  38818.30 2 
 38207.91 5.0029e-16  38915.10 2 
 38302.85 5.2930e-16  39011.80 2 
 38397.89 5.0760e-16  39108.60 2 
 38492.94 4.8612e-16  39205.40 2 
 38587.88 5.0028e-16  39302.10 2 
 38682.92 5.1511e-16  39398.90 2 
 38777.96 5.4834e-16  39495.70 2 
 38872.90 5.0495e-16  39592.40 2 
 38967.94 4.9998e-16  39689.20 2 
 39062.88 5.1404e-16  39785.90 2 
 39157.93 5.2055e-16  39882.70 2 
 39252.97 5.3839e-16  39979.50 2 
 39347.91 5.1893e-16  40076.20 2 
 39442.95 4.8668e-16  40173.00 2 
 39537.99 5.1026e-16  40269.80 2 
 39632.93 5.0821e-16  40366.50 2 
 39727.98 5.4126e-16  40463.30 2 
 39822.92 5.0574e-16  40560.00 2 
 39917.96 5.3164e-16  40656.80 2 
 40013.00 5.4814e-16  40753.60 2 
 40107.94 6.0197e-16  40850.30 2 
 40202.98 6.1914e-16  40947.10 2 
 40298.03 6.1192e-16  41043.90 2 
 40392.96 5.7514e-16  41140.60 2 
 40488.01 5.0567e-16  41237.40 2 
 40582.95 4.8942e-16  41334.10 2 
 40677.99 4.9616e-16  41430.90 2 
 40773.03 4.6693e-16  41527.70 2 
 40867.97 4.1142e-16  41624.40 2 
 40963.01 4.4958e-16  41721.20 2 
 41058.06 4.5812e-16  41818.00 2 
 41153.00 4.5702e-16  41914.70 2 
 41248.04 4.7071e-16  42011.50 2 
 41342.99 4.9185e-16  42108.20 2 
 41438.02 4.7326e-16  42205.00 2 
 41533.06 4.5959e-16  42301.80 2 
 41628.01 4.8227e-16  42398.50 2 
 41723.05 4.6885e-16  42495.30 2 
 41818.09 4.7732e-16  42592.10 2 
 41913.03 4.1905e-16  42688.80 2 
 42008.07 4.1212e-16  42785.60 2 
 42103.02 4.0336e-16  42882.30 2 
 42198.06 4.2248e-16  42979.10 2 
 42293.10 3.7754e-16  43075.90 2 
 42388.04 3.5940e-16  43172.60 2 
 42483.08 3.3279e-16  43269.40 2 
 42578.12 3.4758e-16  43366.20 2 
 42673.07 3.1486e-16  43462.90 2 
 42768.10 3.8052e-16  43559.70 2 
 42863.05 3.9901e-16  43656.40 2 
 42958.09 4.3126e-16  43753.20 2 
 43053.13 3.8678e-16  43850.00 2 
 43148.07 3.9826e-16  43946.70 2 
 43243.11 3.8047e-16  44043.50 2 
 43338.15 4.1727e-16  44140.30 2 
 43433.10 3.9646e-16  44237.00 2 
 43528.14 3.4004e-16  44333.80 2 
 43623.08 4.0213e-16  44430.50 2 
 43718.12 4.3031e-16  44527.30 2 
 43813.16 4.1088e-16  44624.10 2 
 43908.11 3.6525e-16  44720.80 2 
 44003.15 3.9654e-16  44817.60 2 
 44098.19 4.0875e-16  44914.40 2 
 44193.13 3.3126e-16  45011.10 2 
 44288.17 3.6303e-16  45107.90 2 
 44383.11 3.2433e-16  45204.60 2 
 44478.15 3.1548e-16  45301.40 2 
 44573.20 3.6209e-16  45398.20 2 
 44668.14 3.3003e-16  45494.90 2 
 44763.18 3.2768e-16  45591.70 2 
 44858.22 2.9323e-16  45688.50 2 
 44953.16 2.8640e-16  45785.20 2 
 45048.20 3.0253e-16  45882.00 2 
 45143.14 2.7850e-16  45978.70 2 
 45238.19 2.9666e-16  46075.50 2 
 45333.23 2.6512e-16  46172.30 2 
 45428.17 2.7072e-16  46269.00 2 
 45523.21 2.7521e-16  46365.80 2 
 45618.25 1.8844e-16  46462.60 2 
 45713.20 2.5318e-16  46559.30 2 
 45808.23 2.0306e-16  46656.10 2 
 45903.18 2.5630e-16  46752.80 2 
 45998.22 2.7513e-16  46849.60 2 
 46093.26 2.3210e-16  46946.40 2 
 46188.20 2.5228e-16  47043.10 2 
 46283.25 2.9314e-16  47139.90 2 
 46378.28 2.8127e-16  47236.70 2 
 46473.23 3.2873e-16  47333.40 2 
 46568.27 3.3674e-16  47430.20 2 
 46663.21 2.9940e-16  47526.90 2 
 46758.25 2.8677e-16  47623.70 2 
 46853.29 3.3998e-16  47720.50 2 
 46948.24 3.2505e-16  47817.20 2 
 47043.28 3.0895e-16  47914.00 2 
 47138.32 3.0677e-16  48010.80 2 
 47233.26 3.0148e-16  48107.50 2 
 47328.30 3.2449e-16  48204.30 2 
 47423.24 3.2221e-16  48301.00 2 
 47518.28 3.0273e-16  48397.80 2 
 47613.33 3.0328e-16  48494.60 2 
 47708.27 2.6669e-16  48591.30 2 
 47803.31 3.0845e-16  48688.10 2 
 47898.35 3.1707e-16  48784.90 2 
 47993.29 3.2919e-16  48881.60 2 
 48088.33 3.4012e-16  48978.40 2 
 48183.27 3.2916e-16  49075.10 2 
 48278.32 2.8430e-16  49171.90 2 
 48373.36 3.1569e-16  49268.70 2 
 48468.30 2.8494e-16  49365.40 2 
 48564.32 2.5891e-16  49463.20 2 
 49049.97 2.8914e-16  49957.83 0 
 49540.47 3.1967e-16  50457.41 0 
 50035.87 3.5051e-16  50961.98 0 
 50536.23 3.8166e-16  51471.61 0 
 51041.59 4.1312e-16  51986.32 0 
 51552.01 4.4489e-16  52506.18 0 
 52067.53 4.7699e-16  53031.25 0 
 52388.08 4.9694e-16  53357.73 3 
 52692.30 5.0207e-16  53667.58 3 
 52996.53 4.1391e-16  53977.44 3 
 53300.75 4.5996e-16  54287.29 3 
 53604.97 3.6955e-16  54597.14 3 
 53909.19 3.0926e-16  54907.00 3 
 54213.42 3.2456e-16  55216.85 3 
 54517.63 3.3710e-16  55526.70 3 
 54821.86 3.8966e-16  55836.56 3 
 55126.08 3.6621e-16  56146.41 3 
 55430.31 3.4389e-16  56456.27 3 
 55734.53 2.9027e-16  56766.12 3 
 56038.76 4.0423e-16  57075.98 3 
 56342.98 4.9200e-16  57385.83 3 
 56647.20 5.7902e-16  57695.68 3 
 56951.41 5.3819e-16  58005.53 3 
 57255.65 4.8048e-16  58315.39 3 
 57559.87 4.4145e-16  58625.25 3 
 57864.09 4.0646e-16  58935.10 3 
 58168.32 4.1321e-16  59244.95 3 
 58472.54 3.8303e-16  59554.81 3 
 58776.76 3.9490e-16  59864.66 3 
 59080.98 3.9662e-16  60174.51 3 
 59385.21 3.5775e-16  60484.37 3 
 59689.43 4.3966e-16  60794.22 3 
 59993.65 5.1408e-16  61104.07 3 
 60297.88 5.2133e-16  61413.93 3 
 60602.10 5.4243e-16  61723.78 3 
 60906.31 5.9442e-16  62033.63 3 
 61210.54 7.7767e-16  62343.49 3 
 61514.76 9.6439e-16  62653.34 3 
 61818.98 1.2553e-15  62963.19 3 
 62123.21 1.5177e-15  63273.05 3 
 62427.43 1.3990e-15  63582.90 3 
 62731.66 1.1763e-15  63892.76 3 
 63035.88 9.7178e-16  64202.61 3 
 63340.10 8.7301e-16  64512.46 3 
 63644.33 5.9896e-16  64822.32 3 
 63948.54 6.7967e-16  65132.17 3 
 64252.77 6.0233e-16  65442.02 3 
 64557.00 5.5320e-16  65751.88 3 
 64861.21 5.0283e-16  66061.73 3 
 65165.43 5.1691e-16  66371.58 3 
 65469.67 4.8470e-16  66681.45 3 
 65773.88 4.6980e-16  66991.29 3 
 66078.10 5.5266e-16  67301.14 3 
 66382.33 5.1067e-16  67611.00 3 
 66686.55 5.1248e-16  67920.85 3 
 66990.78 5.4378e-16  68230.71 3 
 67295.00 5.5251e-16  68540.56 3 
 67599.22 5.1611e-16  68850.41 3 
 67903.45 5.3961e-16  69160.27 3 
 68207.66 5.0927e-16  69470.12 3 
 68511.89 5.4463e-16  69779.98 3 
 68816.11 5.5723e-16  70089.83 3 
 69120.33 6.2504e-16  70399.68 3 
 69424.56 6.7435e-16  70709.54 3 
 69728.78 8.5808e-16  71019.39 3 
 70033.00 8.2902e-16  71329.24 3 
 70337.23 7.4192e-16  71639.10 3 
 70641.44 7.1661e-16  71948.95 3 
 70945.68 6.6231e-16  72258.81 3 
 71249.89 7.3768e-16  72568.66 3 
 71554.11 7.1017e-16  72878.51 3 
 71858.35 7.6210e-16  73188.38 3 
 72162.56 7.2318e-16  73498.22 3 
 72466.78 8.1848e-16  73808.07 3 
 72771.01 8.0365e-16  74117.93 3 
 73075.23 8.4413e-16  74427.78 3 
 73379.45 9.6926e-16  74737.63 3 
 73683.67 1.0398e-15  75047.48 3 
 73967.99 1.0432e-15  75337.06 3 
 73987.90 1.1673e-15  75357.34 3 
 74292.13 1.2176e-15  75667.20 3 
 74577.63 1.2762e-15  75957.99 3 
 74596.34 1.3283e-15  75977.05 3 
 75187.30 1.4521e-15  76578.94 3 
 75796.95 1.6352e-15  77199.88 3 
 76406.61 1.6345e-15  77820.82 3 
 77016.26 1.6170e-15  78441.76 3 
 77625.93 1.6068e-15  79062.71 3 
 78235.59 1.5142e-15  79683.65 3 
 78845.24 1.4216e-15  80304.59 3 
 79454.91 1.2423e-15  80925.54 3 
 80064.56 1.1032e-15  81546.48 3 
 80674.22 9.6635e-16  82167.41 3 
 81283.88 8.7937e-16  82788.36 3 
 81893.53 8.9073e-16  83409.30 3 
 82503.20 7.9936e-16  84030.25 3 
 83112.85 7.9975e-16  84651.19 3 
 83722.51 7.7676e-16  85272.13 3 
 84332.17 7.9391e-16  85893.07 3 
 84941.84 8.0054e-16  86514.02 3 
 85551.48 8.1255e-16  87134.95 3 
 86161.14 7.6403e-16  87755.90 3 
 86770.80 6.6629e-16  88376.84 3 
 87380.46 5.4806e-16  88997.78 3 
 87990.11 4.5230e-16  89618.72 3 
 88599.77 3.6613e-16  90239.66 3 
 89209.42 3.2016e-16  90860.60 3 
 89819.09 2.8170e-16  91481.55 3 
 90428.75 2.4216e-16  92102.49 3 
 91038.41 1.9756e-16  92723.44 3 
 91648.07 1.8687e-16  93344.38 3 
 92257.72 1.8806e-16  93965.32 3 
 92867.38 1.6435e-16  94586.26 3 
 93477.03 1.5295e-16  95207.20 3 
 94086.70 1.6017e-16  95828.15 3 
 94696.35 1.5678e-16  96449.09 3 
 95306.00 1.5041e-16  97070.02 3 
 95915.67 1.6173e-16  97690.98 3 
 96525.33 1.7941e-16  98311.92 3 
 97134.99 1.4449e-16  98932.86 3 
 97744.65 1.3114e-16  99553.80 3 
 98354.26 1.2961e-16 100174.70 3 
 98963.97 1.2145e-16 100795.70 3 
 99573.59 1.2125e-16 101416.59 3 
100183.31 1.2832e-16 102037.60 3 
100792.92 1.2856e-16 102658.50 3 
101402.63 1.2371e-16 103279.49 3 
102012.26 1.3033e-16 103900.41 3 
102621.88 1.3797e-16 104521.30 3 
103231.58 1.4320e-16 105142.30 3 
103841.20 1.3790e-16 105763.20 3 
104450.92 1.5124e-16 106384.20 3 
105060.54 1.6726e-16 107005.10 3 
105670.15 1.7031e-16 107626.00 3 
106279.87 1.7322e-16 108247.00 3 
106889.49 1.7069e-16 108867.91 3 
107499.20 1.8293e-16 109488.90 3 
108108.81 1.8716e-16 110109.80 3 
108718.53 1.9757e-16 110730.80 3 
109328.15 2.1891e-16 111351.70 3 
109937.76 2.5055e-16 111972.60 3 
110547.48 2.8295e-16 112593.60 3 
111157.09 3.7056e-16 113214.50 3 
111766.81 5.7945e-16 113835.50 3 
112376.42 7.0995e-16 114456.40 3 
112986.14 6.6492e-16 115077.40 3 
113595.75 5.6205e-16 115698.30 3 
114205.37 4.8044e-16 116319.20 3 
114815.09 4.2648e-16 116940.20 3 
115424.71 3.9020e-16 117561.10 3 
116034.41 3.7033e-16 118182.09 3 
116644.03 3.4269e-16 118802.99 3 
117253.75 3.4835e-16 119424.00 3 
117863.37 3.5690e-16 120044.90 3 
118472.98 3.7928e-16 120665.80 3 
119082.70 3.8240e-16 121286.80 3 
119692.32 4.2347e-16 121907.70 3 
120302.03 4.2611e-16 122528.70 3 
120911.64 4.1627e-16 123149.59 3 
121521.27 4.2611e-16 123770.51 3 
122130.98 4.4226e-16 124391.50 3 
122740.59 4.7901e-16 125012.40 3 
123350.31 4.8932e-16 125633.40 3 
123959.93 4.9957e-16 126254.30 3 
124569.64 5.1691e-16 126875.30 3 
125179.26 5.4710e-16 127496.20 3 
125788.88 5.8082e-16 128117.10 3 
126398.59 6.0548e-16 128738.10 3 
127008.21 6.5223e-16 129359.00 3 
127617.92 8.8047e-16 129980.00 3 
128227.53 9.5415e-16 130600.90 3 
128837.15 6.4693e-16 131221.80 3 
129446.86 4.5300e-16 131842.80 3 
130056.49 4.4817e-16 132463.70 3 
130666.20 4.4512e-16 133084.70 3 
131275.81 4.3518e-16 133705.59 3 
131885.52 4.3211e-16 134326.59 3 
132495.15 4.2393e-16 134947.50 3 
133104.77 4.2269e-16 135568.41 3 
133714.48 4.2005e-16 136189.41 3 
134324.09 4.2421e-16 136810.30 3 
134933.81 4.4190e-16 137431.30 3 
135543.43 4.3724e-16 138052.20 3 
136153.14 4.2600e-16 138673.20 3 
136762.75 4.2177e-16 139294.09 3 
137372.37 4.1527e-16 139915.00 3 
137982.09 4.1083e-16 140536.00 3 
138591.71 4.1760e-16 141156.91 3 
139201.41 4.0755e-16 141777.89 3 
139811.03 4.1332e-16 142398.80 3 
140420.75 4.0353e-16 143019.80 3 
141030.37 4.1398e-16 143640.70 3 
141639.98 3.8399e-16 144261.59 3 
142249.71 3.8087e-16 144882.61 3 
142774.30 4.0747e-16 145416.91 3 
143674.53 4.0629e-16 146333.80 3 
144574.86 3.6973e-16 147250.80 3 
145475.10 3.7935e-16 148167.70 3 
146375.33 3.5912e-16 149084.59 3 
147275.58 3.6430e-16 150001.50 3 
148175.91 3.7291e-16 150918.50 3 
149076.16 3.5565e-16 151835.41 3 
149976.38 3.5459e-16 152752.30 3 
150876.72 3.8603e-16 153669.30 3 
151776.96 2.9769e-16 154586.20 3 
152677.19 3.1987e-16 155503.09 3 
153577.44 3.2004e-16 156420.00 3 
154477.77 3.3670e-16 157337.00 3 
155378.01 4.0259e-16 158253.91 3 
156278.24 3.8175e-16 159170.80 3 
157178.58 3.3679e-16 160087.80 3 
158078.82 3.1679e-16 161004.70 3 
158979.05 3.1903e-16 161921.59 3 
159879.39 3.2010e-16 162838.59 3 
160779.63 3.1114e-16 163755.50 3 
161679.86 3.0948e-16 164672.39 3 
162580.10 3.0330e-16 165589.30 3 
163480.45 3.7653e-16 166506.31 3 
164380.67 3.7600e-16 167423.19 3 
165280.91 3.7220e-16 168340.09 3 
166181.15 3.8073e-16 169257.00 3 
167081.49 3.4105e-16 170174.00 3 
167981.73 3.4908e-16 171090.91 3 
168881.98 3.8881e-16 172007.81 3 
169782.31 4.1156e-16 172924.81 3 
170682.54 4.2139e-16 173841.70 3 
171582.78 3.6309e-16 174758.61 3 
172483.12 3.5412e-16 175675.61 3 
173383.35 3.5055e-16 176592.50 3 
174283.59 3.4963e-16 177509.41 3 
175183.82 3.2140e-16 178426.30 3 
176084.16 3.1680e-16 179343.30 3 
176984.40 3.0704e-16 180260.20 3 
177884.63 3.1265e-16 181177.09 3 
178784.96 2.9658e-16 182094.09 3 
179685.21 3.0481e-16 183011.00 3 
180585.43 3.0796e-16 183927.89 3 
181485.77 3.0333e-16 184844.89 3 
182386.01 3.5439e-16 185761.80 3 
183286.26 3.0354e-16 186678.70 3 
184186.49 2.9934e-16 187595.59 3 
185086.82 3.0948e-16 188512.59 3 
185987.07 3.2754e-16 189429.50 3 
186887.29 3.4832e-16 190346.39 3 
187787.64 3.6655e-16 191263.41 3 
188687.89 3.2607e-16 192180.31 3 
189588.10 3.3586e-16 193097.19 3 
190488.34 3.4646e-16 194014.09 3 
191388.70 3.5136e-16 194931.11 3 
192288.92 3.4762e-16 195848.00 3 
193189.17 3.5222e-16 196764.91 3 
194089.50 3.6687e-16 197681.91 3 
194989.73 3.4899e-16 198598.80 3 
195889.98 3.7964e-16 199515.70 3 
196790.22 3.7837e-16 200432.61 3 
197690.55 3.8624e-16 201349.61 3 
198590.78 4.0297e-16 202266.50 3 
199491.03 4.0200e-16 203183.41 3 
200391.36 4.6813e-16 204100.41 3 
201816.98 4.1975e-16 205552.41 3 
203540.07 4.8594e-16 207307.39 3 
205264.16 4.8443e-16 209063.39 3 
206989.24 4.5933e-16 210820.41 3 
208715.19 5.0290e-16 212578.30 3 
210442.02 5.1793e-16 214337.09 3 
212169.84 4.8750e-16 216096.89 3 
213898.56 5.3238e-16 217857.61 3 
215628.23 5.7152e-16 219619.30 3 
217358.90 5.5692e-16 221382.00 3 
219090.45 5.6236e-16 223145.59 3 
220822.99 5.8514e-16 224910.20 3 
222556.41 6.2183e-16 226675.70 3 
224290.79 5.9543e-16 228442.19 3 
226026.17 5.8119e-16 230209.69 3 
227762.44 6.1490e-16 231978.09 3 
229499.69 6.4989e-16 233747.50 3 
231237.92 6.5940e-16 235517.91 3 
232977.03 6.3617e-16 237289.20 3 
234717.23 6.5999e-16 239061.61 3 
236458.21 7.2840e-16 240834.81 3 
238200.25 7.4122e-16 242609.09 3 
239943.30 7.1519e-16 244384.41 3 
241687.22 7.3825e-16 246160.61 3 
243432.11 7.8913e-16 247937.80 3 
245178.00 8.1424e-16 249716.00 3 
246924.76 8.4376e-16 251495.09 3 
248672.62 8.7057e-16 253275.30 3 
250421.36 8.6959e-16 255056.41 3 
252171.17 8.9408e-16 256838.61 3 
253921.85 1.0788e-15 258621.69 3 
255673.55 9.4573e-16 260405.81 3 
257426.20 9.9546e-16 262190.91 3 
259179.84 9.8686e-16 263977.00 3 
260934.46 9.8376e-16 265764.09 3 
262690.09 1.0085e-15 267552.22 3 
264446.67 1.0229e-15 269341.31 3 
266204.23 1.0844e-15 271131.41 3 
267962.78 1.0696e-15 272922.50 3 
269722.30 1.0654e-15 274714.59 3 
271482.93 1.0676e-15 276507.81 3 
273244.43 1.1017e-15 278301.91 3 
275006.90 1.1445e-15 280097.00 3 
276770.44 1.1740e-15 281893.19 3 
278535.00 1.1782e-15 283690.41 3 
280300.42 1.1878e-15 285488.50 3 
282066.91 1.1912e-15 287287.69 3 
283834.42 1.2245e-15 289087.91 3 
285602.99 1.2478e-15 290889.22 3 
287372.52 1.2979e-15 292691.50 3 
289142.97 1.5727e-15 294494.72 3 
290914.56 1.3118e-15 296299.09 3 
292687.06 1.3332e-15 298104.41 3 
294460.61 1.3488e-15 299910.78 3 
296235.17 1.3374e-15 301718.19 3 
298010.71 1.4128e-15 303526.59 3 
299787.33 1.4050e-15 305336.09 3 
301564.93 1.4355e-15 307146.59 3 
303343.51 1.4230e-15 308958.09 3 
305123.16 1.4562e-15 310770.69 3 
306903.92 1.4290e-15 312584.41 3 
308685.63 1.4284e-15 314399.09 3 
310468.35 1.4719e-15 316214.81 3 
312252.03 1.5307e-15 318031.50 3 
314036.90 1.5217e-15 319849.41 3 
315822.66 1.5144e-15 321668.22 3 
317609.55 1.5863e-15 323488.19 3 
319397.37 1.5722e-15 325309.09 3 
321186.35 1.5793e-15 327131.19 3 
322976.34 1.5453e-15 328954.31 3 
324767.26 1.5228e-15 330778.38 3 
326559.31 1.5697e-15 332603.59 3 
328352.43 1.5601e-15 334429.91 3 
330146.60 1.7186e-15 336257.28 3 
331941.81 1.6381e-15 338085.72 3 
333738.03 1.7765e-15 339915.19 3 
335535.27 1.7137e-15 341745.69 3 
337333.60 1.5942e-15 343577.31 3 
339133.11 1.6824e-15 345410.12 3 
340933.47 1.7442e-15 347243.81 3 
342735.04 1.8302e-15 349078.72 3 
