# An Atlas of Galaxy Spectral Energy Distributions from the Ultraviolet to the Mid-Infrared
# Brown et al. (2014)
# http://dx.doi.org/10.5072/03/529D3551F0117
# 
# Column 1 : Restframe Wavelength (Angstrom)
# Column 2 : Flux per unit wavelength (ergs/s/cm^2/Angstrom)
# Column 3 : Observed wavelength (Angstrom)
# Column 4 : Source (0 = model, 1 = Optical Spectrum, 2 = Akari, 3 = Spitzer IRS)
# 
   102.00 1.2694e-20    104.95 0 
   103.90 1.5762e-20    106.91 0 
   106.08 1.9982e-20    109.14 0 
   108.05 2.5802e-20    111.17 0 
   110.06 3.7297e-20    113.24 0 
   113.92 5.4918e-20    117.22 0 
   117.93 7.5989e-20    121.34 0 
   120.95 2.8959e-19    124.45 0 
   124.92 3.7138e-19    128.53 0 
   126.95 4.0629e-19    130.62 0 
   128.12 4.3335e-19    131.83 0 
   131.10 4.8851e-19    134.90 0 
   132.01 5.8194e-19    135.83 0 
   133.85 6.2502e-19    137.72 0 
   136.97 8.0710e-19    140.93 0 
   140.16 8.9321e-19    144.21 0 
   143.09 2.5644e-18    147.23 0 
   147.10 6.7924e-18    151.36 0 
   150.87 7.3970e-18    155.24 0 
   155.10 8.1676e-18    159.59 0 
   159.08 9.0601e-18    163.68 0 
   162.04 9.6863e-18    166.72 0 
   165.81 1.0769e-17    170.61 0 
   170.07 1.1648e-17    174.98 0 
   172.83 1.2424e-17    177.83 0 
   176.85 1.3406e-17    181.97 0 
   180.14 1.4136e-17    185.35 0 
   181.81 1.4667e-17    187.07 0 
   186.04 1.5717e-17    191.43 0 
   190.82 1.7078e-17    196.34 0 
   193.92 1.8049e-17    199.53 0 
   197.98 1.9120e-17    203.70 0 
   202.12 2.0348e-17    207.97 0 
   204.94 2.1260e-17    210.86 0 
   210.19 2.1757e-17    216.27 0 
   216.08 2.4584e-17    222.33 0 
   220.10 2.6043e-17    226.46 0 
   223.16 2.6652e-17    229.61 0 
   226.79 2.8233e-17    233.35 0 
   229.94 4.3630e-17    236.59 0 
   234.22 7.2082e-17    240.99 0 
   240.22 8.9719e-17    247.17 0 
   245.82 8.5494e-17    252.93 0 
   252.13 9.1621e-17    259.42 0 
   256.81 7.7811e-17    264.24 0 
   259.79 8.9964e-17    267.30 0 
   264.01 9.4647e-17    271.64 0 
   268.92 9.4875e-17    276.69 0 
   273.92 9.4885e-17    281.84 0 
   279.01 9.5114e-17    287.08 0 
   284.20 9.5125e-17    292.42 0 
   290.15 9.0855e-17    298.54 0 
   296.22 9.2556e-17    304.79 0 
   301.03 9.1506e-17    309.74 0 
   308.05 9.2793e-17    316.96 0 
   318.14 9.4538e-17    327.34 0 
   327.81 9.4123e-17    337.29 0 
   337.77 9.2852e-17    347.54 0 
   348.03 9.1387e-17    358.10 0 
   356.96 9.0358e-17    367.28 0 
   366.11 9.0168e-17    376.70 0 
   374.64 8.8538e-17    385.48 0 
   385.14 8.4378e-17    396.28 0 
   395.02 8.5767e-17    406.44 0 
   405.15 8.5391e-17    416.87 0 
   413.63 8.3463e-17    425.60 0 
   422.30 8.1390e-17    434.51 0 
   430.15 7.9734e-17    442.59 0 
   441.18 7.8659e-17    453.94 0 
   451.46 7.6356e-17    464.52 0 
   459.85 7.4288e-17    473.15 0 
   469.48 7.2612e-17    483.06 0 
   480.42 7.1633e-17    494.31 0 
   490.47 6.8581e-17    504.66 0 
   499.59 6.8437e-17    514.04 0 
   506.54 6.6428e-17    521.19 0 
   512.41 7.1024e-17    527.23 0 
   519.54 6.9899e-17    534.56 0 
   530.42 6.7854e-17    545.76 0 
   540.28 6.4515e-17    555.90 0 
   550.32 6.5276e-17    566.24 0 
   560.55 6.6965e-17    576.77 0 
   569.66 6.8381e-17    586.14 0 
   580.25 6.5771e-17    597.04 0 
   589.68 6.8096e-17    606.74 0 
   600.64 6.5951e-17    618.02 0 
   610.40 6.2275e-17    628.06 0 
   620.32 7.0535e-17    638.26 0 
   630.40 7.0712e-17    648.63 0 
   640.64 7.0241e-17    659.17 0 
   649.56 7.2389e-17    668.34 0 
   658.59 7.3410e-17    677.64 0 
   664.69 7.5130e-17    683.91 0 
   675.49 7.3945e-17    695.02 0 
   684.88 7.1121e-17    704.69 0 
   694.41 8.2051e-17    714.50 0 
   705.69 7.7659e-17    726.11 0 
   715.51 8.5957e-17    736.21 0 
   725.47 8.7171e-17    746.45 0 
   735.56 8.8402e-17    756.83 0 
   745.79 9.5183e-17    767.36 0 
   754.43 9.8773e-17    776.25 0 
   764.92 9.9023e-17    787.05 0 
   775.56 1.0760e-16    797.99 0 
   784.54 1.1192e-16    807.24 0 
   795.46 1.1535e-16    818.46 0 
   804.67 1.1860e-16    827.94 0 
   815.86 1.2112e-16    839.46 0 
   825.31 1.3010e-16    849.18 0 
   834.87 1.0529e-16    859.01 0 
   844.53 1.3288e-16    868.96 0 
   854.31 1.3476e-16    879.02 0 
   864.20 1.4343e-16    889.20 0 
   874.21 1.5231e-16    899.50 0 
   884.34 1.6437e-16    909.91 0 
   894.57 1.7216e-16    920.45 0 
   904.93 1.6789e-16    931.11 0 
   915.41 2.7234e-16    941.89 0 
   926.01 2.0616e-15    952.80 0 
   934.58 4.4802e-15    961.61 0 
   945.40 8.6775e-15    972.75 0 
   954.15 1.2837e-14    981.75 0 
   965.20 1.2929e-14    993.12 0 
   974.13 1.7284e-15   1002.31 0 
   985.41 8.7854e-15   1013.91 0 
   994.53 1.0711e-14   1023.29 0 
  1006.04 1.8195e-14   1035.14 0 
  1015.35 1.8282e-14   1044.72 0 
  1024.75 8.1869e-15   1054.39 0 
  1034.23 1.1251e-14   1064.14 0 
  1043.80 2.4905e-14   1073.99 0 
  1055.89 2.4401e-14   1086.43 0 
  1065.66 1.7318e-14   1096.48 0 
  1075.52 2.1907e-14   1106.62 0 
  1085.47 1.5656e-14   1116.86 0 
  1095.51 2.3430e-14   1127.20 0 
  1105.65 2.2329e-14   1137.63 0 
  1115.88 2.0604e-14   1148.15 0 
  1126.20 1.7908e-14   1158.78 0 
  1134.01 2.5184e-14   1166.81 0 
  1144.50 2.2295e-14   1177.61 0 
  1155.09 2.4452e-14   1188.50 0 
  1165.78 2.5027e-14   1199.50 0 
  1173.86 1.5577e-14   1207.81 0 
  1184.72 2.4131e-14   1218.99 0 
  1195.68 1.4344e-14   1230.27 0 
  1203.97 9.0315e-15   1238.80 0 
  1215.11 7.6889e-15   1250.26 0 
  1226.36 1.6142e-14   1261.83 0 
  1234.86 2.6671e-14   1270.57 0 
  1246.28 2.9454e-14   1282.33 0 
  1254.92 2.7178e-14   1291.22 0 
  1263.62 2.2300e-14   1300.17 0 
  1275.31 3.1218e-14   1312.20 0 
  1284.15 3.3227e-14   1321.30 0 
  1296.03 2.3367e-14   1333.52 0 
  1305.02 2.2892e-14   1342.77 0 
  1314.06 3.1533e-14   1352.07 0 
  1326.22 2.9708e-14   1364.58 0 
  1335.42 2.4601e-14   1374.04 0 
  1344.67 3.2066e-14   1383.57 0 
  1353.99 3.0770e-14   1393.16 0 
  1366.52 2.6196e-14   1406.05 0 
  1375.99 2.8205e-14   1415.79 0 
  1385.53 2.8406e-14   1425.61 0 
  1395.14 2.4238e-14   1435.49 0 
  1404.81 2.5153e-14   1445.44 0 
  1414.55 2.5391e-14   1455.46 0 
  1424.35 2.6716e-14   1465.55 0 
  1434.22 2.6173e-14   1475.71 0 
  1440.84 2.8114e-14   1482.52 0 
  1447.49 2.8839e-14   1489.36 0 
  1454.17 2.7608e-14   1496.24 0 
  1464.25 2.4668e-14   1506.61 0 
  1474.40 2.4730e-14   1517.05 0 
  1484.62 2.5605e-14   1527.57 0 
  1494.92 2.6207e-14   1538.15 0 
  1505.28 2.4238e-14   1548.82 0 
  1512.23 2.0681e-14   1555.97 0 
  1515.71 2.2835e-14   1559.55 0 
  1526.22 2.1662e-14   1570.36 0 
  1533.26 1.8020e-14   1577.61 0 
  1543.89 2.0838e-14   1588.55 0 
  1554.59 1.9452e-14   1599.56 0 
  1565.37 1.9591e-14   1610.65 0 
  1576.22 2.1094e-14   1621.81 0 
  1583.49 2.2606e-14   1629.30 0 
  1594.47 2.3031e-14   1640.59 0 
  1605.52 2.2668e-14   1651.96 0 
  1616.65 2.2831e-14   1663.41 0 
  1624.11 2.1115e-14   1671.09 0 
  1635.37 2.2945e-14   1682.67 0 
  1646.71 2.3323e-14   1694.34 0 
  1654.31 2.1031e-14   1702.16 0 
  1665.78 2.3440e-14   1713.96 0 
  1673.47 1.9954e-14   1721.87 0 
  1677.32 2.3446e-14   1725.84 0 
  1685.07 2.5069e-14   1733.80 0 
  1696.75 2.3134e-14   1745.82 0 
  1704.58 2.1944e-14   1753.88 0 
  1716.39 2.0297e-14   1766.04 0 
  1724.32 2.0207e-14   1774.19 0 
  1736.27 2.1958e-14   1786.49 0 
  1744.28 2.1314e-14   1794.73 0 
  1756.37 2.3269e-14   1807.17 0 
  1764.48 2.0695e-14   1815.52 0 
  1776.71 2.1280e-14   1828.10 0 
  1784.91 2.1779e-14   1836.54 0 
  1793.15 2.3830e-14   1845.02 0 
  1805.58 2.3563e-14   1857.80 0 
  1813.91 2.1150e-14   1866.38 0 
  1826.49 2.1748e-14   1879.32 0 
  1834.92 2.0582e-14   1887.99 0 
  1843.39 1.8560e-14   1896.71 0 
  1856.17 1.8437e-14   1909.85 0 
  1864.73 1.9220e-14   1918.67 0 
  1873.34 2.1421e-14   1927.53 0 
  1886.33 1.9318e-14   1940.89 0 
  1895.03 1.8494e-14   1949.84 0 
  1903.78 1.9775e-14   1958.84 0 
  1916.98 1.8760e-14   1972.42 0 
  1925.82 1.8464e-14   1981.53 0 
  1934.71 1.9028e-14   1990.67 0 
  1943.64 1.9975e-14   1999.86 0 
  1957.12 1.8518e-14   2013.72 0 
  1966.15 2.0830e-14   2023.02 0 
  1975.23 2.1417e-14   2032.36 0 
  1984.34 2.0037e-14   2041.74 0 
  1993.50 1.9361e-14   2051.16 0 
  2002.70 2.0045e-14   2060.63 0 
  2016.59 1.9017e-14   2074.91 0 
  2025.89 2.0194e-14   2084.49 0 
  2035.25 1.8850e-14   2094.11 0 
  2044.64 1.9924e-14   2103.78 0 
  2054.08 1.8857e-14   2113.49 0 
  2063.56 1.8774e-14   2123.24 0 
  2073.08 2.0448e-14   2133.04 0 
  2077.86 1.9395e-14   2137.96 0 
  2082.65 2.0405e-14   2142.89 0 
  2097.09 1.9048e-14   2157.74 0 
  2106.77 1.9008e-14   2167.70 0 
  2116.49 1.9232e-14   2177.71 0 
  2126.26 1.9504e-14   2187.76 0 
  2136.08 1.7710e-14   2197.86 0 
  2145.94 1.8463e-14   2208.01 0 
  2155.84 1.9292e-14   2218.20 0 
  2165.79 1.8513e-14   2228.44 0 
  2175.79 1.8305e-14   2238.72 0 
  2185.83 1.7933e-14   2249.05 0 
  2195.92 1.8912e-14   2259.44 0 
  2206.06 1.8274e-14   2269.86 0 
  2216.24 1.7058e-14   2280.34 0 
  2226.47 1.6369e-14   2290.87 0 
  2236.75 1.7868e-14   2301.44 0 
  2247.07 1.6861e-14   2312.07 0 
  2257.44 1.5799e-14   2322.74 0 
  2262.65 1.6311e-14   2328.09 0 
  2273.09 1.6834e-14   2338.84 0 
  2283.58 1.7414e-14   2349.63 0 
  2294.12 1.6278e-14   2360.48 0 
  2304.71 1.6229e-14   2371.37 0 
  2315.35 1.5135e-14   2382.32 0 
  2326.04 1.0982e-14   2393.32 0 
  2336.77 1.3564e-14   2404.36 0 
  2347.56 1.3064e-14   2415.46 0 
  2352.97 1.4485e-14   2421.03 0 
  2363.83 1.2871e-14   2432.20 0 
  2374.74 1.3376e-14   2443.43 0 
  2385.71 1.2162e-14   2454.71 0 
  2396.72 1.3173e-14   2466.04 0 
  2402.24 1.2489e-14   2471.72 0 
  2413.33 1.2949e-14   2483.13 0 
  2424.47 1.4058e-14   2494.60 0 
  2435.66 1.3415e-14   2506.11 0 
  2446.90 1.4364e-14   2517.68 0 
  2452.54 1.4129e-14   2523.48 0 
  2463.86 1.3925e-14   2535.13 0 
  2475.24 1.3258e-14   2546.83 0 
  2486.66 1.3588e-14   2558.59 0 
  2492.39 1.2735e-14   2564.48 0 
  2503.90 1.4510e-14   2576.32 0 
  2515.46 1.2369e-14   2588.21 0 
  2527.07 1.2106e-14   2600.16 0 
  2532.89 1.2412e-14   2606.15 0 
  2544.58 1.2092e-14   2618.18 0 
  2556.33 1.3340e-14   2630.27 0 
  2562.22 1.2735e-14   2636.33 0 
  2574.05 1.3698e-14   2648.50 0 
  2585.93 1.3376e-14   2660.72 0 
  2597.87 1.3061e-14   2673.01 0 
  2603.85 1.2468e-14   2679.17 0 
  2615.87 1.2231e-14   2691.54 0 
  2627.95 1.3005e-14   2703.96 0 
  2634.01 1.3707e-14   2710.19 0 
  2646.16 1.5226e-14   2722.70 0 
  2652.26 1.5827e-14   2728.98 0 
  2664.51 1.3679e-14   2741.57 0 
  2676.81 1.4545e-14   2754.23 0 
  2682.98 1.4472e-14   2760.58 0 
  2695.36 1.3620e-14   2773.32 0 
  2707.80 1.4184e-14   2786.12 0 
  2714.04 1.3171e-14   2792.54 0 
  2726.57 1.3070e-14   2805.43 0 
  2732.86 1.3870e-14   2811.90 0 
  2745.47 1.1421e-14   2824.88 0 
  2758.14 1.1786e-14   2837.92 0 
  2764.50 1.2393e-14   2844.46 0 
  2777.26 1.3086e-14   2857.59 0 
  2783.66 1.2067e-14   2864.18 0 
  2796.51 9.3378e-15   2877.40 0 
  2802.96 1.0117e-14   2884.03 0 
  2815.90 1.2755e-14   2897.34 0 
  2822.39 1.3819e-14   2904.02 0 
  2835.41 1.3247e-14   2917.43 0 
  2841.95 1.2792e-14   2924.15 0 
  2855.07 1.2038e-14   2937.65 0 
  2868.25 1.3841e-14   2951.21 0 
  2874.86 1.3962e-14   2958.01 0 
  2888.13 1.3695e-14   2971.67 0 
  2894.79 1.3595e-14   2978.52 0 
  2908.15 1.5205e-14   2992.27 0 
  2928.31 1.4368e-14   3013.01 0 
  2948.61 1.4022e-14   3033.89 0 
  2969.04 1.4428e-14   3054.92 0 
  2989.62 1.4408e-14   3076.10 0 
  3010.35 1.4655e-14   3097.42 0 
  3031.21 1.4567e-14   3118.89 0 
  3052.23 1.4513e-14   3140.51 0 
  3073.38 1.4593e-14   3162.28 0 
  3087.57 1.4747e-14   3176.87 0 
  3108.97 1.4692e-14   3198.90 0 
  3130.52 1.4403e-14   3221.07 0 
  3152.22 1.4414e-14   3243.40 0 
  3166.77 1.4400e-14   3258.37 0 
  3188.72 1.3450e-14   3280.95 0 
  3210.83 1.4062e-14   3303.70 0 
  3233.08 1.3104e-14   3326.60 0 
  3248.00 1.4221e-14   3341.95 0 
  3270.52 1.4800e-14   3365.12 0 
  3293.19 1.4574e-14   3388.44 0 
  3308.39 1.4559e-14   3404.08 0 
  3323.66 1.4245e-14   3419.79 0 
  3331.32 1.4503e-14   3427.68 0 
  3339.00 1.3559e-14   3435.58 0 
  3346.70 1.4588e-14   3443.50 0 
  3354.42 1.3956e-14   3451.44 0 
  3362.15 1.3259e-14   3459.39 0 
  3369.90 1.3375e-14   3467.37 0 
  3377.67 1.3585e-14   3475.36 0 
  3385.45 1.3862e-14   3483.37 0 
  3393.26 1.4574e-14   3491.40 0 
  3401.08 1.5572e-14   3499.45 0 
  3408.92 1.4032e-14   3507.52 0 
  3416.78 1.3992e-14   3515.60 0 
  3424.65 1.4881e-14   3523.71 0 
  3432.55 1.5360e-14   3531.83 0 
  3440.46 1.4661e-14   3539.97 0 
  3448.39 1.3425e-14   3548.13 0 
  3456.34 1.3698e-14   3556.31 0 
  3464.31 1.2985e-14   3564.51 0 
  3472.30 1.4361e-14   3572.73 0 
  3480.30 1.3181e-14   3580.96 0 
  3488.32 1.3858e-14   3589.22 0 
  3496.36 1.3629e-14   3597.49 0 
  3504.42 1.4264e-14   3605.79 0 
  3512.50 1.3772e-14   3614.10 0 
  3520.60 1.4479e-14   3622.43 0 
  3528.72 1.2957e-14   3630.78 0 
  3536.85 1.4199e-14   3639.15 0 
  3545.00 1.4826e-14   3647.54 0 
  3553.18 1.4954e-14   3655.95 0 
  3561.37 1.4572e-14   3664.37 0 
  3569.58 1.3252e-14   3672.82 0 
  3577.81 1.3062e-14   3681.29 0 
  3586.05 1.2240e-14   3689.78 0 
  3594.32 1.3351e-14   3698.28 0 
  3602.61 1.4665e-14   3706.81 0 
  3610.91 1.3428e-14   3715.35 0 
  3619.24 1.4118e-14   3723.92 0 
  3627.58 1.4775e-14   3732.50 0 
  3635.94 1.3221e-14   3741.11 0 
  3643.51 1.5555e-14   3748.90 1 
  3646.19 1.4791e-14   3751.65 1 
  3648.86 1.5871e-14   3754.40 1 
  3651.53 1.6609e-14   3757.15 1 
  3654.21 1.2606e-14   3759.90 1 
  3656.88 1.4370e-14   3762.65 1 
  3659.55 1.5956e-14   3765.40 1 
  3662.22 1.5581e-14   3768.15 1 
  3664.90 1.3999e-14   3770.90 1 
  3667.57 1.4984e-14   3773.65 1 
  3670.24 1.3820e-14   3776.40 1 
  3672.91 1.3047e-14   3779.15 1 
  3675.59 1.5550e-14   3781.90 1 
  3678.26 1.4914e-14   3784.65 1 
  3680.93 1.3323e-14   3787.40 1 
  3683.61 1.3846e-14   3790.15 1 
  3686.28 1.5172e-14   3792.90 1 
  3688.95 1.5083e-14   3795.65 1 
  3691.62 1.4148e-14   3798.40 1 
  3694.30 1.3710e-14   3801.15 1 
  3696.97 1.4808e-14   3803.90 1 
  3699.64 1.5685e-14   3806.65 1 
  3702.31 1.3779e-14   3809.40 1 
  3704.99 1.4222e-14   3812.15 1 
  3707.66 1.3403e-14   3814.90 1 
  3710.33 1.3362e-14   3817.65 1 
  3713.00 1.4695e-14   3820.40 1 
  3715.68 1.4747e-14   3823.15 1 
  3718.35 1.3405e-14   3825.90 1 
  3721.02 1.9745e-14   3828.65 1 
  3723.70 2.4721e-14   3831.40 1 
  3726.37 3.2311e-14   3834.15 1 
  3729.04 3.7705e-14   3836.90 1 
  3731.71 3.0954e-14   3839.65 1 
  3734.39 2.4331e-14   3842.40 1 
  3737.06 2.0302e-14   3845.15 1 
  3739.73 1.5634e-14   3847.90 1 
  3742.40 1.4788e-14   3850.65 1 
  3745.08 1.5880e-14   3853.40 1 
  3747.75 1.4436e-14   3856.15 1 
  3750.42 1.3308e-14   3858.90 1 
  3753.10 1.2275e-14   3861.65 1 
  3755.77 1.5744e-14   3864.40 1 
  3758.44 1.5402e-14   3867.15 1 
  3761.11 1.5301e-14   3869.90 1 
  3763.79 1.6906e-14   3872.65 1 
  3766.46 1.4699e-14   3875.40 1 
  3769.13 1.6181e-14   3878.15 1 
  3771.80 1.4355e-14   3880.90 1 
  3774.48 1.5343e-14   3883.65 1 
  3777.15 1.6926e-14   3886.40 1 
  3779.82 1.7275e-14   3889.15 1 
  3782.50 1.9642e-14   3891.90 1 
  3785.17 2.0301e-14   3894.65 1 
  3787.84 1.8018e-14   3897.40 1 
  3790.51 1.7395e-14   3900.15 1 
  3793.19 1.5902e-14   3902.90 1 
  3795.86 1.5787e-14   3905.65 1 
  3798.53 1.3740e-14   3908.40 1 
  3801.20 1.6036e-14   3911.15 1 
  3803.88 1.5012e-14   3913.90 1 
  3806.55 1.6002e-14   3916.65 1 
  3809.22 1.7513e-14   3919.40 1 
  3811.89 1.9237e-14   3922.15 1 
  3814.57 1.7563e-14   3924.90 1 
  3817.24 1.8163e-14   3927.65 1 
  3819.91 1.8705e-14   3930.40 1 
  3822.59 1.6331e-14   3933.15 1 
  3825.26 1.4435e-14   3935.90 1 
  3827.93 1.4585e-14   3938.65 1 
  3830.60 1.4298e-14   3941.40 1 
  3833.28 1.5187e-14   3944.15 1 
  3835.95 1.3971e-14   3946.90 1 
  3838.62 1.4495e-14   3949.65 1 
  3841.29 1.4834e-14   3952.40 1 
  3843.97 1.6031e-14   3955.15 1 
  3846.64 1.5554e-14   3957.90 1 
  3849.31 1.8927e-14   3960.65 1 
  3851.99 1.7724e-14   3963.40 1 
  3854.66 2.0895e-14   3966.15 1 
  3857.33 2.0454e-14   3968.90 1 
  3860.00 1.9926e-14   3971.65 1 
  3862.68 2.4159e-14   3974.40 1 
  3865.35 2.3440e-14   3977.15 1 
  3868.02 2.5077e-14   3979.90 1 
  3870.69 2.5962e-14   3982.65 1 
  3873.37 2.4006e-14   3985.40 1 
  3876.04 2.1596e-14   3988.15 1 
  3878.71 2.0650e-14   3990.90 1 
  3881.38 1.7862e-14   3993.65 1 
  3884.06 1.7857e-14   3996.40 1 
  3886.73 1.4636e-14   3999.15 1 
  3889.40 1.6764e-14   4001.90 1 
  3892.08 1.7685e-14   4004.65 1 
  3894.75 1.6755e-14   4007.40 1 
  3897.42 1.8234e-14   4010.15 1 
  3900.09 1.7916e-14   4012.90 1 
  3902.77 1.9794e-14   4015.65 1 
  3905.44 2.1576e-14   4018.40 1 
  3908.11 2.1423e-14   4021.15 1 
  3910.78 2.1946e-14   4023.90 1 
  3913.46 2.3803e-14   4026.65 1 
  3916.13 2.4054e-14   4029.40 1 
  3918.80 2.1043e-14   4032.15 1 
  3921.48 2.1302e-14   4034.90 1 
  3924.15 2.0233e-14   4037.65 1 
  3926.82 1.9794e-14   4040.40 1 
  3929.49 1.8676e-14   4043.15 1 
  3932.17 1.9807e-14   4045.90 1 
  3934.84 1.7782e-14   4048.65 1 
  3937.51 1.8713e-14   4051.40 1 
  3940.18 1.7775e-14   4054.15 1 
  3942.86 1.8857e-14   4056.90 1 
  3945.53 2.0952e-14   4059.65 1 
  3948.20 2.1692e-14   4062.40 1 
  3950.87 2.1151e-14   4065.15 1 
  3953.55 2.1620e-14   4067.90 1 
  3956.22 2.0860e-14   4070.65 1 
  3958.89 1.9750e-14   4073.40 1 
  3961.57 1.7575e-14   4076.15 1 
  3964.24 1.7821e-14   4078.90 1 
  3966.91 1.7222e-14   4081.65 1 
  3969.58 1.7846e-14   4084.40 1 
  3972.26 1.6592e-14   4087.15 1 
  3974.93 1.6748e-14   4089.90 1 
  3977.60 1.7435e-14   4092.65 1 
  3980.27 1.7336e-14   4095.40 1 
  3982.95 1.9254e-14   4098.15 1 
  3985.62 2.0610e-14   4100.90 1 
  3988.29 2.0819e-14   4103.65 1 
  3990.97 2.2339e-14   4106.40 1 
  3993.64 2.2135e-14   4109.15 1 
  3996.31 2.1332e-14   4111.90 1 
  3998.98 2.1841e-14   4114.65 1 
  4001.66 2.1956e-14   4117.40 1 
  4004.33 2.2179e-14   4120.15 1 
  4007.00 2.1779e-14   4122.90 1 
  4009.67 2.2487e-14   4125.65 1 
  4012.35 2.0524e-14   4128.40 1 
  4015.02 2.1712e-14   4131.15 1 
  4017.69 2.2020e-14   4133.90 1 
  4020.36 2.3048e-14   4136.65 1 
  4023.04 2.3964e-14   4139.40 1 
  4025.71 2.3503e-14   4142.15 1 
  4028.38 2.1950e-14   4144.90 1 
  4031.06 2.1907e-14   4147.65 1 
  4033.73 2.2303e-14   4150.40 1 
  4036.40 2.2659e-14   4153.15 1 
  4039.07 2.1745e-14   4155.90 1 
  4041.75 2.1004e-14   4158.65 1 
  4044.42 2.2063e-14   4161.40 1 
  4047.09 2.1790e-14   4164.15 1 
  4049.76 2.1989e-14   4166.90 1 
  4052.44 2.2171e-14   4169.65 1 
  4055.11 2.3943e-14   4172.40 1 
  4057.78 2.3025e-14   4175.15 1 
  4060.46 2.2605e-14   4177.90 1 
  4063.13 2.3994e-14   4180.65 1 
  4065.80 2.4099e-14   4183.40 1 
  4068.47 2.4124e-14   4186.15 1 
  4071.15 2.2595e-14   4188.90 1 
  4073.82 2.3265e-14   4191.65 1 
  4076.49 2.3253e-14   4194.40 1 
  4079.16 2.3454e-14   4197.15 1 
  4081.84 2.3910e-14   4199.90 1 
  4084.51 2.2945e-14   4202.65 1 
  4087.18 2.3357e-14   4205.40 1 
  4089.85 2.4182e-14   4208.15 1 
  4092.53 2.3288e-14   4210.90 1 
  4095.20 2.1565e-14   4213.65 1 
  4097.87 2.1821e-14   4216.40 1 
  4100.55 2.0289e-14   4219.15 1 
  4103.22 2.0340e-14   4221.90 1 
  4105.89 2.0438e-14   4224.65 1 
  4108.56 2.1325e-14   4227.40 1 
  4111.24 2.1356e-14   4230.15 1 
  4113.91 2.1082e-14   4232.90 1 
  4116.58 2.1237e-14   4235.65 1 
  4119.25 2.1696e-14   4238.40 1 
  4121.93 2.4353e-14   4241.15 1 
  4124.60 2.3531e-14   4243.90 1 
  4127.27 2.2610e-14   4246.65 1 
  4129.95 2.2172e-14   4249.40 1 
  4132.62 2.3382e-14   4252.15 1 
  4135.29 2.2825e-14   4254.90 1 
  4137.96 2.3003e-14   4257.65 1 
  4140.64 2.3643e-14   4260.40 1 
  4143.31 2.3495e-14   4263.15 1 
  4145.98 2.2739e-14   4265.90 1 
  4148.65 2.3652e-14   4268.65 1 
  4151.33 2.3357e-14   4271.40 1 
  4154.00 2.3382e-14   4274.15 1 
  4156.67 2.3698e-14   4276.90 1 
  4159.35 2.3630e-14   4279.65 1 
  4162.02 2.3304e-14   4282.40 1 
  4164.69 2.2144e-14   4285.15 1 
  4167.36 2.2713e-14   4287.90 1 
  4170.04 2.3166e-14   4290.65 1 
  4172.71 2.1032e-14   4293.40 1 
  4175.38 2.0451e-14   4296.15 1 
  4178.05 2.2057e-14   4298.90 1 
  4180.73 2.0764e-14   4301.65 1 
  4183.40 2.2210e-14   4304.40 1 
  4186.07 2.1309e-14   4307.15 1 
  4188.74 2.1452e-14   4309.90 1 
  4191.42 2.3123e-14   4312.65 1 
  4194.09 2.2037e-14   4315.40 1 
  4196.76 2.1568e-14   4318.15 1 
  4199.44 2.1779e-14   4320.90 1 
  4202.11 2.2934e-14   4323.65 1 
  4204.78 2.0655e-14   4326.40 1 
  4207.45 2.2509e-14   4329.15 1 
  4210.13 2.2945e-14   4331.90 1 
  4212.80 2.3386e-14   4334.65 1 
  4215.47 2.2902e-14   4337.40 1 
  4218.14 2.3165e-14   4340.15 1 
  4220.82 2.3105e-14   4342.90 1 
  4223.49 2.2358e-14   4345.65 1 
  4226.16 2.2717e-14   4348.40 1 
  4228.84 2.1177e-14   4351.15 1 
  4231.51 2.1920e-14   4353.90 1 
  4234.18 2.1872e-14   4356.65 1 
  4236.85 2.3945e-14   4359.40 1 
  4239.53 2.3382e-14   4362.15 1 
  4242.20 2.0543e-14   4364.90 1 
  4244.87 2.2170e-14   4367.65 1 
  4247.54 2.0587e-14   4370.40 1 
  4250.22 2.3690e-14   4373.15 1 
  4252.89 2.3390e-14   4375.90 1 
  4255.56 2.2977e-14   4378.65 1 
  4258.23 2.2972e-14   4381.40 1 
  4260.91 2.2793e-14   4384.15 1 
  4263.58 2.3467e-14   4386.90 1 
  4266.25 2.3135e-14   4389.65 1 
  4268.93 2.3494e-14   4392.40 1 
  4271.60 2.3661e-14   4395.15 1 
  4274.27 2.2056e-14   4397.90 1 
  4276.94 2.1149e-14   4400.65 1 
  4279.62 2.3276e-14   4403.40 1 
  4282.29 2.3147e-14   4406.15 1 
  4284.96 2.3473e-14   4408.90 1 
  4287.63 2.1739e-14   4411.65 1 
  4290.31 2.1653e-14   4414.40 1 
  4292.98 2.1228e-14   4417.15 1 
  4295.65 2.2506e-14   4419.90 1 
  4298.33 2.0581e-14   4422.65 1 
  4301.00 2.2041e-14   4425.40 1 
  4303.67 1.9647e-14   4428.15 1 
  4306.34 1.9766e-14   4430.90 1 
  4309.02 1.9147e-14   4433.65 1 
  4311.69 2.0528e-14   4436.40 1 
  4314.36 2.0460e-14   4439.15 1 
  4317.03 2.3843e-14   4441.90 1 
  4319.71 2.1930e-14   4444.65 1 
  4322.38 2.3311e-14   4447.40 1 
  4325.05 2.3168e-14   4450.15 1 
  4327.72 2.3260e-14   4452.90 1 
  4330.40 2.3821e-14   4455.65 1 
  4333.07 2.2289e-14   4458.40 1 
  4335.74 2.2881e-14   4461.15 1 
  4338.42 2.3428e-14   4463.90 1 
  4341.09 2.5558e-14   4466.65 1 
  4343.76 2.4352e-14   4469.40 1 
  4346.43 2.3334e-14   4472.15 1 
  4349.11 2.1413e-14   4474.90 1 
  4351.78 2.1568e-14   4477.65 1 
  4354.45 2.2622e-14   4480.40 1 
  4357.12 2.3630e-14   4483.15 1 
  4359.80 2.4314e-14   4485.90 1 
  4362.47 2.3124e-14   4488.65 1 
  4365.14 2.5274e-14   4491.40 1 
  4367.82 2.4911e-14   4494.15 1 
  4370.49 2.4455e-14   4496.90 1 
  4373.16 2.1844e-14   4499.65 1 
  4375.83 2.3179e-14   4502.40 1 
  4378.51 2.2338e-14   4505.15 1 
  4381.18 2.3056e-14   4507.90 1 
  4383.85 2.4027e-14   4510.65 1 
  4386.52 2.3053e-14   4513.40 1 
  4389.20 2.3191e-14   4516.15 1 
  4391.87 2.2635e-14   4518.90 1 
  4394.54 2.2095e-14   4521.65 1 
  4397.21 2.3782e-14   4524.40 1 
  4399.89 2.3627e-14   4527.15 1 
  4402.56 2.4218e-14   4529.90 1 
  4405.23 2.3143e-14   4532.65 1 
  4407.91 2.2429e-14   4535.40 1 
  4410.58 2.3001e-14   4538.15 1 
  4413.25 2.2865e-14   4540.90 1 
  4415.92 2.3156e-14   4543.65 1 
  4418.60 2.2716e-14   4546.40 1 
  4421.27 2.2310e-14   4549.15 1 
  4423.94 2.4090e-14   4551.90 1 
  4426.61 2.3730e-14   4554.65 1 
  4429.29 2.2820e-14   4557.40 1 
  4431.96 2.3590e-14   4560.15 1 
  4434.63 2.3330e-14   4562.90 1 
  4437.31 2.4778e-14   4565.65 1 
  4439.98 2.3608e-14   4568.40 1 
  4442.65 2.3238e-14   4571.15 1 
  4445.32 2.3784e-14   4573.90 1 
  4448.00 2.5137e-14   4576.65 1 
  4450.67 2.4979e-14   4579.40 1 
  4453.34 2.4303e-14   4582.15 1 
  4456.01 2.3570e-14   4584.90 1 
  4458.69 2.2556e-14   4587.65 1 
  4461.36 2.2002e-14   4590.40 1 
  4464.03 2.3565e-14   4593.15 1 
  4466.70 2.3972e-14   4595.90 1 
  4469.38 2.4322e-14   4598.65 1 
  4472.05 2.5345e-14   4601.40 1 
  4474.72 2.4555e-14   4604.15 1 
  4477.40 2.3754e-14   4606.90 1 
  4480.07 2.3685e-14   4609.65 1 
  4482.74 2.4216e-14   4612.40 1 
  4485.41 2.5346e-14   4615.15 1 
  4488.09 2.5252e-14   4617.90 1 
  4490.76 2.3925e-14   4620.65 1 
  4493.43 2.5070e-14   4623.40 1 
  4496.10 2.4408e-14   4626.15 1 
  4498.78 2.4667e-14   4628.90 1 
  4501.45 2.5067e-14   4631.65 1 
  4504.12 2.5639e-14   4634.40 1 
  4506.80 2.5222e-14   4637.15 1 
  4509.47 2.6570e-14   4639.90 1 
  4512.14 2.7585e-14   4642.65 1 
  4514.81 2.7110e-14   4645.40 1 
  4517.49 2.6146e-14   4648.15 1 
  4520.16 2.5843e-14   4650.90 1 
  4522.83 2.5463e-14   4653.65 1 
  4525.50 2.4692e-14   4656.40 1 
  4528.18 2.4035e-14   4659.15 1 
  4530.85 2.3559e-14   4661.90 1 
  4533.52 2.4245e-14   4664.65 1 
  4536.19 2.3511e-14   4667.40 1 
  4538.87 2.4516e-14   4670.15 1 
  4541.54 2.4049e-14   4672.90 1 
  4544.21 2.3859e-14   4675.65 1 
  4546.89 2.5110e-14   4678.40 1 
  4549.56 2.3871e-14   4681.15 1 
  4552.23 2.4653e-14   4683.90 1 
  4554.90 2.4674e-14   4686.65 1 
  4557.58 2.4146e-14   4689.40 1 
  4560.25 2.4683e-14   4692.15 1 
  4562.92 2.5234e-14   4694.90 1 
  4565.59 2.5148e-14   4697.65 1 
  4568.27 2.6073e-14   4700.40 1 
  4570.94 2.6008e-14   4703.15 1 
  4573.61 2.4666e-14   4705.90 1 
  4576.29 2.4898e-14   4708.65 1 
  4578.96 2.5711e-14   4711.40 1 
  4581.63 2.4930e-14   4714.15 1 
  4584.30 2.5220e-14   4716.90 1 
  4586.98 2.5195e-14   4719.65 1 
  4589.65 2.5347e-14   4722.40 1 
  4592.32 2.5618e-14   4725.15 1 
  4594.99 2.5137e-14   4727.90 1 
  4597.67 2.5018e-14   4730.65 1 
  4600.34 2.5388e-14   4733.40 1 
  4603.01 2.5600e-14   4736.15 1 
  4605.69 2.6077e-14   4738.90 1 
  4608.36 2.5993e-14   4741.65 1 
  4611.03 2.6408e-14   4744.40 1 
  4613.70 2.6343e-14   4747.15 1 
  4616.38 2.5910e-14   4749.90 1 
  4619.05 2.6793e-14   4752.65 1 
  4621.72 2.7133e-14   4755.40 1 
  4624.39 2.6958e-14   4758.15 1 
  4627.07 2.7242e-14   4760.90 1 
  4629.74 2.7404e-14   4763.65 1 
  4632.41 2.7353e-14   4766.40 1 
  4635.08 2.6115e-14   4769.15 1 
  4637.76 2.5552e-14   4771.90 1 
  4640.43 2.6441e-14   4774.65 1 
  4643.10 2.6253e-14   4777.40 1 
  4645.78 2.5134e-14   4780.15 1 
  4648.45 2.4834e-14   4782.90 1 
  4651.12 2.6216e-14   4785.65 1 
  4653.79 2.5118e-14   4788.40 1 
  4656.47 2.5327e-14   4791.15 1 
  4659.14 2.6443e-14   4793.90 1 
  4661.81 2.6778e-14   4796.65 1 
  4664.48 2.5456e-14   4799.40 1 
  4667.16 2.4494e-14   4802.15 1 
  4669.83 2.5246e-14   4804.90 1 
  4672.50 2.5938e-14   4807.65 1 
  4675.18 2.6561e-14   4810.40 1 
  4677.85 2.5374e-14   4813.15 1 
  4680.52 2.5464e-14   4815.90 1 
  4683.19 2.6000e-14   4818.65 1 
  4685.87 2.6344e-14   4821.40 1 
  4688.54 2.7005e-14   4824.15 1 
  4691.21 2.6782e-14   4826.90 1 
  4693.88 2.6364e-14   4829.65 1 
  4696.56 2.5668e-14   4832.40 1 
  4699.23 2.4619e-14   4835.15 1 
  4701.90 2.4024e-14   4837.90 1 
  4704.57 2.3756e-14   4840.65 1 
  4707.25 2.3381e-14   4843.40 1 
  4709.92 2.3622e-14   4846.15 1 
  4712.59 2.3970e-14   4848.90 1 
  4715.27 2.4714e-14   4851.65 1 
  4717.94 2.4503e-14   4854.40 1 
  4720.61 2.4549e-14   4857.15 1 
  4723.28 2.5651e-14   4859.90 1 
  4725.96 2.5004e-14   4862.65 1 
  4728.63 2.5313e-14   4865.40 1 
  4731.30 2.3852e-14   4868.15 1 
  4733.97 2.3256e-14   4870.90 1 
  4736.65 2.3376e-14   4873.65 1 
  4739.32 2.4593e-14   4876.40 1 
  4741.99 2.4587e-14   4879.15 1 
  4744.67 2.4539e-14   4881.90 1 
  4747.34 2.5310e-14   4884.65 1 
  4750.01 2.5455e-14   4887.40 1 
  4752.68 2.4668e-14   4890.15 1 
  4755.36 2.5579e-14   4892.90 1 
  4758.03 2.4695e-14   4895.65 1 
  4760.70 2.3503e-14   4898.40 1 
  4763.37 2.3936e-14   4901.15 1 
  4766.05 2.3535e-14   4903.90 1 
  4768.72 2.4255e-14   4906.65 1 
  4771.39 2.3958e-14   4909.40 1 
  4774.06 2.4457e-14   4912.15 1 
  4776.74 2.4488e-14   4914.90 1 
  4779.41 2.5534e-14   4917.65 1 
  4782.08 2.5065e-14   4920.40 1 
  4784.76 2.5053e-14   4923.15 1 
  4787.43 2.4466e-14   4925.90 1 
  4790.10 2.5048e-14   4928.65 1 
  4792.77 2.4168e-14   4931.40 1 
  4795.45 2.3645e-14   4934.15 1 
  4798.12 2.5148e-14   4936.90 1 
  4800.79 2.5180e-14   4939.65 1 
  4803.46 2.4494e-14   4942.40 1 
  4806.14 2.4626e-14   4945.15 1 
  4808.81 2.5916e-14   4947.90 1 
  4811.48 2.4597e-14   4950.65 1 
  4814.16 2.3726e-14   4953.40 1 
  4816.83 2.4461e-14   4956.15 1 
  4819.50 2.5034e-14   4958.90 1 
  4822.17 2.4953e-14   4961.65 1 
  4824.85 2.4326e-14   4964.40 1 
  4827.52 2.4480e-14   4967.15 1 
  4830.19 2.3895e-14   4969.90 1 
  4832.86 2.5057e-14   4972.65 1 
  4835.54 2.3759e-14   4975.40 1 
  4838.21 2.4563e-14   4978.15 1 
  4840.88 2.4432e-14   4980.90 1 
  4843.55 2.3883e-14   4983.65 1 
  4846.23 2.4609e-14   4986.40 1 
  4848.90 2.4981e-14   4989.15 1 
  4851.57 2.4672e-14   4991.90 1 
  4854.25 2.5055e-14   4994.65 1 
  4856.92 2.7585e-14   4997.40 1 
  4859.59 3.2185e-14   5000.15 1 
  4862.26 3.5495e-14   5002.90 1 
  4864.94 3.5218e-14   5005.65 1 
  4867.61 2.9699e-14   5008.40 1 
  4870.28 2.5137e-14   5011.15 1 
  4872.95 2.2070e-14   5013.90 1 
  4875.63 2.1612e-14   5016.65 1 
  4878.30 2.1622e-14   5019.40 1 
  4880.97 2.2933e-14   5022.15 1 
  4883.65 2.2588e-14   5024.90 1 
  4886.32 2.3166e-14   5027.65 1 
  4888.99 2.3016e-14   5030.40 1 
  4891.66 2.3894e-14   5033.15 1 
  4894.34 2.1840e-14   5035.90 1 
  4897.01 2.4899e-14   5038.65 1 
  4899.68 2.4046e-14   5041.40 1 
  4902.35 2.3500e-14   5044.15 1 
  4905.03 2.3907e-14   5046.90 1 
  4907.70 2.4234e-14   5049.65 1 
  4910.37 2.3454e-14   5052.40 1 
  4913.04 2.2462e-14   5055.15 1 
  4915.72 2.2979e-14   5057.90 1 
  4918.39 2.1784e-14   5060.65 1 
  4921.06 2.2966e-14   5063.40 1 
  4923.74 2.2578e-14   5066.15 1 
  4926.41 2.3219e-14   5068.90 1 
  4929.08 2.4788e-14   5071.65 1 
  4931.75 2.5616e-14   5074.40 1 
  4934.43 2.4934e-14   5077.15 1 
  4937.10 2.7147e-14   5079.90 1 
  4939.77 2.6871e-14   5082.65 1 
  4942.44 2.7394e-14   5085.40 1 
  4945.12 2.8451e-14   5088.15 1 
  4947.79 2.9536e-14   5090.90 1 
  4950.46 3.0754e-14   5093.65 1 
  4953.14 3.3120e-14   5096.40 1 
  4955.81 3.6493e-14   5099.15 1 
  4958.48 4.0366e-14   5101.90 1 
  4961.15 4.2245e-14   5104.65 1 
  4963.83 4.1163e-14   5107.40 1 
  4966.50 3.4767e-14   5110.15 1 
  4969.17 2.8948e-14   5112.90 1 
  4971.84 2.7449e-14   5115.65 1 
  4974.52 2.6032e-14   5118.40 1 
  4977.19 2.5958e-14   5121.15 1 
  4979.86 2.8555e-14   5123.90 1 
  4982.54 2.8307e-14   5126.65 1 
  4985.21 3.0777e-14   5129.40 1 
  4987.88 3.2908e-14   5132.15 1 
  4990.55 3.5476e-14   5134.90 1 
  4993.23 3.7940e-14   5137.65 1 
  4995.90 3.9800e-14   5140.40 1 
  4998.57 4.2890e-14   5143.15 1 
  5001.24 4.9362e-14   5145.90 1 
  5003.92 6.0681e-14   5148.65 1 
  5006.59 7.3901e-14   5151.40 1 
  5009.26 8.1633e-14   5154.15 1 
  5011.93 7.1170e-14   5156.90 1 
  5014.61 5.3986e-14   5159.65 1 
  5017.28 3.7495e-14   5162.40 1 
  5019.95 2.8068e-14   5165.15 1 
  5022.63 2.5878e-14   5167.90 1 
  5025.30 2.4285e-14   5170.65 1 
  5027.97 2.1494e-14   5173.40 1 
  5030.64 2.3966e-14   5176.15 1 
  5033.32 2.2699e-14   5178.90 1 
  5035.99 2.3323e-14   5181.65 1 
  5038.66 2.3076e-14   5184.40 1 
  5041.33 2.3659e-14   5187.15 1 
  5044.01 2.3966e-14   5189.90 1 
  5046.68 2.2805e-14   5192.65 1 
  5049.35 2.2483e-14   5195.40 1 
  5052.03 2.2484e-14   5198.15 1 
  5054.70 2.4070e-14   5200.90 1 
  5057.37 2.3745e-14   5203.65 1 
  5060.04 2.3123e-14   5206.40 1 
  5062.72 2.3872e-14   5209.15 1 
  5065.39 2.3313e-14   5211.90 1 
  5068.06 2.3054e-14   5214.65 1 
  5070.73 2.4231e-14   5217.40 1 
  5073.41 2.2203e-14   5220.15 1 
  5076.08 2.2026e-14   5222.90 1 
  5078.75 2.1732e-14   5225.65 1 
  5081.42 2.2128e-14   5228.40 1 
  5084.10 2.0863e-14   5231.15 1 
  5086.77 2.1946e-14   5233.90 1 
  5089.44 2.2843e-14   5236.65 1 
  5092.12 2.3736e-14   5239.40 1 
  5094.79 2.3868e-14   5242.15 1 
  5097.46 2.2899e-14   5244.90 1 
  5100.13 2.3785e-14   5247.65 1 
  5102.81 2.2862e-14   5250.40 1 
  5105.48 2.2572e-14   5253.15 1 
  5108.15 2.1476e-14   5255.90 1 
  5110.82 2.2474e-14   5258.65 1 
  5113.50 2.2361e-14   5261.40 1 
  5116.17 2.2591e-14   5264.15 1 
  5118.84 2.2130e-14   5266.90 1 
  5121.52 2.3505e-14   5269.65 1 
  5124.19 2.1598e-14   5272.40 1 
  5126.86 2.2249e-14   5275.15 1 
  5129.53 2.2755e-14   5277.90 1 
  5132.21 2.3031e-14   5280.65 1 
  5134.88 2.2828e-14   5283.40 1 
  5137.55 2.2878e-14   5286.15 1 
  5140.22 2.3913e-14   5288.90 1 
  5142.90 2.3144e-14   5291.65 1 
  5145.57 2.2099e-14   5294.40 1 
  5148.24 2.2263e-14   5297.15 1 
  5150.91 2.2780e-14   5299.90 1 
  5153.59 2.1397e-14   5302.65 1 
  5156.26 2.2553e-14   5305.40 1 
  5158.93 2.3390e-14   5308.15 1 
  5161.61 2.2915e-14   5310.90 1 
  5164.28 2.2277e-14   5313.65 1 
  5166.95 2.1220e-14   5316.40 1 
  5169.62 2.0126e-14   5319.15 1 
  5172.30 1.9132e-14   5321.90 1 
  5174.97 2.2094e-14   5324.65 1 
  5177.64 2.1045e-14   5327.40 1 
  5180.31 2.0651e-14   5330.15 1 
  5182.99 2.1663e-14   5332.90 1 
  5185.66 2.0760e-14   5335.65 1 
  5188.33 2.0502e-14   5338.40 1 
  5191.01 2.2275e-14   5341.15 1 
  5193.68 2.2715e-14   5343.90 1 
  5196.35 2.3707e-14   5346.65 1 
  5199.02 2.3887e-14   5349.40 1 
  5201.70 2.3318e-14   5352.15 1 
  5204.37 2.4493e-14   5354.90 1 
  5207.04 2.2476e-14   5357.65 1 
  5209.71 2.2059e-14   5360.40 1 
  5212.39 2.2308e-14   5363.15 1 
  5215.06 2.3201e-14   5365.90 1 
  5217.73 2.1910e-14   5368.65 1 
  5220.40 2.4096e-14   5371.40 1 
  5223.08 2.2494e-14   5374.15 1 
  5225.75 2.2656e-14   5376.90 1 
  5228.42 2.2838e-14   5379.65 1 
  5231.10 2.1879e-14   5382.40 1 
  5233.77 2.2013e-14   5385.15 1 
  5236.44 2.3812e-14   5387.90 1 
  5239.11 2.3214e-14   5390.65 1 
  5241.79 2.1650e-14   5393.40 1 
  5244.46 2.2866e-14   5396.15 1 
  5247.13 2.3435e-14   5398.90 1 
  5249.80 2.2939e-14   5401.65 1 
  5252.48 2.2329e-14   5404.40 1 
  5255.15 2.3036e-14   5407.15 1 
  5257.82 2.3445e-14   5409.90 1 
  5260.50 2.3023e-14   5412.65 1 
  5263.17 2.1600e-14   5415.40 1 
  5265.84 2.2042e-14   5418.15 1 
  5268.51 2.1308e-14   5420.90 1 
  5271.19 2.0798e-14   5423.65 1 
  5273.86 2.0761e-14   5426.40 1 
  5276.53 2.2274e-14   5429.15 1 
  5279.20 2.2356e-14   5431.90 1 
  5281.88 2.2707e-14   5434.65 1 
  5284.55 2.2960e-14   5437.40 1 
  5287.22 2.3500e-14   5440.15 1 
  5289.89 2.4337e-14   5442.90 1 
  5292.57 2.3617e-14   5445.65 1 
  5295.24 2.3738e-14   5448.40 1 
  5297.91 2.3908e-14   5451.15 1 
  5300.59 2.2349e-14   5453.90 1 
  5303.26 2.4061e-14   5456.65 1 
  5305.93 2.3514e-14   5459.40 1 
  5308.60 2.4036e-14   5462.15 1 
  5311.28 2.4375e-14   5464.90 1 
  5313.95 2.2900e-14   5467.65 1 
  5316.62 2.3030e-14   5470.40 1 
  5319.29 2.4584e-14   5473.15 1 
  5321.97 2.4347e-14   5475.90 1 
  5324.64 2.1707e-14   5478.65 1 
  5327.31 2.3284e-14   5481.40 1 
  5329.99 2.2104e-14   5484.15 1 
  5332.66 2.2790e-14   5486.90 1 
  5335.33 2.2900e-14   5489.65 1 
  5338.00 2.3642e-14   5492.40 1 
  5340.68 2.3414e-14   5495.15 1 
  5343.35 2.3641e-14   5497.90 1 
  5346.02 2.3499e-14   5500.65 1 
  5348.69 2.2774e-14   5503.40 1 
  5351.37 2.3112e-14   5506.15 1 
  5354.04 2.3010e-14   5508.90 1 
  5356.71 2.3373e-14   5511.65 1 
  5359.39 2.4455e-14   5514.40 1 
  5362.06 2.4052e-14   5517.15 1 
  5364.73 2.4820e-14   5519.90 1 
  5367.40 2.3513e-14   5522.65 1 
  5370.08 2.2126e-14   5525.40 1 
  5372.75 2.3292e-14   5528.15 1 
  5375.42 2.3107e-14   5530.90 1 
  5378.09 2.2997e-14   5533.65 1 
  5380.77 2.3978e-14   5536.40 1 
  5383.44 2.3610e-14   5539.15 1 
  5386.11 2.4157e-14   5541.90 1 
  5388.78 2.3981e-14   5544.65 1 
  5391.46 2.3601e-14   5547.40 1 
  5394.13 2.2788e-14   5550.15 1 
  5396.80 2.2374e-14   5552.90 1 
  5399.48 2.1642e-14   5555.65 1 
  5402.15 2.2594e-14   5558.40 1 
  5404.82 2.2444e-14   5561.15 1 
  5407.49 2.1592e-14   5563.90 1 
  5410.17 2.2159e-14   5566.65 1 
  5412.84 2.0944e-14   5569.40 1 
  5415.51 2.2598e-14   5572.15 1 
  5418.18 2.3231e-14   5574.90 1 
  5420.86 2.2725e-14   5577.65 1 
  5423.53 2.2727e-14   5580.40 1 
  5426.20 2.3352e-14   5583.15 1 
  5428.88 2.4327e-14   5585.90 1 
  5431.55 2.4179e-14   5588.65 1 
  5434.22 2.3366e-14   5591.40 1 
  5436.89 2.2864e-14   5594.15 1 
  5439.57 2.3212e-14   5596.90 1 
  5442.24 2.3163e-14   5599.65 1 
  5444.91 2.4131e-14   5602.40 1 
  5447.58 2.4392e-14   5605.15 1 
  5450.26 2.3184e-14   5607.90 1 
  5452.93 2.2728e-14   5610.65 1 
  5455.60 2.3019e-14   5613.40 1 
  5458.27 2.3314e-14   5616.15 1 
  5460.95 2.3406e-14   5618.90 1 
  5463.62 2.2302e-14   5621.65 1 
  5466.29 2.2418e-14   5624.40 1 
  5468.97 2.2760e-14   5627.15 1 
  5471.64 2.3123e-14   5629.90 1 
  5474.31 2.3284e-14   5632.65 1 
  5476.98 2.3474e-14   5635.40 1 
  5479.66 2.2406e-14   5638.15 1 
  5482.33 2.2481e-14   5640.90 1 
  5485.00 2.3508e-14   5643.65 1 
  5487.67 2.2482e-14   5646.40 1 
  5490.35 2.2629e-14   5649.15 1 
  5493.02 2.3687e-14   5651.90 1 
  5495.69 2.2810e-14   5654.65 1 
  5498.37 2.4084e-14   5657.40 1 
  5501.04 2.3276e-14   5660.15 1 
  5503.71 2.3371e-14   5662.90 1 
  5506.38 2.3670e-14   5665.65 1 
  5509.06 2.2884e-14   5668.40 1 
  5511.73 2.3053e-14   5671.15 1 
  5514.40 2.3772e-14   5673.90 1 
  5517.07 2.3436e-14   5676.65 1 
  5519.75 2.3955e-14   5679.40 1 
  5522.42 2.3173e-14   5682.15 1 
  5525.09 2.2479e-14   5684.90 1 
  5527.76 2.2348e-14   5687.65 1 
  5530.44 2.3919e-14   5690.40 1 
  5533.11 2.4171e-14   5693.15 1 
  5535.78 2.3828e-14   5695.90 1 
  5538.46 2.2778e-14   5698.65 1 
  5541.13 2.3655e-14   5701.40 1 
  5543.80 2.3783e-14   5704.15 1 
  5546.47 2.3279e-14   5706.90 1 
  5549.15 2.2876e-14   5709.65 1 
  5551.82 2.3403e-14   5712.40 1 
  5554.49 2.4190e-14   5715.15 1 
  5557.16 2.3701e-14   5717.90 1 
  5559.84 2.3680e-14   5720.65 1 
  5562.51 2.4555e-14   5723.40 1 
  5565.18 2.3056e-14   5726.15 1 
  5567.86 2.2531e-14   5728.90 1 
  5570.53 2.3703e-14   5731.65 1 
  5573.20 2.2958e-14   5734.40 1 
  5575.87 2.2275e-14   5737.15 1 
  5578.55 2.2759e-14   5739.90 1 
  5581.22 2.3357e-14   5742.65 1 
  5583.89 2.2399e-14   5745.40 1 
  5586.56 2.1459e-14   5748.15 1 
  5589.24 2.0705e-14   5750.90 1 
  5591.91 2.1448e-14   5753.65 1 
  5594.58 2.1686e-14   5756.40 1 
  5597.25 2.3002e-14   5759.15 1 
  5599.93 2.1981e-14   5761.90 1 
  5602.60 2.2112e-14   5764.65 1 
  5605.27 2.1958e-14   5767.40 1 
  5607.95 2.3603e-14   5770.15 1 
  5610.62 2.3636e-14   5772.90 1 
  5613.29 2.3535e-14   5775.65 1 
  5615.96 2.3590e-14   5778.40 1 
  5618.64 2.2160e-14   5781.15 1 
  5621.31 2.2356e-14   5783.90 1 
  5623.98 2.2130e-14   5786.65 1 
  5626.65 2.1842e-14   5789.40 1 
  5629.33 2.2964e-14   5792.15 1 
  5632.00 2.3280e-14   5794.90 1 
  5634.67 2.3574e-14   5797.65 1 
  5637.35 2.2809e-14   5800.40 1 
  5640.02 2.3358e-14   5803.15 1 
  5642.69 2.2734e-14   5805.90 1 
  5645.36 2.2220e-14   5808.65 1 
  5648.04 2.3103e-14   5811.40 1 
  5650.71 2.2885e-14   5814.15 1 
  5653.38 2.3257e-14   5816.90 1 
  5656.05 2.3984e-14   5819.65 1 
  5658.73 2.2843e-14   5822.40 1 
  5661.40 2.1602e-14   5825.15 1 
  5664.07 2.3491e-14   5827.90 1 
  5666.74 2.3338e-14   5830.65 1 
  5669.42 2.3695e-14   5833.40 1 
  5672.09 2.3229e-14   5836.15 1 
  5674.76 2.2371e-14   5838.90 1 
  5677.44 2.4456e-14   5841.65 1 
  5680.11 2.4064e-14   5844.40 1 
  5682.78 2.3591e-14   5847.15 1 
  5685.45 2.2785e-14   5849.90 1 
  5688.13 2.1960e-14   5852.65 1 
  5690.80 2.2432e-14   5855.40 1 
  5693.47 2.2458e-14   5858.15 1 
  5696.14 2.3122e-14   5860.90 1 
  5698.82 2.2546e-14   5863.65 1 
  5701.49 2.2974e-14   5866.40 1 
  5704.16 2.3545e-14   5869.15 1 
  5706.84 2.3205e-14   5871.90 1 
  5709.51 2.1573e-14   5874.65 1 
  5712.18 2.1207e-14   5877.40 1 
  5714.85 2.1721e-14   5880.15 1 
  5717.53 2.2435e-14   5882.90 1 
  5720.20 2.4029e-14   5885.65 1 
  5722.87 2.2530e-14   5888.40 1 
  5725.54 2.2875e-14   5891.15 1 
  5728.22 2.4438e-14   5893.90 1 
  5730.89 2.3425e-14   5896.65 1 
  5733.56 2.2620e-14   5899.40 1 
  5736.24 2.3395e-14   5902.15 1 
  5738.91 2.3610e-14   5904.90 1 
  5741.58 2.4765e-14   5907.65 1 
  5744.25 2.4011e-14   5910.40 1 
  5746.93 2.3304e-14   5913.15 1 
  5749.60 2.3592e-14   5915.90 1 
  5752.27 2.3841e-14   5918.65 1 
  5754.94 2.2749e-14   5921.40 1 
  5757.62 2.3757e-14   5924.15 1 
  5760.29 2.2826e-14   5926.90 1 
  5762.96 2.2886e-14   5929.65 1 
  5765.63 2.3266e-14   5932.40 1 
  5768.31 2.3242e-14   5935.15 1 
  5770.98 2.3144e-14   5937.90 1 
  5773.65 2.3536e-14   5940.65 1 
  5776.33 2.2841e-14   5943.40 1 
  5779.00 2.1987e-14   5946.15 1 
  5781.67 2.2604e-14   5948.90 1 
  5784.34 2.2172e-14   5951.65 1 
  5787.02 2.1170e-14   5954.40 1 
  5789.69 2.4030e-14   5957.15 1 
  5792.36 2.3365e-14   5959.90 1 
  5795.03 2.3880e-14   5962.65 1 
  5797.71 2.4147e-14   5965.40 1 
  5800.38 2.3866e-14   5968.15 1 
  5803.05 2.4093e-14   5970.90 1 
  5805.73 2.2294e-14   5973.65 1 
  5808.40 2.2281e-14   5976.40 1 
  5811.07 2.2152e-14   5979.15 1 
  5813.74 2.3084e-14   5981.90 1 
  5816.42 2.2909e-14   5984.65 1 
  5819.09 2.3404e-14   5987.40 1 
  5821.76 2.3569e-14   5990.15 1 
  5824.43 2.2599e-14   5992.90 1 
  5827.11 2.3172e-14   5995.65 1 
  5829.78 2.3675e-14   5998.40 1 
  5832.45 2.4674e-14   6001.15 1 
  5835.12 2.5235e-14   6003.90 1 
  5837.80 2.4253e-14   6006.65 1 
  5840.47 2.3392e-14   6009.40 1 
  5843.14 2.2036e-14   6012.15 1 
  5845.82 2.2709e-14   6014.90 1 
  5848.49 2.3637e-14   6017.65 1 
  5851.16 2.3205e-14   6020.40 1 
  5853.83 2.3048e-14   6023.15 1 
  5856.51 2.2753e-14   6025.90 1 
  5859.18 2.2457e-14   6028.65 1 
  5861.85 2.1969e-14   6031.40 1 
  5864.52 2.1797e-14   6034.15 1 
  5867.20 2.3201e-14   6036.90 1 
  5869.87 2.3676e-14   6039.65 1 
  5872.54 2.4483e-14   6042.40 1 
  5875.22 2.5469e-14   6045.15 1 
  5877.89 2.5554e-14   6047.90 1 
  5880.56 2.4971e-14   6050.65 1 
  5883.23 2.4769e-14   6053.40 1 
  5885.91 2.3296e-14   6056.15 1 
  5888.58 2.2096e-14   6058.90 1 
  5891.25 2.1839e-14   6061.65 1 
  5893.92 2.0857e-14   6064.40 1 
  5896.60 2.1434e-14   6067.15 1 
  5899.27 2.0947e-14   6069.90 1 
  5901.94 2.1990e-14   6072.65 1 
  5904.61 2.1736e-14   6075.40 1 
  5907.29 2.1339e-14   6078.15 1 
  5909.96 2.0944e-14   6080.90 1 
  5912.63 2.1925e-14   6083.65 1 
  5915.31 2.2484e-14   6086.40 1 
  5917.98 2.3033e-14   6089.15 1 
  5920.65 2.3182e-14   6091.90 1 
  5923.32 2.1954e-14   6094.65 1 
  5926.00 2.2161e-14   6097.40 1 
  5928.67 2.1273e-14   6100.15 1 
  5931.34 2.1969e-14   6102.90 1 
  5934.01 2.2036e-14   6105.65 1 
  5936.69 2.1038e-14   6108.40 1 
  5939.36 2.2022e-14   6111.15 1 
  5942.03 2.2202e-14   6113.90 1 
  5944.71 2.2950e-14   6116.65 1 
  5947.38 2.1771e-14   6119.40 1 
  5950.05 2.2266e-14   6122.15 1 
  5952.72 2.2003e-14   6124.90 1 
  5955.40 2.2719e-14   6127.65 1 
  5958.07 2.1673e-14   6130.40 1 
  5960.74 2.1728e-14   6133.15 1 
  5963.41 2.3023e-14   6135.90 1 
  5966.09 2.2506e-14   6138.65 1 
  5968.76 2.2948e-14   6141.40 1 
  5971.43 2.2862e-14   6144.15 1 
  5974.10 2.1992e-14   6146.90 1 
  5976.78 2.2684e-14   6149.65 1 
  5979.45 2.2510e-14   6152.40 1 
  5982.12 2.2147e-14   6155.15 1 
  5984.80 2.2363e-14   6157.90 1 
  5987.47 2.2443e-14   6160.65 1 
  5990.14 2.2155e-14   6163.40 1 
  5992.81 2.1775e-14   6166.15 1 
  5995.49 2.1277e-14   6168.90 1 
  5998.16 2.2083e-14   6171.65 1 
  6000.83 2.2121e-14   6174.40 1 
  6003.50 2.2127e-14   6177.15 1 
  6006.18 2.1564e-14   6179.90 1 
  6008.85 2.2737e-14   6182.65 1 
  6011.52 2.1392e-14   6185.40 1 
  6014.20 2.1496e-14   6188.15 1 
  6016.87 2.1405e-14   6190.90 1 
  6019.54 2.1786e-14   6193.65 1 
  6022.21 2.1912e-14   6196.40 1 
  6024.89 2.1401e-14   6199.15 1 
  6027.56 2.1874e-14   6201.90 1 
  6030.23 2.2606e-14   6204.65 1 
  6032.90 2.3106e-14   6207.40 1 
  6035.58 2.2123e-14   6210.15 1 
  6038.25 2.2871e-14   6212.90 1 
  6040.92 2.2637e-14   6215.65 1 
  6043.59 2.2127e-14   6218.40 1 
  6046.27 2.3498e-14   6221.15 1 
  6048.94 2.3435e-14   6223.90 1 
  6051.61 2.3362e-14   6226.65 1 
  6054.29 2.2862e-14   6229.40 1 
  6056.96 2.3521e-14   6232.15 1 
  6059.63 2.3960e-14   6234.90 1 
  6062.30 2.2758e-14   6237.65 1 
  6064.98 2.2641e-14   6240.40 1 
  6067.65 2.1676e-14   6243.15 1 
  6070.32 2.2835e-14   6245.90 1 
  6072.99 2.2424e-14   6248.65 1 
  6075.67 2.2330e-14   6251.40 1 
  6078.34 2.4799e-14   6254.15 1 
  6081.01 2.4270e-14   6256.90 1 
  6083.69 2.3399e-14   6259.65 1 
  6086.36 2.3174e-14   6262.40 1 
  6089.03 2.2596e-14   6265.15 1 
  6091.70 2.1901e-14   6267.90 1 
  6094.38 2.1143e-14   6270.65 1 
  6097.05 2.1986e-14   6273.40 1 
  6099.72 2.3183e-14   6276.15 1 
  6102.39 2.3668e-14   6278.90 1 
  6105.07 2.1123e-14   6281.65 1 
  6107.74 2.1168e-14   6284.40 1 
  6110.41 2.2185e-14   6287.15 1 
  6113.09 2.2408e-14   6289.90 1 
  6115.76 2.2407e-14   6292.65 1 
  6118.43 2.1544e-14   6295.40 1 
  6121.10 2.3038e-14   6298.15 1 
  6123.78 2.2448e-14   6300.90 1 
  6126.45 2.1862e-14   6303.65 1 
  6129.12 2.1162e-14   6306.40 1 
  6131.79 2.2917e-14   6309.15 1 
  6134.47 2.2189e-14   6311.90 1 
  6137.14 2.2251e-14   6314.65 1 
  6139.81 2.1346e-14   6317.40 1 
  6142.48 2.1971e-14   6320.15 1 
  6145.16 2.2012e-14   6322.90 1 
  6147.83 2.2356e-14   6325.65 1 
  6150.50 2.1657e-14   6328.40 1 
  6153.18 2.0620e-14   6331.15 1 
  6155.85 2.1583e-14   6333.90 1 
  6158.52 2.2420e-14   6336.65 1 
  6161.19 2.1591e-14   6339.40 1 
  6163.87 2.1810e-14   6342.15 1 
  6166.54 2.1131e-14   6344.90 1 
  6169.21 2.0429e-14   6347.65 1 
  6171.88 2.0737e-14   6350.40 1 
  6174.56 2.0902e-14   6353.15 1 
  6177.23 2.0647e-14   6355.90 1 
  6179.90 2.1450e-14   6358.65 1 
  6182.58 2.1966e-14   6361.40 1 
  6185.25 2.0759e-14   6364.15 1 
  6187.92 2.1400e-14   6366.90 1 
  6190.59 2.1076e-14   6369.65 1 
  6193.27 2.1743e-14   6372.40 1 
  6195.94 2.0437e-14   6375.15 1 
  6198.61 2.1428e-14   6377.90 1 
  6201.28 2.0885e-14   6380.65 1 
  6203.96 2.2112e-14   6383.40 1 
  6206.63 2.2763e-14   6386.15 1 
  6209.30 2.1958e-14   6388.90 1 
  6211.97 2.1912e-14   6391.65 1 
  6214.65 2.1979e-14   6394.40 1 
  6217.32 2.1334e-14   6397.15 1 
  6219.99 2.0012e-14   6399.90 1 
  6222.67 2.0555e-14   6402.65 1 
  6225.34 2.1146e-14   6405.40 1 
  6228.01 2.0658e-14   6408.15 1 
  6230.68 2.0476e-14   6410.90 1 
  6233.36 2.1182e-14   6413.65 1 
  6236.03 2.1721e-14   6416.40 1 
  6238.70 2.1343e-14   6419.15 1 
  6241.37 2.0941e-14   6421.90 1 
  6244.05 2.1520e-14   6424.65 1 
  6246.72 2.1486e-14   6427.40 1 
  6249.39 2.1305e-14   6430.15 1 
  6252.07 2.0821e-14   6432.90 1 
  6254.74 2.0421e-14   6435.65 1 
  6257.41 2.0024e-14   6438.40 1 
  6260.08 1.9604e-14   6441.15 1 
  6262.76 2.1297e-14   6443.90 1 
  6265.43 2.1713e-14   6446.65 1 
  6268.10 2.1401e-14   6449.40 1 
  6270.77 2.1900e-14   6452.15 1 
  6273.45 2.1832e-14   6454.90 1 
  6276.12 2.3365e-14   6457.65 1 
  6278.79 2.2451e-14   6460.40 1 
  6281.46 2.2349e-14   6463.15 1 
  6284.14 2.1757e-14   6465.90 1 
  6286.81 2.1331e-14   6468.65 1 
  6289.48 2.1764e-14   6471.40 1 
  6292.16 2.0925e-14   6474.15 1 
  6294.83 2.1926e-14   6476.90 1 
  6297.50 2.2932e-14   6479.65 1 
  6300.17 2.4749e-14   6482.40 1 
  6302.85 2.5216e-14   6485.15 1 
  6305.52 2.4511e-14   6487.90 1 
  6308.19 2.4150e-14   6490.65 1 
  6310.86 2.4185e-14   6493.40 1 
  6313.54 2.2542e-14   6496.15 1 
  6316.21 2.2001e-14   6498.90 1 
  6318.88 2.1152e-14   6501.65 1 
  6321.56 2.0181e-14   6504.40 1 
  6324.23 2.1507e-14   6507.15 1 
  6326.90 2.0410e-14   6509.90 1 
  6329.57 2.0776e-14   6512.65 1 
  6332.25 2.2833e-14   6515.40 1 
  6334.92 2.0779e-14   6518.15 1 
  6337.59 2.2338e-14   6520.90 1 
  6340.26 2.1221e-14   6523.65 1 
  6342.94 2.2784e-14   6526.40 1 
  6345.61 2.2167e-14   6529.15 1 
  6348.28 2.1733e-14   6531.90 1 
  6350.95 2.0152e-14   6534.65 1 
  6353.63 1.9983e-14   6537.40 1 
  6356.30 2.1255e-14   6540.15 1 
  6358.97 2.1965e-14   6542.90 1 
  6361.65 2.1491e-14   6545.65 1 
  6364.32 2.0969e-14   6548.40 1 
  6366.99 2.3421e-14   6551.15 1 
  6369.66 2.1140e-14   6553.90 1 
  6372.34 2.0754e-14   6556.65 1 
  6375.01 2.0300e-14   6559.40 1 
  6377.68 2.1783e-14   6562.15 1 
  6380.35 2.0355e-14   6564.90 1 
  6383.03 2.0982e-14   6567.65 1 
  6385.70 2.2498e-14   6570.40 1 
  6388.37 2.1755e-14   6573.15 1 
  6391.05 2.0583e-14   6575.90 1 
  6393.72 1.9387e-14   6578.65 1 
  6396.39 2.0374e-14   6581.40 1 
  6399.06 1.9336e-14   6584.15 1 
  6401.74 2.0981e-14   6586.90 1 
  6404.41 2.1184e-14   6589.65 1 
  6407.08 2.0368e-14   6592.40 1 
  6409.75 2.2109e-14   6595.15 1 
  6412.43 2.2409e-14   6597.90 1 
  6415.10 2.1767e-14   6600.65 1 
  6417.77 2.1726e-14   6603.40 1 
  6420.44 2.1850e-14   6606.15 1 
  6423.12 2.1422e-14   6608.90 1 
  6425.79 2.0983e-14   6611.65 1 
  6428.46 2.1356e-14   6614.40 1 
  6431.14 2.0979e-14   6617.15 1 
  6433.81 2.0673e-14   6619.90 1 
  6436.48 2.1061e-14   6622.65 1 
  6439.15 2.1840e-14   6625.40 1 
  6441.83 2.1889e-14   6628.15 1 
  6444.50 2.0996e-14   6630.90 1 
  6447.17 2.1153e-14   6633.65 1 
  6449.84 2.1881e-14   6636.40 1 
  6452.52 2.2050e-14   6639.15 1 
  6455.19 2.1409e-14   6641.90 1 
  6457.86 2.0883e-14   6644.65 1 
  6460.54 2.2081e-14   6647.40 1 
  6463.21 2.2186e-14   6650.15 1 
  6465.88 2.1227e-14   6652.90 1 
  6468.55 2.1836e-14   6655.65 1 
  6471.23 2.2826e-14   6658.40 1 
  6473.90 2.2966e-14   6661.15 1 
  6476.57 2.2805e-14   6663.90 1 
  6479.24 2.2034e-14   6666.65 1 
  6481.92 2.1843e-14   6669.40 1 
  6484.59 2.1778e-14   6672.15 1 
  6487.26 2.2523e-14   6674.90 1 
  6489.94 2.2289e-14   6677.65 1 
  6492.61 2.2286e-14   6680.40 1 
  6495.28 2.0818e-14   6683.15 1 
  6497.95 2.0742e-14   6685.90 1 
  6500.63 2.1876e-14   6688.65 1 
  6503.30 2.2126e-14   6691.40 1 
  6505.97 2.1265e-14   6694.15 1 
  6508.64 2.1916e-14   6696.90 1 
  6511.32 2.2946e-14   6699.65 1 
  6513.99 2.1543e-14   6702.40 1 
  6516.66 2.2117e-14   6705.15 1 
  6519.33 2.2813e-14   6707.90 1 
  6522.01 2.3253e-14   6710.65 1 
  6524.68 2.2678e-14   6713.40 1 
  6527.35 2.3677e-14   6716.15 1 
  6530.03 2.3944e-14   6718.90 1 
  6532.70 2.4523e-14   6721.65 1 
  6535.37 2.3589e-14   6724.40 1 
  6538.04 2.5564e-14   6727.15 1 
  6540.72 2.6993e-14   6729.90 1 
  6543.39 2.8763e-14   6732.65 1 
  6546.06 3.2352e-14   6735.40 1 
  6548.73 3.9103e-14   6738.15 1 
  6551.41 3.7864e-14   6740.90 1 
  6554.08 3.7715e-14   6743.65 1 
  6556.75 4.3191e-14   6746.40 1 
  6559.43 5.7973e-14   6749.15 1 
  6562.10 7.9911e-14   6751.90 1 
  6564.77 9.1222e-14   6754.65 1 
  6567.44 7.6119e-14   6757.40 1 
  6570.12 5.1583e-14   6760.15 1 
  6572.79 3.6436e-14   6762.90 1 
  6575.46 3.2247e-14   6765.65 1 
  6578.13 3.5132e-14   6768.40 1 
  6580.81 4.6295e-14   6771.15 1 
  6583.48 5.7394e-14   6773.90 1 
  6586.15 5.9120e-14   6776.65 1 
  6588.82 5.1143e-14   6779.40 1 
  6591.50 3.7956e-14   6782.15 1 
  6594.17 3.1760e-14   6784.90 1 
  6596.84 2.6555e-14   6787.65 1 
  6599.52 2.4396e-14   6790.40 1 
  6602.19 2.3146e-14   6793.15 1 
  6604.86 2.1388e-14   6795.90 1 
  6607.53 2.3686e-14   6798.65 1 
  6610.21 2.2009e-14   6801.40 1 
  6612.88 2.2929e-14   6804.15 1 
  6615.55 2.4639e-14   6806.90 1 
  6618.22 2.3354e-14   6809.65 1 
  6620.90 2.3355e-14   6812.40 1 
  6623.57 2.2259e-14   6815.15 1 
  6626.24 2.2059e-14   6817.90 1 
  6628.92 2.1539e-14   6820.65 1 
  6631.59 2.2598e-14   6823.40 1 
  6634.26 2.3246e-14   6826.15 1 
  6636.93 2.3901e-14   6828.90 1 
  6646.86 2.0899e-14   6839.12 0 
  6662.18 2.0756e-14   6854.88 0 
  6677.54 2.0805e-14   6870.68 0 
  6692.94 2.0615e-14   6886.52 0 
  6708.37 2.0616e-14   6902.40 0 
  6723.83 1.9508e-14   6918.31 0 
  6739.33 2.0335e-14   6934.26 0 
  6754.87 1.9827e-14   6950.24 0 
  6770.44 2.0384e-14   6966.26 0 
  6786.05 2.0620e-14   6982.33 0 
  6801.69 1.9921e-14   6998.42 0 
  6817.37 2.0153e-14   7014.55 0 
  6833.08 2.0293e-14   7030.72 0 
  6848.84 1.9381e-14   7046.93 0 
  6864.62 1.9471e-14   7063.18 0 
  6880.45 1.9607e-14   7079.46 0 
  6896.31 1.9835e-14   7095.78 0 
  6912.21 1.9790e-14   7112.14 0 
  6928.14 1.9565e-14   7128.53 0 
  6944.11 2.0114e-14   7144.96 0 
  6960.12 1.9747e-14   7161.43 0 
  6976.16 2.0442e-14   7177.94 0 
  6992.25 2.0396e-14   7194.49 0 
  7008.37 1.9796e-14   7211.08 0 
  7024.52 1.9346e-14   7227.70 0 
  7040.71 2.0166e-14   7244.36 0 
  7056.95 2.0875e-14   7261.06 0 
  7073.21 1.8952e-14   7277.80 0 
  7089.52 1.9484e-14   7294.57 0 
  7105.86 1.8997e-14   7311.39 0 
  7122.24 1.8911e-14   7328.25 0 
  7138.66 1.7936e-14   7345.14 0 
  7155.12 1.8103e-14   7362.07 0 
  7171.61 1.7897e-14   7379.04 0 
  7188.14 1.7939e-14   7396.05 0 
  7204.71 1.8231e-14   7413.10 0 
  7221.32 1.8700e-14   7430.19 0 
  7237.97 1.9048e-14   7447.32 0 
  7254.65 1.9270e-14   7464.49 0 
  7271.38 1.8788e-14   7481.70 0 
  7288.14 1.8789e-14   7498.94 0 
  7304.94 1.9495e-14   7516.23 0 
  7321.78 1.9451e-14   7533.56 0 
  7338.66 1.9363e-14   7550.92 0 
  7355.58 1.9724e-14   7568.33 0 
  7372.53 1.9454e-14   7585.78 0 
  7389.53 1.9635e-14   7603.26 0 
  7406.56 1.9501e-14   7620.79 0 
  7423.63 1.9102e-14   7638.36 0 
  7440.75 1.9865e-14   7655.97 0 
  7457.90 1.9821e-14   7673.61 0 
  7475.09 1.9959e-14   7691.30 0 
  7492.33 1.9777e-14   7709.04 0 
  7509.60 1.9961e-14   7726.81 0 
  7526.91 2.0147e-14   7744.62 0 
  7544.26 2.0148e-14   7762.47 0 
  7561.65 1.9872e-14   7780.37 0 
  7579.08 1.9421e-14   7798.30 0 
  7596.55 1.9155e-14   7816.28 0 
  7614.07 1.8893e-14   7834.30 0 
  7631.62 1.8982e-14   7852.36 0 
  7649.21 1.9026e-14   7870.46 0 
  7666.85 1.8171e-14   7888.60 0 
  7684.52 1.8467e-14   7906.79 0 
  7702.23 1.8131e-14   7925.01 0 
  7719.99 1.7924e-14   7943.28 0 
  7737.79 1.8258e-14   7961.59 0 
  7755.62 1.7317e-14   7979.95 0 
  7773.50 1.8134e-14   7998.34 0 
  7791.42 1.8094e-14   8016.78 0 
  7809.38 1.7970e-14   8035.26 0 
  7827.38 1.8474e-14   8053.78 0 
  7845.43 1.8055e-14   8072.35 0 
  7863.51 1.8223e-14   8090.96 0 
  7881.64 1.8015e-14   8109.61 0 
  7899.81 1.8267e-14   8128.31 0 
  7918.02 1.7607e-14   8147.04 0 
  7936.27 1.7608e-14   8165.82 0 
  7954.57 1.7129e-14   8184.65 0 
  7972.91 1.7691e-14   8203.52 0 
  7991.29 1.8104e-14   8222.43 0 
  8009.71 1.7693e-14   8241.38 0 
  8028.17 1.8358e-14   8260.38 0 
  8046.68 1.8657e-14   8279.42 0 
  8065.23 1.8529e-14   8298.51 0 
  8083.82 1.7942e-14   8317.64 0 
  8102.46 1.7334e-14   8336.81 0 
  8121.13 1.8194e-14   8356.03 0 
  8139.86 1.7987e-14   8375.29 0 
  8158.62 1.7700e-14   8394.60 0 
  8177.43 1.7579e-14   8413.95 0 
  8196.28 1.6983e-14   8433.35 0 
  8215.17 1.8073e-14   8452.79 0 
  8234.11 1.7582e-14   8472.27 0 
  8253.09 1.8075e-14   8491.80 0 
  8272.12 1.8412e-14   8511.38 0 
  8291.19 1.7544e-14   8531.00 0 
  8310.30 1.7626e-14   8550.67 0 
  8329.46 1.7107e-14   8570.38 0 
  8348.66 1.7266e-14   8590.14 0 
  8367.90 1.7670e-14   8609.94 0 
  8387.20 1.7110e-14   8629.79 0 
  8406.53 1.7190e-14   8649.68 0 
  8425.91 1.7591e-14   8669.62 0 
  8445.33 1.6156e-14   8689.60 0 
  8464.80 1.6918e-14   8709.64 0 
  8484.31 1.7353e-14   8729.71 0 
  8503.87 1.5900e-14   8749.84 0 
  8523.48 1.6159e-14   8770.01 0 
  8543.12 1.6574e-14   8790.23 0 
  8562.82 1.6922e-14   8810.49 0 
  8582.56 1.7002e-14   8830.80 0 
  8602.34 1.6615e-14   8851.16 0 
  8622.17 1.6464e-14   8871.56 0 
  8642.05 1.6887e-14   8892.01 0 
  8661.97 1.6277e-14   8912.51 0 
  8681.94 1.5908e-14   8933.05 0 
  8701.95 1.6242e-14   8953.65 0 
  8722.01 1.6431e-14   8974.29 0 
  8742.12 1.6737e-14   8994.98 0 
  8762.27 1.6059e-14   9015.71 0 
  8782.47 1.6283e-14   9036.50 0 
  8802.72 1.6587e-14   9057.33 0 
  8823.01 1.7052e-14   9078.20 0 
  8843.35 1.6819e-14   9099.13 0 
  8863.73 1.6589e-14   9120.11 0 
  8884.17 1.5662e-14   9141.13 0 
  8904.65 1.6288e-14   9162.20 0 
  8925.18 1.6402e-14   9183.33 0 
  8945.75 1.6631e-14   9204.50 0 
  8966.37 1.6216e-14   9225.71 0 
  8987.04 1.5958e-14   9246.98 0 
  9007.76 1.5704e-14   9268.30 0 
  9028.52 1.5032e-14   9289.66 0 
  9049.34 1.7024e-14   9311.08 0 
  9070.20 1.6221e-14   9332.54 0 
  9091.10 1.5385e-14   9354.06 0 
  9112.06 1.6223e-14   9375.62 0 
  9133.07 1.6755e-14   9397.23 0 
  9154.12 1.5892e-14   9418.90 0 
  9175.22 1.5966e-14   9440.61 0 
  9196.38 1.5894e-14   9462.37 0 
  9217.58 1.5605e-14   9484.18 0 
  9238.82 1.4497e-14   9506.05 0 
  9260.12 1.5679e-14   9527.96 0 
  9281.47 1.6231e-14   9549.93 0 
  9302.86 1.5359e-14   9571.94 0 
  9324.31 1.6233e-14   9594.01 0 
  9345.81 1.6196e-14   9616.12 0 
  9367.35 1.5938e-14   9638.29 0 
  9388.94 1.6161e-14   9660.51 0 
  9410.59 1.5794e-14   9682.78 0 
  9432.28 1.6350e-14   9705.10 0 
  9454.02 1.6127e-14   9727.47 0 
  9475.82 1.6541e-14   9749.90 0 
  9497.66 1.6581e-14   9772.37 0 
  9519.55 1.6019e-14   9794.90 0 
  9541.50 1.5369e-14   9817.48 0 
  9563.50 1.6058e-14   9840.11 0 
  9585.54 1.6395e-14   9862.79 0 
  9607.64 1.6171e-14   9885.53 0 
  9629.79 1.6284e-14   9908.32 0 
  9651.99 1.6099e-14   9931.16 0 
  9674.23 1.6062e-14   9954.05 0 
  9696.54 1.6250e-14   9977.00 0 
  9718.89 1.5917e-14  10000.00 0 
  9741.29 1.5628e-14  10023.05 0 
  9763.75 1.5737e-14  10046.15 0 
  9786.25 1.5594e-14  10069.31 0 
  9808.82 1.5958e-14  10092.53 0 
  9831.43 1.5776e-14  10115.80 0 
  9854.10 1.5850e-14  10139.12 0 
  9876.81 1.5742e-14  10162.49 0 
  9899.58 1.5743e-14  10185.91 0 
  9922.40 1.5853e-14  10209.39 0 
  9945.28 1.5927e-14  10232.94 0 
  9968.20 1.5928e-14  10256.52 0 
  9991.18 1.5893e-14  10280.17 0 
 10014.21 1.5967e-14  10303.86 0 
 10083.62 1.5715e-14  10375.28 0 
 10130.17 1.6382e-14  10423.18 0 
 10176.93 1.6309e-14  10471.29 0 
 10223.90 1.6614e-14  10519.62 0 
 10271.10 1.6809e-14  10568.18 0 
 10294.77 1.6849e-14  10592.54 0 
 10510.34 1.6095e-14  10814.34 0 
 10705.74 1.5125e-14  11015.39 0 
 10904.78 1.4815e-14  11220.19 0 
 11107.51 1.3668e-14  11428.79 0 
 11287.99 1.3826e-14  11614.49 0 
 11497.85 1.4050e-14  11830.41 0 
 11711.61 1.3731e-14  12050.36 0 
 11901.91 1.2667e-14  12246.16 0 
 12095.30 1.2844e-14  12445.14 0 
 12291.84 1.2755e-14  12647.37 0 
 12491.57 1.2181e-14  12852.87 0 
 12694.54 1.1931e-14  13061.71 0 
 12900.81 1.1741e-14  13273.95 0 
 13110.43 1.1553e-14  13489.63 0 
 13292.81 1.1084e-14  13677.29 0 
 13508.80 1.0708e-14  13899.53 0 
 13696.73 1.0488e-14  14092.89 0 
 13887.27 9.8785e-15  14288.95 0 
 14112.92 9.1979e-15  14521.12 0 
 14309.25 9.1136e-15  14723.13 0 
 14508.30 9.2617e-15  14927.94 0 
 14710.13 8.8245e-15  15135.61 0 
 14914.77 9.0717e-15  15346.17 0 
 15087.48 9.2617e-15  15523.87 0 
 15297.37 9.5212e-15  15739.83 0 
 15510.18 9.4122e-15  15958.79 0 
 15689.78 9.1346e-15  16143.59 0 
 15908.05 8.7034e-15  16368.17 0 
 16092.24 8.6236e-15  16557.70 0 
 16316.11 8.6236e-15  16788.04 0 
 16505.05 8.5840e-15  16982.44 0 
 16696.17 8.7034e-15  17179.09 0 
 16889.49 8.7436e-15  17378.00 0 
 17085.06 8.7034e-15  17579.23 0 
 17282.90 8.4080e-15  17782.79 0 
 17483.04 8.1038e-15  17988.71 0 
 17685.48 7.6682e-15  18197.02 0 
 17890.26 7.2392e-15  18407.71 0 
 18097.42 6.7560e-15  18620.87 0 
 18306.98 6.5568e-15  18836.49 0 
 18518.97 6.2906e-15  19054.62 0 
 18690.32 5.9114e-15  19230.91 0 
 18906.74 5.8035e-15  19453.60 0 
 19081.69 5.7636e-15  19633.61 0 
 19302.63 5.6453e-15  19860.94 0 
 19481.25 5.4286e-15  20044.72 0 
 19706.83 5.2082e-15  20276.83 0 
 19889.17 5.0314e-15  20464.44 0 
 20119.48 4.9738e-15  20701.41 0 
 20305.65 4.8383e-15  20892.97 0 
 20493.52 4.8383e-15  21086.28 0 
 20683.15 4.7719e-15  21281.39 0 
 20922.66 4.7173e-15  21527.83 0 
 21116.24 4.6848e-15  21727.01 0 
 21311.64 4.6099e-15  21928.05 0 
 21508.81 4.5466e-15  22130.94 0 
 21707.84 4.4126e-15  22335.72 0 
 21908.71 4.3520e-15  22542.40 0 
 22111.42 4.2334e-15  22750.97 0 
 22316.02 4.1275e-15  22961.49 0 
 22522.49 4.1370e-15  23173.93 0 
 22678.63 4.1171e-15  23334.58 0 
 22888.48 3.8069e-15  23550.50 0 
 23100.25 3.8751e-15  23768.40 0 
 23314.00 3.4894e-15  23988.34 0 
 23475.60 3.3185e-15  24154.60 0 
 23692.82 3.4514e-15  24378.11 0 
 23912.03 3.2646e-15  24603.66 0 
 24077.80 3.1665e-15  24774.22 0 
 24300.57 3.1481e-15  25003.44 0 
 24525.43 2.9332e-15  25234.80 0 
 24695.45 2.8555e-15  25409.74 0 
 24848.19 2.4315e-15  25566.90 2 
 24942.27 2.3658e-15  25663.70 2 
 25036.25 2.1934e-15  25760.40 2 
 25130.33 2.3107e-15  25857.20 2 
 25224.41 2.1685e-15  25954.00 2 
 25318.39 2.2691e-15  26050.70 2 
 25412.47 2.2936e-15  26147.50 2 
 25506.55 2.3174e-15  26244.30 2 
 25600.53 2.2853e-15  26341.00 2 
 25694.61 2.3048e-15  26437.80 2 
 25788.69 2.3042e-15  26534.60 2 
 25882.67 2.3234e-15  26631.30 2 
 25976.75 2.2788e-15  26728.10 2 
 26070.73 2.3116e-15  26824.80 2 
 26164.81 2.2498e-15  26921.60 2 
 26258.89 2.2506e-15  27018.40 2 
 26352.87 2.1461e-15  27115.10 2 
 26446.95 2.1050e-15  27211.90 2 
 26541.03 2.1123e-15  27308.70 2 
 26635.01 2.1843e-15  27405.40 2 
 26729.09 2.0754e-15  27502.20 2 
 26823.07 2.1749e-15  27598.90 2 
 26917.15 2.1498e-15  27695.70 2 
 27011.23 2.1826e-15  27792.50 2 
 27105.21 2.1137e-15  27889.20 2 
 27199.29 2.1867e-15  27986.00 2 
 27293.27 2.2437e-15  28082.70 2 
 27387.35 2.2970e-15  28179.50 2 
 27481.43 2.1407e-15  28276.30 2 
 27575.41 2.1960e-15  28373.00 2 
 27669.49 2.1751e-15  28469.80 2 
 27763.57 2.2351e-15  28566.60 2 
 27857.55 2.2474e-15  28663.30 2 
 27951.63 2.2315e-15  28760.10 2 
 28045.61 2.1636e-15  28856.80 2 
 28139.69 2.1812e-15  28953.60 2 
 28233.77 2.0968e-15  29050.40 2 
 28327.75 2.1056e-15  29147.10 2 
 28421.83 2.0214e-15  29243.90 2 
 28515.91 1.9668e-15  29340.70 2 
 28609.89 2.0171e-15  29437.40 2 
 28703.97 2.0428e-15  29534.20 2 
 28797.95 1.9708e-15  29630.90 2 
 28892.03 1.9998e-15  29727.70 2 
 28986.11 2.0010e-15  29824.50 2 
 29080.09 2.0306e-15  29921.20 2 
 29174.17 2.0205e-15  30018.00 2 
 29268.25 1.9797e-15  30114.80 2 
 29362.23 1.9701e-15  30211.50 2 
 29456.30 2.0136e-15  30308.30 2 
 29550.29 1.9405e-15  30405.00 2 
 29644.37 1.9623e-15  30501.80 2 
 29738.44 1.8573e-15  30598.60 2 
 29832.43 1.9539e-15  30695.30 2 
 29926.51 1.8817e-15  30792.10 2 
 30020.58 2.0078e-15  30888.90 2 
 30114.57 2.0579e-15  30985.60 2 
 30208.64 2.1924e-15  31082.40 2 
 30302.63 2.0567e-15  31179.10 2 
 30396.70 2.0254e-15  31275.90 2 
 30490.78 2.0153e-15  31372.70 2 
 30584.77 2.0200e-15  31469.40 2 
 30678.85 1.9798e-15  31566.20 2 
 30772.92 2.0287e-15  31663.00 2 
 30866.91 1.9858e-15  31759.70 2 
 30960.99 1.8896e-15  31856.50 2 
 31054.97 1.8378e-15  31953.20 2 
 31149.05 1.7940e-15  32050.00 2 
 31243.12 1.8384e-15  32146.80 2 
 31337.11 1.7507e-15  32243.50 2 
 31431.19 1.8070e-15  32340.30 2 
 31525.26 1.8968e-15  32437.10 2 
 31619.25 1.8212e-15  32533.80 2 
 31713.33 1.9851e-15  32630.60 2 
 31807.31 2.0295e-15  32727.30 2 
 31901.38 2.1019e-15  32824.10 2 
 31995.46 2.1225e-15  32920.90 2 
 32089.44 2.0961e-15  33017.60 2 
 32183.52 2.1649e-15  33114.40 2 
 32277.60 2.1755e-15  33211.20 2 
 32371.59 2.0658e-15  33307.90 2 
 32465.66 2.2239e-15  33404.70 2 
 32559.65 2.1928e-15  33501.40 2 
 32653.72 2.1543e-15  33598.20 2 
 32747.80 2.2146e-15  33695.00 2 
 32841.78 2.2192e-15  33791.70 2 
 32935.86 2.1122e-15  33888.50 2 
 33029.94 2.2132e-15  33985.30 2 
 33123.92 2.0178e-15  34082.00 2 
 33218.00 2.0933e-15  34178.80 2 
 33311.98 2.0247e-15  34275.50 2 
 33406.06 2.0124e-15  34372.30 2 
 33500.14 2.0953e-15  34469.10 2 
 33594.12 2.0535e-15  34565.80 2 
 33688.20 1.9387e-15  34662.60 2 
 33782.28 2.0184e-15  34759.40 2 
 33876.26 2.0712e-15  34856.10 2 
 33970.34 2.0660e-15  34952.90 2 
 34064.33 1.9823e-15  35049.60 2 
 34158.40 2.0094e-15  35146.40 2 
 34252.48 1.9004e-15  35243.20 2 
 34346.46 1.9314e-15  35339.90 2 
 34440.54 1.8462e-15  35436.70 2 
 34534.62 1.9560e-15  35533.50 2 
 34628.60 1.8925e-15  35630.20 2 
 34722.68 1.9126e-15  35727.00 2 
 34816.66 1.9355e-15  35823.70 2 
 34910.74 1.8709e-15  35920.50 2 
 35004.82 1.7902e-15  36017.30 2 
 35098.80 1.9621e-15  36114.00 2 
 35192.88 1.8151e-15  36210.80 2 
 35286.96 1.8615e-15  36307.60 2 
 35380.94 1.8916e-15  36404.30 2 
 35475.02 1.8477e-15  36501.10 2 
 35569.00 1.8893e-15  36597.80 2 
 35663.08 1.9260e-15  36694.60 2 
 35757.16 1.8933e-15  36791.40 2 
 35851.14 1.9949e-15  36888.10 2 
 35945.22 1.8689e-15  36984.90 2 
 36133.28 1.8082e-15  37178.40 2 
 36227.36 1.8434e-15  37275.20 2 
 36321.34 1.7861e-15  37371.90 2 
 36415.42 1.8315e-15  37468.70 2 
 36509.50 1.8333e-15  37565.50 2 
 36603.48 1.8632e-15  37662.20 2 
 36697.56 1.8032e-15  37759.00 2 
 36791.64 1.8195e-15  37855.80 2 
 36885.62 1.7997e-15  37952.50 2 
 36979.70 1.8528e-15  38049.30 2 
 37073.68 1.7947e-15  38146.00 2 
 37167.76 1.7675e-15  38242.80 2 
 37261.84 1.8358e-15  38339.60 2 
 37355.82 1.9140e-15  38436.30 2 
 37449.90 1.8079e-15  38533.10 2 
 37543.98 1.7291e-15  38629.90 2 
 37637.96 1.6790e-15  38726.60 2 
 37732.04 1.7958e-15  38823.40 2 
 37826.02 1.8116e-15  38920.10 2 
 37920.10 1.7299e-15  39016.90 2 
 38014.18 1.6772e-15  39113.70 2 
 38108.16 1.7217e-15  39210.40 2 
 38202.24 1.7628e-15  39307.20 2 
 38296.32 1.7055e-15  39404.00 2 
 38390.30 1.7749e-15  39500.70 2 
 38484.38 1.8093e-15  39597.50 2 
 38578.36 1.7504e-15  39694.20 2 
 38672.44 1.7376e-15  39791.00 2 
 38766.52 1.7494e-15  39887.80 2 
 38860.50 1.8119e-15  39984.50 2 
 38954.58 1.6874e-15  40081.30 2 
 39048.65 1.7415e-15  40178.10 2 
 39142.64 1.6912e-15  40274.80 2 
 39236.71 1.7590e-15  40371.60 2 
 39330.70 1.7752e-15  40468.30 2 
 39424.78 1.7514e-15  40565.10 2 
 39518.86 1.6899e-15  40661.90 2 
 39612.84 1.7043e-15  40758.60 2 
 39706.92 1.7399e-15  40855.40 2 
 39801.00 1.7349e-15  40952.20 2 
 39894.98 1.6567e-15  41048.90 2 
 39989.06 1.7682e-15  41145.70 2 
 40083.04 1.6848e-15  41242.40 2 
 40177.12 1.7420e-15  41339.20 2 
 40271.20 1.7059e-15  41436.00 2 
 40412.12 1.7202e-15  41581.00 2 
 40600.66 1.7573e-15  41775.00 2 
 40741.40 1.7023e-15  41919.80 2 
 40835.38 1.5922e-15  42016.50 2 
 40929.46 1.6430e-15  42113.30 2 
 41023.54 1.5947e-15  42210.10 2 
 41117.52 1.6758e-15  42306.80 2 
 41211.59 1.5985e-15  42403.60 2 
 41305.68 1.7479e-15  42500.40 2 
 41399.65 1.6199e-15  42597.10 2 
 41493.74 1.6607e-15  42693.90 2 
 41587.81 1.6441e-15  42790.70 2 
 41681.80 1.7063e-15  42887.40 2 
 41775.87 1.7320e-15  42984.20 2 
 41869.86 1.6686e-15  43080.90 2 
 41963.93 1.6419e-15  43177.70 2 
 42058.01 1.5761e-15  43274.50 2 
 42151.99 1.6838e-15  43371.20 2 
 42246.07 1.6438e-15  43468.00 2 
 42340.06 1.6355e-15  43564.70 2 
 42434.14 1.6340e-15  43661.50 2 
 42528.21 1.7376e-15  43758.30 2 
 42622.20 1.6576e-15  43855.00 2 
 42716.28 1.5944e-15  43951.80 2 
 42810.35 1.5897e-15  44048.60 2 
 42904.33 1.6284e-15  44145.30 2 
 42998.42 1.6330e-15  44242.10 2 
 43092.39 1.5655e-15  44338.80 2 
 43186.48 1.7223e-15  44435.60 2 
 43280.55 1.5721e-15  44532.40 2 
 43468.61 1.5591e-15  44725.90 2 
 43562.69 1.6529e-15  44822.70 2 
 43656.67 1.5936e-15  44919.40 2 
 43750.75 1.6329e-15  45016.20 2 
 43844.74 1.5643e-15  45112.90 2 
 43938.81 1.5635e-15  45209.70 2 
 44032.89 1.5656e-15  45306.50 2 
 44126.87 1.4902e-15  45403.20 2 
 44220.95 1.5524e-15  45500.00 2 
 44315.03 1.7002e-15  45596.80 2 
 44409.01 1.6090e-15  45693.50 2 
 44503.09 1.5806e-15  45790.30 2 
 44597.17 1.6033e-15  45887.10 2 
 44691.15 1.6233e-15  45983.80 2 
 44785.23 1.5835e-15  46080.60 2 
 44879.21 1.5252e-15  46177.30 2 
 44973.29 1.5682e-15  46274.10 2 
 45067.37 1.5643e-15  46370.90 2 
 45161.35 1.5785e-15  46467.60 2 
 45255.43 1.3958e-15  46564.40 2 
 45349.42 1.5514e-15  46661.10 2 
 45443.49 1.4514e-15  46757.90 2 
 45537.57 1.4692e-15  46854.70 2 
 45631.55 1.5033e-15  46951.40 2 
 45725.63 1.4652e-15  47048.20 2 
 45819.71 1.4543e-15  47145.00 2 
 45913.70 1.4748e-15  47241.70 2 
 46007.77 1.5465e-15  47338.50 2 
 46101.75 1.5083e-15  47435.20 2 
 46195.83 1.5071e-15  47532.00 2 
 46289.91 1.4675e-15  47628.80 2 
 46383.89 1.5426e-15  47725.50 2 
 46477.97 1.6304e-15  47822.30 2 
 46572.05 1.6132e-15  47919.10 2 
 46666.03 1.6210e-15  48015.80 2 
 46760.11 1.5510e-15  48112.60 2 
 46854.09 1.5879e-15  48209.30 2 
 46948.17 1.5166e-15  48306.10 2 
 47042.25 1.4443e-15  48402.90 2 
 47136.23 1.5174e-15  48499.60 2 
 47230.31 1.4596e-15  48596.40 2 
 47324.39 1.4979e-15  48693.20 2 
 47418.37 1.5092e-15  48789.90 2 
 47512.45 1.3644e-15  48886.70 2 
 47606.43 1.4412e-15  48983.40 2 
 47700.51 1.4081e-15  49080.20 2 
 47794.59 1.4514e-15  49177.00 2 
 47888.57 1.3644e-15  49273.70 2 
 47982.65 1.4139e-15  49370.50 2 
 48077.70 1.2899e-15  49468.30 2 
 48558.48 1.3359e-15  49962.98 0 
 49044.06 1.3824e-15  50462.61 0 
 49534.50 1.4293e-15  50967.24 0 
 50029.85 1.4767e-15  51476.91 0 
 50530.15 1.5245e-15  51991.68 0 
 51035.45 1.5729e-15  52511.60 0 
 51545.80 1.6217e-15  53036.71 0 
 51857.80 1.6515e-15  53357.73 3 
 52158.93 1.9647e-15  53667.58 3 
 52460.09 1.6412e-15  53977.44 3 
 52761.22 1.5179e-15  54287.29 3 
 53062.36 1.8456e-15  54597.14 3 
 53363.51 1.4090e-15  54907.00 3 
 53664.66 1.9448e-15  55216.85 3 
 53965.79 1.3276e-15  55526.70 3 
 54266.94 1.5947e-15  55836.56 3 
 54568.08 1.4861e-15  56146.41 3 
 54869.23 1.6148e-15  56456.27 3 
 55170.37 1.1978e-15  56766.12 3 
 55471.52 1.3256e-15  57075.98 3 
 55772.66 1.5619e-15  57385.83 3 
 56073.80 1.6732e-15  57695.68 3 
 56374.94 1.4658e-15  58005.53 3 
 56676.09 1.4677e-15  58315.39 3 
 56977.24 1.6630e-15  58625.25 3 
 57278.38 1.8024e-15  58935.10 3 
 57579.52 1.6132e-15  59244.95 3 
 57880.67 1.5096e-15  59554.81 3 
 58181.81 1.8280e-15  59864.66 3 
 58482.95 1.7814e-15  60174.51 3 
 58784.10 1.7403e-15  60484.37 3 
 59085.24 1.5182e-15  60794.22 3 
 59386.38 1.6698e-15  61104.07 3 
 59687.53 1.7839e-15  61413.93 3 
 59988.67 1.7675e-15  61723.78 3 
 60289.81 1.6599e-15  62033.63 3 
 60590.96 1.7548e-15  62343.49 3 
 60892.10 1.8381e-15  62653.34 3 
 61193.24 1.7652e-15  62963.19 3 
 61494.38 2.2266e-15  63273.05 3 
 61795.53 2.4916e-15  63582.90 3 
 62096.68 2.5722e-15  63892.76 3 
 62397.81 2.5405e-15  64202.61 3 
 62698.95 2.1143e-15  64512.46 3 
 63000.11 2.0309e-15  64822.32 3 
 63301.24 1.8284e-15  65132.17 3 
 63602.38 1.6928e-15  65442.02 3 
 63903.54 1.6487e-15  65751.88 3 
 64204.67 1.7657e-15  66061.73 3 
 64505.81 1.4783e-15  66371.58 3 
 64806.97 1.4890e-15  66681.45 3 
 65108.10 1.4018e-15  66991.29 3 
 65409.24 1.3225e-15  67301.14 3 
 65710.39 1.3475e-15  67611.00 3 
 66011.53 1.3237e-15  67920.85 3 
 66312.68 1.5707e-15  68230.71 3 
 66613.82 1.6627e-15  68540.56 3 
 66914.97 1.5158e-15  68850.41 3 
 67216.11 1.3221e-15  69160.27 3 
 67517.25 1.4957e-15  69470.12 3 
 67818.40 1.5569e-15  69779.98 3 
 68119.54 1.6375e-15  70089.83 3 
 68420.68 1.3271e-15  70399.68 3 
 68721.83 1.4986e-15  70709.54 3 
 69022.97 1.6549e-15  71019.39 3 
 69324.11 1.5023e-15  71329.24 3 
 69625.26 1.8097e-15  71639.10 3 
 69926.39 1.9087e-15  71948.95 3 
 70227.55 1.4297e-15  72258.81 3 
 70528.68 1.5536e-15  72568.66 3 
 70829.83 1.4465e-15  72878.51 3 
 71130.98 1.5105e-15  73188.38 3 
 71432.12 1.3716e-15  73498.22 3 
 71733.26 1.6521e-15  73808.07 3 
 72034.41 1.5282e-15  74117.93 3 
 72335.55 1.6257e-15  74427.78 3 
 72636.69 1.5509e-15  74737.63 3 
 72937.83 1.4132e-15  75047.48 3 
 73219.27 1.5483e-15  75337.06 3 
 73238.98 1.7900e-15  75357.34 3 
 73540.13 1.8914e-15  75667.20 3 
 73822.74 1.7847e-15  75957.99 3 
 73841.26 2.0013e-15  75977.05 3 
 74426.23 1.9989e-15  76578.94 3 
 75029.72 2.2806e-15  77199.88 3 
 75633.21 2.4045e-15  77820.82 3 
 76236.69 2.5836e-15  78441.76 3 
 76840.19 2.5393e-15  79062.71 3 
 77443.67 2.3290e-15  79683.65 3 
 78047.15 2.2523e-15  80304.59 3 
 78650.65 2.2824e-15  80925.54 3 
 79254.13 2.0333e-15  81546.48 3 
 79857.61 1.8207e-15  82167.41 3 
 80461.10 1.7168e-15  82788.36 3 
 81064.58 1.7416e-15  83409.30 3 
 81668.08 1.5526e-15  84030.25 3 
 82271.56 1.4783e-15  84651.19 3 
 82875.05 1.4390e-15  85272.13 3 
 83478.54 1.4531e-15  85893.07 3 
 84082.03 1.5398e-15  86514.02 3 
 84685.51 1.4945e-15  87134.95 3 
 85289.00 1.5108e-15  87755.90 3 
 85892.49 1.4868e-15  88376.84 3 
 86495.97 1.4809e-15  88997.78 3 
 87099.45 1.2769e-15  89618.72 3 
 87702.94 1.2903e-15  90239.66 3 
 88306.43 1.1039e-15  90860.60 3 
 88909.92 1.1218e-15  91481.55 3 
 89513.41 1.0925e-15  92102.49 3 
 90116.90 1.0492e-15  92723.44 3 
 90720.39 1.0113e-15  93344.38 3 
 91323.87 9.8783e-16  93965.32 3 
 91927.35 9.7257e-16  94586.26 3 
 92530.83 9.2986e-16  95207.20 3 
 93134.33 8.9056e-16  95828.15 3 
 93737.81 9.6808e-16  96449.09 3 
 94341.30 8.5676e-16  97070.02 3 
 94944.79 9.0291e-16  97690.98 3 
 95548.28 9.1845e-16  98311.92 3 
 96151.77 9.9563e-16  98932.86 3 
 96755.26 1.0567e-15  99553.80 3 
 97358.70 1.1360e-15 100174.70 3 
 97962.24 1.0814e-15 100795.70 3 
 98565.68 8.9237e-16 101416.59 3 
 99169.23 9.0662e-16 102037.60 3 
 99772.68 9.5362e-16 102658.50 3 
100376.21 9.3193e-16 103279.49 3 
100979.67 9.2430e-16 103900.41 3 
101583.11 9.4302e-16 104521.30 3 
102186.65 1.0164e-15 105142.30 3 
102790.09 9.3947e-16 105763.20 3 
103393.65 9.9814e-16 106384.20 3 
103997.09 9.7559e-16 107005.10 3 
104600.53 1.0015e-15 107626.00 3 
105204.08 1.1549e-15 108247.00 3 
105807.53 1.0944e-15 108867.91 3 
106411.06 1.0170e-15 109488.90 3 
107014.51 1.0258e-15 110109.80 3 
107618.05 1.0336e-15 110730.80 3 
108221.50 1.0138e-15 111351.70 3 
108824.95 1.0861e-15 111972.60 3 
109428.49 1.1402e-15 112593.60 3 
110031.94 1.1757e-15 113214.50 3 
110635.48 1.1312e-15 113835.50 3 
111238.92 1.2995e-15 114456.40 3 
111842.47 1.5646e-15 115077.40 3 
112445.91 1.7201e-15 115698.30 3 
113049.36 1.6484e-15 116319.20 3 
113652.91 1.4600e-15 116940.20 3 
114256.35 1.3299e-15 117561.10 3 
114859.89 1.2254e-15 118182.09 3 
115463.33 1.2096e-15 118802.99 3 
116066.88 1.1670e-15 119424.00 3 
116670.33 1.1528e-15 120044.90 3 
117273.77 1.1614e-15 120665.80 3 
117877.32 1.0954e-15 121286.80 3 
118480.77 1.1164e-15 121907.70 3 
119084.30 1.1448e-15 122528.70 3 
119687.75 1.1722e-15 123149.59 3 
120291.20 1.1799e-15 123770.51 3 
120894.74 1.1451e-15 124391.50 3 
121498.18 1.1237e-15 125012.40 3 
122101.73 1.1362e-15 125633.40 3 
122705.18 1.1370e-15 126254.30 3 
123308.72 1.1839e-15 126875.30 3 
123912.17 1.1544e-15 127496.20 3 
124515.61 1.2131e-15 128117.10 3 
125119.16 1.2034e-15 128738.10 3 
125722.60 1.1849e-15 129359.00 3 
126326.14 1.2523e-15 129980.00 3 
126929.59 1.2521e-15 130600.90 3 
127533.03 1.2977e-15 131221.80 3 
128136.57 1.4966e-15 131842.80 3 
128740.03 1.3063e-15 132463.70 3 
129343.57 1.0664e-15 133084.70 3 
129947.01 1.0450e-15 133705.59 3 
130550.55 1.0880e-15 134326.59 3 
131154.00 1.0480e-15 134947.50 3 
131757.45 1.0583e-15 135568.41 3 
132361.00 1.0616e-15 136189.41 3 
132964.43 1.0544e-15 136810.30 3 
133567.98 1.0593e-15 137431.30 3 
134171.43 1.0952e-15 138052.20 3 
134774.97 1.0821e-15 138673.20 3 
135378.41 1.1008e-15 139294.09 3 
135981.86 1.0704e-15 139915.00 3 
136585.40 1.0786e-15 140536.00 3 
137188.86 1.1110e-15 141156.91 3 
137792.38 1.0828e-15 141777.89 3 
138395.84 1.0675e-15 142398.80 3 
138999.38 1.0555e-15 143019.80 3 
139602.83 1.0160e-15 143640.70 3 
140206.27 9.5466e-16 144261.59 3 
140809.83 9.2042e-16 144882.61 3 
141329.10 1.0232e-15 145416.91 3 
142220.22 1.0826e-15 146333.80 3 
143111.44 1.2085e-15 147250.80 3 
144002.57 1.0910e-15 148167.70 3 
144893.69 1.0312e-15 149084.59 3 
145784.82 1.0120e-15 150001.50 3 
146676.04 9.9457e-16 150918.50 3 
147567.17 1.0272e-15 151835.41 3 
148458.29 1.0243e-15 152752.30 3 
149349.51 1.0898e-15 153669.30 3 
150240.64 9.5523e-16 154586.20 3 
151131.76 9.7043e-16 155503.09 3 
152022.89 9.8057e-16 156420.00 3 
152914.11 9.7641e-16 157337.00 3 
153805.24 9.8153e-16 158253.91 3 
154696.36 1.1084e-15 159170.80 3 
155587.58 1.2325e-15 160087.80 3 
156478.71 1.1156e-15 161004.70 3 
157369.83 1.0016e-15 161921.59 3 
158261.05 1.0021e-15 162838.59 3 
159152.18 1.0086e-15 163755.50 3 
160043.30 1.0038e-15 164672.39 3 
160934.43 1.0467e-15 165589.30 3 
161825.67 1.0245e-15 166506.31 3 
162716.77 1.0443e-15 167423.19 3 
163607.90 1.1104e-15 168340.09 3 
164499.03 1.0861e-15 169257.00 3 
165390.25 1.0937e-15 170174.00 3 
166281.38 1.0885e-15 171090.91 3 
167172.51 1.0851e-15 172007.81 3 
168063.74 1.0780e-15 172924.81 3 
168954.85 1.0994e-15 173841.70 3 
169845.98 1.1621e-15 174758.61 3 
170737.21 1.1414e-15 175675.61 3 
171628.32 1.0978e-15 176592.50 3 
172519.45 1.0950e-15 177509.41 3 
173410.57 1.0779e-15 178426.30 3 
174301.79 1.0738e-15 179343.30 3 
175192.92 1.0315e-15 180260.20 3 
176084.04 1.0388e-15 181177.09 3 
176975.26 9.9801e-16 182094.09 3 
177866.39 1.0094e-15 183011.00 3 
178757.51 1.0245e-15 183927.89 3 
179648.73 9.7700e-16 184844.89 3 
180539.86 1.0197e-15 185761.80 3 
181430.99 9.9922e-16 186678.70 3 
182322.11 9.9507e-16 187595.59 3 
183213.33 9.9523e-16 188512.59 3 
184104.46 9.7909e-16 189429.50 3 
184995.58 9.6068e-16 190346.39 3 
185886.82 9.9395e-16 191263.41 3 
186777.95 1.0665e-15 192180.31 3 
187669.05 1.0930e-15 193097.19 3 
188560.18 9.8229e-16 194014.09 3 
189451.42 9.3871e-16 194931.11 3 
190342.53 9.5297e-16 195848.00 3 
191233.66 9.7168e-16 196764.91 3 
192124.89 9.3222e-16 197681.91 3 
193016.00 8.8511e-16 198598.80 3 
193907.13 9.6109e-16 199515.70 3 
194798.26 8.8483e-16 200432.61 3 
195689.49 8.8743e-16 201349.61 3 
196580.60 9.2597e-16 202266.50 3 
197471.73 8.9787e-16 203183.41 3 
198362.96 9.5402e-16 204100.41 3 
199774.14 8.5155e-16 205552.41 3 
201479.79 9.4949e-16 207307.39 3 
203186.43 9.2138e-16 209063.39 3 
204894.05 8.4823e-16 210820.41 3 
206602.53 9.0684e-16 212578.30 3 
208311.88 9.2643e-16 214337.09 3 
210022.21 8.4929e-16 216096.89 3 
211733.43 8.8951e-16 217857.61 3 
213445.60 9.1312e-16 219619.30 3 
215158.75 8.6999e-16 221382.00 3 
216872.77 8.1757e-16 223145.59 3 
218587.77 8.5677e-16 224910.20 3 
220303.64 8.7993e-16 226675.70 3 
222020.47 8.5816e-16 228442.19 3 
223738.28 8.0740e-16 230209.69 3 
225456.98 8.3807e-16 231978.09 3 
227176.64 8.6160e-16 233747.50 3 
228897.28 8.6177e-16 235517.91 3 
230618.79 8.2323e-16 237289.20 3 
232341.37 8.1707e-16 239061.61 3 
234064.72 8.3267e-16 240834.81 3 
235789.13 8.2744e-16 242609.09 3 
237514.54 8.1610e-16 244384.41 3 
239240.81 7.8967e-16 246160.61 3 
240968.04 8.0201e-16 247937.80 3 
242696.25 8.3726e-16 249716.00 3 
244425.34 8.3593e-16 251495.09 3 
246155.50 7.8335e-16 253275.30 3 
247886.54 7.6038e-16 255056.41 3 
249618.64 7.5462e-16 256838.61 3 
251351.59 7.6372e-16 258621.69 3 
253085.57 7.6118e-16 260405.81 3 
254820.48 7.5340e-16 262190.91 3 
256556.36 7.5439e-16 263977.00 3 
258293.22 8.5611e-16 265764.09 3 
260031.08 8.4516e-16 267552.22 3 
261769.88 7.4082e-16 269341.31 3 
263509.65 7.3475e-16 271131.41 3 
265250.40 7.2378e-16 272922.50 3 
266992.11 7.1826e-16 274714.59 3 
268734.92 7.0689e-16 276507.81 3 
270478.58 7.1141e-16 278301.91 3 
272223.22 7.2296e-16 280097.00 3 
273968.91 7.2040e-16 281893.19 3 
275715.61 7.0005e-16 283690.41 3 
277463.16 6.8775e-16 285488.50 3 
279211.77 6.7741e-16 287287.69 3 
280961.38 6.8709e-16 289087.91 3 
282712.06 6.8966e-16 290889.22 3 
284463.67 6.8165e-16 292691.50 3 
286216.20 6.6337e-16 294494.72 3 
287969.85 6.6821e-16 296299.09 3 
289724.42 6.6186e-16 298104.41 3 
291480.01 6.5263e-16 299910.78 3 
293236.61 6.2271e-16 301718.19 3 
294994.18 6.5501e-16 303526.59 3 
296752.82 6.3985e-16 305336.09 3 
298512.42 6.3621e-16 307146.59 3 
300273.00 6.3426e-16 308958.09 3 
302034.64 6.3498e-16 310770.69 3 
303797.37 6.1553e-16 312584.41 3 
305561.05 6.0258e-16 314399.09 3 
307325.72 6.1697e-16 316214.81 3 
309091.34 6.3742e-16 318031.50 3 
310858.15 6.2050e-16 319849.41 3 
312625.83 6.0998e-16 321668.22 3 
314394.64 6.2894e-16 323488.19 3 
316164.36 5.9019e-16 325309.09 3 
317935.23 6.2148e-16 327131.19 3 
319707.10 6.0437e-16 328954.31 3 
321479.89 5.8984e-16 330778.38 3 
323253.80 5.8199e-16 332603.59 3 
325028.77 5.9808e-16 334429.91 3 
326804.78 6.5277e-16 336257.28 3 
328581.82 6.2691e-16 338085.72 3 
330359.86 6.6167e-16 339915.19 3 
332138.90 6.5595e-16 341745.69 3 
333919.04 6.3390e-16 343577.31 3 
335700.33 6.7137e-16 345410.12 3 
337482.47 6.2897e-16 347243.81 3 
339265.79 6.3538e-16 349078.72 3 
