# An Atlas of Galaxy Spectral Energy Distributions from the Ultraviolet to the Mid-Infrared
# Brown et al. (2014)
# http://dx.doi.org/10.5072/03/529D3551F0117
# 
# Column 1 : Restframe Wavelength (Angstrom)
# Column 2 : Flux per unit wavelength (ergs/s/cm^2/Angstrom)
# Column 3 : Observed wavelength (Angstrom)
# Column 4 : Source (0 = model, 1 = Optical Spectrum, 2 = Akari, 3 = Spitzer IRS)
# 
   102.03 1.2906e-20    102.33 0 
   103.93 1.6741e-20    104.23 0 
   106.10 2.2171e-20    106.41 0 
   108.08 2.9839e-20    108.39 0 
   110.09 4.5163e-20    110.41 0 
   113.96 7.1579e-20    114.29 0 
   117.96 1.0636e-19    118.30 0 
   120.99 4.3530e-19    121.34 0 
   124.95 5.9537e-19    125.31 0 
   126.98 6.7265e-19    127.35 0 
   127.86 7.2742e-19    128.23 0 
   131.14 8.5662e-19    131.52 0 
   132.05 1.0370e-18    132.43 0 
   133.89 1.1450e-18    134.28 0 
   137.00 1.5409e-18    137.40 0 
   139.87 1.7774e-18    140.28 0 
   143.13 5.2455e-18    143.55 0 
   147.14 1.4151e-17    147.57 0 
   150.92 1.6210e-17    151.36 0 
   155.14 1.8741e-17    155.60 0 
   159.12 2.1766e-17    159.59 0 
   162.08 2.4032e-17    162.55 0 
   165.86 2.7848e-17    166.34 0 
   170.11 3.1317e-17    170.61 0 
   172.88 3.4418e-17    173.38 0 
   176.90 3.8529e-17    177.42 0 
   180.19 4.1763e-17    180.72 0 
   181.86 4.4034e-17    182.39 0 
   186.09 4.8841e-17    186.64 0 
   190.87 5.5181e-17    191.43 0 
   193.97 5.9812e-17    194.54 0 
   198.03 6.5281e-17    198.61 0 
   202.18 7.1579e-17    202.77 0 
   204.99 7.6522e-17    205.59 0 
   209.77 8.0870e-17    210.38 0 
   216.14 9.5233e-17    216.77 0 
   220.16 1.0323e-16    220.80 0 
   223.22 1.0784e-16    223.87 0 
   226.85 1.1689e-16    227.51 0 
   230.00 1.8484e-16    230.67 0 
   233.74 3.1680e-16    234.42 0 
   239.74 4.2052e-16    240.44 0 
   245.89 4.1190e-16    246.60 0 
   252.19 4.5897e-16    252.93 0 
   256.88 3.9245e-16    257.63 0 
   259.86 4.6966e-16    260.62 0 
   264.08 5.0674e-16    264.85 0 
   268.99 5.2094e-16    269.77 0 
   273.99 5.3307e-16    274.79 0 
   279.08 5.4549e-16    279.90 0 
   284.27 5.5948e-16    285.10 0 
   290.22 5.4801e-16    291.07 0 
   296.30 5.6988e-16    297.17 0 
   301.12 5.7252e-16    302.00 0 
   308.13 5.9812e-16    309.03 0 
   318.22 6.3502e-16    319.15 0 
   327.89 6.5582e-16    328.85 0 
   337.86 6.6802e-16    338.84 0 
   348.12 6.7887e-16    349.14 0 
   357.05 6.9149e-16    358.10 0 
   366.21 7.1250e-16    367.28 0 
   374.74 7.1744e-16    375.84 0 
   385.24 6.9950e-16    386.37 0 
   395.12 7.3585e-16    396.28 0 
   405.26 7.5646e-16    406.44 0 
   413.75 7.5646e-16    414.95 0 
   422.41 7.4780e-16    423.64 0 
   430.26 7.4437e-16    431.52 0 
   441.30 7.5646e-16    442.59 0 
   450.54 7.5125e-16    451.86 0 
   459.97 7.3924e-16    461.32 0 
   469.61 7.3924e-16    470.98 0 
   480.55 7.4780e-16    481.95 0 
   489.48 7.2242e-16    490.91 0 
   499.73 7.4265e-16    501.19 0 
   505.52 7.1744e-16    506.99 0 
   512.55 7.7230e-16    514.04 0 
   519.68 7.6522e-16    521.19 0 
   530.56 7.4780e-16    532.11 0 
   540.42 7.1415e-16    542.00 0 
   550.47 7.0435e-16    552.08 0 
   559.42 7.3247e-16    561.05 0 
   569.82 7.5472e-16    571.48 0 
   580.41 7.3754e-16    582.10 0 
   589.84 7.4095e-16    591.56 0 
   599.42 6.9789e-16    601.17 0 
   610.57 6.1771e-16    612.35 0 
   620.49 7.2575e-16    622.30 0 
   630.57 7.0760e-16    632.41 0 
   639.34 7.2075e-16    641.21 0 
   649.73 7.0760e-16    651.63 0 
   657.26 6.8515e-16    659.17 0 
   664.87 7.0923e-16    666.81 0 
   675.67 7.1250e-16    677.64 0 
   685.07 6.6648e-16    687.07 0 
   694.60 7.0597e-16    696.63 0 
   704.26 6.4981e-16    706.32 0 
   715.71 7.0435e-16    717.79 0 
   725.66 7.0111e-16    727.78 0 
   735.76 6.9950e-16    737.90 0 
   744.28 6.9149e-16    746.45 0 
   754.63 6.8831e-16    756.83 0 
   765.13 6.2775e-16    767.36 0 
   775.77 6.8831e-16    778.04 0 
   784.75 6.6495e-16    787.05 0 
   795.67 6.8200e-16    797.99 0 
   804.89 6.8831e-16    807.24 0 
   814.21 6.8673e-16    816.58 0 
   825.53 6.9789e-16    827.94 0 
   835.09 6.0644e-16    837.53 0 
   844.76 6.8673e-16    847.23 0 
   854.54 6.8044e-16    857.04 0 
   864.44 6.9468e-16    866.96 0 
   874.45 7.0597e-16    877.00 0 
   884.57 7.1910e-16    887.16 0 
   894.82 7.2575e-16    897.43 0 
   905.18 7.1087e-16    907.82 0 
   915.66 8.9287e-16    918.33 0 
   924.13 3.8176e-15    926.83 0 
   934.83 7.8125e-15    937.56 0 
   945.66 1.4581e-14    948.42 0 
   954.41 2.1369e-14    957.19 0 
   965.46 2.1867e-14    968.28 0 
   974.39 3.5792e-15    977.24 0 
   985.68 1.5445e-14    988.55 0 
   994.80 1.8484e-14    997.70 0 
  1004.00 3.0675e-14   1006.93 0 
  1015.63 3.0888e-14   1018.59 0 
  1025.02 1.4021e-14   1028.02 0 
  1034.51 1.9579e-14   1037.53 0 
  1044.08 4.2344e-14   1047.13 0 
  1056.17 4.1667e-14   1059.25 0 
  1065.94 3.0115e-14   1069.05 0 
  1075.81 3.7826e-14   1078.95 0 
  1085.76 2.7402e-14   1088.93 0 
  1095.81 4.0718e-14   1099.01 0 
  1105.95 3.8975e-14   1109.18 0 
  1116.18 3.6290e-14   1119.44 0 
  1123.92 3.1753e-14   1127.20 0 
  1134.32 4.4339e-14   1137.63 0 
  1144.81 3.9517e-14   1148.15 0 
  1155.40 4.3330e-14   1158.78 0 
  1166.10 4.4544e-14   1169.50 0 
  1174.18 2.8170e-14   1177.61 0 
  1185.04 4.3230e-14   1188.50 0 
  1196.01 2.6229e-14   1199.50 0 
  1204.30 1.6935e-14   1207.81 0 
  1215.44 1.4151e-14   1218.99 0 
  1223.87 2.9498e-14   1227.44 0 
  1235.19 4.8282e-14   1238.80 0 
  1243.75 5.3430e-14   1247.38 0 
  1255.26 4.9635e-14   1258.93 0 
  1263.96 4.1000e-14   1267.65 0 
  1275.66 5.7120e-14   1279.38 0 
  1284.50 6.0784e-14   1288.25 0 
  1296.39 4.3430e-14   1300.17 0 
  1305.37 4.2735e-14   1309.18 0 
  1314.42 5.8316e-14   1318.26 0 
  1323.53 5.5181e-14   1327.39 0 
  1335.78 4.6109e-14   1339.68 0 
  1345.04 5.9812e-14   1348.96 0 
  1354.36 5.7648e-14   1358.31 0 
  1363.75 4.9407e-14   1367.73 0 
  1376.37 5.3185e-14   1380.38 0 
  1385.91 5.3677e-14   1389.95 0 
  1395.51 4.5897e-14   1399.59 0 
  1405.19 4.7730e-14   1409.29 0 
  1414.93 4.8505e-14   1419.06 0 
  1424.74 5.1025e-14   1428.89 0 
  1434.61 5.0325e-14   1438.80 0 
  1441.23 5.4049e-14   1445.44 0 
  1447.89 5.5435e-14   1452.11 0 
  1454.57 5.3185e-14   1458.81 0 
  1464.65 4.7840e-14   1468.93 0 
  1474.80 4.8171e-14   1479.11 0 
  1485.03 4.9864e-14   1489.36 0 
  1495.32 5.1143e-14   1499.69 0 
  1505.68 4.7510e-14   1510.08 0 
  1512.63 4.0812e-14   1517.05 0 
  1516.12 4.4853e-14   1520.55 0 
  1526.63 4.2834e-14   1531.09 0 
  1533.68 3.5792e-14   1538.15 0 
  1544.31 4.1000e-14   1548.82 0 
  1555.01 3.8529e-14   1559.55 0 
  1565.79 3.9065e-14   1570.36 0 
  1576.65 4.2052e-14   1581.25 0 
  1583.92 4.5163e-14   1588.55 0 
  1594.90 4.6003e-14   1599.56 0 
  1605.96 4.5372e-14   1610.65 0 
  1613.37 4.5897e-14   1618.08 0 
  1624.55 4.2637e-14   1629.30 0 
  1635.81 4.6322e-14   1640.59 0 
  1643.37 4.7075e-14   1648.16 0 
  1654.76 4.2933e-14   1659.59 0 
  1666.23 4.7620e-14   1671.09 0 
  1673.92 4.0906e-14   1678.80 0 
  1677.78 4.7840e-14   1682.67 0 
  1685.52 5.1025e-14   1690.44 0 
  1693.30 4.7292e-14   1698.24 0 
  1705.04 4.5060e-14   1710.02 0 
  1716.86 4.1859e-14   1721.87 0 
  1724.78 4.1667e-14   1729.82 0 
  1736.74 4.5268e-14   1741.81 0 
  1744.75 4.4135e-14   1749.85 0 
  1756.85 4.8060e-14   1761.98 0 
  1764.96 4.3131e-14   1770.11 0 
  1773.10 4.4237e-14   1778.28 0 
  1785.39 4.5372e-14   1790.61 0 
  1793.64 4.9407e-14   1798.87 0 
  1806.07 4.9180e-14   1811.34 0 
  1814.40 4.4339e-14   1819.70 0 
  1826.98 4.5686e-14   1832.31 0 
  1835.41 4.3530e-14   1840.77 0 
  1843.89 3.9336e-14   1849.27 0 
  1856.67 3.9245e-14   1862.09 0 
  1865.24 4.0812e-14   1870.68 0 
  1873.85 4.5477e-14   1879.32 0 
  1886.84 4.1190e-14   1892.34 0 
  1895.55 3.9426e-14   1901.08 0 
  1904.29 4.2344e-14   1909.85 0 
  1913.08 4.0252e-14   1918.67 0 
  1926.35 3.9608e-14   1931.97 0 
  1935.24 4.1095e-14   1940.89 0 
  1944.17 4.3032e-14   1949.84 0 
  1953.14 3.9975e-14   1958.84 0 
  1966.68 4.4853e-14   1972.42 0 
  1975.76 4.6215e-14   1981.53 0 
  1984.88 4.3430e-14   1990.67 0 
  1994.04 4.2052e-14   1999.86 0 
  2003.25 4.3731e-14   2009.09 0 
  2017.13 4.1667e-14   2023.02 0 
  2026.44 4.4237e-14   2032.36 0 
  2035.80 4.1475e-14   2041.74 0 
  2045.19 4.3630e-14   2051.16 0 
  2054.63 4.1190e-14   2060.63 0 
  2064.12 4.1284e-14   2070.14 0 
  2073.64 4.5060e-14   2079.70 0 
  2078.42 4.3230e-14   2084.49 0 
  2083.21 4.5686e-14   2089.30 0 
  2092.83 4.2834e-14   2098.94 0 
  2107.34 4.3032e-14   2113.49 0 
  2117.06 4.3731e-14   2123.24 0 
  2126.84 4.4237e-14   2133.04 0 
  2136.65 4.0624e-14   2142.89 0 
  2146.52 4.2344e-14   2152.78 0 
  2156.42 4.4237e-14   2162.72 0 
  2166.38 4.2539e-14   2172.70 0 
  2176.38 4.2149e-14   2182.73 0 
  2186.42 4.1763e-14   2192.81 0 
  2196.51 4.3832e-14   2202.93 0 
  2206.65 4.2539e-14   2213.09 0 
  2216.84 3.9700e-14   2223.31 0 
  2227.07 3.8618e-14   2233.57 0 
  2237.35 4.2149e-14   2243.88 0 
  2242.51 4.0159e-14   2249.05 0 
  2252.86 3.7565e-14   2259.44 0 
  2263.26 3.8618e-14   2269.86 0 
  2273.71 3.9975e-14   2280.34 0 
  2284.20 4.1859e-14   2290.87 0 
  2294.74 3.8885e-14   2301.44 0 
  2305.34 3.9421e-14   2312.07 0 
  2315.98 3.6785e-14   2322.74 0 
  2326.67 2.7645e-14   2333.46 0 
  2337.41 3.3156e-14   2344.23 0 
  2342.79 3.1808e-14   2349.63 0 
  2353.61 3.5602e-14   2360.48 0 
  2364.47 3.1654e-14   2371.37 0 
  2375.39 3.2989e-14   2382.32 0 
  2386.35 2.9944e-14   2393.32 0 
  2397.37 3.2453e-14   2404.36 0 
  2402.89 3.1062e-14   2409.91 0 
  2413.98 3.2223e-14   2421.03 0 
  2425.12 3.5409e-14   2432.20 0 
  2436.32 3.4124e-14   2443.43 0 
  2447.57 3.6728e-14   2454.71 0 
  2453.21 3.6473e-14   2460.37 0 
  2464.53 3.5556e-14   2471.72 0 
  2475.91 3.4029e-14   2483.13 0 
  2487.33 3.3868e-14   2494.60 0 
  2493.07 3.1825e-14   2500.35 0 
  2504.58 3.7128e-14   2511.89 0 
  2510.35 3.1094e-14   2517.68 0 
  2516.14 3.1889e-14   2523.48 0 
  2527.75 3.0661e-14   2535.13 0 
  2533.58 3.2030e-14   2540.97 0 
  2545.27 3.1514e-14   2552.70 0 
  2557.02 3.6094e-14   2564.48 0 
  2562.92 3.3760e-14   2570.40 0 
  2574.74 3.6673e-14   2582.26 0 
  2586.63 3.5587e-14   2594.18 0 
  2592.59 3.4694e-14   2600.16 0 
  2604.56 3.3052e-14   2612.16 0 
  2616.58 3.2369e-14   2624.22 0 
  2622.61 3.4842e-14   2630.27 0 
  2634.72 3.8908e-14   2642.41 0 
  2646.88 4.4358e-14   2654.61 0 
  2652.98 4.9085e-14   2660.72 0 
  2665.23 3.9800e-14   2673.01 0 
  2677.53 4.2837e-14   2685.34 0 
  2683.70 4.3933e-14   2691.54 0 
  2696.09 3.9877e-14   2703.96 0 
  2702.30 4.2923e-14   2710.19 0 
  2714.78 3.8338e-14   2722.70 0 
  2727.31 3.6861e-14   2735.27 0 
  2733.59 3.9951e-14   2741.57 0 
  2746.21 3.1950e-14   2754.23 0 
  2752.54 3.3918e-14   2760.58 0 
  2765.25 3.6675e-14   2773.32 0 
  2778.01 3.8664e-14   2786.12 0 
  2784.42 3.4141e-14   2792.54 0 
  2797.27 2.6014e-14   2805.43 0 
  2803.72 2.8195e-14   2811.90 0 
  2816.66 3.7593e-14   2824.88 0 
  2823.15 4.2665e-14   2831.39 0 
  2836.18 4.1305e-14   2844.46 0 
  2842.72 3.8368e-14   2851.02 0 
  2855.84 3.4033e-14   2864.18 0 
  2862.42 4.3639e-14   2870.78 0 
  2875.64 4.6968e-14   2884.03 0 
  2882.27 4.4954e-14   2890.68 0 
  2895.57 4.6957e-14   2904.02 0 
  2908.94 5.5415e-14   2917.43 0 
  2929.10 5.1348e-14   2937.65 0 
  2949.40 4.9708e-14   2958.01 0 
  2969.85 5.1918e-14   2978.52 0 
  2990.43 5.2145e-14   2999.16 0 
  3011.16 5.3224e-14   3019.95 0 
  3032.03 5.4200e-14   3040.89 0 
  3053.05 5.4814e-14   3061.96 0 
  3067.14 5.6730e-14   3076.10 0 
  3088.40 5.7241e-14   3097.42 0 
  3109.81 5.9923e-14   3118.89 0 
  3131.37 5.8008e-14   3140.51 0 
  3153.07 5.8126e-14   3162.28 0 
  3167.63 6.0159e-14   3176.87 0 
  3189.59 5.4599e-14   3198.90 0 
  3211.69 5.8758e-14   3221.07 0 
  3226.52 5.2480e-14   3235.94 0 
  3248.88 6.2788e-14   3258.37 0 
  3271.40 6.8827e-14   3280.95 0 
  3286.50 6.7559e-14   3296.10 0 
  3309.28 6.6308e-14   3318.94 0 
  3324.56 6.6296e-14   3334.26 0 
  3332.22 6.7990e-14   3341.95 0 
  3339.91 6.3300e-14   3349.66 0 
  3347.60 7.2840e-14   3357.38 0 
  3355.32 6.9715e-14   3365.12 0 
  3363.06 5.4486e-14   3372.87 0 
  3370.81 6.1695e-14   3380.65 0 
  3378.58 6.8266e-14   3388.44 0 
  3386.37 6.7790e-14   3396.25 0 
  3394.17 6.7628e-14   3404.08 0 
  3402.00 7.7461e-14   3411.93 0 
  3409.84 6.6688e-14   3419.79 0 
  3417.70 6.3388e-14   3427.68 0 
  3425.58 7.0463e-14   3435.58 0 
  3433.48 7.7611e-14   3443.50 0 
  3441.39 6.7902e-14   3451.44 0 
  3449.33 6.4542e-14   3459.39 0 
  3457.28 6.8360e-14   3467.37 0 
  3465.25 6.3206e-14   3475.36 0 
  3473.24 7.2396e-14   3483.37 0 
  3481.24 6.5868e-14   3491.40 0 
  3489.27 7.0410e-14   3499.45 0 
  3497.31 6.5402e-14   3507.52 0 
  3505.37 7.4568e-14   3515.60 0 
  3513.45 6.8157e-14   3523.71 0 
  3521.55 7.6466e-14   3531.83 0 
  3529.67 6.1436e-14   3539.97 0 
  3537.81 7.3855e-14   3548.13 0 
  3545.96 7.5742e-14   3556.31 0 
  3554.14 7.6966e-14   3564.51 0 
  3562.33 7.3157e-14   3572.73 0 
  3570.54 6.3711e-14   3580.96 0 
  3578.77 6.6095e-14   3589.22 0 
  3587.02 5.6251e-14   3597.49 0 
  3595.29 6.9676e-14   3605.79 0 
  3603.58 7.9258e-14   3614.10 0 
  3611.89 6.3973e-14   3622.43 0 
  3620.21 6.9017e-14   3630.78 0 
  3628.56 8.3159e-14   3639.15 0 
  3634.12 5.6161e-14   3644.73 1 
  3636.86 6.2071e-14   3647.48 1 
  3639.61 4.5172e-14   3650.23 1 
  3642.35 5.2145e-14   3652.98 1 
  3645.09 5.7788e-14   3655.73 1 
  3647.83 6.5276e-14   3658.48 1 
  3650.57 7.4733e-14   3661.23 1 
  3653.32 7.1527e-14   3663.98 1 
  3656.06 7.2930e-14   3666.73 1 
  3658.80 7.9353e-14   3669.48 1 
  3661.54 8.7584e-14   3672.23 1 
  3664.28 7.4320e-14   3674.98 1 
  3667.03 7.6271e-14   3677.73 1 
  3669.77 8.1898e-14   3680.48 1 
  3672.51 7.9551e-14   3683.23 1 
  3675.25 8.3902e-14   3685.98 1 
  3677.99 6.9582e-14   3688.73 1 
  3680.74 6.4174e-14   3691.48 1 
  3683.48 6.1090e-14   3694.23 1 
  3686.22 8.0471e-14   3696.98 1 
  3688.96 8.1469e-14   3699.73 1 
  3691.70 7.6648e-14   3702.48 1 
  3694.45 6.9801e-14   3705.23 1 
  3697.19 8.1567e-14   3707.98 1 
  3699.93 8.2763e-14   3710.73 1 
  3702.67 7.0109e-14   3713.48 1 
  3705.41 7.5711e-14   3716.23 1 
  3708.16 6.8288e-14   3718.98 1 
  3710.90 6.8932e-14   3721.73 1 
  3713.64 7.9226e-14   3724.48 1 
  3716.38 1.0310e-13   3727.23 1 
  3719.12 9.0079e-14   3729.98 1 
  3721.87 1.0008e-13   3732.73 1 
  3724.61 1.0950e-13   3735.48 1 
  3727.35 9.8517e-14   3738.23 1 
  3730.09 1.0338e-13   3740.98 1 
  3732.83 8.3509e-14   3743.73 1 
  3735.58 6.8056e-14   3746.48 1 
  3738.32 6.5941e-14   3749.23 1 
  3741.06 6.9176e-14   3751.98 1 
  3743.80 6.3359e-14   3754.73 1 
  3746.54 6.8309e-14   3757.48 1 
  3749.29 6.8314e-14   3760.23 1 
  3752.03 7.6071e-14   3762.98 1 
  3754.77 7.1123e-14   3765.73 1 
  3757.51 8.5682e-14   3768.48 1 
  3760.25 6.8831e-14   3771.23 1 
  3763.00 8.7155e-14   3773.98 1 
  3765.74 8.5065e-14   3776.73 1 
  3768.48 8.6494e-14   3779.48 1 
  3771.22 7.7620e-14   3782.23 1 
  3773.96 8.6140e-14   3784.98 1 
  3776.71 9.9504e-14   3787.73 1 
  3779.45 9.2460e-14   3790.48 1 
  3782.19 1.0076e-13   3793.23 1 
  3784.93 9.4648e-14   3795.98 1 
  3787.67 9.1131e-14   3798.73 1 
  3790.42 8.8081e-14   3801.48 1 
  3793.16 8.4869e-14   3804.23 1 
  3795.90 8.2725e-14   3806.98 1 
  3798.64 8.3637e-14   3809.73 1 
  3801.38 8.9980e-14   3812.48 1 
  3804.13 9.3076e-14   3815.23 1 
  3806.87 9.8349e-14   3817.98 1 
  3809.61 9.4334e-14   3820.73 1 
  3812.35 9.5867e-14   3823.48 1 
  3815.09 8.5629e-14   3826.23 1 
  3817.84 9.2063e-14   3828.98 1 
  3820.58 8.1426e-14   3831.73 1 
  3823.32 8.0159e-14   3834.48 1 
  3826.06 7.5026e-14   3837.23 1 
  3828.80 6.4649e-14   3839.98 1 
  3831.55 7.2002e-14   3842.73 1 
  3834.29 6.9700e-14   3845.48 1 
  3837.03 6.3477e-14   3848.23 1 
  3839.77 6.8024e-14   3850.98 1 
  3842.51 8.8299e-14   3853.73 1 
  3845.26 8.1664e-14   3856.48 1 
  3848.00 8.9455e-14   3859.23 1 
  3850.74 9.1299e-14   3861.98 1 
  3853.48 9.0656e-14   3864.73 1 
  3856.22 8.8136e-14   3867.48 1 
  3858.97 8.6782e-14   3870.23 1 
  3861.71 9.1077e-14   3872.98 1 
  3864.45 9.3977e-14   3875.73 1 
  3867.19 9.5122e-14   3878.48 1 
  3869.93 9.7566e-14   3881.23 1 
  3872.68 8.4960e-14   3883.98 1 
  3875.42 8.8976e-14   3886.73 1 
  3878.16 7.8979e-14   3889.48 1 
  3880.90 7.9596e-14   3892.23 1 
  3883.64 8.8703e-14   3894.98 1 
  3886.39 7.9384e-14   3897.73 1 
  3889.13 8.3867e-14   3900.48 1 
  3891.87 9.0864e-14   3903.23 1 
  3894.61 1.0107e-13   3905.98 1 
  3897.35 8.5892e-14   3908.73 1 
  3900.10 9.6109e-14   3911.48 1 
  3902.84 1.0850e-13   3914.23 1 
  3905.58 1.0601e-13   3916.98 1 
  3908.32 1.0397e-13   3919.73 1 
  3911.06 1.0531e-13   3922.48 1 
  3913.81 1.0989e-13   3925.23 1 
  3916.55 1.0477e-13   3927.98 1 
  3919.29 9.7238e-14   3930.73 1 
  3922.03 9.0794e-14   3933.48 1 
  3924.77 8.6168e-14   3936.23 1 
  3927.52 7.3113e-14   3938.98 1 
  3930.26 6.3344e-14   3941.73 1 
  3933.00 6.4733e-14   3944.48 1 
  3935.74 6.3087e-14   3947.23 1 
  3938.48 7.6153e-14   3949.98 1 
  3941.23 8.1912e-14   3952.73 1 
  3943.97 9.3847e-14   3955.48 1 
  3946.71 9.1020e-14   3958.23 1 
  3949.45 9.9495e-14   3960.98 1 
  3952.19 9.4638e-14   3963.73 1 
  3954.94 9.4029e-14   3966.48 1 
  3957.68 9.0330e-14   3969.23 1 
  3960.42 7.9835e-14   3971.98 1 
  3963.16 7.8116e-14   3974.73 1 
  3965.90 6.7880e-14   3977.48 1 
  3968.65 6.8773e-14   3980.23 1 
  3971.39 7.3778e-14   3982.98 1 
  3974.13 8.6747e-14   3985.73 1 
  3976.87 9.5327e-14   3988.48 1 
  3979.61 1.0491e-13   3991.23 1 
  3982.36 1.0914e-13   3993.98 1 
  3985.10 1.1182e-13   3996.73 1 
  3987.84 1.1664e-13   3999.48 1 
  3990.58 1.2030e-13   4002.23 1 
  3993.32 1.2239e-13   4004.98 1 
  3996.07 1.2423e-13   4007.73 1 
  3998.81 1.2049e-13   4010.48 1 
  4001.55 1.2128e-13   4013.23 1 
  4004.29 1.2299e-13   4015.98 1 
  4007.03 1.2353e-13   4018.73 1 
  4009.78 1.2693e-13   4021.48 1 
  4012.52 1.2934e-13   4024.23 1 
  4015.26 1.2887e-13   4026.98 1 
  4018.00 1.3344e-13   4029.73 1 
  4020.74 1.3195e-13   4032.48 1 
  4023.49 1.3208e-13   4035.23 1 
  4026.23 1.3642e-13   4037.98 1 
  4028.97 1.2934e-13   4040.73 1 
  4031.71 1.2765e-13   4043.48 1 
  4034.45 1.2985e-13   4046.23 1 
  4037.20 1.2947e-13   4048.98 1 
  4039.94 1.2883e-13   4051.73 1 
  4042.68 1.2677e-13   4054.48 1 
  4045.42 1.2682e-13   4057.23 1 
  4048.16 1.2654e-13   4059.98 1 
  4050.91 1.3132e-13   4062.73 1 
  4053.65 1.3174e-13   4065.48 1 
  4056.39 1.2972e-13   4068.23 1 
  4059.13 1.2370e-13   4070.98 1 
  4061.87 1.2175e-13   4073.73 1 
  4064.62 1.2429e-13   4076.48 1 
  4067.36 1.3048e-13   4079.23 1 
  4070.10 1.2649e-13   4081.98 1 
  4072.84 1.2075e-13   4084.73 1 
  4075.58 1.2161e-13   4087.48 1 
  4078.33 1.2447e-13   4090.23 1 
  4081.07 1.2699e-13   4092.98 1 
  4083.81 1.2802e-13   4095.73 1 
  4086.55 1.3005e-13   4098.48 1 
  4089.29 1.3015e-13   4101.23 1 
  4092.04 1.2688e-13   4103.98 1 
  4094.78 1.2056e-13   4106.73 1 
  4097.52 1.1744e-13   4109.48 1 
  4100.26 1.1654e-13   4112.23 1 
  4103.00 1.1718e-13   4114.98 1 
  4105.75 1.2061e-13   4117.73 1 
  4108.49 1.2351e-13   4120.48 1 
  4111.23 1.2251e-13   4123.23 1 
  4113.97 1.2389e-13   4125.98 1 
  4116.71 1.3112e-13   4128.73 1 
  4119.46 1.3120e-13   4131.48 1 
  4122.20 1.2762e-13   4134.23 1 
  4124.94 1.3146e-13   4136.98 1 
  4127.68 1.3308e-13   4139.73 1 
  4130.42 1.3314e-13   4142.48 1 
  4133.17 1.3178e-13   4145.23 1 
  4135.91 1.3405e-13   4147.98 1 
  4138.65 1.3407e-13   4150.73 1 
  4141.39 1.2829e-13   4153.48 1 
  4144.13 1.2336e-13   4156.23 1 
  4146.88 1.2541e-13   4158.98 1 
  4149.62 1.2749e-13   4161.73 1 
  4152.36 1.2789e-13   4164.48 1 
  4155.10 1.3117e-13   4167.23 1 
  4157.84 1.3214e-13   4169.98 1 
  4160.59 1.3256e-13   4172.73 1 
  4163.33 1.3174e-13   4175.48 1 
  4166.07 1.3040e-13   4178.23 1 
  4168.81 1.2545e-13   4180.98 1 
  4171.55 1.2093e-13   4183.73 1 
  4174.30 1.2280e-13   4186.48 1 
  4177.04 1.2311e-13   4189.23 1 
  4179.78 1.2647e-13   4191.98 1 
  4182.52 1.2805e-13   4194.73 1 
  4185.26 1.2734e-13   4197.48 1 
  4188.01 1.3046e-13   4200.23 1 
  4190.75 1.3093e-13   4202.98 1 
  4193.49 1.3133e-13   4205.73 1 
  4196.23 1.3061e-13   4208.48 1 
  4198.97 1.2978e-13   4211.23 1 
  4201.72 1.2881e-13   4213.98 1 
  4204.46 1.2823e-13   4216.73 1 
  4207.20 1.3020e-13   4219.48 1 
  4209.94 1.3323e-13   4222.23 1 
  4212.68 1.3423e-13   4224.98 1 
  4215.43 1.3652e-13   4227.73 1 
  4218.17 1.3337e-13   4230.48 1 
  4220.91 1.3314e-13   4233.23 1 
  4223.65 1.2695e-13   4235.98 1 
  4226.39 1.2499e-13   4238.73 1 
  4229.14 1.2636e-13   4241.48 1 
  4231.88 1.3125e-13   4244.23 1 
  4234.62 1.3374e-13   4246.98 1 
  4237.36 1.3067e-13   4249.73 1 
  4240.10 1.3822e-13   4252.48 1 
  4242.85 1.3481e-13   4255.23 1 
  4245.59 1.3330e-13   4257.98 1 
  4248.33 1.3385e-13   4260.73 1 
  4251.07 1.3357e-13   4263.48 1 
  4253.81 1.2615e-13   4266.23 1 
  4256.56 1.2784e-13   4268.98 1 
  4259.30 1.2933e-13   4271.73 1 
  4262.04 1.3705e-13   4274.48 1 
  4264.78 1.3690e-13   4277.23 1 
  4267.52 1.3576e-13   4279.98 1 
  4270.27 1.3249e-13   4282.73 1 
  4273.01 1.3079e-13   4285.48 1 
  4275.75 1.2876e-13   4288.23 1 
  4278.49 1.3061e-13   4290.98 1 
  4281.23 1.3388e-13   4293.73 1 
  4283.98 1.2187e-13   4296.48 1 
  4286.72 1.2538e-13   4299.23 1 
  4289.46 1.2817e-13   4301.98 1 
  4292.20 1.2313e-13   4304.73 1 
  4294.94 1.2271e-13   4307.48 1 
  4297.69 1.1524e-13   4310.23 1 
  4300.43 1.1209e-13   4312.98 1 
  4303.17 1.1001e-13   4315.73 1 
  4305.91 1.1101e-13   4318.48 1 
  4308.65 1.0963e-13   4321.23 1 
  4311.40 1.1793e-13   4323.98 1 
  4314.14 1.3356e-13   4326.73 1 
  4316.88 1.4057e-13   4329.48 1 
  4319.62 1.3645e-13   4332.23 1 
  4322.36 1.3541e-13   4334.98 1 
  4325.10 1.3439e-13   4337.73 1 
  4327.85 1.3579e-13   4340.48 1 
  4330.59 1.3801e-13   4343.23 1 
  4333.33 1.4300e-13   4345.98 1 
  4336.07 1.3536e-13   4348.73 1 
  4338.81 1.3940e-13   4351.48 1 
  4341.56 1.3462e-13   4354.23 1 
  4344.30 1.3754e-13   4356.98 1 
  4347.04 1.4029e-13   4359.73 1 
  4349.78 1.3663e-13   4362.48 1 
  4352.52 1.3400e-13   4365.23 1 
  4355.27 1.4161e-13   4367.98 1 
  4358.01 1.5274e-13   4370.73 1 
  4360.75 1.5317e-13   4373.48 1 
  4363.49 1.5665e-13   4376.23 1 
  4366.23 1.5263e-13   4378.98 1 
  4368.98 1.4868e-13   4381.73 1 
  4371.72 1.4492e-13   4384.48 1 
  4374.46 1.4186e-13   4387.23 1 
  4377.20 1.3781e-13   4389.98 1 
  4379.94 1.4082e-13   4392.73 1 
  4382.69 1.3164e-13   4395.48 1 
  4385.43 1.3163e-13   4398.23 1 
  4388.17 1.3640e-13   4400.98 1 
  4390.91 1.4421e-13   4403.73 1 
  4393.65 1.4735e-13   4406.48 1 
  4396.40 1.4484e-13   4409.23 1 
  4399.14 1.4751e-13   4411.98 1 
  4401.88 1.4070e-13   4414.73 1 
  4404.62 1.4549e-13   4417.48 1 
  4407.36 1.4118e-13   4420.23 1 
  4410.11 1.4976e-13   4422.98 1 
  4412.85 1.4938e-13   4425.73 1 
  4415.59 1.4948e-13   4428.48 1 
  4418.33 1.4941e-13   4431.23 1 
  4421.07 1.4948e-13   4433.98 1 
  4423.82 1.5354e-13   4436.73 1 
  4426.56 1.4607e-13   4439.48 1 
  4429.30 1.5220e-13   4442.23 1 
  4432.04 1.4547e-13   4444.98 1 
  4434.78 1.5083e-13   4447.73 1 
  4437.53 1.5616e-13   4450.48 1 
  4440.27 1.5541e-13   4453.23 1 
  4443.01 1.5477e-13   4455.98 1 
  4445.75 1.5688e-13   4458.73 1 
  4448.49 1.5445e-13   4461.48 1 
  4451.24 1.5255e-13   4464.23 1 
  4453.98 1.4891e-13   4466.98 1 
  4456.72 1.4650e-13   4469.73 1 
  4459.46 1.5349e-13   4472.48 1 
  4462.20 1.4927e-13   4475.23 1 
  4464.95 1.4722e-13   4477.98 1 
  4467.69 1.5408e-13   4480.73 1 
  4470.43 1.5897e-13   4483.48 1 
  4473.17 1.6410e-13   4486.23 1 
  4475.91 1.6000e-13   4488.98 1 
  4478.66 1.6231e-13   4491.73 1 
  4481.40 1.6549e-13   4494.48 1 
  4484.14 1.6809e-13   4497.23 1 
  4486.88 1.6204e-13   4499.98 1 
  4489.62 1.6414e-13   4502.73 1 
  4492.37 1.6197e-13   4505.48 1 
  4495.11 1.6292e-13   4508.23 1 
  4497.85 1.6061e-13   4510.98 1 
  4500.59 1.6849e-13   4513.73 1 
  4503.33 1.7592e-13   4516.48 1 
  4506.08 1.7589e-13   4519.23 1 
  4508.82 1.7351e-13   4521.98 1 
  4511.56 1.6822e-13   4524.73 1 
  4514.30 1.7093e-13   4527.48 1 
  4517.04 1.7279e-13   4530.23 1 
  4519.79 1.6611e-13   4532.98 1 
  4522.53 1.6635e-13   4535.73 1 
  4525.27 1.6065e-13   4538.48 1 
  4528.01 1.5324e-13   4541.23 1 
  4530.75 1.5434e-13   4543.98 1 
  4533.50 1.5846e-13   4546.73 1 
  4536.24 1.6042e-13   4549.48 1 
  4538.98 1.6544e-13   4552.23 1 
  4541.72 1.7002e-13   4554.98 1 
  4544.46 1.6376e-13   4557.73 1 
  4547.21 1.5942e-13   4560.48 1 
  4549.95 1.6295e-13   4563.23 1 
  4552.69 1.6491e-13   4565.98 1 
  4555.43 1.6446e-13   4568.73 1 
  4558.17 1.6625e-13   4571.48 1 
  4560.92 1.7060e-13   4574.23 1 
  4563.66 1.7316e-13   4576.98 1 
  4566.40 1.6995e-13   4579.73 1 
  4569.14 1.7203e-13   4582.48 1 
  4571.88 1.7245e-13   4585.23 1 
  4574.63 1.7026e-13   4587.98 1 
  4577.37 1.7307e-13   4590.73 1 
  4580.11 1.6668e-13   4593.48 1 
  4582.85 1.6484e-13   4596.23 1 
  4585.59 1.6441e-13   4598.98 1 
  4588.34 1.6951e-13   4601.73 1 
  4591.08 1.6635e-13   4604.48 1 
  4593.82 1.7164e-13   4607.23 1 
  4596.56 1.6664e-13   4609.98 1 
  4599.30 1.6735e-13   4612.73 1 
  4602.05 1.6831e-13   4615.48 1 
  4604.79 1.7377e-13   4618.23 1 
  4607.53 1.7031e-13   4620.98 1 
  4610.27 1.7279e-13   4623.73 1 
  4613.01 1.7772e-13   4626.48 1 
  4615.76 1.7059e-13   4629.23 1 
  4618.50 1.7524e-13   4631.98 1 
  4621.24 1.7740e-13   4634.73 1 
  4623.98 1.7788e-13   4637.48 1 
  4626.72 1.7379e-13   4640.23 1 
  4629.47 1.7855e-13   4642.98 1 
  4632.21 1.7491e-13   4645.73 1 
  4634.95 1.7484e-13   4648.48 1 
  4637.69 1.7186e-13   4651.23 1 
  4640.43 1.6686e-13   4653.98 1 
  4643.18 1.6900e-13   4656.73 1 
  4645.92 1.6560e-13   4659.48 1 
  4648.66 1.6712e-13   4662.23 1 
  4651.40 1.6811e-13   4664.98 1 
  4654.14 1.7093e-13   4667.73 1 
  4656.89 1.7173e-13   4670.48 1 
  4659.63 1.7025e-13   4673.23 1 
  4662.37 1.6969e-13   4675.98 1 
  4665.11 1.6249e-13   4678.73 1 
  4667.85 1.6148e-13   4681.48 1 
  4670.60 1.6251e-13   4684.23 1 
  4673.34 1.6524e-13   4686.98 1 
  4676.08 1.6581e-13   4689.73 1 
  4678.82 1.6887e-13   4692.48 1 
  4681.56 1.6974e-13   4695.23 1 
  4684.31 1.6886e-13   4697.98 1 
  4687.05 1.6766e-13   4700.73 1 
  4689.79 1.6736e-13   4703.48 1 
  4692.53 1.7076e-13   4706.23 1 
  4695.27 1.6676e-13   4708.98 1 
  4698.02 1.6285e-13   4711.73 1 
  4700.76 1.6476e-13   4714.48 1 
  4703.50 1.6660e-13   4717.23 1 
  4706.24 1.6471e-13   4719.98 1 
  4708.98 1.6618e-13   4722.73 1 
  4711.73 1.6294e-13   4725.48 1 
  4714.47 1.6605e-13   4728.23 1 
  4717.21 1.7040e-13   4730.98 1 
  4719.95 1.6854e-13   4733.73 1 
  4722.69 1.6599e-13   4736.48 1 
  4725.44 1.6399e-13   4739.23 1 
  4728.18 1.6259e-13   4741.98 1 
  4730.92 1.6702e-13   4744.73 1 
  4733.66 1.6484e-13   4747.48 1 
  4736.40 1.6881e-13   4750.23 1 
  4739.15 1.7463e-13   4752.98 1 
  4741.89 1.7340e-13   4755.73 1 
  4744.63 1.7708e-13   4758.48 1 
  4747.37 1.7354e-13   4761.23 1 
  4750.11 1.7432e-13   4763.98 1 
  4752.86 1.7191e-13   4766.73 1 
  4755.60 1.7345e-13   4769.48 1 
  4758.34 1.7272e-13   4772.23 1 
  4761.08 1.7069e-13   4774.98 1 
  4763.82 1.7107e-13   4777.73 1 
  4766.57 1.6707e-13   4780.48 1 
  4769.31 1.6739e-13   4783.23 1 
  4772.05 1.7505e-13   4785.98 1 
  4774.79 1.7752e-13   4788.73 1 
  4777.53 1.7631e-13   4791.48 1 
  4780.28 1.7475e-13   4794.23 1 
  4783.02 1.7757e-13   4796.98 1 
  4785.76 1.7739e-13   4799.73 1 
  4788.50 1.7674e-13   4802.48 1 
  4791.24 1.7822e-13   4805.23 1 
  4793.99 1.7907e-13   4807.98 1 
  4796.73 1.8140e-13   4810.73 1 
  4799.47 1.8185e-13   4813.48 1 
  4802.21 1.7799e-13   4816.23 1 
  4804.95 1.8076e-13   4818.98 1 
  4807.70 1.8017e-13   4821.73 1 
  4810.44 1.8086e-13   4824.48 1 
  4813.18 1.7873e-13   4827.23 1 
  4815.92 1.8004e-13   4829.98 1 
  4818.66 1.8066e-13   4832.73 1 
  4821.41 1.8183e-13   4835.48 1 
  4824.15 1.8272e-13   4838.23 1 
  4826.89 1.7782e-13   4840.98 1 
  4829.63 1.7918e-13   4843.73 1 
  4832.37 1.7690e-13   4846.48 1 
  4835.12 1.7724e-13   4849.23 1 
  4837.86 1.8149e-13   4851.98 1 
  4840.60 1.8072e-13   4854.73 1 
  4843.34 1.7790e-13   4857.48 1 
  4846.08 1.7523e-13   4860.23 1 
  4848.83 1.7017e-13   4862.98 1 
  4851.57 1.7068e-13   4865.73 1 
  4854.31 1.7191e-13   4868.48 1 
  4857.05 1.7705e-13   4871.23 1 
  4859.79 1.8552e-13   4873.98 1 
  4862.54 1.7993e-13   4876.73 1 
  4865.28 1.7463e-13   4879.48 1 
  4868.02 1.6800e-13   4882.23 1 
  4870.76 1.6022e-13   4884.98 1 
  4873.50 1.6222e-13   4887.73 1 
  4876.25 1.6510e-13   4890.48 1 
  4878.99 1.6959e-13   4893.23 1 
  4881.73 1.7291e-13   4895.98 1 
  4884.47 1.6730e-13   4898.73 1 
  4887.21 1.7051e-13   4901.48 1 
  4889.96 1.7319e-13   4904.23 1 
  4892.70 1.7202e-13   4906.98 1 
  4895.44 1.7323e-13   4909.73 1 
  4898.18 1.7801e-13   4912.48 1 
  4900.92 1.8079e-13   4915.23 1 
  4903.67 1.7997e-13   4917.98 1 
  4906.41 1.7559e-13   4920.73 1 
  4909.15 1.7359e-13   4923.48 1 
  4911.89 1.7595e-13   4926.23 1 
  4914.63 1.7270e-13   4928.98 1 
  4917.38 1.6848e-13   4931.73 1 
  4920.12 1.6803e-13   4934.48 1 
  4922.86 1.7401e-13   4937.23 1 
  4925.60 1.7616e-13   4939.98 1 
  4928.34 1.7652e-13   4942.73 1 
  4931.09 1.7582e-13   4945.48 1 
  4933.83 1.7648e-13   4948.23 1 
  4936.57 1.7282e-13   4950.98 1 
  4939.31 1.7735e-13   4953.73 1 
  4942.05 1.7975e-13   4956.48 1 
  4944.80 1.8421e-13   4959.23 1 
  4947.54 1.8346e-13   4961.98 1 
  4950.28 1.8072e-13   4964.73 1 
  4953.02 1.8368e-13   4967.48 1 
  4955.76 1.8539e-13   4970.23 1 
  4958.51 1.8661e-13   4972.98 1 
  4961.25 1.8437e-13   4975.73 1 
  4963.99 1.7553e-13   4978.48 1 
  4966.73 1.7641e-13   4981.23 1 
  4969.47 1.7948e-13   4983.98 1 
  4972.22 1.7812e-13   4986.73 1 
  4974.96 1.8068e-13   4989.48 1 
  4977.70 1.7575e-13   4992.23 1 
  4980.44 1.6861e-13   4994.98 1 
  4983.18 1.6735e-13   4997.73 1 
  4985.93 1.6674e-13   5000.48 1 
  4988.67 1.7353e-13   5003.23 1 
  4991.41 1.7516e-13   5005.98 1 
  4994.15 1.7406e-13   5008.73 1 
  4996.89 1.7718e-13   5011.48 1 
  4999.64 1.8005e-13   5014.23 1 
  5002.38 1.8308e-13   5016.98 1 
  5005.12 1.8635e-13   5019.73 1 
  5007.86 1.8590e-13   5022.48 1 
  5010.60 1.7720e-13   5025.23 1 
  5013.35 1.6826e-13   5027.98 1 
  5016.09 1.6510e-13   5030.73 1 
  5018.83 1.6675e-13   5033.48 1 
  5021.57 1.6878e-13   5036.23 1 
  5024.31 1.6466e-13   5038.98 1 
  5027.06 1.7130e-13   5041.73 1 
  5029.80 1.7561e-13   5044.48 1 
  5032.54 1.7260e-13   5047.23 1 
  5035.28 1.7172e-13   5049.98 1 
  5038.02 1.6988e-13   5052.73 1 
  5040.77 1.6614e-13   5055.48 1 
  5043.51 1.6675e-13   5058.23 1 
  5046.25 1.7000e-13   5060.98 1 
  5048.99 1.7560e-13   5063.73 1 
  5051.73 1.7584e-13   5066.48 1 
  5054.48 1.7834e-13   5069.23 1 
  5057.22 1.7921e-13   5071.98 1 
  5059.96 1.7877e-13   5074.73 1 
  5062.70 1.7774e-13   5077.48 1 
  5065.44 1.7581e-13   5080.23 1 
  5068.19 1.7611e-13   5082.98 1 
  5070.93 1.7682e-13   5085.73 1 
  5073.67 1.7331e-13   5088.48 1 
  5076.41 1.7213e-13   5091.23 1 
  5079.15 1.7173e-13   5093.98 1 
  5081.90 1.6946e-13   5096.73 1 
  5084.64 1.7177e-13   5099.48 1 
  5087.38 1.7625e-13   5102.23 1 
  5090.12 1.7729e-13   5104.98 1 
  5092.86 1.7775e-13   5107.73 1 
  5095.61 1.7660e-13   5110.48 1 
  5098.35 1.7393e-13   5113.23 1 
  5101.09 1.7129e-13   5115.98 1 
  5103.83 1.7016e-13   5118.73 1 
  5106.57 1.7235e-13   5121.48 1 
  5109.32 1.7402e-13   5124.23 1 
  5112.06 1.7325e-13   5126.98 1 
  5114.80 1.7816e-13   5129.73 1 
  5117.54 1.7587e-13   5132.48 1 
  5120.28 1.7218e-13   5135.23 1 
  5123.03 1.7141e-13   5137.98 1 
  5125.77 1.6867e-13   5140.73 1 
  5128.51 1.6590e-13   5143.48 1 
  5131.25 1.6579e-13   5146.23 1 
  5133.99 1.6673e-13   5148.98 1 
  5136.74 1.6802e-13   5151.73 1 
  5139.48 1.6846e-13   5154.48 1 
  5142.22 1.6737e-13   5157.23 1 
  5144.96 1.6771e-13   5159.98 1 
  5147.70 1.6986e-13   5162.73 1 
  5150.45 1.7194e-13   5165.48 1 
  5153.19 1.7189e-13   5168.23 1 
  5155.93 1.7115e-13   5170.98 1 
  5158.67 1.7275e-13   5173.73 1 
  5161.41 1.6508e-13   5176.48 1 
  5164.16 1.5612e-13   5179.23 1 
  5166.90 1.4804e-13   5181.98 1 
  5169.64 1.4112e-13   5184.73 1 
  5172.38 1.4426e-13   5187.48 1 
  5175.12 1.4977e-13   5190.23 1 
  5177.87 1.5106e-13   5192.98 1 
  5180.61 1.5163e-13   5195.73 1 
  5183.35 1.5171e-13   5198.48 1 
  5186.09 1.5465e-13   5201.23 1 
  5188.83 1.6193e-13   5203.98 1 
  5191.58 1.6727e-13   5206.73 1 
  5194.32 1.6743e-13   5209.48 1 
  5197.06 1.7172e-13   5212.23 1 
  5199.80 1.7397e-13   5214.98 1 
  5202.54 1.7003e-13   5217.73 1 
  5205.29 1.6770e-13   5220.48 1 
  5208.03 1.6750e-13   5223.23 1 
  5210.77 1.6955e-13   5225.98 1 
  5213.51 1.7225e-13   5228.73 1 
  5216.25 1.7411e-13   5231.48 1 
  5219.00 1.7555e-13   5234.23 1 
  5221.74 1.7313e-13   5236.98 1 
  5224.48 1.7187e-13   5239.73 1 
  5227.22 1.6855e-13   5242.48 1 
  5229.96 1.6875e-13   5245.23 1 
  5232.71 1.7449e-13   5247.98 1 
  5235.45 1.7871e-13   5250.73 1 
  5238.19 1.7985e-13   5253.48 1 
  5240.93 1.8043e-13   5256.23 1 
  5243.67 1.7935e-13   5258.98 1 
  5246.42 1.7966e-13   5261.73 1 
  5249.16 1.7875e-13   5264.48 1 
  5251.90 1.7692e-13   5267.23 1 
  5254.64 1.7575e-13   5269.98 1 
  5257.38 1.7571e-13   5272.73 1 
  5260.13 1.7458e-13   5275.48 1 
  5262.87 1.6763e-13   5278.23 1 
  5265.61 1.6113e-13   5280.98 1 
  5268.35 1.6108e-13   5283.73 1 
  5271.09 1.6484e-13   5286.48 1 
  5273.84 1.7226e-13   5289.23 1 
  5276.58 1.7619e-13   5291.98 1 
  5279.32 1.8024e-13   5294.73 1 
  5282.06 1.8542e-13   5297.48 1 
  5284.80 1.9183e-13   5300.23 1 
  5287.55 1.9200e-13   5302.98 1 
  5290.29 1.9169e-13   5305.73 1 
  5293.03 1.9212e-13   5308.48 1 
  5295.77 1.8897e-13   5311.23 1 
  5298.51 1.8891e-13   5313.98 1 
  5301.26 1.8894e-13   5316.73 1 
  5304.00 1.9399e-13   5319.48 1 
  5306.74 1.9852e-13   5322.23 1 
  5309.48 1.9620e-13   5324.98 1 
  5312.22 1.9908e-13   5327.73 1 
  5314.97 1.9689e-13   5330.48 1 
  5317.71 1.9499e-13   5333.23 1 
  5320.45 1.9130e-13   5335.98 1 
  5323.19 1.8682e-13   5338.73 1 
  5325.93 1.8563e-13   5341.48 1 
  5328.68 1.8294e-13   5344.23 1 
  5331.42 1.8170e-13   5346.98 1 
  5334.16 1.8273e-13   5349.73 1 
  5336.90 1.8534e-13   5352.48 1 
  5339.64 1.8898e-13   5355.23 1 
  5342.39 1.9119e-13   5357.98 1 
  5345.13 1.9180e-13   5360.73 1 
  5347.87 1.9427e-13   5363.48 1 
  5350.61 1.9959e-13   5366.23 1 
  5353.35 2.0313e-13   5368.98 1 
  5356.10 2.0282e-13   5371.73 1 
  5358.84 2.0099e-13   5374.48 1 
  5361.58 1.9787e-13   5377.23 1 
  5364.32 1.9596e-13   5379.98 1 
  5367.06 1.9174e-13   5382.73 1 
  5369.81 1.8998e-13   5385.48 1 
  5372.55 1.9355e-13   5388.23 1 
  5375.29 1.9606e-13   5390.98 1 
  5378.03 1.9743e-13   5393.73 1 
  5380.77 1.9688e-13   5396.48 1 
  5383.52 1.9779e-13   5399.23 1 
  5386.26 1.9668e-13   5401.98 1 
  5389.00 1.9249e-13   5404.73 1 
  5391.74 1.8784e-13   5407.48 1 
  5394.48 1.8406e-13   5410.23 1 
  5397.23 1.8305e-13   5412.98 1 
  5399.97 1.8356e-13   5415.73 1 
  5402.71 1.8468e-13   5418.48 1 
  5405.45 1.8594e-13   5421.23 1 
  5408.19 1.8538e-13   5423.98 1 
  5410.94 1.8494e-13   5426.73 1 
  5413.68 1.8760e-13   5429.48 1 
  5416.42 1.9043e-13   5432.23 1 
  5419.16 1.9157e-13   5434.98 1 
  5421.90 1.9383e-13   5437.73 1 
  5424.65 1.9227e-13   5440.48 1 
  5427.39 1.9054e-13   5443.23 1 
  5430.13 1.8798e-13   5445.98 1 
  5432.87 1.8759e-13   5448.73 1 
  5435.61 1.9001e-13   5451.48 1 
  5438.36 1.9212e-13   5454.23 1 
  5441.10 1.9594e-13   5456.98 1 
  5443.84 1.9347e-13   5459.73 1 
  5446.58 1.9144e-13   5462.48 1 
  5449.32 1.8793e-13   5465.23 1 
  5452.07 1.9037e-13   5467.98 1 
  5454.81 1.9224e-13   5470.73 1 
  5457.55 1.9196e-13   5473.48 1 
  5460.29 1.9246e-13   5476.23 1 
  5463.03 1.9343e-13   5478.98 1 
  5465.78 1.9729e-13   5481.73 1 
  5468.52 1.9379e-13   5484.48 1 
  5471.26 1.8725e-13   5487.23 1 
  5474.00 1.8932e-13   5489.98 1 
  5476.74 1.8882e-13   5492.73 1 
  5479.49 1.8735e-13   5495.48 1 
  5482.23 1.9139e-13   5498.23 1 
  5484.97 1.9054e-13   5500.98 1 
  5487.71 1.9708e-13   5503.73 1 
  5490.45 1.9422e-13   5506.48 1 
  5493.20 1.9473e-13   5509.23 1 
  5495.94 1.9531e-13   5511.98 1 
  5498.68 1.9462e-13   5514.73 1 
  5501.42 1.9070e-13   5517.48 1 
  5504.16 1.9130e-13   5520.23 1 
  5506.91 1.8911e-13   5522.98 1 
  5509.65 1.9276e-13   5525.73 1 
  5512.39 1.9464e-13   5528.48 1 
  5515.13 1.9303e-13   5531.23 1 
  5517.87 1.9891e-13   5533.98 1 
  5520.62 2.0059e-13   5536.73 1 
  5523.36 1.9904e-13   5539.48 1 
  5526.10 1.9608e-13   5542.23 1 
  5528.84 1.9443e-13   5544.98 1 
  5531.58 1.9619e-13   5547.73 1 
  5534.33 1.9208e-13   5550.48 1 
  5537.07 1.9561e-13   5553.23 1 
  5539.81 1.9378e-13   5555.98 1 
  5542.55 1.9495e-13   5558.73 1 
  5545.29 1.9163e-13   5561.48 1 
  5548.04 1.9766e-13   5564.23 1 
  5550.78 1.9944e-13   5566.98 1 
  5553.52 2.0046e-13   5569.73 1 
  5556.26 1.9271e-13   5572.48 1 
  5559.00 1.9782e-13   5575.23 1 
  5561.75 1.9776e-13   5577.98 1 
  5564.49 1.9451e-13   5580.73 1 
  5567.23 1.8658e-13   5583.48 1 
  5569.97 1.9062e-13   5586.23 1 
  5572.71 1.9525e-13   5588.98 1 
  5575.46 1.9438e-13   5591.73 1 
  5578.20 1.9452e-13   5594.48 1 
  5580.94 1.9067e-13   5597.23 1 
  5583.68 1.9327e-13   5599.98 1 
  5586.42 1.8538e-13   5602.73 1 
  5589.17 1.8620e-13   5605.48 1 
  5591.91 1.8804e-13   5608.23 1 
  5594.65 1.8667e-13   5610.98 1 
  5597.39 1.9191e-13   5613.73 1 
  5600.13 1.9072e-13   5616.48 1 
  5602.88 1.9500e-13   5619.23 1 
  5605.62 1.9509e-13   5621.98 1 
  5608.36 1.9620e-13   5624.73 1 
  5611.10 2.0265e-13   5627.48 1 
  5613.84 1.9599e-13   5630.23 1 
  5616.59 1.9426e-13   5632.98 1 
  5619.33 1.9409e-13   5635.73 1 
  5622.07 1.9035e-13   5638.48 1 
  5624.81 1.9291e-13   5641.23 1 
  5627.55 1.9614e-13   5643.98 1 
  5630.30 1.9625e-13   5646.73 1 
  5633.04 2.0109e-13   5649.48 1 
  5635.78 1.9943e-13   5652.23 1 
  5638.52 1.9946e-13   5654.98 1 
  5641.26 1.9108e-13   5657.73 1 
  5644.01 1.9651e-13   5660.48 1 
  5646.75 1.9683e-13   5663.23 1 
  5649.49 2.0296e-13   5665.98 1 
  5652.23 1.9611e-13   5668.73 1 
  5654.97 1.9403e-13   5671.48 1 
  5657.72 1.9220e-13   5674.23 1 
  5660.46 1.9224e-13   5676.98 1 
  5663.20 1.9608e-13   5679.73 1 
  5665.94 1.9649e-13   5682.48 1 
  5668.68 2.0256e-13   5685.23 1 
  5671.43 2.0102e-13   5687.98 1 
  5674.17 2.0117e-13   5690.73 1 
  5676.91 1.9631e-13   5693.48 1 
  5679.65 1.9645e-13   5696.23 1 
  5682.39 1.9599e-13   5698.98 1 
  5685.14 1.9364e-13   5701.73 1 
  5687.88 1.9555e-13   5704.48 1 
  5690.62 2.0101e-13   5707.23 1 
  5693.36 2.0421e-13   5709.98 1 
  5696.10 1.9773e-13   5712.73 1 
  5698.85 1.9941e-13   5715.48 1 
  5701.59 1.9876e-13   5718.23 1 
  5704.33 1.9525e-13   5720.98 1 
  5707.07 1.8989e-13   5723.73 1 
  5709.81 1.9009e-13   5726.48 1 
  5712.56 1.9603e-13   5729.23 1 
  5715.30 1.9898e-13   5731.98 1 
  5718.04 1.9900e-13   5734.73 1 
  5720.78 2.0166e-13   5737.48 1 
  5723.52 2.0570e-13   5740.23 1 
  5726.27 2.0744e-13   5742.98 1 
  5729.01 2.1082e-13   5745.73 1 
  5731.75 2.0909e-13   5748.48 1 
  5734.49 2.0942e-13   5751.23 1 
  5737.23 2.0771e-13   5753.98 1 
  5739.97 2.0659e-13   5756.73 1 
  5742.72 2.0490e-13   5759.48 1 
  5745.46 2.0573e-13   5762.23 1 
  5748.20 2.0406e-13   5764.98 1 
  5750.94 2.1001e-13   5767.73 1 
  5753.68 2.0364e-13   5770.48 1 
  5756.43 1.9925e-13   5773.23 1 
  5759.17 2.0286e-13   5775.98 1 
  5761.91 1.9983e-13   5778.73 1 
  5764.65 2.0384e-13   5781.48 1 
  5767.39 2.0233e-13   5784.23 1 
  5770.14 2.0498e-13   5786.98 1 
  5772.88 2.0467e-13   5789.73 1 
  5775.62 2.0153e-13   5792.48 1 
  5778.36 1.9901e-13   5795.23 1 
  5781.10 1.9620e-13   5797.98 1 
  5783.85 1.9405e-13   5800.73 1 
  5786.59 1.9821e-13   5803.48 1 
  5789.33 2.0168e-13   5806.23 1 
  5792.07 2.0204e-13   5808.98 1 
  5794.81 2.0495e-13   5811.73 1 
  5797.56 2.0986e-13   5814.48 1 
  5800.30 2.0893e-13   5817.23 1 
  5803.04 2.0541e-13   5819.98 1 
  5805.78 2.0715e-13   5822.73 1 
  5808.52 2.0622e-13   5825.48 1 
  5811.27 2.0546e-13   5828.23 1 
  5814.01 2.0510e-13   5830.98 1 
  5816.75 2.0524e-13   5833.73 1 
  5819.49 2.0747e-13   5836.48 1 
  5822.23 2.1122e-13   5839.23 1 
  5824.98 2.0904e-13   5841.98 1 
  5827.72 2.1189e-13   5844.73 1 
  5830.46 2.1223e-13   5847.48 1 
  5833.20 2.0482e-13   5850.23 1 
  5835.94 2.0678e-13   5852.98 1 
  5838.69 2.0882e-13   5855.73 1 
  5841.43 2.1053e-13   5858.48 1 
  5844.17 2.1121e-13   5861.23 1 
  5846.91 2.1015e-13   5863.98 1 
  5849.65 2.0529e-13   5866.73 1 
  5852.40 2.0128e-13   5869.48 1 
  5855.14 1.9971e-13   5872.23 1 
  5857.88 1.9190e-13   5874.98 1 
  5860.62 2.0002e-13   5877.73 1 
  5863.36 2.0463e-13   5880.48 1 
  5866.11 2.0427e-13   5883.23 1 
  5868.85 2.0012e-13   5885.98 1 
  5871.59 2.0377e-13   5888.73 1 
  5874.33 2.0445e-13   5891.48 1 
  5877.07 1.9090e-13   5894.23 1 
  5879.82 1.7679e-13   5896.98 1 
  5882.56 1.7896e-13   5899.73 1 
  5885.30 1.7825e-13   5902.48 1 
  5888.04 1.7662e-13   5905.23 1 
  5890.78 1.6620e-13   5907.98 1 
  5893.53 1.6938e-13   5910.73 1 
  5896.27 1.7525e-13   5913.48 1 
  5899.01 1.8174e-13   5916.23 1 
  5901.75 1.8538e-13   5918.98 1 
  5904.49 1.9010e-13   5921.73 1 
  5907.24 2.0008e-13   5924.48 1 
  5909.98 2.0225e-13   5927.23 1 
  5912.72 2.0217e-13   5929.98 1 
  5915.46 1.9778e-13   5932.73 1 
  5918.20 1.9739e-13   5935.48 1 
  5920.95 1.9761e-13   5938.23 1 
  5923.69 2.0002e-13   5940.98 1 
  5926.43 2.0486e-13   5943.73 1 
  5929.17 2.0448e-13   5946.48 1 
  5931.91 2.0236e-13   5949.23 1 
  5934.66 2.0328e-13   5951.98 1 
  5937.40 2.0377e-13   5954.73 1 
  5940.14 1.9992e-13   5957.48 1 
  5942.88 2.0057e-13   5960.23 1 
  5945.62 2.0621e-13   5962.98 1 
  5948.37 1.9967e-13   5965.73 1 
  5951.11 2.0072e-13   5968.48 1 
  5953.85 2.0323e-13   5971.23 1 
  5956.59 2.0599e-13   5973.98 1 
  5959.33 2.0388e-13   5976.73 1 
  5962.08 2.0135e-13   5979.48 1 
  5964.82 2.0243e-13   5982.23 1 
  5967.56 2.0765e-13   5984.98 1 
  5970.30 2.0560e-13   5987.73 1 
  5973.04 2.0554e-13   5990.48 1 
  5975.79 2.0474e-13   5993.23 1 
  5978.53 2.0402e-13   5995.98 1 
  5981.27 1.9826e-13   5998.73 1 
  5984.01 1.9941e-13   6001.48 1 
  5986.75 1.9940e-13   6004.23 1 
  5989.50 1.9913e-13   6006.98 1 
  5992.24 2.0169e-13   6009.73 1 
  5994.98 2.0104e-13   6012.48 1 
  5997.72 1.9869e-13   6015.23 1 
  6000.46 2.0432e-13   6017.98 1 
  6003.21 2.0022e-13   6020.73 1 
  6005.95 1.9920e-13   6023.48 1 
  6008.69 1.9912e-13   6026.23 1 
  6011.43 1.9518e-13   6028.98 1 
  6014.17 2.0499e-13   6031.73 1 
  6016.92 1.9710e-13   6034.48 1 
  6019.66 1.9988e-13   6037.23 1 
  6022.40 1.9583e-13   6039.98 1 
  6025.14 2.0450e-13   6042.73 1 
  6027.88 2.0130e-13   6045.48 1 
  6030.63 2.0371e-13   6048.23 1 
  6033.37 2.0549e-13   6050.98 1 
  6036.11 2.0692e-13   6053.73 1 
  6038.85 2.0763e-13   6056.48 1 
  6041.59 2.0812e-13   6059.23 1 
  6044.34 2.0781e-13   6061.98 1 
  6047.08 2.1324e-13   6064.73 1 
  6049.82 2.1195e-13   6067.48 1 
  6052.56 2.0816e-13   6070.23 1 
  6055.30 2.0487e-13   6072.98 1 
  6058.05 2.0389e-13   6075.73 1 
  6060.79 2.0441e-13   6078.48 1 
  6063.53 2.0802e-13   6081.23 1 
  6066.27 2.0939e-13   6083.98 1 
  6069.01 2.0963e-13   6086.73 1 
  6071.76 2.0936e-13   6089.48 1 
  6074.50 2.1179e-13   6092.23 1 
  6077.24 2.0529e-13   6094.98 1 
  6079.98 2.0485e-13   6097.73 1 
  6082.72 2.0354e-13   6100.48 1 
  6085.47 2.0397e-13   6103.23 1 
  6088.21 2.0484e-13   6105.98 1 
  6090.95 2.0931e-13   6108.73 1 
  6093.69 2.0478e-13   6111.48 1 
  6096.43 2.0277e-13   6114.23 1 
  6099.18 2.0709e-13   6116.98 1 
  6101.92 2.0415e-13   6119.73 1 
  6104.66 2.0658e-13   6122.48 1 
  6107.40 2.0595e-13   6125.23 1 
  6110.14 2.0500e-13   6127.98 1 
  6112.89 2.0761e-13   6130.73 1 
  6115.63 2.0042e-13   6133.48 1 
  6118.37 2.0227e-13   6136.23 1 
  6121.11 1.9868e-13   6138.98 1 
  6123.85 2.0347e-13   6141.73 1 
  6126.60 2.0768e-13   6144.48 1 
  6129.34 2.0474e-13   6147.23 1 
  6132.08 2.0235e-13   6149.98 1 
  6134.82 2.0116e-13   6152.73 1 
  6137.56 1.9837e-13   6155.48 1 
  6140.31 2.0067e-13   6158.23 1 
  6143.05 2.0257e-13   6160.98 1 
  6145.79 2.0333e-13   6163.73 1 
  6148.53 2.0503e-13   6166.48 1 
  6151.27 2.0228e-13   6169.23 1 
  6154.02 1.9749e-13   6171.98 1 
  6156.76 1.9221e-13   6174.73 1 
  6159.50 1.8854e-13   6177.48 1 
  6162.24 1.8526e-13   6180.23 1 
  6164.98 1.8714e-13   6182.98 1 
  6167.73 1.9154e-13   6185.73 1 
  6170.47 1.9450e-13   6188.48 1 
  6173.21 1.9421e-13   6191.23 1 
  6175.95 1.9196e-13   6193.98 1 
  6178.69 1.9777e-13   6196.73 1 
  6181.44 1.9982e-13   6199.48 1 
  6184.18 1.9740e-13   6202.23 1 
  6186.92 1.9343e-13   6204.98 1 
  6189.66 1.9177e-13   6207.73 1 
  6192.40 1.9583e-13   6210.48 1 
  6195.15 1.9697e-13   6213.23 1 
  6197.89 1.9744e-13   6215.98 1 
  6200.63 1.9922e-13   6218.73 1 
  6203.37 1.9732e-13   6221.48 1 
  6206.11 1.9318e-13   6224.23 1 
  6208.86 1.9847e-13   6226.98 1 
  6211.60 2.0304e-13   6229.73 1 
  6214.34 1.9835e-13   6232.48 1 
  6217.08 1.9504e-13   6235.23 1 
  6219.82 1.9058e-13   6237.98 1 
  6222.57 1.8650e-13   6240.73 1 
  6225.31 1.8869e-13   6243.48 1 
  6228.05 1.8574e-13   6246.23 1 
  6230.79 1.8906e-13   6248.98 1 
  6233.53 1.9468e-13   6251.73 1 
  6236.28 1.9579e-13   6254.48 1 
  6239.02 1.9841e-13   6257.23 1 
  6241.76 1.8972e-13   6259.98 1 
  6244.50 1.8615e-13   6262.73 1 
  6247.24 1.8583e-13   6265.48 1 
  6249.99 1.9282e-13   6268.23 1 
  6252.73 1.9233e-13   6270.98 1 
  6255.47 1.8837e-13   6273.73 1 
  6258.21 1.8604e-13   6276.48 1 
  6260.95 1.8748e-13   6279.23 1 
  6263.70 1.9416e-13   6281.98 1 
  6266.44 2.0102e-13   6284.73 1 
  6269.18 1.9182e-13   6287.48 1 
  6271.92 1.9971e-13   6290.23 1 
  6274.66 1.9269e-13   6292.98 1 
  6277.41 1.8916e-13   6295.73 1 
  6280.15 1.9672e-13   6298.48 1 
  6282.89 1.9466e-13   6301.23 1 
  6285.63 1.8191e-13   6303.98 1 
  6288.37 1.9127e-13   6306.73 1 
  6291.12 1.9298e-13   6309.48 1 
  6293.86 1.9591e-13   6312.23 1 
  6296.60 2.0396e-13   6314.98 1 
  6299.34 2.0372e-13   6317.73 1 
  6302.08 2.0272e-13   6320.48 1 
  6304.83 2.0180e-13   6323.23 1 
  6307.57 2.0010e-13   6325.98 1 
  6310.31 2.0389e-13   6328.73 1 
  6313.05 1.9125e-13   6331.48 1 
  6315.79 2.0152e-13   6334.23 1 
  6318.54 1.9833e-13   6336.98 1 
  6321.28 2.0383e-13   6339.73 1 
  6324.02 1.9964e-13   6342.48 1 
  6326.76 1.9728e-13   6345.23 1 
  6329.50 2.0671e-13   6347.98 1 
  6332.25 2.0464e-13   6350.73 1 
  6334.99 2.0370e-13   6353.48 1 
  6337.73 2.0424e-13   6356.23 1 
  6340.47 2.0039e-13   6358.98 1 
  6343.21 1.9786e-13   6361.73 1 
  6345.96 2.0552e-13   6364.48 1 
  6348.70 2.0273e-13   6367.23 1 
  6351.44 2.0330e-13   6369.98 1 
  6354.18 1.9634e-13   6372.73 1 
  6356.92 1.9208e-13   6375.48 1 
  6359.67 2.0085e-13   6378.23 1 
  6362.41 1.9753e-13   6380.98 1 
  6365.15 1.9829e-13   6383.73 1 
  6367.89 2.0078e-13   6386.48 1 
  6370.63 2.0454e-13   6389.23 1 
  6373.38 2.0673e-13   6391.98 1 
  6376.12 2.0222e-13   6394.73 1 
  6378.86 2.0559e-13   6397.48 1 
  6381.60 2.0466e-13   6400.23 1 
  6384.34 2.0307e-13   6402.98 1 
  6387.09 2.0457e-13   6405.73 1 
  6389.83 2.0447e-13   6408.48 1 
  6392.57 2.0236e-13   6411.23 1 
  6395.31 2.0202e-13   6413.98 1 
  6398.05 2.0202e-13   6416.73 1 
  6400.80 2.0153e-13   6419.48 1 
  6403.54 1.9928e-13   6422.23 1 
  6406.28 2.0015e-13   6424.98 1 
  6409.02 2.0524e-13   6427.73 1 
  6411.76 2.0378e-13   6430.48 1 
  6414.51 2.0111e-13   6433.23 1 
  6417.25 2.0261e-13   6435.98 1 
  6419.99 2.0286e-13   6438.73 1 
  6422.73 2.0248e-13   6441.48 1 
  6425.47 2.0322e-13   6444.23 1 
  6428.22 2.0288e-13   6446.98 1 
  6430.96 2.0305e-13   6449.73 1 
  6433.70 2.0156e-13   6452.48 1 
  6436.44 2.0523e-13   6455.23 1 
  6439.18 2.0622e-13   6457.98 1 
  6441.93 2.0653e-13   6460.73 1 
  6444.67 2.0563e-13   6463.48 1 
  6447.41 2.0549e-13   6466.23 1 
  6450.15 2.0167e-13   6468.98 1 
  6452.89 2.0223e-13   6471.73 1 
  6455.64 2.0284e-13   6474.48 1 
  6458.38 2.0215e-13   6477.23 1 
  6461.12 2.0011e-13   6479.98 1 
  6463.86 2.0374e-13   6482.73 1 
  6466.60 2.0558e-13   6485.48 1 
  6469.35 2.0527e-13   6488.23 1 
  6472.09 2.0454e-13   6490.98 1 
  6474.83 2.1535e-13   6493.73 1 
  6477.57 2.0929e-13   6496.48 1 
  6480.31 2.0948e-13   6499.23 1 
  6483.06 2.0348e-13   6501.98 1 
  6485.80 2.0034e-13   6504.73 1 
  6488.54 1.9592e-13   6507.48 1 
  6491.28 1.9456e-13   6510.23 1 
  6494.02 1.9648e-13   6512.98 1 
  6496.77 1.9272e-13   6515.73 1 
  6499.51 1.9569e-13   6518.48 1 
  6502.25 2.0407e-13   6521.23 1 
  6504.99 2.0301e-13   6523.98 1 
  6507.73 2.0792e-13   6526.73 1 
  6510.48 2.0816e-13   6529.48 1 
  6513.22 2.0627e-13   6532.23 1 
  6515.96 2.0216e-13   6534.98 1 
  6518.70 2.0000e-13   6537.73 1 
  6521.44 2.0917e-13   6540.48 1 
  6524.19 2.0616e-13   6543.23 1 
  6526.93 2.0406e-13   6545.98 1 
  6529.67 2.0966e-13   6548.73 1 
  6532.41 2.1284e-13   6551.48 1 
  6535.15 2.0602e-13   6554.23 1 
  6537.90 2.0869e-13   6556.98 1 
  6540.64 2.1331e-13   6559.73 1 
  6543.38 2.2882e-13   6562.48 1 
  6546.12 2.3374e-13   6565.23 1 
  6548.86 2.3184e-13   6567.98 1 
  6551.61 2.3311e-13   6570.73 1 
  6554.35 2.5477e-13   6573.48 1 
  6557.09 3.0910e-13   6576.23 1 
  6559.83 3.5239e-13   6578.98 1 
  6562.57 3.5922e-13   6581.73 1 
  6565.32 3.4751e-13   6584.48 1 
  6568.06 3.0894e-13   6587.23 1 
  6570.80 2.5909e-13   6589.98 1 
  6573.54 2.3142e-13   6592.73 1 
  6576.28 2.4593e-13   6595.48 1 
  6579.03 2.7497e-13   6598.23 1 
  6581.77 3.0085e-13   6600.98 1 
  6584.51 2.9461e-13   6603.73 1 
  6587.25 2.6980e-13   6606.48 1 
  6589.99 2.4463e-13   6609.23 1 
  6592.74 2.2266e-13   6611.98 1 
  6595.48 2.0539e-13   6614.73 1 
  6598.22 2.0264e-13   6617.48 1 
  6600.96 2.0684e-13   6620.23 1 
  6603.70 2.0677e-13   6622.98 1 
  6606.45 2.0684e-13   6625.73 1 
  6609.19 2.0685e-13   6628.48 1 
  6611.93 2.0796e-13   6631.23 1 
  6614.67 2.1070e-13   6633.98 1 
  6617.41 2.0927e-13   6636.73 1 
  6620.16 2.0743e-13   6639.48 1 
  6622.90 2.0696e-13   6642.23 1 
  6625.64 2.0750e-13   6644.98 1 
  6628.38 2.0592e-13   6647.73 1 
  6631.12 2.0441e-13   6650.48 1 
  6633.87 1.9986e-13   6653.23 1 
  6636.61 2.0485e-13   6655.98 1 
  6639.35 2.0847e-13   6658.73 1 
  6642.09 2.0607e-13   6661.48 1 
  6644.83 2.0252e-13   6664.23 1 
  6647.58 2.0180e-13   6666.98 1 
  6650.32 2.0288e-13   6669.73 1 
  6653.06 2.0247e-13   6672.48 1 
  6655.80 2.0549e-13   6675.23 1 
  6658.54 2.0099e-13   6677.98 1 
  6661.29 2.0338e-13   6680.73 1 
  6664.03 2.0199e-13   6683.48 1 
  6666.77 2.0123e-13   6686.23 1 
  6669.51 2.0042e-13   6688.98 1 
  6672.25 2.0676e-13   6691.73 1 
  6675.00 2.0969e-13   6694.48 1 
  6677.74 2.0418e-13   6697.23 1 
  6680.48 2.0454e-13   6699.98 1 
  6683.22 2.0440e-13   6702.73 1 
  6685.96 2.1065e-13   6705.48 1 
  6688.71 2.1062e-13   6708.23 1 
  6691.45 2.0047e-13   6710.98 1 
  6694.19 2.0322e-13   6713.73 1 
  6696.93 2.0044e-13   6716.48 1 
  6699.67 2.0962e-13   6719.23 1 
  6702.42 2.0329e-13   6721.98 1 
  6705.16 2.0057e-13   6724.73 1 
  6707.90 2.1162e-13   6727.48 1 
  6710.64 2.1591e-13   6730.23 1 
  6713.38 2.2295e-13   6732.98 1 
  6716.13 2.2608e-13   6735.73 1 
  6718.87 2.2228e-13   6738.48 1 
  6721.61 2.2131e-13   6741.23 1 
  6724.35 2.1582e-13   6743.98 1 
  6727.09 2.1985e-13   6746.73 1 
  6729.84 2.2319e-13   6749.48 1 
  6732.58 2.1589e-13   6752.23 1 
  6735.32 2.0998e-13   6754.98 1 
  6738.06 2.0709e-13   6757.73 1 
  6740.80 2.0043e-13   6760.48 1 
  6743.55 1.9868e-13   6763.23 1 
  6746.29 1.9937e-13   6765.98 1 
  6749.03 2.0154e-13   6768.73 1 
  6751.77 2.0009e-13   6771.48 1 
  6754.51 1.9778e-13   6774.23 1 
  6757.26 2.0119e-13   6776.98 1 
  6760.00 2.0516e-13   6779.73 1 
  6762.74 2.0175e-13   6782.48 1 
  6765.48 2.0137e-13   6785.23 1 
  6768.22 2.0288e-13   6787.98 1 
  6770.97 2.0252e-13   6790.73 1 
  6773.71 2.0164e-13   6793.48 1 
  6776.45 2.0107e-13   6796.23 1 
  6779.19 2.0245e-13   6798.98 1 
  6781.93 2.0123e-13   6801.73 1 
  6784.68 1.9848e-13   6804.48 1 
  6787.42 1.9931e-13   6807.23 1 
  6790.16 1.9667e-13   6809.98 1 
  6792.90 1.9778e-13   6812.73 1 
  6795.64 1.9899e-13   6815.48 1 
  6798.39 1.9773e-13   6818.23 1 
  6801.13 1.9563e-13   6820.98 1 
  6803.87 2.0023e-13   6823.73 1 
  6806.61 2.0889e-13   6826.48 1 
  6809.35 2.0848e-13   6829.23 1 
  6819.21 1.9899e-13   6839.12 0 
  6834.93 1.9709e-13   6854.88 0 
  6850.69 1.9387e-13   6870.68 0 
  6866.48 1.8982e-13   6886.52 0 
  6882.31 1.9417e-13   6902.40 0 
  6898.17 1.9680e-13   6918.31 0 
  6914.08 1.9672e-13   6934.26 0 
  6930.01 1.9756e-13   6950.24 0 
  6945.99 2.0208e-13   6966.26 0 
  6962.00 1.9832e-13   6982.33 0 
  6978.05 2.0474e-13   6998.42 0 
  6994.14 2.0419e-13   7014.55 0 
  7010.26 1.9993e-13   7030.72 0 
  7026.42 2.0545e-13   7046.93 0 
  7042.62 2.0585e-13   7063.18 0 
  7058.85 2.0767e-13   7079.46 0 
  7075.13 1.8759e-13   7095.78 0 
  7091.44 1.8925e-13   7112.14 0 
  7107.78 1.8918e-13   7128.53 0 
  7124.17 1.8998e-13   7144.96 0 
  7140.59 1.7970e-13   7161.43 0 
  7157.05 1.7880e-13   7177.94 0 
  7173.55 1.8122e-13   7194.49 0 
  7190.09 1.7990e-13   7211.08 0 
  7206.66 1.8150e-13   7227.70 0 
  7223.27 1.8780e-13   7244.36 0 
  7239.93 1.9122e-13   7261.06 0 
  7256.62 1.9514e-13   7277.80 0 
  7273.34 1.9417e-13   7294.57 0 
  7290.11 1.9011e-13   7311.39 0 
  7306.92 1.9671e-13   7328.25 0 
  7323.76 1.9800e-13   7345.14 0 
  7340.65 2.0114e-13   7362.07 0 
  7357.57 2.0152e-13   7379.04 0 
  7374.53 2.0424e-13   7396.05 0 
  7391.52 2.0182e-13   7413.10 0 
  7408.57 2.0360e-13   7430.19 0 
  7425.64 2.0259e-13   7447.32 0 
  7442.76 2.1010e-13   7464.49 0 
  7459.92 2.1002e-13   7481.70 0 
  7477.12 2.0753e-13   7498.94 0 
  7494.35 2.0985e-13   7516.23 0 
  7511.63 2.0928e-13   7533.56 0 
  7528.95 2.0871e-13   7550.92 0 
  7546.30 2.1153e-13   7568.33 0 
  7563.70 2.0854e-13   7585.78 0 
  7581.13 2.0654e-13   7603.26 0 
  7598.61 2.0037e-13   7620.79 0 
  7616.12 1.9982e-13   7638.36 0 
  7633.68 2.0159e-13   7655.97 0 
  7651.28 1.9556e-13   7673.61 0 
  7668.92 1.8711e-13   7691.30 0 
  7686.60 1.9360e-13   7709.04 0 
  7704.32 1.9175e-13   7726.81 0 
  7722.08 1.8687e-13   7744.62 0 
  7739.88 1.9158e-13   7762.47 0 
  7757.72 1.7954e-13   7780.37 0 
  7775.60 1.8966e-13   7798.30 0 
  7793.53 1.8915e-13   7816.28 0 
  7811.50 1.9125e-13   7834.30 0 
  7829.50 1.9383e-13   7852.36 0 
  7847.55 1.9241e-13   7870.46 0 
  7865.64 1.9366e-13   7888.60 0 
  7883.77 1.9048e-13   7906.79 0 
  7901.95 1.8909e-13   7925.01 0 
  7920.17 1.8175e-13   7943.28 0 
  7938.42 1.8548e-13   7961.59 0 
  7956.72 1.8412e-13   7979.95 0 
  7975.07 1.9050e-13   7998.34 0 
  7993.45 1.9042e-13   8016.78 0 
  8011.87 1.9034e-13   8035.26 0 
  8030.34 1.9423e-13   8053.78 0 
  8048.86 1.9821e-13   8072.35 0 
  8067.41 1.9813e-13   8090.96 0 
  8086.01 1.9397e-13   8109.61 0 
  8104.65 1.8904e-13   8128.31 0 
  8123.33 1.9158e-13   8147.04 0 
  8142.06 1.9105e-13   8165.82 0 
  8160.83 1.9318e-13   8184.65 0 
  8179.64 1.9000e-13   8203.52 0 
  8198.49 1.9123e-13   8222.43 0 
  8217.39 1.9336e-13   8241.38 0 
  8236.34 1.7831e-13   8260.38 0 
  8255.32 1.9859e-13   8279.42 0 
  8274.35 1.9850e-13   8298.51 0 
  8293.43 1.9123e-13   8317.64 0 
  8312.55 1.8594e-13   8336.81 0 
  8331.71 1.8542e-13   8356.03 0 
  8350.92 1.8965e-13   8375.29 0 
  8370.17 1.9000e-13   8394.60 0 
  8389.46 1.8774e-13   8413.95 0 
  8408.80 1.8808e-13   8433.35 0 
  8428.19 1.8799e-13   8452.79 0 
  8447.61 1.7658e-13   8472.27 0 
  8467.09 1.8144e-13   8491.80 0 
  8486.61 1.8472e-13   8511.38 0 
  8506.17 1.4038e-13   8531.00 0 
  8525.78 1.7303e-13   8550.67 0 
  8545.44 1.6862e-13   8570.38 0 
  8565.13 1.7852e-13   8590.14 0 
  8584.88 1.8259e-13   8609.94 0 
  8604.67 1.8000e-13   8629.79 0 
  8624.50 1.8033e-13   8649.68 0 
  8644.39 1.8191e-13   8669.62 0 
  8664.31 1.7404e-13   8689.60 0 
  8684.29 1.6727e-13   8709.64 0 
  8704.31 1.7710e-13   8729.71 0 
  8724.37 1.8030e-13   8749.84 0 
  8744.48 1.7409e-13   8770.01 0 
  8764.64 1.7888e-13   8790.23 0 
  8784.84 1.8045e-13   8810.49 0 
  8805.10 1.7953e-13   8830.80 0 
  8825.39 1.8404e-13   8851.16 0 
  8845.74 1.7771e-13   8871.56 0 
  8866.13 1.8134e-13   8892.01 0 
  8886.57 1.6876e-13   8912.51 0 
  8907.05 1.7300e-13   8933.05 0 
  8927.59 1.7291e-13   8953.65 0 
  8948.17 1.7685e-13   8974.29 0 
  8968.80 1.7514e-13   8994.98 0 
  8989.47 1.6911e-13   9015.71 0 
  9010.20 1.5811e-13   9036.50 0 
  9030.96 1.6320e-13   9057.33 0 
  9051.78 1.8218e-13   9078.20 0 
  9072.65 1.7269e-13   9099.13 0 
  9093.57 1.7300e-13   9120.11 0 
  9114.53 1.6859e-13   9141.13 0 
  9135.54 1.7807e-13   9162.20 0 
  9156.60 1.6802e-13   9183.33 0 
  9177.71 1.6149e-13   9204.50 0 
  9198.86 1.7058e-13   9225.71 0 
  9220.07 1.5984e-13   9246.98 0 
  9241.32 1.5793e-13   9268.30 0 
  9262.62 1.6875e-13   9289.66 0 
  9283.98 1.7378e-13   9311.08 0 
  9305.38 1.5303e-13   9332.54 0 
  9326.83 1.7601e-13   9354.06 0 
  9348.33 1.7551e-13   9375.62 0 
  9369.88 1.7222e-13   9397.23 0 
  9391.48 1.7532e-13   9418.90 0 
  9413.13 1.7163e-13   9440.61 0 
  9434.83 1.7757e-13   9462.37 0 
  9456.58 1.7464e-13   9484.18 0 
  9478.38 1.7984e-13   9506.05 0 
  9500.23 1.8016e-13   9527.96 0 
  9522.13 1.7678e-13   9549.93 0 
  9544.08 1.7186e-13   9571.94 0 
  9566.09 1.7577e-13   9594.01 0 
  9588.14 1.7935e-13   9616.12 0 
  9610.24 1.7598e-13   9638.29 0 
  9632.39 1.7751e-13   9660.51 0 
  9654.60 1.7377e-13   9682.78 0 
  9676.85 1.7368e-13   9705.10 0 
  9699.16 1.7681e-13   9727.47 0 
  9721.52 1.7031e-13   9749.90 0 
  9743.93 1.6983e-13   9772.37 0 
  9766.39 1.7130e-13   9794.90 0 
  9788.91 1.6847e-13   9817.48 0 
  9811.47 1.7389e-13   9840.11 0 
  9834.09 1.7180e-13   9862.79 0 
  9856.76 1.7329e-13   9885.53 0 
  9879.48 1.7200e-13   9908.32 0 
  9902.26 1.6993e-13   9931.16 0 
  9925.08 1.7220e-13   9954.05 0 
  9947.96 1.7329e-13   9977.00 0 
  9970.89 1.7359e-13  10000.00 0 
  9993.88 1.7309e-13  10023.05 0 
 10016.91 1.7499e-13  10046.15 0 
 10086.35 1.7229e-13  10115.80 0 
 10132.91 1.7772e-13  10162.49 0 
 10179.68 1.7629e-13  10209.39 0 
 10226.67 1.7935e-13  10256.52 0 
 10273.87 1.8163e-13  10303.86 0 
 10297.55 1.8152e-13  10327.61 0 
 10489.00 1.7370e-13  10519.62 0 
 10708.64 1.6285e-13  10739.90 0 
 10907.72 1.6173e-13  10939.56 0 
 11110.51 1.4990e-13  11142.94 0 
 11291.04 1.5163e-13  11324.00 0 
 11500.96 1.5409e-13  11534.53 0 
 11687.83 1.5093e-13  11721.95 0 
 11905.13 1.3957e-13  11939.88 0 
 12098.58 1.4151e-13  12133.89 0 
 12295.16 1.4118e-13  12331.05 0 
 12494.94 1.3514e-13  12531.41 0 
 12697.97 1.3267e-13  12735.03 0 
 12904.29 1.3085e-13  12941.96 0 
 13113.97 1.2906e-13  13152.25 0 
 13296.40 1.2382e-13  13335.21 0 
 13512.45 1.1989e-13  13551.89 0 
 13700.43 1.1743e-13  13740.42 0 
 13891.02 1.1137e-13  13931.57 0 
 14084.27 1.0442e-13  14125.38 0 
 14313.12 1.0346e-13  14354.90 0 
 14512.23 1.0514e-13  14554.59 0 
 14714.12 1.0088e-13  14757.07 0 
 14884.49 1.0370e-13  14927.94 0 
 15091.55 1.0563e-13  15135.61 0 
 15301.50 1.0884e-13  15346.17 0 
 15514.37 1.0784e-13  15559.65 0 
 15694.02 1.0563e-13  15739.83 0 
 15912.35 1.0158e-13  15958.79 0 
 16096.61 1.0134e-13  16143.59 0 
 16282.98 1.0134e-13  16330.51 0 
 16509.50 1.0088e-13  16557.70 0 
 16700.68 1.0158e-13  16749.43 0 
 16894.07 1.0204e-13  16943.38 0 
 17089.70 1.0088e-13  17139.58 0 
 17287.57 9.7227e-14  17338.03 0 
 17487.76 9.3280e-14  17538.80 0 
 17690.26 8.7859e-14  17741.90 0 
 17895.11 8.2754e-14  17947.34 0 
 18102.31 7.7408e-14  18155.15 0 
 18311.93 7.5125e-14  18365.38 0 
 18481.38 7.2075e-14  18535.32 0 
 18695.36 6.8044e-14  18749.94 0 
 18911.85 6.6495e-14  18967.05 0 
 19086.85 6.6189e-14  19142.56 0 
 19307.87 6.4534e-14  19364.23 0 
 19486.51 6.2199e-14  19543.39 0 
 19712.16 5.9674e-14  19769.70 0 
 19894.56 5.7648e-14  19952.63 0 
 20078.63 5.7120e-14  20137.24 0 
 20311.13 5.5435e-14  20370.42 0 
 20499.08 5.5563e-14  20558.92 0 
 20688.74 5.4675e-14  20749.13 0 
 20880.18 5.4049e-14  20941.13 0 
 21121.97 5.3801e-14  21183.62 0 
 21317.39 5.3062e-14  21379.62 0 
 21514.65 5.2455e-14  21577.45 0 
 21713.71 5.1025e-14  21777.09 0 
 21914.63 5.0210e-14  21978.60 0 
 22117.41 4.8841e-14  22181.97 0 
 22322.05 4.7620e-14  22387.21 0 
 22476.79 4.6643e-14  22542.40 0 
 22684.75 4.5372e-14  22750.97 0 
 22894.66 4.0438e-14  22961.49 0 
 23106.49 3.9883e-14  23173.93 0 
 23320.30 3.4657e-14  23388.37 0 
 23481.96 3.2418e-14  23550.50 0 
 23699.22 3.2718e-14  23768.40 0 
 23918.52 2.9908e-14  23988.34 0 
 24084.30 2.8431e-14  24154.60 0 
 24307.16 2.7529e-14  24378.11 0 
 24475.64 2.4991e-14  24547.08 0 
 24702.12 2.3977e-14  24774.22 0 
 24873.33 1.9943e-14  24945.94 0 
 25103.49 1.9444e-14  25176.77 0 
 25277.49 1.9444e-14  25351.28 0 
 25511.39 1.9177e-14  25585.86 0 
 25688.21 1.9579e-14  25763.20 0 
 25925.92 1.9266e-14  26001.59 0 
 26105.64 1.9266e-14  26181.84 0 
 26286.58 1.8741e-14  26363.31 0 
 26529.82 1.8526e-14  26607.26 0 
 26713.70 1.8188e-14  26791.68 0 
 26898.89 1.7897e-14  26977.41 0 
 27085.33 1.7611e-14  27164.39 0 
 27273.06 1.7210e-14  27352.67 0 
 27525.43 1.6974e-14  27605.78 0 
 27716.21 1.6550e-14  27797.12 0 
 27908.35 1.6323e-14  27989.81 0 
 28101.79 1.5988e-14  28183.82 0 
 28296.60 1.5768e-14  28379.20 0 
 28492.73 1.5481e-14  28575.90 0 
 28690.25 1.5198e-14  28773.99 0 
 28889.10 1.4990e-14  28973.43 0 
 29089.37 1.4750e-14  29174.28 0 
 29290.99 1.4447e-14  29376.49 0 
 29494.05 1.4216e-14  29580.14 0 
 29698.47 1.4021e-14  29785.16 0 
 29904.35 1.3765e-14  29991.64 0 
 30111.62 1.3608e-14  30199.52 0 
 30320.33 1.3421e-14  30408.84 0 
 30530.52 1.3329e-14  30619.64 0 
 30671.43 1.3206e-14  30760.96 0 
 30884.05 1.3116e-14  30974.21 0 
 31098.12 1.3025e-14  31188.89 0 
 31313.70 1.2936e-14  31405.10 0 
 31530.74 1.2817e-14  31622.78 0 
 31676.27 1.2700e-14  31768.73 0 
 31895.85 1.2670e-14  31988.96 0 
 32116.93 1.2641e-14  32210.68 0 
 32265.20 1.2670e-14  32359.38 0 
 32488.84 1.2847e-14  32583.67 0 
 32714.02 1.3390e-14  32809.52 0 
 32865.05 1.5093e-14  32960.98 0 
 33092.84 1.4990e-14  33189.44 0 
 33322.25 1.3025e-14  33419.52 0 
 33476.05 1.2240e-14  33573.76 0 
 33708.07 1.1852e-14  33806.47 0 
 33863.69 1.1582e-14  33962.54 0 
 34098.40 1.1345e-14  34197.94 0 
 34334.78 1.1189e-14  34435.01 0 
 34493.26 1.1010e-14  34593.94 0 
 34732.34 1.0834e-14  34833.72 0 
 34892.68 1.0661e-14  34994.53 0 
 35134.52 1.0514e-14  35237.08 0 
 35296.68 1.0346e-14  35399.71 0 
 35459.63 1.0181e-14  35563.14 0 
 35705.41 1.0018e-14  35809.64 0 
 35870.25 9.8807e-15  35974.95 0 
 36118.87 9.7451e-15  36224.30 0 
 36285.57 9.5893e-15  36391.49 0 
 36537.12 9.4143e-15  36643.77 0 
 36705.75 9.2638e-15  36812.89 0 
 36875.17 9.0947e-15  36982.80 0 
 37130.79 8.9287e-15  37239.18 0 
 37302.17 8.8062e-15  37411.05 0 
 37474.34 8.6454e-15  37583.72 0 
 37734.12 8.5268e-15  37844.27 0 
 37908.28 8.3905e-15  38018.93 0 
 38083.24 8.2373e-15  38194.41 0 
 38259.06 8.1243e-15  38370.73 0 
 38524.24 7.9944e-15  38636.69 0 
 38702.09 7.8305e-15  38815.06 0 
 38880.71 7.7053e-15  38994.21 0 
 39060.17 7.5821e-15  39174.18 0 
 39330.94 7.4608e-15  39445.75 0 
 39512.47 7.3078e-15  39627.81 0 
 39694.84 7.1744e-15  39810.71 0 
 39878.09 7.0273e-15  39994.50 0 
 40062.15 6.9309e-15  40179.09 0 
 40339.83 6.8200e-15  40457.58 0 
 40526.06 6.6956e-15  40644.35 0 
 40713.10 6.5885e-15  40831.95 0 
 40901.01 6.4832e-15  41020.40 0 
 41089.79 6.3795e-15  41209.73 0 
 41279.48 6.2920e-15  41399.98 0 
 41470.01 6.1914e-15  41591.06 0 
 41661.41 6.0924e-15  41783.02 0 
 41853.74 5.9950e-15  41975.91 0 
 42143.84 5.8991e-15  42266.86 0 
 42338.35 5.8316e-15  42461.93 0 
 42533.81 5.7384e-15  42657.96 0 
 42730.12 5.6596e-15  42854.85 0 
 42927.34 5.4549e-15  43052.64 0 
 43125.52 5.2334e-15  43251.40 0 
 43324.56 5.2214e-15  43451.02 0 
 43524.52 5.0441e-15  43651.57 0 
 43725.46 4.9407e-15  43853.09 0 
 43927.27 4.8617e-15  44055.49 0 
 44130.01 4.7401e-15  44258.83 0 
 44333.69 4.6643e-15  44463.10 0 
 44538.36 4.6003e-15  44668.37 0 
 44743.93 4.5060e-15  44874.54 0 
 44950.44 4.4646e-15  45081.65 0 
 45054.10 4.3933e-15  45185.62 0 
 45262.05 4.3230e-15  45394.17 0 
 45470.95 4.2834e-15  45603.68 0 
 45680.82 4.2344e-15  45814.16 0 
 45891.71 4.1380e-15  46025.67 0 
 46103.52 4.1190e-15  46238.10 0 
 46316.31 4.0624e-15  46451.51 0 
 46530.13 4.0159e-15  46665.95 0 
 46744.89 3.9975e-15  46881.34 0 
 46852.64 3.9336e-15  46989.40 0 
 47068.89 3.8885e-15  47206.28 0 
 47286.18 3.8707e-15  47424.21 0 
 47504.43 3.8000e-15  47643.10 0 
 47723.69 3.7739e-15  47862.99 0 
 47944.00 3.7393e-15  48083.95 0 
 48054.52 3.6710e-15  48194.79 0 
 48276.31 3.6710e-15  48417.23 0 
 48499.13 3.6040e-15  48640.70 0 
 48723.03 3.5628e-15  48865.25 0 
 48947.91 3.5220e-15  49090.79 0 
 49060.74 3.4817e-15  49203.95 0 
 49287.17 3.4577e-15  49431.04 0 
 49514.71 3.4103e-15  49659.24 0 
 49743.24 3.3946e-15  49888.45 0 
 49857.91 3.3484e-15  50003.44 0 
 50088.08 3.3415e-15  50234.29 0 
 50319.25 3.3346e-15  50466.14 0 
 50551.50 3.3123e-15  50699.06 0 
 50668.03 3.3012e-15  50815.93 0 
 50784.82 3.2977e-15  50933.06 0 
 50901.94 3.2942e-15  51050.52 0 
 51019.27 3.2907e-15  51168.20 0 
 51136.88 3.2796e-15  51286.14 0 
 51254.75 3.2761e-15  51404.36 0 
 51372.89 3.2726e-15  51522.85 0 
 51491.31 3.2615e-15  51641.62 0 
 51610.06 3.2655e-15  51760.71 0 
 51729.03 3.2694e-15  51880.02 0 
 51848.26 3.2583e-15  51999.61 0 
 51967.78 3.2547e-15  52119.47 0 
 52087.57 3.2511e-15  52239.61 0 
 52207.63 3.2401e-15  52360.03 0 
 52327.97 3.2365e-15  52480.72 0 
 52448.65 3.2329e-15  52601.75 0 
 52569.55 3.2367e-15  52723.00 0 
 52690.73 3.2480e-15  52844.53 0 
 52812.18 3.2368e-15  52966.34 0 
 52933.92 3.2257e-15  53088.43 0 
 53055.93 3.2221e-15  53210.80 0 
 53178.29 3.2258e-15  53333.52 0 
 53300.87 3.2295e-15  53456.46 0 
 53423.73 3.2333e-15  53579.68 0 
 53546.88 3.2295e-15  53703.18 0 
 53670.31 3.2332e-15  53826.97 0 
 53794.02 3.2295e-15  53951.05 0 
 53918.02 3.2331e-15  54075.41 0 
 54042.36 3.2368e-15  54200.11 0 
 54166.94 3.2330e-15  54325.05 0 
 54291.80 3.2292e-15  54450.27 0 
 54416.94 3.2328e-15  54575.79 0 
 54542.38 3.2365e-15  54701.59 0 
 54668.10 3.2401e-15  54827.68 0 
 54794.11 3.2362e-15  54954.06 0 
 54920.48 3.2398e-15  55080.79 0 
 55047.08 3.2434e-15  55207.76 0 
 55173.96 3.2469e-15  55335.02 0 
 55301.14 3.2655e-15  55462.57 0 
 55428.61 3.2690e-15  55590.41 0 
 55556.38 3.2651e-15  55718.55 0 
 55684.50 3.2762e-15  55847.05 0 
 55812.86 3.2873e-15  55975.78 0 
 55941.52 3.2908e-15  56104.81 0 
 56070.46 3.3095e-15  56234.13 0 
 56199.71 3.3207e-15  56363.76 0 
 56329.25 3.3243e-15  56493.68 0 
 56459.10 3.3431e-15  56623.90 0 
 56589.30 3.3621e-15  56754.48 0 
 56719.74 3.3734e-15  56885.31 0 
 56850.49 3.3848e-15  57016.43 0 
 56981.53 3.4040e-15  57147.86 0 
 57112.88 3.4311e-15  57279.59 0 
 57244.52 3.4585e-15  57411.62 0 
 57376.54 3.4781e-15  57544.02 0 
 57508.80 3.5058e-15  57676.67 0 
 57641.36 3.5338e-15  57809.62 0 
 57774.23 3.5619e-15  57942.87 0 
 57907.40 3.6069e-15  58076.43 0 
 58040.88 3.6439e-15  58210.30 0 
 58174.67 3.6814e-15  58344.48 0 
 58308.83 3.7364e-15  58479.04 0 
 58443.24 3.7835e-15  58613.83 0 
 58577.95 3.8312e-15  58748.94 0 
 58712.98 3.8973e-15  58884.36 0 
 58848.32 3.9555e-15  59020.09 0 
 58983.97 4.0330e-15  59156.14 0 
 59072.52 4.2346e-15  59244.95 3 
 59381.47 4.2991e-15  59554.81 3 
 59690.42 4.6745e-15  59864.66 3 
 59999.37 4.9068e-15  60174.51 3 
 60308.33 5.6008e-15  60484.37 3 
 60617.28 5.2730e-15  60794.22 3 
 60926.23 6.2753e-15  61104.07 3 
 61235.19 7.1682e-15  61413.93 3 
 61544.13 9.6226e-15  61723.78 3 
 61853.08 1.1956e-14  62033.63 3 
 62162.04 1.3110e-14  62343.49 3 
 62470.99 1.1856e-14  62653.34 3 
 62779.94 1.0844e-14  62963.19 3 
 63088.89 9.0914e-15  63273.05 3 
 63397.84 7.5854e-15  63582.90 3 
 63706.80 7.1146e-15  63892.76 3 
 64015.75 6.2334e-15  64202.61 3 
 64324.69 5.6168e-15  64512.46 3 
 64633.65 5.2200e-15  64822.32 3 
 64942.60 5.0966e-15  65132.17 3 
 65251.55 4.8264e-15  65442.02 3 
 65560.51 4.6474e-15  65751.88 3 
 65869.45 4.9241e-15  66061.73 3 
 66178.40 4.4768e-15  66371.58 3 
 66487.37 5.2831e-15  66681.45 3 
 66796.31 4.7837e-15  66991.29 3 
 67105.26 4.4032e-15  67301.14 3 
 67414.22 4.6901e-15  67611.00 3 
 67723.17 5.4181e-15  67920.85 3 
 68032.13 4.6042e-15  68230.71 3 
 68341.07 5.2258e-15  68540.56 3 
 68650.02 5.0278e-15  68850.41 3 
 68958.98 4.4865e-15  69160.27 3 
 69267.92 4.7362e-15  69470.12 3 
 69576.88 5.2643e-15  69779.98 3 
 69885.83 5.7063e-15  70089.83 3 
 70194.78 5.2713e-15  70399.68 3 
 70503.74 5.1604e-15  70709.54 3 
 70812.69 4.8406e-15  71019.39 3 
 71121.64 5.1361e-15  71329.24 3 
 71430.60 5.8312e-15  71639.10 3 
 71739.54 5.3051e-15  71948.95 3 
 72048.50 5.7489e-15  72258.81 3 
 72357.44 5.6196e-15  72568.66 3 
 72666.39 6.5421e-15  72878.51 3 
 72975.36 7.2605e-15  73188.38 3 
 73284.30 7.4391e-15  73498.22 3 
 73593.25 7.4445e-15  73808.07 3 
 73902.21 7.5978e-15  74117.93 3 
 74211.16 8.2048e-15  74427.78 3 
 74520.11 9.1831e-15  74737.63 3 
 74829.06 1.0193e-14  75047.48 3 
 75117.79 9.7200e-15  75337.06 3 
 75138.02 1.1339e-14  75357.34 3 
 75446.97 1.1481e-14  75667.20 3 
 75736.92 1.2564e-14  75957.99 3 
 75755.92 1.1422e-14  75977.05 3 
 76356.05 1.2574e-14  76578.94 3 
 76975.18 1.2271e-14  77199.88 3 
 77594.32 1.1426e-14  77820.82 3 
 78213.45 1.1176e-14  78441.76 3 
 78832.60 1.0573e-14  79062.71 3 
 79451.73 9.1087e-15  79683.65 3 
 80070.86 7.7186e-15  80304.59 3 
 80690.00 6.4947e-15  80925.54 3 
 81309.14 6.1219e-15  81546.48 3 
 81928.27 5.7141e-15  82167.41 3 
 82547.40 5.6490e-15  82788.36 3 
 83166.53 5.6644e-15  83409.30 3 
 83785.68 5.7971e-15  84030.25 3 
 84404.81 5.8083e-15  84651.19 3 
 85023.95 6.2639e-15  85272.13 3 
 85643.08 6.4162e-15  85893.07 3 
 86262.22 6.1764e-15  86514.02 3 
 86881.35 5.1606e-15  87134.95 3 
 87500.48 4.3584e-15  87755.90 3 
 88119.62 3.6411e-15  88376.84 3 
 88738.75 3.1556e-15  88997.78 3 
 89357.88 2.7418e-15  89618.72 3 
 89977.02 2.5142e-15  90239.66 3 
 90596.15 2.3125e-15  90860.60 3 
 91215.30 2.0882e-15  91481.55 3 
 91834.43 2.1093e-15  92102.49 3 
 92453.57 1.9871e-15  92723.44 3 
 93072.70 1.9000e-15  93344.38 3 
 93691.83 1.9350e-15  93965.32 3 
 94310.96 1.6875e-15  94586.26 3 
 94930.09 1.7599e-15  95207.20 3 
 95549.24 1.7875e-15  95828.15 3 
 96168.37 1.8952e-15  96449.09 3 
 96787.50 1.9603e-15  97070.02 3 
 97406.65 1.7941e-15  97690.98 3 
 98025.78 1.6596e-15  98311.92 3 
 98644.91 1.6523e-15  98932.86 3 
 99264.05 1.5346e-15  99553.80 3 
 99883.14 1.5886e-15 100174.70 3 
100502.33 1.6604e-15 100795.70 3 
101121.42 1.6065e-15 101416.59 3 
101740.62 1.5834e-15 102037.60 3 
102359.71 1.5051e-15 102658.50 3 
102978.90 1.4886e-15 103279.49 3 
103598.00 1.5520e-15 103900.41 3 
104217.09 1.6937e-15 104521.30 3 
104836.28 1.6918e-15 105142.30 3 
105455.37 1.9375e-15 105763.20 3 
106074.57 1.9958e-15 106384.20 3 
106693.66 1.9588e-15 107005.10 3 
107312.75 1.9874e-15 107626.00 3 
107931.95 1.8842e-15 108247.00 3 
108551.05 1.9499e-15 108867.91 3 
109170.23 2.3964e-15 109488.90 3 
109789.32 2.8143e-15 110109.80 3 
110408.51 3.0247e-15 110730.80 3 
111027.61 3.6957e-15 111351.70 3 
111646.70 5.7101e-15 111972.60 3 
112265.90 7.5693e-15 112593.60 3 
112884.99 7.0826e-15 113214.50 3 
113504.18 5.7003e-15 113835.50 3 
114123.27 4.5861e-15 114456.40 3 
114742.47 3.8483e-15 115077.40 3 
115361.56 3.3988e-15 115698.30 3 
115980.65 3.1191e-15 116319.20 3 
116599.85 2.7786e-15 116940.20 3 
117218.94 2.5891e-15 117561.10 3 
117838.12 2.5434e-15 118182.09 3 
118457.22 2.6793e-15 118802.99 3 
119076.42 2.8167e-15 119424.00 3 
119695.51 2.8788e-15 120044.90 3 
120314.60 2.9508e-15 120665.80 3 
120933.80 2.7208e-15 121286.80 3 
121552.89 2.5638e-15 121907.70 3 
122172.08 2.6831e-15 122528.70 3 
122791.17 2.9169e-15 123149.59 3 
123410.27 2.9415e-15 123770.51 3 
124029.46 2.9300e-15 124391.50 3 
124648.55 3.0850e-15 125012.40 3 
125267.74 3.2537e-15 125633.40 3 
125886.84 3.3860e-15 126254.30 3 
126506.03 3.5317e-15 126875.30 3 
127125.12 3.7711e-15 127496.20 3 
127744.22 4.6089e-15 128117.10 3 
128363.41 4.3842e-15 128738.10 3 
128982.50 2.8302e-15 129359.00 3 
129601.69 2.2362e-15 129980.00 3 
130220.78 2.1209e-15 130600.90 3 
130839.88 1.9375e-15 131221.80 3 
131459.07 1.9786e-15 131842.80 3 
132078.17 1.9763e-15 132463.70 3 
132697.36 1.8499e-15 133084.70 3 
133316.44 1.9265e-15 133705.59 3 
133935.64 1.8592e-15 134326.59 3 
134554.73 1.7670e-15 134947.50 3 
135173.83 1.7436e-15 135568.41 3 
135793.03 1.7585e-15 136189.41 3 
136412.11 1.7526e-15 136810.30 3 
137031.30 1.5796e-15 137431.30 3 
137650.40 1.5518e-15 138052.20 3 
138269.59 1.4965e-15 138673.20 3 
138888.68 1.5210e-15 139294.09 3 
139507.78 1.5519e-15 139915.00 3 
140126.97 1.5615e-15 140536.00 3 
140746.07 1.5787e-15 141156.91 3 
141365.25 1.5671e-15 141777.89 3 
141984.34 1.6433e-15 142398.80 3 
142603.54 1.6709e-15 143019.80 3 
143222.64 1.5226e-15 143640.70 3 
143841.72 1.4593e-15 144261.59 3 
144460.93 1.2674e-15 144882.61 3 
144993.67 1.3348e-15 145416.91 3 
145907.89 1.2567e-15 146333.80 3 
146822.22 1.2455e-15 147250.80 3 
147736.46 1.1982e-15 148167.70 3 
148650.68 1.1738e-15 149084.59 3 
149564.92 1.1496e-15 150001.50 3 
150479.25 1.1120e-15 150918.50 3 
151393.49 1.1368e-15 151835.41 3 
152307.71 1.1399e-15 152752.30 3 
153222.04 1.1384e-15 153669.30 3 
154136.28 1.1686e-15 154586.20 3 
155050.50 1.3822e-15 155503.09 3 
155964.74 1.4670e-15 156420.00 3 
156879.07 1.2628e-15 157337.00 3 
157793.31 1.2145e-15 158253.91 3 
158707.53 1.2339e-15 159170.80 3 
159621.86 1.2715e-15 160087.80 3 
160536.10 1.2703e-15 161004.70 3 
161450.32 1.2648e-15 161921.59 3 
162364.65 1.3516e-15 162838.59 3 
163278.89 1.6454e-15 163755.50 3 
164193.11 2.0125e-15 164672.39 3 
165107.35 1.9764e-15 165589.30 3 
166021.70 1.7897e-15 166506.31 3 
166935.90 1.7750e-15 167423.19 3 
167850.14 1.7904e-15 168340.09 3 
168764.38 1.8199e-15 169257.00 3 
169678.71 2.1749e-15 170174.00 3 
170592.95 2.3774e-15 171090.91 3 
171507.18 1.9929e-15 172007.81 3 
172421.51 1.8355e-15 172924.81 3 
173335.74 1.8067e-15 173841.70 3 
174249.97 1.7073e-15 174758.61 3 
175164.30 1.4727e-15 175675.61 3 
176078.53 1.3193e-15 176592.50 3 
176992.76 1.2669e-15 177509.41 3 
177906.99 1.2358e-15 178426.30 3 
178821.32 1.1858e-15 179343.30 3 
179735.56 1.0944e-15 180260.20 3 
180649.78 1.0089e-15 181177.09 3 
181564.11 1.0042e-15 182094.09 3 
182478.35 9.8600e-16 183011.00 3 
183392.57 9.9376e-16 183927.89 3 
184306.90 9.7554e-16 184844.89 3 
185221.14 9.6467e-16 185761.80 3 
186135.37 1.1600e-15 186678.70 3 
187049.60 1.5165e-15 187595.59 3 
187963.93 1.2642e-15 188512.59 3 
188878.16 1.0435e-15 189429.50 3 
189792.39 9.9727e-16 190346.39 3 
190706.73 9.8282e-16 191263.41 3 
191620.97 9.5460e-16 192180.31 3 
192535.18 9.4710e-16 193097.19 3 
193449.41 9.1796e-16 194014.09 3 
194363.76 8.5799e-16 194931.11 3 
195277.98 8.9214e-16 195848.00 3 
196192.22 8.8186e-16 196764.91 3 
197106.55 8.5077e-16 197681.91 3 
198020.77 8.6629e-16 198598.80 3 
198935.01 8.5613e-16 199515.70 3 
199849.25 8.1476e-16 200432.61 3 
200763.58 8.2375e-16 201349.61 3 
201677.80 8.1269e-16 202266.50 3 
202592.04 8.3099e-16 203183.41 3 
203506.37 8.0095e-16 204100.41 3 
204603.26 8.2368e-16 205200.50 3 
206363.44 8.4496e-16 206965.81 3 
208124.69 7.8059e-16 208732.20 3 
209886.84 7.5718e-16 210499.50 3 
211650.08 7.9258e-16 212267.89 3 
213414.34 7.6992e-16 214037.30 3 
215179.69 7.6382e-16 215807.80 3 
216945.92 7.8615e-16 217579.19 3 
218713.26 8.1032e-16 219351.69 3 
220481.62 7.7798e-16 221125.20 3 
222251.05 7.5631e-16 222899.80 3 
224021.49 7.7886e-16 224675.41 3 
225792.91 7.8630e-16 226452.00 3 
227565.42 7.7460e-16 228229.69 3 
229338.95 7.5722e-16 230008.39 3 
231113.47 7.7513e-16 231788.09 3 
232889.09 7.8436e-16 233568.89 3 
234665.71 7.8983e-16 235350.70 3 
236443.42 7.8336e-16 237133.59 3 
238222.22 7.8381e-16 238917.59 3 
240002.03 7.7916e-16 240702.59 3 
241782.83 7.7460e-16 242488.59 3 
243564.74 7.8541e-16 244275.70 3 
245347.63 7.6486e-16 246063.80 3 
247131.73 7.5296e-16 247853.11 3 
248916.72 7.6449e-16 249643.31 3 
250702.79 7.7539e-16 251434.59 3 
252489.98 7.7493e-16 253227.00 3 
254278.26 7.5648e-16 255020.50 3 
256067.54 7.9399e-16 256815.00 3 
257857.91 8.7361e-16 258610.59 3 
259649.38 8.9709e-16 260407.30 3 
261441.94 7.9948e-16 262205.09 3 
263235.52 7.4903e-16 264003.91 3 
265030.16 7.4284e-16 265803.78 3 
266825.95 7.3857e-16 267604.81 3 
268622.67 7.3961e-16 269406.78 3 
270420.64 7.3614e-16 271210.00 3 
272219.58 7.3783e-16 273014.19 3 
274019.64 7.2915e-16 274819.50 3 
275820.79 7.2658e-16 276625.91 3 
277623.02 7.3096e-16 278433.41 3 
279426.35 7.3729e-16 280242.00 3 
281230.77 8.3204e-16 282051.69 3 
283036.32 8.4374e-16 283862.50 3 
284842.95 7.4387e-16 285674.41 3 
286650.67 7.1318e-16 287487.41 3 
288459.49 7.2044e-16 289301.50 3 
290269.39 7.2237e-16 291116.69 3 
292080.42 7.2674e-16 292933.00 3 
293892.53 7.2897e-16 294750.41 3 
295705.74 7.3843e-16 296568.91 3 
297520.13 7.2989e-16 298388.59 3 
299335.65 7.3194e-16 300209.41 3 
301152.12 7.3539e-16 302031.19 3 
302969.82 7.4228e-16 303854.19 3 
304788.60 7.4757e-16 305678.28 3 
306608.60 7.5868e-16 307503.59 3 
308429.60 7.5886e-16 309329.91 3 
310251.78 7.5088e-16 311157.41 3 
312075.15 7.4355e-16 312986.09 3 
313899.54 7.4379e-16 314815.81 3 
315725.12 7.6945e-16 316646.72 3 
317551.85 7.7324e-16 318478.78 3 
319379.61 7.6961e-16 320311.88 3 
321208.58 7.9567e-16 322146.19 3 
323038.77 8.1991e-16 323981.72 3 
324869.99 7.9897e-16 325818.28 3 
326702.32 7.9635e-16 327655.97 3 
328535.91 8.1316e-16 329494.91 3 
330370.65 8.2576e-16 331335.00 3 
332206.48 8.6737e-16 333176.19 3 
334043.43 1.1065e-15 335018.50 3 
335881.56 1.1718e-15 336862.00 3 
337720.91 8.8755e-16 338706.72 3 
339561.41 8.3697e-16 340552.59 3 
341403.04 8.2239e-16 342399.59 3 
343245.78 7.8538e-16 344247.72 3 
345089.78 8.7433e-16 346097.09 3 
346934.92 1.3132e-15 347947.62 3 
348781.22 1.8265e-15 349799.31 3 
