# An Atlas of Galaxy Spectral Energy Distributions from the Ultraviolet to the Mid-Infrared
# Brown et al. (2014)
# http://dx.doi.org/10.5072/03/529D3551F0117
# 
# Column 1 : Restframe Wavelength (Angstrom)
# Column 2 : Flux per unit wavelength (ergs/s/cm^2/Angstrom)
# Column 3 : Observed wavelength (Angstrom)
# Column 4 : Source (0 = model, 1 = Optical Spectrum, 2 = Akari, 3 = Spitzer IRS)
# 
   100.03 4.4501e-29    101.62 0 
   101.89 7.7870e-29    103.51 0 
   104.02 1.2313e-28    105.68 0 
   105.96 1.9741e-28    107.65 0 
   107.93 3.1942e-28    109.65 0 
   109.93 5.8799e-28    111.69 0 
   114.06 1.3255e-27    115.88 0 
   118.07 2.7376e-27    119.95 0 
   121.10 1.3532e-26    123.03 0 
   125.06 2.5256e-26    127.06 0 
   127.10 3.3218e-26    129.12 0 
   127.98 3.8670e-26    130.02 0 
   130.96 5.6803e-26    133.05 0 
   131.87 7.3008e-26    133.97 0 
   134.01 9.2762e-26    136.14 0 
   137.13 1.5114e-25    139.32 0 
   140.00 2.1202e-25    142.23 0 
   142.93 6.9883e-25    145.21 0 
   146.94 2.2406e-24    149.28 0 
   151.05 3.2462e-24    153.46 0 
   154.93 4.7029e-24    157.40 0 
   158.90 6.7510e-24    161.44 0 
   161.86 8.7170e-24    164.44 0 
   166.01 1.2313e-23    168.66 0 
   169.88 1.6802e-23    172.58 0 
   173.03 2.1202e-23    175.79 0 
   177.07 2.8338e-23    179.89 0 
   179.94 3.5024e-23    182.81 0 
   182.03 4.0213e-23    184.93 0 
   185.84 5.2646e-23    188.80 0 
   191.04 7.2505e-23    194.09 0 
   194.15 8.7977e-23    197.24 0 
   198.21 1.1152e-22    201.37 0 
   201.90 1.4105e-22    205.12 0 
   205.18 1.6725e-22    208.45 0 
   209.96 2.1007e-22    213.30 0 
   215.84 2.9879e-22    219.28 0 
   219.85 3.6675e-22    223.36 0 
   222.91 4.1915e-22    226.46 0 
   227.06 5.1094e-22    230.67 0 
   230.21 8.6173e-22    233.88 0 
   233.96 1.6120e-21    237.68 0 
   239.96 2.4455e-21    243.78 0 
   246.11 2.8143e-21    250.03 0 
   251.84 3.6006e-21    255.86 0 
   257.12 3.5267e-21    261.22 0 
   260.10 4.4501e-21    264.24 0 
   263.71 5.2284e-21    267.92 0 
   269.24 6.0030e-21    273.53 0 
   274.24 6.8292e-21    278.61 0 
   278.70 7.7334e-21    283.14 0 
   283.88 8.7775e-21    288.40 0 
   289.82 9.6687e-21    294.44 0 
   295.89 1.1256e-20    300.61 0 
   300.70 1.2342e-20    305.49 0 
   307.70 1.4533e-20    312.61 0 
   317.78 1.8129e-20    322.85 0 
   328.20 2.1846e-20    333.43 0 
   338.17 2.5845e-20    343.56 0 
   347.64 3.0225e-20    353.18 0 
   357.38 3.4863e-20    363.08 0 
   365.71 4.0306e-20    371.54 0 
   375.09 4.5433e-20    381.07 0 
   384.71 4.9931e-20    390.84 0 
   394.58 5.8664e-20    400.87 0 
   404.70 6.6737e-20    411.15 0 
   414.13 7.3514e-20    420.73 0 
   421.83 7.9135e-20    428.55 0 
   429.67 8.5383e-20    436.52 0 
   440.69 9.6243e-20    447.71 0 
   450.95 1.0504e-19    458.14 0 
   460.40 1.1282e-19    467.74 0 
   470.04 1.2342e-19    477.53 0 
   479.88 1.3563e-19    487.53 0 
   489.93 1.4533e-19    497.74 0 
   500.19 1.6083e-19    508.16 0 
   505.98 2.0154e-19    514.04 0 
   511.84 5.1212e-19    520.00 0 
   520.16 5.6934e-19    528.45 0 
   529.83 6.4175e-19    538.27 0 
   539.68 6.6125e-19    548.28 0 
   549.71 1.0171e-18    558.47 0 
   559.93 1.3043e-18    568.85 0 
   570.34 1.5862e-18    579.43 0 
   579.61 1.6046e-18    588.84 0 
   590.38 2.1447e-18    599.79 0 
   599.97 2.3734e-18    609.54 0 
   609.72 3.0225e-18    619.44 0 
   619.63 3.6759e-18    629.51 0 
   629.70 4.2400e-18    639.73 0 
   639.93 4.5016e-18    650.13 0 
   650.33 5.4874e-18    660.69 0 
   657.86 6.1428e-18    668.34 0 
   665.48 6.7355e-18    676.08 0 
   674.73 7.1510e-18    685.49 0 
   685.70 7.4023e-18    696.63 0 
   695.24 1.0195e-17    706.32 0 
   704.91 1.0124e-17    716.14 0 
   716.36 1.2923e-17    727.78 0 
   726.33 1.4040e-17    737.90 0 
   734.74 1.5183e-17    746.45 0 
   744.96 1.8046e-17    756.83 0 
   755.32 2.0108e-17    767.36 0 
   765.83 2.2252e-17    778.04 0 
   774.70 2.5198e-17    787.05 0 
   785.48 2.8403e-17    797.99 0 
   794.57 3.0646e-17    807.24 0 
   805.62 3.3141e-17    818.46 0 
   814.95 3.5511e-17    827.94 0 
   824.39 4.0492e-17    837.53 0 
   835.86 3.4148e-17    849.18 0 
   845.54 4.5433e-17    859.01 0 
   855.33 4.8458e-17    868.96 0 
   865.23 5.3873e-17    879.02 0 
   875.25 5.9754e-17    889.20 0 
   885.39 6.7200e-17    899.50 0 
   895.64 7.3008e-17    909.91 0 
   906.01 7.5053e-17    920.45 0 
   914.39 1.2257e-16    928.97 0 
   924.98 9.2123e-16    939.72 0 
   935.69 2.1056e-15    950.60 0 
   944.35 4.1722e-15    959.40 0 
   955.28 6.0725e-15    970.51 0 
   964.12 7.0529e-15    979.49 0 
   975.29 1.1204e-15    990.83 0 
   984.31 6.2570e-15   1000.00 0 
   995.71 6.7978e-15   1011.58 0 
  1004.92 1.0195e-14   1020.94 0 
  1014.22 1.0009e-14   1030.39 0 
  1025.97 4.3288e-15   1042.32 0 
  1035.46 7.2672e-15   1051.96 0 
  1045.04 1.4334e-14   1061.70 0 
  1054.71 1.4334e-14   1071.52 0 
  1064.47 1.1518e-14   1081.43 0 
  1074.32 1.4040e-14   1091.44 0 
  1084.26 1.1282e-14   1101.54 0 
  1094.29 1.5324e-14   1111.73 0 
  1104.42 1.4872e-14   1122.02 0 
  1114.64 1.4467e-14   1132.40 0 
  1124.95 1.3133e-14   1142.88 0 
  1135.36 1.7154e-14   1153.45 0 
  1145.86 1.5790e-14   1164.13 0 
  1153.81 1.7115e-14   1172.20 0 
  1164.48 1.7963e-14   1183.04 0 
  1175.26 1.2484e-14   1193.99 0 
  1186.13 1.8087e-14   1205.04 0 
  1194.35 1.2746e-14   1213.39 0 
  1205.40 9.1700e-15   1224.62 0 
  1213.76 6.1428e-15   1233.11 0 
  1224.99 1.3073e-14   1244.51 0 
  1236.33 2.0154e-14   1256.03 0 
  1244.90 2.2303e-14   1264.74 0 
  1256.41 2.1497e-14   1276.44 0 
  1265.12 1.8852e-14   1285.29 0 
  1273.89 2.4287e-14   1294.20 0 
  1285.68 2.5608e-14   1306.17 0 
  1294.59 2.0247e-14   1315.22 0 
  1303.57 2.0624e-14   1324.34 0 
  1315.63 2.5964e-14   1336.60 0 
  1324.75 2.4967e-14   1345.86 0 
  1333.93 2.2406e-14   1355.19 0 
  1346.27 2.6876e-14   1367.73 0 
  1355.60 2.6325e-14   1377.21 0 
  1365.00 2.3789e-14   1386.76 0 
  1374.46 2.5140e-14   1396.37 0 
  1383.99 2.5726e-14   1406.05 0 
  1393.58 2.2303e-14   1415.79 0 
  1406.48 2.3571e-14   1428.89 0 
  1416.23 2.4568e-14   1438.80 0 
  1426.04 2.5431e-14   1448.77 0 
  1435.93 2.5726e-14   1458.81 0 
  1442.56 2.7250e-14   1465.55 0 
  1445.88 2.7629e-14   1468.93 0 
  1455.90 2.7063e-14   1479.11 0 
  1466.00 2.5256e-14   1489.36 0 
  1476.16 2.5549e-14   1499.69 0 
  1486.39 2.6144e-14   1510.08 0 
  1496.69 2.6691e-14   1520.55 0 
  1503.60 2.5314e-14   1527.57 0 
  1510.54 2.2666e-14   1534.62 0 
  1517.51 2.4343e-14   1541.70 0 
  1524.52 2.4064e-14   1548.82 0 
  1535.09 2.1104e-14   1559.55 0 
  1545.73 2.2981e-14   1570.36 0 
  1556.44 2.2099e-14   1581.25 0 
  1563.63 2.2928e-14   1588.55 0 
  1574.46 2.4568e-14   1599.56 0 
  1585.38 2.5845e-14   1610.65 0 
  1596.37 2.6508e-14   1621.81 0 
  1603.74 2.6325e-14   1629.30 0 
  1614.85 2.6753e-14   1640.59 0 
  1626.05 2.5608e-14   1651.96 0 
  1633.55 2.7502e-14   1659.59 0 
  1644.87 2.8014e-14   1671.09 0 
  1656.28 2.6386e-14   1682.67 0 
  1663.92 2.8798e-14   1690.44 0 
  1671.60 2.6508e-14   1698.24 0 
  1675.45 2.9065e-14   1702.16 0 
  1683.19 3.0295e-14   1710.02 0 
  1694.86 2.8798e-14   1721.87 0 
  1706.60 2.7821e-14   1733.80 0 
  1714.48 2.6386e-14   1741.81 0 
  1726.37 2.6447e-14   1753.88 0 
  1734.33 2.8338e-14   1761.98 0 
  1746.36 2.7821e-14   1774.19 0 
  1754.42 2.9674e-14   1782.38 0 
  1766.58 2.7693e-14   1794.73 0 
  1774.73 2.8208e-14   1803.02 0 
  1787.03 2.8998e-14   1815.52 0 
  1795.28 3.0858e-14   1823.90 0 
  1803.57 3.1072e-14   1832.31 0 
  1816.07 2.8534e-14   1845.02 0 
  1824.45 2.9605e-14   1853.53 0 
  1837.10 2.8666e-14   1866.38 0 
  1845.58 2.6508e-14   1874.99 0 
  1854.10 2.6508e-14   1883.65 0 
  1866.95 2.7439e-14   1896.71 0 
  1875.57 3.0086e-14   1905.46 0 
  1884.23 2.7566e-14   1914.26 0 
  1892.92 2.6264e-14   1923.09 0 
  1906.04 2.8534e-14   1936.42 0 
  1914.84 2.7250e-14   1945.36 0 
  1923.68 2.6814e-14   1954.34 0 
  1937.01 2.8273e-14   1967.89 0 
  1945.95 2.9266e-14   1976.97 0 
  1954.94 2.7313e-14   1986.10 0 
  1968.49 3.0156e-14   1999.86 0 
  1977.57 3.1287e-14   2009.09 0 
  1982.13 2.9537e-14   2013.72 0 
  1995.87 2.8865e-14   2027.68 0 
  2005.09 3.0156e-14   2037.04 0 
  2014.34 2.9334e-14   2046.45 0 
  2023.64 3.1072e-14   2055.89 0 
  2032.98 2.9132e-14   2065.38 0 
  2047.07 3.0225e-14   2079.70 0 
  2056.52 2.9132e-14   2089.30 0 
  2066.01 2.9605e-14   2098.94 0 
  2075.55 3.1577e-14   2108.63 0 
  2080.33 2.9537e-14   2113.49 0 
  2085.13 3.0929e-14   2118.36 0 
  2094.75 2.9401e-14   2128.14 0 
  2104.42 3.0086e-14   2137.96 0 
  2114.14 3.0505e-14   2147.83 0 
  2123.89 3.1072e-14   2157.74 0 
  2133.70 2.9537e-14   2167.70 0 
  2143.55 2.9742e-14   2177.71 0 
  2153.44 3.1144e-14   2187.76 0 
  2163.38 3.0575e-14   2197.86 0 
  2173.37 3.0435e-14   2208.01 0 
  2183.40 2.9742e-14   2218.20 0 
  2193.48 3.1144e-14   2228.44 0 
  2203.60 3.0575e-14   2238.72 0 
  2213.77 2.9605e-14   2249.05 0 
  2223.99 2.8732e-14   2259.44 0 
  2234.25 3.0225e-14   2269.86 0 
  2244.57 2.9401e-14   2280.34 0 
  2254.93 2.8600e-14   2290.87 0 
  2265.34 2.9334e-14   2301.44 0 
  2275.79 2.9953e-14   2312.07 0 
  2286.30 3.0584e-14   2322.74 0 
  2296.85 2.9144e-14   2333.46 0 
  2307.45 2.9215e-14   2344.23 0 
  2312.77 2.8225e-14   2349.63 0 
  2323.45 2.2892e-14   2360.48 0 
  2334.17 2.6962e-14   2371.37 0 
  2344.95 2.6657e-14   2382.32 0 
  2355.77 2.7917e-14   2393.32 0 
  2366.64 2.6603e-14   2404.36 0 
  2377.57 2.7101e-14   2415.46 0 
  2383.05 2.5942e-14   2421.03 0 
  2394.05 2.7357e-14   2432.20 0 
  2405.10 2.6371e-14   2443.43 0 
  2416.20 2.6865e-14   2454.71 0 
  2427.35 2.7813e-14   2466.04 0 
  2432.95 2.6809e-14   2471.72 0 
  2444.18 2.8076e-14   2483.13 0 
  2455.46 2.7759e-14   2494.60 0 
  2466.79 2.7699e-14   2506.11 0 
  2472.48 2.7008e-14   2511.89 0 
  2483.89 2.7897e-14   2523.48 0 
  2495.36 2.6279e-14   2535.13 0 
  2506.88 2.8555e-14   2546.83 0 
  2512.65 2.6589e-14   2552.70 0 
  2518.45 2.7589e-14   2558.59 0 
  2524.25 2.6532e-14   2564.48 0 
  2535.90 2.6720e-14   2576.32 0 
  2547.61 2.6236e-14   2588.21 0 
  2553.48 2.7474e-14   2594.18 0 
  2565.27 2.7164e-14   2606.15 0 
  2577.11 2.8318e-14   2618.18 0 
  2583.05 2.8255e-14   2624.22 0 
  2594.97 2.8129e-14   2636.33 0 
  2606.95 2.7429e-14   2648.50 0 
  2612.96 2.7305e-14   2654.61 0 
  2625.02 2.7881e-14   2666.86 0 
  2637.14 2.8208e-14   2679.17 0 
  2643.22 2.9540e-14   2685.34 0 
  2655.42 2.9613e-14   2697.74 0 
  2667.67 2.8089e-14   2710.19 0 
  2673.82 2.9012e-14   2716.44 0 
  2686.17 2.8883e-14   2728.98 0 
  2692.36 2.8098e-14   2735.27 0 
  2704.78 2.8428e-14   2747.89 0 
  2717.27 2.7785e-14   2760.58 0 
  2723.53 2.7787e-14   2766.94 0 
  2736.11 2.8768e-14   2779.71 0 
  2742.41 2.6543e-14   2786.12 0 
  2755.07 2.6731e-14   2798.98 0 
  2767.79 2.7295e-14   2811.90 0 
  2774.17 2.8191e-14   2818.38 0 
  2786.97 2.7745e-14   2831.39 0 
  2793.40 2.4503e-14   2837.92 0 
  2806.29 2.5840e-14   2851.02 0 
  2812.76 2.8270e-14   2857.59 0 
  2825.74 2.8536e-14   2870.78 0 
  2832.26 2.7443e-14   2877.40 0 
  2845.33 2.7258e-14   2890.68 0 
  2851.89 2.7135e-14   2897.34 0 
  2865.05 2.8223e-14   2910.72 0 
  2878.28 2.7904e-14   2924.15 0 
  2884.91 2.8035e-14   2930.89 0 
  2898.23 2.7847e-14   2944.42 0 
  2911.61 2.8830e-14   2958.01 0 
  2931.79 2.8311e-14   2978.52 0 
  2952.11 2.7994e-14   2999.16 0 
  2972.58 2.8195e-14   3019.95 0 
  2993.18 2.8202e-14   3040.89 0 
  3006.99 2.8272e-14   3054.92 0 
  3027.84 2.8345e-14   3076.10 0 
  3048.83 2.8157e-14   3097.42 0 
  3069.96 2.8099e-14   3118.89 0 
  3091.24 2.8107e-14   3140.51 0 
  3112.67 2.7921e-14   3162.28 0 
  3127.04 2.7733e-14   3176.87 0 
  3148.71 2.7741e-14   3198.90 0 
  3170.54 2.7621e-14   3221.07 0 
  3192.51 2.6875e-14   3243.40 0 
  3207.25 2.7317e-14   3258.37 0 
  3229.48 2.6826e-14   3280.95 0 
  3251.87 2.7206e-14   3303.70 0 
  3266.88 2.7400e-14   3318.94 0 
  3289.52 2.7282e-14   3341.95 0 
  3312.32 2.7289e-14   3365.12 0 
  3319.96 2.7799e-14   3372.87 0 
  3327.61 2.7994e-14   3380.65 0 
  3335.28 2.8126e-14   3388.44 0 
  3342.97 2.6863e-14   3396.25 0 
  3350.68 2.7938e-14   3404.08 0 
  3358.40 2.6499e-14   3411.93 0 
  3366.14 2.6871e-14   3419.79 0 
  3373.91 2.6201e-14   3427.68 0 
  3381.68 2.6568e-14   3435.58 0 
  3389.48 2.7631e-14   3443.50 0 
  3397.29 2.7507e-14   3451.44 0 
  3405.12 2.6698e-14   3459.39 0 
  3412.97 2.6886e-14   3467.37 0 
  3420.84 2.7263e-14   3475.36 0 
  3428.73 2.7265e-14   3483.37 0 
  3436.63 2.7331e-14   3491.40 0 
  3444.55 2.6284e-14   3499.45 0 
  3452.49 2.7908e-14   3507.52 0 
  3460.45 2.6411e-14   3515.60 0 
  3468.43 2.6413e-14   3523.71 0 
  3476.43 2.6174e-14   3531.83 0 
  3484.44 2.6358e-14   3539.97 0 
  3492.47 2.6727e-14   3548.13 0 
  3500.52 2.6242e-14   3556.31 0 
  3508.59 2.6064e-14   3564.51 0 
  3516.68 2.5709e-14   3572.73 0 
  3524.79 2.6431e-14   3580.96 0 
  3532.91 2.6556e-14   3589.22 0 
  3541.06 2.6928e-14   3597.49 0 
  3549.22 2.7368e-14   3605.79 0 
  3557.40 2.6810e-14   3614.10 0 
  3565.60 2.7311e-14   3622.43 0 
  3573.82 2.6386e-14   3630.78 0 
  3582.06 2.5435e-14   3639.15 0 
  3590.32 2.4574e-14   3647.54 0 
  3598.59 2.5853e-14   3655.95 0 
  3606.89 2.5796e-14   3664.37 0 
  3615.20 2.6158e-14   3672.82 0 
  3623.54 2.6463e-14   3681.29 0 
  3631.89 2.8099e-14   3689.78 0 
  3640.26 2.6775e-14   3698.28 0 
  3648.66 2.6716e-14   3706.81 0 
  3657.07 2.7405e-14   3715.35 0 
  3665.50 2.7156e-14   3723.92 0 
  3671.93 2.4926e-14   3730.45 1 
  3674.63 2.4816e-14   3733.20 1 
  3677.34 2.3563e-14   3735.95 1 
  3680.05 2.5761e-14   3738.70 1 
  3682.75 2.6751e-14   3741.45 1 
  3685.46 2.5759e-14   3744.20 1 
  3688.17 2.5939e-14   3746.95 1 
  3690.87 2.6966e-14   3749.70 1 
  3693.58 2.5453e-14   3752.45 1 
  3696.29 2.3913e-14   3755.20 1 
  3699.00 2.6020e-14   3757.95 1 
  3701.70 2.5667e-14   3760.70 1 
  3704.41 2.4012e-14   3763.45 1 
  3707.12 2.4941e-14   3766.20 1 
  3709.82 2.5843e-14   3768.95 1 
  3712.53 2.6889e-14   3771.70 1 
  3715.24 2.7138e-14   3774.45 1 
  3717.94 2.9834e-14   3777.20 1 
  3720.65 3.4833e-14   3779.95 1 
  3723.36 4.7789e-14   3782.70 1 
  3726.06 6.0152e-14   3785.45 1 
  3728.77 6.5911e-14   3788.20 1 
  3731.48 5.8749e-14   3790.95 1 
  3734.18 4.3455e-14   3793.70 1 
  3736.89 3.5791e-14   3796.45 1 
  3739.60 3.3305e-14   3799.20 1 
  3742.31 3.1167e-14   3801.95 1 
  3745.01 2.9452e-14   3804.70 1 
  3747.72 2.8638e-14   3807.45 1 
  3750.43 2.5983e-14   3810.20 1 
  3753.13 2.5926e-14   3812.95 1 
  3755.84 2.7661e-14   3815.70 1 
  3758.55 3.0227e-14   3818.45 1 
  3761.25 3.0990e-14   3821.20 1 
  3763.96 3.0407e-14   3823.95 1 
  3766.67 2.8515e-14   3826.70 1 
  3769.37 2.8003e-14   3829.45 1 
  3772.08 2.8409e-14   3832.20 1 
  3774.79 3.0118e-14   3834.95 1 
  3777.49 3.2230e-14   3837.70 1 
  3780.20 3.4805e-14   3840.45 1 
  3782.91 3.6645e-14   3843.20 1 
  3785.61 3.6719e-14   3845.95 1 
  3788.32 3.5813e-14   3848.70 1 
  3791.03 3.3467e-14   3851.45 1 
  3793.74 3.0890e-14   3854.20 1 
  3796.44 2.8873e-14   3856.95 1 
  3799.15 2.8881e-14   3859.70 1 
  3801.86 2.9595e-14   3862.45 1 
  3804.56 3.0381e-14   3865.20 1 
  3807.27 3.3389e-14   3867.95 1 
  3809.98 3.5027e-14   3870.70 1 
  3812.68 3.5352e-14   3873.45 1 
  3815.39 3.5476e-14   3876.20 1 
  3818.10 3.6010e-14   3878.95 1 
  3820.80 3.7056e-14   3881.70 1 
  3823.51 3.3419e-14   3884.45 1 
  3826.22 3.2657e-14   3887.20 1 
  3828.92 3.1739e-14   3889.95 1 
  3831.63 2.9381e-14   3892.70 1 
  3834.34 2.8329e-14   3895.45 1 
  3837.05 2.5811e-14   3898.20 1 
  3839.75 2.7477e-14   3900.95 1 
  3842.46 3.1038e-14   3903.70 1 
  3845.17 3.2447e-14   3906.45 1 
  3847.87 3.5095e-14   3909.20 1 
  3850.58 3.8968e-14   3911.95 1 
  3853.29 3.9170e-14   3914.70 1 
  3855.99 4.0448e-14   3917.45 1 
  3858.70 4.0744e-14   3920.20 1 
  3861.41 3.8452e-14   3922.95 1 
  3864.11 4.0102e-14   3925.70 1 
  3866.82 4.0885e-14   3928.45 1 
  3869.53 3.8848e-14   3931.20 1 
  3872.23 3.8550e-14   3933.95 1 
  3874.94 3.8332e-14   3936.70 1 
  3877.65 3.5602e-14   3939.45 1 
  3880.35 3.4990e-14   3942.20 1 
  3883.06 3.5117e-14   3944.95 1 
  3885.77 3.2321e-14   3947.70 1 
  3888.48 3.0869e-14   3950.45 1 
  3891.18 2.9405e-14   3953.20 1 
  3893.89 2.9046e-14   3955.95 1 
  3896.60 3.2216e-14   3958.70 1 
  3899.30 3.4579e-14   3961.45 1 
  3902.01 3.5107e-14   3964.20 1 
  3904.72 3.7016e-14   3966.95 1 
  3907.42 3.8417e-14   3969.70 1 
  3910.13 3.9031e-14   3972.45 1 
  3912.84 4.0559e-14   3975.20 1 
  3915.54 4.0274e-14   3977.95 1 
  3918.25 4.0028e-14   3980.70 1 
  3920.96 3.8211e-14   3983.45 1 
  3923.66 3.8372e-14   3986.20 1 
  3926.37 3.7204e-14   3988.95 1 
  3929.08 3.4028e-14   3991.70 1 
  3931.79 3.2990e-14   3994.45 1 
  3934.49 3.2752e-14   3997.20 1 
  3937.20 3.1784e-14   3999.95 1 
  3939.91 3.5712e-14   4002.70 1 
  3942.61 3.7368e-14   4005.45 1 
  3945.32 3.6905e-14   4008.20 1 
  3948.03 3.7702e-14   4010.95 1 
  3950.73 3.7341e-14   4013.70 1 
  3953.44 3.7242e-14   4016.45 1 
  3956.15 3.8313e-14   4019.20 1 
  3958.85 3.5832e-14   4021.95 1 
  3961.56 3.3563e-14   4024.70 1 
  3964.27 3.1471e-14   4027.45 1 
  3966.97 2.7676e-14   4030.20 1 
  3969.68 2.7140e-14   4032.95 1 
  3972.39 2.8184e-14   4035.70 1 
  3975.09 2.8841e-14   4038.45 1 
  3977.80 3.1537e-14   4041.20 1 
  3980.51 3.4486e-14   4043.95 1 
  3983.22 3.6244e-14   4046.70 1 
  3985.92 3.8631e-14   4049.45 1 
  3988.63 4.0438e-14   4052.20 1 
  3991.34 4.1499e-14   4054.95 1 
  3994.04 4.2136e-14   4057.70 1 
  3996.75 4.1848e-14   4060.45 1 
  3999.46 4.2325e-14   4063.20 1 
  4002.16 4.2173e-14   4065.95 1 
  4004.87 4.2272e-14   4068.70 1 
  4007.58 4.0705e-14   4071.45 1 
  4010.28 3.9749e-14   4074.20 1 
  4012.99 4.2404e-14   4076.95 1 
  4015.70 4.1832e-14   4079.70 1 
  4018.40 4.3302e-14   4082.45 1 
  4021.11 4.2938e-14   4085.20 1 
  4023.82 4.2548e-14   4087.95 1 
  4026.53 4.2159e-14   4090.70 1 
  4029.23 4.0789e-14   4093.45 1 
  4031.94 4.0869e-14   4096.20 1 
  4034.65 4.1923e-14   4098.95 1 
  4037.35 4.1177e-14   4101.70 1 
  4040.06 4.1672e-14   4104.45 1 
  4042.77 4.2137e-14   4107.20 1 
  4045.47 4.2570e-14   4109.95 1 
  4048.18 4.1730e-14   4112.70 1 
  4050.89 4.1594e-14   4115.45 1 
  4053.59 4.2049e-14   4118.20 1 
  4056.30 4.1809e-14   4120.95 1 
  4059.01 4.0234e-14   4123.70 1 
  4061.71 4.0611e-14   4126.45 1 
  4064.42 4.0925e-14   4129.20 1 
  4067.13 4.0984e-14   4131.95 1 
  4069.84 4.1469e-14   4134.70 1 
  4072.54 4.1691e-14   4137.45 1 
  4075.25 4.1271e-14   4140.20 1 
  4077.96 4.0745e-14   4142.95 1 
  4080.66 3.9573e-14   4145.70 1 
  4083.37 3.9217e-14   4148.45 1 
  4086.08 3.8336e-14   4151.20 1 
  4088.78 3.8264e-14   4153.95 1 
  4091.49 3.7417e-14   4156.70 1 
  4094.20 3.6058e-14   4159.45 1 
  4096.90 3.5780e-14   4162.20 1 
  4099.61 3.4859e-14   4164.95 1 
  4102.32 3.3622e-14   4167.70 1 
  4105.02 3.2661e-14   4170.45 1 
  4107.73 3.4467e-14   4173.20 1 
  4110.44 3.5900e-14   4175.95 1 
  4113.14 3.6016e-14   4178.70 1 
  4115.85 3.6939e-14   4181.45 1 
  4118.56 3.7104e-14   4184.20 1 
  4121.27 3.7453e-14   4186.95 1 
  4123.97 3.8061e-14   4189.70 1 
  4126.68 3.8508e-14   4192.45 1 
  4129.39 3.8466e-14   4195.20 1 
  4132.09 3.9120e-14   4197.95 1 
  4134.80 3.9390e-14   4200.70 1 
  4137.51 4.0533e-14   4203.45 1 
  4140.21 4.0377e-14   4206.20 1 
  4142.92 4.0485e-14   4208.95 1 
  4145.63 4.0381e-14   4211.70 1 
  4148.33 4.0145e-14   4214.45 1 
  4151.04 3.8767e-14   4217.20 1 
  4153.75 3.9863e-14   4219.95 1 
  4156.45 4.0917e-14   4222.70 1 
  4159.16 4.0750e-14   4225.45 1 
  4161.87 4.0888e-14   4228.20 1 
  4164.58 3.9865e-14   4230.95 1 
  4167.28 4.0116e-14   4233.70 1 
  4169.99 3.9857e-14   4236.45 1 
  4172.70 3.9830e-14   4239.20 1 
  4175.40 3.8568e-14   4241.95 1 
  4178.11 3.9359e-14   4244.70 1 
  4180.82 3.9894e-14   4247.45 1 
  4183.52 3.9043e-14   4250.20 1 
  4186.23 3.8728e-14   4252.95 1 
  4188.94 3.9517e-14   4255.70 1 
  4191.64 3.9411e-14   4258.45 1 
  4194.35 4.0605e-14   4261.20 1 
  4197.06 3.9857e-14   4263.95 1 
  4199.76 3.8879e-14   4266.70 1 
  4202.47 3.8927e-14   4269.45 1 
  4205.18 3.9683e-14   4272.20 1 
  4207.88 3.9715e-14   4274.95 1 
  4210.59 3.9035e-14   4277.70 1 
  4213.30 3.9913e-14   4280.45 1 
  4216.01 3.9726e-14   4283.20 1 
  4218.71 3.9639e-14   4285.95 1 
  4221.42 3.9399e-14   4288.70 1 
  4224.13 3.8602e-14   4291.45 1 
  4226.83 3.8965e-14   4294.20 1 
  4229.54 3.8577e-14   4296.95 1 
  4232.25 3.8812e-14   4299.70 1 
  4234.95 4.0063e-14   4302.45 1 
  4237.66 4.0576e-14   4305.20 1 
  4240.37 3.9573e-14   4307.95 1 
  4243.07 4.0598e-14   4310.70 1 
  4245.78 4.0067e-14   4313.45 1 
  4248.49 3.9897e-14   4316.20 1 
  4251.19 4.0039e-14   4318.95 1 
  4253.90 3.8645e-14   4321.70 1 
  4256.61 4.0161e-14   4324.45 1 
  4259.32 4.0220e-14   4327.20 1 
  4262.02 3.9856e-14   4329.95 1 
  4264.73 4.0002e-14   4332.70 1 
  4267.44 3.9154e-14   4335.45 1 
  4270.14 3.8063e-14   4338.20 1 
  4272.85 3.8606e-14   4340.95 1 
  4275.56 3.8923e-14   4343.70 1 
  4278.26 3.9771e-14   4346.45 1 
  4280.97 3.9941e-14   4349.20 1 
  4283.68 3.9500e-14   4351.95 1 
  4286.38 3.8669e-14   4354.70 1 
  4289.09 3.8161e-14   4357.45 1 
  4291.80 3.8210e-14   4360.20 1 
  4294.50 3.8076e-14   4362.95 1 
  4297.21 3.7881e-14   4365.70 1 
  4299.92 3.7043e-14   4368.45 1 
  4302.62 3.6008e-14   4371.20 1 
  4305.33 3.6316e-14   4373.95 1 
  4308.04 3.6467e-14   4376.70 1 
  4310.75 3.6934e-14   4379.45 1 
  4313.45 3.7147e-14   4382.20 1 
  4316.16 3.8444e-14   4384.95 1 
  4318.87 3.8208e-14   4387.70 1 
  4321.57 3.8134e-14   4390.45 1 
  4324.28 3.7356e-14   4393.20 1 
  4326.99 3.6689e-14   4395.95 1 
  4329.69 3.7278e-14   4398.70 1 
  4332.40 3.6701e-14   4401.45 1 
  4335.11 3.7611e-14   4404.20 1 
  4337.81 3.8828e-14   4406.95 1 
  4340.52 3.9609e-14   4409.70 1 
  4343.23 3.7401e-14   4412.45 1 
  4345.93 3.5376e-14   4415.20 1 
  4348.64 3.4291e-14   4417.95 1 
  4351.35 3.5712e-14   4420.70 1 
  4354.06 3.6284e-14   4423.45 1 
  4356.76 3.6607e-14   4426.20 1 
  4359.47 3.7878e-14   4428.95 1 
  4362.18 3.9015e-14   4431.70 1 
  4364.88 3.8809e-14   4434.45 1 
  4367.59 3.9427e-14   4437.20 1 
  4370.30 4.0106e-14   4439.95 1 
  4373.00 3.8196e-14   4442.70 1 
  4375.71 3.8286e-14   4445.45 1 
  4378.42 3.7984e-14   4448.20 1 
  4381.12 3.8265e-14   4450.95 1 
  4383.83 3.6817e-14   4453.70 1 
  4386.54 3.7635e-14   4456.45 1 
  4389.24 3.8529e-14   4459.20 1 
  4391.95 3.8287e-14   4461.95 1 
  4394.66 3.8138e-14   4464.70 1 
  4397.36 3.7874e-14   4467.45 1 
  4400.07 3.7859e-14   4470.20 1 
  4402.78 3.8436e-14   4472.95 1 
  4405.49 3.9185e-14   4475.70 1 
  4408.19 3.7364e-14   4478.45 1 
  4410.90 3.8116e-14   4481.20 1 
  4413.61 3.9185e-14   4483.95 1 
  4416.31 3.8378e-14   4486.70 1 
  4419.02 3.8835e-14   4489.45 1 
  4421.73 3.8657e-14   4492.20 1 
  4424.43 3.9641e-14   4494.95 1 
  4427.14 3.9326e-14   4497.70 1 
  4429.85 3.9142e-14   4500.45 1 
  4432.55 3.9861e-14   4503.20 1 
  4435.26 3.8888e-14   4505.95 1 
  4437.97 3.8186e-14   4508.70 1 
  4440.67 3.8973e-14   4511.45 1 
  4443.38 3.8864e-14   4514.20 1 
  4446.09 3.9402e-14   4516.95 1 
  4448.80 4.0114e-14   4519.70 1 
  4451.50 4.0077e-14   4522.45 1 
  4454.21 3.9825e-14   4525.20 1 
  4456.92 3.9752e-14   4527.95 1 
  4459.62 3.9787e-14   4530.70 1 
  4462.33 3.9800e-14   4533.45 1 
  4465.04 3.9428e-14   4536.20 1 
  4467.74 3.9548e-14   4538.95 1 
  4470.45 3.9735e-14   4541.70 1 
  4473.16 3.9637e-14   4544.45 1 
  4475.86 3.9405e-14   4547.20 1 
  4478.57 3.9045e-14   4549.95 1 
  4481.28 3.9627e-14   4552.70 1 
  4483.98 3.9625e-14   4555.45 1 
  4486.69 4.0156e-14   4558.20 1 
  4489.40 3.9798e-14   4560.95 1 
  4492.11 4.0162e-14   4563.70 1 
  4494.81 3.9561e-14   4566.45 1 
  4497.52 4.0059e-14   4569.20 1 
  4500.23 4.0738e-14   4571.95 1 
  4502.93 4.0812e-14   4574.70 1 
  4505.64 4.0848e-14   4577.45 1 
  4508.35 4.1247e-14   4580.20 1 
  4511.05 4.1161e-14   4582.95 1 
  4513.76 4.0758e-14   4585.70 1 
  4516.47 4.0752e-14   4588.45 1 
  4519.17 4.0063e-14   4591.20 1 
  4521.88 3.9477e-14   4593.95 1 
  4524.59 3.8899e-14   4596.70 1 
  4527.29 3.9502e-14   4599.45 1 
  4530.00 3.9542e-14   4602.20 1 
  4532.71 3.9170e-14   4604.95 1 
  4535.41 3.8861e-14   4607.70 1 
  4538.12 3.9897e-14   4610.45 1 
  4540.83 4.0547e-14   4613.20 1 
  4543.54 3.9446e-14   4615.95 1 
  4546.24 3.9551e-14   4618.70 1 
  4548.95 4.0092e-14   4621.45 1 
  4551.66 3.9298e-14   4624.20 1 
  4554.36 3.8211e-14   4626.95 1 
  4557.07 3.9370e-14   4629.70 1 
  4559.78 3.9860e-14   4632.45 1 
  4562.48 4.0200e-14   4635.20 1 
  4565.19 4.0340e-14   4637.95 1 
  4567.90 4.0352e-14   4640.70 1 
  4570.60 4.0131e-14   4643.45 1 
  4573.31 4.0461e-14   4646.20 1 
  4576.02 4.0200e-14   4648.95 1 
  4578.72 4.0033e-14   4651.70 1 
  4581.43 3.9401e-14   4654.45 1 
  4584.14 3.9316e-14   4657.20 1 
  4586.85 3.9306e-14   4659.95 1 
  4589.55 3.9866e-14   4662.70 1 
  4592.26 3.9451e-14   4665.45 1 
  4594.97 3.9648e-14   4668.20 1 
  4597.67 3.9613e-14   4670.95 1 
  4600.38 4.0083e-14   4673.70 1 
  4603.09 3.9912e-14   4676.45 1 
  4605.79 4.0200e-14   4679.20 1 
  4608.50 4.0804e-14   4681.95 1 
  4611.21 4.0979e-14   4684.70 1 
  4613.91 4.0552e-14   4687.45 1 
  4616.62 4.0934e-14   4690.20 1 
  4619.33 4.0866e-14   4692.95 1 
  4622.03 4.0961e-14   4695.70 1 
  4624.74 4.0985e-14   4698.45 1 
  4627.45 4.0527e-14   4701.20 1 
  4630.15 4.0616e-14   4703.95 1 
  4632.86 4.0893e-14   4706.70 1 
  4635.57 4.0000e-14   4709.45 1 
  4638.28 3.9526e-14   4712.20 1 
  4640.98 3.9604e-14   4714.95 1 
  4643.69 3.9547e-14   4717.70 1 
  4646.40 3.8052e-14   4720.45 1 
  4649.10 3.8555e-14   4723.20 1 
  4651.81 3.8866e-14   4725.95 1 
  4654.52 3.8808e-14   4728.70 1 
  4657.22 3.9838e-14   4731.45 1 
  4659.93 3.9790e-14   4734.20 1 
  4662.64 3.9102e-14   4736.95 1 
  4665.34 3.9154e-14   4739.70 1 
  4668.05 3.9165e-14   4742.45 1 
  4670.76 3.8419e-14   4745.20 1 
  4673.46 3.8391e-14   4747.95 1 
  4676.17 3.9055e-14   4750.70 1 
  4678.88 3.9110e-14   4753.45 1 
  4681.59 3.9429e-14   4756.20 1 
  4684.29 3.9641e-14   4758.95 1 
  4687.00 3.9063e-14   4761.70 1 
  4689.71 3.9527e-14   4764.45 1 
  4692.41 3.9899e-14   4767.20 1 
  4695.12 3.9074e-14   4769.95 1 
  4697.83 3.9185e-14   4772.70 1 
  4700.53 3.8658e-14   4775.45 1 
  4703.24 3.7920e-14   4778.20 1 
  4705.95 3.7399e-14   4780.95 1 
  4708.65 3.7746e-14   4783.70 1 
  4711.36 3.8354e-14   4786.45 1 
  4714.07 3.8818e-14   4789.20 1 
  4716.77 3.8526e-14   4791.95 1 
  4719.48 3.8988e-14   4794.70 1 
  4722.19 3.8991e-14   4797.45 1 
  4724.89 3.8530e-14   4800.20 1 
  4727.60 3.8106e-14   4802.95 1 
  4730.31 3.7646e-14   4805.70 1 
  4733.02 3.7888e-14   4808.45 1 
  4735.72 3.7725e-14   4811.20 1 
  4738.43 3.7670e-14   4813.95 1 
  4741.14 3.8363e-14   4816.70 1 
  4743.84 3.8436e-14   4819.45 1 
  4746.55 3.7899e-14   4822.20 1 
  4749.26 3.7955e-14   4824.95 1 
  4751.96 3.8138e-14   4827.70 1 
  4754.67 3.8411e-14   4830.45 1 
  4757.38 3.8466e-14   4833.20 1 
  4760.08 3.7527e-14   4835.95 1 
  4762.79 3.6663e-14   4838.70 1 
  4765.50 3.6574e-14   4841.45 1 
  4768.20 3.7134e-14   4844.20 1 
  4770.91 3.7887e-14   4846.95 1 
  4773.62 3.7956e-14   4849.70 1 
  4776.33 3.7765e-14   4852.45 1 
  4779.03 3.8409e-14   4855.20 1 
  4781.74 3.8604e-14   4857.95 1 
  4784.45 3.8016e-14   4860.70 1 
  4787.15 3.8001e-14   4863.45 1 
  4789.86 3.7929e-14   4866.20 1 
  4792.57 3.8425e-14   4868.95 1 
  4795.27 3.8644e-14   4871.70 1 
  4797.98 3.8183e-14   4874.45 1 
  4800.69 3.8123e-14   4877.20 1 
  4803.39 3.7676e-14   4879.95 1 
  4806.10 3.7689e-14   4882.70 1 
  4808.81 3.8326e-14   4885.45 1 
  4811.51 3.7958e-14   4888.20 1 
  4814.22 3.7956e-14   4890.95 1 
  4816.93 3.7884e-14   4893.70 1 
  4819.63 3.7683e-14   4896.45 1 
  4822.34 3.7243e-14   4899.20 1 
  4825.05 3.6366e-14   4901.95 1 
  4827.76 3.6122e-14   4904.70 1 
  4830.46 3.6699e-14   4907.45 1 
  4833.17 3.6406e-14   4910.20 1 
  4835.88 3.6162e-14   4912.95 1 
  4838.58 3.7043e-14   4915.70 1 
  4841.29 3.7129e-14   4918.45 1 
  4844.00 3.6116e-14   4921.20 1 
  4846.70 3.5774e-14   4923.95 1 
  4849.41 3.5965e-14   4926.70 1 
  4852.12 3.8105e-14   4929.45 1 
  4854.82 4.1704e-14   4932.20 1 
  4857.53 4.9378e-14   4934.95 1 
  4860.24 5.5612e-14   4937.70 1 
  4862.94 5.4753e-14   4940.45 1 
  4865.65 4.6552e-14   4943.20 1 
  4868.36 3.9289e-14   4945.95 1 
  4871.07 3.5122e-14   4948.70 1 
  4873.77 3.3797e-14   4951.45 1 
  4876.48 3.4176e-14   4954.20 1 
  4879.19 3.4286e-14   4956.95 1 
  4881.89 3.5122e-14   4959.70 1 
  4884.60 3.4890e-14   4962.45 1 
  4887.31 3.4317e-14   4965.20 1 
  4890.01 3.5095e-14   4967.95 1 
  4892.72 3.5563e-14   4970.70 1 
  4895.43 3.6236e-14   4973.45 1 
  4898.13 3.6729e-14   4976.20 1 
  4900.84 3.6991e-14   4978.95 1 
  4903.55 3.6862e-14   4981.70 1 
  4906.25 3.6659e-14   4984.45 1 
  4908.96 3.6028e-14   4987.20 1 
  4911.67 3.6041e-14   4989.95 1 
  4914.37 3.6163e-14   4992.70 1 
  4917.08 3.5896e-14   4995.45 1 
  4919.79 3.4721e-14   4998.20 1 
  4922.50 3.4717e-14   5000.95 1 
  4925.20 3.5319e-14   5003.70 1 
  4927.91 3.6587e-14   5006.45 1 
  4930.62 3.6495e-14   5009.20 1 
  4933.32 3.6466e-14   5011.95 1 
  4936.03 3.6540e-14   5014.70 1 
  4938.74 3.6453e-14   5017.45 1 
  4941.44 3.6660e-14   5020.20 1 
  4944.15 3.6690e-14   5022.95 1 
  4946.86 3.7766e-14   5025.70 1 
  4949.56 3.8497e-14   5028.45 1 
  4952.27 3.9979e-14   5031.20 1 
  4954.98 4.1152e-14   5033.95 1 
  4957.68 4.1978e-14   5036.70 1 
  4960.39 4.2260e-14   5039.45 1 
  4963.10 4.0882e-14   5042.20 1 
  4965.81 3.8173e-14   5044.95 1 
  4968.51 3.7038e-14   5047.70 1 
  4971.22 3.6708e-14   5050.45 1 
  4973.93 3.6371e-14   5053.20 1 
  4976.63 3.6385e-14   5055.95 1 
  4979.34 3.5968e-14   5058.70 1 
  4982.05 3.5339e-14   5061.45 1 
  4984.75 3.5512e-14   5064.20 1 
  4987.46 3.5695e-14   5066.95 1 
  4990.17 3.6106e-14   5069.70 1 
  4992.87 3.6318e-14   5072.45 1 
  4995.58 3.7569e-14   5075.20 1 
  4998.29 3.9058e-14   5077.95 1 
  5000.99 4.4227e-14   5080.70 1 
  5003.70 5.0125e-14   5083.45 1 
  5006.41 5.5109e-14   5086.20 1 
  5009.11 5.3200e-14   5088.95 1 
  5011.82 4.6864e-14   5091.70 1 
  5014.53 4.0944e-14   5094.45 1 
  5017.24 3.6963e-14   5097.20 1 
  5019.94 3.5934e-14   5099.95 1 
  5022.65 3.5990e-14   5102.70 1 
  5025.36 3.5800e-14   5105.45 1 
  5028.06 3.5306e-14   5108.20 1 
  5030.77 3.5499e-14   5110.95 1 
  5033.48 3.5635e-14   5113.70 1 
  5036.18 3.5675e-14   5116.45 1 
  5038.89 3.4845e-14   5119.20 1 
  5041.60 3.4698e-14   5121.95 1 
  5044.30 3.4919e-14   5124.70 1 
  5047.01 3.5091e-14   5127.45 1 
  5049.72 3.5268e-14   5130.20 1 
  5052.42 3.5591e-14   5132.95 1 
  5055.13 3.6254e-14   5135.70 1 
  5057.84 3.6261e-14   5138.45 1 
  5060.55 3.6717e-14   5141.20 1 
  5063.25 3.6735e-14   5143.95 1 
  5065.96 3.6480e-14   5146.70 1 
  5068.67 3.5415e-14   5149.45 1 
  5071.37 3.5627e-14   5152.20 1 
  5074.08 3.5072e-14   5154.95 1 
  5076.79 3.5027e-14   5157.70 1 
  5079.49 3.5006e-14   5160.45 1 
  5082.20 3.5035e-14   5163.20 1 
  5084.91 3.4960e-14   5165.95 1 
  5087.61 3.5158e-14   5168.70 1 
  5090.32 3.5614e-14   5171.45 1 
  5093.03 3.5638e-14   5174.20 1 
  5095.73 3.5267e-14   5176.95 1 
  5098.44 3.4794e-14   5179.70 1 
  5101.15 3.5250e-14   5182.45 1 
  5103.85 3.4706e-14   5185.20 1 
  5106.56 3.4962e-14   5187.95 1 
  5109.27 3.5095e-14   5190.70 1 
  5111.98 3.5307e-14   5193.45 1 
  5114.68 3.5719e-14   5196.20 1 
  5117.39 3.5561e-14   5198.95 1 
  5120.10 3.5553e-14   5201.70 1 
  5122.80 3.4763e-14   5204.45 1 
  5125.51 3.4690e-14   5207.20 1 
  5128.22 3.4648e-14   5209.95 1 
  5130.92 3.4557e-14   5212.70 1 
  5133.63 3.4246e-14   5215.45 1 
  5136.34 3.4412e-14   5218.20 1 
  5139.04 3.4213e-14   5220.95 1 
  5141.75 3.3760e-14   5223.70 1 
  5144.46 3.4293e-14   5226.45 1 
  5147.16 3.3841e-14   5229.20 1 
  5149.87 3.3728e-14   5231.95 1 
  5152.58 3.4492e-14   5234.70 1 
  5155.29 3.5151e-14   5237.45 1 
  5157.99 3.5311e-14   5240.20 1 
  5160.70 3.4941e-14   5242.95 1 
  5163.41 3.3795e-14   5245.70 1 
  5166.11 3.3223e-14   5248.45 1 
  5168.82 3.2942e-14   5251.20 1 
  5171.53 3.1904e-14   5253.95 1 
  5174.23 3.1959e-14   5256.70 1 
  5176.94 3.2557e-14   5259.45 1 
  5179.65 3.3118e-14   5262.20 1 
  5182.35 3.3217e-14   5264.95 1 
  5185.06 3.2756e-14   5267.70 1 
  5187.77 3.2848e-14   5270.45 1 
  5190.47 3.4044e-14   5273.20 1 
  5193.18 3.4166e-14   5275.95 1 
  5195.89 3.4739e-14   5278.70 1 
  5198.59 3.5808e-14   5281.45 1 
  5201.30 3.5856e-14   5284.20 1 
  5204.01 3.5020e-14   5286.95 1 
  5206.72 3.4326e-14   5289.70 1 
  5209.42 3.4721e-14   5292.45 1 
  5212.13 3.4376e-14   5295.20 1 
  5214.84 3.4171e-14   5297.95 1 
  5217.54 3.4998e-14   5300.70 1 
  5220.25 3.4671e-14   5303.45 1 
  5222.96 3.4310e-14   5306.20 1 
  5225.66 3.4295e-14   5308.95 1 
  5228.37 3.4491e-14   5311.70 1 
  5231.08 3.4604e-14   5314.45 1 
  5233.78 3.4491e-14   5317.20 1 
  5236.49 3.4735e-14   5319.95 1 
  5239.20 3.5545e-14   5322.70 1 
  5241.90 3.5081e-14   5325.45 1 
  5244.61 3.5370e-14   5328.20 1 
  5247.32 3.4960e-14   5330.95 1 
  5250.03 3.4712e-14   5333.70 1 
  5252.73 3.4841e-14   5336.45 1 
  5255.44 3.4979e-14   5339.20 1 
  5258.15 3.5042e-14   5341.95 1 
  5260.85 3.4540e-14   5344.70 1 
  5263.56 3.3713e-14   5347.45 1 
  5266.27 3.2979e-14   5350.20 1 
  5268.97 3.3603e-14   5352.95 1 
  5271.68 3.3346e-14   5355.70 1 
  5274.39 3.4524e-14   5358.45 1 
  5277.09 3.4857e-14   5361.20 1 
  5279.80 3.4970e-14   5363.95 1 
  5282.51 3.5180e-14   5366.70 1 
  5285.21 3.5583e-14   5369.45 1 
  5287.92 3.5951e-14   5372.20 1 
  5290.63 3.5939e-14   5374.95 1 
  5293.34 3.5800e-14   5377.70 1 
  5296.04 3.5635e-14   5380.45 1 
  5298.75 3.5145e-14   5383.20 1 
  5301.46 3.5572e-14   5385.95 1 
  5304.16 3.5601e-14   5388.70 1 
  5306.87 3.5822e-14   5391.45 1 
  5309.58 3.5910e-14   5394.20 1 
  5312.28 3.6806e-14   5396.95 1 
  5314.99 3.6412e-14   5399.70 1 
  5317.70 3.6175e-14   5402.45 1 
  5320.40 3.5201e-14   5405.20 1 
  5323.11 3.4747e-14   5407.95 1 
  5325.82 3.4529e-14   5410.70 1 
  5328.52 3.4444e-14   5413.45 1 
  5331.23 3.4761e-14   5416.20 1 
  5333.94 3.4909e-14   5418.95 1 
  5336.64 3.5021e-14   5421.70 1 
  5339.35 3.5025e-14   5424.45 1 
  5342.06 3.5517e-14   5427.20 1 
  5344.77 3.5461e-14   5429.95 1 
  5347.47 3.5311e-14   5432.70 1 
  5350.18 3.5402e-14   5435.45 1 
  5352.89 3.5974e-14   5438.20 1 
  5355.59 3.6703e-14   5440.95 1 
  5358.30 3.6545e-14   5443.70 1 
  5361.01 3.6296e-14   5446.45 1 
  5363.71 3.5693e-14   5449.20 1 
  5366.42 3.5018e-14   5451.95 1 
  5369.13 3.4799e-14   5454.70 1 
  5371.83 3.5155e-14   5457.45 1 
  5374.54 3.4794e-14   5460.20 1 
  5377.25 3.5057e-14   5462.95 1 
  5379.95 3.5413e-14   5465.70 1 
  5382.66 3.4719e-14   5468.45 1 
  5385.37 3.5228e-14   5471.20 1 
  5388.08 3.5049e-14   5473.95 1 
  5390.78 3.5116e-14   5476.70 1 
  5393.49 3.5053e-14   5479.45 1 
  5396.20 3.4468e-14   5482.20 1 
  5398.90 3.4142e-14   5484.95 1 
  5401.61 3.4723e-14   5487.70 1 
  5404.32 3.4382e-14   5490.45 1 
  5407.02 3.4382e-14   5493.20 1 
  5409.73 3.4182e-14   5495.95 1 
  5412.44 3.4623e-14   5498.70 1 
  5415.14 3.5388e-14   5501.45 1 
  5417.85 3.4906e-14   5504.20 1 
  5420.56 3.4780e-14   5506.95 1 
  5423.26 3.5303e-14   5509.70 1 
  5425.97 3.4690e-14   5512.45 1 
  5428.68 3.4340e-14   5515.20 1 
  5431.38 3.4404e-14   5517.95 1 
  5434.09 3.4272e-14   5520.70 1 
  5436.80 3.4606e-14   5523.45 1 
  5439.51 3.4826e-14   5526.20 1 
  5442.21 3.5103e-14   5528.95 1 
  5444.92 3.4915e-14   5531.70 1 
  5447.63 3.4916e-14   5534.45 1 
  5450.33 3.4966e-14   5537.20 1 
  5453.04 3.4436e-14   5539.95 1 
  5455.75 3.4681e-14   5542.70 1 
  5458.45 3.4026e-14   5545.45 1 
  5461.16 3.4458e-14   5548.20 1 
  5463.87 3.4479e-14   5550.95 1 
  5466.57 3.4254e-14   5553.70 1 
  5469.28 3.3784e-14   5556.45 1 
  5471.99 3.4360e-14   5559.20 1 
  5474.69 3.4111e-14   5561.95 1 
  5477.40 3.3656e-14   5564.70 1 
  5480.11 3.3446e-14   5567.45 1 
  5482.82 3.3686e-14   5570.20 1 
  5485.52 3.3891e-14   5572.95 1 
  5488.23 3.4591e-14   5575.70 1 
  5490.94 3.3711e-14   5578.45 1 
  5493.64 3.4798e-14   5581.20 1 
  5496.35 3.4517e-14   5583.95 1 
  5499.06 3.4428e-14   5586.70 1 
  5501.76 3.3900e-14   5589.45 1 
  5504.47 3.4265e-14   5592.20 1 
  5507.18 3.4157e-14   5594.95 1 
  5509.88 3.3531e-14   5597.70 1 
  5512.59 3.3759e-14   5600.45 1 
  5515.30 3.4413e-14   5603.20 1 
  5518.00 3.3862e-14   5605.95 1 
  5520.71 3.5288e-14   5608.70 1 
  5523.42 3.4377e-14   5611.45 1 
  5526.12 3.4753e-14   5614.20 1 
  5528.83 3.4370e-14   5616.95 1 
  5531.54 3.3959e-14   5619.70 1 
  5534.25 3.5058e-14   5622.45 1 
  5536.95 3.5011e-14   5625.20 1 
  5539.66 3.5086e-14   5627.95 1 
  5542.37 3.5119e-14   5630.70 1 
  5545.07 3.4998e-14   5633.45 1 
  5547.78 3.5292e-14   5636.20 1 
  5550.49 3.5261e-14   5638.95 1 
  5553.19 3.5318e-14   5641.70 1 
  5555.90 3.5118e-14   5644.45 1 
  5558.61 3.5134e-14   5647.20 1 
  5561.31 3.5381e-14   5649.95 1 
  5564.02 3.4413e-14   5652.70 1 
  5566.73 3.3842e-14   5655.45 1 
  5569.43 3.4550e-14   5658.20 1 
  5572.14 3.4433e-14   5660.95 1 
  5574.85 3.4858e-14   5663.70 1 
  5577.56 3.5313e-14   5666.45 1 
  5580.26 3.5136e-14   5669.20 1 
  5582.97 3.4859e-14   5671.95 1 
  5585.68 3.4245e-14   5674.70 1 
  5588.38 3.3814e-14   5677.45 1 
  5591.09 3.3795e-14   5680.20 1 
  5593.80 3.4286e-14   5682.95 1 
  5596.50 3.4917e-14   5685.70 1 
  5599.21 3.3910e-14   5688.45 1 
  5601.92 3.4128e-14   5691.20 1 
  5604.62 3.4012e-14   5693.95 1 
  5607.33 3.4221e-14   5696.70 1 
  5610.04 3.4109e-14   5699.45 1 
  5612.74 3.3863e-14   5702.20 1 
  5615.45 3.4432e-14   5704.95 1 
  5618.16 3.3733e-14   5707.70 1 
  5620.86 3.4389e-14   5710.45 1 
  5623.57 3.3447e-14   5713.20 1 
  5626.28 3.3337e-14   5715.95 1 
  5628.99 3.4119e-14   5718.70 1 
  5631.69 3.4836e-14   5721.45 1 
  5634.40 3.4164e-14   5724.20 1 
  5637.11 3.3615e-14   5726.95 1 
  5639.81 3.4586e-14   5729.70 1 
  5642.52 3.4507e-14   5732.45 1 
  5645.23 3.4325e-14   5735.20 1 
  5647.93 3.4199e-14   5737.95 1 
  5650.64 3.4297e-14   5740.70 1 
  5653.35 3.4368e-14   5743.45 1 
  5656.05 3.4308e-14   5746.20 1 
  5658.76 3.4412e-14   5748.95 1 
  5661.47 3.6179e-14   5751.70 1 
  5664.17 3.5117e-14   5754.45 1 
  5666.88 3.4860e-14   5757.20 1 
  5669.59 3.3884e-14   5759.95 1 
  5672.30 3.4926e-14   5762.70 1 
  5675.00 3.5083e-14   5765.45 1 
  5677.71 3.4593e-14   5768.20 1 
  5680.42 3.3462e-14   5770.95 1 
  5683.12 3.4444e-14   5773.70 1 
  5685.83 3.4619e-14   5776.45 1 
  5688.54 3.3056e-14   5779.20 1 
  5691.24 3.4413e-14   5781.95 1 
  5693.95 3.4075e-14   5784.70 1 
  5696.66 3.4140e-14   5787.45 1 
  5699.36 3.3869e-14   5790.20 1 
  5702.07 3.4147e-14   5792.95 1 
  5704.78 3.3675e-14   5795.70 1 
  5707.48 3.2904e-14   5798.45 1 
  5710.19 3.3358e-14   5801.20 1 
  5712.90 3.3655e-14   5803.95 1 
  5715.60 3.4346e-14   5806.70 1 
  5718.31 3.4328e-14   5809.45 1 
  5721.02 3.4816e-14   5812.20 1 
  5723.73 3.4373e-14   5814.95 1 
  5726.43 3.4841e-14   5817.70 1 
  5729.14 3.4024e-14   5820.45 1 
  5731.85 3.4106e-14   5823.20 1 
  5734.55 3.4188e-14   5825.95 1 
  5737.26 3.4361e-14   5828.70 1 
  5739.97 3.4345e-14   5831.45 1 
  5742.67 3.4975e-14   5834.20 1 
  5745.38 3.4716e-14   5836.95 1 
  5748.09 3.4910e-14   5839.70 1 
  5750.79 3.4446e-14   5842.45 1 
  5753.50 3.4735e-14   5845.20 1 
  5756.21 3.4643e-14   5847.95 1 
  5758.91 3.4263e-14   5850.70 1 
  5761.62 3.4055e-14   5853.45 1 
  5764.33 3.4585e-14   5856.20 1 
  5767.04 3.5060e-14   5858.95 1 
  5769.74 3.4000e-14   5861.70 1 
  5772.45 3.4159e-14   5864.45 1 
  5775.16 3.4090e-14   5867.20 1 
  5777.86 3.4152e-14   5869.95 1 
  5780.57 3.2946e-14   5872.70 1 
  5783.28 3.3098e-14   5875.45 1 
  5785.98 3.3234e-14   5878.20 1 
  5788.69 3.3214e-14   5880.95 1 
  5791.40 3.3293e-14   5883.70 1 
  5794.10 3.3461e-14   5886.45 1 
  5796.81 3.3891e-14   5889.20 1 
  5799.52 3.3504e-14   5891.95 1 
  5802.22 3.4162e-14   5894.70 1 
  5804.93 3.4824e-14   5897.45 1 
  5807.64 3.4160e-14   5900.20 1 
  5810.34 3.4920e-14   5902.95 1 
  5813.05 3.4583e-14   5905.70 1 
  5815.76 3.4200e-14   5908.45 1 
  5818.47 3.4405e-14   5911.20 1 
  5821.17 3.4553e-14   5913.95 1 
  5823.88 3.4499e-14   5916.70 1 
  5826.59 3.4710e-14   5919.45 1 
  5829.29 3.4451e-14   5922.20 1 
  5832.00 3.4342e-14   5924.95 1 
  5834.71 3.4368e-14   5927.70 1 
  5837.41 3.4195e-14   5930.45 1 
  5840.12 3.3669e-14   5933.20 1 
  5842.83 3.4066e-14   5935.95 1 
  5845.53 3.3674e-14   5938.70 1 
  5848.24 3.3710e-14   5941.45 1 
  5850.95 3.3434e-14   5944.20 1 
  5853.65 3.3195e-14   5946.95 1 
  5856.36 3.3547e-14   5949.70 1 
  5859.07 3.3160e-14   5952.45 1 
  5861.78 3.2856e-14   5955.20 1 
  5864.48 3.3420e-14   5957.95 1 
  5867.19 3.4203e-14   5960.70 1 
  5869.90 3.5099e-14   5963.45 1 
  5872.60 3.5037e-14   5966.20 1 
  5875.31 3.4922e-14   5968.95 1 
  5878.02 3.5025e-14   5971.70 1 
  5880.72 3.4156e-14   5974.45 1 
  5883.43 3.1618e-14   5977.20 1 
  5886.14 3.0237e-14   5979.95 1 
  5888.84 3.0492e-14   5982.70 1 
  5891.55 3.0695e-14   5985.45 1 
  5894.26 3.1071e-14   5988.20 1 
  5896.96 3.1309e-14   5990.95 1 
  5899.67 3.1840e-14   5993.70 1 
  5902.38 3.2443e-14   5996.45 1 
  5905.08 3.2854e-14   5999.20 1 
  5907.79 3.3005e-14   6001.95 1 
  5910.50 3.2835e-14   6004.70 1 
  5913.21 3.2605e-14   6007.45 1 
  5915.91 3.2692e-14   6010.20 1 
  5918.62 3.2538e-14   6012.95 1 
  5921.33 3.2718e-14   6015.70 1 
  5924.03 3.3267e-14   6018.45 1 
  5926.74 3.2759e-14   6021.20 1 
  5929.45 3.2754e-14   6023.95 1 
  5932.15 3.2372e-14   6026.70 1 
  5934.86 3.2778e-14   6029.45 1 
  5937.57 3.2634e-14   6032.20 1 
  5940.27 3.2971e-14   6034.95 1 
  5942.98 3.3191e-14   6037.70 1 
  5945.69 3.2673e-14   6040.45 1 
  5948.39 3.2857e-14   6043.20 1 
  5951.10 3.3001e-14   6045.95 1 
  5953.81 3.2908e-14   6048.70 1 
  5956.52 3.3600e-14   6051.45 1 
  5959.22 3.2999e-14   6054.20 1 
  5961.93 3.2808e-14   6056.95 1 
  5964.64 3.3024e-14   6059.70 1 
  5967.34 3.3751e-14   6062.45 1 
  5970.05 3.3251e-14   6065.20 1 
  5972.76 3.3117e-14   6067.95 1 
  5975.46 3.3071e-14   6070.70 1 
  5978.17 3.3360e-14   6073.45 1 
  5980.88 3.3629e-14   6076.20 1 
  5983.58 3.2797e-14   6078.95 1 
  5986.29 3.3084e-14   6081.70 1 
  5989.00 3.2373e-14   6084.45 1 
  5991.70 3.2711e-14   6087.20 1 
  5994.41 3.3460e-14   6089.95 1 
  5997.12 3.2726e-14   6092.70 1 
  5999.82 3.2142e-14   6095.45 1 
  6002.53 3.2662e-14   6098.20 1 
  6005.24 3.2130e-14   6100.95 1 
  6007.95 3.1916e-14   6103.70 1 
  6010.65 3.2875e-14   6106.45 1 
  6013.36 3.2257e-14   6109.20 1 
  6016.07 3.2552e-14   6111.95 1 
  6018.77 3.2312e-14   6114.70 1 
  6021.48 3.2281e-14   6117.45 1 
  6024.19 3.2555e-14   6120.20 1 
  6026.89 3.2630e-14   6122.95 1 
  6029.60 3.3175e-14   6125.70 1 
  6032.31 3.2701e-14   6128.45 1 
  6035.01 3.3496e-14   6131.20 1 
  6037.72 3.3627e-14   6133.95 1 
  6040.43 3.2970e-14   6136.70 1 
  6043.13 3.3020e-14   6139.45 1 
  6045.84 3.2843e-14   6142.20 1 
  6048.55 3.3107e-14   6144.95 1 
  6051.26 3.2963e-14   6147.70 1 
  6053.96 3.1951e-14   6150.45 1 
  6056.67 3.2183e-14   6153.20 1 
  6059.38 3.2958e-14   6155.95 1 
  6062.08 3.3081e-14   6158.70 1 
  6064.79 3.2996e-14   6161.45 1 
  6067.50 3.3257e-14   6164.20 1 
  6070.20 3.2583e-14   6166.95 1 
  6072.91 3.3289e-14   6169.70 1 
  6075.62 3.3032e-14   6172.45 1 
  6078.32 3.2685e-14   6175.20 1 
  6081.03 3.2465e-14   6177.95 1 
  6083.74 3.2470e-14   6180.70 1 
  6086.44 3.2557e-14   6183.45 1 
  6089.15 3.2628e-14   6186.20 1 
  6091.86 3.2572e-14   6188.95 1 
  6094.57 3.2445e-14   6191.70 1 
  6097.27 3.2709e-14   6194.45 1 
  6099.98 3.2522e-14   6197.20 1 
  6102.69 3.2032e-14   6199.95 1 
  6105.39 3.2058e-14   6202.70 1 
  6108.10 3.2080e-14   6205.45 1 
  6110.81 3.2696e-14   6208.20 1 
  6113.51 3.2168e-14   6210.95 1 
  6116.22 3.2196e-14   6213.70 1 
  6118.93 3.1916e-14   6216.45 1 
  6121.63 3.2227e-14   6219.20 1 
  6124.34 3.2135e-14   6221.95 1 
  6127.05 3.2435e-14   6224.70 1 
  6129.75 3.2403e-14   6227.45 1 
  6132.46 3.2060e-14   6230.20 1 
  6135.17 3.2097e-14   6232.95 1 
  6137.87 3.1875e-14   6235.70 1 
  6140.58 3.1626e-14   6238.45 1 
  6143.29 3.0907e-14   6241.20 1 
  6146.00 3.1062e-14   6243.95 1 
  6148.70 3.1657e-14   6246.70 1 
  6151.41 3.1811e-14   6249.45 1 
  6154.12 3.2027e-14   6252.20 1 
  6156.82 3.1598e-14   6254.95 1 
  6159.53 3.0979e-14   6257.70 1 
  6162.24 3.0311e-14   6260.45 1 
  6164.94 2.9450e-14   6263.20 1 
  6167.65 3.0648e-14   6265.95 1 
  6170.36 3.0357e-14   6268.70 1 
  6173.06 3.1700e-14   6271.45 1 
  6175.77 3.1413e-14   6274.20 1 
  6178.48 3.1763e-14   6276.95 1 
  6181.18 3.1881e-14   6279.70 1 
  6183.89 3.2055e-14   6282.45 1 
  6186.60 3.2190e-14   6285.20 1 
  6189.31 3.1922e-14   6287.95 1 
  6192.01 3.1758e-14   6290.70 1 
  6194.72 3.1314e-14   6293.45 1 
  6197.43 3.1771e-14   6296.20 1 
  6200.13 3.1795e-14   6298.95 1 
  6202.84 3.2702e-14   6301.70 1 
  6205.55 3.2275e-14   6304.45 1 
  6208.25 3.1827e-14   6307.20 1 
  6210.96 3.1676e-14   6309.95 1 
  6213.67 3.1221e-14   6312.70 1 
  6216.37 3.2148e-14   6315.45 1 
  6219.08 3.1212e-14   6318.20 1 
  6221.79 3.0854e-14   6320.95 1 
  6224.49 3.0897e-14   6323.70 1 
  6227.20 3.0903e-14   6326.45 1 
  6229.91 3.1095e-14   6329.20 1 
  6232.61 3.0558e-14   6331.95 1 
  6235.32 3.1305e-14   6334.70 1 
  6238.03 3.0648e-14   6337.45 1 
  6240.74 3.0085e-14   6340.20 1 
  6243.44 3.0938e-14   6342.95 1 
  6246.15 3.0163e-14   6345.70 1 
  6248.86 3.0770e-14   6348.45 1 
  6251.56 3.0495e-14   6351.20 1 
  6254.27 3.0626e-14   6353.95 1 
  6256.98 3.0570e-14   6356.70 1 
  6259.68 3.0136e-14   6359.45 1 
  6262.39 3.1037e-14   6362.20 1 
  6265.10 3.0978e-14   6364.95 1 
  6267.80 3.1278e-14   6367.70 1 
  6270.51 3.1700e-14   6370.45 1 
  6273.22 3.1048e-14   6373.20 1 
  6275.92 3.0796e-14   6375.95 1 
  6278.63 3.0504e-14   6378.70 1 
  6281.34 3.0803e-14   6381.45 1 
  6284.05 3.0757e-14   6384.20 1 
  6286.75 3.0906e-14   6386.95 1 
  6289.46 3.1400e-14   6389.70 1 
  6292.17 3.2125e-14   6392.45 1 
  6294.87 3.3712e-14   6395.20 1 
  6297.58 3.5275e-14   6397.95 1 
  6300.29 3.6467e-14   6400.70 1 
  6302.99 3.5485e-14   6403.45 1 
  6305.70 3.3163e-14   6406.20 1 
  6308.41 3.2548e-14   6408.95 1 
  6311.11 3.2129e-14   6411.70 1 
  6313.82 3.1306e-14   6414.45 1 
  6316.53 3.1285e-14   6417.20 1 
  6319.23 3.0708e-14   6419.95 1 
  6321.94 3.0677e-14   6422.70 1 
  6324.65 3.1751e-14   6425.45 1 
  6327.35 3.1106e-14   6428.20 1 
  6330.06 3.1117e-14   6430.95 1 
  6332.77 3.0915e-14   6433.70 1 
  6335.48 3.1023e-14   6436.45 1 
  6338.18 3.1408e-14   6439.20 1 
  6340.89 3.1148e-14   6441.95 1 
  6343.60 3.1218e-14   6444.70 1 
  6346.30 3.0705e-14   6447.45 1 
  6349.01 3.0539e-14   6450.20 1 
  6351.72 3.1226e-14   6452.95 1 
  6354.42 3.1492e-14   6455.70 1 
  6357.13 3.1286e-14   6458.45 1 
  6359.84 3.1531e-14   6461.20 1 
  6362.54 3.2559e-14   6463.95 1 
  6365.25 3.2080e-14   6466.70 1 
  6367.96 3.1614e-14   6469.45 1 
  6370.66 3.1815e-14   6472.20 1 
  6373.37 3.1016e-14   6474.95 1 
  6376.08 3.0291e-14   6477.70 1 
  6378.79 3.0505e-14   6480.45 1 
  6381.49 3.1010e-14   6483.20 1 
  6384.20 3.0748e-14   6485.95 1 
  6386.91 3.1013e-14   6488.70 1 
  6389.61 3.1197e-14   6491.45 1 
  6392.32 3.0889e-14   6494.20 1 
  6395.03 3.1614e-14   6496.95 1 
  6397.73 3.1094e-14   6499.70 1 
  6400.44 3.0322e-14   6502.45 1 
  6403.15 3.0504e-14   6505.20 1 
  6405.85 3.0389e-14   6507.95 1 
  6408.56 3.0747e-14   6510.70 1 
  6411.27 3.0674e-14   6513.45 1 
  6413.97 2.9776e-14   6516.20 1 
  6416.68 2.9675e-14   6518.95 1 
  6419.39 3.0497e-14   6521.70 1 
  6422.09 3.0642e-14   6524.45 1 
  6424.80 3.0559e-14   6527.20 1 
  6427.51 3.0218e-14   6529.95 1 
  6430.22 3.0427e-14   6532.70 1 
  6432.92 3.0159e-14   6535.45 1 
  6435.63 3.0097e-14   6538.20 1 
  6438.34 3.0113e-14   6540.95 1 
  6441.04 3.0980e-14   6543.70 1 
  6443.75 3.0573e-14   6546.45 1 
  6446.46 3.0217e-14   6549.20 1 
  6449.16 3.0736e-14   6551.95 1 
  6451.87 3.0021e-14   6554.70 1 
  6454.58 2.9834e-14   6557.45 1 
  6457.28 2.9581e-14   6560.20 1 
  6459.99 3.0101e-14   6562.95 1 
  6462.70 2.9832e-14   6565.70 1 
  6465.40 3.0362e-14   6568.45 1 
  6468.11 3.1294e-14   6571.20 1 
  6470.82 3.1493e-14   6573.95 1 
  6473.53 3.1456e-14   6576.70 1 
  6476.23 3.1073e-14   6579.45 1 
  6478.94 2.9869e-14   6582.20 1 
  6481.65 3.0198e-14   6584.95 1 
  6484.35 2.9941e-14   6587.70 1 
  6487.06 3.0236e-14   6590.45 1 
  6489.77 3.0564e-14   6593.20 1 
  6492.47 2.9431e-14   6595.95 1 
  6495.18 3.0154e-14   6598.70 1 
  6497.89 2.9792e-14   6601.45 1 
  6500.59 3.0692e-14   6604.20 1 
  6503.30 3.0320e-14   6606.95 1 
  6506.01 3.0238e-14   6609.70 1 
  6508.71 2.9861e-14   6612.45 1 
  6511.42 3.0537e-14   6615.20 1 
  6514.13 3.1412e-14   6617.95 1 
  6516.83 3.1273e-14   6620.70 1 
  6519.54 3.1633e-14   6623.45 1 
  6522.25 3.1157e-14   6626.20 1 
  6524.96 3.0916e-14   6628.95 1 
  6527.66 3.1134e-14   6631.70 1 
  6530.37 3.2498e-14   6634.45 1 
  6533.08 3.2894e-14   6637.20 1 
  6535.78 3.4032e-14   6639.95 1 
  6538.49 3.6095e-14   6642.70 1 
  6541.20 4.1766e-14   6645.45 1 
  6543.90 5.2110e-14   6648.20 1 
  6546.61 6.2468e-14   6650.95 1 
  6549.32 6.7770e-14   6653.70 1 
  6552.02 7.0384e-14   6656.45 1 
  6554.73 8.2506e-14   6659.20 1 
  6557.44 1.1406e-13   6661.95 1 
  6560.14 1.5578e-13   6664.70 1 
  6562.85 1.7742e-13   6667.45 1 
  6565.56 1.5570e-13   6670.20 1 
  6568.27 1.0532e-13   6672.95 1 
  6570.97 6.8188e-14   6675.70 1 
  6573.68 5.6768e-14   6678.45 1 
  6576.39 6.3964e-14   6681.20 1 
  6579.09 8.5669e-14   6683.95 1 
  6581.80 1.0753e-13   6686.70 1 
  6584.51 1.1109e-13   6689.45 1 
  6587.21 9.0109e-14   6692.20 1 
  6589.92 6.2031e-14   6694.95 1 
  6592.63 4.3914e-14   6697.70 1 
  6595.33 3.5932e-14   6700.45 1 
  6598.04 3.2977e-14   6703.20 1 
  6600.75 3.1785e-14   6705.95 1 
  6603.45 3.2055e-14   6708.70 1 
  6606.16 3.1654e-14   6711.45 1 
  6608.87 3.1381e-14   6714.20 1 
  6611.57 3.1751e-14   6716.95 1 
  6614.28 3.0970e-14   6719.70 1 
  6616.99 3.0566e-14   6722.45 1 
  6619.70 3.0219e-14   6725.20 1 
  6622.40 3.0434e-14   6727.95 1 
  6625.11 3.0504e-14   6730.70 1 
  6627.82 3.0636e-14   6733.45 1 
  6630.52 3.0709e-14   6736.20 1 
  6633.23 3.0720e-14   6738.95 1 
  6635.94 3.1042e-14   6741.70 1 
  6638.64 3.0682e-14   6744.45 1 
  6641.35 3.0644e-14   6747.20 1 
  6644.06 3.1134e-14   6749.95 1 
  6646.76 3.1223e-14   6752.70 1 
  6649.47 3.1070e-14   6755.45 1 
  6652.18 3.1510e-14   6758.20 1 
  6654.88 3.0851e-14   6760.95 1 
  6657.59 3.0768e-14   6763.70 1 
  6660.30 3.0476e-14   6766.45 1 
  6663.01 3.0524e-14   6769.20 1 
  6665.71 3.1463e-14   6771.95 1 
  6668.42 3.0791e-14   6774.70 1 
  6671.13 3.0821e-14   6777.45 1 
  6673.83 3.2038e-14   6780.20 1 
  6676.54 3.2842e-14   6782.95 1 
  6679.25 3.0877e-14   6785.70 1 
  6681.95 3.1182e-14   6788.45 1 
  6684.66 3.0860e-14   6791.20 1 
  6687.37 3.1458e-14   6793.95 1 
  6690.07 3.0793e-14   6796.70 1 
  6692.78 3.0773e-14   6799.45 1 
  6695.49 3.1002e-14   6802.20 1 
  6698.19 3.1431e-14   6804.95 1 
  6700.90 3.0867e-14   6807.70 1 
  6703.61 3.1447e-14   6810.45 1 
  6706.31 3.3382e-14   6813.20 1 
  6716.34 3.0524e-14   6823.39 0 
  6731.83 3.0310e-14   6839.12 0 
  6747.34 3.0168e-14   6854.88 0 
  6762.90 3.0374e-14   6870.68 0 
  6778.49 3.0092e-14   6886.52 0 
  6794.11 3.0158e-14   6902.40 0 
  6809.77 3.0364e-14   6918.31 0 
  6825.47 3.0431e-14   6934.26 0 
  6841.21 3.0568e-14   6950.24 0 
  6856.98 3.0355e-14   6966.26 0 
  6872.79 2.9389e-14   6982.33 0 
  6888.63 2.9726e-14   6998.42 0 
  6904.51 2.9791e-14   7014.55 0 
  6920.42 2.9925e-14   7030.72 0 
  6936.38 3.0199e-14   7046.93 0 
  6952.37 3.0405e-14   7063.18 0 
  6968.39 3.0332e-14   7079.46 0 
  6984.46 2.8897e-14   7095.78 0 
  7000.56 3.0256e-14   7112.14 0 
  7016.70 3.0113e-14   7128.53 0 
  7032.87 2.9561e-14   7144.96 0 
  7049.09 3.1022e-14   7161.43 0 
  7065.33 2.9554e-14   7177.94 0 
  7081.62 2.9824e-14   7194.49 0 
  7097.95 2.8544e-14   7211.08 0 
  7114.31 2.8872e-14   7227.70 0 
  7130.71 2.8869e-14   7244.36 0 
  7147.15 2.8404e-14   7261.06 0 
  7163.62 2.8796e-14   7277.80 0 
  7180.14 2.8398e-14   7294.57 0 
  7196.69 2.7179e-14   7311.39 0 
  7213.28 2.7427e-14   7328.25 0 
  7229.91 2.8519e-14   7345.14 0 
  7246.58 2.8450e-14   7362.07 0 
  7263.28 2.9177e-14   7379.04 0 
  7280.02 2.8509e-14   7396.05 0 
  7296.80 2.7602e-14   7413.10 0 
  7313.63 2.8900e-14   7430.19 0 
  7330.49 2.9164e-14   7447.32 0 
  7347.38 3.0116e-14   7464.49 0 
  7364.32 2.8428e-14   7481.70 0 
  7381.30 3.0040e-14   7498.94 0 
  7398.31 2.9150e-14   7516.23 0 
  7415.37 2.9621e-14   7533.56 0 
  7432.46 2.9278e-14   7550.92 0 
  7449.60 2.9342e-14   7568.33 0 
  7466.77 2.9610e-14   7585.78 0 
  7483.98 2.9744e-14   7603.26 0 
  7501.23 2.8863e-14   7620.79 0 
  7518.53 2.9261e-14   7638.36 0 
  7535.86 3.0147e-14   7655.97 0 
  7553.23 2.9730e-14   7673.61 0 
  7570.64 2.9726e-14   7691.30 0 
  7588.10 2.9791e-14   7709.04 0 
  7605.59 2.9177e-14   7726.81 0 
  7623.12 2.9443e-14   7744.62 0 
  7640.70 2.9036e-14   7762.47 0 
  7658.31 2.9166e-14   7780.37 0 
  7675.96 2.6232e-14   7798.30 0 
  7693.65 2.8430e-14   7816.28 0 
  7711.39 2.7398e-14   7834.30 0 
  7729.17 2.8423e-14   7852.36 0 
  7746.98 2.8420e-14   7870.46 0 
  7764.85 2.8221e-14   7888.60 0 
  7782.74 2.6947e-14   7906.79 0 
  7800.68 2.8149e-14   7925.01 0 
  7818.67 2.7952e-14   7943.28 0 
  7836.69 2.8403e-14   7961.59 0 
  7854.76 2.8794e-14   7979.95 0 
  7872.87 2.8791e-14   7998.34 0 
  7891.01 2.8197e-14   8016.78 0 
  7909.20 2.7871e-14   8035.26 0 
  7927.44 2.7108e-14   8053.78 0 
  7945.71 2.6856e-14   8072.35 0 
  7964.03 2.7289e-14   8090.96 0 
  7982.39 2.7857e-14   8109.61 0 
  8000.79 2.7661e-14   8128.31 0 
  8019.23 2.7722e-14   8147.04 0 
  8037.72 2.7338e-14   8165.82 0 
  8056.25 2.7209e-14   8184.65 0 
  8074.82 2.7775e-14   8203.52 0 
  8093.43 2.7202e-14   8222.43 0 
  8112.09 2.7641e-14   8241.38 0 
  8130.79 2.7829e-14   8260.38 0 
  8149.53 2.6881e-14   8279.42 0 
  8168.32 2.7251e-14   8298.51 0 
  8187.15 2.5783e-14   8317.64 0 
  8206.02 2.6018e-14   8336.81 0 
  8224.94 2.7556e-14   8356.03 0 
  8243.90 2.7174e-14   8375.29 0 
  8262.91 2.7046e-14   8394.60 0 
  8281.95 2.6427e-14   8413.95 0 
  8301.05 2.7039e-14   8433.35 0 
  8320.18 2.6603e-14   8452.79 0 
  8339.36 2.6784e-14   8472.27 0 
  8358.58 2.6781e-14   8491.80 0 
  8377.86 2.7527e-14   8511.38 0 
  8397.17 2.5510e-14   8531.00 0 
  8416.52 2.7331e-14   8550.67 0 
  8435.93 2.6460e-14   8570.38 0 
  8455.37 2.5855e-14   8590.14 0 
  8474.86 2.5555e-14   8609.94 0 
  8494.40 2.7316e-14   8629.79 0 
  8513.98 2.6083e-14   8649.68 0 
  8533.61 2.6872e-14   8669.62 0 
  8553.28 1.9781e-14   8689.60 0 
  8573.00 2.6989e-14   8709.64 0 
  8592.76 2.6190e-14   8729.71 0 
  8612.57 2.5708e-14   8749.84 0 
  8632.43 2.6608e-14   8770.01 0 
  8652.32 2.6482e-14   8790.23 0 
  8672.27 1.7656e-14   8810.49 0 
  8692.26 2.5342e-14   8830.80 0 
  8712.30 2.6048e-14   8851.16 0 
  8732.38 2.7022e-14   8871.56 0 
  8752.51 2.5566e-14   8892.01 0 
  8772.69 2.5740e-14   8912.51 0 
  8792.91 2.6825e-14   8933.05 0 
  8813.18 2.5379e-14   8953.65 0 
  8833.50 2.5317e-14   8974.29 0 
  8853.86 2.6023e-14   8994.98 0 
  8874.27 2.3297e-14   9015.71 0 
  8894.73 2.5541e-14   9036.50 0 
  8915.24 2.5893e-14   9057.33 0 
  8935.79 2.5475e-14   9078.20 0 
  8956.39 2.4949e-14   9099.13 0 
  8977.03 2.5119e-14   9120.11 0 
  8997.73 2.1975e-14   9141.13 0 
  9018.47 2.2797e-14   9162.20 0 
  9039.26 2.5575e-14   9183.33 0 
  9060.10 2.6900e-14   9204.50 0 
  9080.98 2.4249e-14   9225.71 0 
  9101.92 2.5388e-14   9246.98 0 
  9122.90 2.6581e-14   9268.30 0 
  9143.93 2.4294e-14   9289.66 0 
  9165.01 2.2617e-14   9311.08 0 
  9186.14 2.3248e-14   9332.54 0 
  9207.31 2.4792e-14   9354.06 0 
  9228.53 2.3618e-14   9375.62 0 
  9249.81 2.3999e-14   9397.23 0 
  9271.13 2.4781e-14   9418.90 0 
  9292.50 2.5472e-14   9440.61 0 
  9313.93 2.5293e-14   9462.37 0 
  9335.40 2.5289e-14   9484.18 0 
  9356.92 2.5227e-14   9506.05 0 
  9378.49 2.4935e-14   9527.96 0 
  9400.11 2.5104e-14   9549.93 0 
  9421.78 2.5158e-14   9571.94 0 
  9443.50 2.4866e-14   9594.01 0 
  9465.27 2.5151e-14   9616.12 0 
  9487.08 2.5147e-14   9638.29 0 
  9508.95 2.4684e-14   9660.51 0 
  9530.88 2.4398e-14   9682.78 0 
  9552.85 2.3083e-14   9705.10 0 
  9574.87 2.4279e-14   9727.47 0 
  9596.94 2.4898e-14   9749.90 0 
  9619.06 2.4722e-14   9772.37 0 
  9641.24 2.4549e-14   9794.90 0 
  9663.47 2.4488e-14   9817.48 0 
  9685.74 2.4711e-14   9840.11 0 
  9708.07 2.4481e-14   9862.79 0 
  9730.44 2.4309e-14   9885.53 0 
  9752.88 2.4193e-14   9908.32 0 
  9775.36 2.4245e-14   9931.16 0 
  9797.89 2.4019e-14   9954.05 0 
  9820.48 2.4406e-14   9977.00 0 
  9843.12 2.4290e-14  10000.00 0 
  9865.81 2.4119e-14  10023.05 0 
  9888.55 2.4060e-14  10046.15 0 
  9911.34 2.4001e-14  10069.31 0 
  9934.20 2.4108e-14  10092.53 0 
  9957.10 2.4104e-14  10115.80 0 
  9980.05 2.4045e-14  10139.12 0 
 10026.11 2.3544e-14  10185.91 0 
 10072.40 2.3107e-14  10232.94 0 
 10118.89 2.3747e-14  10280.17 0 
 10165.59 2.3521e-14  10327.61 0 
 10236.06 2.3564e-14  10399.21 0 
 10283.31 2.3611e-14  10447.20 0 
 10307.01 2.3445e-14  10471.29 0 
 10498.63 2.2828e-14  10665.96 0 
 10693.81 2.1997e-14  10864.25 0 
 10892.63 2.0959e-14  11066.24 0 
 11095.14 2.0388e-14  11271.98 0 
 11301.41 2.0016e-14  11481.54 0 
 11511.52 1.9924e-14  11694.99 0 
 11698.56 1.9470e-14  11885.02 0 
 11888.65 1.8940e-14  12078.13 0 
 12109.69 1.8637e-14  12302.69 0 
 12306.45 1.8339e-14  12502.59 0 
 12506.42 1.7921e-14  12705.74 0 
 12709.63 1.7554e-14  12912.19 0 
 12886.44 1.7154e-14  13091.82 0 
 13095.83 1.6919e-14  13304.55 0 
 13308.61 1.6496e-14  13520.73 0 
 13493.76 1.6232e-14  13708.82 0 
 13713.01 1.5972e-14  13931.57 0 
 13903.78 1.5537e-14  14125.38 0 
 14097.20 1.5010e-14  14321.88 0 
 14293.32 1.4702e-14  14521.12 0 
 14492.16 1.4702e-14  14723.13 0 
 14693.75 1.4367e-14  14927.94 0 
 14898.16 1.4467e-14  15135.61 0 
 15105.41 1.4433e-14  15346.17 0 
 15315.55 1.4567e-14  15559.65 0 
 15492.90 1.4533e-14  15739.83 0 
 15708.43 1.4235e-14  15958.79 0 
 15890.33 1.3720e-14  16143.59 0 
 16111.39 1.3816e-14  16368.17 0 
 16297.94 1.3784e-14  16557.70 0 
 16486.66 1.3532e-14  16749.43 0 
 16716.02 1.3439e-14  16982.44 0 
 16909.58 1.3194e-14  17179.09 0 
 17105.37 1.2983e-14  17378.00 0 
 17303.45 1.2513e-14  17579.23 0 
 17503.82 1.2257e-14  17782.79 0 
 17706.51 1.1840e-14  17988.71 0 
 17911.54 1.1491e-14  18197.02 0 
 18118.94 1.1025e-14  18407.71 0 
 18286.60 1.0774e-14  18578.05 0 
 18498.35 1.0456e-14  18793.18 0 
 18712.53 1.0032e-14  19010.77 0 
 18885.69 9.8032e-15  19186.69 0 
 19104.38 9.6910e-15  19408.86 0 
 19281.13 9.4269e-15  19588.44 0 
 19504.41 9.0859e-15  19815.27 0 
 19684.89 8.8791e-15  19998.62 0 
 19912.83 8.6570e-15  20230.20 0 
 20097.07 8.5186e-15  20417.38 0 
 20283.03 8.2484e-15  20606.30 0 
 20517.88 8.1540e-15  20844.90 0 
 20707.74 7.9684e-15  21037.78 0 
 20899.36 7.8049e-15  21232.45 0 
 21092.72 7.6801e-15  21428.90 0 
 21287.90 7.5226e-15  21627.19 0 
 21484.88 7.3853e-15  21827.31 0 
 21683.67 7.1510e-15  22029.26 0 
 21884.31 7.0692e-15  22233.11 0 
 22086.79 6.8924e-15  22438.81 0 
 22291.17 6.7355e-15  22646.44 0 
 22497.43 6.5973e-15  22856.00 0 
 22705.59 6.4158e-15  23067.47 0 
 22915.69 5.7607e-15  23280.92 0 
 23074.52 5.6792e-15  23442.28 0 
 23288.04 4.9797e-15  23659.20 0 
 23503.50 4.6445e-15  23878.10 0 
 23720.99 4.6397e-15  24099.05 0 
 23885.43 4.2537e-15  24266.11 0 
 24106.42 4.0733e-15  24490.63 0 
 24273.53 4.0174e-15  24660.40 0 
 24498.12 3.7218e-15  24888.57 0 
 24724.81 3.6418e-15  25118.87 0 
 24896.18 3.2124e-15  25292.97 0 
 25100.55 3.3049e-15  25500.60 2 
 25195.83 3.1962e-15  25597.40 2 
 25291.11 3.2054e-15  25694.20 2 
 25386.29 3.0846e-15  25790.90 2 
 25481.57 3.1285e-15  25887.70 2 
 25576.86 3.0833e-15  25984.50 2 
 25672.04 3.1986e-15  26081.20 2 
 25767.32 3.2325e-15  26178.00 2 
 25862.50 3.3312e-15  26274.70 2 
 25957.78 3.4432e-15  26371.50 2 
 26053.07 3.4922e-15  26468.30 2 
 26148.25 3.4766e-15  26565.00 2 
 26243.53 3.3745e-15  26661.80 2 
 26338.81 3.1774e-15  26758.60 2 
 26433.99 3.1394e-15  26855.30 2 
 26529.28 2.9936e-15  26952.10 2 
 26624.46 2.9881e-15  27048.80 2 
 26719.74 2.9348e-15  27145.60 2 
 26815.02 2.9787e-15  27242.40 2 
 26910.21 2.8788e-15  27339.10 2 
 27005.49 2.9572e-15  27435.90 2 
 27100.77 2.8547e-15  27532.70 2 
 27195.95 2.9246e-15  27629.40 2 
 27291.23 2.8245e-15  27726.20 2 
 27386.42 2.8191e-15  27822.90 2 
 27481.70 2.8431e-15  27919.70 2 
 27576.98 2.8222e-15  28016.50 2 
 27672.16 2.7722e-15  28113.20 2 
 27767.44 2.7363e-15  28210.00 2 
 27862.72 2.6739e-15  28306.80 2 
 27957.91 2.7440e-15  28403.50 2 
 28053.19 2.6736e-15  28500.30 2 
 28148.37 2.7651e-15  28597.00 2 
 28243.65 2.6513e-15  28693.80 2 
 28338.93 2.5974e-15  28790.60 2 
 28434.12 2.5418e-15  28887.30 2 
 28529.40 2.5655e-15  28984.10 2 
 28624.68 2.5348e-15  29080.90 2 
 28719.86 2.5784e-15  29177.60 2 
 28815.14 2.4781e-15  29274.40 2 
 28910.33 2.4390e-15  29371.10 2 
 29005.61 2.3941e-15  29467.90 2 
 29100.89 2.4040e-15  29564.70 2 
 29196.07 2.3673e-15  29661.40 2 
 29291.36 2.3929e-15  29758.20 2 
 29386.64 2.3505e-15  29855.00 2 
 29481.82 2.3145e-15  29951.70 2 
 29577.10 2.2995e-15  30048.50 2 
 29672.28 2.2959e-15  30145.20 2 
 29767.56 2.2719e-15  30242.00 2 
 29862.85 2.2677e-15  30338.80 2 
 29958.03 2.2173e-15  30435.50 2 
 30053.31 2.1908e-15  30532.30 2 
 30148.59 2.1916e-15  30629.10 2 
 30243.78 2.1740e-15  30725.80 2 
 30339.06 2.0961e-15  30822.60 2 
 30434.24 2.1704e-15  30919.30 2 
 30529.52 2.1210e-15  31016.10 2 
 30624.80 2.1154e-15  31112.90 2 
 30719.98 2.0432e-15  31209.60 2 
 30815.27 2.0082e-15  31306.40 2 
 30910.55 2.0367e-15  31403.20 2 
 31005.73 2.0753e-15  31499.90 2 
 31101.01 2.0253e-15  31596.70 2 
 31196.19 2.0663e-15  31693.40 2 
 31291.48 2.0597e-15  31790.20 2 
 31386.76 2.0778e-15  31887.00 2 
 31481.94 2.0352e-15  31983.70 2 
 31577.22 2.0100e-15  32080.50 2 
 31672.50 2.0223e-15  32177.30 2 
 31767.69 2.1108e-15  32274.00 2 
 31862.97 2.1507e-15  32370.80 2 
 31958.15 2.3575e-15  32467.50 2 
 32053.43 2.4044e-15  32564.30 2 
 32148.71 2.6155e-15  32661.10 2 
 32243.90 2.7883e-15  32757.80 2 
 32339.18 3.1618e-15  32854.60 2 
 32434.46 3.5146e-15  32951.40 2 
 32529.64 4.0171e-15  33048.10 2 
 32624.93 4.5255e-15  33144.90 2 
 32720.11 5.0204e-15  33241.60 2 
 32815.39 4.8642e-15  33338.40 2 
 32910.67 4.7843e-15  33435.20 2 
 33005.85 4.3102e-15  33531.90 2 
 33101.13 3.7135e-15  33628.70 2 
 33196.42 3.3081e-15  33725.50 2 
 33291.60 2.8708e-15  33822.20 2 
 33386.88 2.6410e-15  33919.00 2 
 33482.06 2.5942e-15  34015.70 2 
 33577.34 2.5024e-15  34112.50 2 
 33672.63 2.5125e-15  34209.30 2 
 33767.81 2.5181e-15  34306.00 2 
 33863.09 2.5832e-15  34402.80 2 
 33958.37 2.6135e-15  34499.60 2 
 34053.56 2.6160e-15  34596.30 2 
 34148.84 2.5100e-15  34693.10 2 
 34244.02 2.5567e-15  34789.80 2 
 34339.30 2.4264e-15  34886.60 2 
 34434.58 2.4265e-15  34983.40 2 
 34529.76 2.3377e-15  35080.10 2 
 34625.04 2.3396e-15  35176.90 2 
 34720.33 2.2269e-15  35273.70 2 
 34815.51 2.2858e-15  35370.40 2 
 34910.79 2.1022e-15  35467.20 2 
 35005.98 2.1688e-15  35563.90 2 
 35101.26 2.0654e-15  35660.70 2 
 35196.54 2.0864e-15  35757.50 2 
 35291.72 1.9813e-15  35854.20 2 
 35387.00 1.9873e-15  35951.00 2 
 35482.28 1.8849e-15  36047.80 2 
 35577.47 1.9218e-15  36144.50 2 
 35672.75 1.9020e-15  36241.30 2 
 35767.93 1.8293e-15  36338.00 2 
 35863.21 1.8315e-15  36434.80 2 
 35958.50 1.8520e-15  36531.60 2 
 36053.68 1.8286e-15  36628.30 2 
 36148.96 1.8420e-15  36725.10 2 
 36244.24 1.7798e-15  36821.90 2 
 36339.42 1.7866e-15  36918.60 2 
 36434.70 1.7023e-15  37015.40 2 
 36529.89 1.6875e-15  37112.10 2 
 36625.17 1.6863e-15  37208.90 2 
 36720.45 1.7012e-15  37305.70 2 
 36815.63 1.6494e-15  37402.40 2 
 36910.91 1.6422e-15  37499.20 2 
 37006.20 1.6298e-15  37596.00 2 
 37101.38 1.6984e-15  37692.70 2 
 37196.66 1.7219e-15  37789.50 2 
 37291.84 1.7246e-15  37886.20 2 
 37387.12 1.7185e-15  37983.00 2 
 37482.41 1.6941e-15  38079.80 2 
 37577.59 1.6375e-15  38176.50 2 
 37672.87 1.6500e-15  38273.30 2 
 37768.15 1.6551e-15  38370.10 2 
 37863.33 1.6208e-15  38466.80 2 
 37958.61 1.6291e-15  38563.60 2 
 38053.80 1.6295e-15  38660.30 2 
 38149.08 1.5602e-15  38757.10 2 
 38244.36 1.6485e-15  38853.90 2 
 38339.55 1.5335e-15  38950.60 2 
 38434.83 1.5414e-15  39047.40 2 
 38530.11 1.4829e-15  39144.20 2 
 38625.29 1.4994e-15  39240.90 2 
 38720.57 1.4773e-15  39337.70 2 
 38815.75 1.5231e-15  39434.40 2 
 38911.04 1.4700e-15  39531.20 2 
 39006.32 1.4805e-15  39628.00 2 
 39101.50 1.4881e-15  39724.70 2 
 39196.78 1.4689e-15  39821.50 2 
 39292.06 1.4529e-15  39918.30 2 
 39387.25 1.4650e-15  40015.00 2 
 39482.53 1.4186e-15  40111.80 2 
 39577.71 1.4531e-15  40208.50 2 
 39672.99 1.4381e-15  40305.30 2 
 39768.27 1.4690e-15  40402.10 2 
 39863.46 1.5219e-15  40498.80 2 
 39958.74 1.5213e-15  40595.60 2 
 40054.02 1.5742e-15  40692.40 2 
 40149.20 1.7181e-15  40789.10 2 
 40244.49 1.9290e-15  40885.90 2 
 40339.66 2.1622e-15  40982.60 2 
 40434.95 2.2405e-15  41079.40 2 
 40530.23 1.9935e-15  41176.20 2 
 40625.41 1.6972e-15  41272.90 2 
 40720.69 1.5462e-15  41369.70 2 
 40815.97 1.4060e-15  41466.50 2 
 40911.16 1.4015e-15  41563.20 2 
 41006.44 1.3299e-15  41660.00 2 
 41101.63 1.3272e-15  41756.70 2 
 41196.90 1.3482e-15  41853.50 2 
 41292.19 1.3186e-15  41950.30 2 
 41387.37 1.3162e-15  42047.00 2 
 41482.65 1.3365e-15  42143.80 2 
 41577.93 1.2985e-15  42240.60 2 
 41673.11 1.3041e-15  42337.30 2 
 41768.40 1.2589e-15  42434.10 2 
 41863.58 1.2549e-15  42530.80 2 
 41958.86 1.2378e-15  42627.60 2 
 42054.14 1.2582e-15  42724.40 2 
 42149.33 1.2582e-15  42821.10 2 
 42244.60 1.2711e-15  42917.90 2 
 42339.89 1.1664e-15  43014.70 2 
 42435.07 1.1761e-15  43111.40 2 
 42530.35 1.1392e-15  43208.20 2 
 42625.54 1.1763e-15  43304.90 2 
 42720.81 1.2264e-15  43401.70 2 
 42816.10 1.2325e-15  43498.50 2 
 42911.28 1.2812e-15  43595.20 2 
 43006.57 1.2698e-15  43692.00 2 
 43101.84 1.3165e-15  43788.80 2 
 43197.03 1.3126e-15  43885.50 2 
 43292.31 1.2659e-15  43982.30 2 
 43387.49 1.2558e-15  44079.00 2 
 43482.77 1.1876e-15  44175.80 2 
 43578.05 1.2739e-15  44272.60 2 
 43673.24 1.1835e-15  44369.30 2 
 43768.52 1.1847e-15  44466.10 2 
 43863.80 1.1267e-15  44562.90 2 
 43958.98 1.1742e-15  44659.60 2 
 44054.26 1.1176e-15  44756.40 2 
 44149.45 1.0759e-15  44853.10 2 
 44244.73 1.0975e-15  44949.90 2 
 44340.01 1.0850e-15  45046.70 2 
 44435.19 1.0588e-15  45143.40 2 
 44530.48 1.0364e-15  45240.20 2 
 44625.75 1.0306e-15  45337.00 2 
 44720.94 1.0635e-15  45433.70 2 
 44816.22 1.0344e-15  45530.50 2 
 44911.40 1.0283e-15  45627.20 2 
 45006.68 1.0173e-15  45724.00 2 
 45101.97 1.0429e-15  45820.80 2 
 45197.15 1.0061e-15  45917.50 2 
 45292.43 9.6472e-16  46014.30 2 
 45387.71 9.5808e-16  46111.10 2 
 45482.89 9.4954e-16  46207.80 2 
 45578.17 9.3736e-16  46304.60 2 
 45673.36 9.5426e-16  46401.30 2 
 45768.64 9.4088e-16  46498.10 2 
 45863.92 9.6095e-16  46594.90 2 
 45959.10 9.8762e-16  46691.60 2 
 46054.39 1.0095e-15  46788.40 2 
 46149.67 1.0959e-15  46885.20 2 
 46244.85 1.1230e-15  46981.90 2 
 46340.13 1.1757e-15  47078.70 2 
 46435.31 1.1402e-15  47175.40 2 
 46530.59 1.0911e-15  47272.20 2 
 46625.88 1.0988e-15  47369.00 2 
 46721.06 1.0744e-15  47465.70 2 
 46816.34 1.0730e-15  47562.50 2 
 46911.62 1.0185e-15  47659.30 2 
 47006.81 1.0452e-15  47756.00 2 
 47102.09 1.0130e-15  47852.80 2 
 47197.27 1.0814e-15  47949.50 2 
 47292.55 1.0338e-15  48046.30 2 
 47387.83 9.7674e-16  48143.10 2 
 47483.01 9.9955e-16  48239.80 2 
 47578.30 9.9125e-16  48336.60 2 
 47673.58 9.4651e-16  48433.40 2 
 47768.76 9.7314e-16  48530.10 2 
 47864.04 9.9320e-16  48626.90 2 
 47959.23 9.5322e-16  48723.60 2 
 48054.51 9.4003e-16  48820.40 2 
 48149.79 8.9934e-16  48917.20 2 
 48244.97 9.0050e-16  49013.90 2 
 48340.25 9.3009e-16  49110.70 2 
 48435.53 9.0204e-16  49207.50 2 
 48530.72 9.2522e-16  49304.20 2 
 48626.00 8.5266e-16  49401.00 2 
 48722.17 8.3036e-16  49498.70 2 
 49209.39 8.1323e-16  49993.69 0 
 49701.48 7.9591e-16  50493.62 0 
 50198.50 7.7843e-16  50998.56 0 
 50700.48 7.6077e-16  51508.55 0 
 51207.49 7.4294e-16  52023.63 0 
 51354.02 7.3778e-16  52172.50 3 
 51651.67 8.8780e-16  52474.90 3 
 51949.33 1.0172e-15  52777.30 3 
 52246.99 1.1933e-15  53079.70 3 
 52544.65 1.3094e-15  53382.10 3 
 52842.40 1.1907e-15  53684.60 3 
 53140.06 1.2060e-15  53987.00 3 
 53437.71 1.2543e-15  54289.40 3 
 53735.36 1.0918e-15  54591.80 3 
 54033.02 8.9633e-16  54894.20 3 
 54330.78 8.4208e-16  55196.70 3 
 54628.43 8.7028e-16  55499.10 3 
 54926.09 9.5017e-16  55801.50 3 
 55223.75 1.0498e-15  56103.90 3 
 55521.40 1.0271e-15  56406.30 3 
 55819.15 1.1285e-15  56708.80 3 
 56116.81 1.2920e-15  57011.20 3 
 56414.46 1.5298e-15  57313.60 3 
 56712.12 1.6681e-15  57616.00 3 
 57009.78 1.7359e-15  57918.40 3 
 57307.53 1.6950e-15  58220.90 3 
 57605.19 1.6670e-15  58523.30 3 
 57902.84 1.5441e-15  58825.70 3 
 58200.50 1.4538e-15  59128.10 3 
 58498.16 1.5246e-15  59430.50 3 
 58795.91 1.6218e-15  59733.00 3 
 59093.57 1.5885e-15  60035.40 3 
 59391.22 1.6166e-15  60337.80 3 
 59688.88 1.7553e-15  60640.20 3 
 59986.54 2.0411e-15  60942.60 3 
 60284.29 2.3660e-15  61245.10 3 
 60581.94 2.4577e-15  61547.50 3 
 60879.60 2.4941e-15  61849.90 3 
 61177.26 2.9200e-15  62152.30 3 
 61474.91 3.8763e-15  62454.70 3 
 61772.67 5.8947e-15  62757.20 3 
 62070.32 7.4871e-15  63059.60 3 
 62367.98 7.6577e-15  63362.00 3 
 62665.63 6.6190e-15  63664.40 3 
 62963.29 5.2846e-15  63966.80 3 
 63261.05 4.3638e-15  64269.30 3 
 63558.70 3.7668e-15  64571.70 3 
 63856.36 3.3627e-15  64874.10 3 
 64154.01 3.0646e-15  65176.50 3 
 64451.67 2.7995e-15  65478.90 3 
 64749.42 2.5427e-15  65781.40 3 
 65047.08 2.3584e-15  66083.80 3 
 65344.73 2.2491e-15  66386.20 3 
 65642.39 2.2459e-15  66688.60 3 
 65940.05 2.3107e-15  66991.00 3 
 66237.80 2.3796e-15  67293.50 3 
 66535.46 2.4197e-15  67595.90 3 
 66833.12 2.3956e-15  67898.30 3 
 67130.77 2.3581e-15  68200.70 3 
 67428.43 2.3800e-15  68503.10 3 
 67726.18 2.2949e-15  68805.60 3 
 68023.84 2.3250e-15  69108.00 3 
 68321.49 2.3382e-15  69410.40 3 
 68619.15 2.3369e-15  69712.80 3 
 68916.81 2.4145e-15  70015.20 3 
 69214.56 2.5521e-15  70317.70 3 
 69512.22 2.8029e-15  70620.10 3 
 69809.87 3.5834e-15  70922.50 3 
 70107.52 3.8975e-15  71224.90 3 
 70405.18 3.2935e-15  71527.30 3 
 70702.93 3.1984e-15  71829.80 3 
 71000.60 3.2646e-15  72132.20 3 
 71298.25 3.2794e-15  72434.60 3 
 71595.90 3.2750e-15  72737.00 3 
 71893.56 3.3827e-15  73039.40 3 
 72191.31 3.4490e-15  73341.90 3 
 72488.97 3.6267e-15  73644.30 3 
 72786.63 3.7501e-15  73946.70 3 
 73084.28 3.9834e-15  74249.10 3 
 73381.94 3.5804e-15  74551.50 3 
 73679.69 4.6299e-15  74854.00 3 
 73977.35 4.9573e-15  75156.40 3 
 74275.00 5.4284e-15  75458.80 3 
 74572.66 5.2546e-15  75761.20 3 
 75167.97 6.2574e-15  76366.00 3 
 75763.38 7.0759e-15  76970.90 3 
 76358.69 7.4665e-15  77575.70 3 
 76954.01 7.2984e-15  78180.50 3 
 77549.42 7.0375e-15  78785.40 3 
 78144.73 6.8038e-15  79390.20 3 
 78740.14 6.3263e-15  79995.10 3 
 79335.45 5.6323e-15  80599.90 3 
 79930.77 4.9073e-15  81204.70 3 
 80526.17 4.2613e-15  81809.59 3 
 81121.48 3.7416e-15  82414.40 3 
 81716.80 3.4153e-15  83019.20 3 
 82312.20 3.2592e-15  83624.09 3 
 82907.52 3.3318e-15  84228.90 3 
 83502.83 3.4189e-15  84833.70 3 
 84098.24 3.4746e-15  85438.60 3 
 84693.55 3.6239e-15  86043.40 3 
 85288.97 3.8470e-15  86648.30 3 
 85884.28 3.9357e-15  87253.10 3 
 86479.59 3.8520e-15  87857.91 3 
 87075.00 3.3500e-15  88462.80 3 
 87670.31 2.8855e-15  89067.60 3 
 88265.63 2.4296e-15  89672.41 3 
 88861.03 2.1054e-15  90277.30 3 
 89456.35 1.9688e-15  90882.10 3 
 90051.66 1.9498e-15  91486.90 3 
 90647.06 1.7231e-15  92091.80 3 
 91242.38 1.5757e-15  92696.60 3 
 91837.79 1.5065e-15  93301.50 3 
 92433.10 1.4758e-15  93906.30 3 
 93028.41 1.4192e-15  94511.10 3 
 93623.82 1.3980e-15  95115.99 3 
 94219.13 1.3672e-15  95720.80 3 
 94814.45 1.3273e-15  96325.60 3 
 95409.86 1.3097e-15  96930.50 3 
 96005.17 1.3032e-15  97535.30 3 
 96600.48 1.3122e-15  98140.09 3 
 97195.89 1.2728e-15  98745.00 3 
 97791.21 1.2133e-15  99349.80 3 
 98386.62 1.1765e-15  99954.70 3 
 98981.93 1.1669e-15 100559.50 3 
 99577.24 1.1750e-15 101164.30 3 
100172.65 1.1774e-15 101769.20 3 
100767.96 1.1974e-15 102374.00 3 
101363.28 1.2087e-15 102978.80 3 
101958.68 1.2067e-15 103583.70 3 
102553.99 1.2283e-15 104188.50 3 
103149.30 1.2484e-15 104793.30 3 
103744.71 1.2695e-15 105398.20 3 
104340.03 1.3219e-15 106003.00 3 
104935.45 1.4130e-15 106607.91 3 
105530.75 1.4974e-15 107212.70 3 
106126.06 1.4959e-15 107817.50 3 
106721.48 1.4993e-15 108422.41 3 
107316.79 1.5138e-15 109027.20 3 
107912.10 1.5279e-15 109632.00 3 
108507.51 1.5336e-15 110236.90 3 
109102.82 1.6170e-15 110841.70 3 
109698.14 1.7840e-15 111446.51 3 
110293.54 1.9748e-15 112051.40 3 
110888.86 2.1617e-15 112656.20 3 
111484.27 2.8418e-15 113261.10 3 
112079.57 3.9474e-15 113865.90 3 
112674.89 4.2692e-15 114470.70 3 
113270.30 3.8060e-15 115075.60 3 
113865.61 3.2756e-15 115680.40 3 
114460.92 2.8887e-15 116285.20 3 
115056.33 2.6190e-15 116890.09 3 
115651.64 2.4719e-15 117494.90 3 
116246.95 2.3652e-15 118099.70 3 
116842.36 2.2508e-15 118704.59 3 
117437.68 2.2590e-15 119309.40 3 
118033.09 2.2814e-15 119914.30 3 
118628.40 2.3655e-15 120519.10 3 
119223.71 2.4811e-15 121123.90 3 
119819.13 2.5399e-15 121728.80 3 
120414.44 2.5520e-15 122333.60 3 
121009.75 2.5265e-15 122938.41 3 
121605.15 2.4895e-15 123543.30 3 
122200.47 2.5553e-15 124148.10 3 
122795.79 2.6719e-15 124752.91 3 
123391.19 2.7502e-15 125357.80 3 
123986.50 2.8341e-15 125962.60 3 
124581.91 2.9247e-15 126567.50 3 
125177.22 3.0453e-15 127172.30 3 
125772.54 3.2004e-15 127777.10 3 
126367.95 3.3559e-15 128382.00 3 
126963.26 3.5446e-15 128986.80 3 
127558.57 4.1811e-15 129591.60 3 
128153.99 5.6446e-15 130196.51 3 
128749.29 4.9140e-15 130801.30 3 
129344.60 2.8666e-15 131406.09 3 
129940.02 2.5757e-15 132011.00 3 
130535.32 2.5125e-15 132615.80 3 
131130.63 2.4559e-15 133220.59 3 
131726.05 2.4571e-15 133825.50 3 
132321.36 2.4602e-15 134430.30 3 
132916.78 2.4659e-15 135035.20 3 
133512.08 2.4598e-15 135640.00 3 
134107.39 2.4883e-15 136244.80 3 
134702.81 2.5112e-15 136849.70 3 
135298.12 2.5459e-15 137454.50 3 
135893.43 2.5522e-15 138059.30 3 
136488.84 2.5384e-15 138664.20 3 
137084.15 2.5018e-15 139269.00 3 
137679.46 2.5155e-15 139873.80 3 
138274.88 2.5238e-15 140478.70 3 
138870.19 2.5318e-15 141083.50 3 
139465.60 2.5388e-15 141688.41 3 
140060.91 2.5366e-15 142293.20 3 
140656.22 2.5163e-15 142898.00 3 
141251.64 2.4457e-15 143502.91 3 
141846.95 2.3914e-15 144107.70 3 
142442.26 2.3344e-15 144712.50 3 
143487.19 2.3872e-15 145774.09 3 
144320.72 2.3763e-15 146620.91 3 
145154.23 2.3974e-15 147467.70 3 
145987.75 2.4073e-15 148314.50 3 
146821.17 2.4154e-15 149161.20 3 
147654.68 2.4249e-15 150008.00 3 
148488.19 2.3567e-15 150854.80 3 
149321.61 2.3178e-15 151701.50 3 
150155.12 2.3644e-15 152548.30 3 
150988.64 2.3883e-15 153395.09 3 
151822.06 2.3896e-15 154241.80 3 
152655.57 2.3817e-15 155088.59 3 
153489.10 2.3940e-15 155935.41 3 
154322.52 2.6081e-15 156782.11 3 
155156.03 3.0911e-15 157628.91 3 
155989.54 2.7965e-15 158475.70 3 
156822.95 2.4359e-15 159322.39 3 
157656.47 2.4639e-15 160169.20 3 
158489.99 2.5014e-15 161016.00 3 
159323.50 2.5181e-15 161862.80 3 
160156.92 2.5365e-15 162709.50 3 
160990.45 2.6302e-15 163556.31 3 
161823.94 2.7175e-15 164403.09 3 
162657.38 2.8202e-15 165249.81 3 
163490.88 2.9394e-15 166096.59 3 
164324.39 2.9948e-15 166943.39 3 
165157.82 2.9833e-15 167790.11 3 
165991.32 2.9913e-15 168636.89 3 
166824.85 3.0184e-15 169483.70 3 
167658.25 3.0029e-15 170330.39 3 
168491.78 2.9817e-15 171177.20 3 
169325.29 3.0327e-15 172024.00 3 
170158.70 3.2054e-15 172870.69 3 
170992.23 3.1913e-15 173717.50 3 
171825.74 3.1426e-15 174564.30 3 
172659.25 3.1322e-15 175411.09 3 
173492.67 3.1041e-15 176257.80 3 
174326.20 3.0489e-15 177104.61 3 
175159.70 2.9816e-15 177951.39 3 
175993.13 2.9722e-15 178798.11 3 
176826.64 2.9880e-15 179644.91 3 
177660.16 2.9905e-15 180491.70 3 
178493.58 2.9970e-15 181338.41 3 
179327.07 2.9693e-15 182185.19 3 
180160.60 2.9504e-15 183032.00 3 
180994.02 2.9767e-15 183878.70 3 
181827.53 2.9514e-15 184725.50 3 
182661.05 2.9530e-15 185572.30 3 
183494.45 2.9583e-15 186418.98 3 
184327.98 2.9790e-15 187265.80 3 
185161.51 3.0375e-15 188112.61 3 
185995.02 3.3805e-15 188959.41 3 
186828.42 3.8397e-15 189806.09 3 
187661.95 3.4120e-15 190652.91 3 
188495.45 3.1022e-15 191499.69 3 
189328.88 3.0211e-15 192346.41 3 
190162.39 3.0613e-15 193193.20 3 
190995.91 3.1204e-15 194040.00 3 
191829.33 3.0390e-15 194886.70 3 
192662.86 3.0723e-15 195733.52 3 
193496.35 3.1674e-15 196580.30 3 
194329.77 3.1050e-15 197427.00 3 
195163.28 3.1409e-15 198273.80 3 
195996.80 3.1524e-15 199120.59 3 
196830.23 3.1486e-15 199967.31 3 
197663.73 3.1390e-15 200814.09 3 
198497.26 3.1480e-15 201660.91 3 
199330.77 3.1661e-15 202507.70 3 
200164.17 3.1432e-15 203354.39 3 
200997.70 3.1741e-15 204201.20 3 
202664.63 3.0624e-15 205894.70 3 
204331.66 3.2430e-15 207588.30 3 
205998.61 3.3391e-15 209281.81 3 
207665.52 2.9427e-15 210975.30 3 
209332.55 3.0978e-15 212668.89 3 
210999.48 3.3258e-15 214362.39 3 
212666.52 3.1746e-15 216056.00 3 
214333.45 3.1238e-15 217749.50 3 
216000.39 3.2921e-15 219443.00 3 
217667.43 3.3117e-15 221136.61 3 
219334.36 3.2791e-15 222830.11 3 
221001.28 3.2079e-15 224523.59 3 
222668.30 3.3111e-15 226217.19 3 
224335.25 3.3707e-15 227910.70 3 
226002.27 3.2760e-15 229604.30 3 
227669.21 3.2559e-15 231297.80 3 
229336.14 3.3545e-15 232991.30 3 
231003.18 3.3595e-15 234684.91 3 
232670.11 3.3835e-15 236378.41 3 
234337.04 3.4181e-15 238071.91 3 
236004.05 3.4042e-15 239765.48 3 
237671.00 3.2926e-15 241459.00 3 
239338.02 3.2356e-15 243152.59 3 
241004.96 3.2210e-15 244846.09 3 
242671.89 3.2781e-15 246539.59 3 
244338.93 3.3082e-15 248233.20 3 
246005.86 3.2820e-15 249926.70 3 
247672.79 3.2016e-15 251620.20 3 
249339.83 3.1889e-15 253313.81 3 
251006.77 3.1686e-15 255007.31 3 
252673.78 3.2294e-15 256700.89 3 
254340.71 3.2659e-15 258394.39 3 
256007.64 3.2394e-15 260087.89 3 
257674.68 3.2539e-15 261781.50 3 
259341.61 3.2753e-15 263475.00 3 
261008.55 3.2513e-15 265168.50 3 
262675.57 3.2712e-15 266862.09 3 
264342.50 3.2660e-15 268555.59 3 
266009.53 3.2386e-15 270249.19 3 
267676.46 3.2531e-15 271942.69 3 
269343.42 3.3090e-15 273636.22 3 
271010.45 3.2976e-15 275329.81 3 
272677.35 3.2691e-15 277023.28 3 
274344.28 3.2636e-15 278716.78 3 
276011.34 3.2828e-15 280410.41 3 
277678.27 3.3217e-15 282103.91 3 
279345.29 3.2915e-15 283797.50 3 
281012.23 3.3004e-15 285491.00 3 
282679.16 3.2309e-15 287184.50 3 
284346.18 3.2118e-15 288878.09 3 
286013.12 3.2249e-15 290571.59 3 
287680.05 3.2427e-15 292265.09 3 
289347.07 3.2792e-15 293958.69 3 
291014.01 3.2609e-15 295652.19 3 
292681.03 3.2608e-15 297345.78 3 
294347.99 3.2865e-15 299039.31 3 
296014.93 3.2739e-15 300732.81 3 
297681.95 3.2637e-15 302426.41 3 
299348.88 3.2580e-15 304119.91 3 
301015.82 3.2563e-15 305813.41 3 
302682.84 3.2637e-15 307507.00 3 
304349.77 3.2717e-15 309200.50 3 
306016.80 3.2172e-15 310894.09 3 
307683.73 3.2949e-15 312587.59 3 
309350.66 3.2736e-15 314281.09 3 
311017.69 3.2753e-15 315974.69 3 
312684.65 3.3492e-15 317668.22 3 
314351.58 3.3646e-15 319361.72 3 
316018.61 3.3426e-15 321055.31 3 
317685.51 3.4377e-15 322748.78 3 
319352.57 3.4785e-15 324442.41 3 
321019.50 3.5253e-15 326135.91 3 
322686.43 3.5381e-15 327829.41 3 
324353.45 3.5490e-15 329523.00 3 
326020.39 3.6662e-15 331216.50 3 
327687.32 3.7382e-15 332910.00 3 
329354.37 3.7388e-15 334603.62 3 
331021.31 3.6297e-15 336297.12 3 
332688.30 3.8274e-15 337990.69 3 
334355.23 4.1898e-15 339684.19 3 
336022.20 3.9418e-15 341377.72 3 
337689.19 3.8633e-15 343071.28 3 
339356.12 3.8726e-15 344764.78 3 
341023.06 3.8798e-15 346458.28 3 
342690.11 3.8541e-15 348151.91 3 
344357.01 3.8143e-15 349845.38 3 
