# An Atlas of Galaxy Spectral Energy Distributions from the Ultraviolet to the Mid-Infrared
# Brown et al. (2014)
# http://dx.doi.org/10.5072/03/529D3551F0117
# 
# Column 1 : Restframe Wavelength (Angstrom)
# Column 2 : Flux per unit wavelength (ergs/s/cm^2/Angstrom)
# Column 3 : Observed wavelength (Angstrom)
# Column 4 : Source (0 = model, 1 = Optical Spectrum, 2 = Akari, 3 = Spitzer IRS)
# 
   100.10 1.2395e-20    100.46 0 
   101.97 1.6303e-20    102.33 0 
   104.10 1.9555e-20    104.47 0 
   106.04 2.4058e-20    106.41 0 
   108.01 3.0079e-20    108.39 0 
   110.02 4.3377e-20    110.41 0 
   113.88 6.0710e-20    114.29 0 
   117.88 8.0031e-20    118.30 0 
   120.91 2.8006e-19    121.34 0 
   124.87 3.5096e-19    125.31 0 
   126.90 3.8129e-19    127.35 0 
   128.07 4.0388e-19    128.53 0 
   131.06 4.5108e-19    131.52 0 
   131.96 5.2876e-19    132.43 0 
   134.11 5.6397e-19    134.59 0 
   136.92 7.1000e-19    137.40 0 
   140.11 7.8209e-19    140.60 0 
   143.04 1.9331e-18    143.55 0 
   147.05 4.4798e-18    147.57 0 
   151.17 4.9007e-18    151.71 0 
   155.04 5.4232e-18    155.60 0 
   159.02 6.0431e-18    159.59 0 
   161.98 6.4902e-18    162.55 0 
   166.13 7.1988e-18    166.72 0 
   170.00 7.8029e-18    170.61 0 
   173.16 8.3418e-18    173.78 0 
   177.20 9.0211e-18    177.83 0 
   180.08 9.5336e-18    180.72 0 
   182.16 9.8914e-18    182.81 0 
   185.97 1.0623e-17    186.64 0 
   191.19 1.1568e-17    191.87 0 
   193.84 1.2225e-17    194.54 0 
   197.90 1.3009e-17    198.61 0 
   202.05 1.3876e-17    202.77 0 
   204.86 1.4530e-17    205.59 0 
   210.11 1.4971e-17    210.86 0 
   216.00 1.6993e-17    216.77 0 
   220.02 1.8041e-17    220.80 0 
   223.08 1.8589e-17    223.87 0 
   227.22 1.9736e-17    228.03 0 
   229.86 3.0357e-17    230.67 0 
   234.13 4.8446e-17    234.96 0 
   240.13 6.1271e-17    240.99 0 
   245.73 5.9328e-17    246.60 0 
   252.03 6.4753e-17    252.93 0 
   256.72 5.6138e-17    257.63 0 
   260.29 6.5653e-17    261.22 0 
   263.91 7.2821e-17    264.85 0 
   268.82 7.5728e-17    269.77 0 
   273.81 7.8570e-17    274.79 0 
   278.90 7.8570e-17    279.90 0 
   284.09 8.5755e-17    285.10 0 
   290.04 8.8973e-17    291.07 0 
   296.11 9.2525e-17    297.17 0 
   300.92 9.1255e-17    302.00 0 
   307.93 1.0310e-16    309.03 0 
   318.02 1.1837e-16    319.15 0 
   327.68 1.3591e-16    328.85 0 
   337.64 1.4834e-16    338.84 0 
   347.90 1.6190e-16    349.14 0 
   356.82 2.2042e-16    358.10 0 
   365.98 3.3671e-16    367.28 0 
   375.37 3.7693e-16    376.70 0 
   384.99 3.5831e-16    386.37 0 
   394.87 5.5752e-16    396.28 0 
   405.00 7.5380e-16    406.44 0 
   414.43 8.3418e-16    415.91 0 
   422.14 8.4384e-16    423.64 0 
   429.99 8.8360e-16    431.52 0 
   441.02 1.1357e-15    442.59 0 
   451.29 1.2772e-15    452.90 0 
   459.68 1.2453e-15    461.32 0 
   470.39 1.3844e-15    472.06 0 
   480.24 1.6682e-15    481.95 0 
   490.29 1.5677e-15    492.04 0 
   500.56 2.0336e-15    502.34 0 
   506.35 1.8804e-15    508.16 0 
   512.22 2.9940e-15    514.04 0 
   520.54 3.0217e-15    522.40 0 
   530.22 3.0079e-15    532.11 0 
   540.07 2.6808e-15    542.00 0 
   550.12 2.7814e-15    552.08 0 
   560.34 3.7693e-15    562.34 0 
   569.45 4.3980e-15    571.48 0 
   580.03 4.5212e-15    582.10 0 
   589.46 4.8335e-15    591.56 0 
   600.42 4.3377e-15    602.56 0 
   610.17 4.3677e-15    612.35 0 
   620.09 5.7050e-15    622.30 0 
   630.16 5.6138e-15    632.41 0 
   640.40 6.3571e-15    642.69 0 
   649.31 6.3717e-15    651.63 0 
   658.35 6.0710e-15    660.69 0 
   664.44 6.9224e-15    666.81 0 
   675.23 7.4689e-15    677.64 0 
   684.63 6.7028e-15    687.07 0 
   695.75 7.9115e-15    698.23 0 
   705.43 6.7183e-15    707.95 0 
   715.24 8.6349e-15    717.79 0 
   725.19 8.9384e-15    727.78 0 
   735.28 9.1676e-15    737.90 0 
   745.51 9.1255e-15    748.17 0 
   754.14 9.2738e-15    756.83 0 
   764.63 8.5755e-15    767.36 0 
   775.27 9.7109e-15    778.04 0 
   784.25 9.1888e-15    787.05 0 
   795.16 1.0006e-14    797.99 0 
   804.37 1.0405e-14    807.24 0 
   815.56 1.0648e-14    818.46 0 
   825.00 1.0997e-14    827.94 0 
   834.55 9.0627e-15    837.53 0 
   844.22 1.1150e-14    847.23 0 
   855.96 1.1150e-14    859.01 0 
   865.87 1.1675e-14    868.96 0 
   875.90 1.1892e-14    879.02 0 
   884.00 1.2085e-14    887.16 0 
   894.24 1.2282e-14    897.43 0 
   904.59 1.2197e-14    907.82 0 
   915.07 1.2169e-14    918.33 0 
   925.67 3.0148e-14    928.97 0 
   934.23 5.0033e-14    937.56 0 
   945.05 7.2989e-14    948.42 0 
   955.99 8.9590e-14    959.40 0 
   964.84 9.9142e-14    968.28 0 
   976.01 3.3827e-14    979.49 0 
   985.04 8.2843e-14    988.55 0 
   994.16 8.2463e-14    997.70 0 
  1005.67 1.0722e-13   1009.25 0 
  1014.97 1.0697e-13   1018.59 0 
  1024.36 6.4455e-14   1028.02 0 
  1033.84 8.8360e-14   1037.53 0 
  1045.81 1.3312e-13   1049.54 0 
  1055.49 1.2950e-13   1059.25 0 
  1065.26 1.0796e-13   1069.05 0 
  1075.11 1.2141e-13   1078.95 0 
  1085.06 1.0310e-13   1088.93 0 
  1095.10 1.2539e-13   1099.01 0 
  1105.23 1.2058e-13   1109.18 0 
  1115.46 1.1729e-13   1119.44 0 
  1125.78 1.0478e-13   1129.80 0 
  1136.20 1.2597e-13   1140.25 0 
  1144.07 1.1756e-13   1148.15 0 
  1154.66 1.2058e-13   1158.78 0 
  1165.34 1.2113e-13   1169.50 0 
  1176.13 8.4968e-14   1180.32 0 
  1184.28 1.1595e-13   1188.50 0 
  1195.24 9.2525e-14   1199.50 0 
  1206.30 7.5728e-14   1210.60 0 
  1214.66 5.7314e-14   1218.99 0 
  1225.90 8.9384e-14   1230.27 0 
  1234.39 1.1595e-13   1238.80 0 
  1245.82 1.2282e-13   1250.26 0 
  1254.45 1.1865e-13   1258.93 0 
  1266.06 1.0921e-13   1270.57 0 
  1274.84 1.2860e-13   1279.38 0 
  1283.67 1.3221e-13   1288.25 0 
  1295.55 1.1124e-13   1300.17 0 
  1304.53 1.1047e-13   1309.18 0 
  1313.57 1.2950e-13   1318.26 0 
  1325.73 1.2395e-13   1330.45 0 
  1334.92 1.1409e-13   1339.68 0 
  1344.17 1.2713e-13   1348.96 0 
  1353.49 1.2338e-13   1358.31 0 
  1366.01 1.1331e-13   1370.88 0 
  1375.48 1.1541e-13   1380.38 0 
  1385.01 1.1541e-13   1389.95 0 
  1394.61 9.4462e-14   1399.59 0 
  1404.28 9.4462e-14   1409.29 0 
  1414.01 1.0746e-13   1419.06 0 
  1423.82 1.0697e-13   1428.89 0 
  1433.69 1.0846e-13   1438.80 0 
  1443.62 1.1150e-13   1448.77 0 
  1446.95 1.1227e-13   1452.11 0 
  1453.63 1.0896e-13   1458.81 0 
  1463.71 1.0215e-13   1468.93 0 
  1473.85 1.0239e-13   1479.11 0 
  1484.07 1.0334e-13   1489.36 0 
  1494.36 1.0358e-13   1499.69 0 
  1504.71 9.8459e-14   1510.08 0 
  1511.66 9.0003e-14   1517.05 0 
  1518.64 9.4245e-14   1524.05 0 
  1525.65 9.2100e-14   1531.09 0 
  1536.22 8.0400e-14   1541.70 0 
  1543.31 8.0031e-14   1548.82 0 
  1554.01 7.7671e-14   1559.55 0 
  1564.78 8.2463e-14   1570.36 0 
  1575.63 8.7349e-14   1581.25 0 
  1586.55 9.0003e-14   1592.21 0 
  1593.87 9.1045e-14   1599.56 0 
  1604.92 8.8768e-14   1610.65 0 
  1616.05 8.7954e-14   1621.81 0 
  1623.51 8.4773e-14   1629.30 0 
  1634.76 8.8973e-14   1640.59 0 
  1646.09 8.9384e-14   1651.96 0 
  1653.69 8.5164e-14   1659.59 0 
  1665.15 8.9796e-14   1671.09 0 
  1672.84 8.1707e-14   1678.80 0 
  1676.70 9.1466e-14   1682.67 0 
  1684.43 9.2738e-14   1690.44 0 
  1696.11 8.7954e-14   1702.16 0 
  1703.94 8.5164e-14   1710.02 0 
  1715.75 8.0958e-14   1721.87 0 
  1723.67 8.0031e-14   1729.82 0 
  1735.62 8.4189e-14   1741.81 0 
  1743.63 8.2463e-14   1749.85 0 
  1755.72 8.5557e-14   1761.98 0 
  1763.82 8.0400e-14   1770.11 0 
  1776.05 8.0586e-14   1782.38 0 
  1784.24 8.1707e-14   1790.61 0 
  1796.61 8.4773e-14   1803.02 0 
  1804.90 8.4383e-14   1811.34 0 
  1813.23 7.8570e-14   1819.70 0 
  1825.80 7.9663e-14   1832.31 0 
  1834.23 7.7314e-14   1840.77 0 
  1846.94 7.1822e-14   1853.53 0 
  1855.47 7.1988e-14   1862.09 0 
  1864.04 7.3495e-14   1870.68 0 
  1876.96 7.7136e-14   1883.65 0 
  1885.62 7.1492e-14   1892.34 0 
  1894.32 6.8748e-14   1901.08 0 
  1903.07 7.2320e-14   1909.85 0 
  1916.26 6.9544e-14   1923.09 0 
  1925.10 6.7493e-14   1931.97 0 
  1933.99 6.9704e-14   1940.89 0 
  1942.92 7.1988e-14   1949.84 0 
  1956.38 6.7028e-14   1963.36 0 
  1965.41 7.1988e-14   1972.42 0 
  1974.49 7.3664e-14   1981.53 0 
  1983.60 7.0026e-14   1990.67 0 
  1992.76 6.8117e-14   1999.86 0 
  2006.57 6.9704e-14   2013.72 0 
  2015.83 6.7961e-14   2023.02 0 
  2025.14 7.0026e-14   2032.36 0 
  2034.48 6.6261e-14   2041.74 0 
  2043.87 6.7804e-14   2051.16 0 
  2053.31 6.2267e-14   2060.63 0 
  2062.79 6.3717e-14   2070.14 0 
  2072.31 6.9065e-14   2079.70 0 
  2077.08 6.5653e-14   2084.49 0 
  2086.67 6.7493e-14   2094.11 0 
  2096.30 6.4159e-14   2103.78 0 
  2105.98 6.4604e-14   2113.49 0 
  2115.70 6.5052e-14   2123.24 0 
  2125.47 6.5502e-14   2133.04 0 
  2135.28 6.2124e-14   2142.89 0 
  2145.13 6.2410e-14   2152.78 0 
  2155.03 6.4159e-14   2162.72 0 
  2164.98 6.2267e-14   2172.70 0 
  2174.97 6.1838e-14   2182.73 0 
  2185.01 6.0570e-14   2192.81 0 
  2195.10 6.2554e-14   2202.93 0 
  2205.23 6.1130e-14   2213.09 0 
  2215.41 5.8649e-14   2223.31 0 
  2225.64 5.7182e-14   2233.57 0 
  2235.91 5.9328e-14   2243.88 0 
  2246.23 5.7446e-14   2254.24 0 
  2256.60 5.5495e-14   2264.64 0 
  2267.01 5.6268e-14   2275.10 0 
  2277.48 5.6919e-14   2285.60 0 
  2282.73 5.7446e-14   2290.87 0 
  2293.26 5.4361e-14   2301.44 0 
  2303.85 5.4643e-14   2312.07 0 
  2314.48 5.2939e-14   2322.74 0 
  2325.17 4.4773e-14   2333.46 0 
  2335.90 5.0149e-14   2344.23 0 
  2346.68 4.9035e-14   2355.05 0 
  2357.51 5.1139e-14   2365.92 0 
  2362.95 4.8293e-14   2371.37 0 
  2373.85 4.8880e-14   2382.32 0 
  2384.81 4.6172e-14   2393.32 0 
  2395.82 4.8153e-14   2404.36 0 
  2406.88 4.6653e-14   2415.46 0 
  2412.43 4.7098e-14   2421.03 0 
  2423.56 4.8670e-14   2432.20 0 
  2434.75 4.7045e-14   2443.43 0 
  2445.99 4.8615e-14   2454.71 0 
  2457.28 4.7865e-14   2466.04 0 
  2462.94 4.7441e-14   2471.72 0 
  2474.31 4.6175e-14   2483.13 0 
  2485.73 4.6630e-14   2494.60 0 
  2497.20 4.2066e-14   2506.11 0 
  2502.96 4.7212e-14   2511.89 0 
  2514.51 4.3483e-14   2523.48 0 
  2520.31 4.4715e-14   2529.30 0 
  2526.12 4.3509e-14   2535.13 0 
  2537.78 4.3636e-14   2546.83 0 
  2543.63 4.2852e-14   2552.70 0 
  2555.37 4.4488e-14   2564.48 0 
  2567.17 4.3702e-14   2576.32 0 
  2573.08 4.5148e-14   2582.26 0 
  2584.96 4.4659e-14   2594.18 0 
  2596.89 4.4073e-14   2606.15 0 
  2602.88 4.2885e-14   2612.16 0 
  2614.89 4.2323e-14   2624.22 0 
  2626.96 4.3336e-14   2636.33 0 
  2633.02 4.3852e-14   2642.41 0 
  2645.17 4.5842e-14   2654.61 0 
  2657.38 4.6082e-14   2666.86 0 
  2663.51 4.3219e-14   2673.01 0 
  2675.80 4.4253e-14   2685.34 0 
  2681.97 4.4064e-14   2691.54 0 
  2694.35 4.2400e-14   2703.96 0 
  2706.79 4.2918e-14   2716.44 0 
  2713.03 4.1474e-14   2722.70 0 
  2725.55 4.1406e-14   2735.27 0 
  2738.13 4.2397e-14   2747.89 0 
  2744.44 3.8858e-14   2754.23 0 
  2757.11 3.9153e-14   2766.94 0 
  2763.47 3.9894e-14   2773.32 0 
  2776.22 4.0944e-14   2786.12 0 
  2782.62 3.9476e-14   2792.54 0 
  2795.46 3.4326e-14   2805.43 0 
  2801.91 3.5873e-14   2811.90 0 
  2814.84 4.0091e-14   2824.88 0 
  2827.84 4.0958e-14   2837.92 0 
  2834.35 3.9581e-14   2844.46 0 
  2847.44 3.8974e-14   2857.59 0 
  2854.00 3.8012e-14   2864.18 0 
  2867.17 3.9922e-14   2877.40 0 
  2873.78 3.9569e-14   2884.03 0 
  2887.05 3.9414e-14   2897.34 0 
  2893.70 3.8976e-14   2904.02 0 
  2907.06 4.0653e-14   2917.43 0 
  2927.21 3.9495e-14   2937.65 0 
  2947.50 3.8725e-14   2958.01 0 
  2967.93 3.8765e-14   2978.52 0 
  2988.51 3.8539e-14   2999.16 0 
  3009.22 3.8402e-14   3019.95 0 
  3030.08 3.8178e-14   3040.89 0 
  3051.08 3.7868e-14   3061.96 0 
  3072.23 3.7648e-14   3083.19 0 
  3093.53 3.7429e-14   3104.56 0 
  3107.81 3.7112e-14   3118.89 0 
  3129.35 3.6475e-14   3140.51 0 
  3151.04 3.6347e-14   3162.28 0 
  3172.88 3.6053e-14   3184.20 0 
  3187.53 3.4695e-14   3198.90 0 
  3209.62 3.5135e-14   3221.07 0 
  3231.87 3.4059e-14   3243.40 0 
  3246.79 3.4878e-14   3258.37 0 
  3269.29 3.5241e-14   3280.95 0 
  3291.96 3.4877e-14   3303.70 0 
  3307.15 3.4663e-14   3318.94 0 
  3322.42 3.5010e-14   3334.26 0 
  3330.07 3.5266e-14   3341.95 0 
  3337.75 3.4796e-14   3349.66 0 
  3345.45 3.4095e-14   3357.38 0 
  3353.16 3.3563e-14   3365.12 0 
  3360.89 3.3731e-14   3372.87 0 
  3368.64 3.3900e-14   3380.65 0 
  3376.40 3.2090e-14   3388.44 0 
  3384.18 3.2850e-14   3396.25 0 
  3391.99 3.4332e-14   3404.08 0 
  3399.81 3.4984e-14   3411.93 0 
  3407.64 3.2964e-14   3419.79 0 
  3415.50 3.3513e-14   3427.68 0 
  3423.37 3.4784e-14   3435.58 0 
  3431.26 3.4718e-14   3443.50 0 
  3439.17 3.4413e-14   3451.44 0 
  3447.10 3.2277e-14   3459.39 0 
  3455.05 3.2663e-14   3467.37 0 
  3463.01 3.1494e-14   3475.36 0 
  3471.00 3.2840e-14   3483.37 0 
  3479.00 3.1302e-14   3491.40 0 
  3487.02 3.2118e-14   3499.45 0 
  3495.06 3.2354e-14   3507.52 0 
  3503.11 3.2591e-14   3515.60 0 
  3511.19 3.2083e-14   3523.71 0 
  3519.28 3.2244e-14   3531.83 0 
  3527.39 3.1450e-14   3539.97 0 
  3535.53 3.2568e-14   3548.13 0 
  3543.68 3.3340e-14   3556.31 0 
  3551.85 3.3354e-14   3564.51 0 
  3560.03 3.2758e-14   3572.73 0 
  3568.24 3.1586e-14   3580.96 0 
  3576.47 3.0386e-14   3589.22 0 
  3584.71 2.9638e-14   3597.49 0 
  3592.97 2.9582e-14   3605.79 0 
  3601.26 3.2077e-14   3614.10 0 
  3609.56 3.1073e-14   3622.43 0 
  3617.88 3.1229e-14   3630.78 0 
  3626.22 3.2639e-14   3639.15 0 
  3634.58 3.1471e-14   3647.54 0 
  3636.10 2.8809e-14   3649.07 1 
  3638.84 3.1877e-14   3651.82 1 
  3641.58 3.5551e-14   3654.57 1 
  3644.32 3.8123e-14   3657.32 1 
  3647.06 3.1787e-14   3660.07 1 
  3649.80 2.6528e-14   3662.82 1 
  3652.55 2.8963e-14   3665.57 1 
  3655.29 2.6464e-14   3668.32 1 
  3658.03 3.1229e-14   3671.07 1 
  3660.77 3.3262e-14   3673.82 1 
  3663.51 3.8403e-14   3676.57 1 
  3666.25 3.6115e-14   3679.32 1 
  3668.99 3.6776e-14   3682.07 1 
  3671.73 3.6842e-14   3684.82 1 
  3674.47 3.4008e-14   3687.57 1 
  3677.21 3.2105e-14   3690.32 1 
  3679.95 3.3646e-14   3693.07 1 
  3682.69 3.2726e-14   3695.82 1 
  3685.43 3.3180e-14   3698.57 1 
  3688.17 3.1763e-14   3701.32 1 
  3690.91 2.9520e-14   3704.07 1 
  3693.65 3.0014e-14   3706.82 1 
  3696.39 2.7287e-14   3709.57 1 
  3699.13 3.0821e-14   3712.32 1 
  3701.87 3.1801e-14   3715.07 1 
  3704.61 3.0798e-14   3717.82 1 
  3707.35 3.2454e-14   3720.57 1 
  3710.09 3.0296e-14   3723.32 1 
  3712.83 2.7576e-14   3726.07 1 
  3715.57 3.3050e-14   3728.82 1 
  3718.31 3.3524e-14   3731.57 1 
  3721.05 4.2636e-14   3734.32 1 
  3723.79 7.5678e-14   3737.07 1 
  3726.53 1.3610e-13   3739.82 1 
  3729.27 1.9158e-13   3742.57 1 
  3732.01 1.9836e-13   3745.32 1 
  3734.75 1.4021e-13   3748.07 1 
  3737.49 7.5341e-14   3750.82 1 
  3740.23 4.3039e-14   3753.57 1 
  3742.97 4.0935e-14   3756.32 1 
  3745.71 3.6820e-14   3759.07 1 
  3748.45 3.3309e-14   3761.82 1 
  3751.19 3.1209e-14   3764.57 1 
  3753.93 2.7721e-14   3767.32 1 
  3756.67 3.3273e-14   3770.07 1 
  3759.41 3.5715e-14   3772.82 1 
  3762.15 3.2886e-14   3775.57 1 
  3764.89 3.3224e-14   3778.32 1 
  3767.63 3.3818e-14   3781.07 1 
  3770.37 3.4747e-14   3783.82 1 
  3773.12 3.1407e-14   3786.57 1 
  3775.86 3.4970e-14   3789.32 1 
  3778.60 3.7178e-14   3792.07 1 
  3781.34 3.8421e-14   3794.82 1 
  3784.08 3.9296e-14   3797.57 1 
  3786.82 4.0689e-14   3800.32 1 
  3789.56 3.9313e-14   3803.07 1 
  3792.30 3.8222e-14   3805.82 1 
  3795.04 3.4283e-14   3808.57 1 
  3797.78 3.3197e-14   3811.32 1 
  3800.52 3.3375e-14   3814.07 1 
  3803.26 3.6455e-14   3816.82 1 
  3806.00 3.7185e-14   3819.57 1 
  3808.74 3.8171e-14   3822.32 1 
  3811.48 3.7253e-14   3825.07 1 
  3814.22 3.7236e-14   3827.82 1 
  3816.96 3.6063e-14   3830.57 1 
  3819.70 3.6683e-14   3833.32 1 
  3822.44 3.8455e-14   3836.07 1 
  3825.18 3.5814e-14   3838.82 1 
  3827.92 3.3847e-14   3841.57 1 
  3830.66 3.5622e-14   3844.32 1 
  3833.40 3.2340e-14   3847.07 1 
  3836.14 3.3039e-14   3849.82 1 
  3838.88 2.9214e-14   3852.57 1 
  3841.62 3.5077e-14   3855.32 1 
  3844.36 3.8103e-14   3858.07 1 
  3847.10 3.8025e-14   3860.82 1 
  3849.84 3.7940e-14   3863.57 1 
  3852.58 4.1149e-14   3866.32 1 
  3855.32 3.9083e-14   3869.07 1 
  3858.06 3.9617e-14   3871.82 1 
  3860.80 4.0774e-14   3874.57 1 
  3863.54 4.2426e-14   3877.32 1 
  3866.28 4.4671e-14   3880.07 1 
  3869.02 5.2541e-14   3882.82 1 
  3871.76 5.5097e-14   3885.57 1 
  3874.50 5.2114e-14   3888.32 1 
  3877.24 4.2769e-14   3891.07 1 
  3879.98 3.8051e-14   3893.82 1 
  3882.72 4.0419e-14   3896.57 1 
  3885.46 3.9411e-14   3899.32 1 
  3888.20 3.9545e-14   3902.07 1 
  3890.94 4.5786e-14   3904.82 1 
  3893.69 4.1078e-14   3907.57 1 
  3896.43 4.0455e-14   3910.32 1 
  3899.17 3.9400e-14   3913.07 1 
  3901.91 3.8030e-14   3915.82 1 
  3904.65 3.8740e-14   3918.57 1 
  3907.39 4.1745e-14   3921.32 1 
  3910.13 4.2580e-14   3924.07 1 
  3912.87 4.1173e-14   3926.82 1 
  3915.61 3.8717e-14   3929.57 1 
  3918.35 3.9261e-14   3932.32 1 
  3921.09 3.9228e-14   3935.07 1 
  3923.83 3.9476e-14   3937.82 1 
  3926.57 3.9877e-14   3940.57 1 
  3929.31 3.7314e-14   3943.32 1 
  3932.05 3.6153e-14   3946.07 1 
  3934.79 3.0095e-14   3948.82 1 
  3937.53 3.2080e-14   3951.57 1 
  3940.27 3.4547e-14   3954.32 1 
  3943.01 3.8388e-14   3957.07 1 
  3945.75 3.7888e-14   3959.82 1 
  3948.49 4.0785e-14   3962.57 1 
  3951.23 3.6487e-14   3965.32 1 
  3953.97 3.7106e-14   3968.07 1 
  3956.71 3.7013e-14   3970.82 1 
  3959.45 3.6817e-14   3973.57 1 
  3962.19 3.5961e-14   3976.32 1 
  3964.93 3.5652e-14   3979.07 1 
  3967.67 3.6625e-14   3981.82 1 
  3970.41 3.8351e-14   3984.57 1 
  3973.15 3.6914e-14   3987.32 1 
  3975.89 3.8305e-14   3990.07 1 
  3978.63 3.2479e-14   3992.82 1 
  3981.37 3.3399e-14   3995.57 1 
  3984.11 3.6199e-14   3998.32 1 
  3986.85 3.6346e-14   4001.07 1 
  3989.59 4.0433e-14   4003.82 1 
  3992.33 3.8441e-14   4006.57 1 
  3995.07 4.0334e-14   4009.32 1 
  3997.81 4.0599e-14   4012.07 1 
  4000.55 4.0281e-14   4014.82 1 
  4003.29 4.2823e-14   4017.57 1 
  4006.03 4.4415e-14   4020.32 1 
  4008.77 4.5679e-14   4023.07 1 
  4011.52 4.5645e-14   4025.82 1 
  4014.26 4.1936e-14   4028.57 1 
  4017.00 4.2569e-14   4031.32 1 
  4019.74 4.1702e-14   4034.07 1 
  4022.48 3.9368e-14   4036.82 1 
  4025.22 4.3635e-14   4039.57 1 
  4027.96 4.3314e-14   4042.32 1 
  4030.70 4.1667e-14   4045.07 1 
  4033.44 4.2438e-14   4047.82 1 
  4036.18 4.1490e-14   4050.57 1 
  4038.92 4.2705e-14   4053.32 1 
  4041.66 4.0947e-14   4056.07 1 
  4044.40 4.2581e-14   4058.82 1 
  4047.14 4.1499e-14   4061.57 1 
  4049.88 4.0570e-14   4064.32 1 
  4052.62 4.1659e-14   4067.07 1 
  4055.36 3.9995e-14   4069.82 1 
  4058.10 4.0132e-14   4072.57 1 
  4060.84 4.0932e-14   4075.32 1 
  4063.58 4.0378e-14   4078.07 1 
  4066.32 4.1946e-14   4080.82 1 
  4069.06 4.2910e-14   4083.57 1 
  4071.80 4.1094e-14   4086.32 1 
  4074.54 4.0324e-14   4089.07 1 
  4077.28 4.1626e-14   4091.82 1 
  4080.02 4.1847e-14   4094.57 1 
  4082.76 4.2925e-14   4097.32 1 
  4085.50 4.0013e-14   4100.07 1 
  4088.24 3.9817e-14   4102.82 1 
  4090.98 3.8620e-14   4105.57 1 
  4093.72 3.9418e-14   4108.32 1 
  4096.46 3.7355e-14   4111.07 1 
  4099.20 3.9671e-14   4113.82 1 
  4101.94 4.6201e-14   4116.57 1 
  4104.68 4.6826e-14   4119.32 1 
  4107.42 4.3558e-14   4122.07 1 
  4110.16 3.8769e-14   4124.82 1 
  4112.90 3.7708e-14   4127.57 1 
  4115.64 3.6795e-14   4130.32 1 
  4118.38 3.7071e-14   4133.07 1 
  4121.12 3.7849e-14   4135.82 1 
  4123.86 3.8884e-14   4138.57 1 
  4126.60 3.8243e-14   4141.32 1 
  4129.34 3.8276e-14   4144.07 1 
  4132.08 3.8278e-14   4146.82 1 
  4134.83 3.9177e-14   4149.57 1 
  4137.57 3.8675e-14   4152.32 1 
  4140.31 3.8268e-14   4155.07 1 
  4143.05 3.7801e-14   4157.82 1 
  4145.79 3.8668e-14   4160.57 1 
  4148.53 3.9307e-14   4163.32 1 
  4151.27 3.9843e-14   4166.07 1 
  4154.01 3.8974e-14   4168.82 1 
  4156.75 3.8593e-14   4171.57 1 
  4159.49 3.8371e-14   4174.32 1 
  4162.23 4.1132e-14   4177.07 1 
  4164.97 4.2899e-14   4179.82 1 
  4167.71 3.9714e-14   4182.57 1 
  4170.45 3.8669e-14   4185.32 1 
  4173.19 3.8576e-14   4188.07 1 
  4175.93 3.7363e-14   4190.82 1 
  4178.67 3.8393e-14   4193.57 1 
  4181.41 3.8742e-14   4196.32 1 
  4184.15 3.8264e-14   4199.07 1 
  4186.89 3.9626e-14   4201.82 1 
  4189.63 3.9782e-14   4204.57 1 
  4192.37 3.7578e-14   4207.32 1 
  4195.11 3.6862e-14   4210.07 1 
  4197.85 3.8082e-14   4212.82 1 
  4200.59 3.7884e-14   4215.57 1 
  4203.33 3.7960e-14   4218.32 1 
  4206.07 3.8684e-14   4221.07 1 
  4208.81 3.9462e-14   4223.82 1 
  4211.55 3.7780e-14   4226.57 1 
  4214.29 3.7314e-14   4229.32 1 
  4217.03 3.8636e-14   4232.07 1 
  4219.77 3.8591e-14   4234.82 1 
  4222.51 3.7995e-14   4237.57 1 
  4225.25 3.7567e-14   4240.32 1 
  4227.99 3.7805e-14   4243.07 1 
  4230.73 3.6465e-14   4245.82 1 
  4233.47 3.5616e-14   4248.57 1 
  4236.21 3.6775e-14   4251.32 1 
  4238.95 3.7535e-14   4254.07 1 
  4241.69 3.7473e-14   4256.82 1 
  4244.43 3.7132e-14   4259.57 1 
  4247.17 3.7320e-14   4262.32 1 
  4249.91 3.6663e-14   4265.07 1 
  4252.65 3.5991e-14   4267.82 1 
  4255.40 3.6342e-14   4270.57 1 
  4258.14 3.7140e-14   4273.32 1 
  4260.88 3.6522e-14   4276.07 1 
  4263.62 3.6726e-14   4278.82 1 
  4266.36 3.6897e-14   4281.57 1 
  4269.10 3.8634e-14   4284.32 1 
  4271.84 3.6507e-14   4287.07 1 
  4274.58 3.4829e-14   4289.82 1 
  4277.32 3.4971e-14   4292.57 1 
  4280.06 3.6782e-14   4295.32 1 
  4282.80 3.6130e-14   4298.07 1 
  4285.54 3.5326e-14   4300.82 1 
  4288.28 3.7079e-14   4303.57 1 
  4291.02 3.5283e-14   4306.32 1 
  4293.76 3.5198e-14   4309.07 1 
  4296.50 3.5659e-14   4311.82 1 
  4299.24 3.4669e-14   4314.57 1 
  4301.98 3.4022e-14   4317.32 1 
  4304.72 3.4314e-14   4320.07 1 
  4307.46 3.4636e-14   4322.82 1 
  4310.20 3.3724e-14   4325.57 1 
  4312.94 3.3145e-14   4328.32 1 
  4315.68 3.3997e-14   4331.07 1 
  4318.42 3.5301e-14   4333.82 1 
  4321.16 3.4939e-14   4336.57 1 
  4323.90 3.6825e-14   4339.32 1 
  4326.64 3.4849e-14   4342.07 1 
  4329.38 3.5252e-14   4344.82 1 
  4332.12 3.5938e-14   4347.57 1 
  4334.86 3.8314e-14   4350.32 1 
  4337.60 4.1991e-14   4353.07 1 
  4340.34 5.5185e-14   4355.82 1 
  4343.08 6.0843e-14   4358.57 1 
  4345.82 5.3571e-14   4361.32 1 
  4348.56 3.9716e-14   4364.07 1 
  4351.30 3.4670e-14   4366.82 1 
  4354.04 3.4155e-14   4369.57 1 
  4356.78 3.4268e-14   4372.32 1 
  4359.52 3.3357e-14   4375.07 1 
  4362.26 3.7002e-14   4377.82 1 
  4365.00 3.5711e-14   4380.57 1 
  4367.74 3.6772e-14   4383.32 1 
  4370.48 3.7274e-14   4386.07 1 
  4373.22 3.7587e-14   4388.82 1 
  4375.97 3.7956e-14   4391.57 1 
  4378.71 3.6090e-14   4394.32 1 
  4381.45 3.4437e-14   4397.07 1 
  4384.19 3.5181e-14   4399.82 1 
  4386.93 3.5292e-14   4402.57 1 
  4389.67 3.4625e-14   4405.32 1 
  4392.41 3.4852e-14   4408.07 1 
  4395.15 3.6248e-14   4410.82 1 
  4397.89 3.5211e-14   4413.57 1 
  4400.63 3.6480e-14   4416.32 1 
  4403.37 3.5690e-14   4419.07 1 
  4406.11 3.5082e-14   4421.82 1 
  4408.85 3.5207e-14   4424.57 1 
  4411.59 3.7970e-14   4427.32 1 
  4414.33 3.4198e-14   4430.07 1 
  4417.07 3.5353e-14   4432.82 1 
  4419.81 3.6725e-14   4435.57 1 
  4422.55 3.5046e-14   4438.32 1 
  4425.29 3.5029e-14   4441.07 1 
  4428.03 3.6816e-14   4443.82 1 
  4430.77 3.5900e-14   4446.57 1 
  4433.51 3.4624e-14   4449.32 1 
  4436.25 3.7188e-14   4452.07 1 
  4438.99 3.4105e-14   4454.82 1 
  4441.73 3.6237e-14   4457.57 1 
  4444.47 3.5960e-14   4460.32 1 
  4447.21 3.7273e-14   4463.07 1 
  4449.95 3.5290e-14   4465.82 1 
  4452.69 3.8226e-14   4468.57 1 
  4455.43 3.7748e-14   4471.32 1 
  4458.17 3.4859e-14   4474.07 1 
  4460.91 3.6630e-14   4476.82 1 
  4463.65 3.7989e-14   4479.57 1 
  4466.39 3.6490e-14   4482.32 1 
  4469.13 3.4959e-14   4485.07 1 
  4471.87 3.6869e-14   4487.82 1 
  4474.61 3.7622e-14   4490.57 1 
  4477.35 3.8887e-14   4493.32 1 
  4480.09 3.7889e-14   4496.07 1 
  4482.83 3.5158e-14   4498.82 1 
  4485.57 3.5416e-14   4501.57 1 
  4488.31 3.7302e-14   4504.32 1 
  4491.05 3.4738e-14   4507.07 1 
  4493.79 3.4321e-14   4509.82 1 
  4496.54 3.6735e-14   4512.57 1 
  4499.28 3.5915e-14   4515.32 1 
  4502.02 3.5010e-14   4518.07 1 
  4504.76 3.7018e-14   4520.82 1 
  4507.50 3.6092e-14   4523.57 1 
  4510.24 3.5442e-14   4526.32 1 
  4512.98 3.6136e-14   4529.07 1 
  4515.72 3.6822e-14   4531.82 1 
  4518.46 3.7262e-14   4534.57 1 
  4521.20 3.5361e-14   4537.32 1 
  4523.94 3.5843e-14   4540.07 1 
  4526.68 3.6907e-14   4542.82 1 
  4529.42 3.3281e-14   4545.57 1 
  4532.16 3.4465e-14   4548.32 1 
  4534.90 3.4562e-14   4551.07 1 
  4537.64 3.7104e-14   4553.82 1 
  4540.38 3.6650e-14   4556.57 1 
  4543.12 3.2925e-14   4559.32 1 
  4545.86 3.5079e-14   4562.07 1 
  4548.60 3.3309e-14   4564.82 1 
  4551.34 3.4297e-14   4567.57 1 
  4554.08 3.5288e-14   4570.32 1 
  4556.82 3.4910e-14   4573.07 1 
  4559.56 3.5761e-14   4575.82 1 
  4562.30 3.6981e-14   4578.57 1 
  4565.04 3.5839e-14   4581.32 1 
  4567.78 3.3928e-14   4584.07 1 
  4570.52 3.5844e-14   4586.82 1 
  4573.26 3.6633e-14   4589.57 1 
  4576.00 3.5652e-14   4592.32 1 
  4578.74 3.6340e-14   4595.07 1 
  4581.48 3.4700e-14   4597.82 1 
  4584.22 3.4825e-14   4600.57 1 
  4586.96 3.4912e-14   4603.32 1 
  4589.70 3.5395e-14   4606.07 1 
  4592.44 3.5437e-14   4608.82 1 
  4595.18 3.6563e-14   4611.57 1 
  4597.92 3.5559e-14   4614.32 1 
  4600.66 3.5348e-14   4617.07 1 
  4603.40 3.6287e-14   4619.82 1 
  4606.14 3.6232e-14   4622.57 1 
  4608.88 3.4943e-14   4625.32 1 
  4611.62 3.6081e-14   4628.07 1 
  4614.36 3.6060e-14   4630.82 1 
  4617.11 3.6622e-14   4633.57 1 
  4619.85 3.5390e-14   4636.32 1 
  4622.59 3.8146e-14   4639.07 1 
  4625.33 3.7262e-14   4641.82 1 
  4628.07 3.6375e-14   4644.57 1 
  4630.81 3.6144e-14   4647.32 1 
  4633.55 3.6079e-14   4650.07 1 
  4636.29 3.6096e-14   4652.82 1 
  4639.03 3.4404e-14   4655.57 1 
  4641.77 3.5977e-14   4658.32 1 
  4644.51 3.6756e-14   4661.07 1 
  4647.25 3.6782e-14   4663.82 1 
  4649.99 3.4660e-14   4666.57 1 
  4652.73 3.5001e-14   4669.32 1 
  4655.47 3.5623e-14   4672.07 1 
  4658.21 3.6523e-14   4674.82 1 
  4660.95 3.6987e-14   4677.57 1 
  4663.69 3.6391e-14   4680.32 1 
  4666.43 3.5731e-14   4683.07 1 
  4669.17 3.6473e-14   4685.82 1 
  4671.91 3.5596e-14   4688.57 1 
  4674.65 3.6336e-14   4691.32 1 
  4677.39 3.4364e-14   4694.07 1 
  4680.13 3.6984e-14   4696.82 1 
  4682.87 3.6134e-14   4699.57 1 
  4685.61 3.5400e-14   4702.32 1 
  4688.35 3.5442e-14   4705.07 1 
  4691.09 3.5686e-14   4707.82 1 
  4693.83 3.5894e-14   4710.57 1 
  4696.57 3.6184e-14   4713.32 1 
  4699.31 3.5997e-14   4716.07 1 
  4702.05 3.4827e-14   4718.82 1 
  4704.79 3.6002e-14   4721.57 1 
  4707.53 3.4727e-14   4724.32 1 
  4710.27 3.4053e-14   4727.07 1 
  4713.01 3.5421e-14   4729.82 1 
  4715.75 3.6288e-14   4732.57 1 
  4718.49 3.5681e-14   4735.32 1 
  4721.23 3.6306e-14   4738.07 1 
  4723.97 3.6527e-14   4740.82 1 
  4726.71 3.6300e-14   4743.57 1 
  4729.45 3.5170e-14   4746.32 1 
  4732.19 3.5016e-14   4749.07 1 
  4734.94 3.3798e-14   4751.82 1 
  4737.68 3.4730e-14   4754.57 1 
  4740.42 3.4086e-14   4757.32 1 
  4743.16 3.5950e-14   4760.07 1 
  4745.90 3.5622e-14   4762.82 1 
  4748.64 3.6777e-14   4765.57 1 
  4751.38 3.4688e-14   4768.32 1 
  4754.12 3.5258e-14   4771.07 1 
  4756.86 3.3427e-14   4773.82 1 
  4759.60 3.6005e-14   4776.57 1 
  4762.34 3.4740e-14   4779.32 1 
  4765.08 3.5013e-14   4782.07 1 
  4767.82 3.5275e-14   4784.82 1 
  4770.56 3.4410e-14   4787.57 1 
  4773.30 3.4471e-14   4790.32 1 
  4776.04 3.4642e-14   4793.07 1 
  4778.78 3.5047e-14   4795.82 1 
  4781.52 3.5869e-14   4798.57 1 
  4784.26 3.5265e-14   4801.32 1 
  4787.00 3.4493e-14   4804.07 1 
  4789.74 3.4971e-14   4806.82 1 
  4792.48 3.4591e-14   4809.57 1 
  4795.22 3.4931e-14   4812.32 1 
  4797.96 3.5498e-14   4815.07 1 
  4800.70 3.6783e-14   4817.82 1 
  4803.44 3.6521e-14   4820.57 1 
  4806.18 3.4751e-14   4823.32 1 
  4808.92 3.4989e-14   4826.07 1 
  4811.66 3.4147e-14   4828.82 1 
  4814.40 3.5572e-14   4831.57 1 
  4817.14 3.5639e-14   4834.32 1 
  4819.88 3.5739e-14   4837.07 1 
  4822.62 3.4112e-14   4839.82 1 
  4825.36 3.4726e-14   4842.57 1 
  4828.10 3.4037e-14   4845.32 1 
  4830.84 3.4453e-14   4848.07 1 
  4833.58 3.5440e-14   4850.82 1 
  4836.32 3.4132e-14   4853.57 1 
  4839.06 3.3598e-14   4856.32 1 
  4841.80 3.3859e-14   4859.07 1 
  4844.54 3.4067e-14   4861.82 1 
  4847.28 3.3068e-14   4864.57 1 
  4850.02 3.2798e-14   4867.32 1 
  4852.76 3.3359e-14   4870.07 1 
  4855.51 3.6434e-14   4872.82 1 
  4858.25 5.1680e-14   4875.57 1 
  4860.99 8.0046e-14   4878.32 1 
  4863.73 1.0168e-13   4881.07 1 
  4866.47 9.1533e-14   4883.82 1 
  4869.21 6.2723e-14   4886.57 1 
  4871.95 3.8012e-14   4889.32 1 
  4874.69 3.3259e-14   4892.07 1 
  4877.43 3.2129e-14   4894.82 1 
  4880.17 3.2037e-14   4897.57 1 
  4882.91 3.2522e-14   4900.32 1 
  4885.65 3.2682e-14   4903.07 1 
  4888.39 3.2118e-14   4905.82 1 
  4891.13 3.2176e-14   4908.57 1 
  4893.87 3.2310e-14   4911.32 1 
  4896.61 3.2643e-14   4914.07 1 
  4899.35 3.3192e-14   4916.82 1 
  4902.09 3.4175e-14   4919.57 1 
  4904.83 3.4622e-14   4922.32 1 
  4907.57 3.3593e-14   4925.07 1 
  4910.31 3.3236e-14   4927.82 1 
  4913.05 3.3436e-14   4930.57 1 
  4915.79 3.3405e-14   4933.32 1 
  4918.53 3.4442e-14   4936.07 1 
  4921.27 3.2335e-14   4938.82 1 
  4924.01 3.2055e-14   4941.57 1 
  4926.75 3.1151e-14   4944.32 1 
  4929.49 3.3128e-14   4947.07 1 
  4932.23 3.2411e-14   4949.82 1 
  4934.97 3.3617e-14   4952.57 1 
  4937.71 3.2983e-14   4955.32 1 
  4940.45 3.1765e-14   4958.07 1 
  4943.19 3.2717e-14   4960.82 1 
  4945.93 3.3434e-14   4963.57 1 
  4948.67 3.3537e-14   4966.32 1 
  4951.41 3.4941e-14   4969.07 1 
  4954.15 3.9065e-14   4971.82 1 
  4956.89 5.7261e-14   4974.57 1 
  4959.63 8.3101e-14   4977.32 1 
  4962.37 9.2530e-14   4980.07 1 
  4965.11 7.5301e-14   4982.82 1 
  4967.85 5.4215e-14   4985.57 1 
  4970.59 4.1663e-14   4988.32 1 
  4973.33 3.3325e-14   4991.07 1 
  4976.08 3.4249e-14   4993.82 1 
  4978.82 3.4329e-14   4996.57 1 
  4981.56 3.3295e-14   4999.32 1 
  4984.30 3.3598e-14   5002.07 1 
  4987.04 3.3039e-14   5004.82 1 
  4989.78 3.4226e-14   5007.57 1 
  4992.52 3.3538e-14   5010.32 1 
  4995.26 3.3435e-14   5013.07 1 
  4998.00 3.6046e-14   5015.82 1 
  5000.74 4.2266e-14   5018.57 1 
  5003.48 7.4691e-14   5021.32 1 
  5006.22 1.4179e-13   5024.07 1 
  5008.96 2.0317e-13   5026.82 1 
  5011.70 1.9294e-13   5029.57 1 
  5014.44 1.2191e-13   5032.32 1 
  5017.18 6.0539e-14   5035.07 1 
  5019.92 3.9214e-14   5037.82 1 
  5022.66 3.4879e-14   5040.57 1 
  5025.40 3.2717e-14   5043.32 1 
  5028.14 3.3516e-14   5046.07 1 
  5030.88 3.2627e-14   5048.82 1 
  5033.62 3.2251e-14   5051.57 1 
  5036.36 3.1384e-14   5054.32 1 
  5039.10 3.0861e-14   5057.07 1 
  5041.84 3.0946e-14   5059.82 1 
  5044.58 3.1287e-14   5062.57 1 
  5047.32 3.0932e-14   5065.32 1 
  5050.06 3.0786e-14   5068.07 1 
  5052.80 3.2282e-14   5070.82 1 
  5055.54 3.2137e-14   5073.57 1 
  5058.28 3.2604e-14   5076.32 1 
  5061.02 3.2236e-14   5079.07 1 
  5063.76 3.2214e-14   5081.82 1 
  5066.50 3.1921e-14   5084.57 1 
  5069.24 3.1575e-14   5087.32 1 
  5071.98 3.2196e-14   5090.07 1 
  5074.72 3.2297e-14   5092.82 1 
  5077.46 3.2599e-14   5095.57 1 
  5080.20 3.1482e-14   5098.32 1 
  5082.94 3.2614e-14   5101.07 1 
  5085.68 3.2079e-14   5103.82 1 
  5088.42 3.1589e-14   5106.57 1 
  5091.16 3.2310e-14   5109.32 1 
  5093.90 3.1821e-14   5112.07 1 
  5096.65 3.1660e-14   5114.82 1 
  5099.39 3.2135e-14   5117.57 1 
  5102.13 3.1414e-14   5120.32 1 
  5104.87 3.1097e-14   5123.07 1 
  5107.61 3.1067e-14   5125.82 1 
  5110.35 3.1485e-14   5128.57 1 
  5113.09 3.1503e-14   5131.32 1 
  5115.83 3.2300e-14   5134.07 1 
  5118.57 3.3163e-14   5136.82 1 
  5121.31 3.3352e-14   5139.57 1 
  5124.05 3.2325e-14   5142.32 1 
  5126.79 3.1274e-14   5145.07 1 
  5129.53 3.0681e-14   5147.82 1 
  5132.27 3.0570e-14   5150.57 1 
  5135.01 3.0186e-14   5153.32 1 
  5137.75 3.0452e-14   5156.07 1 
  5140.49 3.0204e-14   5158.82 1 
  5143.23 3.0161e-14   5161.57 1 
  5145.97 3.0336e-14   5164.32 1 
  5148.71 3.0431e-14   5167.07 1 
  5151.45 3.1175e-14   5169.82 1 
  5154.19 3.0659e-14   5172.57 1 
  5156.93 3.0991e-14   5175.32 1 
  5159.67 3.1444e-14   5178.07 1 
  5162.41 3.1593e-14   5180.82 1 
  5165.15 3.0948e-14   5183.57 1 
  5167.89 2.9701e-14   5186.32 1 
  5170.63 2.8612e-14   5189.07 1 
  5173.37 2.8832e-14   5191.82 1 
  5176.11 2.8416e-14   5194.57 1 
  5178.85 2.8166e-14   5197.32 1 
  5181.59 3.0024e-14   5200.07 1 
  5184.33 3.0958e-14   5202.82 1 
  5187.07 3.0434e-14   5205.57 1 
  5189.81 2.9203e-14   5208.32 1 
  5192.55 2.9138e-14   5211.07 1 
  5195.29 3.0519e-14   5213.82 1 
  5198.03 3.1039e-14   5216.57 1 
  5200.77 3.1226e-14   5219.32 1 
  5203.51 3.2027e-14   5222.07 1 
  5206.25 3.1236e-14   5224.82 1 
  5208.99 3.0147e-14   5227.57 1 
  5211.73 2.9600e-14   5230.32 1 
  5214.48 2.9673e-14   5233.07 1 
  5217.22 3.0506e-14   5235.82 1 
  5219.96 3.0160e-14   5238.57 1 
  5222.70 3.0320e-14   5241.32 1 
  5225.44 3.1063e-14   5244.07 1 
  5228.18 3.0374e-14   5246.82 1 
  5230.92 2.8983e-14   5249.57 1 
  5233.66 2.9947e-14   5252.32 1 
  5236.40 3.0076e-14   5255.07 1 
  5239.14 3.0160e-14   5257.82 1 
  5241.88 3.0544e-14   5260.57 1 
  5244.62 2.9980e-14   5263.32 1 
  5247.36 3.0106e-14   5266.07 1 
  5250.10 2.9948e-14   5268.82 1 
  5252.84 3.0270e-14   5271.57 1 
  5255.58 2.9939e-14   5274.32 1 
  5258.32 3.0548e-14   5277.07 1 
  5261.06 3.1049e-14   5279.82 1 
  5263.80 3.0825e-14   5282.57 1 
  5266.54 3.0095e-14   5285.32 1 
  5269.28 2.8687e-14   5288.07 1 
  5272.02 2.8250e-14   5290.82 1 
  5274.76 2.9951e-14   5293.57 1 
  5277.50 3.0764e-14   5296.32 1 
  5280.24 3.0168e-14   5299.07 1 
  5282.98 2.9679e-14   5301.82 1 
  5285.72 3.0875e-14   5304.57 1 
  5288.46 3.0704e-14   5307.32 1 
  5291.20 2.9899e-14   5310.07 1 
  5293.94 3.0457e-14   5312.82 1 
  5296.68 3.0031e-14   5315.57 1 
  5299.42 3.0727e-14   5318.32 1 
  5302.16 3.0591e-14   5321.07 1 
  5304.90 3.1849e-14   5323.82 1 
  5307.64 3.1234e-14   5326.57 1 
  5310.38 3.1067e-14   5329.32 1 
  5313.12 2.9226e-14   5332.07 1 
  5315.86 3.1717e-14   5334.82 1 
  5318.60 3.1222e-14   5337.57 1 
  5321.34 2.9539e-14   5340.32 1 
  5324.08 2.9642e-14   5343.07 1 
  5326.82 3.0731e-14   5345.82 1 
  5329.56 2.9284e-14   5348.57 1 
  5332.30 2.7683e-14   5351.32 1 
  5335.05 2.8856e-14   5354.07 1 
  5337.79 2.8210e-14   5356.82 1 
  5340.53 2.8822e-14   5359.57 1 
  5343.27 3.0189e-14   5362.32 1 
  5346.01 2.9283e-14   5365.07 1 
  5348.75 3.0063e-14   5367.82 1 
  5351.49 3.0775e-14   5370.57 1 
  5354.23 3.1305e-14   5373.32 1 
  5356.97 3.0227e-14   5376.07 1 
  5359.71 3.1467e-14   5378.82 1 
  5362.45 3.0475e-14   5381.57 1 
  5365.19 2.9619e-14   5384.32 1 
  5367.93 2.9584e-14   5387.07 1 
  5370.67 2.8680e-14   5389.82 1 
  5373.41 3.0297e-14   5392.57 1 
  5376.15 2.9409e-14   5395.32 1 
  5378.89 2.8965e-14   5398.07 1 
  5381.63 2.9062e-14   5400.82 1 
  5384.37 3.0877e-14   5403.57 1 
  5387.11 3.0538e-14   5406.32 1 
  5389.85 2.9459e-14   5409.07 1 
  5392.59 2.8488e-14   5411.82 1 
  5395.33 2.8547e-14   5414.57 1 
  5398.07 2.8869e-14   5417.32 1 
  5400.81 2.9558e-14   5420.07 1 
  5403.55 3.0746e-14   5422.82 1 
  5406.29 3.0017e-14   5425.57 1 
  5409.03 2.9140e-14   5428.32 1 
  5411.77 2.9273e-14   5431.07 1 
  5414.51 2.9847e-14   5433.82 1 
  5417.25 3.0481e-14   5436.57 1 
  5419.99 2.9803e-14   5439.32 1 
  5422.73 2.9659e-14   5442.07 1 
  5425.47 3.0189e-14   5444.82 1 
  5428.21 2.9399e-14   5447.57 1 
  5430.95 2.9178e-14   5450.32 1 
  5433.69 2.8736e-14   5453.07 1 
  5436.43 2.8522e-14   5455.82 1 
  5439.17 2.8868e-14   5458.57 1 
  5441.91 2.9078e-14   5461.32 1 
  5444.65 3.0200e-14   5464.07 1 
  5447.39 2.9714e-14   5466.82 1 
  5450.13 2.9203e-14   5469.57 1 
  5452.87 2.8319e-14   5472.32 1 
  5455.62 2.8980e-14   5475.07 1 
  5458.36 2.8524e-14   5477.82 1 
  5461.10 2.9929e-14   5480.57 1 
  5463.84 2.9660e-14   5483.32 1 
  5466.58 2.9395e-14   5486.07 1 
  5469.32 3.0700e-14   5488.82 1 
  5472.06 2.9092e-14   5491.57 1 
  5474.80 2.9981e-14   5494.32 1 
  5477.54 2.9736e-14   5497.07 1 
  5480.28 3.0819e-14   5499.82 1 
  5483.02 2.9738e-14   5502.57 1 
  5485.76 3.0238e-14   5505.32 1 
  5488.50 3.0349e-14   5508.07 1 
  5491.24 3.0131e-14   5510.82 1 
  5493.98 2.9549e-14   5513.57 1 
  5496.72 2.9160e-14   5516.32 1 
  5499.46 2.8986e-14   5519.07 1 
  5502.20 3.0124e-14   5521.82 1 
  5504.94 2.9634e-14   5524.57 1 
  5507.68 2.9327e-14   5527.32 1 
  5510.42 2.9478e-14   5530.07 1 
  5513.16 2.9664e-14   5532.82 1 
  5515.90 2.9992e-14   5535.57 1 
  5518.64 3.0534e-14   5538.32 1 
  5521.38 2.9256e-14   5541.07 1 
  5524.12 2.9474e-14   5543.82 1 
  5526.86 2.9657e-14   5546.57 1 
  5529.60 2.8903e-14   5549.32 1 
  5532.34 2.8920e-14   5552.07 1 
  5535.08 2.9826e-14   5554.82 1 
  5537.82 3.0050e-14   5557.57 1 
  5540.56 2.7587e-14   5560.32 1 
  5543.30 2.8565e-14   5563.07 1 
  5546.04 2.8594e-14   5565.82 1 
  5548.78 2.8967e-14   5568.57 1 
  5551.52 2.9431e-14   5571.32 1 
  5554.26 2.9665e-14   5574.07 1 
  5557.00 2.7950e-14   5576.82 1 
  5559.74 2.9216e-14   5579.57 1 
  5562.48 2.9285e-14   5582.32 1 
  5565.22 2.9790e-14   5585.07 1 
  5567.96 2.8444e-14   5587.82 1 
  5570.70 2.9516e-14   5590.57 1 
  5573.44 2.8630e-14   5593.32 1 
  5576.19 2.8641e-14   5596.07 1 
  5578.93 2.8723e-14   5598.82 1 
  5581.67 2.8782e-14   5601.57 1 
  5584.41 2.8052e-14   5604.32 1 
  5587.15 2.9443e-14   5607.07 1 
  5589.89 2.7986e-14   5609.82 1 
  5592.63 2.8238e-14   5612.57 1 
  5595.37 2.6942e-14   5615.32 1 
  5598.11 2.8713e-14   5618.07 1 
  5600.85 2.8123e-14   5620.82 1 
  5603.59 2.8584e-14   5623.57 1 
  5606.33 2.8204e-14   5626.32 1 
  5609.07 2.9279e-14   5629.07 1 
  5611.81 2.8562e-14   5631.82 1 
  5614.55 2.7974e-14   5634.57 1 
  5617.29 2.7568e-14   5637.32 1 
  5620.03 2.9406e-14   5640.07 1 
  5622.77 2.7342e-14   5642.82 1 
  5625.51 2.9163e-14   5645.57 1 
  5628.25 3.0047e-14   5648.32 1 
  5630.99 2.9480e-14   5651.07 1 
  5633.73 2.9951e-14   5653.82 1 
  5636.47 2.8312e-14   5656.57 1 
  5639.21 2.9015e-14   5659.32 1 
  5641.95 2.9192e-14   5662.07 1 
  5644.69 2.9000e-14   5664.82 1 
  5647.43 3.0042e-14   5667.57 1 
  5650.17 2.8986e-14   5670.32 1 
  5652.91 2.8117e-14   5673.07 1 
  5655.65 2.7335e-14   5675.82 1 
  5658.39 2.8128e-14   5678.57 1 
  5661.13 2.6572e-14   5681.32 1 
  5663.87 2.8552e-14   5684.07 1 
  5666.61 2.7761e-14   5686.82 1 
  5669.35 2.8602e-14   5689.57 1 
  5672.09 2.7591e-14   5692.32 1 
  5674.83 2.7935e-14   5695.07 1 
  5677.57 2.9438e-14   5697.82 1 
  5680.31 2.9097e-14   5700.57 1 
  5683.05 2.9345e-14   5703.32 1 
  5685.79 2.7527e-14   5706.07 1 
  5688.53 2.6973e-14   5708.82 1 
  5691.27 2.6614e-14   5711.57 1 
  5694.01 2.6323e-14   5714.32 1 
  5696.76 2.7761e-14   5717.07 1 
  5699.50 2.7868e-14   5719.82 1 
  5702.24 2.8198e-14   5722.57 1 
  5704.98 2.7453e-14   5725.32 1 
  5707.72 2.8157e-14   5728.07 1 
  5710.46 2.7393e-14   5730.82 1 
  5713.20 2.7267e-14   5733.57 1 
  5715.94 2.7613e-14   5736.32 1 
  5718.68 2.7863e-14   5739.07 1 
  5721.42 2.8457e-14   5741.82 1 
  5724.16 2.7746e-14   5744.57 1 
  5726.90 2.7994e-14   5747.32 1 
  5729.64 2.8323e-14   5750.07 1 
  5732.38 2.7643e-14   5752.82 1 
  5735.12 2.7421e-14   5755.57 1 
  5737.86 2.7434e-14   5758.32 1 
  5740.60 2.8105e-14   5761.07 1 
  5743.34 2.8390e-14   5763.82 1 
  5746.08 2.8655e-14   5766.57 1 
  5748.82 2.7821e-14   5769.32 1 
  5751.56 2.8496e-14   5772.07 1 
  5754.30 2.8458e-14   5774.82 1 
  5757.04 2.8178e-14   5777.57 1 
  5759.78 2.7713e-14   5780.32 1 
  5762.52 2.7975e-14   5783.07 1 
  5765.26 2.7713e-14   5785.82 1 
  5768.00 2.7422e-14   5788.57 1 
  5770.74 2.7793e-14   5791.32 1 
  5773.48 2.7434e-14   5794.07 1 
  5776.22 2.7416e-14   5796.82 1 
  5778.96 2.7753e-14   5799.57 1 
  5781.70 2.6726e-14   5802.32 1 
  5784.44 2.7081e-14   5805.07 1 
  5787.18 2.7334e-14   5807.82 1 
  5789.92 2.8122e-14   5810.57 1 
  5792.66 2.8317e-14   5813.32 1 
  5795.40 2.8626e-14   5816.07 1 
  5798.14 2.8236e-14   5818.82 1 
  5800.88 2.7550e-14   5821.57 1 
  5803.62 2.7094e-14   5824.32 1 
  5806.36 2.7183e-14   5827.07 1 
  5809.10 2.7718e-14   5829.82 1 
  5811.84 2.7498e-14   5832.57 1 
  5814.59 2.7753e-14   5835.32 1 
  5817.33 2.7584e-14   5838.07 1 
  5820.07 2.7744e-14   5840.82 1 
  5822.81 2.8379e-14   5843.57 1 
  5825.55 2.7532e-14   5846.32 1 
  5828.29 2.7420e-14   5849.07 1 
  5831.03 2.8014e-14   5851.82 1 
  5833.77 2.8113e-14   5854.57 1 
  5836.51 2.9010e-14   5857.32 1 
  5839.25 2.8802e-14   5860.07 1 
  5841.99 3.0043e-14   5862.82 1 
  5844.73 2.8211e-14   5865.57 1 
  5847.47 2.8146e-14   5868.32 1 
  5850.21 2.7812e-14   5871.07 1 
  5852.95 2.7591e-14   5873.82 1 
  5855.69 2.8157e-14   5876.57 1 
  5858.43 2.8006e-14   5879.32 1 
  5861.17 2.7681e-14   5882.07 1 
  5863.91 2.6648e-14   5884.82 1 
  5866.65 2.7328e-14   5887.57 1 
  5869.39 2.9480e-14   5890.32 1 
  5872.13 3.0328e-14   5893.07 1 
  5874.87 3.1602e-14   5895.82 1 
  5877.61 3.3691e-14   5898.57 1 
  5880.35 3.3260e-14   5901.32 1 
  5883.09 2.9304e-14   5904.07 1 
  5885.83 2.7923e-14   5906.82 1 
  5888.57 2.6443e-14   5909.57 1 
  5891.31 2.6023e-14   5912.32 1 
  5894.05 2.5304e-14   5915.07 1 
  5896.79 2.6374e-14   5917.82 1 
  5899.53 2.6436e-14   5920.57 1 
  5902.27 2.6966e-14   5923.32 1 
  5905.01 2.6348e-14   5926.07 1 
  5907.75 2.7469e-14   5928.82 1 
  5910.49 2.6871e-14   5931.57 1 
  5913.23 2.6538e-14   5934.32 1 
  5915.97 2.7244e-14   5937.07 1 
  5918.71 2.6053e-14   5939.82 1 
  5921.45 2.6542e-14   5942.57 1 
  5924.19 2.6642e-14   5945.32 1 
  5926.93 2.6613e-14   5948.07 1 
  5929.67 2.7098e-14   5950.82 1 
  5932.41 2.8538e-14   5953.57 1 
  5935.16 2.7126e-14   5956.32 1 
  5937.90 2.6149e-14   5959.07 1 
  5940.64 2.6681e-14   5961.82 1 
  5943.38 2.6977e-14   5964.57 1 
  5946.12 2.7325e-14   5967.32 1 
  5948.86 2.6111e-14   5970.07 1 
  5951.60 2.5557e-14   5972.82 1 
  5954.34 2.5570e-14   5975.57 1 
  5957.08 2.6708e-14   5978.32 1 
  5959.82 2.6416e-14   5981.07 1 
  5962.56 2.6428e-14   5983.82 1 
  5965.30 2.6164e-14   5986.57 1 
  5968.04 2.6497e-14   5989.32 1 
  5970.78 2.6636e-14   5992.07 1 
  5973.52 2.6110e-14   5994.82 1 
  5976.26 2.5872e-14   5997.57 1 
  5979.00 2.6632e-14   6000.32 1 
  5981.74 2.6687e-14   6003.07 1 
  5984.48 2.6404e-14   6005.82 1 
  5987.22 2.6594e-14   6008.57 1 
  5989.96 2.6656e-14   6011.32 1 
  5992.70 2.7501e-14   6014.07 1 
  5995.44 2.7029e-14   6016.82 1 
  5998.18 2.6896e-14   6019.57 1 
  6000.92 2.5490e-14   6022.32 1 
  6003.66 2.6682e-14   6025.07 1 
  6006.40 2.7047e-14   6027.82 1 
  6009.14 2.5803e-14   6030.57 1 
  6011.88 2.6517e-14   6033.32 1 
  6014.62 2.6629e-14   6036.07 1 
  6017.36 2.5509e-14   6038.82 1 
  6020.10 2.5511e-14   6041.57 1 
  6022.84 2.5764e-14   6044.32 1 
  6025.58 2.5794e-14   6047.07 1 
  6028.32 2.6567e-14   6049.82 1 
  6031.06 2.7853e-14   6052.57 1 
  6033.80 2.7146e-14   6055.32 1 
  6036.54 2.7692e-14   6058.07 1 
  6039.28 2.6317e-14   6060.82 1 
  6042.02 2.6013e-14   6063.57 1 
  6044.76 2.6203e-14   6066.32 1 
  6047.50 2.6181e-14   6069.07 1 
  6050.24 2.7779e-14   6071.82 1 
  6052.98 2.7143e-14   6074.57 1 
  6055.73 2.7281e-14   6077.32 1 
  6058.47 2.6491e-14   6080.07 1 
  6061.21 2.5956e-14   6082.82 1 
  6063.95 2.7321e-14   6085.57 1 
  6066.69 2.6623e-14   6088.32 1 
  6069.43 2.7084e-14   6091.07 1 
  6072.17 2.5925e-14   6093.82 1 
  6074.91 2.6279e-14   6096.57 1 
  6077.65 2.6233e-14   6099.32 1 
  6080.39 2.5941e-14   6102.07 1 
  6083.13 2.5911e-14   6104.82 1 
  6085.87 2.6148e-14   6107.57 1 
  6088.61 2.4992e-14   6110.32 1 
  6091.35 2.5541e-14   6113.07 1 
  6094.09 2.6493e-14   6115.82 1 
  6096.83 2.5217e-14   6118.57 1 
  6099.57 2.5139e-14   6121.32 1 
  6102.31 2.7049e-14   6124.07 1 
  6105.05 2.6202e-14   6126.82 1 
  6107.79 2.6282e-14   6129.57 1 
  6110.53 2.6542e-14   6132.32 1 
  6113.27 2.6410e-14   6135.07 1 
  6116.01 2.6934e-14   6137.82 1 
  6118.75 2.6695e-14   6140.57 1 
  6121.49 2.6574e-14   6143.32 1 
  6124.23 2.6628e-14   6146.07 1 
  6126.97 2.6600e-14   6148.82 1 
  6129.71 2.5933e-14   6151.57 1 
  6132.45 2.6033e-14   6154.32 1 
  6135.19 2.6285e-14   6157.07 1 
  6137.93 2.7068e-14   6159.82 1 
  6140.67 2.6670e-14   6162.57 1 
  6143.41 2.5292e-14   6165.32 1 
  6146.15 2.5890e-14   6168.07 1 
  6148.89 2.6330e-14   6170.82 1 
  6151.63 2.5472e-14   6173.57 1 
  6154.37 2.5489e-14   6176.32 1 
  6157.11 2.6020e-14   6179.07 1 
  6159.85 2.5702e-14   6181.82 1 
  6162.59 2.5394e-14   6184.57 1 
  6165.33 2.5239e-14   6187.32 1 
  6168.07 2.4447e-14   6190.07 1 
  6170.81 2.4644e-14   6192.82 1 
  6173.55 2.5105e-14   6195.57 1 
  6176.30 2.4363e-14   6198.32 1 
  6179.04 2.5491e-14   6201.07 1 
  6181.78 2.5887e-14   6203.82 1 
  6184.52 2.5097e-14   6206.57 1 
  6187.26 2.4938e-14   6209.32 1 
  6190.00 2.5291e-14   6212.07 1 
  6192.74 2.5021e-14   6214.82 1 
  6195.48 2.4458e-14   6217.57 1 
  6198.22 2.5001e-14   6220.32 1 
  6200.96 2.6035e-14   6223.07 1 
  6203.70 2.5230e-14   6225.82 1 
  6206.44 2.5092e-14   6228.57 1 
  6209.18 2.5624e-14   6231.32 1 
  6211.92 2.5899e-14   6234.07 1 
  6214.66 2.5421e-14   6236.82 1 
  6217.40 2.5320e-14   6239.57 1 
  6220.14 2.4327e-14   6242.32 1 
  6222.88 2.5117e-14   6245.07 1 
  6225.62 2.5393e-14   6247.82 1 
  6228.36 2.5581e-14   6250.57 1 
  6231.10 2.4461e-14   6253.32 1 
  6233.84 2.4672e-14   6256.07 1 
  6236.58 2.5597e-14   6258.82 1 
  6239.32 2.6817e-14   6261.57 1 
  6242.06 2.7731e-14   6264.32 1 
  6244.80 2.7226e-14   6267.07 1 
  6247.54 2.6209e-14   6269.82 1 
  6250.28 2.4047e-14   6272.57 1 
  6253.02 2.4448e-14   6275.32 1 
  6255.76 2.4634e-14   6278.07 1 
  6258.50 2.4452e-14   6280.82 1 
  6261.24 2.5333e-14   6283.57 1 
  6263.98 2.3704e-14   6286.32 1 
  6266.72 2.4775e-14   6289.07 1 
  6269.46 2.5186e-14   6291.82 1 
  6272.20 2.3927e-14   6294.57 1 
  6274.94 2.4825e-14   6297.32 1 
  6277.68 2.4702e-14   6300.07 1 
  6280.42 2.4428e-14   6302.82 1 
  6283.16 2.4228e-14   6305.57 1 
  6285.90 2.5162e-14   6308.32 1 
  6288.64 2.5584e-14   6311.07 1 
  6291.38 2.3330e-14   6313.82 1 
  6294.12 2.2329e-14   6316.57 1 
  6296.87 2.6957e-14   6319.32 1 
  6299.61 2.9324e-14   6322.07 1 
  6302.35 3.1142e-14   6324.82 1 
  6305.09 2.8619e-14   6327.57 1 
  6307.83 2.8684e-14   6330.32 1 
  6310.57 2.6609e-14   6333.07 1 
  6313.31 2.4103e-14   6335.82 1 
  6316.05 2.5833e-14   6338.57 1 
  6318.79 2.5983e-14   6341.32 1 
  6321.53 2.5556e-14   6344.07 1 
  6324.27 2.4882e-14   6346.82 1 
  6327.01 2.5486e-14   6349.57 1 
  6329.75 2.4930e-14   6352.32 1 
  6332.49 2.4843e-14   6355.07 1 
  6335.23 2.4188e-14   6357.82 1 
  6337.97 2.5052e-14   6360.57 1 
  6340.71 2.5672e-14   6363.32 1 
  6343.45 2.5095e-14   6366.07 1 
  6346.19 2.4855e-14   6368.82 1 
  6348.93 2.5296e-14   6371.57 1 
  6351.67 2.5681e-14   6374.32 1 
  6354.41 2.5076e-14   6377.07 1 
  6357.15 2.5714e-14   6379.82 1 
  6359.89 2.4771e-14   6382.57 1 
  6362.63 2.5029e-14   6385.32 1 
  6365.37 2.3913e-14   6388.07 1 
  6368.11 2.4461e-14   6390.82 1 
  6370.85 2.6062e-14   6393.57 1 
  6373.59 2.4989e-14   6396.32 1 
  6376.33 2.5757e-14   6399.07 1 
  6379.07 2.5774e-14   6401.82 1 
  6381.81 2.5276e-14   6404.57 1 
  6384.55 2.5309e-14   6407.32 1 
  6387.29 2.5038e-14   6410.07 1 
  6390.03 2.5690e-14   6412.82 1 
  6392.77 2.5740e-14   6415.57 1 
  6395.51 2.6139e-14   6418.32 1 
  6398.25 2.5799e-14   6421.07 1 
  6400.99 2.4208e-14   6423.82 1 
  6403.73 2.4702e-14   6426.57 1 
  6406.47 2.5129e-14   6429.32 1 
  6409.21 2.5378e-14   6432.07 1 
  6411.95 2.5389e-14   6434.82 1 
  6414.70 2.4815e-14   6437.57 1 
  6417.44 2.4971e-14   6440.32 1 
  6420.18 2.4786e-14   6443.07 1 
  6422.92 2.4807e-14   6445.82 1 
  6425.66 2.5165e-14   6448.57 1 
  6428.40 2.5508e-14   6451.32 1 
  6431.14 2.4454e-14   6454.07 1 
  6433.88 2.5344e-14   6456.82 1 
  6436.62 2.4709e-14   6459.57 1 
  6439.36 2.4707e-14   6462.32 1 
  6442.10 2.6497e-14   6465.07 1 
  6444.84 2.6488e-14   6467.82 1 
  6447.58 2.6060e-14   6470.57 1 
  6450.32 2.4622e-14   6473.32 1 
  6453.06 2.5120e-14   6476.07 1 
  6455.80 2.3207e-14   6478.82 1 
  6458.54 2.3056e-14   6481.57 1 
  6461.28 2.3826e-14   6484.32 1 
  6464.02 2.4744e-14   6487.07 1 
  6466.76 2.3575e-14   6489.82 1 
  6469.50 2.2521e-14   6492.57 1 
  6472.24 2.3097e-14   6495.32 1 
  6474.98 2.3109e-14   6498.07 1 
  6477.72 2.4112e-14   6500.82 1 
  6480.46 2.4536e-14   6503.57 1 
  6483.20 2.3788e-14   6506.32 1 
  6485.94 2.3773e-14   6509.07 1 
  6488.68 2.3486e-14   6511.82 1 
  6491.42 2.2693e-14   6514.57 1 
  6494.16 2.2957e-14   6517.32 1 
  6496.90 2.2715e-14   6520.07 1 
  6499.64 2.2044e-14   6522.82 1 
  6502.38 2.3512e-14   6525.57 1 
  6505.12 2.3609e-14   6528.32 1 
  6507.86 2.4366e-14   6531.07 1 
  6510.60 2.3426e-14   6533.82 1 
  6513.34 2.3632e-14   6536.57 1 
  6516.08 2.5534e-14   6539.32 1 
  6518.82 2.3295e-14   6542.07 1 
  6521.56 2.4804e-14   6544.82 1 
  6524.30 2.3859e-14   6547.57 1 
  6527.04 2.2906e-14   6550.32 1 
  6529.78 2.4831e-14   6553.07 1 
  6532.52 2.3403e-14   6555.82 1 
  6535.27 2.6254e-14   6558.57 1 
  6538.01 2.3822e-14   6561.32 1 
  6540.75 2.4392e-14   6564.07 1 
  6543.49 2.4005e-14   6566.82 1 
  6546.23 2.7210e-14   6569.57 1 
  6548.97 3.1203e-14   6572.32 1 
  6551.71 3.2722e-14   6575.07 1 
  6554.45 3.3861e-14   6577.82 1 
  6557.19 4.1741e-14   6580.57 1 
  6559.93 9.1724e-14   6583.32 1 
  6562.67 1.9493e-13   6586.07 1 
  6565.41 2.6165e-13   6588.82 1 
  6568.15 2.1990e-13   6591.57 1 
  6570.89 1.1648e-13   6594.32 1 
  6573.63 5.1094e-14   6597.07 1 
  6576.37 3.1666e-14   6599.82 1 
  6579.11 2.9415e-14   6602.57 1 
  6581.85 3.8250e-14   6605.32 1 
  6584.59 4.8004e-14   6608.07 1 
  6587.33 5.0558e-14   6610.82 1 
  6590.07 4.0554e-14   6613.57 1 
  6592.81 3.0377e-14   6616.32 1 
  6595.55 2.5875e-14   6619.07 1 
  6598.29 2.4990e-14   6621.82 1 
  6601.03 2.4260e-14   6624.57 1 
  6603.77 2.5375e-14   6627.32 1 
  6606.51 2.5102e-14   6630.07 1 
  6609.25 2.5616e-14   6632.82 1 
  6611.99 2.4780e-14   6635.57 1 
  6614.73 2.5263e-14   6638.32 1 
  6617.47 2.4456e-14   6641.07 1 
  6620.21 2.3908e-14   6643.82 1 
  6622.95 2.4081e-14   6646.57 1 
  6625.69 2.5011e-14   6649.32 1 
  6628.43 2.5140e-14   6652.07 1 
  6631.17 2.4998e-14   6654.82 1 
  6633.91 2.4406e-14   6657.57 1 
  6636.65 2.3613e-14   6660.32 1 
  6639.39 2.4701e-14   6663.07 1 
  6642.13 2.2910e-14   6665.82 1 
  6644.87 2.4844e-14   6668.57 1 
  6647.61 2.3327e-14   6671.32 1 
  6650.35 2.3548e-14   6674.07 1 
  6653.09 2.5270e-14   6676.82 1 
  6655.84 2.5144e-14   6679.57 1 
  6658.58 2.4792e-14   6682.32 1 
  6661.32 2.5646e-14   6685.07 1 
  6664.06 2.3842e-14   6687.82 1 
  6666.80 2.3691e-14   6690.57 1 
  6669.54 2.3328e-14   6693.32 1 
  6672.28 2.4235e-14   6696.07 1 
  6675.02 2.4821e-14   6698.82 1 
  6677.76 2.7545e-14   6701.57 1 
  6680.50 2.6501e-14   6704.32 1 
  6683.24 2.7660e-14   6707.07 1 
  6685.98 2.4520e-14   6709.82 1 
  6688.72 2.5921e-14   6712.57 1 
  6691.46 2.4899e-14   6715.32 1 
  6694.20 2.4222e-14   6718.07 1 
  6696.94 2.4912e-14   6720.82 1 
  6699.68 2.3331e-14   6723.57 1 
  6702.42 2.5445e-14   6726.32 1 
  6705.16 2.4297e-14   6729.07 1 
  6707.90 2.3580e-14   6731.82 1 
  6710.64 2.4514e-14   6734.57 1 
  6713.38 3.2031e-14   6737.32 1 
  6716.12 4.8691e-14   6740.07 1 
  6718.86 5.9788e-14   6742.82 1 
  6721.60 5.7085e-14   6745.57 1 
  6724.34 3.9376e-14   6748.32 1 
  6727.08 3.2928e-14   6751.07 1 
  6729.82 3.8821e-14   6753.82 1 
  6732.56 4.8650e-14   6756.57 1 
  6735.30 4.7344e-14   6759.32 1 
  6738.04 3.6506e-14   6762.07 1 
  6740.78 2.7513e-14   6764.82 1 
  6743.52 2.3984e-14   6767.57 1 
  6746.26 2.4577e-14   6770.32 1 
  6749.00 2.4206e-14   6773.07 1 
  6751.74 2.4191e-14   6775.82 1 
  6754.48 2.3548e-14   6778.57 1 
  6757.22 2.3592e-14   6781.32 1 
  6759.96 2.3171e-14   6784.07 1 
  6762.70 2.2738e-14   6786.82 1 
  6765.44 2.3317e-14   6789.57 1 
  6768.18 2.3879e-14   6792.32 1 
  6770.92 2.3786e-14   6795.07 1 
  6773.66 2.4066e-14   6797.82 1 
  6776.41 2.3628e-14   6800.57 1 
  6779.15 2.3483e-14   6803.32 1 
  6781.89 2.4226e-14   6806.07 1 
  6784.63 2.3482e-14   6808.82 1 
  6787.37 2.2974e-14   6811.57 1 
  6790.11 2.3368e-14   6814.32 1 
  6792.85 2.3615e-14   6817.07 1 
  6795.59 2.3979e-14   6819.82 1 
  6798.33 2.3761e-14   6822.57 1 
  6801.07 2.4152e-14   6825.32 1 
  6803.81 2.3952e-14   6828.07 1 
  6814.82 2.3385e-14   6839.12 0 
  6830.52 2.3653e-14   6854.88 0 
  6846.27 2.2795e-14   6870.68 0 
  6862.05 2.2845e-14   6886.52 0 
  6877.87 2.2790e-14   6902.40 0 
  6893.73 2.2474e-14   6918.31 0 
  6909.62 2.2627e-14   6934.26 0 
  6925.55 2.2573e-14   6950.24 0 
  6941.51 2.2884e-14   6966.26 0 
  6957.52 2.3040e-14   6982.33 0 
  6973.55 2.3037e-14   6998.42 0 
  6989.63 2.2981e-14   7014.55 0 
  7005.74 2.2404e-14   7030.72 0 
  7021.89 2.2145e-14   7046.93 0 
  7038.08 2.2710e-14   7063.18 0 
  7054.30 2.3236e-14   7079.46 0 
  7070.57 2.1934e-14   7095.78 0 
  7086.86 2.2494e-14   7112.14 0 
  7103.20 2.1677e-14   7128.53 0 
  7119.58 2.1279e-14   7144.96 0 
  7135.99 2.1081e-14   7161.43 0 
  7152.44 2.1274e-14   7177.94 0 
  7168.93 2.1369e-14   7194.49 0 
  7185.45 2.0784e-14   7211.08 0 
  7202.01 2.0449e-14   7227.70 0 
  7218.62 2.1460e-14   7244.36 0 
  7235.26 2.1310e-14   7261.06 0 
  7251.94 2.0774e-14   7277.80 0 
  7268.65 2.0771e-14   7294.57 0 
  7285.41 2.0961e-14   7311.39 0 
  7302.21 2.1250e-14   7328.25 0 
  7319.04 2.1004e-14   7345.14 0 
  7335.91 2.1490e-14   7362.07 0 
  7352.82 2.1389e-14   7379.04 0 
  7369.77 2.0996e-14   7396.05 0 
  7386.76 2.1932e-14   7413.10 0 
  7403.79 2.1728e-14   7430.19 0 
  7420.86 2.1036e-14   7447.32 0 
  7437.96 2.1326e-14   7464.49 0 
  7455.11 2.1274e-14   7481.70 0 
  7472.30 2.1419e-14   7498.94 0 
  7489.52 2.1220e-14   7516.23 0 
  7506.79 2.1463e-14   7533.56 0 
  7524.09 2.1659e-14   7550.92 0 
  7541.44 2.1606e-14   7568.33 0 
  7558.82 2.1307e-14   7585.78 0 
  7576.25 2.1109e-14   7603.26 0 
  7593.71 2.0912e-14   7620.79 0 
  7611.21 2.0575e-14   7638.36 0 
  7628.76 2.0337e-14   7655.97 0 
  7646.35 2.0428e-14   7673.61 0 
  7663.97 2.0099e-14   7691.30 0 
  7681.64 1.9912e-14   7709.04 0 
  7699.35 1.9909e-14   7726.81 0 
  7717.10 1.9861e-14   7744.62 0 
  7734.89 1.9496e-14   7762.47 0 
  7752.72 1.9404e-14   7780.37 0 
  7770.59 1.9716e-14   7798.30 0 
  7788.50 1.9132e-14   7816.28 0 
  7806.46 1.9174e-14   7834.30 0 
  7824.45 1.9891e-14   7852.36 0 
  7842.49 1.9125e-14   7870.46 0 
  7860.57 1.9612e-14   7888.60 0 
  7878.69 1.9565e-14   7906.79 0 
  7896.85 1.9698e-14   7925.01 0 
  7915.06 1.9335e-14   7943.28 0 
  7933.30 1.8893e-14   7961.59 0 
  7951.59 1.8165e-14   7979.95 0 
  7969.92 1.8757e-14   7998.34 0 
  7988.29 1.8841e-14   8016.78 0 
  8006.71 1.8538e-14   8035.26 0 
  8025.16 1.9231e-14   8053.78 0 
  8043.67 1.9361e-14   8072.35 0 
  8062.21 1.9181e-14   8090.96 0 
  8080.79 1.8570e-14   8109.61 0 
  8099.42 1.7978e-14   8128.31 0 
  8118.09 1.8866e-14   8147.04 0 
  8136.81 1.8994e-14   8165.82 0 
  8155.57 1.8389e-14   8184.65 0 
  8174.37 1.8134e-14   8203.52 0 
  8193.21 1.8007e-14   8222.43 0 
  8212.09 1.8637e-14   8241.38 0 
  8231.03 1.8127e-14   8260.38 0 
  8250.00 1.8761e-14   8279.42 0 
  8269.02 1.8932e-14   8298.51 0 
  8288.08 1.8371e-14   8317.64 0 
  8307.19 1.8242e-14   8336.81 0 
  8326.34 1.8281e-14   8356.03 0 
  8345.53 1.7821e-14   8375.29 0 
  8364.77 1.8234e-14   8394.60 0 
  8384.05 1.7898e-14   8413.95 0 
  8403.38 1.8228e-14   8433.35 0 
  8422.75 1.7934e-14   8452.79 0 
  8442.17 1.7564e-14   8472.27 0 
  8461.63 1.7847e-14   8491.80 0 
  8481.14 1.7599e-14   8511.38 0 
  8500.69 1.7924e-14   8531.00 0 
  8520.28 1.7594e-14   8550.67 0 
  8539.93 1.7511e-14   8570.38 0 
  8559.61 1.6720e-14   8590.14 0 
  8579.34 1.7627e-14   8609.94 0 
  8599.12 1.7183e-14   8629.79 0 
  8618.94 1.6945e-14   8649.68 0 
  8638.81 1.7578e-14   8669.62 0 
  8658.73 1.6669e-14   8689.60 0 
  8678.69 1.5953e-14   8709.64 0 
  8698.69 1.5987e-14   8729.71 0 
  8718.74 1.7287e-14   8749.84 0 
  8738.85 1.7047e-14   8770.01 0 
  8758.99 1.5943e-14   8790.23 0 
  8779.18 1.7120e-14   8810.49 0 
  8799.42 1.7039e-14   8830.80 0 
  8819.71 1.7155e-14   8851.16 0 
  8840.04 1.7231e-14   8871.56 0 
  8860.41 1.6759e-14   8892.01 0 
  8880.84 1.5855e-14   8912.51 0 
  8901.31 1.6372e-14   8933.05 0 
  8921.83 1.6370e-14   8953.65 0 
  8942.40 1.6519e-14   8974.29 0 
  8963.01 1.6066e-14   8994.98 0 
  8983.67 1.5770e-14   9015.71 0 
  9004.39 1.6702e-14   9036.50 0 
  9025.14 1.3668e-14   9057.33 0 
  9045.95 1.6968e-14   9078.20 0 
  9066.80 1.7281e-14   9099.13 0 
  9087.70 1.5830e-14   9120.11 0 
  9108.65 1.5611e-14   9141.13 0 
  9129.65 1.5898e-14   9162.20 0 
  9150.70 1.6006e-14   9183.33 0 
  9171.79 1.6152e-14   9204.50 0 
  9192.93 1.5781e-14   9225.71 0 
  9214.13 1.5962e-14   9246.98 0 
  9235.37 1.4455e-14   9268.30 0 
  9256.65 1.5309e-14   9289.66 0 
  9278.00 1.6552e-14   9311.08 0 
  9299.38 1.5552e-14   9332.54 0 
  9320.82 1.5875e-14   9354.06 0 
  9342.30 1.5836e-14   9375.62 0 
  9363.84 1.5616e-14   9397.23 0 
  9385.43 1.5722e-14   9418.90 0 
  9407.06 1.5397e-14   9440.61 0 
  9428.75 1.5717e-14   9462.37 0 
  9450.48 1.5534e-14   9484.18 0 
  9472.27 1.5748e-14   9506.05 0 
  9494.11 1.5673e-14   9527.96 0 
  9515.99 1.5349e-14   9549.93 0 
  9537.93 1.5171e-14   9571.94 0 
  9559.92 1.4353e-14   9594.01 0 
  9581.95 1.5447e-14   9616.12 0 
  9604.04 1.5303e-14   9638.29 0 
  9626.18 1.5301e-14   9660.51 0 
  9648.37 1.5193e-14   9682.78 0 
  9670.61 1.5120e-14   9705.10 0 
  9692.91 1.5258e-14   9727.47 0 
  9715.25 1.5080e-14   9749.90 0 
  9737.65 1.4940e-14   9772.37 0 
  9760.09 1.4834e-14   9794.90 0 
  9782.60 1.4696e-14   9817.48 0 
  9805.15 1.4898e-14   9840.11 0 
  9827.75 1.4758e-14   9862.79 0 
  9850.40 1.4756e-14   9885.53 0 
  9873.11 1.4652e-14   9908.32 0 
  9895.87 1.4615e-14   9931.16 0 
  9918.68 1.4546e-14   9954.05 0 
  9941.55 1.4577e-14   9977.00 0 
  9964.47 1.4541e-14  10000.00 0 
  9987.44 1.4438e-14  10023.05 0 
 10033.53 1.4202e-14  10069.31 0 
 10079.85 1.3906e-14  10115.80 0 
 10126.38 1.4258e-14  10162.49 0 
 10173.11 1.4089e-14  10209.39 0 
 10220.08 1.4084e-14  10256.52 0 
 10267.25 1.4079e-14  10303.86 0 
 10290.91 1.3980e-14  10327.61 0 
 10506.40 1.3390e-14  10543.86 0 
 10701.74 1.2743e-14  10739.90 0 
 10900.69 1.2030e-14  10939.56 0 
 11103.35 1.1621e-14  11142.94 0 
 11309.77 1.1279e-14  11350.10 0 
 11493.54 1.1098e-14  11534.53 0 
 11707.23 1.0746e-14  11748.98 0 
 11897.46 1.0310e-14  11939.88 0 
 12090.78 1.0052e-14  12133.89 0 
 12287.23 9.8007e-15  12331.05 0 
 12486.88 9.4898e-15  12531.41 0 
 12689.78 9.2100e-15  12735.03 0 
 12895.97 8.9384e-15  12941.96 0 
 13105.51 8.7349e-15  13152.25 0 
 13287.83 8.4383e-15  13335.21 0 
 13503.74 8.2273e-15  13551.89 0 
 13691.60 8.0215e-15  13740.42 0 
 13914.07 7.7314e-15  13963.68 0 
 14107.63 7.3834e-15  14157.94 0 
 14303.89 7.2320e-15  14354.90 0 
 14502.88 7.1988e-15  14554.59 0 
 14704.63 6.9544e-15  14757.07 0 
 14909.20 6.9704e-15  14962.36 0 
 15116.61 6.9384e-15  15170.51 0 
 15291.64 6.9865e-15  15346.17 0 
 15504.36 6.8906e-15  15559.65 0 
 15683.90 6.7183e-15  15739.83 0 
 15902.09 6.4455e-15  15958.79 0 
 16086.23 6.4455e-15  16143.59 0 
 16310.01 6.4011e-15  16368.17 0 
 16498.86 6.2699e-15  16557.70 0 
 16689.91 6.2124e-15  16749.43 0 
 16883.18 6.0850e-15  16943.38 0 
 17118.05 5.9602e-15  17179.09 0 
 17316.25 5.7050e-15  17378.00 0 
 17516.77 5.5368e-15  17579.23 0 
 17719.61 5.3120e-15  17782.79 0 
 17883.57 5.1081e-15  17947.34 0 
 18090.64 4.8446e-15  18155.15 0 
 18300.12 4.7234e-15  18365.38 0 
 18512.03 4.5631e-15  18578.05 0 
 18683.31 4.3477e-15  18749.94 0 
 18899.66 4.2389e-15  18967.05 0 
 19118.51 4.1616e-15  19186.69 0 
 19295.42 4.0203e-15  19364.23 0 
 19518.83 3.8482e-15  19588.44 0 
 19699.45 3.7347e-15  19769.70 0 
 19881.73 3.6162e-15  19952.63 0 
 20111.94 3.5421e-15  20183.66 0 
 20298.04 3.4218e-15  20370.42 0 
 20485.86 3.3749e-15  20558.92 0 
 20723.06 3.2829e-15  20796.96 0 
 20914.82 3.2008e-15  20989.40 0 
 21108.35 3.1424e-15  21183.62 0 
 21303.65 3.0638e-15  21379.62 0 
 21500.78 2.9940e-15  21577.45 0 
 21699.71 2.8857e-15  21777.09 0 
 21900.50 2.8396e-15  21978.60 0 
 22103.15 2.7559e-15  22181.97 0 
 22307.66 2.6808e-15  22387.21 0 
 22514.08 2.6077e-15  22594.36 0 
 22722.38 2.5366e-15  22803.41 0 
 22879.90 2.2922e-15  22961.49 0 
 23091.59 2.2712e-15  23173.93 0 
 23305.26 2.0010e-15  23388.37 0 
 23520.92 1.8848e-15  23604.79 0 
 23683.94 1.9066e-15  23768.40 0 
 23903.10 1.7549e-15  23988.34 0 
 24124.25 1.6953e-15  24210.28 0 
 24291.49 1.6721e-15  24378.11 0 
 24516.24 1.5569e-15  24603.66 0 
 24686.19 1.5285e-15  24774.22 0 
 24914.59 1.3190e-15  25003.44 0 
 25087.31 1.3009e-15  25176.77 0 
 25319.45 1.3009e-15  25409.74 0 
 25494.94 1.2860e-15  25585.86 0 
 25671.65 1.2979e-15  25763.20 0 
 25909.20 1.2684e-15  26001.59 0 
 26088.81 1.2597e-15  26181.84 0 
 26330.19 1.2253e-15  26424.08 0 
 26512.72 1.2141e-15  26607.26 0 
 26696.48 1.1865e-15  26791.68 0 
 26881.55 1.1702e-15  26977.41 0 
 27130.26 1.1541e-15  27227.01 0 
 27318.34 1.1279e-15  27415.75 0 
 27507.68 1.1073e-15  27605.78 0 
 27698.34 1.0821e-15  27797.12 0 
 27890.36 1.0697e-15  27989.81 0 
 28083.67 1.0477e-15  28183.82 0 
 28278.35 1.0310e-15  28379.20 0 
 28474.36 1.0099e-15  28575.90 0 
 28671.75 9.8459e-16  28773.99 0 
 28870.48 9.7332e-16  28973.43 0 
 29070.62 9.5336e-16  29174.28 0 
 29272.11 9.3381e-16  29376.49 0 
 29475.03 9.1676e-16  29580.14 0 
 29679.33 9.0211e-16  29785.16 0 
 29885.07 8.8360e-16  29991.64 0 
 30092.21 8.6748e-16  30199.52 0 
 30300.78 8.4968e-16  30408.84 0 
 30510.84 8.3996e-16  30619.64 0 
 30722.31 8.2653e-16  30831.87 0 
 30935.29 8.1331e-16  31045.60 0 
 31078.07 8.0215e-16  31188.89 0 
 31293.51 7.8933e-16  31405.10 0 
 31510.41 7.7671e-16  31622.78 0 
 31728.81 7.6605e-16  31841.96 0 
 31875.29 7.5554e-16  31988.96 0 
 32096.22 7.4689e-16  32210.68 0 
 32318.72 7.4004e-16  32433.97 0 
 32467.89 7.4175e-16  32583.67 0 
 32692.93 7.6605e-16  32809.52 0 
 32919.57 8.4384e-16  33036.96 0 
 33071.50 8.3418e-16  33189.44 0 
 33300.77 7.2821e-16  33419.52 0 
 33531.58 6.8432e-16  33651.15 0 
 33686.34 6.5805e-16  33806.47 0 
 33919.87 6.4011e-16  34040.82 0 
 34076.42 6.2554e-16  34197.94 0 
 34312.65 6.1271e-16  34435.01 0 
 34471.02 6.0153e-16  34593.94 0 
 34709.94 5.8919e-16  34833.72 0 
 34870.18 5.7844e-16  34994.53 0 
 35111.87 5.6788e-16  35237.08 0 
 35273.93 5.5623e-16  35399.71 0 
 35518.46 5.4608e-16  35645.12 0 
 35682.39 5.3611e-16  35809.64 0 
 35929.75 5.2633e-16  36057.88 0 
 36095.58 5.1672e-16  36224.30 0 
 36262.18 5.0729e-16  36391.49 0 
 36513.56 4.9689e-16  36643.77 0 
 36682.09 4.8782e-16  36812.89 0 
 36936.34 4.7781e-16  37068.05 0 
 37106.86 4.6909e-16  37239.18 0 
 37278.12 4.6053e-16  37411.05 0 
 37536.54 4.5005e-16  37670.40 0 
 37709.79 4.4489e-16  37844.27 0 
 37883.84 4.3677e-16  38018.93 0 
 38058.69 4.2880e-16  38194.41 0 
 38322.52 4.2195e-16  38459.18 0 
 38499.40 4.1520e-16  38636.69 0 
 38677.14 4.0668e-16  38815.06 0 
 38855.65 3.9926e-16  38994.21 0 
 39124.96 3.9288e-16  39264.48 0 
 39305.58 3.8660e-16  39445.75 0 
 39487.00 3.7867e-16  39627.81 0 
 39669.25 3.7261e-16  39810.71 0 
 39944.25 3.6413e-16  40086.69 0 
 40128.61 3.5913e-16  40271.71 0 
 40313.82 3.5339e-16  40457.58 0 
 40499.93 3.4614e-16  40644.35 0 
 40686.86 3.4140e-16  40831.95 0 
 40874.64 3.3594e-16  41020.40 0 
 41063.30 3.3133e-16  41209.73 0 
 41252.87 3.2603e-16  41399.98 0 
 41538.80 3.2082e-16  41686.93 0 
 41730.57 3.1496e-16  41879.38 0 
 41923.17 3.1064e-16  42072.67 0 
 42116.67 3.0497e-16  42266.86 0 
 42311.05 3.0148e-16  42461.93 0 
 42506.39 2.9666e-16  42657.96 0 
 42702.57 2.9259e-16  42854.85 0 
 42899.66 2.8201e-16  43052.64 0 
 43097.71 2.7243e-16  43251.40 0 
 43296.63 2.7181e-16  43451.02 0 
 43496.46 2.6197e-16  43651.57 0 
 43697.27 2.5660e-16  43853.09 0 
 43898.95 2.5308e-16  44055.49 0 
 44101.56 2.4505e-16  44258.83 0 
 44305.11 2.4225e-16  44463.10 0 
 44509.65 2.3837e-16  44668.37 0 
 44715.08 2.3241e-16  44874.54 0 
 44921.46 2.3188e-16  45081.65 0 
 45128.84 2.2712e-16  45289.77 0 
 45337.13 2.2246e-16  45498.80 0 
 45546.39 2.2144e-16  45708.80 0 
 45651.37 2.1891e-16  45814.16 0 
 45862.12 2.1343e-16  46025.67 0 
 46073.80 2.1294e-16  46238.10 0 
 46286.45 2.0954e-16  46451.51 0 
 46500.13 2.0666e-16  46665.95 0 
 46714.76 2.0524e-16  46881.34 0 
 46930.37 2.0289e-16  47097.72 0 
 47147.02 2.0010e-16  47315.15 0 
 47255.70 1.9964e-16  47424.21 0 
 47473.81 1.9645e-16  47643.10 0 
 47692.92 1.9465e-16  47862.99 0 
 47913.10 1.9242e-16  48083.95 0 
 48134.24 1.8978e-16  48305.88 0 
 48245.19 1.8935e-16  48417.23 0 
 48467.86 1.8675e-16  48640.70 0 
 48691.62 1.8419e-16  48865.25 0 
 48916.35 1.8250e-16  49090.79 0 
 49142.12 1.8041e-16  49317.36 0 
 49255.40 1.7917e-16  49431.04 0 
 49482.79 1.7671e-16  49659.24 0 
 49711.18 1.7590e-16  49888.45 0 
 49940.61 1.7478e-16  50118.70 0 
 50055.79 1.7444e-16  50234.29 0 
 50286.81 1.7457e-16  50466.14 0 
 50518.91 1.7388e-16  50699.06 0 
 50752.08 1.7438e-16  50933.06 0 
 50869.12 1.7443e-16  51050.52 0 
 50986.38 1.7448e-16  51168.20 0 
 51103.91 1.7413e-16  51286.14 0 
 51221.70 1.7377e-16  51404.36 0 
 51339.77 1.7381e-16  51522.85 0 
 51458.12 1.7385e-16  51641.62 0 
 51576.79 1.7428e-16  51760.71 0 
 51695.68 1.7472e-16  51880.02 0 
 51814.84 1.7516e-16  51999.61 0 
 51934.28 1.7478e-16  52119.47 0 
 52053.98 1.7441e-16  52239.61 0 
 52173.97 1.7484e-16  52360.03 0 
 52294.24 1.7446e-16  52480.72 0 
 52414.84 1.7488e-16  52601.75 0 
 52535.66 1.7531e-16  52723.00 0 
 52656.76 1.7573e-16  52844.53 0 
 52778.13 1.7615e-16  52966.34 0 
 52899.79 1.7576e-16  53088.43 0 
 53021.73 1.7537e-16  53210.80 0 
 53144.01 1.7578e-16  53333.52 0 
 53266.51 1.7620e-16  53456.46 0 
 53389.29 1.7661e-16  53579.68 0 
 53512.36 1.7661e-16  53703.18 0 
 53635.71 1.7702e-16  53826.97 0 
 53759.34 1.7743e-16  53951.05 0 
 53883.26 1.7784e-16  54075.41 0 
 54007.52 1.7825e-16  54200.11 0 
 54132.02 1.7824e-16  54325.05 0 
 54256.79 1.7824e-16  54450.27 0 
 54381.86 1.7864e-16  54575.79 0 
 54507.21 1.7945e-16  54701.59 0 
 54632.86 1.7985e-16  54827.68 0 
 54758.79 1.7984e-16  54954.06 0 
 54885.07 1.8066e-16  55080.79 0 
 55011.59 1.8105e-16  55207.76 0 
 55138.39 1.8145e-16  55335.02 0 
 55265.49 1.8269e-16  55462.57 0 
 55392.88 1.8351e-16  55590.41 0 
 55520.56 1.8348e-16  55718.55 0 
 55648.60 1.8430e-16  55847.05 0 
 55776.88 1.8555e-16  55975.78 0 
 55905.45 1.8595e-16  56104.81 0 
 56034.31 1.8677e-16  56234.13 0 
 56163.48 1.8803e-16  56363.76 0 
 56292.94 1.8843e-16  56493.68 0 
 56422.70 1.8970e-16  56623.90 0 
 56552.82 1.9097e-16  56754.48 0 
 56683.18 1.9225e-16  56885.31 0 
 56813.84 1.9310e-16  57016.43 0 
 56944.79 1.9439e-16  57147.86 0 
 57076.06 1.9614e-16  57279.59 0 
 57207.62 1.9790e-16  57411.62 0 
 57339.55 1.9968e-16  57544.02 0 
 57471.72 2.0101e-16  57676.67 0 
 57604.20 2.0328e-16  57809.62 0 
 57736.98 2.0510e-16  57942.87 0 
 57870.07 2.0741e-16  58076.43 0 
 58003.46 2.0975e-16  58210.30 0 
 58137.17 2.1260e-16  58344.48 0 
 58271.24 2.1499e-16  58479.04 0 
 58405.56 2.1791e-16  58613.83 0 
 58540.19 2.2137e-16  58748.94 0 
 58675.13 2.2489e-16  58884.36 0 
 58810.38 2.2952e-16  59020.09 0 
 58945.94 2.3316e-16  59156.14 0 
 59034.44 1.9081e-16  59244.95 3 
 59343.19 2.5531e-16  59554.81 3 
 59651.94 2.9143e-16  59864.66 3 
 59960.69 3.6660e-16  60174.51 3 
 60269.45 4.4593e-16  60484.37 3 
 60578.20 3.1713e-16  60794.22 3 
 60886.95 3.5025e-16  61104.07 3 
 61195.71 4.8517e-16  61413.93 3 
 61504.46 7.0009e-16  61723.78 3 
 61813.20 1.0220e-15  62033.63 3 
 62121.96 1.0663e-15  62343.49 3 
 62430.71 1.0329e-15  62653.34 3 
 62739.46 7.3838e-16  62963.19 3 
 63048.22 5.4076e-16  63273.05 3 
 63356.97 6.2266e-16  63582.90 3 
 63665.73 4.8633e-16  63892.76 3 
 63974.48 4.3236e-16  64202.61 3 
 64283.22 3.5697e-16  64512.46 3 
 64591.99 2.5049e-16  64822.32 3 
 64900.73 3.1698e-16  65132.17 3 
 65209.48 1.8855e-16  65442.02 3 
 65518.24 2.6255e-16  65751.88 3 
 65826.99 3.5016e-16  66061.73 3 
 66135.74 2.8122e-16  66371.58 3 
 66444.50 3.3522e-16  66681.45 3 
 66753.25 3.5003e-16  66991.29 3 
 67062.00 3.5686e-16  67301.14 3 
 67370.76 2.4730e-16  67611.00 3 
 67679.51 1.9430e-16  67920.85 3 
 67988.26 2.3480e-16  68230.71 3 
 68297.02 2.6253e-16  68540.56 3 
 68605.77 1.4876e-16  68850.41 3 
 68914.52 2.4996e-16  69160.27 3 
 69223.27 1.8124e-16  69470.12 3 
 69532.03 2.5460e-16  69779.98 3 
 69840.78 2.7452e-16  70089.83 3 
 70149.53 2.2039e-16  70399.68 3 
 70458.28 1.7935e-16  70709.54 3 
 70767.04 1.5104e-16  71019.39 3 
 71075.79 1.6040e-16  71329.24 3 
 71384.54 3.1963e-16  71639.10 3 
 71693.29 1.5818e-16  71948.95 3 
 72002.05 2.2955e-16  72258.81 3 
 72310.80 1.2226e-16  72568.66 3 
 72619.55 2.1589e-16  72878.51 3 
 72928.31 1.0816e-16  73188.38 3 
 73237.06 2.4380e-16  73498.22 3 
 73545.81 1.9909e-16  73808.07 3 
 73854.56 3.1537e-16  74117.93 3 
 74163.31 3.4701e-16  74427.78 3 
 74472.07 4.1884e-16  74737.63 3 
 74780.82 3.4498e-16  75047.48 3 
 75069.37 5.4294e-16  75337.06 3 
 75089.57 5.0321e-16  75357.34 3 
 75398.33 5.0226e-16  75667.20 3 
 75688.09 7.5886e-16  75957.99 3 
 75707.08 5.1960e-16  75977.05 3 
 76306.83 7.5483e-16  76578.94 3 
 76925.56 7.5094e-16  77199.88 3 
 77544.30 6.2699e-16  77820.82 3 
 78163.03 6.4791e-16  78441.76 3 
 78781.78 5.6530e-16  79062.71 3 
 79400.51 4.6114e-16  79683.65 3 
 80019.24 4.7284e-16  80304.59 3 
 80637.98 4.0371e-16  80925.54 3 
 81256.72 2.8047e-16  81546.48 3 
 81875.45 3.2202e-16  82167.41 3 
 82494.19 3.0807e-16  82788.36 3 
 83112.92 3.0333e-16  83409.30 3 
 83731.66 2.8406e-16  84030.25 3 
 84350.39 3.5115e-16  84651.19 3 
 84969.13 3.6637e-16  85272.13 3 
 85587.86 3.4904e-16  85893.07 3 
 86206.61 3.8694e-16  86514.02 3 
 86825.33 3.3178e-16  87134.95 3 
 87444.07 2.6380e-16  87755.90 3 
 88062.81 2.3116e-16  88376.84 3 
 88681.54 1.3879e-16  88997.78 3 
 89300.27 1.9055e-16  89618.72 3 
 89919.01 2.3389e-16  90239.66 3 
 90537.74 1.7425e-16  90860.60 3 
 91156.49 9.7191e-17  91481.55 3 
 91775.22 1.0283e-16  92102.49 3 
 92393.96 1.3990e-16  92723.44 3 
 93012.70 1.4945e-16  93344.38 3 
 93631.43 1.5228e-16  93965.32 3 
 94250.16 1.4212e-16  94586.26 3 
 94868.89 1.3675e-16  95207.20 3 
 95487.64 1.1211e-16  95828.15 3 
 96106.37 1.0135e-16  96449.09 3 
 96725.10 1.1975e-16  97070.02 3 
 97343.85 1.1595e-16  97690.98 3 
 97962.59 1.1350e-16  98311.92 3 
 98581.32 1.0262e-16  98932.86 3 
 99200.06 1.2127e-16  99553.80 3 
 99818.75 9.8321e-17 100174.70 3 
100437.54 9.7387e-17 100795.70 3 
101056.23 1.0381e-16 101416.59 3 
101675.03 1.0444e-16 102037.60 3 
102293.72 1.0549e-16 102658.50 3 
102912.51 1.0412e-16 103279.49 3 
103531.21 9.8078e-17 103900.41 3 
104149.91 1.2104e-16 104521.30 3 
104768.69 1.9987e-16 105142.30 3 
105387.38 2.2303e-16 105763.20 3 
106006.19 1.3443e-16 106384.20 3 
106624.88 1.2910e-16 107005.10 3 
107243.57 1.3525e-16 107626.00 3 
107862.36 1.2972e-16 108247.00 3 
108481.06 1.3280e-16 108867.91 3 
109099.85 1.2478e-16 109488.90 3 
109718.54 1.4262e-16 110109.80 3 
110337.33 1.7873e-16 110730.80 3 
110956.03 1.9722e-16 111351.70 3 
111574.73 3.1437e-16 111972.60 3 
112193.52 4.1658e-16 112593.60 3 
112812.21 3.9655e-16 113214.50 3 
113431.01 3.0169e-16 113835.50 3 
114049.70 2.2200e-16 114456.40 3 
114668.49 1.7758e-16 115077.40 3 
115287.18 1.5207e-16 115698.30 3 
115905.87 1.4474e-16 116319.20 3 
116524.68 1.2442e-16 116940.20 3 
117143.37 1.2364e-16 117561.10 3 
117762.15 1.3366e-16 118182.09 3 
118380.85 1.1938e-16 118802.99 3 
118999.65 1.3293e-16 119424.00 3 
119618.34 1.3995e-16 120044.90 3 
120237.03 1.2584e-16 120665.80 3 
120855.83 1.2124e-16 121286.80 3 
121474.52 1.2025e-16 121907.70 3 
122093.31 1.1599e-16 122528.70 3 
122712.00 1.3555e-16 123149.59 3 
123330.71 1.3387e-16 123770.51 3 
123949.50 1.3891e-16 124391.50 3 
124568.19 1.3489e-16 125012.40 3 
125186.98 1.3106e-16 125633.40 3 
125805.68 1.4619e-16 126254.30 3 
126424.47 1.5652e-16 126875.30 3 
127043.17 1.7926e-16 127496.20 3 
127661.86 2.7285e-16 128117.10 3 
128280.65 2.9025e-16 128738.10 3 
128899.34 1.6096e-16 129359.00 3 
129518.14 1.1106e-16 129980.00 3 
130136.83 9.9091e-17 130600.90 3 
130755.52 9.4465e-17 131221.80 3 
131374.32 8.0443e-17 131842.80 3 
131993.02 9.6379e-17 132463.70 3 
132611.81 9.9849e-17 133084.70 3 
133230.49 9.4170e-17 133705.59 3 
133849.29 8.9862e-17 134326.59 3 
134467.99 8.5729e-17 134947.50 3 
135086.69 8.9999e-17 135568.41 3 
135705.48 8.9804e-17 136189.41 3 
136324.16 9.8775e-17 136810.30 3 
136942.96 8.6672e-17 137431.30 3 
137561.66 9.1996e-17 138052.20 3 
138180.45 8.3773e-17 138673.20 3 
138799.14 8.1735e-17 139294.09 3 
139417.84 8.0706e-17 139915.00 3 
140036.63 8.4616e-17 140536.00 3 
140655.33 9.6013e-17 141156.91 3 
141274.11 8.2261e-17 141777.89 3 
141892.81 8.2382e-17 142398.80 3 
142511.60 9.5598e-17 143019.80 3 
143130.30 8.3989e-17 143640.70 3 
143748.98 9.8984e-17 144261.59 3 
144367.79 9.1135e-17 144882.61 3 
144900.19 7.5918e-17 145416.91 3 
145813.82 6.7448e-17 146333.80 3 
146727.57 9.2353e-17 147250.80 3 
147641.21 6.9879e-17 148167.70 3 
148554.85 8.2490e-17 149084.59 3 
149468.50 7.6087e-17 150001.50 3 
150382.24 7.4152e-17 150918.50 3 
151295.89 7.4833e-17 151835.41 3 
152209.52 8.4216e-17 152752.30 3 
153123.26 8.0186e-17 153669.30 3 
154036.91 1.0646e-16 154586.20 3 
154950.54 2.8372e-16 155503.09 3 
155864.19 3.4103e-16 156420.00 3 
156777.93 1.3107e-16 157337.00 3 
157691.58 8.5108e-17 158253.91 3 
158605.21 7.9691e-17 159170.80 3 
159518.95 8.6817e-17 160087.80 3 
160432.60 8.9420e-17 161004.70 3 
161346.23 8.5381e-17 161921.59 3 
162259.97 9.6641e-17 162838.59 3 
163173.62 1.0667e-16 163755.50 3 
164087.26 1.1835e-16 164672.39 3 
165000.90 1.1351e-16 165589.30 3 
165914.66 1.0589e-16 166506.31 3 
166828.28 1.0255e-16 167423.19 3 
167741.93 1.0327e-16 168340.09 3 
168655.57 1.1055e-16 169257.00 3 
169569.32 1.1750e-16 170174.00 3 
170482.96 1.1750e-16 171090.91 3 
171396.61 1.1551e-16 172007.81 3 
172310.35 1.1247e-16 172924.81 3 
173223.99 1.1574e-16 173841.70 3 
174137.63 1.2027e-16 174758.61 3 
175051.38 1.0647e-16 175675.61 3 
175965.01 1.0921e-16 176592.50 3 
176878.66 1.0354e-16 177509.41 3 
177792.29 1.1010e-16 178426.30 3 
178706.03 1.0819e-16 179343.30 3 
179619.68 9.5050e-17 180260.20 3 
180533.31 1.0199e-16 181177.09 3 
181447.05 8.6899e-17 182094.09 3 
182360.70 1.0907e-16 183011.00 3 
183274.33 1.0701e-16 183927.89 3 
184188.08 1.0129e-16 184844.89 3 
185101.72 1.0902e-16 185761.80 3 
186015.37 1.4874e-16 186678.70 3 
186929.00 3.3165e-16 187595.59 3 
187842.75 2.2488e-16 188512.59 3 
188756.39 1.1631e-16 189429.50 3 
189670.03 1.1548e-16 190346.39 3 
190583.78 1.1715e-16 191263.41 3 
191497.43 1.1163e-16 192180.31 3 
192411.05 1.0924e-16 193097.19 3 
193324.70 1.1269e-16 194014.09 3 
194238.46 1.2121e-16 194931.11 3 
195152.09 1.0745e-16 195848.00 3 
196065.74 9.9130e-17 196764.91 3 
196979.48 1.0243e-16 197681.91 3 
197893.11 9.8465e-17 198598.80 3 
198806.76 9.7214e-17 199515.70 3 
199720.41 8.9847e-17 200432.61 3 
200634.15 1.0527e-16 201349.61 3 
201547.78 1.0872e-16 202266.50 3 
202461.43 1.0974e-16 203183.41 3 
203375.17 1.2209e-16 204100.41 3 
204822.01 1.1788e-16 205552.41 3 
206570.76 1.1805e-16 207307.39 3 
208320.52 1.2339e-16 209063.39 3 
210071.29 1.1509e-16 210820.41 3 
211822.94 1.2344e-16 212578.30 3 
213575.48 1.1891e-16 214337.09 3 
215329.03 1.1860e-16 216096.89 3 
217083.49 1.1922e-16 217857.61 3 
218838.92 1.2792e-16 219619.30 3 
220595.36 1.3171e-16 221382.00 3 
222352.68 1.3152e-16 223145.59 3 
224111.02 1.2818e-16 224910.20 3 
225870.25 1.3182e-16 226675.70 3 
227630.46 1.2550e-16 228442.19 3 
229391.68 1.3477e-16 230209.69 3 
231153.80 1.3563e-16 231978.09 3 
232916.92 1.3428e-16 233747.50 3 
234681.03 1.3219e-16 235517.91 3 
236446.04 1.3300e-16 237289.20 3 
238212.14 1.3507e-16 239061.61 3 
239979.05 1.4128e-16 240834.81 3 
241747.02 1.4155e-16 242609.09 3 
243516.03 1.3197e-16 244384.41 3 
245285.92 1.3734e-16 246160.61 3 
247056.79 1.3894e-16 247937.80 3 
248828.68 1.4066e-16 249716.00 3 
250601.45 1.4772e-16 251495.09 3 
252375.33 1.5023e-16 253275.30 3 
254150.11 1.4815e-16 255056.41 3 
255925.98 1.4861e-16 256838.61 3 
257702.72 1.5076e-16 258621.69 3 
259480.51 1.6086e-16 260405.81 3 
261259.26 1.5465e-16 262190.91 3 
263039.00 1.4891e-16 263977.00 3 
264819.75 1.5082e-16 265764.09 3 
266601.52 1.4903e-16 267552.22 3 
268384.25 1.4935e-16 269341.31 3 
270167.99 1.5233e-16 271131.41 3 
271952.72 1.5215e-16 272922.50 3 
273738.44 1.5461e-16 274714.59 3 
275525.29 1.5346e-16 276507.81 3 
277313.01 1.5418e-16 278301.91 3 
279101.72 1.5628e-16 280097.00 3 
280891.53 1.6340e-16 281893.19 3 
282682.36 1.6326e-16 283690.41 3 
284474.07 1.5638e-16 285488.50 3 
286266.86 1.5774e-16 287287.69 3 
288060.68 1.6037e-16 289087.91 3 
289855.59 1.6111e-16 290889.22 3 
291651.47 1.6406e-16 292691.50 3 
293448.28 1.6480e-16 294494.72 3 
295246.25 1.6662e-16 296299.09 3 
297045.14 1.6799e-16 298104.41 3 
298845.10 1.6603e-16 299910.78 3 
300646.08 1.6457e-16 301718.19 3 
302448.06 1.6980e-16 303526.59 3 
304251.13 1.6365e-16 305336.09 3 
306055.20 1.6714e-16 307146.59 3 
307860.26 1.6507e-16 308958.09 3 
309666.42 1.6805e-16 310770.69 3 
311473.69 1.6490e-16 312584.41 3 
313281.93 1.6546e-16 314399.09 3 
315091.20 1.7351e-16 316214.81 3 
316901.43 1.7171e-16 318031.50 3 
318712.88 1.7419e-16 319849.41 3 
320525.23 1.7514e-16 321668.22 3 
322338.73 1.7734e-16 323488.19 3 
324153.16 1.7280e-16 325309.09 3 
325968.78 1.7695e-16 327131.19 3 
327785.43 1.7785e-16 328954.31 3 
329603.01 1.8170e-16 330778.38 3 
331421.74 1.8685e-16 332603.59 3 
333241.57 2.5688e-16 334429.91 3 
335062.45 3.3588e-16 336257.28 3 
336884.39 2.1272e-16 338085.72 3 
338707.36 1.9498e-16 339915.19 3 
340531.35 1.8247e-16 341745.69 3 
342356.47 1.7922e-16 343577.31 3 
344182.77 1.8098e-16 345410.12 3 
346009.94 2.2784e-16 347243.81 3 
347838.33 3.3681e-16 349078.72 3 
