# Please reference the following sources for the spectra:
#    Optical spectrum -- Kirkpatrick et al. (2008, ApJ, 689, 1295)
#    Near-infrared spectrum -- Burgasser et al. (2004, AJ, 127, 2856)
# 
# 2MASS photometry:
#    J = 15.695+/-0.058 mag
#    H = 15.537+/-0.113 mag
#    Ks= 15.429+/-0.201 mag
#
# Column legend:
#    Column 1 -- Wavelength in um
#    Column 2 -- Flux in units of erg/cm^2/s/um
#
     0.626800  2.28607e-18
     0.626986  2.88918e-18
     0.627173  5.13372e-18
     0.627359  4.94079e-18
     0.627546 -1.91462e-19
     0.627732  1.14415e-18
     0.627919  6.40407e-18
     0.628106  2.11285e-18
     0.628292  6.10792e-18
     0.628479  8.09296e-18
     0.628665  6.09411e-18
     0.628852  3.53979e-18
     0.629039  8.17797e-18
     0.629225  6.73969e-18
     0.629412  5.89570e-18
     0.629598 -7.53359e-18
     0.629785  1.27572e-17
     0.629972  6.96172e-19
     0.630158  1.29622e-17
     0.630345  2.41956e-17
     0.630531  3.04114e-18
     0.630718  6.51123e-18
     0.630904  9.94620e-18
     0.631091  6.41272e-18
     0.631278  6.64374e-19
     0.631464 -6.86475e-18
     0.631651  5.37917e-18
     0.631837  1.05170e-17
     0.632024  3.11471e-18
     0.632211  1.93995e-18
     0.632397  8.46680e-18
     0.632584 -1.29212e-18
     0.632770 -5.18416e-19
     0.632957 -1.09988e-19
     0.633144 -1.60668e-18
     0.633330  1.09715e-18
     0.633517 -5.55460e-18
     0.633703 -4.01490e-18
     0.633890  1.13473e-18
     0.634077  3.82711e-18
     0.634263 -1.39323e-19
     0.634450 -2.74692e-18
     0.634636  1.84352e-18
     0.634823  4.47563e-18
     0.635009  1.75641e-18
     0.635196 -1.70281e-18
     0.635383 -1.55088e-18
     0.635569 -5.24395e-18
     0.635756  4.44884e-18
     0.635942  1.69673e-17
     0.636129  9.82215e-18
     0.636316  9.59172e-18
     0.636502  1.10469e-17
     0.636689  7.31102e-18
     0.636875 -2.29832e-18
     0.637062 -7.29375e-18
     0.637249 -8.31587e-18
     0.637435 -3.94396e-18
     0.637622 -1.60976e-18
     0.637808 -9.53622e-19
     0.637995  2.42650e-18
     0.638181  4.91917e-18
     0.638368  2.36162e-18
     0.638555 -3.20631e-18
     0.638741 -1.66555e-19
     0.638928 -1.02410e-18
     0.639114 -7.59938e-21
     0.639301 -6.30662e-18
     0.639488  5.05022e-19
     0.639674  4.94739e-18
     0.639861 -1.90234e-18
     0.640047  1.49726e-19
     0.640234  1.29604e-18
     0.640421  9.79830e-18
     0.640607  4.11351e-18
     0.640794  6.64403e-18
     0.640980  3.76104e-18
     0.641167  9.03659e-18
     0.641353  8.69292e-18
     0.641540  2.70158e-18
     0.641727  2.07285e-19
     0.641913  5.16696e-18
     0.642100  5.76267e-18
     0.642287 -8.59622e-20
     0.642473 -8.68607e-19
     0.642660 -2.26666e-18
     0.642846 -5.52219e-19
     0.643033  5.56368e-18
     0.643219  4.61868e-18
     0.643406 -1.07021e-19
     0.643593 -5.60847e-19
     0.643779 -3.35639e-20
     0.643966 -6.67480e-18
     0.644152 -1.08289e-18
     0.644339  3.94826e-19
     0.644525 -5.85231e-19
     0.644712 -7.02307e-19
     0.644899  6.20799e-19
     0.645085  9.26795e-19
     0.645272  7.13583e-18
     0.645459 -2.91628e-18
     0.645645 -5.36499e-18
     0.645832  1.52345e-19
     0.646018  1.02818e-18
     0.646205 -2.82964e-19
     0.646392  1.02671e-18
     0.646578  1.99564e-18
     0.646765 -4.27952e-18
     0.646951  6.71132e-18
     0.647138 -1.21600e-19
     0.647324 -2.35208e-18
     0.647511 -9.41378e-20
     0.647698  4.18424e-18
     0.647884  1.97689e-19
     0.648071  4.72384e-18
     0.648257  7.77632e-18
     0.648444 -2.91831e-18
     0.648630 -3.11440e-18
     0.648817 -1.72008e-19
     0.649004  2.05420e-18
     0.649190  3.69955e-18
     0.649377 -1.25103e-18
     0.649563 -5.53435e-18
     0.649750 -7.15727e-18
     0.649937 -7.63829e-18
     0.650123 -2.67862e-18
     0.650310  3.80684e-18
     0.650496  5.33960e-18
     0.650683  2.13570e-18
     0.650870  1.84277e-18
     0.651056  9.68769e-19
     0.651243  8.50362e-19
     0.651429  5.12966e-20
     0.651616  2.52833e-18
     0.651802 -1.18162e-19
     0.651989 -2.10132e-18
     0.652176 -5.66723e-18
     0.652362 -2.82059e-18
     0.652549 -9.34658e-19
     0.652735  1.64446e-18
     0.652922  1.90838e-18
     0.653109 -2.73596e-18
     0.653295  1.32442e-18
     0.653482 -2.62347e-18
     0.653669  2.06783e-18
     0.653855  1.06213e-17
     0.654042  3.89438e-18
     0.654228  3.64506e-21
     0.654415 -1.35903e-18
     0.654601 -1.52445e-19
     0.654788 -2.42915e-18
     0.654975  6.34623e-19
     0.655161  3.71855e-18
     0.655348  1.62691e-18
     0.655534  9.31426e-18
     0.655721  1.00128e-18
     0.655908  2.87736e-18
     0.656094 -3.87280e-18
     0.656281 -2.41964e-18
     0.656467  1.90338e-18
     0.656654  2.25590e-18
     0.656841 -8.08275e-19
     0.657027  6.38862e-19
     0.657214  9.94076e-18
     0.657400  1.17576e-18
     0.657587  5.92553e-18
     0.657773  6.19669e-18
     0.657960 -2.03347e-19
     0.658147 -5.20876e-19
     0.658333 -1.14374e-18
     0.658520  8.38112e-19
     0.658706  3.03513e-18
     0.658893  5.23367e-18
     0.659079  4.19970e-18
     0.659266  5.40619e-18
     0.659453  4.69161e-20
     0.659639 -2.94099e-18
     0.659826 -2.68263e-18
     0.660012  3.94762e-19
     0.660199  1.42450e-18
     0.660386  4.39868e-18
     0.660572  4.46658e-18
     0.660759  9.19081e-19
     0.660946  1.89118e-18
     0.661132  2.51686e-18
     0.661319 -1.73318e-19
     0.661505 -2.09347e-18
     0.661692 -1.99775e-18
     0.661878 -1.93328e-18
     0.662065  4.94281e-18
     0.662252  5.82293e-18
     0.662438  1.82951e-18
     0.662625 -2.57321e-18
     0.662811 -3.16057e-18
     0.662998 -1.47919e-18
     0.663185 -4.77147e-18
     0.663371 -3.70203e-18
     0.663558 -2.70168e-18
     0.663744 -1.00154e-18
     0.663931 -5.39088e-19
     0.664117 -6.98638e-19
     0.664304 -4.42775e-18
     0.664491 -3.46978e-19
     0.664677 -2.12169e-18
     0.664864 -2.78670e-18
     0.665050  3.47350e-18
     0.665237  1.64332e-18
     0.665424  3.33128e-18
     0.665610 -5.37636e-19
     0.665797 -3.84815e-19
     0.665983  3.69398e-18
     0.666170  1.31214e-18
     0.666357 -1.40430e-18
     0.666543  1.14874e-19
     0.666730  3.57402e-18
     0.666916 -5.44160e-18
     0.667103 -8.96582e-18
     0.667289  5.97938e-19
     0.667476  2.17558e-18
     0.667663  7.62182e-19
     0.667849  2.58945e-19
     0.668036  3.29328e-18
     0.668222  5.34702e-18
     0.668409  1.90765e-18
     0.668596 -4.09937e-18
     0.668782  1.28203e-18
     0.668969  1.11687e-18
     0.669155  7.79628e-19
     0.669342  2.86373e-18
     0.669529  3.97688e-18
     0.669715  3.89523e-18
     0.669902  3.69647e-18
     0.670088  3.31049e-18
     0.670275  4.51796e-18
     0.670462  8.09027e-18
     0.670648  3.52456e-18
     0.670835 -1.78623e-18
     0.671021 -8.34597e-19
     0.671208  5.53018e-18
     0.671394  6.49851e-18
     0.671581  2.03715e-18
     0.671768 -3.04384e-18
     0.671954  4.71153e-18
     0.672141  3.04232e-18
     0.672327  3.34937e-18
     0.672514  5.76047e-18
     0.672701  3.92981e-18
     0.672887  1.48963e-18
     0.673074  4.10021e-18
     0.673260  2.46863e-18
     0.673447  2.64569e-18
     0.673634  6.92745e-18
     0.673820  2.95324e-18
     0.674007 -6.70821e-19
     0.674193  6.88679e-18
     0.674380  1.04098e-17
     0.674567  3.10831e-18
     0.674753  1.25957e-18
     0.674940  4.58338e-18
     0.675126 -1.27794e-18
     0.675313  1.27490e-18
     0.675499  5.78607e-18
     0.675686  3.92892e-18
     0.675873  2.73115e-19
     0.676059  3.92938e-18
     0.676246  5.65590e-18
     0.676432  6.04399e-18
     0.676619  6.19095e-18
     0.676806  1.02230e-18
     0.676992  3.00991e-20
     0.677179  1.70734e-18
     0.677365  4.43923e-18
     0.677552  1.33187e-18
     0.677739  2.13740e-18
     0.677925  3.55035e-18
     0.678112  8.09525e-19
     0.678298  4.01810e-18
     0.678485  2.85697e-19
     0.678671  3.85858e-18
     0.678858  4.74936e-18
     0.679045  1.89799e-18
     0.679231  2.59704e-18
     0.679418  5.06347e-18
     0.679604  3.79170e-18
     0.679791 -7.60113e-19
     0.679978 -1.14613e-18
     0.680164 -5.56859e-19
     0.680351  4.75101e-18
     0.680537  2.46973e-18
     0.680724  3.42086e-18
     0.680911  5.97354e-18
     0.681097  3.87056e-18
     0.681284 -8.64468e-20
     0.681470 -1.15509e-18
     0.681657  4.46254e-18
     0.681844  8.54596e-20
     0.682030 -1.03040e-18
     0.682217 -2.69080e-18
     0.682403  2.28082e-18
     0.682590  4.19383e-18
     0.682777 -6.23781e-18
     0.682963 -1.12291e-18
     0.683150  5.43460e-18
     0.683336  3.89242e-18
     0.683523 -1.32801e-18
     0.683710 -1.90489e-18
     0.683896 -9.21561e-18
     0.684083 -1.93395e-18
     0.684269  2.02943e-18
     0.684456 -6.11780e-19
     0.684642  2.16918e-18
     0.684829  3.63668e-18
     0.685016  5.36341e-18
     0.685202  5.93529e-18
     0.685389 -2.61386e-19
     0.685575 -5.99448e-21
     0.685762 -1.17993e-18
     0.685948 -5.01049e-18
     0.686135 -1.48603e-18
     0.686322  3.44595e-18
     0.686508  1.36449e-18
     0.686695  1.28966e-18
     0.686881  5.09530e-18
     0.687068  1.99359e-18
     0.687255  2.69473e-18
     0.687441  3.28866e-18
     0.687628  8.66867e-19
     0.687814 -1.88734e-18
     0.688001 -1.62446e-18
     0.688188  4.44265e-18
     0.688374  3.42927e-18
     0.688561  1.17091e-18
     0.688747  2.79358e-18
     0.688934  9.91180e-18
     0.689121  7.80777e-18
     0.689307  4.91034e-18
     0.689494  8.71369e-18
     0.689680  6.14850e-18
     0.689867  9.59677e-19
     0.690054 -1.32216e-18
     0.690240  2.91872e-18
     0.690427  2.60070e-18
     0.690613  1.02972e-18
     0.690800  3.55168e-18
     0.690987  2.94501e-18
     0.691173  1.77279e-18
     0.691360 -1.53294e-18
     0.691546  2.86551e-18
     0.691733  3.36085e-18
     0.691919  6.47028e-18
     0.692106  1.02192e-17
     0.692293 -3.41785e-19
     0.692479 -5.04736e-18
     0.692666 -2.44856e-18
     0.692852 -1.32800e-19
     0.693039  1.20568e-21
     0.693226 -2.65286e-18
     0.693412  8.15277e-20
     0.693599  4.14949e-18
     0.693785  6.79338e-18
     0.693972 -2.53486e-18
     0.694158  2.71593e-19
     0.694345  3.41021e-18
     0.694532  8.13436e-19
     0.694718 -3.46085e-19
     0.694905  5.55868e-18
     0.695091  6.59188e-18
     0.695278  7.10640e-18
     0.695465  2.72345e-18
     0.695651  2.86705e-18
     0.695838  4.71825e-18
     0.696024 -3.73591e-18
     0.696211 -1.84360e-18
     0.696398  2.98803e-18
     0.696584  1.48179e-18
     0.696771  3.40787e-18
     0.696957 -2.57162e-18
     0.697144  1.44228e-18
     0.697331  5.99589e-18
     0.697517  3.82846e-18
     0.697704  6.13688e-18
     0.697890 -2.66597e-18
     0.698077 -1.57790e-18
     0.698263  1.90725e-18
     0.698450  2.52747e-19
     0.698637  4.40595e-18
     0.698823  3.70862e-18
     0.699010  2.09158e-18
     0.699196  2.17578e-18
     0.699383 -2.97304e-18
     0.699570 -4.14173e-18
     0.699756  2.46579e-18
     0.699943  4.99587e-18
     0.700129  3.18480e-20
     0.700316  1.52957e-18
     0.700503 -2.72551e-19
     0.700689  5.76491e-19
     0.700876  4.12209e-18
     0.701062  3.47607e-18
     0.701249  5.51529e-18
     0.701436 -6.21331e-20
     0.701622 -1.55191e-18
     0.701809  8.96764e-19
     0.701995  4.83269e-19
     0.702182  2.33246e-18
     0.702368  3.92858e-18
     0.702555  6.31419e-18
     0.702742  3.51809e-18
     0.702928  2.19245e-18
     0.703115  2.66603e-18
     0.703301  2.53864e-18
     0.703488  3.84105e-18
     0.703675  2.92514e-18
     0.703861  1.92301e-18
     0.704048 -1.04272e-18
     0.704234  2.85709e-18
     0.704421  5.52384e-18
     0.704608  4.35819e-18
     0.704794  4.31396e-18
     0.704981  2.67988e-18
     0.705167 -5.24122e-19
     0.705354  2.25871e-19
     0.705540 -1.62299e-18
     0.705727 -1.33638e-18
     0.705914  2.12807e-18
     0.706100  4.52884e-18
     0.706287  2.62273e-18
     0.706473  2.40165e-19
     0.706660  2.28657e-19
     0.706847  8.04035e-20
     0.707033  3.00575e-18
     0.707220  3.49865e-18
     0.707406  3.59111e-18
     0.707593  1.67839e-18
     0.707780  1.53521e-18
     0.707966 -5.30826e-19
     0.708153  1.43153e-19
     0.708339  2.72093e-18
     0.708526  6.27683e-18
     0.708713  7.95762e-18
     0.708899  3.38101e-18
     0.709086  3.06811e-18
     0.709272  6.71374e-18
     0.709459  3.91686e-18
     0.709646  2.55377e-18
     0.709832  3.53916e-18
     0.710019  5.26748e-18
     0.710205  8.09505e-18
     0.710392  2.58632e-18
     0.710578  3.93443e-18
     0.710765 -2.96907e-20
     0.710952 -8.65066e-19
     0.711138  3.67825e-18
     0.711325  4.72923e-18
     0.711511  5.68374e-18
     0.711698  7.78929e-18
     0.711885  2.49155e-18
     0.712071  2.34538e-18
     0.712258 -1.28849e-18
     0.712444  6.23755e-18
     0.712631  8.58655e-18
     0.712817  9.06629e-19
     0.713004 -1.66021e-18
     0.713191  3.19277e-19
     0.713377  1.92549e-18
     0.713564  4.86724e-18
     0.713750  1.48311e-18
     0.713937  3.53075e-18
     0.714124  1.64736e-18
     0.714310  4.96421e-18
     0.714497 -2.17627e-19
     0.714683  7.72202e-18
     0.714870  3.34876e-18
     0.715057  4.16947e-18
     0.715243  4.91795e-18
     0.715430  4.26920e-18
     0.715616  4.56718e-18
     0.715803  2.38633e-18
     0.715990  2.59784e-18
     0.716176  3.35140e-18
     0.716363  1.27235e-18
     0.716549  3.63408e-18
     0.716736  9.65973e-19
     0.716923  1.69832e-18
     0.717109  1.35378e-18
     0.717296  3.20016e-18
     0.717482  2.53157e-18
     0.717669  1.88832e-18
     0.717855  3.66625e-18
     0.718042  2.03947e-18
     0.718229  2.34939e-18
     0.718415  9.26372e-19
     0.718602  3.32222e-18
     0.718788  4.04123e-18
     0.718975  1.69503e-18
     0.719162  3.73885e-18
     0.719348  4.99235e-19
     0.719535  4.70202e-18
     0.719721  5.74518e-18
     0.719908  1.62279e-18
     0.720095  1.27363e-20
     0.720281  1.05724e-18
     0.720468  5.02983e-18
     0.720654  4.88457e-18
     0.720841  1.23018e-18
     0.721027 -3.82706e-19
     0.721214  1.58518e-18
     0.721401  1.74088e-18
     0.721587  1.36499e-18
     0.721774  5.42080e-18
     0.721960  4.11500e-18
     0.722147 -3.98646e-19
     0.722334 -1.46286e-18
     0.722520  2.33759e-18
     0.722707  3.35921e-18
     0.722893  3.24497e-18
     0.723080  5.13794e-18
     0.723267  3.33104e-18
     0.723453  3.26282e-18
     0.723640  6.04320e-18
     0.723826  1.14276e-17
     0.724013  7.41297e-18
     0.724200  1.46816e-18
     0.724386  6.24172e-18
     0.724573  5.66673e-18
     0.724759  3.96878e-18
     0.724946  3.33236e-18
     0.725133 -5.99132e-19
     0.725319  7.95782e-19
     0.725506 -3.39034e-19
     0.725692 -1.99765e-19
     0.725879  5.13083e-18
     0.726065  8.47090e-18
     0.726252  2.58455e-18
     0.726439 -2.74148e-18
     0.726625  4.62052e-18
     0.726812  5.67071e-18
     0.726998 -2.34502e-18
     0.727185  3.37405e-18
     0.727372 -2.53308e-18
     0.727558  2.43054e-18
     0.727745  6.64732e-18
     0.727931  1.30133e-18
     0.728118 -5.80540e-19
     0.728305  2.25525e-18
     0.728491  7.21278e-18
     0.728678  6.20932e-18
     0.728864  1.60414e-18
     0.729051  4.29973e-19
     0.729237  6.77826e-18
     0.729424  4.59172e-18
     0.729611 -5.37101e-19
     0.729797  5.31252e-18
     0.729984  9.82202e-18
     0.730170  4.70769e-18
     0.730357 -1.29351e-18
     0.730544 -3.46160e-18
     0.730730  6.68001e-19
     0.730917  3.69093e-18
     0.731103 -7.43622e-19
     0.731290  9.43918e-20
     0.731476  2.74130e-18
     0.731663  9.43582e-18
     0.731850  6.06718e-18
     0.732036  4.97056e-18
     0.732223 -2.47060e-19
     0.732410  3.83365e-18
     0.732596  1.00477e-17
     0.732783  7.85756e-18
     0.732969  3.44080e-18
     0.733156 -1.21983e-19
     0.733342  1.75981e-18
     0.733529  3.73239e-19
     0.733716 -6.13099e-19
     0.733902  6.78404e-18
     0.734089  4.78128e-18
     0.734275 -1.39160e-17
     0.734462 -4.54266e-18
     0.734648  4.58638e-18
     0.734835  3.89064e-18
     0.735022  1.28706e-18
     0.735208 -3.72647e-18
     0.735395  1.65835e-18
     0.735582  5.95487e-18
     0.735768  7.36035e-18
     0.735955 -1.91804e-18
     0.736141  4.05375e-18
     0.736328  1.25961e-18
     0.736515 -2.08423e-18
     0.736701  1.25792e-19
     0.736888  8.03215e-18
     0.737074  8.75508e-18
     0.737261  6.81751e-18
     0.737447 -1.24771e-18
     0.737634 -1.67731e-18
     0.737821  3.22618e-18
     0.738007  2.26926e-18
     0.738194  1.54416e-18
     0.738380  1.12922e-18
     0.738567  2.43119e-18
     0.738753 -6.28229e-19
     0.738940  7.62572e-18
     0.739127  3.63676e-18
     0.739313  3.64437e-18
     0.739500  4.15466e-18
     0.739687  3.67755e-18
     0.739873  1.46659e-18
     0.740060  3.96064e-18
     0.740246  8.68466e-18
     0.740433  4.87470e-18
     0.740619  1.12067e-17
     0.740806  4.39015e-18
     0.740993  5.59642e-18
     0.741179  1.72049e-18
     0.741366  1.33745e-18
     0.741552 -2.23005e-18
     0.741739 -4.67018e-19
     0.741925  4.60112e-18
     0.742112  6.30147e-18
     0.742299  8.60214e-18
     0.742485 -1.63260e-18
     0.742672 -2.67537e-18
     0.742858  4.19438e-18
     0.743045  1.10155e-17
     0.743232  5.44153e-18
     0.743418  4.60604e-18
     0.743605  3.61218e-18
     0.743792  3.34930e-18
     0.743978  4.17391e-18
     0.744165  4.46523e-18
     0.744351  2.81473e-18
     0.744538  1.26485e-19
     0.744724  2.10898e-18
     0.744911  4.46719e-18
     0.745098  1.75786e-18
     0.745284  4.00802e-18
     0.745471  2.20906e-18
     0.745657  7.35329e-19
     0.745844  3.99696e-18
     0.746031  3.35019e-18
     0.746217 -3.56075e-18
     0.746404  4.54327e-19
     0.746590  6.48720e-18
     0.746777  4.13004e-18
     0.746964  8.78297e-18
     0.747150  8.72370e-18
     0.747337  3.82492e-18
     0.747523  4.71076e-18
     0.747710  8.88451e-18
     0.747896  7.97126e-18
     0.748083 -1.20619e-18
     0.748270  3.68325e-18
     0.748456  3.11754e-18
     0.748643  2.54474e-18
     0.748829 -8.82981e-19
     0.749016  2.97026e-18
     0.749203  9.22656e-19
     0.749389  6.83108e-18
     0.749576  2.60867e-18
     0.749762  1.85168e-18
     0.749949  3.57553e-18
     0.750135 -1.78702e-18
     0.750322 -1.29368e-18
     0.750509  5.39500e-18
     0.750695  6.31317e-19
     0.750882 -2.60762e-18
     0.751069  3.13606e-18
     0.751255  2.30385e-18
     0.751442  3.51935e-18
     0.751628  2.52546e-18
     0.751815  2.02916e-18
     0.752001  4.44617e-18
     0.752188 -1.85166e-18
     0.752375  1.89642e-18
     0.752561  1.36882e-18
     0.752748 -3.40444e-18
     0.752934 -4.27005e-18
     0.753121  2.45970e-18
     0.753308  6.50137e-18
     0.753494  6.22464e-18
     0.753681 -6.29857e-19
     0.753867  1.36652e-18
     0.754054  5.24774e-18
     0.754240  3.83512e-18
     0.754427 -5.39057e-19
     0.754614  3.57246e-18
     0.754800  6.01140e-18
     0.754987  1.83460e-18
     0.755173 -3.13253e-18
     0.755360  1.57529e-19
     0.755547  5.29031e-18
     0.755733  5.78665e-18
     0.755920  2.63679e-18
     0.756106 -2.53287e-18
     0.756293 -1.01709e-18
     0.756480  3.48840e-18
     0.756666  1.27030e-17
     0.756853  8.96777e-18
     0.757039  1.45227e-18
     0.757226 -1.82281e-20
     0.757412  7.10976e-18
     0.757599  4.32025e-18
     0.757786  9.04646e-19
     0.757972 -3.70709e-19
     0.758159  1.29191e-18
     0.758345 -2.53765e-18
     0.758532 -4.39415e-19
     0.758719  4.96328e-18
     0.758905  6.09448e-20
     0.759092  3.11475e-18
     0.759278  5.18216e-18
     0.759465 -1.98114e-18
     0.759652 -5.87966e-18
     0.759838  9.50228e-18
     0.760025  2.04262e-17
     0.760211  1.24830e-17
     0.760398 -1.65872e-18
     0.760585  1.81709e-17
     0.760771  2.40210e-17
     0.760958  1.09446e-17
     0.761144  1.20906e-17
     0.761331  5.53877e-18
     0.761517  1.42659e-18
     0.761704 -4.82770e-19
     0.761891  2.37913e-18
     0.762077  7.94438e-18
     0.762264  2.05729e-18
     0.762451  3.43507e-18
     0.762637  3.66232e-18
     0.762824  2.90116e-18
     0.763010  9.52204e-18
     0.763197  4.82279e-18
     0.763383 -3.93084e-18
     0.763570 -8.10076e-18
     0.763757 -3.44066e-18
     0.763943  2.40401e-18
     0.764130  3.99001e-18
     0.764316  4.91996e-18
     0.764503 -1.43868e-18
     0.764690  3.54321e-19
     0.764876  2.28596e-18
     0.765063 -1.42472e-18
     0.765249  4.16617e-18
     0.765436 -9.82471e-19
     0.765622 -3.02123e-19
     0.765809  4.16240e-18
     0.765996  3.27270e-18
     0.766182  4.83733e-19
     0.766369  3.65181e-18
     0.766555  7.20881e-18
     0.766742  4.25429e-18
     0.766929  6.26748e-18
     0.767115  4.24627e-18
     0.767302  2.39485e-18
     0.767488  7.62619e-19
     0.767675  6.77833e-19
     0.767862  3.26023e-18
     0.768048  4.05947e-18
     0.768235  4.09336e-18
     0.768421  6.87980e-19
     0.768608  2.00128e-18
     0.768794  2.45586e-18
     0.768981 -1.53789e-18
     0.769168  3.28809e-19
     0.769354 -1.54454e-18
     0.769541 -7.46377e-19
     0.769727 -2.04522e-18
     0.769914  2.06877e-18
     0.770101 -3.61732e-18
     0.770287 -7.58903e-18
     0.770474 -9.16043e-19
     0.770660  1.01950e-18
     0.770847 -3.31818e-18
     0.771034 -1.79282e-18
     0.771220  1.13158e-17
     0.771407  1.41944e-17
     0.771593  5.04392e-18
     0.771780  5.54989e-18
     0.771967  5.58241e-18
     0.772153  3.89482e-19
     0.772340  8.10210e-18
     0.772526 -6.11010e-18
     0.772713 -5.74672e-18
     0.772900 -2.40959e-18
     0.773086  3.60270e-18
     0.773273  5.98414e-18
     0.773459  2.47262e-19
     0.773646 -4.29234e-18
     0.773832  3.55319e-18
     0.774019 -4.58673e-19
     0.774206 -8.32003e-19
     0.774392  2.45190e-18
     0.774579  5.12547e-18
     0.774765 -5.41379e-18
     0.774952 -9.41304e-18
     0.775139  7.67148e-18
     0.775325  1.95250e-17
     0.775512  8.94345e-18
     0.775698 -2.26746e-18
     0.775885  2.79965e-18
     0.776071  1.18925e-17
     0.776258  1.39007e-17
     0.776445  6.76738e-18
     0.776631  5.70346e-18
     0.776818  1.17314e-19
     0.777004  2.94381e-18
     0.777191  1.01452e-17
     0.777378  3.22765e-18
     0.777564  6.94707e-18
     0.777751  6.62699e-18
     0.777937  7.76274e-18
     0.778124  3.50462e-19
     0.778311  1.85653e-18
     0.778497  5.10436e-18
     0.778684  3.71970e-18
     0.778870  4.66003e-18
     0.779057  5.87406e-18
     0.779244  7.64292e-18
     0.779430  1.09567e-17
     0.779617  1.59721e-17
     0.779803  1.04532e-17
     0.779990  3.22073e-18
     0.780177  9.59320e-18
     0.780363  5.76407e-18
     0.780550  2.86032e-19
     0.780736  1.05907e-18
     0.780923 -4.06733e-18
     0.781110  5.55157e-18
     0.781296  2.61527e-18
     0.781483 -9.20996e-19
     0.781669 -7.99398e-20
     0.781856  3.79865e-18
     0.782042  1.18244e-17
     0.782229  1.59999e-17
     0.782416  1.61853e-17
     0.782602  5.99153e-18
     0.782789  6.41098e-19
     0.782975  1.75709e-18
     0.783162  9.66652e-18
     0.783349  5.69477e-18
     0.783535  1.65860e-18
     0.783722  1.16011e-18
     0.783908  6.25831e-18
     0.784095  1.15615e-17
     0.784281  2.34515e-18
     0.784468 -7.07851e-19
     0.784655 -3.56378e-19
     0.784841  1.15723e-17
     0.785028  1.13701e-17
     0.785214  3.80676e-18
     0.785401  1.13999e-17
     0.785588  1.43094e-17
     0.785774  4.45215e-18
     0.785961  6.71374e-18
     0.786147  1.39338e-18
     0.786334  2.11605e-18
     0.786521  8.36270e-18
     0.786707  1.01380e-17
     0.786894  1.71017e-17
     0.787080  1.18805e-17
     0.787267  7.37547e-19
     0.787454  1.10475e-17
     0.787640  1.64235e-17
     0.787827  1.86827e-17
     0.788013  4.51277e-18
     0.788200  2.71682e-18
     0.788387  2.96168e-18
     0.788573  1.23516e-17
     0.788760  2.10257e-17
     0.788946  1.82153e-17
     0.789133  1.59480e-17
     0.789319  8.86570e-18
     0.789506  9.12173e-18
     0.789693  1.34344e-17
     0.789879  2.09762e-18
     0.790066  2.41972e-18
     0.790252  1.09381e-17
     0.790439  1.21533e-17
     0.790626  6.91770e-18
     0.790812  2.99328e-19
     0.790999  2.60770e-18
     0.791185  9.88720e-18
     0.791372  1.36247e-17
     0.791559  1.41639e-17
     0.791745  1.62924e-17
     0.791932  1.51611e-17
     0.792118  1.65938e-17
     0.792305  1.29514e-17
     0.792491  1.28873e-17
     0.792678  5.52103e-18
     0.792865  2.03851e-17
     0.793051  1.81688e-17
     0.793238  4.80413e-18
     0.793424 -5.98496e-20
     0.793611  1.11572e-17
     0.793798  1.01784e-17
     0.793984  1.21082e-17
     0.794171  7.79513e-18
     0.794357  2.07465e-18
     0.794544  3.83490e-18
     0.794731 -4.39116e-19
     0.794917  7.79681e-19
     0.795104  5.12489e-18
     0.795290  5.35897e-18
     0.795477  9.03027e-18
     0.795663  1.12213e-17
     0.795850  1.10928e-17
     0.796037  2.38190e-17
     0.796223  1.37484e-17
     0.796410  1.02817e-17
     0.796596  8.77027e-18
     0.796783  5.33864e-18
     0.796970  1.49698e-17
     0.797156  1.95819e-17
     0.797343  1.65395e-17
     0.797529  1.25290e-17
     0.797716  1.27404e-17
     0.797903  8.56645e-18
     0.798089  1.31629e-17
     0.798276  1.63894e-17
     0.798462  8.61524e-18
     0.798649  1.60136e-17
     0.798836  1.69185e-17
     0.799022  2.13456e-17
     0.799209  1.31055e-17
     0.799395  1.52982e-17
     0.799582  1.63443e-17
     0.799769  1.46890e-17
     0.799955  1.79586e-17
     0.800142  2.17940e-17
     0.800328  1.88122e-17
     0.800515  1.57296e-17
     0.800701  1.54586e-17
     0.800888  1.25156e-17
     0.801075  1.46925e-17
     0.801261  2.08272e-17
     0.801448  1.70298e-17
     0.801634  2.00084e-17
     0.801821  1.94564e-17
     0.802008  1.43340e-17
     0.802194  8.68869e-18
     0.802381  2.12851e-17
     0.802567  2.15462e-17
     0.802754  1.07815e-17
     0.802940  1.27272e-17
     0.803127  1.48829e-17
     0.803314  1.68359e-17
     0.803500  1.92322e-17
     0.803687  2.22213e-17
     0.803873  1.66650e-17
     0.804060  1.10377e-17
     0.804247  1.14224e-17
     0.804433  1.54430e-17
     0.804620  2.15994e-17
     0.804806  2.54864e-17
     0.804993  1.29470e-17
     0.805180  1.28253e-17
     0.805366  2.34285e-17
     0.805553  2.04362e-17
     0.805739  2.32570e-17
     0.805926  2.26757e-17
     0.806113  2.11080e-17
     0.806299  3.06808e-17
     0.806486  2.43111e-17
     0.806672  2.13281e-17
     0.806859  1.81976e-17
     0.807046  1.57255e-17
     0.807232  1.92189e-17
     0.807419  1.67713e-17
     0.807605  1.91545e-17
     0.807792  1.91279e-17
     0.807979  2.05523e-17
     0.808165  1.99186e-17
     0.808352  1.25714e-17
     0.808538  1.67294e-17
     0.808725  2.66473e-17
     0.808911  2.33480e-17
     0.809098  1.76424e-17
     0.809285  2.16217e-17
     0.809471  2.55513e-17
     0.809658  2.53696e-17
     0.809844  1.91691e-17
     0.810031  1.62920e-17
     0.810217  2.46038e-17
     0.810404  2.08084e-17
     0.810591  1.68043e-17
     0.810777  2.16386e-17
     0.810964  2.08202e-17
     0.811150  1.80228e-17
     0.811337  1.55247e-17
     0.811524  2.19108e-17
     0.811710  2.47535e-17
     0.811897  2.45063e-17
     0.812083  2.54161e-17
     0.812270  2.76609e-17
     0.812457  2.24947e-17
     0.812643  2.46089e-17
     0.812830  2.79750e-17
     0.813016  2.01942e-17
     0.813203  2.33089e-17
     0.813390  2.73979e-17
     0.813576  1.93212e-17
     0.813763  1.72462e-17
     0.813949  2.08962e-17
     0.814136  2.33749e-17
     0.814323  2.17946e-17
     0.814509  2.25125e-17
     0.814696  2.75410e-17
     0.814882  3.08228e-17
     0.815069  3.31100e-17
     0.815256  2.83205e-17
     0.815442  2.31810e-17
     0.815629  2.66416e-17
     0.815815  3.15768e-17
     0.816002  3.08394e-17
     0.816188  2.65505e-17
     0.816375  2.53978e-17
     0.816562  2.43451e-17
     0.816748  2.50635e-17
     0.816935  3.16138e-17
     0.817121  3.67708e-17
     0.817308  3.22196e-17
     0.817495  2.43774e-17
     0.817681  2.07737e-17
     0.817868  2.73539e-17
     0.818054  2.80152e-17
     0.818241  2.70152e-17
     0.818428  2.55151e-17
     0.818614  2.33352e-17
     0.818801  3.14434e-17
     0.818987  2.90446e-17
     0.819174  2.98614e-17
     0.819360  2.22574e-17
     0.819547  2.23261e-17
     0.819734  3.35718e-17
     0.819920  3.34445e-17
     0.820107  2.41671e-17
     0.820293  2.77967e-17
     0.820480  2.44269e-17
     0.820667  2.60465e-17
     0.820853  3.34929e-17
     0.821040  3.04122e-17
     0.821226  3.20869e-17
     0.821413  3.08043e-17
     0.821599  2.77421e-17
     0.821786  2.86172e-17
     0.821973  3.34685e-17
     0.822159  3.30307e-17
     0.822346  3.11074e-17
     0.822533  2.66851e-17
     0.822719  2.10647e-17
     0.822906  2.36727e-17
     0.823092  3.49221e-17
     0.823279  3.24845e-17
     0.823465  2.58765e-17
     0.823652  2.83191e-17
     0.823839  3.57232e-17
     0.824025  3.89684e-17
     0.824212  3.53873e-17
     0.824398  3.31662e-17
     0.824585  4.03089e-17
     0.824772  3.31684e-17
     0.824958  3.36419e-17
     0.825145  3.12670e-17
     0.825331  3.44323e-17
     0.825518  3.34280e-17
     0.825705  3.45104e-17
     0.825891  3.24259e-17
     0.826078  3.53776e-17
     0.826264  3.52584e-17
     0.826451  3.58435e-17
     0.826638  3.44639e-17
     0.826824  3.37619e-17
     0.827011  3.28936e-17
     0.827197  3.75509e-17
     0.827384  3.73678e-17
     0.827570  3.54010e-17
     0.827757  4.93200e-17
     0.827944  2.81794e-17
     0.828130  2.90776e-17
     0.828317  4.66422e-17
     0.828503  5.33625e-17
     0.828690  4.66831e-17
     0.828877  3.52814e-17
     0.829063  2.76881e-17
     0.829250  3.43524e-17
     0.829436  4.49965e-17
     0.829623  5.82080e-17
     0.829809  3.75751e-17
     0.829996  3.06755e-17
     0.830183  3.68116e-17
     0.830369  4.19261e-17
     0.830556  3.98664e-17
     0.830742  4.54145e-17
     0.830929  3.58545e-17
     0.831116  4.06801e-17
     0.831302  4.56169e-17
     0.831489  5.14391e-17
     0.831675  4.74589e-17
     0.831862  3.23493e-17
     0.832049  2.77504e-17
     0.832235  3.50912e-17
     0.832422  3.60393e-17
     0.832608  3.78205e-17
     0.832795  4.57599e-17
     0.832982  4.77693e-17
     0.833168  4.38088e-17
     0.833355  4.09853e-17
     0.833541  3.51269e-17
     0.833728  3.33467e-17
     0.833914  4.48514e-17
     0.834101  6.93558e-17
     0.834288  6.46651e-17
     0.834474  3.28439e-17
     0.834661  2.97379e-17
     0.834847  3.98584e-17
     0.835034  4.82741e-17
     0.835221  4.96961e-17
     0.835407  4.43648e-17
     0.835594  4.71919e-17
     0.835780  4.76570e-17
     0.835967  4.85783e-17
     0.836154  4.67838e-17
     0.836340  5.05396e-17
     0.836527  4.31544e-17
     0.836713  4.02789e-17
     0.836900  4.59812e-17
     0.837086  4.62580e-17
     0.837273  4.57055e-17
     0.837460  4.23930e-17
     0.837646  4.29737e-17
     0.837833  5.44830e-17
     0.838019  5.64369e-17
     0.838206  5.40779e-17
     0.838393  5.65945e-17
     0.838579  5.85153e-17
     0.838766  4.70761e-17
     0.838952  4.66976e-17
     0.839139  5.63711e-17
     0.839326  5.27265e-17
     0.839512  3.61268e-17
     0.839699  4.55188e-17
     0.839885  6.51104e-17
     0.840072  6.25259e-17
     0.840258  5.79886e-17
     0.840445  4.96638e-17
     0.840632  4.50284e-17
     0.840818  5.10778e-17
     0.841005  5.11909e-17
     0.841192  5.46239e-17
     0.841378  4.75533e-17
     0.841565  4.41869e-17
     0.841751  5.93829e-17
     0.841938  5.73127e-17
     0.842124  4.84242e-17
     0.842311  5.70692e-17
     0.842498  6.01819e-17
     0.842684  6.84983e-17
     0.842871  6.51845e-17
     0.843057  3.84207e-17
     0.843244  4.68585e-17
     0.843431  5.97181e-17
     0.843617  5.10739e-17
     0.843804  5.09292e-17
     0.843990  5.70804e-17
     0.844177  6.13223e-17
     0.844363  6.39698e-17
     0.844550  5.41856e-17
     0.844737  5.70070e-17
     0.844923  6.08714e-17
     0.845110  6.18015e-17
     0.845297  6.12180e-17
     0.845483  6.07589e-17
     0.845670  6.31751e-17
     0.845856  5.76426e-17
     0.846043  6.94505e-17
     0.846229  8.65899e-17
     0.846416  8.20693e-17
     0.846603  7.86489e-17
     0.846789  7.81482e-17
     0.846976  5.84520e-17
     0.847162  5.71480e-17
     0.847349  6.32562e-17
     0.847536  6.28249e-17
     0.847722  6.23483e-17
     0.847909  5.77571e-17
     0.848095  5.78978e-17
     0.848282  6.08216e-17
     0.848468  5.90808e-17
     0.848655  6.30507e-17
     0.848842  5.66456e-17
     0.849028  5.47405e-17
     0.849215  5.92056e-17
     0.849401  7.09713e-17
     0.849588  6.78633e-17
     0.849775  6.70700e-17
     0.849961  6.72766e-17
     0.850148  6.67878e-17
     0.850334  7.80252e-17
     0.850521  6.30411e-17
     0.850708  6.11687e-17
     0.850894  8.32554e-17
     0.851081  7.60019e-17
     0.851267  7.54307e-17
     0.851454  7.03141e-17
     0.851641  6.74285e-17
     0.851827  6.41123e-17
     0.852014  5.67153e-17
     0.852200  5.30342e-17
     0.852387  6.33756e-17
     0.852573  6.46758e-17
     0.852760  6.79876e-17
     0.852947  6.94270e-17
     0.853133  7.36109e-17
     0.853320  7.21043e-17
     0.853506  8.16883e-17
     0.853693  7.85111e-17
     0.853880  7.78035e-17
     0.854066  7.31526e-17
     0.854253  7.61833e-17
     0.854439  7.05963e-17
     0.854626  8.27823e-17
     0.854813  8.27286e-17
     0.854999  8.36109e-17
     0.855186  7.93901e-17
     0.855372  7.43353e-17
     0.855559  6.76301e-17
     0.855745  7.22615e-17
     0.855932  7.42735e-17
     0.856119  8.30001e-17
     0.856305  8.78391e-17
     0.856492  8.03215e-17
     0.856678  7.24732e-17
     0.856865  7.89902e-17
     0.857052  8.44516e-17
     0.857238  8.82800e-17
     0.857425  8.40706e-17
     0.857611  7.28058e-17
     0.857798  7.79910e-17
     0.857985  8.38488e-17
     0.858171  7.76335e-17
     0.858358  7.54784e-17
     0.858544  7.81906e-17
     0.858731  8.02859e-17
     0.858918  8.57485e-17
     0.859104  8.38797e-17
     0.859291  8.07475e-17
     0.859477  7.70166e-17
     0.859664  7.57915e-17
     0.859850  7.28488e-17
     0.860037  8.44563e-17
     0.860224  9.92820e-17
     0.860410  9.52446e-17
     0.860597  8.96307e-17
     0.860783  9.09592e-17
     0.860970  9.15613e-17
     0.861157  9.35975e-17
     0.861343  9.77988e-17
     0.861530  9.48011e-17
     0.861716  9.09518e-17
     0.861903  8.41425e-17
     0.862090  8.78425e-17
     0.862276  9.43159e-17
     0.862463  8.27198e-17
     0.862649  8.64226e-17
     0.862836  9.58507e-17
     0.863023  9.72088e-17
     0.863209  1.06182e-16
     0.863396  9.92040e-17
     0.863582  9.55416e-17
     0.863769  1.05558e-16
     0.863955  1.02557e-16
     0.864142  9.51391e-17
     0.864329  9.16568e-17
     0.864515  9.49341e-17
     0.864702  9.68513e-17
     0.864888  1.00326e-16
     0.865075  8.64992e-17
     0.865262  7.64508e-17
     0.865448  1.05691e-16
     0.865635  1.00727e-16
     0.865821  9.64454e-17
     0.866008  1.10561e-16
     0.866195  1.11376e-16
     0.866381  1.04282e-16
     0.866568  8.92060e-17
     0.866754  1.05255e-16
     0.866941  1.12670e-16
     0.867128  9.36244e-17
     0.867314  1.06736e-16
     0.867501  9.75919e-17
     0.867687  1.01635e-16
     0.867874  1.06826e-16
     0.868060  9.97517e-17
     0.868247  9.86288e-17
     0.868434  1.00746e-16
     0.868620  1.01708e-16
     0.868807  1.03110e-16
     0.868993  9.77021e-17
     0.869180  1.05984e-16
     0.869367  1.16714e-16
     0.869553  1.08431e-16
     0.869740  1.13568e-16
     0.869926  1.12106e-16
     0.870113  1.13312e-16
     0.870300  1.22350e-16
     0.870486  1.13303e-16
     0.870673  1.15068e-16
     0.870859  1.04472e-16
     0.871046  1.09235e-16
     0.871233  1.15513e-16
     0.871419  1.14960e-16
     0.871606  1.08356e-16
     0.871792  1.21109e-16
     0.871979  1.21049e-16
     0.872165  1.11580e-16
     0.872352  1.07936e-16
     0.872539  1.12273e-16
     0.872725  1.19410e-16
     0.872912  1.12800e-16
     0.873098  1.17768e-16
     0.873285  1.12263e-16
     0.873472  1.17735e-16
     0.873658  1.10824e-16
     0.873845  1.14415e-16
     0.874031  1.12616e-16
     0.874218  1.13452e-16
     0.874404  1.16495e-16
     0.874591  1.14493e-16
     0.874778  1.19984e-16
     0.874964  1.23608e-16
     0.875151  1.23163e-16
     0.875337  1.15760e-16
     0.875524  1.17759e-16
     0.875711  1.21607e-16
     0.875897  1.37837e-16
     0.876084  1.38382e-16
     0.876270  1.39108e-16
     0.876457  1.14774e-16
     0.876644  9.94587e-17
     0.876830  1.18842e-16
     0.877017  1.27622e-16
     0.877203  1.35754e-16
     0.877390  1.38510e-16
     0.877577  1.23928e-16
     0.877763  1.52115e-16
     0.877950  1.50331e-16
     0.878136  1.39946e-16
     0.878323  1.27961e-16
     0.878509  1.29270e-16
     0.878696  1.30943e-16
     0.878883  1.40865e-16
     0.879069  1.40326e-16
     0.879256  1.22320e-16
     0.879442  1.24019e-16
     0.879629  1.36993e-16
     0.879816  1.35826e-16
     0.880002  1.21058e-16
     0.880189  1.33350e-16
     0.880375  1.44037e-16
     0.880562  1.34199e-16
     0.880749  1.47784e-16
     0.880935  1.59183e-16
     0.881122  1.36548e-16
     0.881308  1.28596e-16
     0.881495  1.29122e-16
     0.881682  1.23321e-16
     0.881868  1.33545e-16
     0.882055  1.34163e-16
     0.882241  1.38647e-16
     0.882428  1.31908e-16
     0.882614  1.21651e-16
     0.882801  1.39859e-16
     0.882988  1.41903e-16
     0.883174  1.37099e-16
     0.883361  1.47920e-16
     0.883547  1.48720e-16
     0.883734  1.30893e-16
     0.883921  1.30734e-16
     0.884107  1.30995e-16
     0.884294  1.32944e-16
     0.884480  1.39023e-16
     0.884667  1.45731e-16
     0.884854  1.44440e-16
     0.885040  1.42281e-16
     0.885227  1.44243e-16
     0.885413  1.37674e-16
     0.885600  1.36888e-16
     0.885787  1.42012e-16
     0.885973  1.44731e-16
     0.886160  1.52266e-16
     0.886346  1.46808e-16
     0.886533  1.42775e-16
     0.886719  1.46344e-16
     0.886906  1.40507e-16
     0.887093  1.39624e-16
     0.887279  1.38378e-16
     0.887466  1.38124e-16
     0.887652  1.40006e-16
     0.887839  1.34657e-16
     0.888026  1.40131e-16
     0.888212  1.30632e-16
     0.888399  1.35127e-16
     0.888585  1.57506e-16
     0.888772  1.65417e-16
     0.888959  1.46094e-16
     0.889145  1.18355e-16
     0.889332  1.48437e-16
     0.889518  1.50646e-16
     0.889705  1.56098e-16
     0.889892  1.55760e-16
     0.890078  1.44644e-16
     0.890265  1.46317e-16
     0.890451  1.52988e-16
     0.890638  1.47570e-16
     0.890824  1.40170e-16
     0.891011  1.37329e-16
     0.891198  1.36373e-16
     0.891384  1.53998e-16
     0.891571  1.60886e-16
     0.891757  1.68505e-16
     0.891944  1.39945e-16
     0.892131  1.33645e-16
     0.892317  1.30115e-16
     0.892504  1.41401e-16
     0.892690  1.23538e-16
     0.892877  1.16953e-16
     0.893064  1.26044e-16
     0.893250  1.33158e-16
     0.893437  1.24588e-16
     0.893623  1.31672e-16
     0.893810  1.34197e-16
     0.893996  1.27251e-16
     0.894183  9.08248e-17
     0.894370  9.16104e-17
     0.894556  1.07254e-16
     0.894743  1.22561e-16
     0.894929  1.33522e-16
     0.895116  1.35655e-16
     0.895303  1.49530e-16
     0.895489  1.66948e-16
     0.895676  1.63180e-16
     0.895862  1.83568e-16
     0.896049  1.72141e-16
     0.896236  1.40687e-16
     0.896422  1.34743e-16
     0.896609  1.50018e-16
     0.896795  1.54311e-16
     0.896982  1.60555e-16
     0.897169  1.45401e-16
     0.897355  1.36684e-16
     0.897542  1.45545e-16
     0.897728  1.67425e-16
     0.897915  1.72456e-16
     0.898101  1.67120e-16
     0.898288  1.62387e-16
     0.898475  1.80600e-16
     0.898661  1.84121e-16
     0.898848  1.53373e-16
     0.899034  1.44570e-16
     0.899221  1.57429e-16
     0.899408  1.61590e-16
     0.899594  1.78038e-16
     0.899781  1.80081e-16
     0.899967  1.59775e-16
     0.900154  1.74678e-16
     0.900341  1.78382e-16
     0.900527  1.69531e-16
     0.900714  1.73875e-16
     0.900900  1.71881e-16
     0.901087  1.77711e-16
     0.901274  1.84053e-16
     0.901460  1.85575e-16
     0.901647  1.81895e-16
     0.901833  1.80935e-16
     0.902020  1.89502e-16
     0.902206  1.97781e-16
     0.902393  2.05791e-16
     0.902580  2.05238e-16
     0.902766  1.89915e-16
     0.902953  1.85467e-16
     0.903139  2.04683e-16
     0.903326  2.17688e-16
     0.903513  2.20638e-16
     0.903699  2.04379e-16
     0.903886  2.12683e-16
     0.904072  2.27296e-16
     0.904259  2.12843e-16
     0.904446  2.09954e-16
     0.904632  2.01136e-16
     0.904819  2.20700e-16
     0.905005  2.23015e-16
     0.905192  2.26151e-16
     0.905379  2.21788e-16
     0.905565  2.20961e-16
     0.905752  2.19511e-16
     0.905938  2.19413e-16
     0.906125  2.13290e-16
     0.906311  2.24366e-16
     0.906498  2.24178e-16
     0.906685  2.27676e-16
     0.906871  2.23228e-16
     0.907058  2.12454e-16
     0.907244  2.08276e-16
     0.907431  2.03280e-16
     0.907618  2.12742e-16
     0.907804  2.18065e-16
     0.907991  2.21036e-16
     0.908177  2.19219e-16
     0.908364  2.22367e-16
     0.908551  2.28477e-16
     0.908737  2.24355e-16
     0.908924  2.12994e-16
     0.909110  2.14986e-16
     0.909297  2.16586e-16
     0.909483  2.37037e-16
     0.909670  2.42099e-16
     0.909857  2.17752e-16
     0.910043  2.30727e-16
     0.910230  2.37716e-16
     0.910416  2.24380e-16
     0.910603  2.09434e-16
     0.910790  2.07799e-16
     0.910976  2.25832e-16
     0.911163  2.44754e-16
     0.911349  2.42155e-16
     0.911536  2.40506e-16
     0.911723  2.36770e-16
     0.911909  2.32980e-16
     0.912096  2.43480e-16
     0.912282  2.49406e-16
     0.912469  2.53791e-16
     0.912655  2.38058e-16
     0.912842  2.27277e-16
     0.913029  2.17370e-16
     0.913215  2.16463e-16
     0.913402  2.23832e-16
     0.913588  2.28645e-16
     0.913775  2.41403e-16
     0.913962  2.46017e-16
     0.914148  2.64183e-16
     0.914335  2.55372e-16
     0.914521  2.52307e-16
     0.914708  2.53571e-16
     0.914895  2.55908e-16
     0.915081  2.51878e-16
     0.915268  2.38251e-16
     0.915454  2.19783e-16
     0.915641  2.22036e-16
     0.915828  2.44714e-16
     0.916014  2.52663e-16
     0.916201  2.49217e-16
     0.916387  2.48614e-16
     0.916574  2.55248e-16
     0.916760  2.61207e-16
     0.916947  2.50257e-16
     0.917134  2.46927e-16
     0.917320  2.41272e-16
     0.917507  2.31933e-16
     0.917693  2.34853e-16
     0.917880  2.54460e-16
     0.918067  2.70651e-16
     0.918253  2.65427e-16
     0.918440  2.65327e-16
     0.918626  2.67381e-16
     0.918813  2.74982e-16
     0.918999  2.82708e-16
     0.919186  2.83602e-16
     0.919373  2.71341e-16
     0.919559  2.68656e-16
     0.919746  2.82766e-16
     0.919933  2.82909e-16
     0.920119  3.05257e-16
     0.920306  3.28642e-16
     0.920492  3.13661e-16
     0.920679  2.97058e-16
     0.920865  2.91076e-16
     0.921052  2.90690e-16
     0.921239  3.03077e-16
     0.921425  3.07789e-16
     0.921612  2.87150e-16
     0.921798  2.82376e-16
     0.921985  2.91533e-16
     0.922172  3.09556e-16
     0.922358  3.09625e-16
     0.922545  3.00845e-16
     0.922731  3.05167e-16
     0.922918  3.03326e-16
     0.923104  2.92736e-16
     0.923291  3.05909e-16
     0.923478  3.18957e-16
     0.923664  2.92453e-16
     0.923851  2.93845e-16
     0.924038  2.79600e-16
     0.924224  2.73638e-16
     0.924411  2.91170e-16
     0.924597  2.81346e-16
     0.924784  2.74128e-16
     0.924970  2.76341e-16
     0.925157  2.72009e-16
     0.925344  2.65728e-16
     0.925530  2.77719e-16
     0.925717  2.66561e-16
     0.925903  2.48874e-16
     0.926090  2.45114e-16
     0.926277  2.35565e-16
     0.926463  2.23085e-16
     0.926650  2.11607e-16
     0.926836  2.13564e-16
     0.927023  1.85539e-16
     0.927209  1.42631e-16
     0.927396  1.44267e-16
     0.927583  1.28613e-16
     0.927769  1.01201e-16
     0.927956  8.80958e-17
     0.928142  8.27481e-17
     0.928329  8.59710e-17
     0.928516  8.73741e-17
     0.928702  7.27601e-17
     0.928889  8.82988e-17
     0.929075  7.54629e-17
     0.929262  8.64131e-17
     0.929449  9.58285e-17
     0.929635  8.59884e-17
     0.929822  9.07617e-17
     0.930008  1.00119e-16
     0.930195  1.30760e-16
     0.930382  1.05422e-16
     0.930568  1.10660e-16
     0.930755  1.18162e-16
     0.930941  1.37978e-16
     0.931128  1.26608e-16
     0.931314  1.20697e-16
     0.931501  1.27438e-16
     0.931688  1.28486e-16
     0.931874  8.56209e-17
     0.932061  1.14981e-16
     0.932247  1.42355e-16
     0.932434  9.61793e-17
     0.932621  1.19997e-16
     0.932807  1.61143e-16
     0.932994  1.75133e-16
     0.933180  1.61107e-16
     0.933367  1.14959e-16
     0.933554  9.96852e-17
     0.933740  1.02606e-16
     0.933927  8.81825e-17
     0.934113  8.01931e-17
     0.934300  1.17273e-16
     0.934487  1.48027e-16
     0.934673  1.28890e-16
     0.934860  1.31517e-16
     0.935046  1.47497e-16
     0.935233  1.21797e-16
     0.935420  1.13825e-16
     0.935606  1.36616e-16
     0.935793  1.29853e-16
     0.935979  1.34612e-16
     0.936166  1.51707e-16
     0.936352  1.52147e-16
     0.936539  1.65876e-16
     0.936726  1.63057e-16
     0.936912  1.57936e-16
     0.937099  2.76276e-16
     0.937285  3.01384e-16
     0.937472  2.54421e-16
     0.937659  2.47846e-16
     0.937845  1.53742e-16
     0.938032  1.16404e-16
     0.938218  1.39562e-16
     0.938405  1.42541e-16
     0.938591  1.58931e-16
     0.938778  1.76829e-16
     0.938965  1.88446e-16
     0.939151  2.19629e-16
     0.939338  2.25371e-16
     0.939525  2.12851e-16
     0.939711  2.20262e-16
     0.939898  2.63688e-16
     0.940084  2.89822e-16
     0.940271  2.46754e-16
     0.940457  2.38457e-16
     0.940644  2.64719e-16
     0.940831  2.64391e-16
     0.941017  2.79141e-16
     0.941204  2.56299e-16
     0.941390  2.50473e-16
     0.941577  2.75509e-16
     0.941764  2.82524e-16
     0.941950  2.93476e-16
     0.942137  2.40897e-16
     0.942323  2.58008e-16
     0.942510  2.55254e-16
     0.942697  2.57211e-16
     0.942883  2.68382e-16
     0.943070  2.50981e-16
     0.943256  2.61169e-16
     0.943443  2.24009e-16
     0.943630  1.69583e-16
     0.943816  1.04028e-16
     0.944003  1.03747e-17
     0.944189  6.14765e-17
     0.944376  1.39112e-16
     0.944562  2.21820e-16
     0.944749  2.74399e-16
     0.944936  2.69844e-16
     0.945122  2.70905e-16
     0.945309  2.76473e-16
     0.945495  2.36936e-16
     0.945682  1.75564e-16
     0.945869  1.58747e-16
     0.946055  1.57783e-16
     0.946242  2.06168e-16
     0.946428  2.22560e-16
     0.946615  2.37582e-16
     0.946801  2.42221e-16
     0.946988  2.39386e-16
     0.947175  2.23009e-16
     0.947361  1.97700e-16
     0.947548  1.17417e-16
     0.947734  8.10607e-17
     0.947921  1.30121e-16
     0.948108  1.75624e-16
     0.948294  1.69111e-16
     0.948481  2.00076e-16
     0.948667  2.46568e-16
     0.948854  2.47889e-16
     0.949041  2.37930e-16
     0.949227  2.15572e-16
     0.949414  1.96547e-16
     0.949600  1.70087e-16
     0.949787  1.39565e-16
     0.949974  1.32547e-16
     0.950160  1.53596e-16
     0.950347  2.24719e-16
     0.950533  2.74187e-16
     0.950720  2.83747e-16
     0.950906  3.11402e-16
     0.951093  3.11112e-16
     0.951280  3.05313e-16
     0.951466  2.69681e-16
     0.951653  2.34085e-16
     0.951839  1.91361e-16
     0.952026  1.67802e-16
     0.952213  1.85117e-16
     0.952399  2.17120e-16
     0.952586  2.51011e-16
     0.952772  2.93109e-16
     0.952959  2.96401e-16
     0.953146  2.96574e-16
     0.953332  3.11643e-16
     0.953519  3.04323e-16
     0.953705  3.27548e-16
     0.953892  3.41982e-16
     0.954078  3.18921e-16
     0.954265  2.77814e-16
     0.954452  2.64572e-16
     0.954638  2.84764e-16
     0.954825  3.23832e-16
     0.955011  3.52910e-16
     0.955198  2.96590e-16
     0.955385  2.33124e-16
     0.955571  2.17933e-16
     0.955758  1.92461e-16
     0.955944  1.94577e-16
     0.956131  2.30791e-16
     0.956318  2.53736e-16
     0.956504  2.73313e-16
     0.956691  3.26384e-16
     0.956877  3.55913e-16
     0.957064  3.35103e-16
     0.957250  3.17537e-16
     0.957437  3.23587e-16
     0.957624  3.43290e-16
     0.957810  3.24871e-16
     0.957997  2.78102e-16
     0.958183  2.40133e-16
     0.958370  2.40007e-16
     0.958557  2.45129e-16
     0.958743  2.23647e-16
     0.958930  1.81355e-16
     0.959116  2.07868e-16
     0.959303  1.75711e-16
     0.959490  1.71803e-16
     0.959676  2.10980e-16
     0.959863  2.45706e-16
     0.960049  2.70674e-16
     0.960236  2.75306e-16
     0.960423  2.66465e-16
     0.960609  2.69056e-16
     0.960796  2.68051e-16
     0.960982  2.45402e-16
     0.961169  2.15215e-16
     0.961355  1.97059e-16
     0.961542  2.03359e-16
     0.961729  2.11542e-16
     0.961915  2.97918e-16
     0.962102  2.73439e-16
     0.962288  2.47389e-16
     0.962475  2.75023e-16
     0.962662  2.96576e-16
     0.962848  3.20340e-16
     0.963035  3.41070e-16
     0.963221  3.74616e-16
     0.963408  3.81055e-16
     0.963595  3.22979e-16
     0.963781  2.70783e-16
     0.963968  2.59991e-16
     0.964154  2.70200e-16
     0.964341  2.53091e-16
     0.964528  2.75556e-16
     0.964714  3.08762e-16
     0.964901  3.26494e-16
     0.965087  3.29050e-16
     0.965274  3.12050e-16
     0.965460  2.81694e-16
     0.965647  2.92273e-16
     0.965834  3.20482e-16
     0.966020  3.68820e-16
     0.966207  3.52075e-16
     0.966393  2.92026e-16
     0.966580  2.66416e-16
     0.966767  2.77128e-16
     0.966953  3.09719e-16
     0.967140  3.54242e-16
     0.967326  4.00826e-16
     0.967513  4.71456e-16
     0.967700  4.99104e-16
     0.967886  4.97913e-16
     0.968073  4.77441e-16
     0.968259  4.13575e-16
     0.968446  3.89380e-16
     0.968633  3.88542e-16
     0.968819  3.95575e-16
     0.969006  3.62299e-16
     0.969192  3.39948e-16
     0.969379  3.20904e-16
     0.969565  3.27363e-16
     0.969752  3.32487e-16
     0.969939  3.77501e-16
     0.970125  4.53949e-16
     0.970312  4.63605e-16
     0.970498  4.99910e-16
     0.970685  4.90893e-16
     0.970872  4.49047e-16
     0.971058  4.20763e-16
     0.971245  3.66960e-16
     0.971431  3.65973e-16
     0.971618  3.87478e-16
     0.971805  3.92618e-16
     0.971991  3.91746e-16
     0.972178  3.51844e-16
     0.972364  3.42562e-16
     0.972551  3.64571e-16
     0.972737  3.48333e-16
     0.972924  3.33910e-16
     0.973111  3.83605e-16
     0.973297  4.39772e-16
     0.973484  4.26290e-16
     0.973670  3.93365e-16
     0.973857  3.82711e-16
     0.974044  3.98743e-16
     0.974230  4.15227e-16
     0.974417  4.27719e-16
     0.974603  4.29797e-16
     0.974790  4.05927e-16
     0.974977  4.04232e-16
     0.975163  3.90580e-16
     0.975350  3.58421e-16
     0.975536  3.60085e-16
     0.975723  3.57265e-16
     0.975910  3.54817e-16
     0.976096  3.93988e-16
     0.976283  4.14422e-16
     0.976469  4.15106e-16
     0.976656  4.65791e-16
     0.976842  5.20727e-16
     0.977029  5.54502e-16
     0.977216  5.39573e-16
     0.977402  5.14024e-16
     0.977589  5.10800e-16
     0.977775  4.75199e-16
     0.977962  4.46990e-16
     0.978149  4.25970e-16
     0.978335  4.32544e-16
     0.978522  4.83265e-16
     0.978708  4.69480e-16
     0.978895  3.83870e-16
     0.979082  3.64477e-16
     0.979268  3.94764e-16
     0.979455  4.75306e-16
     0.979641  5.23895e-16
     0.979828  5.59384e-16
     0.980015  5.67837e-16
     0.980201  5.34739e-16
     0.980388  5.16554e-16
     0.980574  5.45253e-16
     0.980761  5.56740e-16
     0.980947  5.94141e-16
     0.981134  6.01613e-16
     0.981321  5.54707e-16
     0.981507  4.91015e-16
     0.981694  4.81464e-16
     0.981880  5.34159e-16
     0.982067  5.40250e-16
     0.982254  5.30518e-16
     0.982440  4.98494e-16
     0.982627  5.07886e-16
     0.982813  5.01848e-16
     0.983000  5.47130e-16
     0.983187  5.76695e-16
     0.983373  5.61081e-16
     0.983560  5.44806e-16
     0.983746  5.67775e-16
     0.983933  6.17893e-16
     0.984120  6.22009e-16
     0.984306  5.91951e-16
     0.984493  5.03556e-16
     0.984679  4.55543e-16
     0.984866  5.24976e-16
     0.985052  4.88058e-16
     0.985239  4.89026e-16
     0.985426  5.62774e-16
     0.985612  6.39725e-16
     0.985799  6.16020e-16
     0.985985  6.03705e-16
     0.986172  6.68407e-16
     0.986359  6.51507e-16
     0.986545  6.94189e-16
     0.986732  7.12622e-16
     0.986918  7.26163e-16
     0.987105  7.38602e-16
     0.987292  7.38763e-16
     0.987478  7.11561e-16
     0.987665  7.33777e-16
     0.987851  6.21026e-16
     0.988038  6.36416e-16
     0.988225  6.58700e-16
     0.988411  6.78142e-16
     0.988598  6.78693e-16
     0.988784  6.80353e-16
     0.988971  6.74070e-16
     0.989157  6.73761e-16
     0.989344  6.62257e-16
     0.989531  6.64425e-16
     0.989717  7.03208e-16
     0.989904  6.46571e-16
     0.990090  6.22625e-16
     0.990277  6.79573e-16
     0.990464  7.37359e-16
     0.990650  7.68593e-16
     0.990837  7.73909e-16
     0.991023  8.19625e-16
     0.991210  7.93524e-16
     0.991396  7.79318e-16
     0.991583  8.88928e-16
     0.991770  8.21822e-16
     0.991956  7.49555e-16
     0.992143  7.85192e-16
     0.992329  7.56786e-16
     0.992516  6.52112e-16
     0.992703  6.56648e-16
     0.992889  7.32541e-16
     0.993076  7.26768e-16
     0.993262  7.04726e-16
     0.993449  7.42412e-16
     0.993636  8.30814e-16
     0.993822  7.78445e-16
     0.994009  6.97993e-16
     0.994195  7.63486e-16
     0.994382  7.95003e-16
     0.995976  7.64763e-16
     0.999818  8.35753e-16
      1.00367  9.07435e-16
      1.00754  9.60779e-16
      1.01143  1.04223e-15
      1.01532  1.13630e-15
      1.01923  1.25485e-15
      1.02315  1.28173e-15
      1.02709  1.43836e-15
      1.03103  1.52908e-15
      1.03499  1.65429e-15
      1.03896  1.78544e-15
      1.04295  1.80303e-15
      1.04694  1.94719e-15
      1.05095  2.08661e-15
      1.05496  2.13310e-15
      1.05899  2.24103e-15
      1.06303  2.31496e-15
      1.06708  2.39329e-15
      1.07114  2.46573e-15
      1.07521  2.54035e-15
      1.07929  2.58486e-15
      1.08338  2.49021e-15
      1.08748  2.24468e-15
      1.09159  1.78531e-15
      1.09570  1.30607e-15
      1.09983  1.01690e-15
      1.10396  7.14175e-16
      1.10811  5.13147e-16
      1.11226  3.34710e-16
      1.11642  2.36130e-16
      1.12058  2.47135e-16
      1.12476  2.37398e-16
      1.12894  2.46586e-16
      1.13313  2.56933e-16
      1.13733  1.94941e-16
      1.14153  1.71767e-16
      1.14574  1.94646e-16
      1.14995  1.28451e-16
      1.15418  1.69314e-16
      1.15840  1.18847e-16
      1.16264  1.37457e-16
      1.16688  1.96065e-16
      1.17112  2.18489e-16
      1.17537  2.56171e-16
      1.17963  3.42095e-16
      1.18389  4.39800e-16
      1.18815  5.11344e-16
      1.19242  6.56718e-16
      1.19669  7.78989e-16
      1.20097  9.72740e-16
      1.20525  1.12637e-15
      1.20953  1.30488e-15
      1.21382  1.52105e-15
      1.21811  1.71357e-15
      1.22240  1.90058e-15
      1.22670  2.15332e-15
      1.23100  2.37116e-15
      1.23530  2.63294e-15
      1.23960  2.79851e-15
      1.24391  3.07681e-15
      1.24822  3.31436e-15
      1.25253  3.55437e-15
      1.25684  3.67077e-15
      1.26115  3.94665e-15
      1.26547  3.95294e-15
      1.26978  3.92190e-15
      1.27410  3.87133e-15
      1.27841  3.65031e-15
      1.28273  3.31656e-15
      1.28705  3.01536e-15
      1.29137  2.79197e-15
      1.29569  2.55818e-15
      1.30000  2.29829e-15
      1.30432  2.03803e-15
      1.30864  1.82269e-15
      1.31296  1.58433e-15
      1.31727  1.34885e-15
      1.32159  1.10426e-15
      1.32590  8.07757e-16
      1.33022  4.90010e-16
      1.33453  2.23842e-16
      1.33884  8.37084e-17
      1.34315  6.05254e-17
      1.34746  3.85913e-17
      1.35176  4.07722e-17
      1.35606 -3.42983e-17
      1.36037 -1.63311e-19
      1.36467 -2.20821e-18
      1.36896  4.52208e-17
      1.37326  3.05843e-17
      1.37755 -9.85831e-18
      1.38184  2.35523e-18
      1.38613 -3.93242e-17
      1.39041  5.46055e-17
      1.39469 -2.34144e-17
      1.39897 -1.52019e-17
      1.40324  5.65543e-17
      1.40751 -1.10081e-17
      1.41178  3.48244e-17
      1.41605  1.55831e-17
      1.42031  2.27797e-17
      1.42456  2.05975e-17
      1.42881  4.37002e-17
      1.43306  6.60599e-17
      1.43731  4.00733e-17
      1.44155  7.34214e-17
      1.44578  1.00354e-16
      1.45002  9.32245e-17
      1.45424  1.23902e-16
      1.45846  1.51975e-16
      1.46268  1.33918e-16
      1.46690  1.73700e-16
      1.47110  1.34407e-16
      1.47531  1.45408e-16
      1.47951  1.64503e-16
      1.48370  2.18235e-16
      1.48789  2.33897e-16
      1.49207  2.69664e-16
      1.49625  2.92706e-16
      1.50042  3.03080e-16
      1.50459  3.73495e-16
      1.50875  3.86622e-16
      1.51291  4.85046e-16
      1.51706  5.26935e-16
      1.52121  5.91348e-16
      1.52535  6.72820e-16
      1.52948  7.24564e-16
      1.53361  9.14585e-16
      1.53773  1.00564e-15
      1.54185  1.10993e-15
      1.54596  1.24278e-15
      1.55007  1.31571e-15
      1.55417  1.44515e-15
      1.55826  1.52781e-15
      1.56235  1.67293e-15
      1.56643  1.77950e-15
      1.57050  1.88292e-15
      1.57457  1.99440e-15
      1.57863  2.06355e-15
      1.58269  2.11496e-15
      1.58674  1.96629e-15
      1.59078  1.90745e-15
      1.59482  1.72082e-15
      1.59885  1.49297e-15
      1.60287  1.12821e-15
      1.60689  8.77914e-16
      1.61090  6.17102e-16
      1.61491  4.53865e-16
      1.61891  3.59328e-16
      1.62290  2.61459e-16
      1.62689  2.11510e-16
      1.63087  2.20028e-16
      1.63484  1.72787e-16
      1.63881  1.73429e-16
      1.64276  1.76283e-16
      1.64672  2.21983e-16
      1.65066  2.38759e-16
      1.65460  2.38692e-16
      1.65854  2.59788e-16
      1.66247  2.04234e-16
      1.66639  1.73530e-16
      1.67030  1.05432e-16
      1.67421  1.24649e-16
      1.67811  1.69261e-16
      1.68200  2.09596e-16
      1.68589  2.12704e-16
      1.68977  2.05613e-16
      1.69365  1.61373e-16
      1.69751  1.31492e-16
      1.70138  1.19910e-16
      1.70523  9.59441e-17
      1.70908  1.15126e-16
      1.71292  1.63326e-16
      1.71676  1.93922e-16
      1.72058  2.24702e-16
      1.72441  2.39729e-16
      1.72822  1.85649e-16
      1.73203  1.54193e-16
      1.73584  1.49969e-16
      1.73963  1.32510e-16
      1.74342  1.54397e-16
      1.74721  1.49265e-16
      1.75098  1.43891e-16
      1.75476  1.63574e-16
      1.75852  1.60265e-16
      1.76228  1.30610e-16
      1.76603  1.26740e-16
      1.76978  1.39097e-16
      1.77352  1.04550e-16
      1.77725  1.01021e-16
      1.78098  1.06186e-16
      1.78470  1.14102e-16
      1.78841  9.20579e-17
      1.79212  8.89849e-17
      1.79583  5.43786e-17
      1.79952  4.38571e-17
      1.80321  3.44291e-17
      1.80690  5.03435e-17
      1.81058  1.14821e-16
      1.81425  6.55880e-17
      1.81792  6.95917e-17
      1.82158  1.12524e-16
      1.82523  7.11211e-17
      1.82888  7.84614e-17
      1.83252  1.41959e-17
      1.83616  4.35278e-17
      1.83979  3.82230e-17
      1.84342 -5.16843e-17
      1.84704  1.80070e-17
      1.85065  7.97906e-17
      1.85426  5.16472e-17
      1.85787  7.24100e-17
      1.86146  6.90541e-17
      1.86506  2.27733e-17
      1.86864  2.05684e-17
      1.87222  1.46389e-16
      1.87580  7.60106e-17
      1.87937  1.15671e-16
      1.88293  1.43486e-16
      1.88649  1.09569e-16
      1.89005  1.21727e-16
      1.89360  1.12862e-16
      1.89714  1.54132e-16
      1.90068  1.51763e-16
      1.90421  1.38245e-16
      1.90774  1.36259e-16
      1.91126  9.41472e-17
      1.91477  1.61226e-16
      1.91829  1.51831e-16
      1.92179  1.33255e-16
      1.92529  1.33504e-16
      1.92879  1.35549e-16
      1.93228  5.78770e-17
      1.93577  4.19782e-17
      1.93925  7.59790e-17
      1.94272  5.87423e-17
      1.94620  8.47956e-17
      1.94966  7.29328e-17
      1.95312  7.56101e-17
      1.95658  4.99885e-17
      1.96003  7.26620e-17
      1.96348  1.01656e-16
      1.96692  1.10971e-16
      1.97036  1.23267e-16
      1.97379  1.17779e-16
      1.97721  1.13028e-16
      1.98064  1.27648e-16
      1.98405  1.42521e-16
      1.98747  1.67078e-16
      1.99088  1.64100e-16
      1.99428  1.76197e-16
      1.99768  2.01733e-16
      2.00107  2.35497e-16
      2.00446  2.14529e-16
      2.00785  2.54824e-16
      2.01123  2.52386e-16
      2.01460  2.38903e-16
      2.01797  2.98401e-16
      2.02134  2.81407e-16
      2.02470  3.39475e-16
      2.02806  3.68602e-16
      2.03141  3.32330e-16
      2.03476  3.59389e-16
      2.03810  3.55057e-16
      2.04144  3.91745e-16
      2.04478  3.86692e-16
      2.04811  4.27305e-16
      2.05143  4.58791e-16
      2.05475  3.97891e-16
      2.05807  4.58391e-16
      2.06138  4.71839e-16
      2.06469  4.85919e-16
      2.06799  4.88939e-16
      2.07129  4.78389e-16
      2.07458  4.65245e-16
      2.07787  4.91058e-16
      2.08116  4.83587e-16
      2.08444  4.76732e-16
      2.08771  4.79650e-16
      2.09098  4.64818e-16
      2.09425  4.68281e-16
      2.09751  4.62534e-16
      2.10077  4.45259e-16
      2.10402  4.37824e-16
      2.10727  4.26542e-16
      2.11051  4.41156e-16
      2.11375  4.00002e-16
      2.11699  3.77373e-16
      2.12022  3.94537e-16
      2.12344  3.71289e-16
      2.12667  3.45147e-16
      2.12988  3.39730e-16
      2.13309  3.05743e-16
      2.13630  3.00987e-16
      2.13950  3.03022e-16
      2.14270  2.92666e-16
      2.14589  2.57285e-16
      2.14908  2.80612e-16
      2.15227  2.26776e-16
      2.15545  2.30233e-16
      2.15862  2.17682e-16
      2.16179  2.14585e-16
      2.16496  1.96399e-16
      2.16812  2.00256e-16
      2.17127  1.70338e-16
      2.17442  1.83815e-16
      2.17757  1.60459e-16
      2.18071  1.45009e-16
      2.18385  1.38095e-16
      2.18698  1.40552e-16
      2.19010  1.17080e-16
      2.19323  8.89137e-17
      2.19634  6.29372e-17
      2.19945  3.76155e-17
      2.20256  1.87286e-17
      2.20566  1.68322e-17
      2.20876  1.35398e-17
      2.21185  1.37003e-17
      2.21494  3.64459e-17
      2.21802  4.26768e-17
      2.22110  2.96090e-17
      2.22417  4.18356e-17
      2.22724  1.39812e-17
      2.23030  1.56020e-17
      2.23336  4.27554e-17
      2.23641  1.29274e-17
      2.23946  1.71629e-17
      2.24250  1.89804e-17
      2.24554  7.84056e-18
      2.24857  9.97221e-18
      2.25159  4.54351e-18
      2.25461  2.33994e-17
      2.25763  1.91899e-17
      2.26064  2.70467e-18
      2.26365  1.19336e-17
      2.26665  7.82893e-18
      2.26964  1.07019e-17
      2.27263  1.47658e-17
      2.27562  1.61949e-17
      2.27860  1.35481e-17
      2.28157  1.15728e-17
      2.28454  8.45920e-18
      2.28751  1.68519e-17
      2.29047  3.13965e-18
      2.29342  1.40342e-17
      2.29637 -2.41711e-18
      2.29931  1.04157e-17
      2.30225  4.38125e-18
      2.30518 -3.22960e-18
      2.30811  1.01461e-17
      2.31103  2.06614e-17
      2.31395  2.37303e-17
      2.31687  1.25385e-17
      2.31977  2.81383e-17
      2.32268 -1.34807e-18
      2.32557  2.06209e-17
      2.32847  1.69613e-17
      2.33135 -3.39935e-18
      2.33424  1.59337e-17
      2.33711 -1.19197e-17
      2.33999 -1.17144e-17
      2.34285  5.76493e-18
      2.34572  5.87007e-18
      2.34857  2.12707e-17
      2.35143  1.29357e-17
      2.35428  1.29166e-18
      2.35712  1.34307e-17
      2.35996 -1.96297e-17
      2.36280  2.72621e-17
      2.36563  2.00949e-17
      2.36845 -1.23647e-17
      2.37127 -3.73329e-18
      2.37409 -4.23400e-18
      2.37691 -3.32287e-17
      2.37971 -1.71564e-18
      2.38252  5.07482e-19
      2.38532 -1.96885e-17
      2.38812  1.37829e-17
      2.39091  1.93710e-17
      2.39370  1.98949e-17
      2.39649  1.52948e-17
      2.39927 -1.37573e-17
      2.40205  1.02330e-17
      2.40483  1.69363e-17
      2.40760  4.22747e-17
      2.41037  1.83916e-17
      2.41314  3.10566e-17
      2.41590  4.11904e-17
      2.41867  2.95066e-17
      2.42143  4.56051e-17
      2.42418  2.76775e-17
      2.42694  1.91436e-17
      2.42969  2.62995e-17
      2.43244 -5.34813e-18
      2.43519  6.18220e-17
      2.43794  2.23414e-17
      2.44069  1.98501e-17
      2.44343  4.12189e-17
      2.44618  5.78343e-17
      2.44892  2.86316e-17
      2.45167  2.62428e-17
      2.45441  2.60693e-17
      2.45715  3.50529e-17
      2.45990  2.58082e-17
      2.46264  3.94061e-17
      2.46539  7.60637e-17
      2.46813  4.87698e-17
      2.47088  1.30172e-17
      2.47363  7.98363e-17
      2.47638  2.63335e-17
      2.47913  5.69765e-17
      2.48189  8.40679e-17
      2.48464  1.31189e-17
      2.48740  4.39713e-17
      2.49017  7.47607e-17
      2.49293  2.38336e-17
      2.49570  8.81335e-17
      2.49848  8.46418e-17
      2.50126  6.46555e-17
      2.50404  5.37292e-17
      2.50683  3.54469e-17
      2.50963  5.20539e-18
      2.51243  1.00085e-16
      2.51523  4.70906e-17
      2.51805  5.59302e-17
      2.52087 -5.25911e-17
      2.52370  6.15129e-17
      2.52654 -1.61064e-17
      2.52938 -3.72078e-17
      2.53224 -7.47875e-18
      2.53510  2.66727e-17
      2.53798  1.48361e-16
      2.54086 -2.24691e-16
      2.54376 -1.36662e-16
      2.54667 -1.13984e-17
      2.54959  8.47876e-17
      2.55252  1.02555e-15
      2.55546 -2.44587e-16
      2.55842 -3.28358e-16
