# Please reference the following sources for the spectra:
#    Optical spectrum -- Kirkpatrick et al. (2011, ApJS, 197, 19)
#    Near-infrared spectrum -- Kirkpatrick et al. (2011, ApJS, 197, 19)
# 
# Photometry (on MKO system) from Kirkpatrick et al. (2011, ApJS, 197, 19) :
#    J = 16.53+/-0.02 mag
#    H = 16.63+/-0.03 mag
#
# Column legend:
#    Column 1 -- Wavelength in um
#    Column 2 -- Flux in units of erg/cm^2/s/um
#
     0.580175  2.62333e-17
     0.580293  2.24879e-17
     0.580412 -3.80666e-18
     0.580530 -1.32897e-17
     0.580648  6.02466e-18
     0.580767  8.43527e-18
     0.580885  2.25375e-17
     0.581003  1.21235e-17
     0.581122 -7.66381e-18
     0.581240 -1.40671e-18
     0.581359  1.00497e-19
     0.581477  1.77330e-17
     0.581595  7.64095e-20
     0.581714 -1.03208e-17
     0.581832 -2.58107e-18
     0.581950 -4.00611e-18
     0.582069 -7.07557e-18
     0.582187  1.19899e-19
     0.582305  1.24308e-17
     0.582424  7.42099e-18
     0.582542  3.72015e-18
     0.582660  1.28490e-18
     0.582779  1.30717e-18
     0.582897  8.74936e-18
     0.583015  2.89547e-17
     0.583134  1.72992e-17
     0.583252  9.91756e-18
     0.583370  1.10875e-17
     0.583489 -2.27438e-17
     0.583607 -4.06136e-18
     0.583725  8.56850e-18
     0.583844  1.67829e-17
     0.583962  1.72200e-17
     0.584080 -6.60975e-18
     0.584199 -1.26821e-17
     0.584317  2.11824e-17
     0.584435  2.80200e-17
     0.584554 -2.35981e-17
     0.584672 -1.25548e-17
     0.584790 -9.62983e-18
     0.584909 -3.44198e-18
     0.585027 -1.39427e-17
     0.585146  1.35667e-17
     0.585264  6.97915e-17
     0.585382  5.92816e-17
     0.585501 -1.39812e-17
     0.585619 -4.03858e-17
     0.585737 -2.39929e-17
     0.585856 -1.39596e-17
     0.585974  1.04343e-17
     0.586092  4.34997e-18
     0.586211 -1.30588e-17
     0.586329 -2.47131e-17
     0.586447 -7.14981e-19
     0.586566  7.46297e-18
     0.586684 -8.41086e-18
     0.586802  9.21578e-18
     0.586921 -2.39474e-17
     0.587039 -3.29288e-17
     0.587157 -2.79142e-17
     0.587276 -5.77049e-17
     0.587394 -4.00072e-17
     0.587512  1.75979e-17
     0.587631  1.36418e-17
     0.587749  1.63288e-17
     0.587867  7.24898e-18
     0.587986 -7.86845e-19
     0.588104  1.19641e-17
     0.588222  1.66739e-17
     0.588341  2.13220e-17
     0.588459 -2.55368e-17
     0.588577 -2.20893e-17
     0.588696  2.50032e-17
     0.588814 -1.49358e-19
     0.588932 -3.74612e-17
     0.589051 -4.10523e-17
     0.589169 -1.60727e-17
     0.589287 -1.01375e-17
     0.589406 -2.20865e-17
     0.589524  1.45936e-17
     0.589642 -1.22368e-17
     0.589761  2.77613e-18
     0.589879  8.51355e-18
     0.589998 -1.23625e-17
     0.590116 -4.91932e-18
     0.590234 -3.06390e-18
     0.590353 -6.82648e-18
     0.590471  1.28624e-17
     0.590589  1.24272e-17
     0.590708  9.38867e-18
     0.590826  5.47784e-18
     0.590944  6.53880e-18
     0.591063 -5.22875e-18
     0.591181  4.98212e-18
     0.591299 -6.31687e-18
     0.591418  2.63869e-17
     0.591536  2.51574e-19
     0.591654 -3.02352e-18
     0.591773 -2.99635e-17
     0.591891 -6.12433e-18
     0.592009 -1.27160e-17
     0.592128  2.14623e-17
     0.592246  1.37866e-17
     0.592364  7.41563e-18
     0.592483  2.86878e-17
     0.592601  2.00959e-17
     0.592719 -3.06393e-18
     0.592838 -6.60443e-18
     0.592956  2.13252e-17
     0.593074  3.39856e-17
     0.593193  1.71963e-17
     0.593311 -1.35166e-17
     0.593429 -1.09793e-17
     0.593548 -5.75569e-18
     0.593666  6.76591e-18
     0.593784  8.90714e-19
     0.593903  7.57729e-18
     0.594021  7.57758e-18
     0.594140 -1.45545e-19
     0.594258 -5.19140e-18
     0.594376  1.01299e-17
     0.594495 -9.76763e-18
     0.594613 -1.69669e-17
     0.594731  1.79388e-17
     0.594850  8.59599e-18
     0.594968 -6.17572e-18
     0.595086  2.33925e-17
     0.595205  3.93070e-17
     0.595323  1.50830e-17
     0.595441  6.86382e-18
     0.595560 -8.30917e-19
     0.595678 -1.32144e-18
     0.595796 -6.28495e-19
     0.595915  2.25967e-17
     0.596033  1.36490e-17
     0.596151  1.52547e-17
     0.596270  2.07158e-17
     0.596388  2.63339e-17
     0.596506  1.14593e-17
     0.596625 -6.71041e-18
     0.596743 -2.34804e-17
     0.596861  6.22808e-19
     0.596980  1.67028e-17
     0.597098  9.79244e-18
     0.597216 -4.91581e-18
     0.597335  5.66829e-18
     0.597453  1.30877e-18
     0.597571 -4.30697e-18
     0.597690 -5.14538e-18
     0.597808 -1.02986e-17
     0.597926  8.99973e-18
     0.598045  6.58840e-18
     0.598163 -7.47986e-18
     0.598282  1.38009e-18
     0.598400 -4.18383e-18
     0.598518 -2.61948e-17
     0.598637 -1.09064e-17
     0.598755  1.39686e-18
     0.598873  1.03946e-17
     0.598992  8.88031e-18
     0.599110  1.82119e-17
     0.599228  9.73381e-18
     0.599347  2.15921e-18
     0.599465 -1.72508e-18
     0.599583  4.11846e-18
     0.599702  9.03867e-18
     0.599820  5.66482e-18
     0.599938  9.20686e-18
     0.600057  8.96966e-18
     0.600175 -8.63699e-18
     0.600293 -2.19300e-18
     0.600412  7.32945e-18
     0.600530  7.96706e-18
     0.600648 -2.68047e-18
     0.600767  2.31671e-18
     0.600885  5.92799e-18
     0.601003 -2.67105e-18
     0.601122  8.35043e-18
     0.601240  1.80974e-17
     0.601358  1.05489e-17
     0.601477  7.38366e-18
     0.601595 -7.64907e-18
     0.601713 -9.24218e-18
     0.601832  1.81958e-18
     0.601950  3.31461e-18
     0.602068  1.29678e-18
     0.602187 -5.01883e-18
     0.602305  7.55495e-18
     0.602423  7.41650e-19
     0.602542  1.29780e-17
     0.602660  1.68777e-17
     0.602778  1.55984e-17
     0.602897  7.65600e-19
     0.603015  4.80641e-18
     0.603133  3.17078e-18
     0.603252  5.17538e-18
     0.603370  9.09906e-18
     0.603489 -5.65478e-18
     0.603607 -1.17439e-18
     0.603725  1.23157e-17
     0.603844  9.96253e-18
     0.603962 -2.15425e-19
     0.604080  1.66079e-18
     0.604199 -1.16582e-17
     0.604317 -4.88706e-18
     0.604435  2.66972e-18
     0.604554 -3.16596e-18
     0.604672 -8.29338e-18
     0.604790  4.07597e-19
     0.604909  4.21704e-18
     0.605027 -6.54699e-18
     0.605145 -1.47522e-17
     0.605264 -1.18478e-17
     0.605382 -1.22725e-17
     0.605500 -1.16606e-18
     0.605619  7.94830e-18
     0.605737 -3.76055e-18
     0.605855 -1.96039e-17
     0.605974 -1.33184e-17
     0.606092 -3.02247e-18
     0.606210 -3.45230e-18
     0.606329 -2.96983e-18
     0.606447  5.84879e-18
     0.606565 -1.44900e-17
     0.606684 -1.89574e-17
     0.606802 -2.44264e-18
     0.606920  6.93686e-18
     0.607039  3.14058e-18
     0.607157  6.51091e-18
     0.607275  4.63996e-18
     0.607394  7.11092e-19
     0.607512  8.65894e-18
     0.607630 -1.66571e-18
     0.607749 -4.23023e-19
     0.607867  2.85761e-18
     0.607986 -4.54276e-18
     0.608104  1.80785e-18
     0.608222  1.15857e-17
     0.608341  1.71336e-17
     0.608459 -6.43581e-18
     0.608577 -8.69308e-18
     0.608696 -6.26357e-18
     0.608814  1.07279e-17
     0.608932  2.48721e-18
     0.609051 -9.28105e-18
     0.609169  3.54304e-18
     0.609287  2.56371e-18
     0.609406  4.64824e-18
     0.609524  2.16359e-17
     0.609642  9.54867e-18
     0.609761  5.40536e-19
     0.609879  3.95401e-19
     0.609997  6.27949e-18
     0.610116  1.03830e-17
     0.610234  1.07573e-17
     0.610352  8.24876e-19
     0.610471 -1.23846e-17
     0.610589  1.24214e-18
     0.610707  1.33820e-17
     0.610826  1.13846e-17
     0.610944  1.40083e-17
     0.611062  1.04629e-17
     0.611181 -4.11095e-18
     0.611299  1.13282e-17
     0.611417  2.44917e-18
     0.611536 -6.37857e-18
     0.611654  1.57556e-17
     0.611773  1.41866e-17
     0.611891 -6.86876e-18
     0.612009 -8.18686e-19
     0.612128  2.12997e-18
     0.612246 -1.33817e-18
     0.612364  1.18279e-17
     0.612483  1.33561e-19
     0.612601  1.03532e-17
     0.612719  1.66839e-17
     0.612838  8.42890e-18
     0.612956 -1.67944e-19
     0.613074  9.77185e-18
     0.613193  8.69659e-18
     0.613311  9.45791e-18
     0.613429  3.17670e-18
     0.613548 -8.54584e-18
     0.613666  1.00782e-18
     0.613784  2.94960e-18
     0.613903 -3.44999e-18
     0.614021 -7.54729e-18
     0.614139  9.85349e-19
     0.614258  1.02875e-17
     0.614376  1.27975e-17
     0.614494  7.44233e-18
     0.614613 -1.75826e-18
     0.614731  8.99209e-18
     0.614849  4.76126e-18
     0.614968 -5.55034e-18
     0.615086  1.11543e-17
     0.615204  8.42682e-18
     0.615323  1.63241e-17
     0.615441  3.76754e-18
     0.615559 -9.08219e-18
     0.615678 -4.81825e-18
     0.615796 -2.02103e-17
     0.615915 -8.66832e-18
     0.616033 -1.99109e-17
     0.616151 -9.13427e-18
     0.616270 -1.09597e-17
     0.616388  6.87798e-18
     0.616506  1.44465e-17
     0.616625  2.14026e-17
     0.616743  4.19383e-18
     0.616861 -4.02644e-18
     0.616980  1.87124e-17
     0.617098 -2.77658e-19
     0.617216  1.94950e-17
     0.617335  2.67301e-18
     0.617453 -6.59992e-18
     0.617571  1.07391e-17
     0.617690  5.99050e-18
     0.617808  7.06343e-18
     0.617926 -4.74487e-18
     0.618045  8.76742e-18
     0.618163  2.98806e-17
     0.618281  1.62943e-17
     0.618400  6.07677e-18
     0.618518  8.32250e-19
     0.618636  9.46729e-19
     0.618755 -5.95102e-19
     0.618873  1.57711e-18
     0.618991  1.04061e-17
     0.619110  1.46999e-17
     0.619228  6.69712e-18
     0.619346  1.24079e-18
     0.619465  7.71207e-18
     0.619583 -7.42465e-18
     0.619701 -1.00907e-17
     0.619820  2.23996e-18
     0.619938  3.80765e-18
     0.620056  1.08963e-17
     0.620175  1.83330e-17
     0.620293  1.54854e-17
     0.620411 -3.70269e-18
     0.620530 -9.60576e-18
     0.620648 -1.52110e-17
     0.620767 -2.37279e-18
     0.620885  1.18729e-17
     0.621003 -1.75861e-18
     0.621122 -4.01209e-18
     0.621240  4.78856e-18
     0.621358 -9.42743e-18
     0.621477  8.15713e-18
     0.621595  1.25883e-17
     0.621713 -1.10851e-17
     0.621832 -1.03000e-18
     0.621950 -2.94319e-18
     0.622068  1.57511e-17
     0.622187  1.08088e-17
     0.622305  8.51269e-18
     0.622423  5.15577e-18
     0.622542  4.57768e-18
     0.622660 -8.10757e-18
     0.622778 -8.26403e-18
     0.622897 -1.00864e-18
     0.623015 -3.38860e-18
     0.623133  1.68995e-18
     0.623252  2.88925e-18
     0.623370  1.64865e-17
     0.623488 -2.47946e-18
     0.623607  7.38563e-18
     0.623725  6.58686e-18
     0.623843  3.59845e-18
     0.623962  1.42674e-18
     0.624080  1.39930e-17
     0.624198 -1.24863e-18
     0.624317 -3.33906e-17
     0.624435 -6.13516e-18
     0.624553  7.14391e-18
     0.624672  2.36170e-18
     0.624790  6.04215e-18
     0.624909 -5.38783e-19
     0.625027 -6.02267e-18
     0.625145  3.44050e-18
     0.625264  7.06411e-18
     0.625382  2.62774e-17
     0.625500  1.32757e-17
     0.625619  1.19337e-18
     0.625737 -1.51330e-19
     0.625855  8.13912e-18
     0.625974 -1.25724e-17
     0.626092 -6.93666e-20
     0.626210  1.58957e-17
     0.626329  8.38592e-18
     0.626447  1.21726e-17
     0.626565  9.95851e-18
     0.626684  1.29094e-17
     0.626802  6.15615e-18
     0.626920  2.91677e-17
     0.627039  2.10298e-17
     0.627157 -3.37256e-18
     0.627275  2.03228e-17
     0.627394  9.62027e-18
     0.627512  8.63947e-18
     0.627630  9.71153e-18
     0.627749  2.22022e-17
     0.627867  9.46589e-18
     0.627985  6.88311e-18
     0.628104  1.69828e-17
     0.628222  1.07262e-17
     0.628340  1.34122e-17
     0.628459  1.03120e-17
     0.628577  1.42461e-17
     0.628695 -1.11224e-17
     0.628814 -1.59499e-17
     0.628932 -4.57773e-18
     0.629050 -1.76957e-17
     0.629169 -4.70905e-18
     0.629287  2.69956e-17
     0.629405  3.52509e-17
     0.629524  3.40910e-17
     0.629642  2.33883e-17
     0.629761  1.81660e-17
     0.629879 -5.30296e-19
     0.629997 -3.10752e-18
     0.630116  1.28405e-19
     0.630234  2.33493e-17
     0.630352  4.81025e-17
     0.630471  2.50954e-17
     0.630589 -2.24022e-18
     0.630707  1.10607e-17
     0.630826 -1.14284e-18
     0.630944 -3.28546e-18
     0.631062  1.70615e-17
     0.631181  1.70689e-17
     0.631299  5.57903e-18
     0.631417  4.00427e-18
     0.631536 -6.79773e-19
     0.631654  3.00951e-18
     0.631772  1.53360e-17
     0.631891  1.72701e-17
     0.632009  8.07330e-18
     0.632127 -4.47461e-18
     0.632246  6.19927e-18
     0.632364  4.81779e-18
     0.632482 -1.36602e-18
     0.632601 -1.22178e-17
     0.632719  7.68527e-18
     0.632837  1.31743e-17
     0.632956 -4.32664e-18
     0.633074 -3.99554e-18
     0.633192 -1.65124e-18
     0.633311  1.01127e-17
     0.633429 -1.27903e-17
     0.633547 -1.84268e-17
     0.633666 -2.27644e-17
     0.633784 -1.04944e-17
     0.633902  1.19688e-17
     0.634021  2.08736e-17
     0.634139  1.33691e-17
     0.634257  7.46792e-18
     0.634376  2.70803e-17
     0.634494  2.45370e-17
     0.634613  1.10017e-17
     0.634731 -2.25894e-17
     0.634849  5.32426e-18
     0.634968  2.26514e-17
     0.635086  9.02450e-18
     0.635204  9.87437e-19
     0.635323  2.98204e-17
     0.635441  9.61055e-18
     0.635559 -2.23264e-18
     0.635678  5.95774e-18
     0.635796  9.56455e-18
     0.635914  9.80466e-18
     0.636033 -1.66571e-17
     0.636151  1.39557e-17
     0.636269  2.24811e-17
     0.636388 -9.24176e-18
     0.636506 -1.56850e-17
     0.636624 -2.23341e-18
     0.636743  8.08249e-18
     0.636861  3.60270e-18
     0.636979  6.76215e-19
     0.637098  1.10024e-18
     0.637216  9.31188e-18
     0.637334  1.05945e-17
     0.637453 -5.59849e-18
     0.637571 -1.31995e-17
     0.637689 -1.67482e-18
     0.637808  5.06317e-18
     0.637926 -1.47742e-18
     0.638044 -4.49555e-18
     0.638163  2.63397e-17
     0.638281  3.38864e-17
     0.638400  1.10016e-17
     0.638518 -7.44331e-18
     0.638636 -1.15653e-17
     0.638755  1.70451e-19
     0.638873 -1.62392e-18
     0.638991  1.72830e-17
     0.639110  2.54261e-18
     0.639228  5.51613e-18
     0.639346  2.00490e-17
     0.639465  1.64787e-17
     0.639583  4.18620e-18
     0.639701  1.60224e-17
     0.639820  1.23759e-17
     0.639938  1.02633e-17
     0.640056  1.03131e-18
     0.640175  1.69207e-17
     0.640293  1.21420e-17
     0.640411  7.47013e-18
     0.640530  8.65719e-18
     0.640648  7.06861e-18
     0.640766  5.38422e-18
     0.640885 -2.25777e-18
     0.641003  1.48807e-18
     0.641121  7.49414e-19
     0.641240  1.00383e-17
     0.641358  5.43428e-18
     0.641476  7.49176e-18
     0.641595  6.55299e-18
     0.641713 -4.76671e-18
     0.641831  1.07838e-17
     0.641950  7.99715e-18
     0.642068  1.09366e-17
     0.642186  1.55270e-17
     0.642305  3.47437e-18
     0.642423  3.72210e-18
     0.642542  4.38432e-18
     0.642660  7.11974e-18
     0.642778  2.04883e-18
     0.642897 -1.69938e-18
     0.643015  2.01261e-18
     0.643133 -2.09899e-18
     0.643252 -4.95880e-18
     0.643370 -1.63394e-18
     0.643488  1.75801e-17
     0.643607  1.67289e-17
     0.643725 -2.47591e-18
     0.643843 -1.35702e-18
     0.643962  7.33901e-18
     0.644080  2.46361e-18
     0.644198  1.72140e-18
     0.644317  8.65995e-18
     0.644435  3.99771e-18
     0.644553 -1.86322e-18
     0.644672  2.88303e-18
     0.644790  7.94912e-18
     0.644908  3.38346e-18
     0.645027 -7.38427e-18
     0.645145  2.69661e-18
     0.645263  1.03574e-17
     0.645382  5.49550e-18
     0.645500 -6.54046e-18
     0.645618 -3.90439e-18
     0.645737 -3.36409e-19
     0.645855  5.81154e-18
     0.645973  1.99140e-17
     0.646092  8.87244e-18
     0.646210  1.73236e-18
     0.646328 -7.46332e-18
     0.646447 -1.48921e-18
     0.646565 -1.25581e-17
     0.646684 -1.09073e-17
     0.646802  1.58654e-17
     0.646920  1.63327e-17
     0.647039  8.63131e-19
     0.647157 -1.99982e-18
     0.647275  6.88531e-18
     0.647394  6.73369e-18
     0.647512 -7.32775e-19
     0.647630  1.52401e-18
     0.647749  1.94303e-18
     0.647867 -2.96636e-19
     0.647985  5.57712e-18
     0.648104  1.33012e-18
     0.648222 -4.02342e-18
     0.648340 -1.51131e-17
     0.648459 -3.77020e-18
     0.648577  8.15531e-18
     0.648695 -6.10519e-18
     0.648814 -7.70407e-18
     0.648932  4.97423e-18
     0.649050  2.31752e-18
     0.649169  1.54701e-17
     0.649287  3.91462e-18
     0.649405 -2.24718e-18
     0.649524  1.28795e-17
     0.649642 -6.16837e-18
     0.649760 -7.07981e-18
     0.649879 -2.99814e-17
     0.649997 -3.06397e-17
     0.650115 -1.58061e-17
     0.650234 -9.02661e-18
     0.650352  1.20775e-18
     0.650470  1.54703e-17
     0.650589  2.22680e-17
     0.650707 -9.12204e-18
     0.650825  7.50541e-18
     0.650944  2.02516e-17
     0.651062 -2.59458e-18
     0.651180 -7.88865e-18
     0.651299  9.51476e-19
     0.651417  1.05760e-18
     0.651536 -5.35465e-18
     0.651654 -1.02984e-18
     0.651772 -2.66266e-18
     0.651891 -1.66719e-17
     0.652009 -4.87889e-18
     0.652127  4.88218e-18
     0.652246  5.24587e-18
     0.652364 -7.25914e-18
     0.652482 -8.83520e-19
     0.652601  6.59091e-18
     0.652719 -1.75879e-17
     0.652837 -1.67054e-17
     0.652956 -2.03704e-18
     0.653074 -7.56603e-18
     0.653192  3.83113e-18
     0.653311  8.21568e-18
     0.653429  7.71172e-18
     0.653547  1.11030e-18
     0.653666 -9.64366e-18
     0.653784  6.76540e-18
     0.653902  1.77744e-18
     0.654021  1.09861e-17
     0.654139  2.52927e-17
     0.654257  1.06769e-17
     0.654376  1.96724e-17
     0.654494  4.43701e-18
     0.654612 -1.67426e-17
     0.654731 -1.58292e-17
     0.654849 -1.28247e-17
     0.654967 -3.79427e-19
     0.655086  1.58481e-17
     0.655204  2.25602e-17
     0.655322 -2.11596e-18
     0.655441 -1.71366e-17
     0.655559 -5.11528e-18
     0.655677 -1.12721e-17
     0.655796 -1.25329e-17
     0.655914 -4.14114e-18
     0.656033 -4.93872e-18
     0.656151 -2.59248e-18
     0.656269 -1.50482e-17
     0.656388 -7.22246e-18
     0.656506  3.18625e-18
     0.656624  2.97356e-19
     0.656743  5.63469e-18
     0.656861 -7.42260e-18
     0.656979  1.67241e-19
     0.657098  2.59545e-17
     0.657216  4.99281e-17
     0.657334  1.38328e-17
     0.657453 -1.34566e-17
     0.657571 -6.30725e-18
     0.657689  2.45886e-17
     0.657808 -7.00679e-18
     0.657926 -8.81495e-18
     0.658044 -2.71785e-19
     0.658163 -4.86475e-18
     0.658281 -1.69540e-17
     0.658399 -1.97547e-17
     0.658518 -8.41084e-18
     0.658636 -3.60058e-19
     0.658754  8.41695e-18
     0.658873  7.83745e-18
     0.658991  4.98182e-18
     0.659109  1.59996e-18
     0.659228 -1.38607e-18
     0.659346  8.38683e-18
     0.659464  2.99921e-18
     0.659583  2.92338e-18
     0.659701  2.35483e-17
     0.659819  2.26883e-17
     0.659938  4.78022e-18
     0.660056  3.36112e-18
     0.660174 -9.07110e-18
     0.660293 -8.17277e-19
     0.660411  4.18557e-18
     0.660530 -5.90848e-18
     0.660648 -2.79646e-18
     0.660766  9.14218e-18
     0.660885  1.06104e-17
     0.661003  4.36960e-18
     0.661121 -2.88982e-18
     0.661240 -7.33039e-18
     0.661358 -2.07371e-18
     0.661476  1.38684e-18
     0.661595  1.40160e-17
     0.661713  9.63369e-18
     0.661831 -6.40577e-18
     0.661950  7.32603e-18
     0.662068  1.85270e-17
     0.662186  8.95643e-18
     0.662305 -7.74358e-20
     0.662423  5.98822e-18
     0.662541  1.68328e-17
     0.662660  2.77901e-18
     0.662778 -5.74074e-18
     0.662896  5.47588e-18
     0.663015  8.10821e-19
     0.663133 -3.47697e-18
     0.663251 -3.24372e-18
     0.663370 -6.12650e-18
     0.663488 -2.87837e-18
     0.663606  1.31702e-17
     0.663725  5.87625e-18
     0.663843  3.16015e-18
     0.663961  7.68737e-18
     0.664080 -9.83717e-18
     0.664198  5.83096e-18
     0.664316  1.19518e-17
     0.664435 -4.69067e-18
     0.664553 -1.43213e-17
     0.664672 -9.15975e-18
     0.664790  1.73235e-17
     0.664908  6.33899e-18
     0.665026 -8.79749e-20
     0.665145  1.74198e-18
     0.665263 -8.14888e-18
     0.665382 -1.86143e-18
     0.665500  1.10939e-17
     0.665618  9.16884e-18
     0.665737  4.44412e-18
     0.665855  1.09935e-17
     0.665973  5.90153e-18
     0.666092 -1.03483e-17
     0.666210  6.43717e-18
     0.666328  1.17736e-17
     0.666447 -1.37329e-17
     0.666565 -1.01294e-17
     0.666683  1.85129e-18
     0.666802  1.00668e-18
     0.666920  3.32578e-18
     0.667038  8.72042e-18
     0.667157  6.36301e-18
     0.667275  1.07246e-17
     0.667393 -7.04403e-18
     0.667512 -2.94342e-19
     0.667630  1.04714e-17
     0.667748  8.24043e-18
     0.667867  4.82145e-19
     0.667985  9.42189e-18
     0.668103  1.14112e-17
     0.668222  1.59788e-17
     0.668340  7.43387e-18
     0.668458  4.64621e-18
     0.668577  1.30949e-17
     0.668695  1.57217e-18
     0.668813  2.43204e-18
     0.668932  7.46560e-18
     0.669050 -5.38632e-18
     0.669169 -6.19990e-18
     0.669287 -1.00757e-17
     0.669405  2.45742e-18
     0.669524  1.61060e-18
     0.669642  8.80914e-19
     0.669760 -6.71075e-18
     0.669879 -7.76124e-18
     0.669997 -4.57603e-18
     0.670115  6.63039e-18
     0.670234  1.98885e-17
     0.670352  2.20819e-17
     0.670470  1.97352e-17
     0.670589  8.75742e-18
     0.670707  1.76792e-17
     0.670825  1.21136e-17
     0.670944  4.54868e-18
     0.671062  9.42850e-18
     0.671180  1.64112e-17
     0.671299  9.66605e-18
     0.671417  3.67394e-18
     0.671535  6.48666e-18
     0.671654  5.66317e-18
     0.671772  5.95343e-18
     0.671890  3.13160e-18
     0.672009 -6.37115e-20
     0.672127  7.33582e-18
     0.672245 -4.43372e-18
     0.672364 -4.79391e-18
     0.672482  6.51771e-18
     0.672600  4.01143e-18
     0.672719  6.20218e-18
     0.672837  5.52185e-18
     0.672955  1.14179e-18
     0.673074  1.14493e-17
     0.673192  1.00904e-17
     0.673311 -1.60416e-18
     0.673429 -9.18343e-18
     0.673547 -4.44648e-18
     0.673666 -4.85407e-19
     0.673784  4.11930e-18
     0.673902  3.72964e-18
     0.674021  2.02910e-19
     0.674139 -2.29057e-18
     0.674257 -3.98364e-19
     0.674376  4.19433e-18
     0.674494  1.46118e-17
     0.674612  6.52277e-18
     0.674731  1.16697e-18
     0.674849  4.97895e-18
     0.674967  1.53013e-17
     0.675086  1.40122e-17
     0.675204  6.12058e-18
     0.675322 -1.56423e-18
     0.675441 -6.34138e-18
     0.675559  6.83928e-19
     0.675677  8.60307e-20
     0.675796  9.89894e-18
     0.675914  1.05657e-17
     0.676032 -4.65506e-18
     0.676151 -1.52145e-18
     0.676269  3.95611e-18
     0.676387  1.88413e-18
     0.676506 -8.89087e-18
     0.676624  3.66512e-18
     0.676742  3.54665e-18
     0.676861  4.97182e-19
     0.676979  1.15514e-17
     0.677097 -3.76359e-18
     0.677216 -8.78394e-18
     0.677334 -3.31562e-18
     0.677453  7.61657e-18
     0.677571  9.48410e-18
     0.677689 -7.82617e-21
     0.677808 -3.91818e-18
     0.677926  5.15164e-18
     0.678044 -6.36650e-18
     0.678163 -4.85106e-18
     0.678281  3.01657e-18
     0.678399 -1.75118e-18
     0.678518  1.43240e-18
     0.678636 -1.26690e-17
     0.678754 -1.87148e-17
     0.678873 -3.78027e-18
     0.678991 -1.26365e-18
     0.679109  7.91421e-18
     0.679228  8.98020e-19
     0.679346 -1.04597e-17
     0.679464 -3.87596e-18
     0.679583  6.27640e-18
     0.679701  1.52561e-18
     0.679819  4.33982e-18
     0.679938  1.08981e-17
     0.680056  9.43781e-18
     0.680174  1.10329e-17
     0.680293  8.06309e-18
     0.680411 -9.00250e-19
     0.680529  3.24927e-18
     0.680648  5.07919e-18
     0.680766  4.47909e-18
     0.680884 -5.73520e-19
     0.681003  3.19544e-18
     0.681121 -8.68333e-19
     0.681239 -8.99329e-18
     0.681358 -3.96469e-18
     0.681476 -2.39338e-18
     0.681594  4.18718e-18
     0.681713  8.86626e-18
     0.681831  6.13540e-18
     0.681949  9.44187e-18
     0.682068  3.16827e-19
     0.682186  1.37762e-17
     0.682305  1.73474e-17
     0.682423  7.35372e-18
     0.682541 -4.84926e-19
     0.682660 -9.71149e-18
     0.682778  4.25551e-18
     0.682896  1.40459e-18
     0.683015 -1.28529e-17
     0.683133  4.20886e-18
     0.683251  8.47616e-18
     0.683370  6.07537e-19
     0.683488  5.74875e-18
     0.683606 -7.24244e-19
     0.683725  1.98843e-18
     0.683843  2.78531e-18
     0.683961 -2.39812e-18
     0.684080 -1.53738e-18
     0.684198  5.92312e-18
     0.684316  4.22517e-18
     0.684435 -5.18141e-18
     0.684553  1.14992e-17
     0.684671  3.37613e-18
     0.684790  2.32719e-18
     0.684908 -1.80932e-18
     0.685026  1.25706e-18
     0.685145  1.48399e-17
     0.685263  2.99303e-18
     0.685381 -7.33884e-18
     0.685500 -1.36231e-18
     0.685618 -7.86475e-19
     0.685736 -3.13142e-18
     0.685855 -1.82146e-18
     0.685973  2.01321e-17
     0.686091  2.77732e-17
     0.686210  2.31374e-17
     0.686328  1.48365e-17
     0.686446  1.50410e-19
     0.686565 -4.87704e-19
     0.686683  1.77880e-17
     0.686801  2.61209e-17
     0.686920  1.54245e-17
     0.687038  6.07870e-18
     0.687157  5.60200e-18
     0.687275 -7.19020e-19
     0.687393  2.90044e-18
     0.687512  4.89754e-18
     0.687630  1.49269e-18
     0.687748  3.31073e-19
     0.687867  1.14683e-17
     0.687985  2.62545e-17
     0.688103  2.18620e-17
     0.688222  5.09382e-18
     0.688340 -2.81786e-18
     0.688458 -1.09282e-17
     0.688577  9.06917e-18
     0.688695  1.96591e-17
     0.688813 -3.54117e-18
     0.688932  2.60789e-19
     0.689050  3.71356e-18
     0.689168  2.57328e-18
     0.689287 -2.34592e-18
     0.689405  8.39822e-19
     0.689523  7.78327e-18
     0.689642  1.17501e-17
     0.689760  1.11392e-17
     0.689878  3.30991e-18
     0.689997  8.94214e-18
     0.690115  3.95111e-18
     0.690233 -6.60598e-19
     0.690352  2.94626e-18
     0.690470 -1.21990e-18
     0.690588 -7.98190e-18
     0.690707 -5.50329e-18
     0.690825 -8.35367e-18
     0.690943 -2.02184e-17
     0.691062 -3.30358e-17
     0.691180 -5.48051e-18
     0.691299  1.79221e-17
     0.691417  1.52694e-17
     0.691535  2.70042e-18
     0.691654  9.38368e-18
     0.691772  9.36627e-18
     0.691890  1.24995e-17
     0.692009  1.75615e-17
     0.692127  7.84291e-19
     0.692245  5.96442e-18
     0.692364  4.87574e-18
     0.692482  9.99436e-18
     0.692600  1.16895e-17
     0.692719  3.00833e-18
     0.692837  9.10899e-18
     0.692955  1.79022e-17
     0.693074  1.40976e-18
     0.693192  1.78735e-18
     0.693310  1.05282e-17
     0.693429  3.93625e-18
     0.693547 -1.56691e-19
     0.693665  2.08097e-18
     0.693784 -1.42978e-17
     0.693902 -3.93414e-18
     0.694020 -9.68405e-18
     0.694139 -2.07539e-17
     0.694257  8.60859e-18
     0.694375  8.51263e-18
     0.694494  2.96761e-17
     0.694612  1.93292e-17
     0.694730  1.24533e-17
     0.694849 -5.81080e-18
     0.694967 -9.53907e-18
     0.695086  1.49947e-19
     0.695204 -1.48742e-17
     0.695322 -1.04972e-17
     0.695441 -7.29497e-18
     0.695559  4.99503e-18
     0.695677 -5.41096e-19
     0.695796  7.36463e-18
     0.695914  4.03502e-19
     0.696032  3.01501e-18
     0.696151  1.34513e-18
     0.696269 -3.30287e-18
     0.696387  9.85677e-19
     0.696506  1.10989e-17
     0.696624  7.54572e-18
     0.696742 -8.01422e-18
     0.696861  4.85939e-18
     0.696979  7.41392e-18
     0.697097  1.21428e-17
     0.697216  1.31429e-17
     0.697334  7.63251e-18
     0.697452  1.57188e-17
     0.697571 -4.44060e-20
     0.697689 -6.81276e-18
     0.697807 -1.35122e-17
     0.697926  9.37609e-18
     0.698044  1.92074e-17
     0.698162  1.20550e-17
     0.698281  4.46881e-18
     0.698399  4.44840e-18
     0.698517  1.28377e-17
     0.698636  1.24114e-17
     0.698754 -9.03514e-18
     0.698872  9.52160e-18
     0.698991  8.33125e-18
     0.699109 -1.17339e-17
     0.699227 -7.85862e-18
     0.699346  4.49431e-18
     0.699464 -3.78316e-18
     0.699582 -3.87972e-18
     0.699701 -2.35540e-18
     0.699819  1.92186e-19
     0.699938  7.70616e-18
     0.700056  4.27678e-18
     0.700174 -1.25121e-18
     0.700293  1.30372e-19
     0.700411 -1.29014e-18
     0.700529 -9.70798e-18
     0.700648  7.83016e-18
     0.700766  6.87337e-18
     0.700884 -4.91516e-18
     0.701003 -1.77654e-18
     0.701121 -1.00893e-17
     0.701239 -6.96493e-18
     0.701358  6.02105e-18
     0.701476  7.01247e-18
     0.701594 -3.73488e-19
     0.701713  6.67702e-18
     0.701831 -1.30894e-18
     0.701949 -2.33160e-18
     0.702068  1.62786e-17
     0.702186  1.12419e-17
     0.702304  3.18074e-18
     0.702423 -3.21037e-18
     0.702541  1.08667e-18
     0.702659  1.29909e-18
     0.702778  8.33983e-18
     0.702896  1.48547e-18
     0.703014 -2.96734e-18
     0.703133 -7.33232e-18
     0.703251 -1.56846e-18
     0.703369  8.30991e-18
     0.703488  6.21701e-18
     0.703606 -3.59003e-18
     0.703724 -1.24973e-17
     0.703843 -1.48464e-17
     0.703961  7.54811e-18
     0.704080  1.57686e-17
     0.704198  1.34831e-17
     0.704316  2.26502e-17
     0.704435  1.90950e-17
     0.704553  1.20665e-17
     0.704671 -1.06985e-18
     0.704790  9.46583e-18
     0.704908  3.83446e-18
     0.705026  9.83800e-18
     0.705145  2.27942e-18
     0.705263  4.13885e-18
     0.705381  2.41133e-18
     0.705500  7.35295e-18
     0.705618  2.68979e-18
     0.705736  3.01573e-18
     0.705855  1.06877e-17
     0.705973  8.45414e-18
     0.706091  1.41417e-17
     0.706210  3.79193e-18
     0.706328 -8.50780e-18
     0.706446 -1.72837e-18
     0.706565  3.26659e-18
     0.706683  1.67719e-18
     0.706801  9.34959e-19
     0.706920  8.24741e-18
     0.707038  5.07884e-19
     0.707156  5.87861e-19
     0.707275 -1.83140e-18
     0.707393  1.26604e-17
     0.707511  9.73284e-18
     0.707630  1.73177e-18
     0.707748  1.72291e-17
     0.707866  1.48001e-17
     0.707985  5.64316e-18
     0.708103  3.95531e-18
     0.708221  3.43676e-18
     0.708340 -3.28831e-19
     0.708458  7.92085e-18
     0.708577  5.96907e-18
     0.708695 -8.96841e-18
     0.708813  4.85050e-18
     0.708932  1.34150e-17
     0.709050  9.46180e-18
     0.709168  9.28123e-18
     0.709287  1.72292e-18
     0.709405 -2.03938e-18
     0.709523  2.58377e-18
     0.709642  3.23943e-18
     0.709760  5.85224e-18
     0.709878 -1.13098e-17
     0.709997 -1.27616e-17
     0.710115 -4.71227e-18
     0.710233 -6.25071e-18
     0.710352 -7.88774e-18
     0.710470 -3.90025e-19
     0.710588  7.27686e-18
     0.710707  1.46663e-17
     0.710825  5.87278e-18
     0.710943 -3.19521e-18
     0.711062  1.76571e-17
     0.711180  1.57923e-17
     0.711298  1.30990e-18
     0.711417 -1.89906e-18
     0.711535  4.79070e-18
     0.711653  5.99841e-18
     0.711772 -1.17470e-18
     0.711890  1.05174e-18
     0.712008  1.18358e-18
     0.712127  1.63944e-18
     0.712245  6.75993e-18
     0.712363  6.04657e-18
     0.712482  6.91278e-18
     0.712600 -3.67961e-19
     0.712718  4.92813e-18
     0.712837 -1.99188e-18
     0.712955 -3.40068e-18
     0.713073  1.15472e-17
     0.713192  7.65978e-18
     0.713310  7.15092e-19
     0.713428  6.81586e-18
     0.713547  1.00443e-17
     0.713665  1.67332e-17
     0.713784  1.28662e-17
     0.713902  6.85994e-20
     0.714020 -5.09923e-18
     0.714139 -4.44132e-18
     0.714257 -1.26307e-18
     0.714375  5.89456e-18
     0.714494  1.23661e-17
     0.714612  2.07865e-19
     0.714730 -2.59932e-18
     0.714849  9.01134e-18
     0.714967  1.77958e-17
     0.715085  2.03890e-18
     0.715204 -6.13655e-18
     0.715322 -7.61901e-19
     0.715440  4.24966e-18
     0.715559  7.77858e-19
     0.715677  1.21673e-18
     0.715795 -1.09639e-17
     0.715914 -2.53746e-18
     0.716032  7.92396e-18
     0.716150  6.08859e-18
     0.716269  1.38568e-17
     0.716387  6.25951e-18
     0.716505  4.92902e-18
     0.716624  8.05592e-18
     0.716742  1.14238e-17
     0.716860  8.83581e-19
     0.716979 -1.45061e-17
     0.717097  2.66358e-18
     0.717215  1.16581e-17
     0.717334  1.58719e-17
     0.717452  1.33116e-17
     0.717570  1.07140e-17
     0.717689  1.36778e-17
     0.717807  1.37844e-17
     0.717926  7.19872e-18
     0.718044  1.07003e-17
     0.718162  1.73208e-17
     0.718281 -1.93614e-18
     0.718399 -1.50646e-19
     0.718517  6.39380e-18
     0.718636  6.63744e-18
     0.718754 -5.95021e-18
     0.718872 -1.78913e-18
     0.718991 -8.25783e-19
     0.719109  7.61088e-18
     0.719227  2.09864e-19
     0.719346  9.64522e-18
     0.719464  1.62620e-17
     0.719582  1.00279e-17
     0.719701  3.76687e-18
     0.719819  1.39951e-18
     0.719937  6.78297e-18
     0.720056  8.24726e-18
     0.720174  1.99777e-18
     0.720292  1.35955e-17
     0.720411  9.03356e-19
     0.720529  2.61566e-18
     0.720647 -2.29915e-18
     0.720766  7.44645e-18
     0.720884  5.77962e-18
     0.721002  3.78598e-18
     0.721121 -2.67568e-18
     0.721239 -1.10536e-18
     0.721357  4.92744e-19
     0.721476 -2.23670e-17
     0.721594  1.99896e-18
     0.721713  5.77784e-18
     0.721831 -1.34156e-18
     0.721949  3.09876e-18
     0.722068  1.37962e-18
     0.722186 -4.33212e-19
     0.722304 -1.07601e-17
     0.722423 -4.74559e-18
     0.722541  8.41743e-19
     0.722659 -6.59604e-18
     0.722778 -6.73261e-18
     0.722896 -1.43424e-18
     0.723014 -5.69444e-18
     0.723133 -3.43813e-18
     0.723251 -3.11233e-19
     0.723369 -7.54866e-19
     0.723488  6.38408e-18
     0.723606  2.04722e-17
     0.723724  2.61345e-17
     0.723843  2.37567e-17
     0.723961 -1.30465e-17
     0.724079 -2.57740e-17
     0.724198 -1.43648e-17
     0.724316 -1.53401e-17
     0.724434 -5.55149e-18
     0.724553 -8.00216e-19
     0.724671  6.47261e-18
     0.724789  2.15293e-17
     0.724908  7.21122e-18
     0.725026 -1.22194e-17
     0.725144 -4.13291e-18
     0.725263  4.18748e-18
     0.725381  1.55397e-18
     0.725499  5.92455e-18
     0.725618  1.58495e-18
     0.725736  1.04242e-17
     0.725855  1.26835e-18
     0.725973  3.36192e-18
     0.726091  2.32681e-18
     0.726210 -1.56646e-18
     0.726328 -6.01334e-18
     0.726446  4.34759e-18
     0.726565  2.59627e-18
     0.726683  4.97533e-18
     0.726801  7.39784e-18
     0.726920  7.82691e-18
     0.727038  1.20782e-17
     0.727156  3.43634e-18
     0.727275 -8.63731e-18
     0.727393 -2.46569e-18
     0.727511  3.40596e-18
     0.727630  1.27798e-17
     0.727748  1.43599e-17
     0.727866  4.45886e-18
     0.727985  1.07168e-17
     0.728103  6.76228e-18
     0.728221  1.12640e-18
     0.728340 -5.26215e-18
     0.728458  1.41740e-17
     0.728576  1.02151e-17
     0.728695 -3.14086e-18
     0.728813 -7.43473e-19
     0.728931  6.70625e-18
     0.729050 -6.30412e-18
     0.729168 -6.87028e-18
     0.729286  5.32385e-18
     0.729405 -1.85284e-18
     0.729523 -1.08680e-17
     0.729641 -3.64438e-18
     0.729760 -7.69124e-18
     0.729878 -3.49030e-18
     0.729996  1.41126e-18
     0.730115  1.26959e-17
     0.730233  2.31641e-17
     0.730351  7.37727e-18
     0.730470  3.41340e-18
     0.730588  1.65586e-17
     0.730707  6.14967e-18
     0.730825 -3.57717e-18
     0.730943  1.73174e-17
     0.731062  1.08149e-17
     0.731180 -7.78842e-18
     0.731298  2.32940e-18
     0.731417  1.93533e-17
     0.731535 -1.38175e-17
     0.731653 -2.73140e-17
     0.731772  5.26677e-18
     0.731890  1.62835e-18
     0.732008  1.42530e-17
     0.732127  1.86444e-18
     0.732245  5.48432e-18
     0.732363  1.28984e-17
     0.732482 -2.15954e-18
     0.732600  1.37545e-17
     0.732718  1.80250e-17
     0.732837  3.82577e-19
     0.732955 -1.25569e-18
     0.733073 -3.18193e-18
     0.733192 -5.31287e-18
     0.733310 -7.05492e-18
     0.733428  2.79451e-17
     0.733547  3.93849e-17
     0.733665  5.00566e-17
     0.733783  3.15833e-17
     0.733902  2.32848e-17
     0.734020 -3.03433e-18
     0.734138 -1.33433e-17
     0.734257 -1.75288e-17
     0.734375  1.62095e-17
     0.734493  7.22725e-18
     0.734612 -1.40265e-17
     0.734730 -8.50948e-19
     0.734848  9.04306e-18
     0.734967 -2.13398e-19
     0.735085 -5.09527e-18
     0.735204  1.69191e-18
     0.735322  9.76207e-18
     0.735440  3.60669e-19
     0.735559  1.97523e-18
     0.735677 -1.20669e-17
     0.735795 -4.13420e-18
     0.735914 -3.87559e-19
     0.736032  8.93584e-18
     0.736150  7.23577e-18
     0.736269  4.04516e-18
     0.736387  3.34151e-17
     0.736505  3.29043e-17
     0.736624 -4.20588e-18
     0.736742 -1.34442e-19
     0.736860  7.32945e-18
     0.736979  8.79913e-18
     0.737097  4.68758e-18
     0.737215 -6.82389e-18
     0.737334 -9.75695e-18
     0.737452  1.80158e-18
     0.737570 -5.16169e-18
     0.737689  2.60113e-18
     0.737807  4.13633e-18
     0.737925  3.55869e-18
     0.738044  5.61662e-18
     0.738162 -3.51463e-18
     0.738280  8.61259e-19
     0.738399  2.68136e-18
     0.738517  2.30313e-17
     0.738635  8.02360e-18
     0.738754  2.22288e-18
     0.738872  1.29062e-17
     0.738990  7.24917e-18
     0.739109  7.84896e-18
     0.739227  1.55707e-18
     0.739345  1.04835e-17
     0.739464  1.05880e-17
     0.739582  1.21664e-17
     0.739701  1.29928e-17
     0.739819  1.32589e-17
     0.739937  1.80723e-17
     0.740056  8.89603e-18
     0.740174  1.29701e-17
     0.740292  1.38502e-17
     0.740411  1.36456e-19
     0.740529  3.43881e-18
     0.740647  8.62361e-18
     0.740766 -1.53513e-18
     0.740884 -6.03198e-18
     0.741002 -6.24334e-18
     0.741121 -7.83997e-18
     0.741239 -1.16160e-17
     0.741357 -1.13312e-17
     0.741476 -9.45228e-18
     0.741594  3.61236e-19
     0.741712  6.78747e-18
     0.741831  7.82025e-18
     0.741949  3.09313e-18
     0.742067 -1.26361e-18
     0.742186  1.37185e-17
     0.742304  2.94106e-19
     0.742422 -3.49598e-18
     0.742541  3.53046e-19
     0.742659 -1.33696e-18
     0.742777  1.17255e-17
     0.742896  8.22837e-18
     0.743014  5.33303e-18
     0.743132  1.45284e-17
     0.743251  1.84748e-17
     0.743369  7.38052e-18
     0.743487 -9.63201e-18
     0.743606  1.44964e-17
     0.743724  2.06776e-17
     0.743842  1.51098e-18
     0.743961 -1.82297e-17
     0.744079 -4.58973e-18
     0.744197  1.73351e-17
     0.744316  9.22995e-18
     0.744434  3.25049e-18
     0.744553  1.71070e-18
     0.744671  7.96716e-19
     0.744789  7.97723e-18
     0.744908  1.63764e-17
     0.745026  9.92419e-18
     0.745144  3.06088e-18
     0.745263 -5.08593e-19
     0.745381 -1.01888e-17
     0.745499 -4.71941e-18
     0.745618 -5.89590e-18
     0.745736 -1.44553e-17
     0.745854 -6.20159e-18
     0.745973 -6.77057e-18
     0.746091 -3.18921e-18
     0.746209  1.71228e-17
     0.746328  1.45792e-17
     0.746446  1.71181e-18
     0.746564  3.05679e-18
     0.746683  1.21464e-17
     0.746801  9.14117e-18
     0.746919 -4.28817e-18
     0.747038 -8.94432e-18
     0.747156 -6.11986e-18
     0.747274  5.95595e-18
     0.747393  9.34935e-18
     0.747511  9.67249e-18
     0.747629  2.00883e-17
     0.747748  1.65343e-17
     0.747866  1.14197e-17
     0.747984  2.15170e-17
     0.748103  6.03281e-18
     0.748221 -1.07880e-17
     0.748339 -4.90356e-18
     0.748458  6.11743e-18
     0.748576  7.25255e-18
     0.748695 -6.03834e-18
     0.748813 -5.68502e-18
     0.748931  1.02305e-17
     0.749050  6.23595e-18
     0.749168 -7.47709e-18
     0.749286 -2.11242e-18
     0.749405  8.39475e-18
     0.749523  3.65121e-18
     0.749641 -3.35609e-18
     0.749760 -3.10751e-18
     0.749878  5.71092e-18
     0.749996  8.25167e-18
     0.750115 -1.45664e-18
     0.750233 -4.36582e-19
     0.750351  3.98835e-18
     0.750470  5.32538e-18
     0.750588  1.33599e-17
     0.750706  5.19609e-19
     0.750825 -3.00796e-18
     0.750943  1.06313e-17
     0.751061  2.34623e-18
     0.751180 -8.17723e-18
     0.751298 -6.89125e-18
     0.751416 -7.90962e-18
     0.751535 -1.44315e-18
     0.751653 -1.87103e-17
     0.751771  3.92094e-18
     0.751890  1.10291e-17
     0.752008 -3.36214e-18
     0.752126  3.69629e-17
     0.752245  1.69236e-17
     0.752363 -5.58205e-18
     0.752482 -1.34341e-17
     0.752600  1.33828e-18
     0.752718 -2.50873e-18
     0.752837 -1.42838e-17
     0.752955 -1.60075e-17
     0.753073 -5.27262e-18
     0.753192  1.29405e-18
     0.753310  1.42586e-17
     0.753428 -9.80517e-19
     0.753547 -1.42650e-18
     0.753665 -9.58951e-19
     0.753783  1.02277e-17
     0.753902  5.24234e-18
     0.754020  1.24617e-18
     0.754138 -1.33363e-17
     0.754257 -2.21113e-17
     0.754375 -9.24879e-19
     0.754493  6.54655e-18
     0.754612 -1.28504e-17
     0.754730  2.62809e-18
     0.754848 -1.28193e-18
     0.754967 -2.95728e-18
     0.755085  1.05215e-17
     0.755203  5.91854e-18
     0.755322 -6.91817e-18
     0.755440  1.92863e-18
     0.755558  6.69885e-18
     0.755677  4.66675e-18
     0.755795 -1.63639e-17
     0.755913 -1.76361e-17
     0.756032 -6.52651e-18
     0.756150  1.94869e-18
     0.756268 -1.60509e-18
     0.756387  3.04664e-18
     0.756505  8.03327e-18
     0.756624  1.22699e-17
     0.756742  1.82146e-17
     0.756860  2.91533e-17
     0.756979  9.86934e-18
     0.757097  2.37644e-18
     0.757215  1.09517e-17
     0.757334 -1.30364e-18
     0.757452 -3.14754e-18
     0.757570  5.49755e-18
     0.757689  6.16430e-18
     0.757807  2.30371e-19
     0.757925 -7.64232e-18
     0.758044 -1.43289e-18
     0.758162 -6.88834e-19
     0.758280 -4.98457e-18
     0.758399 -3.77581e-18
     0.758517  5.03327e-18
     0.758635  2.27024e-18
     0.758754 -1.95490e-18
     0.758872 -2.43372e-18
     0.758990  8.29595e-18
     0.759109  7.54841e-18
     0.759227 -1.38189e-18
     0.759345  4.77735e-18
     0.759464 -2.20326e-18
     0.759582  8.41872e-19
     0.759700  3.70056e-18
     0.759819 -5.49829e-18
     0.759937  9.78459e-18
     0.760055  7.65156e-18
     0.760174 -6.99024e-18
     0.760292  1.85794e-17
     0.760410  6.84050e-20
     0.760529 -2.84469e-17
     0.760647  7.17699e-18
     0.760765  2.32896e-17
     0.760884  1.83842e-17
     0.761002  1.91873e-17
     0.761120  3.66950e-17
     0.761239  2.93462e-17
     0.761357  1.91801e-18
     0.761476 -1.37472e-17
     0.761594 -8.06327e-18
     0.761712  7.00155e-18
     0.761831  1.16022e-17
     0.761949  3.38068e-18
     0.762067 -9.69350e-18
     0.762186  4.44634e-18
     0.762304 -3.17813e-18
     0.762422 -2.67228e-18
     0.762541  9.37679e-19
     0.762659  1.20164e-17
     0.762777  2.68184e-17
     0.762896  3.34372e-17
     0.763014  2.92447e-17
     0.763132  1.37737e-17
     0.763251  2.02230e-18
     0.763369  9.88628e-18
     0.763487  1.07256e-18
     0.763606 -7.15154e-20
     0.763724  9.59098e-18
     0.763842  1.93410e-18
     0.763961 -1.42692e-18
     0.764079 -5.76716e-18
     0.764197 -8.80226e-18
     0.764316  1.80439e-18
     0.764434  5.99376e-18
     0.764552  4.44780e-18
     0.764671 -1.52935e-18
     0.764789 -6.10148e-19
     0.764907  8.95401e-18
     0.765026  8.99681e-18
     0.765144  1.07497e-18
     0.765262 -1.99122e-18
     0.765381 -5.82711e-18
     0.765499 -9.25404e-18
     0.765617 -8.11083e-18
     0.765736 -2.66924e-17
     0.765854 -2.26624e-17
     0.765972 -4.36736e-18
     0.766091 -1.03902e-17
     0.766209 -2.27125e-18
     0.766328  1.33060e-17
     0.766446  1.40955e-17
     0.766564  1.08721e-19
     0.766683 -7.10870e-18
     0.766801  9.81295e-19
     0.766919 -1.09287e-18
     0.767038  6.30298e-19
     0.767156  1.09006e-17
     0.767274  3.62508e-18
     0.767393 -4.97697e-18
     0.767511  3.41347e-18
     0.767629  1.31357e-17
     0.767748  1.09147e-17
     0.767866  2.77166e-18
     0.767984 -4.60004e-18
     0.768103 -5.37401e-18
     0.768221 -2.76191e-18
     0.768339  8.55831e-18
     0.768458  8.96858e-18
     0.768576  2.83129e-18
     0.768694  3.82732e-18
     0.768813  7.94109e-19
     0.768931 -3.77336e-18
     0.769049  8.92550e-20
     0.769168 -8.31092e-18
     0.769286 -3.43850e-18
     0.769404 -2.06711e-18
     0.769523 -4.30261e-18
     0.769641  1.15813e-18
     0.769759  1.11390e-17
     0.769878  1.23925e-17
     0.769996  7.42461e-18
     0.770114 -2.91815e-18
     0.770233 -2.25684e-18
     0.770351  6.82304e-18
     0.770470  8.78546e-18
     0.770588  1.49505e-17
     0.770706  9.75247e-18
     0.770825  7.01460e-18
     0.770943  2.55273e-17
     0.771061  1.32812e-17
     0.771180 -7.28417e-18
     0.771298  2.66295e-18
     0.771416  9.96379e-18
     0.771535 -2.72566e-17
     0.771653 -6.96654e-18
     0.771771  4.13267e-18
     0.771890  3.96878e-18
     0.772008  3.93712e-18
     0.772126 -2.47909e-17
     0.772245 -2.14068e-17
     0.772363 -2.06144e-18
     0.772481 -1.48495e-17
     0.772600  5.82063e-18
     0.772718  2.00025e-18
     0.772836  5.44796e-18
     0.772955  8.91738e-19
     0.773073 -1.89560e-18
     0.773191  2.14655e-17
     0.773310  2.62037e-18
     0.773428 -1.23786e-18
     0.773546  8.89812e-18
     0.773665  6.75443e-18
     0.773783 -5.29595e-18
     0.773901 -6.27507e-18
     0.774020 -1.76921e-17
     0.774138 -1.29695e-17
     0.774256 -7.56781e-18
     0.774375  1.06708e-17
     0.774493  1.53520e-17
     0.774611  1.10239e-17
     0.774730  4.48437e-17
     0.774848  5.60528e-17
     0.774966  4.13563e-17
     0.775085  7.89207e-18
     0.775203 -1.49604e-17
     0.775322  5.60715e-18
     0.775440  3.19872e-17
     0.775558  2.47647e-17
     0.775677  1.90882e-18
     0.775795  2.55486e-17
     0.775913  5.26506e-18
     0.776032  9.98474e-18
     0.776150  5.72772e-18
     0.776268 -3.46562e-18
     0.776387  1.74635e-17
     0.776505  1.89024e-17
     0.776623  6.75996e-18
     0.776742  4.31207e-18
     0.776860  7.89463e-18
     0.776978  1.07679e-17
     0.777097  1.24069e-17
     0.777215  1.56253e-17
     0.777333  1.76592e-17
     0.777452  1.48758e-18
     0.777570 -3.44320e-18
     0.777688 -3.37226e-18
     0.777807  1.13638e-18
     0.777925  9.82624e-18
     0.778043  1.15280e-17
     0.778162  1.42083e-17
     0.778280 -5.88979e-18
     0.778398 -7.27348e-18
     0.778517  8.29346e-18
     0.778635  4.16378e-18
     0.778753 -4.55861e-18
     0.778872  5.52345e-19
     0.778990  1.61333e-17
     0.779109  2.83052e-17
     0.779227  1.42818e-17
     0.779345  6.47070e-18
     0.779464 -8.79529e-19
     0.779582 -2.29349e-17
     0.779700 -6.14568e-19
     0.779819 -3.72723e-18
     0.779937 -7.49461e-18
     0.780055  2.72728e-18
     0.780174  9.72752e-18
     0.780292  1.73278e-17
     0.780410 -3.46510e-18
     0.780529 -3.55487e-18
     0.780647  1.23031e-17
     0.780765  1.82127e-17
     0.780884  1.45447e-17
     0.781002  4.57689e-18
     0.781120 -2.76571e-18
     0.781239  5.88090e-18
     0.781357  9.05750e-22
     0.781475  1.08396e-17
     0.781594  2.34846e-17
     0.781712  2.15645e-17
     0.781830 -2.76941e-18
     0.781949 -2.07826e-17
     0.782067 -5.98762e-18
     0.782185 -1.45848e-17
     0.782304 -2.04477e-17
     0.782422 -1.93252e-17
     0.782540  5.48251e-18
     0.782659  8.64272e-18
     0.782777  8.24370e-19
     0.782895 -2.79279e-18
     0.783014 -5.15437e-18
     0.783132  1.64422e-18
     0.783251  9.33061e-19
     0.783369  3.44137e-18
     0.783487  1.28202e-17
     0.783606  1.48603e-17
     0.783724  7.29193e-18
     0.783842 -8.74602e-19
     0.783961  6.40592e-18
     0.784079 -3.89348e-18
     0.784197 -2.52665e-18
     0.784316  1.29549e-17
     0.784434  1.70433e-17
     0.784552  9.38438e-18
     0.784671  3.39076e-18
     0.784789  1.26780e-17
     0.784907  2.08702e-17
     0.785026  1.79757e-17
     0.785144  2.84486e-17
     0.785262  2.47188e-18
     0.785381  8.16404e-18
     0.785499 -1.24015e-18
     0.785617  1.44050e-18
     0.785736  4.19885e-18
     0.785854  4.65310e-18
     0.785972  2.27802e-17
     0.786091  7.27338e-18
     0.786209  1.95971e-17
     0.786327  4.38890e-17
     0.786446  3.54033e-17
     0.786564  2.52403e-17
     0.786682  1.83415e-17
     0.786801  2.52381e-18
     0.786919  6.52497e-20
     0.787037  7.39273e-18
     0.787156  1.90338e-17
     0.787274  1.03443e-19
     0.787392  1.74014e-17
     0.787511  1.39939e-17
     0.787629  1.08626e-18
     0.787748  9.01450e-18
     0.787866  1.74126e-17
     0.787984  1.32556e-17
     0.788103  8.46622e-18
     0.788221  6.16875e-18
     0.788339  1.45499e-17
     0.788458 -1.59760e-17
     0.788576 -2.88035e-17
     0.788694 -1.57563e-17
     0.788813 -1.50668e-17
     0.788931  1.49423e-18
     0.789049  6.81919e-18
     0.789168  2.10668e-18
     0.789286 -1.04546e-17
     0.789404 -1.24978e-17
     0.789523  1.81013e-18
     0.789641 -1.83861e-19
     0.789759 -6.48465e-18
     0.789878 -2.80704e-18
     0.789996 -1.32727e-18
     0.790114  3.16562e-18
     0.790233  1.28800e-18
     0.790351  2.24227e-17
     0.790469  3.98065e-17
     0.790588  2.09513e-17
     0.790706  2.66077e-17
     0.790824  3.02533e-17
     0.790943  8.47461e-18
     0.791061  5.21893e-18
     0.791179  1.62719e-17
     0.791298  9.74638e-18
     0.791416 -1.14134e-17
     0.791534 -9.68495e-18
     0.791653 -1.95672e-17
     0.791771  6.49608e-19
     0.791889  3.83436e-18
     0.792008  8.33566e-19
     0.792126 -1.43910e-17
     0.792244 -1.08666e-17
     0.792363 -2.66074e-18
     0.792481  1.30470e-17
     0.792599  3.99480e-17
     0.792718  2.11249e-17
     0.792836 -7.14521e-18
     0.792955  2.65079e-17
     0.793073  2.56537e-17
     0.793191  4.52479e-18
     0.793310  8.66418e-18
     0.793428  1.38285e-17
     0.793546  1.32154e-17
     0.793665  7.23323e-20
     0.793783  1.01264e-18
     0.793901  2.95873e-18
     0.794020  1.06688e-19
     0.794138  4.58280e-18
     0.794256  4.27666e-18
     0.794375  1.05639e-17
     0.794493  3.25349e-18
     0.794611  3.43773e-19
     0.794730  3.88844e-18
     0.794848  4.56767e-18
     0.794966  8.48788e-18
     0.795085 -5.75589e-18
     0.795203 -1.64716e-19
     0.795321  7.04777e-18
     0.795440  1.78902e-17
     0.795558  1.02582e-17
     0.795676  1.85851e-17
     0.795795  1.75741e-17
     0.795913  3.63128e-17
     0.796031  3.35882e-17
     0.796150  1.92898e-17
     0.796268 -2.04326e-18
     0.796386  1.21903e-17
     0.796505 -2.57457e-17
     0.796623 -9.80452e-18
     0.796741  2.45960e-17
     0.796860  2.67222e-17
     0.796978  5.04329e-18
     0.797097  8.37802e-18
     0.797215 -8.94450e-18
     0.797333 -3.16348e-18
     0.797452  6.71094e-18
     0.797570  1.97208e-17
     0.797688  2.13340e-17
     0.797807  1.70202e-17
     0.797925  8.09941e-18
     0.798043  1.10629e-17
     0.798162 -4.54954e-18
     0.798280  1.50158e-18
     0.798398  7.28406e-18
     0.798517  7.61781e-18
     0.798635  1.58064e-17
     0.798753  3.02109e-17
     0.798872  2.88015e-17
     0.798990  4.29524e-17
     0.799108  3.99696e-17
     0.799227  1.76830e-17
     0.799345  1.95415e-18
     0.799463 -1.29616e-17
     0.799582 -3.01666e-18
     0.799700  9.10535e-18
     0.799818  1.71060e-17
     0.799937  1.06982e-17
     0.800055  1.54143e-18
     0.800173  3.06081e-18
     0.800292  8.03485e-18
     0.800410  7.54552e-18
     0.800528  1.86532e-17
     0.800647  1.48890e-17
     0.800765 -2.16902e-18
     0.800883 -3.18048e-18
     0.801002  1.38160e-17
     0.801120  1.90571e-17
     0.801239  7.18959e-18
     0.801357  1.14651e-17
     0.801475  1.82456e-17
     0.801594  1.37732e-17
     0.801712  1.91318e-17
     0.801830  2.30404e-17
     0.801949  3.51121e-17
     0.802067  5.29596e-17
     0.802185  4.10644e-17
     0.802304  2.76473e-17
     0.802422  1.58122e-17
     0.802540  2.09902e-17
     0.802659  3.74473e-17
     0.802777  6.79294e-18
     0.802895 -7.63162e-18
     0.803014  1.24890e-17
     0.803132  1.83714e-17
     0.803250  6.39054e-18
     0.803369  6.57279e-18
     0.803487  2.08593e-17
     0.803605  1.47731e-17
     0.803724  3.02225e-17
     0.803842  2.23247e-17
     0.803960  2.84290e-18
     0.804079 -3.43983e-18
     0.804197 -3.31022e-18
     0.804315  4.93251e-18
     0.804434  2.00823e-17
     0.804552  1.22199e-17
     0.804670  5.44124e-18
     0.804789  1.72158e-17
     0.804907  1.36347e-17
     0.805025  3.98944e-18
     0.805144  1.74632e-17
     0.805262  2.84834e-17
     0.805380  6.54151e-18
     0.805499  2.16733e-17
     0.805617  2.47080e-17
     0.805735  1.74583e-17
     0.805854 -7.82061e-19
     0.805972  1.08960e-17
     0.806091  1.82391e-17
     0.806209  2.25233e-17
     0.806327  3.65988e-17
     0.806446  1.88671e-17
     0.806564  1.40022e-17
     0.806682  1.13473e-17
     0.806801  2.14535e-18
     0.806919  8.46600e-18
     0.807037  1.35460e-17
     0.807156  3.97429e-18
     0.807274  8.21814e-18
     0.807392  5.83979e-18
     0.807511  6.36976e-18
     0.807629  1.63268e-17
     0.807747  1.65031e-17
     0.807866  1.92630e-17
     0.807984  2.40570e-17
     0.808102  2.01351e-17
     0.808221  1.08541e-17
     0.808339  1.40829e-17
     0.808457  1.72319e-17
     0.808576  9.07665e-18
     0.808694  1.12302e-17
     0.808812  1.16710e-17
     0.808931  6.42649e-18
     0.809049  1.33479e-17
     0.809167  1.24254e-17
     0.809286  1.68196e-17
     0.809404  1.35476e-17
     0.809522  1.73544e-17
     0.809641  8.73792e-18
     0.809759  8.13032e-18
     0.809878  2.18785e-17
     0.809996  2.02889e-17
     0.810114  2.48613e-18
     0.810233 -5.63280e-18
     0.810351 -4.60965e-19
     0.810469  3.84804e-18
     0.810588  8.49706e-18
     0.810706  2.99237e-18
     0.810824  2.77724e-19
     0.810943  9.45713e-18
     0.811061  2.00339e-17
     0.811179  1.85902e-17
     0.811298  1.30064e-17
     0.811416  1.70534e-17
     0.811534  1.31250e-17
     0.811653  8.26917e-18
     0.811771  6.32517e-18
     0.811889  1.08494e-17
     0.812008  1.45421e-17
     0.812126  1.20855e-17
     0.812244  1.22966e-17
     0.812363  8.68147e-18
     0.812481  9.39736e-18
     0.812599  1.24408e-17
     0.812718  1.54179e-17
     0.812836  1.07171e-17
     0.812954  9.82950e-18
     0.813073  1.29517e-17
     0.813191  1.21131e-17
     0.813309  1.07143e-17
     0.813428  7.35918e-18
     0.813546  1.09620e-17
     0.813664  1.12021e-17
     0.813783  2.22888e-17
     0.813901  2.03885e-17
     0.814020  1.52153e-17
     0.814138  1.42156e-17
     0.814256  2.38160e-17
     0.814375  2.06077e-17
     0.814493  1.26184e-17
     0.814611  1.00532e-17
     0.814730  2.16425e-17
     0.814848  1.65312e-17
     0.814966  9.03921e-18
     0.815085  1.75174e-17
     0.815203  1.96805e-17
     0.815321  2.11420e-17
     0.815440  1.77192e-17
     0.815558  1.42376e-17
     0.815676  1.33862e-17
     0.815795  2.01887e-17
     0.815913  1.91551e-17
     0.816031  2.22846e-17
     0.816150  1.46654e-17
     0.816268  1.95240e-17
     0.816386  2.20933e-17
     0.816505  1.57581e-17
     0.816623  1.30777e-17
     0.816741  1.98288e-17
     0.816860  2.52526e-17
     0.816978  1.57072e-17
     0.817096  1.56281e-17
     0.817215  1.41637e-17
     0.817333  1.35879e-17
     0.817451  1.95822e-17
     0.817570  1.61078e-17
     0.817688  2.46999e-17
     0.817806  2.30881e-17
     0.817925  2.47145e-17
     0.818043  2.16124e-17
     0.818161  1.58340e-17
     0.818280  1.44059e-17
     0.818398  2.02661e-17
     0.818516  3.19964e-17
     0.818635  2.21026e-17
     0.818753  1.72532e-17
     0.818872  2.31679e-17
     0.818990  1.85741e-17
     0.819108  2.01778e-17
     0.819227  2.70026e-17
     0.819345  2.01317e-17
     0.819463  2.04000e-17
     0.819582  2.41501e-17
     0.819700  3.39779e-17
     0.819818  2.38153e-17
     0.819937  2.20686e-17
     0.820055  2.89432e-17
     0.820173  2.60614e-17
     0.820292  2.70061e-17
     0.820410  3.43140e-17
     0.820528  3.19536e-17
     0.820647  2.61411e-17
     0.820765  1.94312e-17
     0.820883  2.41461e-17
     0.821002  2.48073e-17
     0.821120  1.56999e-17
     0.821238  1.80159e-17
     0.821357  1.96731e-17
     0.821475  1.73181e-17
     0.821593  1.89134e-17
     0.821712  2.20543e-17
     0.821830  2.61929e-17
     0.821948  2.84924e-17
     0.822067  2.91920e-17
     0.822185  2.46634e-17
     0.822303  1.57455e-17
     0.822422  1.84626e-17
     0.822540  2.88714e-17
     0.822658  2.59273e-17
     0.822777  9.94357e-18
     0.822895  9.98931e-18
     0.823013  1.76207e-17
     0.823132  2.06458e-17
     0.823250  1.49730e-17
     0.823369  1.57347e-17
     0.823487  2.06374e-17
     0.823605  2.15522e-17
     0.823724  1.96039e-17
     0.823842  1.32261e-17
     0.823960  1.39380e-17
     0.824079  1.72976e-17
     0.824197  3.37235e-17
     0.824315  3.32654e-17
     0.824434  2.43838e-17
     0.824552  2.49474e-17
     0.824670  2.75715e-17
     0.824789  2.55423e-17
     0.824907  2.48889e-17
     0.825025  2.99862e-17
     0.825144  3.10414e-17
     0.825262  2.34524e-17
     0.825380  3.54225e-17
     0.825499  3.53031e-17
     0.825617  2.87836e-17
     0.825735  2.76948e-17
     0.825854  2.63360e-17
     0.825972  2.86485e-17
     0.826090  2.47320e-17
     0.826209  2.62492e-17
     0.826327  3.15855e-17
     0.826445  2.59949e-17
     0.826564  2.74166e-17
     0.826682  2.37448e-17
     0.826800  2.69991e-17
     0.826919  3.03089e-17
     0.827037  4.15569e-17
     0.827155  4.13085e-17
     0.827274  3.18476e-17
     0.827392  2.95198e-17
     0.827510  2.40269e-17
     0.827629  2.28010e-17
     0.827747  1.44470e-17
     0.827866  2.05906e-17
     0.827984  2.03251e-17
     0.828102  1.90406e-17
     0.828220  2.29664e-17
     0.828339  4.21711e-17
     0.828457  6.11923e-17
     0.828576  4.99332e-17
     0.828694  4.15141e-17
     0.828812  5.97838e-17
     0.828931  2.50391e-17
     0.829049  1.61573e-17
     0.829167  2.46578e-17
     0.829286  1.78142e-17
     0.829404  2.51307e-17
     0.829522  3.54502e-17
     0.829641  4.04180e-17
     0.829759  2.71478e-17
     0.829877  3.50335e-17
     0.829996  3.53405e-17
     0.830114  1.87268e-17
     0.830232  2.59592e-17
     0.830351  1.98992e-17
     0.830469  1.58462e-17
     0.830587  3.41216e-17
     0.830706  2.32754e-17
     0.830824  2.05338e-17
     0.830942  2.58779e-17
     0.831061  2.53460e-17
     0.831179  2.13732e-17
     0.831297  2.46938e-17
     0.831416  1.99884e-17
     0.831534  2.17123e-17
     0.831652  4.12509e-17
     0.831771  3.35112e-17
     0.831889  3.54848e-17
     0.832008  3.01130e-17
     0.832126  2.20906e-17
     0.832244  1.86724e-17
     0.832362  1.79284e-17
     0.832481  2.34825e-17
     0.832599  3.46216e-17
     0.832718  3.91794e-17
     0.832836  4.08407e-17
     0.832954  2.95905e-17
     0.833073  2.41518e-17
     0.833191  2.00535e-17
     0.833309  2.64802e-17
     0.833428  2.29723e-17
     0.833546  2.40429e-17
     0.833664  2.05094e-17
     0.833783  2.03603e-17
     0.833901  2.63540e-17
     0.834019  5.45756e-17
     0.834138  5.18146e-17
     0.834256  6.02279e-17
     0.834374  6.55386e-17
     0.834493  5.11550e-17
     0.834611  5.04052e-17
     0.834729  4.46867e-17
     0.834848  3.01881e-17
     0.834966  4.46646e-17
     0.835084  5.52019e-17
     0.835203  8.17940e-17
     0.835321  8.15462e-17
     0.835439  4.50573e-17
     0.835558  3.39119e-17
     0.835676  4.06269e-17
     0.835794  4.28217e-17
     0.835913  3.18973e-17
     0.836031  2.91067e-17
     0.836150  2.80162e-17
     0.836268  3.78721e-17
     0.836386  3.57774e-17
     0.836505  3.51491e-17
     0.836623  3.28741e-17
     0.836741  2.85558e-17
     0.836860  2.83758e-17
     0.836978  3.21380e-17
     0.837096  2.84642e-17
     0.837215  3.04265e-17
     0.837333  3.79029e-17
     0.837451  3.54962e-17
     0.837570  2.62840e-17
     0.837688  3.44030e-17
     0.837806  4.75350e-17
     0.837925  4.36568e-17
     0.838043  4.52273e-17
     0.838161  3.89172e-17
     0.838280  4.34549e-17
     0.838398  3.46633e-17
     0.838516  2.73536e-17
     0.838635  3.78986e-17
     0.838753  4.08982e-17
     0.838871  4.33334e-17
     0.838990  4.73575e-17
     0.839108  4.79748e-17
     0.839226  4.49648e-17
     0.839345  3.19892e-17
     0.839463  4.45999e-17
     0.839581  5.91697e-17
     0.839700  5.97248e-17
     0.839818  6.54948e-17
     0.839936  6.28275e-17
     0.840055  4.14322e-17
     0.840173  3.11780e-17
     0.840292  5.45399e-17
     0.840410  6.23706e-17
     0.840528  6.26553e-17
     0.840647  5.62989e-17
     0.840765  4.99267e-17
     0.840883  4.51634e-17
     0.841002  4.57129e-17
     0.841120  3.59414e-17
     0.841238  5.30986e-17
     0.841357  4.73190e-17
     0.841475  2.35054e-17
     0.841593  3.52563e-17
     0.841712  3.22491e-17
     0.841830  2.74352e-17
     0.841948  3.68438e-17
     0.842067  4.33496e-17
     0.842185  3.36958e-17
     0.842303  3.17526e-17
     0.842422  4.22793e-17
     0.842540  3.74839e-17
     0.842658  4.19566e-17
     0.842777  3.43911e-17
     0.842895  2.14956e-17
     0.843013  2.22494e-17
     0.843132  2.08088e-17
     0.843250  1.13840e-17
     0.843368  3.78456e-17
     0.843487  4.19619e-17
     0.843605  4.25354e-17
     0.843723  4.33317e-17
     0.843842  4.93669e-17
     0.843960  4.87175e-17
     0.844078  3.68431e-17
     0.844197  4.24619e-17
     0.844315  4.91820e-17
     0.844433  4.82521e-17
     0.844552  4.16343e-17
     0.844670  4.56606e-17
     0.844788  5.43782e-17
     0.844907  4.62987e-17
     0.845025  4.34785e-17
     0.845143  4.45327e-17
     0.845262  5.45289e-17
     0.845380  5.71788e-17
     0.845499  4.66908e-17
     0.845617  4.00365e-17
     0.845735  4.31315e-17
     0.845854  4.97731e-17
     0.845972  4.93091e-17
     0.846090  5.22635e-17
     0.846209  5.83773e-17
     0.846327  3.56646e-17
     0.846445  3.08470e-17
     0.846564  5.44747e-17
     0.846682  3.55828e-17
     0.846800  3.88244e-17
     0.846919  5.62003e-17
     0.847037  5.30942e-17
     0.847155  5.37086e-17
     0.847274  5.94374e-17
     0.847392  5.03839e-17
     0.847510  4.02385e-17
     0.847629  4.26888e-17
     0.847747  4.74418e-17
     0.847865  4.78526e-17
     0.847984  4.58440e-17
     0.848102  4.86228e-17
     0.848220  5.20113e-17
     0.848339  4.39333e-17
     0.848457  3.66674e-17
     0.848575  4.89636e-17
     0.848694  4.99944e-17
     0.848812  4.80021e-17
     0.848930  5.34923e-17
     0.849049  3.80397e-17
     0.849167  3.85375e-17
     0.849285  4.90949e-17
     0.849404  5.01409e-17
     0.849522  5.44461e-17
     0.849641  4.40255e-17
     0.849759  4.05250e-17
     0.849877  5.54071e-17
     0.849995  4.63142e-17
     0.850114  3.87586e-17
     0.850232  5.60339e-17
     0.850351  5.87651e-17
     0.850469  5.88097e-17
     0.850587  5.15355e-17
     0.850706  5.27808e-17
     0.850824  5.05707e-17
     0.850942  5.17759e-17
     0.851061  4.87914e-17
     0.851179  4.93812e-17
     0.851297  5.53251e-17
     0.851416  5.16926e-17
     0.851534  5.66262e-17
     0.851652  5.76719e-17
     0.851771  4.56200e-17
     0.851889  5.07906e-17
     0.852007  5.04186e-17
     0.852126  5.34115e-17
     0.852244  4.53891e-17
     0.852362  4.80717e-17
     0.852481  3.81272e-17
     0.852599  3.73356e-17
     0.852717  4.22775e-17
     0.852836  4.69000e-17
     0.852954  5.33719e-17
     0.853072  4.87754e-17
     0.853191  4.87203e-17
     0.853309  5.59714e-17
     0.853427  4.70610e-17
     0.853546  4.31278e-17
     0.853664  4.28942e-17
     0.853783  5.22414e-17
     0.853901  5.55814e-17
     0.854019  5.16792e-17
     0.854137  5.52276e-17
     0.854256  5.42634e-17
     0.854374  4.23514e-17
     0.854493  5.36393e-17
     0.854611  5.98434e-17
     0.854729  5.71526e-17
     0.854848  6.23210e-17
     0.854966  5.72732e-17
     0.855084  5.04773e-17
     0.855203  5.41136e-17
     0.855321  6.40879e-17
     0.855439  6.09818e-17
     0.855558  5.46125e-17
     0.855676  5.09086e-17
     0.855794  4.89605e-17
     0.855913  5.01123e-17
     0.856031  5.01010e-17
     0.856149  5.36887e-17
     0.856268  5.17090e-17
     0.856386  5.21669e-17
     0.856504  5.43047e-17
     0.856623  5.38055e-17
     0.856741  5.28823e-17
     0.856859  5.28965e-17
     0.856978  5.69661e-17
     0.857096  5.49128e-17
     0.857214  5.29056e-17
     0.857333  5.51351e-17
     0.857451  5.78351e-17
     0.857569  6.00016e-17
     0.857688  6.11703e-17
     0.857806  6.07796e-17
     0.857925  5.82802e-17
     0.858043  5.69657e-17
     0.858161  5.14041e-17
     0.858279  5.48471e-17
     0.858398  6.56340e-17
     0.858516  6.16223e-17
     0.858634  4.93774e-17
     0.858753  5.75996e-17
     0.858871  5.99480e-17
     0.858990  5.75107e-17
     0.859108  4.96163e-17
     0.859226  4.68861e-17
     0.859345  5.74360e-17
     0.859463  5.98216e-17
     0.859581  5.65274e-17
     0.859700  5.79145e-17
     0.859818  5.93018e-17
     0.859936  5.39918e-17
     0.860055  5.04622e-17
     0.860173  6.17205e-17
     0.860291  7.13831e-17
     0.860410  6.47569e-17
     0.860528  5.38320e-17
     0.860646  5.87759e-17
     0.860765  6.70797e-17
     0.860883  6.94240e-17
     0.861001  6.41845e-17
     0.861120  6.13015e-17
     0.861238  5.99683e-17
     0.861356  6.41224e-17
     0.861475  4.59978e-17
     0.861593  5.64481e-17
     0.861711  6.68711e-17
     0.861830  7.79062e-17
     0.861948  6.46629e-17
     0.862066  6.53372e-17
     0.862185  6.52600e-17
     0.862303  7.98861e-17
     0.862422  6.30445e-17
     0.862540  6.61643e-17
     0.862658  6.81100e-17
     0.862776  6.53584e-17
     0.862895  6.67015e-17
     0.863013  6.19556e-17
     0.863132  5.39164e-17
     0.863250  5.49770e-17
     0.863368  6.68247e-17
     0.863487  6.55269e-17
     0.863605  6.77537e-17
     0.863723  8.88987e-17
     0.863842  7.49094e-17
     0.863960  7.50281e-17
     0.864078  7.81049e-17
     0.864197  6.94638e-17
     0.864315  7.47676e-17
     0.864433  6.76663e-17
     0.864552  6.37512e-17
     0.864670  6.95713e-17
     0.864788  8.30504e-17
     0.864907  8.36867e-17
     0.865025  6.76935e-17
     0.865143  9.05344e-17
     0.865262  9.74316e-17
     0.865380  5.95351e-17
     0.865498  5.41059e-17
     0.865617  7.42622e-17
     0.865735  6.38575e-17
     0.865853  6.71135e-17
     0.865972  7.78968e-17
     0.866090  5.64140e-17
     0.866208  5.53893e-17
     0.866327  6.33814e-17
     0.866445  6.24835e-17
     0.866563  7.21087e-17
     0.866682  8.30616e-17
     0.866800  8.63285e-17
     0.866918  6.84285e-17
     0.867037  6.73459e-17
     0.867155  8.03657e-17
     0.867274  6.62826e-17
     0.867392  7.21823e-17
     0.867510  6.58070e-17
     0.867629  4.91553e-17
     0.867747  5.97584e-17
     0.867865  6.81267e-17
     0.867984  6.12298e-17
     0.868102  6.28856e-17
     0.868220  7.37372e-17
     0.868339  6.74250e-17
     0.868457  6.25801e-17
     0.868575  7.22340e-17
     0.868694  7.61578e-17
     0.868812  7.71035e-17
     0.868930  6.62857e-17
     0.869049  7.07244e-17
     0.869167  7.15173e-17
     0.869285  8.20936e-17
     0.869404  8.28512e-17
     0.869522  7.34160e-17
     0.869640  6.29618e-17
     0.869759  6.42776e-17
     0.869877  7.87599e-17
     0.869995  8.08105e-17
     0.870114  7.48877e-17
     0.870232  6.87599e-17
     0.870350  6.34565e-17
     0.870469  7.06565e-17
     0.870587  7.67675e-17
     0.870705  7.75072e-17
     0.870824  7.24976e-17
     0.870942  7.81522e-17
     0.871060  7.01189e-17
     0.871179  7.34104e-17
     0.871297  7.50427e-17
     0.871416  8.12252e-17
     0.871534  8.04650e-17
     0.871652  7.18367e-17
     0.871771  8.20320e-17
     0.871889  8.06567e-17
     0.872007  7.45233e-17
     0.872126  7.64145e-17
     0.872244  7.68513e-17
     0.872362  8.31699e-17
     0.872481  8.00531e-17
     0.872599  7.82293e-17
     0.872717  6.81087e-17
     0.872836  7.29544e-17
     0.872954  8.24613e-17
     0.873072  8.47176e-17
     0.873191  8.00397e-17
     0.873309  7.46572e-17
     0.873427  8.04978e-17
     0.873546  8.17435e-17
     0.873664  8.09063e-17
     0.873782  8.44109e-17
     0.873901  7.96333e-17
     0.874019  8.19542e-17
     0.874137  7.78242e-17
     0.874256  7.03056e-17
     0.874374  7.32532e-17
     0.874492  8.04251e-17
     0.874611  8.00747e-17
     0.874729  7.78224e-17
     0.874847  8.05039e-17
     0.874966  7.75149e-17
     0.875084  7.70679e-17
     0.875202  7.56167e-17
     0.875321  7.97378e-17
     0.875439  7.92987e-17
     0.875557  6.84463e-17
     0.875676  6.91537e-17
     0.875794  8.68059e-17
     0.875912  7.81943e-17
     0.876031  7.62227e-17
     0.876149  1.15145e-16
     0.876267  1.13895e-16
     0.876386  9.52696e-17
     0.876504  9.37810e-17
     0.876623  8.08184e-17
     0.876741  8.50315e-17
     0.876859  9.93443e-17
     0.876978  1.01062e-16
     0.877096  7.58575e-17
     0.877214  8.13581e-17
     0.877333  8.54476e-17
     0.877451  1.06556e-16
     0.877569  1.08070e-16
     0.877688  9.55416e-17
     0.877806  8.45086e-17
     0.877924  8.06243e-17
     0.878043  6.91138e-17
     0.878161  8.86654e-17
     0.878279  8.71489e-17
     0.878398  9.86430e-17
     0.878516  8.61958e-17
     0.878634  7.19998e-17
     0.878753  6.96347e-17
     0.878871  7.50375e-17
     0.878989  8.73650e-17
     0.879108  7.48293e-17
     0.879226  9.13749e-17
     0.879344  8.34184e-17
     0.879463  7.37104e-17
     0.879581  6.51834e-17
     0.879699  7.03702e-17
     0.879818  7.64708e-17
     0.879936  7.85357e-17
     0.880054  7.75516e-17
     0.880173  7.27024e-17
     0.880291  7.38942e-17
     0.880409  7.20903e-17
     0.880528  7.09463e-17
     0.880646  7.79687e-17
     0.880765  8.64349e-17
     0.880883  7.86359e-17
     0.881001  7.33328e-17
     0.881120  7.81764e-17
     0.881238  7.60341e-17
     0.881356  7.51122e-17
     0.881475  7.85840e-17
     0.881593  7.65254e-17
     0.881711  7.37916e-17
     0.881830  7.77228e-17
     0.881948  7.10095e-17
     0.882066  7.43847e-17
     0.882185  8.27809e-17
     0.882303  7.55240e-17
     0.882421  7.53683e-17
     0.882540  7.40515e-17
     0.882658  8.76530e-17
     0.882776  8.51042e-17
     0.882895  7.69051e-17
     0.883013  7.88719e-17
     0.883131  8.14426e-17
     0.883250  9.74266e-17
     0.883368  9.50988e-17
     0.883486  9.01687e-17
     0.883605  9.39036e-17
     0.883723  8.21150e-17
     0.883841  7.59296e-17
     0.883960  8.09567e-17
     0.884078  8.09493e-17
     0.884196  7.89260e-17
     0.884315  6.81379e-17
     0.884433  7.24209e-17
     0.884551  7.89681e-17
     0.884670  8.32829e-17
     0.884788  8.08081e-17
     0.884907  7.93079e-17
     0.885025  7.73693e-17
     0.885143  7.90007e-17
     0.885262  8.81509e-17
     0.885380  8.97239e-17
     0.885498  7.79514e-17
     0.885617  8.00178e-17
     0.885735  8.21563e-17
     0.885853  7.57296e-17
     0.885972  7.22365e-17
     0.886090  7.40909e-17
     0.886208  8.08430e-17
     0.886327  7.98802e-17
     0.886445  7.61849e-17
     0.886563  7.82965e-17
     0.886682  6.07148e-17
     0.886800  6.76456e-17
     0.886918  7.81999e-17
     0.887037  8.41530e-17
     0.887155  7.30338e-17
     0.887273  7.32663e-17
     0.887392  7.75883e-17
     0.887510  7.59420e-17
     0.887628  6.87351e-17
     0.887747  7.34748e-17
     0.887865  8.07517e-17
     0.887983  8.19619e-17
     0.888102  9.45951e-17
     0.888220  9.75659e-17
     0.888339  1.00593e-16
     0.888457  9.25530e-17
     0.888575  1.01050e-16
     0.888693  9.91207e-17
     0.888812  9.67247e-17
     0.888930  9.06779e-17
     0.889049  6.60878e-17
     0.889167  6.90971e-17
     0.889285  7.46843e-17
     0.889404  7.66333e-17
     0.889522  7.82040e-17
     0.889640  8.60558e-17
     0.889758  8.29451e-17
     0.889877  8.02703e-17
     0.889995  8.46341e-17
     0.890114  7.32360e-17
     0.890232  8.78520e-17
     0.890350  7.96902e-17
     0.890469  7.63139e-17
     0.890587  9.53016e-17
     0.890705  9.39925e-17
     0.890824  8.07678e-17
     0.890942  7.66983e-17
     0.891060  8.43850e-17
     0.891179  8.28598e-17
     0.891297  8.53838e-17
     0.891415  1.02041e-16
     0.891534  9.07988e-17
     0.891652  7.47883e-17
     0.891770  8.11385e-17
     0.891889  9.98610e-17
     0.892007  7.77265e-17
     0.892125  6.35499e-17
     0.892244  7.52886e-17
     0.892362  4.77196e-17
     0.892480  5.04692e-17
     0.892599  7.21804e-17
     0.892717  6.89254e-17
     0.892835  5.69827e-17
     0.892954  5.62223e-17
     0.893072  6.46901e-17
     0.893190  6.18740e-17
     0.893309  6.13698e-17
     0.893427  6.31457e-17
     0.893546  6.54846e-17
     0.893664  7.01959e-17
     0.893782  7.63657e-17
     0.893901  7.48628e-17
     0.894019  4.99507e-17
     0.894137  5.51851e-17
     0.894256  6.54317e-17
     0.894374  6.24795e-17
     0.894492  5.35237e-17
     0.894611  5.51461e-17
     0.894729  4.73565e-17
     0.894847  3.83492e-17
     0.894966  4.51217e-17
     0.895084  5.82343e-17
     0.895202  7.04732e-17
     0.895321  6.85433e-17
     0.895439  5.25057e-17
     0.895557  4.24964e-17
     0.895676  5.91364e-17
     0.895794  6.95891e-17
     0.895912  7.26159e-17
     0.896031  7.98879e-17
     0.896149  7.61025e-17
     0.896267  7.95103e-17
     0.896386  7.73948e-17
     0.896504  6.75569e-17
     0.896622  7.36282e-17
     0.896741  6.10264e-17
     0.896859  5.49016e-17
     0.896977  6.37955e-17
     0.897096  7.40081e-17
     0.897214  7.64525e-17
     0.897332  6.52926e-17
     0.897451  7.22144e-17
     0.897569  6.51057e-17
     0.897687  6.35837e-17
     0.897806  6.63440e-17
     0.897924  8.75931e-17
     0.898043  9.49672e-17
     0.898161  8.19725e-17
     0.898279  8.08793e-17
     0.898398  7.36337e-17
     0.898516  6.78754e-17
     0.898634  7.56970e-17
     0.898753  7.23591e-17
     0.898871  7.26634e-17
     0.898989  5.95967e-17
     0.899108  6.10603e-17
     0.899226  6.17141e-17
     0.899344  5.23040e-17
     0.899463  5.17432e-17
     0.899581  7.01217e-17
     0.899699  7.41105e-17
     0.899818  8.71731e-17
     0.899936  9.61695e-17
     0.900054  7.62454e-17
     0.900173  7.86706e-17
     0.900291  8.29151e-17
     0.900409  8.62302e-17
     0.900528  7.71359e-17
     0.900646  6.77460e-17
     0.900764  6.92873e-17
     0.900883  6.93433e-17
     0.901001  7.02478e-17
     0.901119  6.60688e-17
     0.901238  7.19946e-17
     0.901356  7.76528e-17
     0.901474  7.39934e-17
     0.901593  7.27580e-17
     0.901711  7.08033e-17
     0.901829  7.06758e-17
     0.901948  7.51066e-17
     0.902066  7.78908e-17
     0.902184  8.50028e-17
     0.902303  8.34025e-17
     0.902421  8.12622e-17
     0.902540  8.22511e-17
     0.902658  8.61892e-17
     0.902776  8.61536e-17
     0.902895  8.32539e-17
     0.903013  8.64896e-17
     0.903131  9.20247e-17
     0.903250  8.85900e-17
     0.903368  9.25747e-17
     0.903486  9.53567e-17
     0.903605  1.00077e-16
     0.903723  1.01540e-16
     0.903841  1.04750e-16
     0.903960  9.97324e-17
     0.904078  1.06419e-16
     0.904196  1.05927e-16
     0.904315  1.02398e-16
     0.904433  1.06030e-16
     0.904551  1.00135e-16
     0.904670  9.86567e-17
     0.904788  1.06725e-16
     0.904906  1.08564e-16
     0.905025  1.09883e-16
     0.905143  1.14658e-16
     0.905261  1.12937e-16
     0.905380  1.16854e-16
     0.905498  1.07563e-16
     0.905616  1.12252e-16
     0.905735  1.03875e-16
     0.905853  9.78109e-17
     0.905971  9.63043e-17
     0.906090  1.02150e-16
     0.906208  1.08630e-16
     0.906326  1.03276e-16
     0.906445  1.00102e-16
     0.906563  9.94340e-17
     0.906681  1.06985e-16
     0.906800  1.02453e-16
     0.906918  9.58878e-17
     0.907037  1.04914e-16
     0.907155  9.82012e-17
     0.907273  9.08656e-17
     0.907391  8.01718e-17
     0.907510  9.09296e-17
     0.907628  8.54858e-17
     0.907747  8.79784e-17
     0.907865  9.68530e-17
     0.907983  1.02608e-16
     0.908102  1.00218e-16
     0.908220  9.45659e-17
     0.908338  8.63005e-17
     0.908457  8.75056e-17
     0.908575  9.27412e-17
     0.908693  9.20458e-17
     0.908812  1.00089e-16
     0.908930  1.00788e-16
     0.909048  8.90352e-17
     0.909167  8.64384e-17
     0.909285  9.06345e-17
     0.909403  9.83529e-17
     0.909522  9.92125e-17
     0.909640  1.01990e-16
     0.909758  1.07790e-16
     0.909877  1.06622e-16
     0.909995  1.02094e-16
     0.910113  1.02118e-16
     0.910232  1.06872e-16
     0.910350  1.08236e-16
     0.910468  1.04650e-16
     0.910587  1.05318e-16
     0.910705  1.05702e-16
     0.910823  9.11306e-17
     0.910942  8.51239e-17
     0.911060  9.02846e-17
     0.911179  9.18310e-17
     0.911297  9.94690e-17
     0.911415  1.06805e-16
     0.911533  1.10987e-16
     0.911652  1.12976e-16
     0.911770  1.13283e-16
     0.911889  1.16851e-16
     0.912007  1.10769e-16
     0.912125  1.06614e-16
     0.912244  1.06526e-16
     0.912362  1.13094e-16
     0.912480  1.13031e-16
     0.912599  1.11471e-16
     0.912717  1.06676e-16
     0.912835  1.09961e-16
     0.912954  1.05677e-16
     0.913072  1.00249e-16
     0.913190  8.73296e-17
     0.913309  7.81410e-17
     0.913427  8.56463e-17
     0.913545  8.87789e-17
     0.913664  9.34454e-17
     0.913782  9.21859e-17
     0.913900  9.64922e-17
     0.914019  9.62269e-17
     0.914137  9.83954e-17
     0.914255  1.09131e-16
     0.914374  1.12280e-16
     0.914492  1.10470e-16
     0.914610  1.08038e-16
     0.914729  1.13185e-16
     0.914847  1.06851e-16
     0.914965  1.13152e-16
     0.915084  1.08121e-16
     0.915202  9.98227e-17
     0.915321  9.67415e-17
     0.915439  9.18665e-17
     0.915557  8.45683e-17
     0.915675  7.91216e-17
     0.915794  8.40633e-17
     0.915912  9.08851e-17
     0.916031  9.41913e-17
     0.916149  1.05041e-16
     0.916267  9.97459e-17
     0.916386  9.75083e-17
     0.916504  1.00730e-16
     0.916622  1.10698e-16
     0.916741  1.04683e-16
     0.916859  1.03381e-16
     0.916977  1.04524e-16
     0.917096  1.04849e-16
     0.917214  1.00677e-16
     0.917332  9.29723e-17
     0.917451  9.91325e-17
     0.917569  9.48473e-17
     0.917687  8.61288e-17
     0.917806  8.99947e-17
     0.917924  9.62396e-17
     0.918042  1.03401e-16
     0.918161  9.60298e-17
     0.918279  9.94262e-17
     0.918397  1.10462e-16
     0.918516  1.12740e-16
     0.918634  1.10586e-16
     0.918752  1.07819e-16
     0.918871  1.05203e-16
     0.918989  1.04761e-16
     0.919107  1.07572e-16
     0.919226  1.06431e-16
     0.919344  1.09787e-16
     0.919463  1.12087e-16
     0.919581  1.06570e-16
     0.919699  1.06572e-16
     0.919818  1.01301e-16
     0.919936  1.02002e-16
     0.920054  1.14463e-16
     0.920172  1.24572e-16
     0.920291  1.26365e-16
     0.920409  1.24873e-16
     0.920528  1.27008e-16
     0.920646  1.27190e-16
     0.920764  1.29871e-16
     0.920883  1.24163e-16
     0.921001  1.22585e-16
     0.921119  1.16909e-16
     0.921238  1.17786e-16
     0.921356  1.17303e-16
     0.921474  1.18944e-16
     0.921593  1.19340e-16
     0.921711  1.13985e-16
     0.921829  1.10756e-16
     0.921948  1.22212e-16
     0.922066  1.13037e-16
     0.922184  1.09658e-16
     0.922303  1.14129e-16
     0.922421  1.20832e-16
     0.922539  1.27971e-16
     0.922658  1.24372e-16
     0.922776  1.21795e-16
     0.922894  1.20096e-16
     0.923013  1.16052e-16
     0.923131  1.17329e-16
     0.923249  1.13816e-16
     0.923368  1.05797e-16
     0.923486  1.13885e-16
     0.923604  1.17519e-16
     0.923723  1.15052e-16
     0.923841  1.11890e-16
     0.923959  1.02524e-16
     0.924078  1.02229e-16
     0.924196  1.03650e-16
     0.924314  1.01968e-16
     0.924433  1.00484e-16
     0.924551  9.70855e-17
     0.924670  9.57159e-17
     0.924788  1.09669e-16
     0.924906  1.08987e-16
     0.925025  1.08934e-16
     0.925143  1.09727e-16
     0.925261  1.13524e-16
     0.925380  1.15517e-16
     0.925498  1.04488e-16
     0.925616  1.13246e-16
     0.925735  1.14335e-16
     0.925853  9.83499e-17
     0.925971  1.03007e-16
     0.926090  9.44252e-17
     0.926208  8.78975e-17
     0.926326  8.49180e-17
     0.926445  7.65293e-17
     0.926563  8.02882e-17
     0.926681  7.55609e-17
     0.926800  6.93438e-17
     0.926918  6.85090e-17
     0.927036  6.72917e-17
     0.927155  6.99213e-17
     0.927273  6.56706e-17
     0.927391  5.22931e-17
     0.927510  4.02693e-17
     0.927628  3.91475e-17
     0.927746  3.96036e-17
     0.927865  3.53356e-17
     0.927983  2.66041e-17
     0.928101  2.43617e-17
     0.928220  1.67031e-17
     0.928338  1.55403e-17
     0.928456  1.40217e-17
     0.928575  1.66641e-17
     0.928693  2.69360e-17
     0.928812  2.54421e-17
     0.928930  1.67028e-17
     0.929048  1.75885e-17
     0.929166  2.50867e-17
     0.929285  2.21796e-17
     0.929403  2.63467e-17
     0.929522  3.25801e-17
     0.929640  2.53323e-17
     0.929758  2.67973e-17
     0.929877  2.40885e-17
     0.929995  1.87285e-17
     0.930113  2.14087e-17
     0.930232  1.24040e-17
     0.930350  1.38178e-17
     0.930468  3.66913e-17
     0.930587  5.14247e-17
     0.930705  5.61306e-17
     0.930823  5.54463e-17
     0.930942  3.81748e-17
     0.931060  2.58537e-17
     0.931178  4.13063e-17
     0.931297  4.83115e-17
     0.931415  4.26951e-17
     0.931533  6.37497e-17
     0.931652  3.91451e-17
     0.931770  5.91690e-17
     0.931888  2.08447e-17
     0.932007  2.05549e-18
     0.932125  3.35420e-17
     0.932243  2.69294e-17
     0.932362  1.71524e-17
     0.932480  2.70350e-17
     0.932598  3.53767e-17
     0.932717  3.29034e-17
     0.932835  2.11331e-17
     0.932954  2.55102e-17
     0.933072  4.52112e-17
     0.933190  4.22890e-17
     0.933308  3.70825e-17
     0.933427  4.50043e-17
     0.933545  4.20958e-17
     0.933664  4.13357e-17
     0.933782  3.58833e-17
     0.933900  2.87749e-17
     0.934019  4.57940e-17
     0.934137  3.16852e-17
     0.934255  1.37723e-17
     0.934374  3.33025e-17
     0.934492  2.90690e-17
     0.934610  2.42068e-17
     0.934729  2.13024e-17
     0.934847  3.48033e-17
     0.934965  3.86421e-17
     0.935084  3.04689e-17
     0.935202  4.15740e-17
     0.935320  4.21449e-17
     0.935439  4.66655e-17
     0.935557  3.86694e-17
     0.935675  3.97274e-17
     0.935794  3.37021e-17
     0.935912  2.15592e-17
     0.936030  3.24519e-17
     0.936149  3.58564e-17
     0.936267  3.53737e-17
     0.936385  4.46727e-17
     0.936504  4.77712e-17
     0.936622  4.84189e-17
     0.936740  5.91056e-17
     0.936859  4.08129e-17
     0.936977  4.85940e-17
     0.937095  4.62248e-17
     0.937214  4.17004e-17
     0.937332  3.41197e-17
     0.937450  4.58864e-17
     0.937569  4.80823e-17
     0.937687  6.93024e-17
     0.937805  9.48734e-17
     0.937924  1.37851e-16
     0.938042  1.13193e-16
     0.938161  6.80114e-17
     0.938279  7.21729e-17
     0.938397  4.81081e-17
     0.938516  5.97141e-17
     0.938634  6.87383e-17
     0.938752  5.78476e-17
     0.938871  5.42896e-17
     0.938989  6.39460e-17
     0.939107  6.96111e-17
     0.939226  6.16246e-17
     0.939344  7.51657e-17
     0.939462  9.66668e-17
     0.939581  8.85816e-17
     0.939699  8.78429e-17
     0.939817  9.98190e-17
     0.939936  1.04952e-16
     0.940054  1.04553e-16
     0.940172  9.66099e-17
     0.940291  1.00032e-16
     0.940409  1.01098e-16
     0.940527  9.04660e-17
     0.940646  8.11581e-17
     0.940764  8.63306e-17
     0.940882  9.56761e-17
     0.941001  8.90357e-17
     0.941119  8.52597e-17
     0.941237  8.59785e-17
     0.941356  7.70181e-17
     0.941474  7.07245e-17
     0.941592  8.37763e-17
     0.941711  9.47290e-17
     0.941829  8.61192e-17
     0.941947  8.50458e-17
     0.942066  1.04002e-16
     0.942184  9.32799e-17
     0.942303  9.69731e-17
     0.942421  1.05621e-16
     0.942539  9.89101e-17
     0.942658  1.00365e-16
     0.942776  9.21021e-17
     0.942894  9.07383e-17
     0.943013  7.51576e-17
     0.943131  7.12963e-17
     0.943249  6.02035e-17
     0.943368  6.85182e-17
     0.943486  7.07938e-17
     0.943604  7.03870e-17
     0.943723  1.09715e-16
     0.943841  8.44606e-17
     0.943959  6.95330e-17
     0.944078  7.53008e-17
     0.944196  9.27413e-17
     0.944314  9.05929e-17
     0.944433  9.14911e-17
     0.944551  6.13199e-17
     0.944669  6.16605e-17
     0.944788  7.04827e-17
     0.944906  9.07830e-17
     0.945024  9.53459e-17
     0.945143  9.17157e-17
     0.945261  8.70002e-17
     0.945379  7.56393e-17
     0.945498  8.19524e-17
     0.945616  8.83957e-17
     0.945735  8.60660e-17
     0.945853  5.10395e-17
     0.945971  6.37836e-17
     0.946089  7.20763e-17
     0.946208  5.45845e-17
     0.946326  6.55960e-17
     0.946445  6.55740e-17
     0.946563  6.30760e-17
     0.946681  6.61795e-17
     0.946800  7.00300e-17
     0.946918  6.75493e-17
     0.947036  5.97157e-17
     0.947155  5.01346e-17
     0.947273  3.86266e-17
     0.947391  7.66639e-17
     0.947510  8.04670e-17
     0.947628  6.19609e-17
     0.947746  4.58759e-17
     0.947865  6.00426e-17
     0.947983  9.06083e-17
     0.948101  8.40844e-17
     0.948220  1.01820e-16
     0.948338  9.79406e-17
     0.948456  7.51776e-17
     0.948575  6.62294e-17
     0.948693  7.20833e-17
     0.948811  7.66489e-17
     0.948930  8.41169e-17
     0.949048  7.71805e-17
     0.949166  8.74205e-17
     0.949285  1.01440e-16
     0.949403  9.20812e-17
     0.949521  8.50296e-17
     0.949640  6.81041e-17
     0.949758  5.70300e-17
     0.949876  4.67446e-17
     0.949995  1.46166e-17
     0.950113  2.03546e-17
     0.950231  3.79541e-17
     0.950350  4.22450e-17
     0.950468  5.19315e-17
     0.950586  5.91340e-17
     0.950705  6.88790e-17
     0.950823  8.10386e-17
     0.950942  8.47346e-17
     0.951060  8.80079e-17
     0.951178  8.58862e-17
     0.951297  8.38393e-17
     0.951415  8.35180e-17
     0.951533  7.51415e-17
     0.951652  7.94529e-17
     0.951770  6.62309e-17
     0.951888  3.90351e-17
     0.952007  7.34406e-17
     0.952125  8.75741e-17
     0.952243  6.41183e-17
     0.952362  7.65625e-17
     0.952480  6.02286e-17
     0.952598  7.38116e-17
     0.952717  6.80963e-17
     0.952835  6.13088e-17
     0.952953  6.04278e-17
     0.953072  6.92545e-17
     0.953190  7.66223e-17
     0.953308  8.33829e-17
     0.953427  9.44784e-17
     0.953545  9.34483e-17
     0.953663  8.10645e-17
     0.953782  8.17431e-17
     0.953900  9.44413e-17
     0.954018  9.45300e-17
     0.954137  9.71580e-17
     0.954255  9.55199e-17
     0.954373  8.65631e-17
     0.954492  8.61655e-17
     0.954610  7.38891e-17
     0.954728  7.15519e-17
     0.954847  6.89784e-17
     0.954965  6.43990e-17
     0.955083  6.44325e-17
     0.955202  7.77010e-17
     0.955320  6.69117e-17
     0.955438  5.74515e-17
     0.955557  5.63031e-17
     0.955675  5.57960e-17
     0.955794  5.08402e-17
     0.955912  3.23653e-17
     0.956030  4.82671e-17
     0.956149  6.02008e-17
     0.956267  7.51523e-17
     0.956385  7.72023e-17
     0.956504  5.32189e-17
     0.956622  4.65633e-17
     0.956740  3.02704e-17
     0.956859  4.25814e-18
     0.956977  3.54437e-17
     0.957095  6.93024e-17
     0.957214  7.12246e-17
     0.957332  7.45660e-17
     0.957450  6.94714e-17
     0.957569  9.65343e-17
     0.957687  8.80418e-17
     0.957805  8.43506e-17
     0.957924  8.62242e-17
     0.958042  9.46282e-17
     0.958160  8.18446e-17
     0.958279  7.83481e-17
     0.958397  6.64672e-17
     0.958515  5.46839e-17
     0.958634  5.40210e-17
     0.958752  6.19881e-17
     0.958870  6.52840e-17
     0.958989  5.44481e-17
     0.959107  4.17353e-17
     0.959225  4.19038e-17
     0.959344  4.04453e-17
     0.959462  4.60621e-17
     0.959580  4.70572e-17
     0.959699  4.35879e-17
     0.959817  4.76176e-17
     0.959936  5.35532e-17
     0.960054  5.85717e-17
     0.960172  5.40124e-17
     0.960291  6.84671e-17
     0.960409  8.09493e-17
     0.960527  9.02306e-17
     0.960646  1.07203e-16
     0.960764  1.06541e-16
     0.960882  7.56126e-17
     0.961001  7.33538e-17
     0.961119  8.51171e-17
     0.961237  7.16892e-17
     0.961356  6.64069e-17
     0.961474  6.16403e-17
     0.961592  5.25231e-17
     0.961711  4.97720e-17
     0.961829  5.55904e-17
     0.961947  5.84247e-17
     0.962066  5.60183e-17
     0.962184  5.34647e-17
     0.962302  7.16155e-17
     0.962421  8.51292e-17
     0.962539  8.19718e-17
     0.962657  7.55710e-17
     0.962776  7.86541e-17
     0.962894  8.81786e-17
     0.963012  8.98412e-17
     0.963131  1.01452e-16
     0.963249  1.04070e-16
     0.963367  1.05111e-16
     0.963486  1.17506e-16
     0.963604  1.06959e-16
     0.963722  8.54371e-17
     0.963841  7.42186e-17
     0.963959  5.97253e-17
     0.964078  4.52939e-17
     0.964196  3.90110e-17
     0.964314  4.41629e-17
     0.964433  5.94199e-17
     0.964551  7.35218e-17
     0.964669  8.36580e-17
     0.964788  8.58375e-17
     0.964906  8.55926e-17
     0.965024  8.85276e-17
     0.965143  9.24580e-17
     0.965261  8.62551e-17
     0.965379  7.85534e-17
     0.965498  7.24142e-17
     0.965616  7.17366e-17
     0.965734  7.87241e-17
     0.965853  8.88005e-17
     0.965971  1.02506e-16
     0.966089  1.00233e-16
     0.966208  1.06074e-16
     0.966326  1.08784e-16
     0.966444  9.48081e-17
     0.966563  7.78127e-17
     0.966681  6.74128e-17
     0.966799  7.77066e-17
     0.966918  7.91074e-17
     0.967036  6.86937e-17
     0.967154  8.17314e-17
     0.967273  9.92471e-17
     0.967391  1.16237e-16
     0.967509  1.43567e-16
     0.967628  1.62413e-16
     0.967746  1.72353e-16
     0.967864  1.59340e-16
     0.967983  1.48929e-16
     0.968101  1.33989e-16
     0.968219  1.38193e-16
     0.968338  1.32071e-16
     0.968456  1.00403e-16
     0.968575  1.03507e-16
     0.968693  1.24998e-16
     0.968811  1.21944e-16
     0.968929  1.15146e-16
     0.969048  9.58612e-17
     0.969166  9.21906e-17
     0.969285  9.13639e-17
     0.969403  7.77847e-17
     0.969521  8.27533e-17
     0.969640  8.22751e-17
     0.969758  8.66877e-17
     0.969876  1.00085e-16
     0.969995  1.16926e-16
     0.972877  1.51126e-16
     0.977711  1.53441e-16
     0.982545  1.54280e-16
     0.987379  2.10564e-16
     0.992212  2.58630e-16
     0.997046  3.03509e-16
      1.00188  3.48970e-16
      1.00671  3.99622e-16
      1.01155  4.55525e-16
      1.01638  4.35828e-16
      1.02121  5.37405e-16
      1.02605  6.00930e-16
      1.03088  6.67780e-16
      1.03572  7.18939e-16
      1.04055  8.13945e-16
      1.04538  8.74184e-16
      1.05022  9.42103e-16
      1.05505  1.01243e-15
      1.05989  1.05138e-15
      1.06472  1.09698e-15
      1.06955  1.15434e-15
      1.07439  1.19527e-15
      1.07922  1.20647e-15
      1.08405  1.17693e-15
      1.08889  1.02700e-15
      1.09372  6.68753e-16
      1.09856  4.28847e-16
      1.10339  2.44553e-16
      1.10822  1.33097e-16
      1.11306  7.70409e-17
      1.11789  5.48236e-17
      1.12272  2.89975e-17
      1.12756  5.77909e-17
      1.13239  5.55975e-17
      1.13723  4.75047e-17
      1.14206  5.13139e-17
      1.14689  8.70664e-17
      1.15173  2.82041e-17
      1.15656  2.21375e-18
      1.16139  4.09345e-17
      1.16623  3.51886e-17
      1.17106  4.60620e-17
      1.17590  5.22861e-17
      1.18073  6.98853e-17
      1.18556  1.21563e-16
      1.19040  1.58390e-16
      1.19523  2.46770e-16
      1.20006  3.06697e-16
      1.20490  3.84864e-16
      1.20973  4.89105e-16
      1.21457  5.70364e-16
      1.21940  6.97705e-16
      1.22423  8.23278e-16
      1.22907  9.73914e-16
      1.23390  1.12408e-15
      1.23873  1.30408e-15
      1.24357  1.42510e-15
      1.24840  1.60644e-15
      1.25324  1.74334e-15
      1.25807  1.87354e-15
      1.26290  2.00550e-15
      1.26774  2.01911e-15
      1.27257  1.85954e-15
      1.27740  1.84435e-15
      1.28224  1.64871e-15
      1.28707  1.40769e-15
      1.29191  1.19970e-15
      1.29674  1.06892e-15
      1.30157  9.06345e-16
      1.30641  7.04064e-16
      1.31124  6.05014e-16
      1.31607  4.48934e-16
      1.32091  4.46328e-16
      1.32574  2.88322e-16
      1.33058  1.31252e-16
      1.33541  2.69325e-17
      1.34024  1.13054e-17
      1.34508  3.25947e-18
      1.34991  1.20066e-17
      1.35474 -1.17011e-18
      1.35958  2.13384e-17
      1.36441  7.88841e-17
      1.36925 -2.13675e-16
      1.37408  6.33714e-17
      1.37891  2.78561e-17
      1.38375 -4.04795e-17
      1.38858 -1.62634e-17
      1.39341  5.21753e-17
      1.39825  2.91666e-17
      1.40308  2.90345e-17
      1.40792  6.37389e-17
      1.41275  1.39088e-17
      1.41758 -1.14543e-17
      1.42242  1.20141e-17
      1.42725  2.09766e-17
      1.43208  2.35920e-17
      1.43692  1.44663e-17
      1.44175  1.07569e-17
      1.44659  1.23052e-17
      1.45142  5.96147e-17
      1.45625  5.36472e-17
      1.46109  4.64916e-17
      1.46592  4.67250e-17
      1.47075  2.83675e-17
      1.47559  5.50861e-17
      1.48042  4.59180e-17
      1.48526  4.82436e-17
      1.49009  7.15672e-17
      1.49492  1.03091e-16
      1.49976  1.26101e-16
      1.50459  1.31114e-16
      1.50942  1.47991e-16
      1.51426  1.66239e-16
      1.51909  1.91759e-16
      1.52393  2.50580e-16
      1.52876  3.11734e-16
      1.53359  3.69153e-16
      1.53843  4.34700e-16
      1.54326  5.16872e-16
      1.54809  6.00172e-16
      1.55293  6.78922e-16
      1.55776  7.67355e-16
      1.56260  8.69341e-16
      1.56743  9.88964e-16
      1.57226  1.05527e-15
      1.57710  1.13664e-15
      1.58193  1.08951e-15
      1.58676  1.05367e-15
      1.59160  1.03853e-15
      1.59643  9.13578e-16
      1.60127  6.21289e-16
      1.60610  3.70689e-16
      1.61093  2.50309e-16
      1.61577  1.44663e-16
      1.62060  9.88109e-17
      1.62544  8.42314e-17
      1.63027  6.89753e-17
      1.63510  4.37947e-17
      1.63994  5.57025e-17
      1.64477  8.57170e-17
      1.64960  6.80984e-17
      1.65444  9.31914e-17
      1.65927  8.59580e-17
      1.66411  1.00318e-16
      1.66894 -4.38822e-18
      1.67377 -5.23716e-19
      1.67861  6.92066e-17
      1.68344  8.85111e-17
      1.68827  6.35950e-17
      1.69311  3.77145e-17
      1.69794  3.77066e-17
      1.70278  4.04270e-17
      1.70761  5.27916e-17
      1.71244  5.05166e-17
      1.71728  7.61834e-17
      1.72211  8.71616e-17
      1.72694  5.91753e-17
      1.73178  4.96630e-17
      1.73661  1.72290e-17
      1.74145  5.39234e-17
      1.74628  7.17850e-17
      1.75111  5.55120e-17
      1.75595  6.37816e-17
      1.76078  5.75730e-17
      1.76561  7.53375e-17
      1.77045  5.05653e-17
      1.77528  4.16461e-17
      1.78012  4.25075e-17
      1.78495  3.78505e-17
      1.78978  4.29916e-17
      1.79462  1.58663e-17
      1.79945  3.84961e-17
      1.80428  7.57770e-18
      1.80912  2.11770e-17
      1.81395  3.23555e-17
      1.81879  1.84611e-17
      1.82362  5.61653e-17
      1.82845 -1.34629e-17
      1.83329  4.47786e-17
      1.83812  8.05370e-17
      1.84295  8.97264e-17
      1.84779  1.49750e-17
      1.85262 -8.19195e-17
      1.85746  2.72222e-17
      1.86229 -8.99034e-17
      1.86712 -2.08075e-17
      1.87196  3.53966e-17
      1.87679  4.51714e-17
      1.88162  1.22899e-17
      1.88646  6.54597e-17
      1.89129  6.27297e-17
      1.89613  5.59884e-17
      1.90096 -8.13614e-17
      1.90579  5.85200e-17
      1.91063 -3.28164e-17
      1.91546 -1.13478e-19
      1.92029  9.37125e-18
      1.92513  1.69443e-17
      1.92996  1.41735e-17
      1.93480  4.90466e-17
      1.93963  8.22753e-18
      1.94446  1.57867e-17
      1.94930  2.63511e-17
      1.95413 -1.41112e-17
      1.95896  1.52894e-17
      1.96380  3.02341e-17
      1.96863  3.63222e-17
      1.97347  3.42241e-17
      1.97830  6.25820e-17
      1.98313  6.73050e-17
      1.98797  7.90514e-17
      1.99280  9.12684e-17
      1.99763  1.26443e-16
      2.00247  8.31425e-17
      2.00730  9.88575e-17
      2.01214  9.36250e-17
      2.01697  9.71366e-17
      2.02180  1.33288e-16
      2.02664  1.50009e-16
      2.03147  1.59576e-16
      2.03630  1.81250e-16
      2.04114  1.85499e-16
      2.04597  2.16222e-16
      2.05081  2.21472e-16
      2.05564  2.05509e-16
      2.06047  2.34034e-16
      2.06531  2.30378e-16
      2.07014  2.44825e-16
      2.07498  2.41461e-16
      2.07981  2.52584e-16
      2.08464  2.65086e-16
      2.08948  2.39925e-16
      2.09431  2.63803e-16
      2.09914  2.52855e-16
      2.10398  2.36289e-16
      2.10881  2.35005e-16
      2.11365  2.16416e-16
      2.11848  2.06441e-16
      2.12331  2.06403e-16
      2.12815  1.85683e-16
      2.13298  1.76926e-16
      2.13781  1.65459e-16
      2.14265  1.65743e-16
      2.14748  1.53451e-16
      2.15232  1.28642e-16
      2.15715  1.09431e-16
      2.16198  1.05521e-16
      2.16682  9.07589e-17
      2.17165  9.90053e-17
      2.17648  1.01885e-16
      2.18132  7.66947e-17
      2.18615  7.65722e-17
      2.19099  6.47830e-17
      2.19582  3.49845e-17
      2.20065  9.76791e-18
      2.20549  3.07145e-18
      2.21032  1.37099e-17
      2.21515  8.88766e-18
      2.21999  2.39089e-17
      2.22482  1.60161e-17
      2.22966  3.83036e-18
      2.23449 -2.14472e-19
      2.23932 -2.98084e-18
      2.24416  8.56820e-18
      2.24899  4.21575e-18
      2.25382  4.11036e-18
      2.25866 -4.75378e-19
      2.26349  7.06009e-18
      2.26833  9.66136e-18
      2.27316  1.00712e-17
      2.27799  7.55222e-18
      2.28283  5.84111e-18
      2.28766  1.37289e-17
      2.29249 -8.71811e-19
      2.29733 -3.48191e-18
      2.30216  7.15516e-19
      2.30700  1.59025e-17
      2.31183  2.77764e-17
      2.31666  2.79611e-17
      2.32150  6.84697e-18
      2.32633  2.50541e-18
      2.33116 -2.25750e-18
      2.33600 -1.03524e-17
      2.34083 -1.91265e-18
      2.34567  4.41116e-18
      2.35050 -1.65329e-18
      2.35533  9.32050e-18
      2.36017 -2.92075e-18
      2.36500  1.53451e-17
      2.36983 -5.51561e-18
      2.37467  1.79045e-17
      2.37950 -2.33041e-18
      2.38434  3.03411e-19
      2.38917 -6.17303e-18
      2.39400 -1.49899e-17
      2.39884 -4.23559e-18
      2.40367 -2.51203e-18
      2.40850 -1.44161e-17
      2.41334  2.31584e-18
      2.41817  1.48698e-17
      2.42301  1.28147e-17
      2.42784 -2.04439e-18
      2.43267  7.44625e-18
      2.43751  1.23603e-17
      2.44234  7.55125e-18
      2.44717  4.23345e-17
      2.45201  5.36414e-18
      2.45684 -1.16925e-17
      2.46168  7.98466e-18
      2.46651 -1.57296e-18
      2.47134 -1.42913e-17
      2.47618  4.81678e-17
