# An Atlas of Galaxy Spectral Energy Distributions from the Ultraviolet to the Mid-Infrared
# Brown et al. (2014)
# http://dx.doi.org/10.5072/03/529D3551F0117
# 
# Column 1 : Restframe Wavelength (Angstrom)
# Column 2 : Flux per unit wavelength (ergs/s/cm^2/Angstrom)
# Column 3 : Observed wavelength (Angstrom)
# Column 4 : Source (0 = model, 1 = Optical Spectrum, 2 = Akari, 3 = Spitzer IRS)
# 
   102.00 2.4075e-27    105.44 0 
   103.90 3.7525e-27    107.40 0 
   106.07 5.9160e-27    109.65 0 
   108.05 9.4354e-27    111.69 0 
   110.05 1.6730e-26    113.76 0 
   113.92 3.6473e-26    117.76 0 
   117.92 7.3020e-26    121.90 0 
   120.95 3.5978e-25    125.03 0 
   124.91 6.4343e-25    129.12 0 
   126.94 8.2838e-25    131.22 0 
   128.12 9.5515e-25    132.43 0 
   131.10 1.3573e-24    135.52 0 
   132.01 1.7400e-24    136.46 0 
   133.85 2.1642e-24    138.36 0 
   136.96 3.4505e-24    141.58 0 
   140.15 4.7039e-24    144.88 0 
   143.09 1.6484e-23    147.91 0 
   147.10 5.6431e-23    152.05 0 
   150.87 7.8165e-23    155.96 0 
   155.10 1.0850e-22    160.32 0 
   159.08 1.4959e-22    164.44 0 
   162.03 1.8772e-22    167.49 0 
   166.19 2.5523e-22    171.79 0 
   170.06 3.3606e-22    175.79 0 
   172.82 4.1309e-22    178.65 0 
   176.85 5.3394e-22    182.81 0 
   180.14 6.4276e-22    186.21 0 
   181.80 7.2748e-22    187.93 0 
   186.04 9.2097e-22    192.31 0 
   190.81 1.2235e-21    197.24 0 
   193.91 1.4527e-21    200.45 0 
   197.97 1.7890e-21    204.64 0 
   202.12 2.2032e-21    208.93 0 
   204.93 2.5567e-21    211.84 0 
   210.19 3.1042e-21    217.27 0 
   216.08 4.2672e-21    223.36 0 
   220.09 5.1121e-21    227.51 0 
   223.15 5.7435e-21    230.67 0 
   226.78 6.8498e-21    234.42 0 
   229.94 1.1568e-20    237.68 0 
   234.21 2.1660e-20    242.10 0 
   240.22 3.1538e-20    248.31 0 
   245.81 3.5161e-20    254.10 0 
   252.12 4.3671e-20    260.62 0 
   256.81 4.1932e-20    265.46 0 
   259.78 5.1777e-20    268.53 0 
   264.00 5.9642e-20    272.90 0 
   268.91 6.6815e-20    277.97 0 
   273.91 7.4332e-20    283.14 0 
   279.00 8.2694e-20    288.40 0 
   284.19 9.1570e-20    293.76 0 
   290.14 9.8157e-20    299.92 0 
   296.21 1.1196e-19    306.20 0 
   301.03 1.2145e-19    311.17 0 
   308.04 1.3881e-19    318.42 0 
   318.13 1.6673e-19    328.85 0 
   327.80 1.9438e-19    338.84 0 
   337.76 2.2298e-19    349.14 0 
   348.02 2.5282e-19    359.75 0 
   356.95 2.8285e-19    368.98 0 
   366.10 3.1641e-19    378.44 0 
   374.63 3.4837e-19    387.26 0 
   385.13 3.7373e-19    398.11 0 
   395.01 4.2476e-19    408.32 0 
   405.14 4.7065e-19    418.79 0 
   413.62 5.0639e-19    427.56 0 
   422.28 5.3486e-19    436.52 0 
   430.14 5.6639e-19    444.63 0 
   441.17 6.1876e-19    456.04 0 
   451.45 6.5772e-19    466.66 0 
   459.84 6.9155e-19    475.34 0 
   469.47 7.3524e-19    485.29 0 
   480.40 7.8495e-19    496.59 0 
   490.46 8.1353e-19    506.99 0 
   499.58 8.7305e-19    516.42 0 
   506.53 8.8313e-19    523.60 0 
   512.40 9.5535e-19    529.66 0 
   519.52 9.9110e-19    537.03 0 
   530.40 1.0269e-18    548.28 0 
   540.26 1.0425e-18    558.47 0 
   550.31 1.0929e-18    568.85 0 
   560.54 1.1724e-18    579.43 0 
   569.65 1.2523e-18    588.84 0 
   580.24 1.2768e-18    599.79 0 
   589.67 1.3543e-18    609.54 0 
   600.63 1.3680e-18    620.87 0 
   610.39 1.3020e-18    630.96 0 
   620.31 1.5350e-18    641.21 0 
   630.38 1.5834e-18    651.63 0 
   640.63 1.6483e-18    662.22 0 
   649.54 1.7207e-18    671.43 0 
   658.58 1.7592e-18    680.77 0 
   664.67 1.8425e-18    687.07 0 
   675.47 1.8912e-18    698.23 0 
   684.87 1.8807e-18    707.95 0 
   694.39 2.1128e-18    717.79 0 
   705.68 2.0707e-18    729.46 0 
   715.49 2.2993e-18    739.61 0 
   725.45 2.3826e-18    749.89 0 
   735.54 2.4632e-18    760.33 0 
   745.77 2.6297e-18    770.90 0 
   754.41 2.7578e-18    779.83 0 
   764.90 2.7411e-18    790.68 0 
   775.54 3.0567e-18    801.68 0 
   784.52 3.1830e-18    810.96 0 
   795.44 3.3506e-18    822.24 0 
   804.65 3.5048e-18    831.76 0 
   815.84 3.6467e-18    843.33 0 
   825.29 3.9300e-18    853.10 0 
   834.84 3.4110e-18    862.98 0 
   844.51 4.1719e-18    872.97 0 
   854.29 4.2931e-18    883.08 0 
   864.18 4.6045e-18    893.31 0 
   874.19 4.9269e-18    903.65 0 
   884.31 5.3449e-18    914.11 0 
   894.55 5.6530e-18    924.70 0 
   904.91 5.6442e-18    935.41 0 
   915.39 8.8899e-18    946.24 0 
   925.99 6.0697e-17    957.19 0 
   934.56 1.3482e-16    966.05 0 
   945.38 2.6853e-16    977.24 0 
   954.13 4.0978e-16    986.28 0 
   965.17 4.2338e-16    997.70 0 
   974.10 5.9327e-17   1006.93 0 
   985.38 3.0156e-16   1018.59 0 
   994.50 3.7485e-16   1028.02 0 
  1006.02 6.5004e-16   1039.92 0 
  1015.33 6.6586e-16   1049.54 0 
  1024.72 2.9909e-16   1059.25 0 
  1034.20 4.2190e-16   1069.05 0 
  1046.18 9.5982e-16   1081.43 0 
  1055.86 9.6061e-16   1091.44 0 
  1065.63 6.9166e-16   1101.54 0 
  1075.49 8.9168e-16   1111.73 0 
  1085.44 6.4493e-16   1122.02 0 
  1095.48 9.8580e-16   1132.40 0 
  1105.62 9.5730e-16   1142.88 0 
  1115.85 8.9595e-16   1153.45 0 
  1126.17 7.9159e-16   1164.13 0 
  1133.98 1.1354e-15   1172.20 0 
  1144.47 1.0170e-15   1183.04 0 
  1155.06 1.1363e-15   1193.99 0 
  1165.75 1.1820e-15   1205.04 0 
  1173.83 7.4850e-16   1213.39 0 
  1184.69 1.1702e-15   1224.62 0 
  1195.65 6.9718e-16   1235.95 0 
  1203.94 4.4348e-16   1244.51 0 
  1215.08 3.8010e-16   1256.03 0 
  1226.32 8.2015e-16   1267.65 0 
  1234.82 1.3848e-15   1276.44 0 
  1246.25 1.5464e-15   1288.25 0 
  1254.89 1.4447e-15   1297.18 0 
  1263.59 1.1945e-15   1306.17 0 
  1275.28 1.7025e-15   1318.26 0 
  1284.12 1.8344e-15   1327.39 0 
  1296.00 1.2981e-15   1339.68 0 
  1304.99 1.2873e-15   1348.96 0 
  1314.03 1.7948e-15   1358.31 0 
  1326.19 1.7092e-15   1370.88 0 
  1335.38 1.4259e-15   1380.38 0 
  1344.64 1.8896e-15   1389.95 0 
  1353.96 1.8308e-15   1399.59 0 
  1366.49 1.5679e-15   1412.54 0 
  1375.96 1.7082e-15   1422.33 0 
  1385.50 1.7368e-15   1432.19 0 
  1395.10 1.5030e-15   1442.12 0 
  1404.77 1.5744e-15   1452.11 0 
  1414.51 1.5932e-15   1462.18 0 
  1424.31 1.6959e-15   1472.31 0 
  1434.19 1.6770e-15   1482.52 0 
  1440.81 1.8124e-15   1489.36 0 
  1447.46 1.8663e-15   1496.24 0 
  1454.14 1.7977e-15   1503.14 0 
  1464.22 1.6209e-15   1513.56 0 
  1474.37 1.6361e-15   1524.05 0 
  1484.59 1.7054e-15   1534.62 0 
  1494.88 1.7613e-15   1545.25 0 
  1505.24 1.6398e-15   1555.97 0 
  1512.19 1.4075e-15   1563.15 0 
  1515.67 1.5587e-15   1566.75 0 
  1526.18 1.4849e-15   1577.61 0 
  1536.76 1.2405e-15   1588.55 0 
  1543.85 1.4528e-15   1595.88 0 
  1554.55 1.3648e-15   1606.94 0 
  1565.33 1.3801e-15   1618.08 0 
  1576.18 1.4919e-15   1629.30 0 
  1583.45 1.6117e-15   1636.82 0 
  1594.43 1.6523e-15   1648.16 0 
  1605.48 1.6325e-15   1659.59 0 
  1616.61 1.6580e-15   1671.09 0 
  1624.07 1.5419e-15   1678.80 0 
  1635.33 1.6817e-15   1690.44 0 
  1646.67 1.7157e-15   1702.16 0 
  1654.27 1.5591e-15   1710.02 0 
  1665.73 1.7438e-15   1721.87 0 
  1673.42 1.4890e-15   1729.82 0 
  1677.28 1.7543e-15   1733.80 0 
  1685.02 1.8857e-15   1741.81 0 
  1696.70 1.7460e-15   1753.88 0 
  1704.53 1.6611e-15   1761.98 0 
  1716.35 1.5414e-15   1774.19 0 
  1724.27 1.5425e-15   1782.38 0 
  1736.22 1.6815e-15   1794.73 0 
  1744.24 1.6443e-15   1803.02 0 
  1756.33 1.7964e-15   1815.52 0 
  1764.43 1.6057e-15   1823.90 0 
  1776.66 1.6558e-15   1836.54 0 
  1784.87 1.7031e-15   1845.02 0 
  1793.10 1.8683e-15   1853.53 0 
  1805.53 1.8567e-15   1866.38 0 
  1813.87 1.6708e-15   1874.99 0 
  1826.44 1.7225e-15   1887.99 0 
  1834.87 1.6417e-15   1896.71 0 
  1843.34 1.4805e-15   1905.46 0 
  1856.12 1.4708e-15   1918.67 0 
  1864.69 1.5405e-15   1927.53 0 
  1873.29 1.7287e-15   1936.42 0 
  1886.28 1.5552e-15   1949.84 0 
  1894.98 1.4922e-15   1958.84 0 
  1903.73 1.6026e-15   1967.89 0 
  1916.93 1.5199e-15   1981.53 0 
  1925.77 1.5024e-15   1990.67 0 
  1934.66 1.5587e-15   1999.86 0 
  1943.59 1.6356e-15   2009.09 0 
  1957.07 1.5155e-15   2023.02 0 
  1966.10 1.7079e-15   2032.36 0 
  1975.17 1.7633e-15   2041.74 0 
  1984.29 1.6489e-15   2051.16 0 
  1993.45 1.5960e-15   2060.63 0 
  2007.27 1.6548e-15   2074.91 0 
  2016.53 1.5723e-15   2084.49 0 
  2025.84 1.6762e-15   2094.11 0 
  2035.19 1.5634e-15   2103.78 0 
  2044.59 1.6550e-15   2113.49 0 
  2054.02 1.5686e-15   2123.24 0 
  2063.50 1.5639e-15   2133.04 0 
  2073.03 1.7017e-15   2142.89 0 
  2077.81 1.6170e-15   2147.83 0 
  2087.40 1.6996e-15   2157.74 0 
  2097.03 1.5884e-15   2167.70 0 
  2106.71 1.5906e-15   2177.71 0 
  2116.44 1.6112e-15   2187.76 0 
  2126.21 1.6357e-15   2197.86 0 
  2136.02 1.4867e-15   2208.01 0 
  2145.88 1.5514e-15   2218.20 0 
  2155.79 1.6226e-15   2228.44 0 
  2165.74 1.5584e-15   2238.72 0 
  2175.73 1.5386e-15   2249.05 0 
  2185.78 1.5119e-15   2259.44 0 
  2195.86 1.5919e-15   2269.86 0 
  2206.00 1.5356e-15   2280.34 0 
  2216.18 1.4342e-15   2290.87 0 
  2226.41 1.3803e-15   2301.44 0 
  2236.69 1.5052e-15   2312.07 0 
  2247.01 1.4326e-15   2322.74 0 
  2257.38 1.3500e-15   2333.46 0 
  2262.59 1.3979e-15   2338.84 0 
  2273.03 1.4578e-15   2349.63 0 
  2283.52 1.5238e-15   2360.48 0 
  2294.06 1.4294e-15   2371.37 0 
  2304.65 1.4368e-15   2382.32 0 
  2315.29 1.3478e-15   2393.32 0 
  2325.98 9.8822e-16   2404.36 0 
  2336.71 1.2277e-15   2415.46 0 
  2347.50 1.1866e-15   2426.61 0 
  2352.91 1.3287e-15   2432.20 0 
  2363.77 1.1876e-15   2443.43 0 
  2374.68 1.2414e-15   2454.71 0 
  2385.64 1.1354e-15   2466.04 0 
  2396.66 1.2427e-15   2477.42 0 
  2407.72 1.1847e-15   2488.86 0 
  2413.27 1.2352e-15   2494.60 0 
  2424.41 1.3520e-15   2506.11 0 
  2435.60 1.3008e-15   2517.68 0 
  2446.84 1.4043e-15   2529.30 0 
  2452.48 1.3918e-15   2535.13 0 
  2463.80 1.3766e-15   2546.83 0 
  2475.17 1.3184e-15   2558.59 0 
  2486.60 1.3499e-15   2570.40 0 
  2492.33 1.2806e-15   2576.32 0 
  2503.83 1.4711e-15   2588.21 0 
  2515.39 1.2557e-15   2600.16 0 
  2527.00 1.2363e-15   2612.16 0 
  2532.83 1.2802e-15   2618.18 0 
  2544.52 1.2575e-15   2630.27 0 
  2556.26 1.4182e-15   2642.41 0 
  2562.16 1.3486e-15   2648.50 0 
  2573.98 1.4659e-15   2660.72 0 
  2585.86 1.4367e-15   2673.01 0 
  2597.80 1.4113e-15   2685.34 0 
  2603.79 1.3512e-15   2691.54 0 
  2615.81 1.3304e-15   2703.96 0 
  2627.88 1.4296e-15   2716.44 0 
  2633.94 1.5465e-15   2722.70 0 
  2646.10 1.7482e-15   2735.27 0 
  2652.20 1.8694e-15   2741.57 0 
  2664.44 1.5811e-15   2754.23 0 
  2676.74 1.6991e-15   2766.94 0 
  2682.91 1.7192e-15   2773.32 0 
  2695.29 1.6054e-15   2786.12 0 
  2707.73 1.7015e-15   2798.98 0 
  2713.97 1.5594e-15   2805.43 0 
  2726.50 1.5353e-15   2818.38 0 
  2732.79 1.6532e-15   2824.88 0 
  2745.40 1.3508e-15   2837.92 0 
  2758.07 1.4152e-15   2851.02 0 
  2764.43 1.5099e-15   2857.59 0 
  2777.19 1.6040e-15   2870.78 0 
  2783.59 1.4633e-15   2877.40 0 
  2796.44 1.1261e-15   2890.68 0 
  2802.89 1.2295e-15   2897.34 0 
  2815.82 1.5921e-15   2910.72 0 
  2822.31 1.7664e-15   2917.43 0 
  2835.34 1.7035e-15   2930.89 0 
  2841.88 1.6236e-15   2937.65 0 
  2855.00 1.4987e-15   2951.21 0 
  2868.17 1.8154e-15   2964.83 0 
  2874.79 1.8972e-15   2971.67 0 
  2888.05 1.8423e-15   2985.38 0 
  2894.71 1.8814e-15   2992.27 0 
  2908.07 2.1664e-15   3006.08 0 
  2928.23 2.0471e-15   3026.91 0 
  2948.53 2.0115e-15   3047.89 0 
  2968.97 2.0985e-15   3069.02 0 
  2989.55 2.1198e-15   3090.30 0 
  3010.27 2.1811e-15   3111.72 0 
  3031.14 2.2083e-15   3133.29 0 
  3052.15 2.2307e-15   3155.01 0 
  3073.30 2.2847e-15   3176.87 0 
  3087.49 2.3286e-15   3191.54 0 
  3108.89 2.3850e-15   3213.66 0 
  3130.44 2.3489e-15   3235.94 0 
  3152.14 2.3619e-15   3258.37 0 
  3166.69 2.4184e-15   3273.41 0 
  3188.64 2.2435e-15   3296.10 0 
  3210.74 2.4005e-15   3318.94 0 
  3233.00 2.2065e-15   3341.95 0 
  3247.92 2.5233e-15   3357.38 0 
  3270.44 2.7124e-15   3380.65 0 
  3293.10 2.6838e-15   3404.08 0 
  3308.30 2.6792e-15   3419.79 0 
  3323.58 2.6685e-15   3435.58 0 
  3331.24 2.7315e-15   3443.50 0 
  3338.92 2.5150e-15   3451.44 0 
  3346.61 2.7968e-15   3459.39 0 
  3354.33 2.6779e-15   3467.37 0 
  3362.06 2.4487e-15   3475.36 0 
  3369.81 2.6734e-15   3483.37 0 
  3377.58 2.6013e-15   3491.40 0 
  3385.36 2.6689e-15   3499.45 0 
  3393.17 2.8475e-15   3507.52 0 
  3400.99 3.0874e-15   3515.60 0 
  3408.83 2.7588e-15   3523.71 0 
  3416.69 2.7093e-15   3531.83 0 
  3424.57 2.9784e-15   3539.97 0 
  3432.46 3.0982e-15   3548.13 0 
  3440.37 2.9191e-15   3556.31 0 
  3448.30 2.6087e-15   3564.51 0 
  3456.25 2.7458e-15   3572.73 0 
  3464.22 2.5581e-15   3580.96 0 
  3472.21 2.9320e-15   3589.22 0 
  3480.21 2.6267e-15   3597.49 0 
  3488.23 2.8096e-15   3605.79 0 
  3496.27 2.7536e-15   3614.10 0 
  3504.33 2.9933e-15   3622.43 0 
  3512.41 2.8668e-15   3630.78 0 
  3520.51 3.0735e-15   3639.15 0 
  3528.63 2.5935e-15   3647.54 0 
  3536.76 2.9932e-15   3655.95 0 
  3544.91 3.1578e-15   3664.37 0 
  3553.08 3.2109e-15   3672.82 0 
  3560.59 3.2886e-15   3680.58 1 
  3563.25 3.7061e-15   3683.33 1 
  3565.91 3.3732e-15   3686.08 1 
  3568.57 3.2943e-15   3688.83 1 
  3571.23 4.4094e-15   3691.58 1 
  3573.89 4.0355e-15   3694.33 1 
  3576.55 3.4489e-15   3697.08 1 
  3579.21 3.1761e-15   3699.83 1 
  3581.87 2.3437e-15   3702.58 1 
  3584.53 3.0518e-15   3705.33 1 
  3587.19 1.9086e-15   3708.08 1 
  3589.85 2.3090e-15   3710.83 1 
  3592.51 2.9508e-15   3713.58 1 
  3595.17 2.8964e-15   3716.33 1 
  3597.83 3.7715e-15   3719.08 1 
  3600.49 3.5414e-15   3721.83 1 
  3603.15 3.4489e-15   3724.58 1 
  3605.81 2.3139e-15   3727.33 1 
  3608.47 3.1233e-15   3730.08 1 
  3611.13 3.0910e-15   3732.83 1 
  3613.80 2.7149e-15   3735.58 1 
  3616.46 3.6020e-15   3738.33 1 
  3619.12 2.9709e-15   3741.08 1 
  3621.78 2.0907e-15   3743.83 1 
  3624.44 2.8338e-15   3746.58 1 
  3627.10 3.1441e-15   3749.33 1 
  3629.76 3.0159e-15   3752.08 1 
  3632.42 2.6876e-15   3754.83 1 
  3635.08 2.7311e-15   3757.58 1 
  3637.74 2.8547e-15   3760.33 1 
  3640.40 3.6713e-15   3763.08 1 
  3643.06 2.6409e-15   3765.83 1 
  3645.72 3.3045e-15   3768.58 1 
  3648.38 2.4691e-15   3771.33 1 
  3651.04 2.8375e-15   3774.08 1 
  3653.70 3.1363e-15   3776.83 1 
  3656.36 3.7409e-15   3779.58 1 
  3659.02 2.7620e-15   3782.33 1 
  3661.68 2.8657e-15   3785.08 1 
  3664.34 3.4341e-15   3787.83 1 
  3667.00 2.7943e-15   3790.58 1 
  3669.66 2.9257e-15   3793.33 1 
  3672.32 3.1872e-15   3796.08 1 
  3674.98 2.9239e-15   3798.83 1 
  3677.64 3.2449e-15   3801.58 1 
  3680.30 3.3036e-15   3804.33 1 
  3682.96 3.5671e-15   3807.08 1 
  3685.62 3.9290e-15   3809.83 1 
  3688.28 4.2015e-15   3812.58 1 
  3690.95 4.2099e-15   3815.33 1 
  3693.61 3.5299e-15   3818.08 1 
  3696.27 2.8720e-15   3820.83 1 
  3698.93 3.2417e-15   3823.58 1 
  3701.59 2.5694e-15   3826.33 1 
  3704.25 2.4288e-15   3829.08 1 
  3706.91 3.1310e-15   3831.83 1 
  3709.57 2.8920e-15   3834.58 1 
  3712.23 3.6111e-15   3837.33 1 
  3714.89 3.3467e-15   3840.08 1 
  3717.55 5.0687e-15   3842.83 1 
  3720.21 5.2309e-15   3845.58 1 
  3722.87 8.6509e-15   3848.33 1 
  3725.53 1.0914e-14   3851.08 1 
  3728.19 1.1218e-14   3853.83 1 
  3730.85 9.8962e-15   3856.58 1 
  3733.51 7.5026e-15   3859.33 1 
  3736.17 5.4581e-15   3862.08 1 
  3738.83 4.2917e-15   3864.83 1 
  3741.49 3.3706e-15   3867.58 1 
  3744.15 3.6019e-15   3870.33 1 
  3746.81 3.2718e-15   3873.08 1 
  3749.47 3.7713e-15   3875.83 1 
  3752.13 3.9550e-15   3878.58 1 
  3754.79 3.4849e-15   3881.33 1 
  3757.45 3.7237e-15   3884.08 1 
  3760.11 4.1877e-15   3886.83 1 
  3762.77 4.4894e-15   3889.58 1 
  3765.43 4.0788e-15   3892.33 1 
  3768.10 4.5775e-15   3895.08 1 
  3770.76 4.4834e-15   3897.83 1 
  3773.42 4.3359e-15   3900.58 1 
  3776.08 3.9627e-15   3903.33 1 
  3778.74 3.6293e-15   3906.08 1 
  3781.40 4.2588e-15   3908.83 1 
  3784.06 5.2366e-15   3911.58 1 
  3786.72 4.9035e-15   3914.33 1 
  3789.38 4.1853e-15   3917.08 1 
  3792.04 3.5156e-15   3919.83 1 
  3794.70 3.9737e-15   3922.58 1 
  3797.36 3.9205e-15   3925.33 1 
  3800.02 3.6667e-15   3928.08 1 
  3802.68 4.2127e-15   3930.83 1 
  3805.34 4.8886e-15   3933.58 1 
  3808.00 4.6053e-15   3936.33 1 
  3810.66 4.8294e-15   3939.08 1 
  3813.32 4.8583e-15   3941.83 1 
  3815.98 4.7064e-15   3944.58 1 
  3818.64 4.8072e-15   3947.33 1 
  3821.30 4.4294e-15   3950.08 1 
  3823.96 3.6356e-15   3952.83 1 
  3826.62 3.1256e-15   3955.58 1 
  3829.28 3.2842e-15   3958.33 1 
  3831.94 2.9697e-15   3961.08 1 
  3834.60 3.1375e-15   3963.83 1 
  3837.26 3.4055e-15   3966.58 1 
  3839.92 3.5401e-15   3969.33 1 
  3842.58 4.0542e-15   3972.08 1 
  3845.25 4.8182e-15   3974.83 1 
  3847.91 4.5971e-15   3977.58 1 
  3850.57 5.1042e-15   3980.33 1 
  3853.23 5.6552e-15   3983.08 1 
  3855.89 5.8834e-15   3985.83 1 
  3858.55 5.5403e-15   3988.58 1 
  3861.21 5.4182e-15   3991.33 1 
  3863.87 5.8815e-15   3994.08 1 
  3866.53 6.1015e-15   3996.83 1 
  3869.19 6.2174e-15   3999.58 1 
  3871.85 5.8768e-15   4002.33 1 
  3874.51 5.0204e-15   4005.08 1 
  3877.17 4.4965e-15   4007.83 1 
  3879.83 4.4357e-15   4010.58 1 
  3882.49 4.4746e-15   4013.33 1 
  3885.15 3.9588e-15   4016.08 1 
  3887.81 3.6643e-15   4018.83 1 
  3890.47 3.7827e-15   4021.58 1 
  3893.13 4.4594e-15   4024.33 1 
  3895.79 4.5275e-15   4027.08 1 
  3898.45 4.6916e-15   4029.83 1 
  3901.11 4.9330e-15   4032.58 1 
  3903.77 4.7021e-15   4035.33 1 
  3906.43 4.7090e-15   4038.08 1 
  3909.09 5.3504e-15   4040.83 1 
  3911.75 5.8919e-15   4043.58 1 
  3914.41 5.4675e-15   4046.33 1 
  3917.07 4.6318e-15   4049.08 1 
  3919.74 4.5489e-15   4051.83 1 
  3922.40 4.7111e-15   4054.58 1 
  3925.06 4.9265e-15   4057.33 1 
  3927.72 4.5971e-15   4060.08 1 
  3930.38 3.8137e-15   4062.83 1 
  3933.04 3.1885e-15   4065.58 1 
  3935.70 3.1718e-15   4068.33 1 
  3938.36 3.5010e-15   4071.08 1 
  3941.02 4.2706e-15   4073.83 1 
  3943.68 4.7960e-15   4076.58 1 
  3946.34 4.9381e-15   4079.33 1 
  3949.00 5.2275e-15   4082.08 1 
  3951.66 5.0420e-15   4084.83 1 
  3954.32 4.8813e-15   4087.58 1 
  3956.98 4.6969e-15   4090.33 1 
  3959.64 5.1204e-15   4093.08 1 
  3962.30 5.4143e-15   4095.83 1 
  3964.96 4.6161e-15   4098.58 1 
  3967.62 4.1311e-15   4101.33 1 
  3970.28 3.6664e-15   4104.08 1 
  3972.94 3.8185e-15   4106.83 1 
  3975.60 4.2578e-15   4109.58 1 
  3978.26 4.3568e-15   4112.33 1 
  3980.92 4.5424e-15   4115.08 1 
  3983.58 5.0038e-15   4117.83 1 
  3986.24 5.3801e-15   4120.58 1 
  3988.90 5.5265e-15   4123.33 1 
  3991.56 5.7726e-15   4126.08 1 
  3994.22 5.9963e-15   4128.83 1 
  3996.89 6.2204e-15   4131.58 1 
  3999.55 6.0840e-15   4134.33 1 
  4002.21 5.7751e-15   4137.08 1 
  4004.87 5.6058e-15   4139.83 1 
  4007.53 5.9184e-15   4142.58 1 
  4010.19 6.2895e-15   4145.33 1 
  4012.85 6.3489e-15   4148.08 1 
  4015.51 5.7109e-15   4150.83 1 
  4018.17 5.7144e-15   4153.58 1 
  4020.83 6.4485e-15   4156.33 1 
  4023.49 6.0242e-15   4159.08 1 
  4026.15 5.5841e-15   4161.83 1 
  4028.81 6.0244e-15   4164.58 1 
  4031.47 5.8434e-15   4167.33 1 
  4034.13 6.1607e-15   4170.08 1 
  4036.79 5.7628e-15   4172.83 1 
  4039.45 6.2225e-15   4175.58 1 
  4042.11 6.2263e-15   4178.33 1 
  4044.77 6.0786e-15   4181.08 1 
  4047.43 5.6445e-15   4183.83 1 
  4050.09 6.2687e-15   4186.58 1 
  4052.75 5.9512e-15   4189.33 1 
  4055.41 6.1287e-15   4192.08 1 
  4058.07 6.2004e-15   4194.83 1 
  4060.73 5.5922e-15   4197.58 1 
  4063.39 5.4534e-15   4200.33 1 
  4066.05 5.5131e-15   4203.08 1 
  4068.71 5.7401e-15   4205.83 1 
  4071.37 6.0713e-15   4208.58 1 
  4074.04 6.1492e-15   4211.33 1 
  4076.70 5.8199e-15   4214.08 1 
  4079.36 5.9367e-15   4216.83 1 
  4082.02 5.8724e-15   4219.58 1 
  4084.68 5.9507e-15   4222.33 1 
  4087.34 6.2767e-15   4225.08 1 
  4090.00 5.7553e-15   4227.83 1 
  4092.66 5.5070e-15   4230.58 1 
  4095.32 5.2320e-15   4233.33 1 
  4097.98 4.6867e-15   4236.08 1 
  4100.64 4.3669e-15   4238.83 1 
  4103.30 4.6733e-15   4241.58 1 
  4105.96 5.1458e-15   4244.33 1 
  4108.62 4.8040e-15   4247.08 1 
  4111.28 5.4468e-15   4249.83 1 
  4113.94 5.2089e-15   4252.58 1 
  4116.60 5.1941e-15   4255.33 1 
  4119.26 5.5304e-15   4258.08 1 
  4121.92 6.0089e-15   4260.83 1 
  4124.58 5.8738e-15   4263.58 1 
  4127.24 6.0118e-15   4266.33 1 
  4129.90 6.0854e-15   4269.08 1 
  4132.56 6.2591e-15   4271.83 1 
  4135.22 6.0285e-15   4274.58 1 
  4137.88 6.2837e-15   4277.33 1 
  4140.54 6.0827e-15   4280.08 1 
  4143.20 5.9068e-15   4282.83 1 
  4145.86 5.8115e-15   4285.58 1 
  4148.52 6.2045e-15   4288.33 1 
  4151.19 5.9087e-15   4291.08 1 
  4153.85 6.2364e-15   4293.83 1 
  4156.51 6.6692e-15   4296.58 1 
  4159.17 6.3997e-15   4299.33 1 
  4161.83 5.9936e-15   4302.08 1 
  4164.49 6.3253e-15   4304.83 1 
  4167.15 6.5931e-15   4307.58 1 
  4169.81 5.9873e-15   4310.33 1 
  4172.47 6.2683e-15   4313.08 1 
  4175.13 5.9442e-15   4315.83 1 
  4177.79 6.2946e-15   4318.58 1 
  4180.45 6.1665e-15   4321.33 1 
  4183.11 5.9461e-15   4324.08 1 
  4185.77 5.9442e-15   4326.83 1 
  4188.43 6.2471e-15   4329.58 1 
  4191.09 6.3981e-15   4332.33 1 
  4193.75 6.7856e-15   4335.08 1 
  4196.41 6.4980e-15   4337.83 1 
  4199.07 6.1491e-15   4340.58 1 
  4201.73 6.2604e-15   4343.33 1 
  4204.39 5.8656e-15   4346.08 1 
  4207.05 6.4668e-15   4348.83 1 
  4209.71 6.8098e-15   4351.58 1 
  4212.37 6.1114e-15   4354.33 1 
  4215.03 6.4318e-15   4357.08 1 
  4217.69 6.0514e-15   4359.83 1 
  4220.35 5.3571e-15   4362.58 1 
  4223.01 5.8712e-15   4365.33 1 
  4225.67 6.1485e-15   4368.08 1 
  4228.34 5.9180e-15   4370.83 1 
  4231.00 6.0866e-15   4373.58 1 
  4233.66 6.0054e-15   4376.33 1 
  4236.32 6.3732e-15   4379.08 1 
  4238.98 6.4484e-15   4381.83 1 
  4241.64 5.9719e-15   4384.58 1 
  4244.30 6.2239e-15   4387.33 1 
  4246.96 5.6939e-15   4390.08 1 
  4249.62 5.9455e-15   4392.83 1 
  4252.28 5.9561e-15   4395.58 1 
  4254.94 6.1072e-15   4398.33 1 
  4257.60 6.1279e-15   4401.08 1 
  4260.26 6.0834e-15   4403.83 1 
  4262.92 6.2772e-15   4406.58 1 
  4265.58 6.3848e-15   4409.33 1 
  4268.24 6.0875e-15   4412.08 1 
  4270.90 6.3240e-15   4414.83 1 
  4273.56 6.2022e-15   4417.58 1 
  4276.22 5.9918e-15   4420.33 1 
  4278.88 6.0302e-15   4423.08 1 
  4281.54 5.8504e-15   4425.83 1 
  4284.20 5.7090e-15   4428.58 1 
  4286.86 5.7172e-15   4431.33 1 
  4289.52 5.4131e-15   4434.08 1 
  4292.18 5.3610e-15   4436.83 1 
  4294.84 5.6103e-15   4439.58 1 
  4297.50 5.9004e-15   4442.33 1 
  4300.16 5.6010e-15   4445.08 1 
  4302.82 5.4442e-15   4447.83 1 
  4305.49 5.4067e-15   4450.58 1 
  4308.15 5.3502e-15   4453.33 1 
  4310.81 5.4924e-15   4456.08 1 
  4313.47 5.4905e-15   4458.83 1 
  4316.13 5.6611e-15   4461.58 1 
  4318.79 5.9756e-15   4464.33 1 
  4321.45 6.1546e-15   4467.08 1 
  4324.11 6.2202e-15   4469.83 1 
  4326.77 5.8843e-15   4472.58 1 
  4329.43 6.0683e-15   4475.33 1 
  4332.09 5.8849e-15   4478.08 1 
  4334.75 5.7230e-15   4480.83 1 
  4337.41 5.7854e-15   4483.58 1 
  4340.07 6.1786e-15   4486.33 1 
  4342.73 6.2755e-15   4489.08 1 
  4345.39 5.9977e-15   4491.83 1 
  4348.05 5.6282e-15   4494.58 1 
  4350.71 5.5959e-15   4497.33 1 
  4353.37 5.9281e-15   4500.08 1 
  4356.03 6.2386e-15   4502.83 1 
  4358.69 6.3482e-15   4505.58 1 
  4361.35 6.4845e-15   4508.33 1 
  4364.01 6.5833e-15   4511.08 1 
  4366.67 6.6733e-15   4513.83 1 
  4369.33 6.4871e-15   4516.58 1 
  4371.99 6.3173e-15   4519.33 1 
  4374.65 5.9296e-15   4522.08 1 
  4377.31 5.7897e-15   4524.83 1 
  4379.97 6.0573e-15   4527.58 1 
  4382.64 6.2062e-15   4530.33 1 
  4385.30 6.0674e-15   4533.08 1 
  4387.96 6.2501e-15   4535.83 1 
  4390.62 5.9951e-15   4538.58 1 
  4393.28 6.1666e-15   4541.33 1 
  4395.94 6.2425e-15   4544.08 1 
  4398.60 6.4991e-15   4546.83 1 
  4401.26 6.2021e-15   4549.58 1 
  4403.92 5.7734e-15   4552.33 1 
  4406.58 5.9826e-15   4555.08 1 
  4409.24 6.2720e-15   4557.83 1 
  4411.90 6.2363e-15   4560.58 1 
  4414.56 6.1345e-15   4563.33 1 
  4417.22 6.2181e-15   4566.08 1 
  4419.88 6.2323e-15   4568.83 1 
  4422.54 6.5401e-15   4571.58 1 
  4425.20 6.6434e-15   4574.33 1 
  4427.86 6.7646e-15   4577.08 1 
  4430.52 6.4944e-15   4579.83 1 
  4433.18 6.4108e-15   4582.58 1 
  4435.84 6.6166e-15   4585.33 1 
  4438.50 6.5978e-15   4588.08 1 
  4441.16 6.3534e-15   4590.83 1 
  4443.82 6.5921e-15   4593.58 1 
  4446.48 6.6827e-15   4596.33 1 
  4449.14 6.5788e-15   4599.08 1 
  4451.80 6.8760e-15   4601.83 1 
  4454.46 6.7299e-15   4604.58 1 
  4457.12 6.7162e-15   4607.33 1 
  4459.79 6.6029e-15   4610.08 1 
  4462.45 6.5919e-15   4612.83 1 
  4465.11 6.4750e-15   4615.58 1 
  4467.77 6.7526e-15   4618.33 1 
  4470.43 6.9695e-15   4621.08 1 
  4473.09 6.8006e-15   4623.83 1 
  4475.75 6.8846e-15   4626.58 1 
  4478.41 6.7727e-15   4629.33 1 
  4481.07 6.9847e-15   4632.08 1 
  4483.73 7.0725e-15   4634.83 1 
  4486.39 6.5739e-15   4637.58 1 
  4489.05 6.8416e-15   4640.33 1 
  4491.71 6.9871e-15   4643.08 1 
  4494.37 7.0104e-15   4645.83 1 
  4497.03 6.9313e-15   4648.58 1 
  4499.69 6.9982e-15   4651.33 1 
  4502.35 7.2281e-15   4654.08 1 
  4505.01 7.1559e-15   4656.83 1 
  4507.67 7.0449e-15   4659.58 1 
  4510.33 7.1210e-15   4662.33 1 
  4512.99 6.7793e-15   4665.08 1 
  4515.65 6.5535e-15   4667.83 1 
  4518.31 6.6239e-15   4670.58 1 
  4520.97 6.6659e-15   4673.33 1 
  4523.63 6.8220e-15   4676.08 1 
  4526.29 6.4925e-15   4678.83 1 
  4528.95 6.9267e-15   4681.58 1 
  4531.61 6.9153e-15   4684.33 1 
  4534.28 6.4219e-15   4687.08 1 
  4536.94 6.7347e-15   4689.83 1 
  4539.60 6.6423e-15   4692.58 1 
  4542.26 6.8980e-15   4695.33 1 
  4544.92 6.8836e-15   4698.08 1 
  4547.58 6.5316e-15   4700.83 1 
  4550.24 6.2629e-15   4703.58 1 
  4552.90 6.3669e-15   4706.33 1 
  4555.56 6.8171e-15   4709.08 1 
  4558.22 6.7936e-15   4711.83 1 
  4560.88 6.9125e-15   4714.58 1 
  4563.54 7.1555e-15   4717.33 1 
  4566.20 7.1880e-15   4720.08 1 
  4568.86 7.2769e-15   4722.83 1 
  4571.52 7.1524e-15   4725.58 1 
  4574.18 6.8641e-15   4728.33 1 
  4576.84 7.1907e-15   4731.08 1 
  4579.50 7.2995e-15   4733.83 1 
  4582.16 7.1877e-15   4736.58 1 
  4584.82 6.9127e-15   4739.33 1 
  4587.48 6.9380e-15   4742.08 1 
  4590.14 7.0160e-15   4744.83 1 
  4592.80 7.3377e-15   4747.58 1 
  4595.46 6.9398e-15   4750.33 1 
  4598.12 6.7055e-15   4753.08 1 
  4600.78 6.7893e-15   4755.83 1 
  4603.44 6.4952e-15   4758.58 1 
  4606.10 6.6532e-15   4761.33 1 
  4608.76 6.9355e-15   4764.08 1 
  4611.43 7.0753e-15   4766.83 1 
  4614.09 7.2948e-15   4769.58 1 
  4616.75 7.5142e-15   4772.33 1 
  4619.41 7.2932e-15   4775.08 1 
  4622.07 6.9498e-15   4777.83 1 
  4624.73 7.1569e-15   4780.58 1 
  4627.39 6.6023e-15   4783.33 1 
  4630.05 7.1202e-15   4786.08 1 
  4632.71 7.4572e-15   4788.83 1 
  4635.37 7.2150e-15   4791.58 1 
  4638.03 7.1610e-15   4794.33 1 
  4640.69 6.8015e-15   4797.08 1 
  4643.35 6.9080e-15   4799.83 1 
  4646.01 7.0689e-15   4802.58 1 
  4648.67 7.1912e-15   4805.33 1 
  4651.33 7.2444e-15   4808.08 1 
  4653.99 6.9268e-15   4810.83 1 
  4656.65 7.1422e-15   4813.58 1 
  4659.31 6.6370e-15   4816.33 1 
  4661.97 7.2896e-15   4819.08 1 
  4664.63 7.2525e-15   4821.83 1 
  4667.29 6.6548e-15   4824.58 1 
  4669.95 6.6638e-15   4827.33 1 
  4672.61 7.1889e-15   4830.08 1 
  4675.27 6.7990e-15   4832.83 1 
  4677.93 6.9409e-15   4835.58 1 
  4680.59 7.1093e-15   4838.33 1 
  4683.25 7.3056e-15   4841.08 1 
  4685.91 7.0809e-15   4843.83 1 
  4688.58 7.0767e-15   4846.58 1 
  4691.24 7.2659e-15   4849.33 1 
  4693.90 7.6058e-15   4852.08 1 
  4696.56 7.2528e-15   4854.83 1 
  4699.22 7.2300e-15   4857.58 1 
  4701.88 7.3651e-15   4860.33 1 
  4704.54 7.1210e-15   4863.08 1 
  4707.20 6.7312e-15   4865.83 1 
  4709.86 7.2100e-15   4868.58 1 
  4712.52 7.0537e-15   4871.33 1 
  4715.18 7.7091e-15   4874.08 1 
  4717.84 7.5350e-15   4876.83 1 
  4720.50 7.1924e-15   4879.58 1 
  4723.16 7.3636e-15   4882.33 1 
  4725.82 7.1511e-15   4885.08 1 
  4728.48 7.1516e-15   4887.83 1 
  4731.14 6.6379e-15   4890.58 1 
  4733.80 7.0282e-15   4893.33 1 
  4736.46 6.8280e-15   4896.08 1 
  4739.12 6.7910e-15   4898.83 1 
  4741.78 7.0330e-15   4901.58 1 
  4744.44 7.0826e-15   4904.33 1 
  4747.10 7.5103e-15   4907.08 1 
  4749.76 7.3750e-15   4909.83 1 
  4752.42 7.4509e-15   4912.58 1 
  4755.08 7.2672e-15   4915.33 1 
  4757.74 6.9271e-15   4918.08 1 
  4760.40 7.0215e-15   4920.83 1 
  4763.06 7.0243e-15   4923.58 1 
  4765.73 6.8427e-15   4926.33 1 
  4768.39 6.6873e-15   4929.08 1 
  4771.05 6.8914e-15   4931.83 1 
  4773.71 7.1539e-15   4934.58 1 
  4776.37 6.6724e-15   4937.33 1 
  4779.03 6.7316e-15   4940.08 1 
  4781.69 7.0061e-15   4942.83 1 
  4784.35 7.0178e-15   4945.58 1 
  4787.01 6.5714e-15   4948.33 1 
  4789.67 6.7224e-15   4951.08 1 
  4792.33 6.8764e-15   4953.83 1 
  4794.99 6.7662e-15   4956.58 1 
  4797.65 7.2372e-15   4959.33 1 
  4800.31 6.8991e-15   4962.08 1 
  4802.97 6.8076e-15   4964.83 1 
  4805.63 6.4580e-15   4967.58 1 
  4808.29 7.0643e-15   4970.33 1 
  4810.95 7.0540e-15   4973.08 1 
  4813.61 7.3979e-15   4975.83 1 
  4816.27 7.3872e-15   4978.58 1 
  4818.93 7.3194e-15   4981.33 1 
  4821.59 6.7332e-15   4984.08 1 
  4824.25 6.6611e-15   4986.83 1 
  4826.91 6.9807e-15   4989.58 1 
  4829.57 6.9534e-15   4992.33 1 
  4832.23 6.7180e-15   4995.08 1 
  4834.89 6.6361e-15   4997.83 1 
  4837.55 6.9069e-15   5000.58 1 
  4840.21 6.8230e-15   5003.33 1 
  4842.88 6.8694e-15   5006.08 1 
  4845.54 6.9018e-15   5008.83 1 
  4848.20 6.8227e-15   5011.58 1 
  4850.86 6.3950e-15   5014.33 1 
  4853.52 6.6568e-15   5017.08 1 
  4856.18 7.0413e-15   5019.83 1 
  4858.84 7.8940e-15   5022.58 1 
  4861.50 7.7941e-15   5025.33 1 
  4864.16 8.4236e-15   5028.08 1 
  4866.82 8.0775e-15   5030.83 1 
  4869.48 7.5055e-15   5033.58 1 
  4872.14 6.9522e-15   5036.33 1 
  4874.80 6.8002e-15   5039.08 1 
  4877.46 7.0908e-15   5041.83 1 
  4880.12 6.9445e-15   5044.58 1 
  4882.78 6.3378e-15   5047.33 1 
  4885.44 6.9402e-15   5050.08 1 
  4888.10 7.0147e-15   5052.83 1 
  4890.76 6.5656e-15   5055.58 1 
  4893.42 6.6013e-15   5058.33 1 
  4896.08 6.6540e-15   5061.08 1 
  4898.74 6.9667e-15   5063.83 1 
  4901.40 7.1950e-15   5066.58 1 
  4904.06 7.1839e-15   5069.33 1 
  4906.72 6.8914e-15   5072.08 1 
  4909.38 6.9252e-15   5074.83 1 
  4912.04 6.5163e-15   5077.58 1 
  4914.70 7.0619e-15   5080.33 1 
  4917.36 6.7348e-15   5083.08 1 
  4920.03 6.8524e-15   5085.83 1 
  4922.69 6.6125e-15   5088.58 1 
  4925.35 6.3527e-15   5091.33 1 
  4928.01 6.8896e-15   5094.08 1 
  4930.67 7.3053e-15   5096.83 1 
  4933.33 7.0539e-15   5099.58 1 
  4935.99 6.8583e-15   5102.33 1 
  4938.65 7.0394e-15   5105.08 1 
  4941.31 7.0675e-15   5107.83 1 
  4943.97 7.3633e-15   5110.58 1 
  4946.63 7.5408e-15   5113.33 1 
  4949.29 7.4750e-15   5116.08 1 
  4951.95 7.5402e-15   5118.83 1 
  4954.61 7.8778e-15   5121.58 1 
  4957.27 8.1897e-15   5124.33 1 
  4959.93 8.1844e-15   5127.08 1 
  4962.59 7.8444e-15   5129.83 1 
  4965.25 7.7428e-15   5132.58 1 
  4967.91 7.5809e-15   5135.33 1 
  4970.57 7.1622e-15   5138.08 1 
  4973.23 7.2154e-15   5140.83 1 
  4975.89 7.0187e-15   5143.58 1 
  4978.55 6.8482e-15   5146.33 1 
  4981.21 7.0971e-15   5149.08 1 
  4983.87 6.8751e-15   5151.83 1 
  4986.53 6.9172e-15   5154.58 1 
  4989.19 7.1331e-15   5157.33 1 
  4991.85 7.0793e-15   5160.08 1 
  4994.51 7.3940e-15   5162.83 1 
  4997.18 7.7183e-15   5165.58 1 
  4999.84 8.3993e-15   5168.33 1 
  5002.50 9.0085e-15   5171.08 1 
  5005.16 1.0170e-14   5173.83 1 
  5007.82 1.0501e-14   5176.58 1 
  5010.48 1.0293e-14   5179.33 1 
  5013.14 9.1178e-15   5182.08 1 
  5015.80 7.8493e-15   5184.83 1 
  5018.46 7.4525e-15   5187.58 1 
  5021.12 7.0177e-15   5190.33 1 
  5023.78 6.8588e-15   5193.08 1 
  5026.44 6.9392e-15   5195.83 1 
  5029.10 6.7672e-15   5198.58 1 
  5031.76 6.8097e-15   5201.33 1 
  5034.42 6.8151e-15   5204.08 1 
  5037.08 6.6344e-15   5206.83 1 
  5039.74 6.9605e-15   5209.58 1 
  5042.40 7.0216e-15   5212.33 1 
  5045.06 6.6567e-15   5215.08 1 
  5047.72 6.8422e-15   5217.83 1 
  5050.38 6.9697e-15   5220.58 1 
  5053.04 7.3430e-15   5223.33 1 
  5055.70 7.1512e-15   5226.08 1 
  5058.36 6.9671e-15   5228.83 1 
  5061.02 6.8978e-15   5231.58 1 
  5063.68 7.0336e-15   5234.33 1 
  5066.34 7.1416e-15   5237.08 1 
  5069.00 7.0692e-15   5239.83 1 
  5071.66 7.2774e-15   5242.58 1 
  5074.33 7.0674e-15   5245.33 1 
  5076.99 6.9508e-15   5248.08 1 
  5079.65 6.8801e-15   5250.83 1 
  5082.31 6.8407e-15   5253.58 1 
  5084.97 7.0460e-15   5256.33 1 
  5087.63 7.3915e-15   5259.08 1 
  5090.29 6.9703e-15   5261.83 1 
  5092.95 6.9483e-15   5264.58 1 
  5095.61 6.9597e-15   5267.33 1 
  5098.27 6.9188e-15   5270.08 1 
  5100.93 6.7857e-15   5272.83 1 
  5103.59 6.7300e-15   5275.58 1 
  5106.25 6.6321e-15   5278.33 1 
  5108.91 6.8854e-15   5281.08 1 
  5111.57 6.6438e-15   5283.83 1 
  5114.23 6.9041e-15   5286.58 1 
  5116.89 6.9226e-15   5289.33 1 
  5119.55 7.2845e-15   5292.08 1 
  5122.21 6.6831e-15   5294.83 1 
  5124.87 6.7137e-15   5297.58 1 
  5127.53 6.6854e-15   5300.33 1 
  5130.19 6.6702e-15   5303.08 1 
  5132.85 6.9052e-15   5305.83 1 
  5135.51 6.7226e-15   5308.58 1 
  5138.17 6.6223e-15   5311.33 1 
  5140.83 6.6972e-15   5314.08 1 
  5143.49 6.8420e-15   5316.83 1 
  5146.15 6.7386e-15   5319.58 1 
  5148.82 6.8464e-15   5322.33 1 
  5151.48 6.9657e-15   5325.08 1 
  5154.14 7.0733e-15   5327.83 1 
  5156.80 7.2959e-15   5330.58 1 
  5159.46 7.1839e-15   5333.33 1 
  5162.12 7.1709e-15   5336.08 1 
  5164.78 6.6750e-15   5338.83 1 
  5167.44 5.9335e-15   5341.58 1 
  5170.10 6.2548e-15   5344.33 1 
  5172.76 6.0970e-15   5347.08 1 
  5175.42 6.4319e-15   5349.83 1 
  5178.08 6.4969e-15   5352.58 1 
  5180.74 6.1519e-15   5355.33 1 
  5183.40 7.1106e-15   5358.08 1 
  5186.06 6.4501e-15   5360.83 1 
  5188.72 6.7042e-15   5363.58 1 
  5191.38 7.0593e-15   5366.33 1 
  5194.04 7.5682e-15   5369.08 1 
  5196.70 6.8824e-15   5371.83 1 
  5199.36 7.4789e-15   5374.58 1 
  5202.02 7.3787e-15   5377.33 1 
  5204.68 7.1066e-15   5380.08 1 
  5207.34 6.5753e-15   5382.83 1 
  5210.00 6.8383e-15   5385.58 1 
  5212.66 6.8416e-15   5388.33 1 
  5215.32 7.1554e-15   5391.08 1 
  5217.98 6.8800e-15   5393.83 1 
  5220.64 6.8072e-15   5396.58 1 
  5223.30 7.0430e-15   5399.33 1 
  5225.97 7.1762e-15   5402.08 1 
  5228.63 6.7936e-15   5404.83 1 
  5231.29 6.7611e-15   5407.58 1 
  5233.95 7.1618e-15   5410.33 1 
  5236.61 6.9036e-15   5413.08 1 
  5239.27 7.3271e-15   5415.83 1 
  5241.93 6.8142e-15   5418.58 1 
  5244.59 7.4130e-15   5421.33 1 
  5247.25 6.8597e-15   5424.08 1 
  5249.91 6.9876e-15   5426.83 1 
  5252.57 6.8252e-15   5429.58 1 
  5255.23 6.8143e-15   5432.33 1 
  5257.89 6.6185e-15   5435.08 1 
  5260.55 6.7120e-15   5437.83 1 
  5263.21 6.6628e-15   5440.58 1 
  5265.87 6.5020e-15   5443.33 1 
  5268.53 6.4004e-15   5446.08 1 
  5271.19 6.4036e-15   5448.83 1 
  5273.85 6.3896e-15   5451.58 1 
  5276.51 6.3807e-15   5454.33 1 
  5279.17 7.0259e-15   5457.08 1 
  5281.83 7.4987e-15   5459.83 1 
  5284.49 7.2770e-15   5462.58 1 
  5287.15 7.0207e-15   5465.33 1 
  5289.81 7.2046e-15   5468.08 1 
  5292.47 7.5515e-15   5470.83 1 
  5295.13 7.5333e-15   5473.58 1 
  5297.79 7.5220e-15   5476.33 1 
  5300.45 6.9811e-15   5479.08 1 
  5303.12 7.6355e-15   5481.83 1 
  5305.78 7.3854e-15   5484.58 1 
  5308.44 7.7882e-15   5487.33 1 
  5311.10 7.6031e-15   5490.08 1 
  5313.76 7.1395e-15   5492.83 1 
  5316.42 7.5112e-15   5495.58 1 
  5319.08 7.4265e-15   5498.33 1 
  5321.74 7.5322e-15   5501.08 1 
  5324.40 7.2503e-15   5503.83 1 
  5327.06 7.2360e-15   5506.58 1 
  5329.72 7.3202e-15   5509.33 1 
  5332.38 6.8957e-15   5512.08 1 
  5335.04 7.0079e-15   5514.83 1 
  5337.70 7.4493e-15   5517.58 1 
  5340.36 7.2568e-15   5520.33 1 
  5343.02 7.1396e-15   5523.08 1 
  5345.68 7.4396e-15   5525.83 1 
  5348.34 7.4235e-15   5528.58 1 
  5351.00 7.2319e-15   5531.33 1 
  5353.66 7.0525e-15   5534.08 1 
  5356.32 6.8667e-15   5536.83 1 
  5358.98 7.3632e-15   5539.58 1 
  5361.64 7.5527e-15   5542.33 1 
  5364.30 7.4487e-15   5545.08 1 
  5366.96 6.9541e-15   5547.83 1 
  5369.62 7.7813e-15   5550.58 1 
  5372.28 7.4275e-15   5553.33 1 
  5374.94 7.4854e-15   5556.08 1 
  5377.60 7.1532e-15   5558.83 1 
  5380.27 7.2226e-15   5561.58 1 
  5382.93 7.1077e-15   5564.33 1 
  5385.59 7.2243e-15   5567.08 1 
  5388.25 7.4202e-15   5569.83 1 
  5390.91 7.0814e-15   5572.58 1 
  5393.57 7.3325e-15   5575.33 1 
  5396.23 7.3729e-15   5578.08 1 
  5398.89 7.2529e-15   5580.83 1 
  5401.55 7.2209e-15   5583.58 1 
  5404.21 6.8381e-15   5586.33 1 
  5406.87 7.3860e-15   5589.08 1 
  5409.53 7.1304e-15   5591.83 1 
  5412.19 7.2767e-15   5594.58 1 
  5414.85 7.4681e-15   5597.33 1 
  5417.51 7.1938e-15   5600.08 1 
  5420.17 7.6366e-15   5602.83 1 
  5422.83 7.3146e-15   5605.58 1 
  5425.49 7.1710e-15   5608.33 1 
  5428.15 7.4063e-15   5611.08 1 
  5430.81 7.4488e-15   5613.83 1 
  5433.47 7.6223e-15   5616.58 1 
  5436.13 7.5226e-15   5619.33 1 
  5438.79 7.4003e-15   5622.08 1 
  5441.45 7.5803e-15   5624.83 1 
  5444.11 7.3029e-15   5627.58 1 
  5446.77 7.2527e-15   5630.33 1 
  5449.43 7.4790e-15   5633.08 1 
  5452.09 7.3526e-15   5635.83 1 
  5454.75 7.5078e-15   5638.58 1 
  5457.42 7.2938e-15   5641.33 1 
  5460.08 7.6220e-15   5644.08 1 
  5462.74 7.4072e-15   5646.83 1 
  5465.40 7.4738e-15   5649.58 1 
  5468.06 7.3255e-15   5652.33 1 
  5470.72 7.2673e-15   5655.08 1 
  5473.38 7.0449e-15   5657.83 1 
  5476.04 7.3302e-15   5660.58 1 
  5478.70 7.5396e-15   5663.33 1 
  5481.36 7.5960e-15   5666.08 1 
  5484.02 7.3818e-15   5668.83 1 
  5486.68 7.5580e-15   5671.58 1 
  5489.34 7.6067e-15   5674.33 1 
  5492.00 7.8193e-15   5677.08 1 
  5494.66 7.5727e-15   5679.83 1 
  5497.32 7.7288e-15   5682.58 1 
  5499.98 7.6972e-15   5685.33 1 
  5502.64 7.6005e-15   5688.08 1 
  5505.30 7.2573e-15   5690.83 1 
  5507.96 7.1426e-15   5693.58 1 
  5510.62 7.4422e-15   5696.33 1 
  5513.28 7.3553e-15   5699.08 1 
  5515.94 7.2070e-15   5701.83 1 
  5518.60 7.5705e-15   5704.58 1 
  5521.26 7.6158e-15   5707.33 1 
  5523.92 7.7079e-15   5710.08 1 
  5526.58 7.7014e-15   5712.83 1 
  5529.24 7.5506e-15   5715.58 1 
  5531.90 7.3385e-15   5718.33 1 
  5534.57 6.9842e-15   5721.08 1 
  5537.23 7.2308e-15   5723.83 1 
  5539.89 7.6112e-15   5726.58 1 
  5542.55 7.4769e-15   5729.33 1 
  5545.21 7.4981e-15   5732.08 1 
  5547.87 7.7210e-15   5734.83 1 
  5550.53 7.5245e-15   5737.58 1 
  5553.19 7.7602e-15   5740.33 1 
  5555.85 7.8575e-15   5743.08 1 
  5558.51 7.9188e-15   5745.83 1 
  5561.17 7.7413e-15   5748.58 1 
  5563.83 7.4381e-15   5751.33 1 
  5566.49 7.6870e-15   5754.08 1 
  5569.15 7.1977e-15   5756.83 1 
  5571.81 7.3833e-15   5759.58 1 
  5574.47 7.4563e-15   5762.33 1 
  5577.13 7.6476e-15   5765.08 1 
  5579.79 7.5896e-15   5767.83 1 
  5582.45 7.4791e-15   5770.58 1 
  5585.11 7.5747e-15   5773.33 1 
  5587.77 7.5534e-15   5776.08 1 
  5590.43 7.3967e-15   5778.83 1 
  5593.09 7.1856e-15   5781.58 1 
  5595.75 6.9558e-15   5784.33 1 
  5598.41 7.3182e-15   5787.08 1 
  5601.07 7.7680e-15   5789.83 1 
  5603.73 7.5839e-15   5792.58 1 
  5606.39 7.5126e-15   5795.33 1 
  5609.05 7.4603e-15   5798.08 1 
  5611.72 7.6092e-15   5800.83 1 
  5614.38 7.7439e-15   5803.58 1 
  5617.04 7.6015e-15   5806.33 1 
  5619.70 7.6264e-15   5809.08 1 
  5622.36 7.5792e-15   5811.83 1 
  5625.02 7.8061e-15   5814.58 1 
  5627.68 7.7922e-15   5817.33 1 
  5630.34 7.5853e-15   5820.08 1 
  5633.00 7.6905e-15   5822.83 1 
  5635.66 7.5104e-15   5825.58 1 
  5638.32 7.3173e-15   5828.33 1 
  5640.98 7.5195e-15   5831.08 1 
  5643.64 7.5941e-15   5833.83 1 
  5646.30 7.4088e-15   5836.58 1 
  5648.96 7.4346e-15   5839.33 1 
  5651.62 7.3654e-15   5842.08 1 
  5654.28 7.6753e-15   5844.83 1 
  5656.94 7.8062e-15   5847.58 1 
  5659.60 7.3685e-15   5850.33 1 
  5662.26 7.3386e-15   5853.08 1 
  5664.92 7.3288e-15   5855.83 1 
  5667.58 7.4819e-15   5858.58 1 
  5670.24 7.7513e-15   5861.33 1 
  5672.90 8.0883e-15   5864.08 1 
  5675.56 8.2144e-15   5866.83 1 
  5678.22 7.8033e-15   5869.58 1 
  5680.88 7.5580e-15   5872.33 1 
  5683.54 7.7169e-15   5875.08 1 
  5686.20 8.1641e-15   5877.83 1 
  5688.87 7.9749e-15   5880.58 1 
  5691.53 7.7816e-15   5883.33 1 
  5694.19 8.0613e-15   5886.08 1 
  5696.85 6.9002e-15   5888.83 1 
  5699.51 6.1658e-15   5891.58 1 
  5702.17 6.1841e-15   5894.33 1 
  5704.83 6.9823e-15   5897.08 1 
  5707.49 6.6529e-15   5899.83 1 
  5710.15 6.9124e-15   5902.58 1 
  5712.81 7.4044e-15   5905.33 1 
  5715.47 7.3148e-15   5908.08 1 
  5718.13 7.5828e-15   5910.83 1 
  5720.79 7.6085e-15   5913.58 1 
  5723.45 7.3958e-15   5916.33 1 
  5726.11 7.5231e-15   5919.08 1 
  5728.77 7.8362e-15   5921.83 1 
  5731.43 7.9558e-15   5924.58 1 
  5734.09 7.4253e-15   5927.33 1 
  5736.75 7.4065e-15   5930.08 1 
  5739.41 7.6096e-15   5932.83 1 
  5742.07 7.6831e-15   5935.58 1 
  5744.73 7.7647e-15   5938.33 1 
  5747.39 7.7320e-15   5941.08 1 
  5750.05 7.7809e-15   5943.83 1 
  5752.71 7.5084e-15   5946.58 1 
  5755.37 7.5527e-15   5949.33 1 
  5758.03 8.2253e-15   5952.08 1 
  5760.69 7.7724e-15   5954.83 1 
  5763.36 8.0116e-15   5957.58 1 
  5766.02 7.5932e-15   5960.33 1 
  5768.68 7.5912e-15   5963.08 1 
  5771.34 7.1610e-15   5965.83 1 
  5774.00 7.0179e-15   5968.58 1 
  5776.66 7.1588e-15   5971.33 1 
  5779.32 6.9314e-15   5974.08 1 
  5781.98 7.2964e-15   5976.83 1 
  5784.64 6.9752e-15   5979.58 1 
  5787.30 7.2108e-15   5982.33 1 
  5789.96 7.1607e-15   5985.08 1 
  5792.62 7.6347e-15   5987.83 1 
  5795.28 7.0696e-15   5990.58 1 
  5797.94 7.2609e-15   5993.33 1 
  5800.60 7.7551e-15   5996.08 1 
  5803.26 7.7070e-15   5998.83 1 
  5805.92 7.6528e-15   6001.58 1 
  5808.58 7.7899e-15   6004.33 1 
  5811.24 7.3145e-15   6007.08 1 
  5813.90 8.0676e-15   6009.83 1 
  5816.56 7.8444e-15   6012.58 1 
  5819.22 7.6390e-15   6015.33 1 
  5821.88 7.6230e-15   6018.08 1 
  5824.54 7.9822e-15   6020.83 1 
  5827.20 7.7237e-15   6023.58 1 
  5829.86 8.0421e-15   6026.33 1 
  5832.52 7.8257e-15   6029.08 1 
  5835.18 7.7455e-15   6031.83 1 
  5837.84 7.8309e-15   6034.58 1 
  5840.51 8.4892e-15   6037.33 1 
  5843.17 7.6288e-15   6040.08 1 
  5845.83 7.5905e-15   6042.83 1 
  5848.49 7.7880e-15   6045.58 1 
  5851.15 7.7219e-15   6048.33 1 
  5853.81 7.2937e-15   6051.08 1 
  5856.47 7.1487e-15   6053.83 1 
  5859.13 7.2355e-15   6056.58 1 
  5861.79 7.3089e-15   6059.33 1 
  5864.45 7.4540e-15   6062.08 1 
  5867.11 7.4942e-15   6064.83 1 
  5869.77 7.6412e-15   6067.58 1 
  5872.43 7.8539e-15   6070.33 1 
  5875.09 8.1471e-15   6073.08 1 
  5877.75 8.2373e-15   6075.83 1 
  5880.41 8.1134e-15   6078.58 1 
  5883.07 7.8369e-15   6081.33 1 
  5885.73 7.3707e-15   6084.08 1 
  5888.39 6.9056e-15   6086.83 1 
  5891.05 6.5716e-15   6089.58 1 
  5893.71 6.4873e-15   6092.33 1 
  5896.37 6.5397e-15   6095.08 1 
  5899.03 7.1231e-15   6097.83 1 
  5901.69 6.9689e-15   6100.58 1 
  5904.35 7.4248e-15   6103.33 1 
  5907.01 7.8340e-15   6106.08 1 
  5909.67 7.4885e-15   6108.83 1 
  5912.33 7.7624e-15   6111.58 1 
  5914.99 7.8461e-15   6114.33 1 
  5917.66 7.1616e-15   6117.08 1 
  5920.32 7.1573e-15   6119.83 1 
  5922.98 7.5585e-15   6122.58 1 
  5925.64 7.4432e-15   6125.33 1 
  5928.30 7.3920e-15   6128.08 1 
  5930.96 7.4388e-15   6130.83 1 
  5933.62 7.7644e-15   6133.58 1 
  5936.28 7.7925e-15   6136.33 1 
  5938.94 7.3149e-15   6139.08 1 
  5941.60 7.0788e-15   6141.83 1 
  5944.26 7.3298e-15   6144.58 1 
  5946.92 7.4900e-15   6147.33 1 
  5949.58 7.7731e-15   6150.08 1 
  5952.24 7.4921e-15   6152.83 1 
  5954.90 7.3802e-15   6155.58 1 
  5957.56 7.7928e-15   6158.33 1 
  5960.22 7.3732e-15   6161.08 1 
  5962.88 7.6219e-15   6163.83 1 
  5965.54 7.5481e-15   6166.58 1 
  5968.20 7.2510e-15   6169.33 1 
  5970.86 7.3658e-15   6172.08 1 
  5973.52 7.5400e-15   6174.83 1 
  5976.18 7.3928e-15   6177.58 1 
  5978.84 7.2663e-15   6180.33 1 
  5981.50 7.4595e-15   6183.08 1 
  5984.16 7.7003e-15   6185.83 1 
  5986.82 7.4987e-15   6188.58 1 
  5989.48 7.2258e-15   6191.33 1 
  5992.14 7.5632e-15   6194.08 1 
  5994.81 7.5423e-15   6196.83 1 
  5997.47 7.6456e-15   6199.58 1 
  6000.13 7.5757e-15   6202.33 1 
  6002.79 7.6860e-15   6205.08 1 
  6005.45 7.7041e-15   6207.83 1 
  6008.11 7.2308e-15   6210.58 1 
  6010.77 7.4904e-15   6213.33 1 
  6013.43 7.5548e-15   6216.08 1 
  6016.09 7.4766e-15   6218.83 1 
  6018.75 7.0830e-15   6221.58 1 
  6021.41 7.0310e-15   6224.33 1 
  6024.07 7.3718e-15   6227.08 1 
  6026.73 7.5015e-15   6229.83 1 
  6029.39 7.8699e-15   6232.58 1 
  6032.05 8.0199e-15   6235.33 1 
  6034.71 7.7766e-15   6238.08 1 
  6037.37 7.6484e-15   6240.83 1 
  6040.03 7.6327e-15   6243.58 1 
  6042.69 7.6248e-15   6246.33 1 
  6045.35 7.4287e-15   6249.08 1 
  6048.01 7.5880e-15   6251.83 1 
  6050.67 7.8560e-15   6254.58 1 
  6053.33 7.8288e-15   6257.33 1 
  6055.99 7.8672e-15   6260.08 1 
  6058.65 7.7640e-15   6262.83 1 
  6061.31 7.4880e-15   6265.58 1 
  6063.97 7.6129e-15   6268.33 1 
  6066.63 7.6447e-15   6271.08 1 
  6069.29 7.9690e-15   6273.83 1 
  6071.96 7.6764e-15   6276.58 1 
  6074.62 8.2236e-15   6279.33 1 
  6077.28 8.4622e-15   6282.08 1 
  6079.94 8.1049e-15   6284.83 1 
  6082.60 7.6556e-15   6287.58 1 
  6085.26 6.8670e-15   6290.33 1 
  6087.92 7.4181e-15   6293.08 1 
  6090.58 7.8574e-15   6295.83 1 
  6093.24 7.1986e-15   6298.58 1 
  6095.90 6.8979e-15   6301.33 1 
  6098.56 7.1155e-15   6304.08 1 
  6101.22 7.4577e-15   6306.83 1 
  6103.88 7.5259e-15   6309.58 1 
  6106.54 7.0073e-15   6312.33 1 
  6109.20 7.2464e-15   6315.08 1 
  6111.86 7.8666e-15   6317.83 1 
  6114.52 7.9257e-15   6320.58 1 
  6117.18 8.1218e-15   6323.33 1 
  6119.84 8.2354e-15   6326.08 1 
  6122.50 8.8374e-15   6328.83 1 
  6125.16 7.4289e-15   6331.58 1 
  6127.82 7.4795e-15   6334.33 1 
  6130.48 7.7846e-15   6337.08 1 
  6133.14 7.9637e-15   6339.83 1 
  6135.80 7.6745e-15   6342.58 1 
  6138.46 8.2717e-15   6345.33 1 
  6141.12 7.6851e-15   6348.08 1 
  6143.78 7.8007e-15   6350.83 1 
  6146.44 8.4730e-15   6353.58 1 
  6149.11 7.6998e-15   6356.33 1 
  6151.77 7.5780e-15   6359.08 1 
  6154.43 7.6315e-15   6361.83 1 
  6157.09 7.7823e-15   6364.58 1 
  6159.75 7.8804e-15   6367.33 1 
  6162.41 7.4874e-15   6370.08 1 
  6165.07 8.3921e-15   6372.83 1 
  6167.73 8.2339e-15   6375.58 1 
  6170.39 7.7485e-15   6378.33 1 
  6173.05 7.8753e-15   6381.08 1 
  6175.71 8.6228e-15   6383.83 1 
  6178.37 8.4351e-15   6386.58 1 
  6181.03 8.2456e-15   6389.33 1 
  6183.69 8.0692e-15   6392.08 1 
  6186.35 7.5011e-15   6394.83 1 
  6189.01 7.4863e-15   6397.58 1 
  6191.67 7.1966e-15   6400.33 1 
  6194.33 7.2755e-15   6403.08 1 
  6196.99 7.3650e-15   6405.83 1 
  6199.65 7.4445e-15   6408.58 1 
  6202.31 7.4853e-15   6411.33 1 
  6204.97 7.5078e-15   6414.08 1 
  6207.63 7.6932e-15   6416.83 1 
  6210.29 7.2813e-15   6419.58 1 
  6212.95 6.9780e-15   6422.33 1 
  6215.61 7.2843e-15   6425.08 1 
  6218.27 7.4351e-15   6427.83 1 
  6220.93 7.8352e-15   6430.58 1 
  6223.59 7.4804e-15   6433.33 1 
  6226.26 7.1365e-15   6436.08 1 
  6228.92 7.1604e-15   6438.83 1 
  6231.58 7.3793e-15   6441.58 1 
  6234.24 7.3893e-15   6444.33 1 
  6236.90 7.1509e-15   6447.08 1 
  6239.56 7.0577e-15   6449.83 1 
  6242.22 7.2735e-15   6452.58 1 
  6244.88 7.2537e-15   6455.33 1 
  6247.54 6.9080e-15   6458.08 1 
  6250.20 7.2233e-15   6460.83 1 
  6252.86 6.9860e-15   6463.58 1 
  6255.52 7.3490e-15   6466.33 1 
  6258.18 7.2386e-15   6469.08 1 
  6260.84 6.7442e-15   6471.83 1 
  6263.50 7.1050e-15   6474.58 1 
  6266.16 7.6237e-15   6477.33 1 
  6268.82 7.3869e-15   6480.08 1 
  6271.48 7.3422e-15   6482.83 1 
  6274.14 7.2037e-15   6485.58 1 
  6276.80 7.1195e-15   6488.33 1 
  6279.46 6.8955e-15   6491.08 1 
  6282.12 6.8971e-15   6493.83 1 
  6284.78 7.8713e-15   6496.58 1 
  6287.44 7.7463e-15   6499.33 1 
  6290.10 7.8163e-15   6502.08 1 
  6292.76 7.5298e-15   6504.83 1 
  6295.42 8.0389e-15   6507.58 1 
  6298.08 7.7909e-15   6510.33 1 
  6300.74 8.7646e-15   6513.08 1 
  6303.41 8.3212e-15   6515.83 1 
  6306.07 8.5218e-15   6518.58 1 
  6308.73 7.7276e-15   6521.33 1 
  6311.39 7.7018e-15   6524.08 1 
  6314.05 7.3442e-15   6526.83 1 
  6316.71 8.0122e-15   6529.58 1 
  6319.37 7.6366e-15   6532.33 1 
  6322.03 8.0000e-15   6535.08 1 
  6324.69 7.7708e-15   6537.83 1 
  6327.35 7.9073e-15   6540.58 1 
  6330.01 6.7241e-15   6543.33 1 
  6332.67 7.4955e-15   6546.08 1 
  6335.33 7.4517e-15   6548.83 1 
  6337.99 7.4647e-15   6551.58 1 
  6340.65 7.3057e-15   6554.33 1 
  6343.31 7.3468e-15   6557.08 1 
  6345.97 7.3790e-15   6559.83 1 
  6348.63 6.9645e-15   6562.58 1 
  6351.29 7.2467e-15   6565.33 1 
  6353.95 7.7355e-15   6568.08 1 
  6356.61 7.5314e-15   6570.83 1 
  6359.27 7.2563e-15   6573.58 1 
  6361.93 7.1773e-15   6576.33 1 
  6364.59 7.5548e-15   6579.08 1 
  6367.25 7.3822e-15   6581.83 1 
  6369.91 7.7720e-15   6584.58 1 
  6372.57 7.9265e-15   6587.33 1 
  6375.23 7.8225e-15   6590.08 1 
  6377.90 7.7917e-15   6592.83 1 
  6380.56 7.4953e-15   6595.58 1 
  6383.22 7.2815e-15   6598.33 1 
  6385.88 7.5882e-15   6601.08 1 
  6388.54 7.9028e-15   6603.83 1 
  6391.20 7.7477e-15   6606.58 1 
  6393.86 7.4874e-15   6609.33 1 
  6396.52 7.7342e-15   6612.08 1 
  6399.18 8.0563e-15   6614.83 1 
  6401.84 8.1387e-15   6617.58 1 
  6404.50 7.9550e-15   6620.33 1 
  6407.16 7.7777e-15   6623.08 1 
  6409.82 7.7144e-15   6625.83 1 
  6412.48 7.7635e-15   6628.58 1 
  6415.14 7.7392e-15   6631.33 1 
  6417.80 7.4942e-15   6634.08 1 
  6420.46 7.5229e-15   6636.83 1 
  6423.12 7.6220e-15   6639.58 1 
  6425.78 7.5716e-15   6642.33 1 
  6428.44 7.7143e-15   6645.08 1 
  6431.10 7.6828e-15   6647.83 1 
  6433.76 7.8224e-15   6650.58 1 
  6436.42 7.8889e-15   6653.33 1 
  6439.08 7.8302e-15   6656.08 1 
  6441.74 7.8413e-15   6658.83 1 
  6444.40 7.8094e-15   6661.58 1 
  6447.06 7.5252e-15   6664.33 1 
  6449.72 7.6212e-15   6667.08 1 
  6452.38 7.8928e-15   6669.83 1 
  6455.05 7.5082e-15   6672.58 1 
  6457.71 7.6424e-15   6675.33 1 
  6460.37 7.5913e-15   6678.08 1 
  6463.03 7.6246e-15   6680.83 1 
  6465.69 7.8301e-15   6683.58 1 
  6468.35 7.5680e-15   6686.33 1 
  6471.01 7.6584e-15   6689.08 1 
  6473.67 7.3294e-15   6691.83 1 
  6476.33 7.2426e-15   6694.58 1 
  6478.99 7.6005e-15   6697.33 1 
  6481.65 7.8937e-15   6700.08 1 
  6484.31 7.4233e-15   6702.83 1 
  6486.97 7.2939e-15   6705.58 1 
  6489.63 7.5914e-15   6708.33 1 
  6492.29 7.5479e-15   6711.08 1 
  6494.95 7.7932e-15   6713.83 1 
  6497.61 7.5930e-15   6716.58 1 
  6500.27 7.5778e-15   6719.33 1 
  6502.93 7.2796e-15   6722.08 1 
  6505.59 7.5879e-15   6724.83 1 
  6508.25 7.2198e-15   6727.58 1 
  6510.91 7.7670e-15   6730.33 1 
  6513.57 7.9065e-15   6733.08 1 
  6516.23 7.8103e-15   6735.83 1 
  6518.89 7.4787e-15   6738.58 1 
  6521.55 7.7182e-15   6741.33 1 
  6524.21 7.8791e-15   6744.08 1 
  6526.87 8.0673e-15   6746.83 1 
  6529.53 7.3264e-15   6749.58 1 
  6532.20 7.3388e-15   6752.33 1 
  6534.86 7.6357e-15   6755.08 1 
  6537.52 7.8981e-15   6757.83 1 
  6540.18 8.0894e-15   6760.58 1 
  6542.84 9.1243e-15   6763.33 1 
  6545.50 9.5533e-15   6766.08 1 
  6548.16 1.0089e-14   6768.83 1 
  6550.82 1.0623e-14   6771.58 1 
  6553.48 1.1643e-14   6774.33 1 
  6556.14 1.3503e-14   6777.08 1 
  6558.80 1.5241e-14   6779.83 1 
  6561.46 1.6028e-14   6782.58 1 
  6564.12 1.6688e-14   6785.33 1 
  6566.78 1.7501e-14   6788.08 1 
  6569.44 1.6142e-14   6790.83 1 
  6572.10 1.3368e-14   6793.58 1 
  6574.76 1.1821e-14   6796.33 1 
  6577.42 1.2130e-14   6799.08 1 
  6580.08 1.3853e-14   6801.83 1 
  6582.74 1.4487e-14   6804.58 1 
  6585.40 1.5000e-14   6807.33 1 
  6588.06 1.4907e-14   6810.08 1 
  6590.72 1.3437e-14   6812.83 1 
  6593.38 1.0756e-14   6815.58 1 
  6596.04 8.5922e-15   6818.33 1 
  6598.70 7.7763e-15   6821.08 1 
  6601.36 7.8910e-15   6823.83 1 
  6604.02 7.8671e-15   6826.58 1 
  6606.68 7.4180e-15   6829.33 1 
  6616.15 7.5739e-15   6839.12 0 
  6631.40 7.6981e-15   6854.88 0 
  6646.69 7.7527e-15   6870.68 0 
  6662.01 7.7182e-15   6886.52 0 
  6677.37 7.7729e-15   6902.40 0 
  6692.76 7.6851e-15   6918.31 0 
  6708.19 7.7040e-15   6934.26 0 
  6723.66 7.2575e-15   6950.24 0 
  6739.15 7.6182e-15   6966.26 0 
  6754.69 7.4631e-15   6982.33 0 
  6770.26 7.6734e-15   6998.42 0 
  6785.87 7.7993e-15   7014.55 0 
  6801.51 7.5010e-15   7030.72 0 
  6817.19 7.6417e-15   7046.93 0 
  6832.91 7.7136e-15   7063.18 0 
  6848.66 7.3337e-15   7079.46 0 
  6864.45 7.3857e-15   7095.78 0 
  6880.27 7.4724e-15   7112.14 0 
  6896.13 7.5775e-15   7128.53 0 
  6912.03 7.5962e-15   7144.96 0 
  6927.96 7.5104e-15   7161.43 0 
  6943.93 7.7756e-15   7177.94 0 
  6959.94 7.6878e-15   7194.49 0 
  6975.98 7.9776e-15   7211.08 0 
  6992.06 7.9789e-15   7227.70 0 
  7008.18 7.7627e-15   7244.36 0 
  7024.34 7.5697e-15   7261.06 0 
  7040.53 7.9277e-15   7277.80 0 
  7056.76 8.2836e-15   7294.57 0 
  7073.03 7.5039e-15   7311.39 0 
  7089.34 7.6623e-15   7328.25 0 
  7105.68 7.4547e-15   7345.14 0 
  7122.06 7.4216e-15   7362.07 0 
  7138.48 6.9915e-15   7379.04 0 
  7154.93 7.1063e-15   7396.05 0 
  7171.42 7.0423e-15   7413.10 0 
  7187.96 7.1086e-15   7430.19 0 
  7204.53 7.2419e-15   7447.32 0 
  7221.13 7.4977e-15   7464.49 0 
  7237.78 7.6383e-15   7481.70 0 
  7254.47 7.7995e-15   7498.94 0 
  7271.19 7.5708e-15   7516.23 0 
  7287.95 7.6245e-15   7533.56 0 
  7304.75 7.9485e-15   7550.92 0 
  7321.59 7.9498e-15   7568.33 0 
  7338.47 7.9146e-15   7585.78 0 
  7355.39 8.1003e-15   7603.26 0 
  7372.34 7.8809e-15   7620.79 0 
  7389.34 8.1592e-15   7638.36 0 
  7406.37 8.1606e-15   7655.97 0 
  7423.44 7.8486e-15   7673.61 0 
  7440.56 8.1258e-15   7691.30 0 
  7457.71 8.2403e-15   7709.04 0 
  7474.90 8.3371e-15   7726.81 0 
  7492.13 8.2431e-15   7744.62 0 
  7509.41 8.3784e-15   7762.47 0 
  7526.72 8.4574e-15   7780.37 0 
  7544.07 8.4979e-15   7798.30 0 
  7561.45 8.3827e-15   7816.28 0 
  7578.89 8.1745e-15   7834.30 0 
  7596.36 8.0823e-15   7852.36 0 
  7613.87 7.9911e-15   7870.46 0 
  7631.42 8.0294e-15   7888.60 0 
  7649.01 8.0679e-15   7906.79 0 
  7666.65 7.6531e-15   7925.01 0 
  7684.32 7.8327e-15   7943.28 0 
  7702.04 7.7088e-15   7961.59 0 
  7719.79 7.6747e-15   7979.95 0 
  7737.59 7.8008e-15   7998.34 0 
  7755.42 7.3827e-15   8016.78 0 
  7773.30 7.7677e-15   8035.26 0 
  7791.22 7.7690e-15   8053.78 0 
  7809.18 7.7347e-15   8072.35 0 
  7827.18 7.9711e-15   8090.96 0 
  7845.22 7.7911e-15   8109.61 0 
  7863.31 7.9009e-15   8128.31 0 
  7881.44 7.8298e-15   8147.04 0 
  7899.61 7.9585e-15   8165.82 0 
  7917.82 7.6720e-15   8184.65 0 
  7936.07 7.7265e-15   8203.52 0 
  7954.36 7.4656e-15   8222.43 0 
  7972.70 7.7650e-15   8241.38 0 
  7991.08 7.9473e-15   8260.38 0 
  8009.50 7.7857e-15   8279.42 0 
  8027.96 8.1166e-15   8298.51 0 
  8046.47 8.2881e-15   8317.64 0 
  8065.02 8.2325e-15   8336.81 0 
  8083.61 7.9545e-15   8356.03 0 
  8102.25 7.6506e-15   8375.29 0 
  8120.93 8.1240e-15   8394.60 0 
  8139.64 8.0325e-15   8413.95 0 
  8158.41 7.9420e-15   8433.35 0 
  8177.22 7.9986e-15   8452.79 0 
  8196.07 7.6049e-15   8472.27 0 
  8214.96 8.1315e-15   8491.80 0 
  8233.90 7.9662e-15   8511.38 0 
  8252.88 8.1909e-15   8531.00 0 
  8271.90 8.3448e-15   8550.67 0 
  8290.97 7.9707e-15   8570.38 0 
  8310.09 8.0274e-15   8590.14 0 
  8329.24 7.7922e-15   8609.94 0 
  8348.45 7.7757e-15   8629.79 0 
  8367.69 8.0690e-15   8649.68 0 
  8386.98 7.7966e-15   8669.62 0 
  8406.31 7.8702e-15   8689.60 0 
  8425.69 8.0736e-15   8709.64 0 
  8445.11 7.3646e-15   8729.71 0 
  8464.58 7.7845e-15   8749.84 0 
  8484.10 7.9857e-15   8770.01 0 
  8503.65 7.7161e-15   8790.23 0 
  8523.25 7.4043e-15   8810.49 0 
  8542.90 7.6659e-15   8830.80 0 
  8562.60 7.8460e-15   8851.16 0 
  8582.33 7.8656e-15   8871.56 0 
  8602.12 7.7771e-15   8892.01 0 
  8621.95 7.6542e-15   8912.51 0 
  8641.83 7.8521e-15   8933.05 0 
  8661.74 7.6572e-15   8953.65 0 
  8681.72 7.4843e-15   8974.29 0 
  8701.73 7.5725e-15   8994.98 0 
  8721.79 7.6616e-15   9015.71 0 
  8741.90 7.9507e-15   9036.50 0 
  8762.05 7.5248e-15   9057.33 0 
  8782.24 7.6309e-15   9078.20 0 
  8802.49 7.7923e-15   9099.13 0 
  8822.78 8.0306e-15   9120.11 0 
  8843.12 7.9953e-15   9141.13 0 
  8863.50 7.9602e-15   9162.20 0 
  8883.94 7.4818e-15   9183.33 0 
  8904.42 7.7285e-15   9204.50 0 
  8924.94 7.8015e-15   9225.71 0 
  8945.52 7.9117e-15   9246.98 0 
  8966.14 7.5920e-15   9268.30 0 
  8986.81 7.5935e-15   9289.66 0 
  9007.53 7.5254e-15   9311.08 0 
  9028.29 7.0570e-15   9332.54 0 
  9049.10 8.1791e-15   9354.06 0 
  9069.96 7.8125e-15   9375.62 0 
  9090.87 7.3770e-15   9397.23 0 
  9111.83 7.7619e-15   9418.90 0 
  9132.83 8.0734e-15   9440.61 0 
  9153.89 7.6409e-15   9462.37 0 
  9174.99 7.6955e-15   9484.18 0 
  9196.14 7.6617e-15   9506.05 0 
  9217.34 7.5581e-15   9527.96 0 
  9238.59 7.3367e-15   9549.93 0 
  9259.88 7.6312e-15   9571.94 0 
  9281.23 7.8828e-15   9594.01 0 
  9302.63 7.5644e-15   9616.12 0 
  9324.07 7.9958e-15   9638.29 0 
  9345.56 7.9975e-15   9660.51 0 
  9367.11 7.8531e-15   9682.78 0 
  9388.70 8.0008e-15   9705.10 0 
  9410.34 7.8384e-15   9727.47 0 
  9432.04 8.1155e-15   9749.90 0 
  9453.78 8.0059e-15   9772.37 0 
  9475.57 8.2509e-15   9794.90 0 
  9497.42 8.2716e-15   9817.48 0 
  9519.31 8.0294e-15   9840.11 0 
  9541.25 7.8302e-15   9862.79 0 
  9563.25 8.0885e-15   9885.53 0 
  9585.30 8.2596e-15   9908.32 0 
  9607.39 8.1480e-15   9931.16 0 
  9629.54 8.2063e-15   9954.05 0 
  9651.74 8.0768e-15   9977.00 0 
  9673.99 8.0972e-15  10000.00 0 
  9696.29 8.2305e-15  10023.05 0 
  9718.64 8.0634e-15  10046.15 0 
  9741.04 7.9545e-15  10069.31 0 
  9763.50 8.0114e-15  10092.53 0 
  9786.01 7.9214e-15  10115.80 0 
  9808.57 8.1451e-15  10139.12 0 
  9831.18 8.0536e-15  10162.49 0 
  9853.84 8.1299e-15  10185.91 0 
  9876.55 8.0943e-15  10209.39 0 
  9899.33 8.0961e-15  10232.94 0 
  9922.15 8.1353e-15  10256.52 0 
  9945.02 8.1935e-15  10280.17 0 
  9967.94 8.2142e-15  10303.86 0 
  9990.92 8.1971e-15  10327.61 0 
 10013.95 8.2938e-15  10351.42 0 
 10083.37 8.2044e-15  10423.18 0 
 10129.91 8.5161e-15  10471.29 0 
 10176.66 8.4808e-15  10519.62 0 
 10223.64 8.6622e-15  10568.18 0 
 10270.83 8.7867e-15  10616.96 0 
 10294.50 8.8293e-15  10641.43 0 
 10510.06 8.5342e-15  10864.25 0 
 10705.47 8.0754e-15  11066.24 0 
 10904.49 8.0383e-15  11271.98 0 
 11107.22 7.5017e-15  11481.54 0 
 11287.70 7.6236e-15  11668.09 0 
 11497.55 7.8012e-15  11885.02 0 
 11711.32 7.6942e-15  12105.99 0 
 11901.61 7.1641e-15  12302.69 0 
 12094.99 7.2973e-15  12502.59 0 
 12291.52 7.3141e-15  12705.74 0 
 12491.24 7.0496e-15  12912.19 0 
 12694.21 6.9368e-15  13122.00 0 
 12900.47 6.8732e-15  13335.21 0 
 13110.08 6.8259e-15  13551.89 0 
 13292.46 6.5790e-15  13740.42 0 
 13508.45 6.3997e-15  13963.68 0 
 13696.37 6.3119e-15  14157.94 0 
 13886.91 6.0001e-15  14354.90 0 
 14112.55 5.6385e-15  14588.14 0 
 14308.88 5.6126e-15  14791.09 0 
 14507.94 5.7301e-15  14996.85 0 
 14709.76 5.5101e-15  15205.48 0 
 14914.40 5.6907e-15  15417.01 0 
 15087.08 5.8098e-15  15595.52 0 
 15296.97 6.0140e-15  15812.48 0 
 15509.77 5.9726e-15  16032.45 0 
 15689.37 5.8501e-15  16218.10 0 
 15907.63 5.6255e-15  16443.72 0 
 16091.84 5.6126e-15  16634.13 0 
 16315.70 5.6385e-15  16865.54 0 
 16504.61 5.6255e-15  17060.82 0 
 16695.73 5.7038e-15  17258.38 0 
 16889.07 5.7433e-15  17458.23 0 
 17084.63 5.7169e-15  17660.39 0 
 17282.45 5.5356e-15  17864.87 0 
 17482.58 5.3600e-15  18071.74 0 
 17685.02 5.0835e-15  18281.01 0 
 17889.81 4.8102e-15  18492.70 0 
 18096.95 4.5202e-15  18706.81 0 
 18306.50 4.4072e-15  18923.43 0 
 18518.49 4.2380e-15  19142.56 0 
 18689.83 4.0102e-15  19319.67 0 
 18906.25 3.9370e-15  19543.39 0 
 19081.19 3.9370e-15  19724.23 0 
 19302.15 3.8562e-15  19952.63 0 
 19480.74 3.7253e-15  20137.24 0 
 19706.32 3.5823e-15  20370.42 0 
 19888.67 3.4767e-15  20558.92 0 
 20118.95 3.4527e-15  20796.96 0 
 20305.12 3.3664e-15  20989.40 0 
 20493.01 3.3741e-15  21183.62 0 
 20682.61 3.3355e-15  21379.62 0 
 20922.11 3.3125e-15  21627.19 0 
 21115.71 3.2973e-15  21827.31 0 
 21311.08 3.2596e-15  22029.26 0 
 21508.28 3.2223e-15  22233.11 0 
 21707.28 3.1417e-15  22438.81 0 
 21908.14 3.1057e-15  22646.44 0 
 22110.86 3.0280e-15  22856.00 0 
 22315.44 2.9710e-15  23067.47 0 
 22521.93 2.9538e-15  23280.92 0 
 22678.03 2.9138e-15  23442.28 0 
 22887.88 2.6479e-15  23659.20 0 
 23099.64 2.6505e-15  23878.10 0 
 23313.39 2.3590e-15  24099.05 0 
 23475.01 2.2324e-15  24266.11 0 
 23692.20 2.2916e-15  24490.63 0 
 23911.43 2.1404e-15  24717.25 0 
 24077.17 2.0630e-15  24888.57 0 
 24299.96 2.0316e-15  25118.87 0 
 24524.79 1.8799e-15  25351.28 0 
 24654.64 1.4683e-15  25485.50 2 
 24748.28 1.4537e-15  25582.30 2 
 24841.83 1.4409e-15  25679.00 2 
 24935.47 1.4405e-15  25775.80 2 
 25029.12 1.4761e-15  25872.60 2 
 25122.67 1.4801e-15  25969.30 2 
 25216.31 1.4423e-15  26066.10 2 
 25309.95 1.4693e-15  26162.90 2 
 25403.50 1.4408e-15  26259.60 2 
 25497.14 1.4909e-15  26356.40 2 
 25590.69 1.5248e-15  26453.10 2 
 25684.34 1.4885e-15  26549.90 2 
 25777.98 1.4510e-15  26646.70 2 
 25871.53 1.5077e-15  26743.40 2 
 25965.17 1.4686e-15  26840.20 2 
 26058.82 1.4817e-15  26937.00 2 
 26152.37 1.4393e-15  27033.70 2 
 26246.01 1.5256e-15  27130.50 2 
 26339.56 1.4709e-15  27227.20 2 
 26433.20 1.4696e-15  27324.00 2 
 26526.84 1.4527e-15  27420.80 2 
 26620.39 1.4889e-15  27517.50 2 
 26714.04 1.4754e-15  27614.30 2 
 26807.68 1.4906e-15  27711.10 2 
 26901.23 1.4396e-15  27807.80 2 
 26994.87 1.4833e-15  27904.60 2 
 27088.42 1.4253e-15  28001.30 2 
 27182.06 1.3734e-15  28098.10 2 
 27275.71 1.3917e-15  28194.90 2 
 27369.26 1.3699e-15  28291.60 2 
 27462.90 1.3660e-15  28388.40 2 
 27556.55 1.3200e-15  28485.20 2 
 27650.09 1.2934e-15  28581.90 2 
 27743.74 1.2882e-15  28678.70 2 
 27837.28 1.2695e-15  28775.40 2 
 27930.93 1.2726e-15  28872.20 2 
 28024.57 1.2557e-15  28969.00 2 
 28118.12 1.2390e-15  29065.70 2 
 28211.76 1.1694e-15  29162.50 2 
 28305.41 1.1783e-15  29259.30 2 
 28398.96 1.1930e-15  29356.00 2 
 28492.60 1.1856e-15  29452.80 2 
 28586.15 1.1537e-15  29549.50 2 
 28679.79 1.1444e-15  29646.30 2 
 28773.43 1.1517e-15  29743.10 2 
 28866.98 1.1413e-15  29839.80 2 
 28960.63 1.1148e-15  29936.60 2 
 29054.27 1.1239e-15  30033.40 2 
 29147.82 1.0844e-15  30130.10 2 
 29241.46 1.1162e-15  30226.90 2 
 29335.01 1.0460e-15  30323.60 2 
 29428.65 1.0211e-15  30420.40 2 
 29522.30 1.0101e-15  30517.20 2 
 29615.84 1.0477e-15  30613.90 2 
 29709.49 1.0312e-15  30710.70 2 
 29803.13 1.0206e-15  30807.50 2 
 29896.68 9.8668e-16  30904.20 2 
 29990.33 1.0308e-15  31001.00 2 
 30083.87 9.6386e-16  31097.70 2 
 30177.52 9.4025e-16  31194.50 2 
 30271.16 9.7005e-16  31291.30 2 
 30364.71 9.8678e-16  31388.00 2 
 30458.35 9.6967e-16  31484.80 2 
 30552.00 9.5478e-16  31581.60 2 
 30645.55 9.7723e-16  31678.30 2 
 30739.19 9.1329e-16  31775.10 2 
 30832.74 9.2824e-16  31871.80 2 
 30926.38 9.8334e-16  31968.60 2 
 31020.03 9.5897e-16  32065.40 2 
 31113.57 9.8276e-16  32162.10 2 
 31207.22 9.4334e-16  32258.90 2 
 31300.86 9.9062e-16  32355.70 2 
 31394.41 9.7319e-16  32452.40 2 
 31488.05 9.9244e-16  32549.20 2 
 31581.60 9.4971e-16  32645.90 2 
 31675.25 1.0269e-15  32742.70 2 
 31768.89 1.0095e-15  32839.50 2 
 31862.44 1.0922e-15  32936.20 2 
 31956.08 1.0823e-15  33033.00 2 
 32049.73 1.1304e-15  33129.80 2 
 32143.27 1.1176e-15  33226.50 2 
 32236.92 1.2149e-15  33323.30 2 
 32330.46 1.2321e-15  33420.00 2 
 32424.11 1.2546e-15  33516.80 2 
 32517.75 1.2736e-15  33613.60 2 
 32611.30 1.3430e-15  33710.30 2 
 32704.94 1.2868e-15  33807.10 2 
 32798.59 1.3489e-15  33903.90 2 
 32892.13 1.2961e-15  34000.60 2 
 32985.78 1.2461e-15  34097.40 2 
 33079.33 1.2061e-15  34194.10 2 
 33172.97 1.1823e-15  34290.90 2 
 33266.61 1.0780e-15  34387.70 2 
 33360.16 1.0899e-15  34484.40 2 
 33453.81 1.0290e-15  34581.20 2 
 33547.45 1.0239e-15  34678.00 2 
 33641.00 9.9212e-16  34774.70 2 
 33734.64 9.9953e-16  34871.50 2 
 33828.19 9.6415e-16  34968.20 2 
 33921.83 1.0364e-15  35065.00 2 
 34015.48 9.6349e-16  35161.80 2 
 34109.03 9.3682e-16  35258.50 2 
 34202.67 9.3499e-16  35355.30 2 
 34296.31 9.1901e-16  35452.10 2 
 34389.86 8.6660e-16  35548.80 2 
 34483.50 9.3078e-16  35645.60 2 
 34577.05 8.7890e-16  35742.30 2 
 34670.70 8.9154e-16  35839.10 2 
 34764.34 8.6847e-16  35935.90 2 
 34857.89 8.9675e-16  36032.60 2 
 34951.54 8.7803e-16  36129.40 2 
 35045.18 8.5820e-16  36226.20 2 
 35138.72 8.1245e-16  36322.90 2 
 35232.37 7.8497e-16  36419.70 2 
 35325.92 8.2059e-16  36516.40 2 
 35419.56 8.0908e-16  36613.20 2 
 35513.20 8.0247e-16  36710.00 2 
 35606.75 7.9911e-16  36806.70 2 
 35700.40 8.0269e-16  36903.50 2 
 35794.04 8.3573e-16  37000.30 2 
 35887.59 7.6999e-16  37097.00 2 
 35981.23 7.7645e-16  37193.80 2 
 36074.78 7.6370e-16  37290.50 2 
 36168.42 7.3960e-16  37387.30 2 
 36262.07 7.2577e-16  37484.10 2 
 36355.62 7.6171e-16  37580.80 2 
 36449.26 7.2731e-16  37677.60 2 
 36542.91 7.5200e-16  37774.40 2 
 36636.45 7.5257e-16  37871.10 2 
 36730.09 7.5926e-16  37967.90 2 
 36823.64 7.4397e-16  38064.60 2 
 36917.29 7.5813e-16  38161.40 2 
 37010.93 7.0816e-16  38258.20 2 
 37104.48 7.2499e-16  38354.90 2 
 37198.12 6.7936e-16  38451.70 2 
 37291.77 7.1210e-16  38548.50 2 
 37385.31 6.9823e-16  38645.20 2 
 37478.96 6.8121e-16  38742.00 2 
 37572.51 7.1330e-16  38838.70 2 
 37666.15 7.1870e-16  38935.50 2 
 37759.80 6.6172e-16  39032.30 2 
 37853.34 6.9534e-16  39129.00 2 
 37946.99 6.7705e-16  39225.80 2 
 38040.63 6.7719e-16  39322.60 2 
 38134.18 6.4709e-16  39419.30 2 
 38227.82 7.2271e-16  39516.10 2 
 38321.37 6.6967e-16  39612.80 2 
 38415.01 6.3334e-16  39709.60 2 
 38508.66 6.4046e-16  39806.40 2 
 38602.20 6.3672e-16  39903.10 2 
 38695.85 6.2974e-16  39999.90 2 
 38789.49 6.5328e-16  40096.70 2 
 38883.04 6.2272e-16  40193.40 2 
 38976.68 6.3518e-16  40290.20 2 
 39070.24 6.4361e-16  40386.90 2 
 39163.88 6.1475e-16  40483.70 2 
 39257.52 6.2582e-16  40580.50 2 
 39351.07 6.3604e-16  40677.20 2 
 39444.72 6.0689e-16  40774.00 2 
 39538.36 6.3833e-16  40870.80 2 
 39631.90 5.9537e-16  40967.50 2 
 39725.55 6.5056e-16  41064.30 2 
 39819.10 6.2865e-16  41161.00 2 
 39912.74 6.3467e-16  41257.80 2 
 40006.38 6.0913e-16  41354.60 2 
 40099.93 6.2848e-16  41451.30 2 
 40193.57 6.1597e-16  41548.10 2 
 40287.12 6.3787e-16  41644.80 2 
 40380.77 6.4394e-16  41741.60 2 
 40474.41 6.4043e-16  41838.40 2 
 40567.96 5.6811e-16  41935.10 2 
 40661.60 6.0354e-16  42031.90 2 
 40755.25 5.4903e-16  42128.70 2 
 40848.79 5.7176e-16  42225.40 2 
 40942.44 5.5320e-16  42322.20 2 
 41036.08 5.5850e-16  42419.00 2 
 41129.63 5.3321e-16  42515.70 2 
 41223.28 5.3559e-16  42612.50 2 
 41316.82 5.1187e-16  42709.20 2 
 41410.47 5.1677e-16  42806.00 2 
 41504.11 5.1294e-16  42902.80 2 
 41597.66 5.4955e-16  42999.50 2 
 41691.30 5.5385e-16  43096.30 2 
 41784.85 5.2775e-16  43193.00 2 
 41878.50 5.0663e-16  43289.80 2 
 41972.14 4.9525e-16  43386.60 2 
 42065.69 5.0708e-16  43483.30 2 
 42159.33 4.8094e-16  43580.10 2 
 42252.98 4.6521e-16  43676.90 2 
 42346.52 4.4968e-16  43773.60 2 
 42440.17 4.3649e-16  43870.40 2 
 42533.81 4.3387e-16  43967.20 2 
 42627.36 4.4078e-16  44063.90 2 
 42721.00 4.4446e-16  44160.70 2 
 42814.55 4.3994e-16  44257.40 2 
 42908.19 4.5866e-16  44354.20 2 
 43001.84 4.8362e-16  44451.00 2 
 43095.38 4.5408e-16  44547.70 2 
 43189.03 4.5520e-16  44644.50 2 
 43282.58 4.6836e-16  44741.20 2 
 43376.22 4.4473e-16  44838.00 2 
 43469.87 4.3858e-16  44934.80 2 
 43563.41 4.2098e-16  45031.50 2 
 43657.05 4.0745e-16  45128.30 2 
 43750.70 4.3544e-16  45225.10 2 
 43844.25 4.0717e-16  45321.80 2 
 43937.89 4.1067e-16  45418.60 2 
 44031.54 4.1306e-16  45515.40 2 
 44125.09 4.2108e-16  45612.10 2 
 44218.73 3.7754e-16  45708.90 2 
 44312.28 3.5438e-16  45805.60 2 
 44405.92 4.3590e-16  45902.40 2 
 44499.56 4.2112e-16  45999.20 2 
 44593.11 3.8915e-16  46095.90 2 
 44686.76 3.8141e-16  46192.70 2 
 44780.31 3.6434e-16  46289.40 2 
 44873.95 3.7515e-16  46386.20 2 
 44967.59 3.8639e-16  46483.00 2 
 45061.14 3.9861e-16  46579.70 2 
 45154.79 3.7860e-16  46676.50 2 
 45248.43 3.7898e-16  46773.30 2 
 45341.97 3.9936e-16  46870.00 2 
 45435.62 3.1079e-16  46966.80 2 
 45529.26 3.7631e-16  47063.60 2 
 45622.81 3.6544e-16  47160.30 2 
 45716.45 3.6327e-16  47257.10 2 
 45810.00 3.5151e-16  47353.80 2 
 45903.65 3.4416e-16  47450.60 2 
 45997.29 3.5068e-16  47547.40 2 
 46090.84 3.6693e-16  47644.10 2 
 46184.48 3.3825e-16  47740.90 2 
 46278.13 3.3207e-16  47837.70 2 
 46371.67 3.4819e-16  47934.40 2 
 46465.32 3.6120e-16  48031.20 2 
 46558.86 3.5045e-16  48127.90 2 
 46652.51 3.4694e-16  48224.70 2 
 46746.15 3.5699e-16  48321.50 2 
 46839.70 3.8222e-16  48418.20 2 
 46933.35 3.6275e-16  48515.00 2 
 47026.99 3.9493e-16  48611.80 2 
 47120.54 3.4200e-16  48708.50 2 
 47214.18 3.4857e-16  48805.30 2 
 47307.73 3.4824e-16  48902.00 2 
 47401.37 3.5118e-16  48998.80 2 
 47495.02 3.1307e-16  49095.60 2 
 47588.57 3.0820e-16  49192.30 2 
 47682.21 3.2782e-16  49289.10 2 
 47775.76 3.2283e-16  49385.80 2 
 47870.37 3.2930e-16  49483.60 2 
 48349.07 3.3947e-16  49978.43 0 
 48832.56 3.4974e-16  50478.22 0 
 49320.89 3.6012e-16  50983.00 0 
 49814.09 3.7060e-16  51492.83 0 
 50312.24 3.8119e-16  52007.76 0 
 50815.36 3.9188e-16  52527.84 0 
 51323.51 4.0268e-16  53053.11 0 
 51618.20 4.0894e-16  53357.73 3 
 51917.94 4.6879e-16  53667.58 3 
 52217.70 5.2700e-16  53977.44 3 
 52517.45 5.2527e-16  54287.29 3 
 52817.20 4.7112e-16  54597.14 3 
 53116.95 4.8513e-16  54907.00 3 
 53416.71 4.8874e-16  55216.85 3 
 53716.45 4.0554e-16  55526.70 3 
 54016.21 3.8454e-16  55836.56 3 
 54315.96 3.7887e-16  56146.41 3 
 54615.72 3.7620e-16  56456.27 3 
 54915.47 4.0022e-16  56766.12 3 
 55215.23 4.2315e-16  57075.98 3 
 55514.98 4.1169e-16  57385.83 3 
 55814.72 4.5074e-16  57695.68 3 
 56114.47 5.3794e-16  58005.53 3 
 56414.23 5.8848e-16  58315.39 3 
 56713.99 5.9584e-16  58625.25 3 
 57013.73 6.3412e-16  58935.10 3 
 57313.49 6.3665e-16  59244.95 3 
 57613.24 5.8902e-16  59554.81 3 
 57912.99 5.5493e-16  59864.66 3 
 58212.74 5.4160e-16  60174.51 3 
 58512.50 5.4827e-16  60484.37 3 
 58812.25 5.6830e-16  60794.22 3 
 59112.00 5.7136e-16  61104.07 3 
 59411.76 5.7365e-16  61413.93 3 
 59711.50 6.3941e-16  61723.78 3 
 60011.25 7.6834e-16  62033.63 3 
 60311.01 8.0870e-16  62343.49 3 
 60610.76 8.3755e-16  62653.34 3 
 60910.51 8.9657e-16  62963.19 3 
 61210.26 1.1090e-15  63273.05 3 
 61510.01 1.5475e-15  63582.90 3 
 61809.77 2.0934e-15  63892.76 3 
 62109.52 2.3474e-15  64202.61 3 
 62409.26 2.1912e-15  64512.46 3 
 62709.03 1.8636e-15  64822.32 3 
 63008.77 1.5688e-15  65132.17 3 
 63308.52 1.3575e-15  65442.02 3 
 63608.28 1.1800e-15  65751.88 3 
 63908.03 1.0300e-15  66061.73 3 
 64207.78 9.3958e-16  66371.58 3 
 64507.54 8.4935e-16  66681.45 3 
 64807.28 8.0087e-16  66991.29 3 
 65107.03 7.6118e-16  67301.14 3 
 65406.79 7.4479e-16  67611.00 3 
 65706.54 7.4135e-16  67920.85 3 
 66006.30 7.5361e-16  68230.71 3 
 66306.05 7.6127e-16  68540.56 3 
 66605.80 7.4835e-16  68850.41 3 
 66905.56 7.8178e-16  69160.27 3 
 67205.30 7.5761e-16  69470.12 3 
 67505.06 7.2238e-16  69779.98 3 
 67804.81 7.2720e-16  70089.83 3 
 68104.56 7.3325e-16  70399.68 3 
 68404.31 7.5495e-16  70709.54 3 
 68704.06 8.1804e-16  71019.39 3 
 69003.81 8.6704e-16  71329.24 3 
 69303.57 8.8309e-16  71639.10 3 
 69603.31 1.0047e-15  71948.95 3 
 69903.08 1.1293e-15  72258.81 3 
 70202.82 1.0341e-15  72568.66 3 
 70502.57 9.7707e-16  72878.51 3 
 70802.34 9.6148e-16  73188.38 3 
 71102.08 9.4209e-16  73498.22 3 
 71401.83 9.6440e-16  73808.07 3 
 71701.59 9.7897e-16  74117.93 3 
 72001.34 9.8083e-16  74427.78 3 
 72301.09 1.0195e-15  74737.63 3 
 72600.84 1.0907e-15  75047.48 3 
 72880.97 1.1082e-15  75337.06 3 
 72900.59 1.1275e-15  75357.34 3 
 73200.35 1.2053e-15  75667.20 3 
 73481.66 1.3134e-15  75957.99 3 
 73500.09 1.2739e-15  75977.05 3 
 74082.36 1.5836e-15  76578.94 3 
 74683.06 1.9721e-15  77199.88 3 
 75283.76 2.3200e-15  77820.82 3 
 75884.45 2.5880e-15  78441.76 3 
 76485.16 2.6587e-15  79062.71 3 
 77085.86 2.5332e-15  79683.65 3 
 77686.55 2.4503e-15  80304.59 3 
 78287.26 2.3454e-15  80925.54 3 
 78887.95 2.1379e-15  81546.48 3 
 79488.65 1.8280e-15  82167.41 3 
 80089.35 1.5767e-15  82788.36 3 
 80690.04 1.3594e-15  83409.30 3 
 81290.75 1.1873e-15  84030.25 3 
 81891.45 1.0928e-15  84651.19 3 
 82492.15 1.0499e-15  85272.13 3 
 83092.84 1.0567e-15  85893.07 3 
 83693.55 1.0162e-15  86514.02 3 
 84294.24 1.0134e-15  87134.95 3 
 84894.94 1.0430e-15  87755.90 3 
 85495.64 1.0849e-15  88376.84 3 
 86096.33 1.0603e-15  88997.78 3 
 86697.03 9.5591e-16  89618.72 3 
 87297.73 7.5202e-16  90239.66 3 
 87898.42 5.9487e-16  90860.60 3 
 88499.13 4.7511e-16  91481.55 3 
 89099.83 3.7530e-16  92102.49 3 
 89700.53 3.2280e-16  92723.44 3 
 90301.23 2.7867e-16  93344.38 3 
 90901.93 2.4714e-16  93965.32 3 
 91502.62 2.2611e-16  94586.26 3 
 92103.31 2.0595e-16  95207.20 3 
 92704.02 2.0097e-16  95828.15 3 
 93304.72 1.8679e-16  96449.09 3 
 93905.41 1.8134e-16  97070.02 3 
 94506.12 1.7688e-16  97690.98 3 
 95106.82 1.6934e-16  98311.92 3 
 95707.52 1.7351e-16  98932.86 3 
 96308.22 1.9204e-16  99553.80 3 
 96908.87 1.9867e-16 100174.70 3 
 97509.62 1.6175e-16 100795.70 3 
 98110.28 1.4736e-16 101416.59 3 
 98711.04 1.4965e-16 102037.60 3 
 99311.70 1.4231e-16 102658.50 3 
 99912.44 1.4419e-16 103279.49 3 
100513.11 1.4415e-16 103900.41 3 
101113.77 1.4280e-16 104521.30 3 
101714.52 1.3850e-16 105142.30 3 
102315.17 1.3915e-16 105763.20 3 
102915.94 1.4118e-16 106384.20 3 
103516.59 1.4625e-16 107005.10 3 
104117.25 1.6162e-16 107626.00 3 
104718.00 1.8229e-16 108247.00 3 
105318.67 2.1013e-16 108867.91 3 
105919.41 2.2100e-16 109488.90 3 
106520.07 2.1878e-16 110109.80 3 
107120.83 2.1832e-16 110730.80 3 
107721.49 2.1983e-16 111351.70 3 
108322.15 2.2576e-16 111972.60 3 
108922.90 2.4342e-16 112593.60 3 
109523.56 2.9032e-16 113214.50 3 
110124.31 3.6019e-16 113835.50 3 
110724.97 4.1672e-16 114456.40 3 
111325.72 6.2052e-16 115077.40 3 
111926.38 9.5025e-16 115698.30 3 
112527.03 1.1267e-15 116319.20 3 
113127.80 1.0008e-15 116940.20 3 
113728.45 8.0409e-16 117561.10 3 
114329.20 6.4931e-16 118182.09 3 
114929.86 5.4839e-16 118802.99 3 
115530.62 4.8691e-16 119424.00 3 
116131.27 4.3692e-16 120044.90 3 
116731.93 4.0409e-16 120665.80 3 
117332.69 3.9567e-16 121286.80 3 
117933.35 3.8820e-16 121907.70 3 
118534.10 4.1009e-16 122528.70 3 
119134.75 4.4141e-16 123149.59 3 
119735.42 4.5675e-16 123770.51 3 
120336.17 4.5309e-16 124391.50 3 
120936.83 4.4356e-16 125012.40 3 
121537.58 4.3354e-16 125633.40 3 
122138.25 4.4198e-16 126254.30 3 
122738.99 4.8255e-16 126875.30 3 
123339.66 5.0501e-16 127496.20 3 
123940.31 5.1007e-16 128117.10 3 
124541.07 5.4164e-16 128738.10 3 
125141.72 5.7892e-16 129359.00 3 
125742.48 6.2259e-16 129980.00 3 
126343.13 6.5507e-16 130600.90 3 
126943.79 6.8984e-16 131221.80 3 
127544.55 8.2249e-16 131842.80 3 
128145.21 9.5610e-16 132463.70 3 
128745.96 7.1858e-16 133084.70 3 
129346.61 4.4011e-16 133705.59 3 
129947.37 3.7309e-16 134326.59 3 
130548.03 3.5441e-16 134947.50 3 
131148.70 3.4853e-16 135568.41 3 
131749.45 3.4254e-16 136189.41 3 
132350.10 3.3942e-16 136810.30 3 
132950.85 3.3623e-16 137431.30 3 
133551.52 3.2777e-16 138052.20 3 
134152.27 3.2296e-16 138673.20 3 
134752.92 3.2347e-16 139294.09 3 
135353.58 3.2098e-16 139915.00 3 
135954.34 3.1863e-16 140536.00 3 
136555.00 3.0697e-16 141156.91 3 
137155.74 2.8790e-16 141777.89 3 
137756.41 2.7777e-16 142398.80 3 
138357.16 2.6741e-16 143019.80 3 
138957.82 2.6027e-16 143640.70 3 
139558.47 2.5382e-16 144261.59 3 
140159.24 2.4951e-16 144882.61 3 
140676.12 2.5983e-16 145416.91 3 
141563.12 2.7116e-16 146333.80 3 
142450.22 2.8456e-16 147250.80 3 
143337.24 2.7605e-16 148167.70 3 
144224.24 2.4766e-16 149084.59 3 
145111.25 2.2423e-16 150001.50 3 
145998.36 2.1437e-16 150918.50 3 
146885.37 1.9736e-16 151835.41 3 
147772.37 2.0522e-16 152752.30 3 
148659.47 2.3425e-16 153669.30 3 
149546.49 1.9270e-16 154586.20 3 
150433.49 1.8756e-16 155503.09 3 
151320.50 1.8514e-16 156420.00 3 
152207.60 1.8194e-16 157337.00 3 
153094.62 1.8272e-16 158253.91 3 
153981.62 1.8465e-16 159170.80 3 
154868.72 2.3283e-16 160087.80 3 
155755.73 2.8062e-16 161004.70 3 
156642.73 2.2009e-16 161921.59 3 
157529.84 1.9139e-16 162838.59 3 
158416.85 1.8661e-16 163755.50 3 
159303.85 1.8774e-16 164672.39 3 
160190.86 1.7612e-16 165589.30 3 
161077.98 1.8191e-16 166506.31 3 
161964.97 2.0474e-16 167423.19 3 
162851.98 2.0747e-16 168340.09 3 
163739.00 2.6795e-16 169257.00 3 
164626.10 2.9125e-16 170174.00 3 
165513.11 2.9133e-16 171090.91 3 
166400.13 2.4528e-16 172007.81 3 
167287.23 2.5117e-16 172924.81 3 
168174.23 2.4887e-16 173841.70 3 
169061.25 2.4619e-16 174758.61 3 
169948.35 3.1895e-16 175675.61 3 
170835.35 3.3454e-16 176592.50 3 
171722.36 2.5756e-16 177509.41 3 
172609.36 2.4740e-16 178426.30 3 
173496.47 2.5363e-16 179343.30 3 
174383.48 2.3703e-16 180260.20 3 
175270.48 1.9660e-16 181177.09 3 
176157.58 1.7948e-16 182094.09 3 
177044.60 1.7917e-16 183011.00 3 
177931.60 1.7616e-16 183927.89 3 
178818.70 1.6947e-16 184844.89 3 
179705.71 1.6052e-16 185761.80 3 
180592.73 1.5213e-16 186678.70 3 
181479.73 1.4436e-16 187595.59 3 
182366.83 1.4645e-16 188512.59 3 
183253.85 1.4142e-16 189429.50 3 
184140.84 1.6508e-16 190346.39 3 
185027.96 1.4142e-16 191263.41 3 
185914.98 1.5161e-16 192180.31 3 
186801.96 2.2072e-16 193097.19 3 
187688.98 3.2061e-16 194014.09 3 
188576.09 1.9600e-16 194931.11 3 
189463.09 2.1654e-16 195848.00 3 
190350.11 1.4229e-16 196764.91 3 
191237.21 1.4510e-16 197681.91 3 
192124.21 1.4848e-16 198598.80 3 
193011.22 1.4024e-16 199515.70 3 
193898.24 1.5530e-16 200432.61 3 
194785.34 1.4457e-16 201349.61 3 
195672.34 1.8292e-16 202266.50 3 
196559.36 1.4317e-16 203183.41 3 
197446.46 1.4852e-16 204100.41 3 
198851.12 1.3169e-16 205552.41 3 
200548.89 1.6916e-16 207307.39 3 
202247.64 1.5775e-16 209063.39 3 
203947.38 1.4460e-16 210820.41 3 
205647.96 1.6036e-16 212578.30 3 
207349.42 1.5893e-16 214337.09 3 
209051.84 1.4781e-16 216096.89 3 
210755.16 1.5767e-16 217857.61 3 
212459.41 1.6997e-16 219619.30 3 
214164.65 1.6095e-16 221382.00 3 
215870.75 1.5125e-16 223145.59 3 
217577.83 1.6449e-16 224910.20 3 
219285.77 1.7011e-16 226675.70 3 
220994.67 1.6591e-16 228442.19 3 
222704.54 1.5692e-16 230209.69 3 
224415.30 1.6427e-16 231978.09 3 
226127.02 1.7095e-16 233747.50 3 
227839.71 1.7329e-16 235517.91 3 
229553.26 1.6587e-16 237289.20 3 
231267.88 1.6746e-16 239061.61 3 
232983.28 1.7653e-16 240834.81 3 
234699.71 1.8491e-16 242609.09 3 
236417.15 1.8355e-16 244384.41 3 
238135.44 1.8786e-16 246160.61 3 
239854.69 1.8842e-16 247937.80 3 
241574.93 1.9122e-16 249716.00 3 
243296.02 2.0162e-16 251495.09 3 
245018.18 1.9660e-16 253275.30 3 
246741.23 1.9267e-16 255056.41 3 
248465.33 1.9859e-16 256838.61 3 
250190.28 2.0824e-16 258621.69 3 
251916.24 2.0929e-16 260405.81 3 
253643.13 2.1803e-16 262190.91 3 
255371.00 2.1280e-16 263977.00 3 
257099.83 2.2935e-16 265764.09 3 
258829.66 2.6815e-16 267552.22 3 
260560.43 2.4435e-16 269341.31 3 
262292.16 2.2224e-16 271131.41 3 
264024.86 2.2237e-16 272922.50 3 
265758.53 2.2028e-16 274714.59 3 
267493.29 2.2053e-16 276507.81 3 
269228.89 2.2189e-16 278301.91 3 
270965.46 2.2653e-16 280097.00 3 
272703.09 2.2988e-16 281893.19 3 
274441.72 2.2652e-16 283690.41 3 
276181.19 2.3104e-16 285488.50 3 
277921.73 2.3139e-16 287287.69 3 
279663.25 2.3758e-16 289087.91 3 
281405.84 2.4869e-16 290889.22 3 
283149.37 2.5256e-16 292691.50 3 
284893.80 2.5651e-16 294494.72 3 
286639.35 2.4530e-16 296299.09 3 
288385.80 2.6963e-16 298104.41 3 
290133.29 2.5019e-16 299910.78 3 
291881.77 2.4661e-16 301718.19 3 
293631.22 2.6072e-16 303526.59 3 
295381.73 2.5337e-16 305336.09 3 
297133.20 2.6364e-16 307146.59 3 
298885.65 2.5988e-16 308958.09 3 
300639.15 2.6877e-16 310770.69 3 
302393.74 2.6571e-16 312584.41 3 
304149.26 2.6259e-16 314399.09 3 
305905.79 2.7548e-16 316214.81 3 
307663.25 2.8677e-16 318031.50 3 
309421.89 3.2159e-16 319849.41 3 
311181.41 2.7866e-16 321668.22 3 
312942.04 2.8583e-16 323488.19 3 
314703.58 3.2870e-16 325309.09 3 
316466.27 2.8971e-16 327131.19 3 
318229.96 2.8085e-16 328954.31 3 
319994.56 2.8020e-16 330778.38 3 
321760.27 2.9198e-16 332603.59 3 
323527.04 3.3908e-16 334429.91 3 
325294.84 3.1170e-16 336257.28 3 
327063.67 2.9127e-16 338085.72 3 
328833.50 3.0711e-16 339915.19 3 
330604.32 3.1696e-16 341745.69 3 
332376.23 3.2467e-16 343577.31 3 
334149.29 4.1065e-16 345410.12 3 
335923.20 3.8583e-16 347243.81 3 
337698.29 3.2466e-16 349078.72 3 
