# An Atlas of Galaxy Spectral Energy Distributions from the Ultraviolet to the Mid-Infrared
# Brown et al. (2014)
# http://dx.doi.org/10.5072/03/529D3551F0117
# 
# Column 1 : Restframe Wavelength (Angstrom)
# Column 2 : Flux per unit wavelength (ergs/s/cm^2/Angstrom)
# Column 3 : Observed wavelength (Angstrom)
# Column 4 : Source (0 = model, 1 = Optical Spectrum, 2 = Akari, 3 = Spitzer IRS)
# 
   102.07 6.1253e-17    102.33 0 
   103.97 6.6855e-17    104.23 0 
   105.90 7.3474e-17    106.17 0 
   108.12 8.0008e-17    108.39 0 
   109.88 8.9152e-17    110.15 0 
   114.00 1.0426e-16    114.29 0 
   118.01 1.1943e-16    118.30 0 
   121.04 1.4293e-16    121.34 0 
   125.00 1.6223e-16    125.31 0 
   127.03 1.7264e-16    127.35 0 
   127.91 1.7788e-16    128.23 0 
   130.89 1.9237e-16    131.22 0 
   132.10 1.9913e-16    132.43 0 
   133.94 2.0755e-16    134.28 0 
   137.06 2.2758e-16    137.40 0 
   139.93 2.4329e-16    140.28 0 
   142.86 2.7678e-16    143.22 0 
   146.86 3.1778e-16    147.23 0 
   150.98 3.2744e-16    151.36 0 
   154.85 3.7079e-16    155.24 0 
   158.82 3.9823e-16    159.22 0 
   162.15 4.1989e-16    162.55 0 
   165.93 4.4888e-16    166.34 0 
   170.18 4.7657e-16    170.61 0 
   172.95 4.7657e-16    173.38 0 
   176.98 5.2739e-16    177.42 0 
   179.85 5.4844e-16    180.30 0 
   181.93 5.6381e-16    182.39 0 
   186.17 5.9174e-16    186.64 0 
   190.95 6.2680e-16    191.43 0 
   194.05 6.5033e-16    194.54 0 
   198.11 6.7785e-16    198.61 0 
   201.80 7.0653e-16    202.30 0 
   205.08 7.2800e-16    205.59 0 
   209.85 7.5012e-16    210.38 0 
   216.23 8.0562e-16    216.77 0 
   220.25 8.3393e-16    220.80 0 
   222.80 8.5139e-16    223.36 0 
   226.94 8.8335e-16    227.51 0 
   230.10 1.1753e-15    230.67 0 
   233.84 2.3830e-15    234.42 0 
   239.84 5.6511e-15    240.44 0 
   245.99 5.7561e-15    246.60 0 
   251.72 6.6701e-15    252.35 0 
   256.99 3.7250e-15    257.63 0 
   259.96 7.0653e-15    260.62 0 
   264.19 9.5089e-15    264.85 0 
   269.10 1.0026e-14    269.77 0 
   274.10 1.0283e-14    274.79 0 
   279.20 9.7753e-15    279.90 0 
   283.74 1.0893e-14    284.45 0 
   289.68 1.0843e-14    290.40 0 
   295.74 1.0166e-14    296.48 0 
   301.24 6.8097e-15    302.00 0 
   308.26 8.9152e-15    309.03 0 
   318.36 1.2420e-14    319.15 0 
   328.03 1.2976e-14    328.85 0 
   338.00 1.3006e-14    338.84 0 
   348.27 1.2946e-14    349.14 0 
   357.20 1.4326e-14    358.10 0 
   366.36 1.6563e-14    367.28 0 
   374.90 1.6487e-14    375.84 0 
   385.40 1.5210e-14    386.37 0 
   395.29 1.7343e-14    396.28 0 
   405.43 1.8626e-14    406.44 0 
   413.92 1.8584e-14    414.95 0 
   421.61 1.7953e-14    422.67 0 
   430.44 1.7423e-14    431.52 0 
   441.48 1.8498e-14    442.59 0 
   450.73 1.8584e-14    451.86 0 
   460.16 1.7625e-14    461.32 0 
   469.80 1.7585e-14    470.98 0 
   479.64 1.8244e-14    480.84 0 
   489.68 1.6988e-14    490.91 0 
   499.93 1.8244e-14    501.19 0 
   505.72 1.8036e-14    506.99 0 
   511.58 2.4498e-14    512.86 0 
   519.89 2.3558e-14    521.19 0 
   529.56 2.2394e-14    530.88 0 
   539.40 2.0283e-14    540.75 0 
   549.43 1.9959e-14    550.81 0 
   559.65 2.2863e-14    561.05 0 
   570.05 2.3558e-14    571.48 0 
   580.65 2.2758e-14    582.10 0 
   590.08 2.2968e-14    591.56 0 
   599.67 2.0996e-14    601.17 0 
   609.42 1.9415e-14    610.94 0 
   619.32 2.3074e-14    620.87 0 
   629.38 2.2189e-14    630.96 0 
   639.61 2.2863e-14    641.21 0 
   650.00 2.2189e-14    651.63 0 
   657.53 2.1141e-14    659.17 0 
   665.14 2.2189e-14    666.81 0 
   674.39 2.2549e-14    676.08 0 
   685.35 2.0613e-14    687.07 0 
   694.89 2.1985e-14    696.63 0 
   704.55 1.9594e-14    706.32 0 
   716.00 2.1935e-14    717.79 0 
   725.96 2.1734e-14    727.78 0 
   734.37 2.1684e-14    736.21 0 
   744.58 2.1044e-14    746.45 0 
   754.94 2.0708e-14    756.83 0 
   765.44 1.8929e-14    767.36 0 
   774.31 2.0283e-14    776.25 0 
   785.08 1.9459e-14    787.05 0 
   794.17 1.9776e-14    796.16 0 
   805.22 1.9730e-14    807.24 0 
   814.54 1.9594e-14    816.58 0 
   825.87 1.9549e-14    827.94 0 
   835.44 1.6948e-14    837.53 0 
   845.11 1.8973e-14    847.23 0 
   854.90 1.8584e-14    857.04 0 
   864.80 1.8712e-14    866.96 0 
   874.81 1.8541e-14    877.00 0 
   884.94 1.8371e-14    887.16 0 
   895.19 1.8202e-14    897.43 0 
   905.55 1.7788e-14    907.82 0 
   916.04 1.7463e-14    918.33 0 
   924.51 3.5574e-14    926.83 0 
   935.22 5.1538e-14    937.56 0 
   946.05 6.5786e-14    948.42 0 
   954.80 7.1143e-14    957.19 0 
   965.86 7.7470e-14    968.28 0 
   974.80 4.2868e-14    977.24 0 
   986.08 6.7785e-14    988.55 0 
   995.21 6.2392e-14    997.70 0 
  1004.42 6.8097e-14   1006.93 0 
  1016.05 6.8254e-14   1018.59 0 
  1025.45 4.9219e-14   1028.02 0 
  1034.94 6.3846e-14   1037.53 0 
  1044.51 7.2299e-14   1047.13 0 
  1054.18 6.9684e-14   1056.82 0 
  1063.93 6.3260e-14   1066.60 0 
  1073.78 6.5033e-14   1076.47 0 
  1086.21 5.7960e-14   1088.93 0 
  1096.26 6.3993e-14   1099.01 0 
  1103.86 6.1254e-14   1106.62 0 
  1114.07 6.0135e-14   1116.86 0 
  1124.38 5.4971e-14   1127.20 0 
  1134.78 5.8632e-14   1137.63 0 
  1145.28 5.6122e-14   1148.15 0 
  1155.88 5.4971e-14   1158.78 0 
  1163.89 5.3596e-14   1166.81 0 
  1174.66 4.2085e-14   1177.61 0 
  1185.53 5.0134e-14   1188.50 0 
  1193.75 4.7657e-14   1196.74 0 
  1204.80 4.4272e-14   1207.81 0 
  1215.94 3.3199e-14   1218.99 0 
  1224.37 4.4069e-14   1227.44 0 
  1235.70 4.6573e-14   1238.80 0 
  1244.27 4.6252e-14   1247.38 0 
  1255.78 4.5408e-14   1258.93 0 
  1264.48 4.4888e-14   1267.65 0 
  1276.18 4.5617e-14   1279.38 0 
  1285.03 4.5095e-14   1288.25 0 
  1293.94 4.2182e-14   1297.18 0 
  1305.91 4.1796e-14   1309.18 0 
  1314.96 4.3165e-14   1318.26 0 
  1324.08 4.1604e-14   1327.39 0 
  1336.33 4.0284e-14   1339.68 0 
  1345.59 4.0563e-14   1348.96 0 
  1354.92 3.9640e-14   1358.31 0 
  1364.31 3.8030e-14   1367.73 0 
  1373.77 3.7250e-14   1377.21 0 
  1386.48 3.6655e-14   1389.95 0 
  1396.09 3.0070e-14   1399.59 0 
  1405.77 2.8453e-14   1409.29 0 
  1415.51 3.4366e-14   1419.06 0 
  1425.32 3.2669e-14   1428.89 0 
  1435.20 3.3353e-14   1438.80 0 
  1441.83 3.3123e-14   1445.44 0 
  1448.48 3.2819e-14   1452.11 0 
  1455.17 3.1852e-14   1458.81 0 
  1465.26 3.0984e-14   1468.93 0 
  1475.41 3.0699e-14   1479.11 0 
  1485.64 3.0488e-14   1489.36 0 
  1495.94 2.9794e-14   1499.69 0 
  1506.31 2.8916e-14   1510.08 0 
  1513.26 2.7742e-14   1517.05 0 
  1516.75 2.7870e-14   1520.55 0 
  1523.75 2.7487e-14   1527.57 0 
  1534.31 2.4953e-14   1538.15 0 
  1544.95 2.2394e-14   1548.82 0 
  1555.66 2.2342e-14   1559.55 0 
  1566.44 2.4051e-14   1570.36 0 
  1573.67 2.4725e-14   1577.61 0 
  1584.58 2.4611e-14   1588.55 0 
  1595.56 2.4385e-14   1599.56 0 
  1606.62 2.3395e-14   1610.65 0 
  1614.04 2.2810e-14   1618.08 0 
  1625.22 2.2653e-14   1629.30 0 
  1636.49 2.2810e-14   1640.59 0 
  1644.04 2.2291e-14   1648.16 0 
  1655.44 2.2446e-14   1659.59 0 
  1666.92 2.2291e-14   1671.09 0 
  1670.76 2.1190e-14   1674.94 0 
  1678.47 2.2705e-14   1682.67 0 
  1686.22 2.2189e-14   1690.44 0 
  1694.00 2.1534e-14   1698.24 0 
  1705.74 2.1044e-14   1710.02 0 
  1713.62 2.0283e-14   1717.91 0 
  1725.49 1.9867e-14   1729.82 0 
  1733.46 2.0236e-14   1737.80 0 
  1745.47 1.9867e-14   1749.85 0 
  1753.53 1.9685e-14   1757.92 0 
  1765.69 1.9281e-14   1770.11 0 
  1773.84 1.8842e-14   1778.28 0 
  1786.13 1.8842e-14   1790.61 0 
  1794.38 1.8669e-14   1798.87 0 
  1806.81 1.8541e-14   1811.34 0 
  1815.15 1.7788e-14   1819.70 0 
  1823.53 1.7706e-14   1828.10 0 
  1836.17 1.7463e-14   1840.77 0 
  1844.65 1.6639e-14   1849.27 0 
  1853.16 1.6525e-14   1857.80 0 
  1866.01 1.6487e-14   1870.68 0 
  1874.62 1.6487e-14   1879.32 0 
  1883.27 1.5636e-14   1887.99 0 
  1896.33 1.5175e-14   1901.08 0 
  1905.08 1.5529e-14   1909.85 0 
  1913.87 1.5036e-14   1918.67 0 
  1927.14 1.4459e-14   1931.97 0 
  1936.04 1.4830e-14   1940.89 0 
  1944.97 1.4898e-14   1949.84 0 
  1953.95 1.4032e-14   1958.84 0 
  1967.49 1.4392e-14   1972.42 0 
  1976.58 1.4526e-14   1981.53 0 
  1985.70 1.4032e-14   1990.67 0 
  1994.87 1.3681e-14   1999.86 0 
  2004.07 1.3745e-14   2009.09 0 
  2013.32 1.3587e-14   2018.37 0 
  2027.28 1.3619e-14   2032.36 0 
  2036.64 1.3066e-14   2041.74 0 
  2046.04 1.2976e-14   2051.16 0 
  2055.48 1.1275e-14   2060.63 0 
  2064.97 1.1861e-14   2070.14 0 
  2074.50 1.2857e-14   2079.70 0 
  2079.28 1.2420e-14   2084.49 0 
  2084.08 1.2478e-14   2089.30 0 
  2093.70 1.2082e-14   2098.94 0 
  2103.36 1.2138e-14   2108.63 0 
  2113.07 1.2110e-14   2118.36 0 
  2122.82 1.1999e-14   2128.14 0 
  2132.62 1.1780e-14   2137.96 0 
  2147.40 1.1511e-14   2152.78 0 
  2157.31 1.1591e-14   2162.72 0 
  2167.27 1.1301e-14   2172.70 0 
  2177.28 1.1249e-14   2182.73 0 
  2187.33 1.1019e-14   2192.81 0 
  2197.42 1.1070e-14   2202.93 0 
  2202.49 1.0893e-14   2208.01 0 
  2212.65 1.0620e-14   2218.20 0 
  2222.87 1.0474e-14   2228.44 0 
  2233.13 1.0402e-14   2238.72 0 
  2243.43 1.0260e-14   2249.05 0 
  2253.79 1.0026e-14   2259.44 0 
  2264.19 1.0026e-14   2269.86 0 
  2274.64 9.9341e-15   2280.34 0 
  2285.14 9.7979e-15   2290.87 0 
  2295.69 9.4247e-15   2301.44 0 
  2306.29 9.4463e-15   2312.07 0 
  2316.93 9.3597e-15   2322.74 0 
  2327.63 8.7350e-15   2333.46 0 
  2332.99 9.0942e-15   2338.84 0 
  2343.76 9.0109e-15   2349.63 0 
  2354.58 8.9697e-15   2360.48 0 
  2365.45 8.8264e-15   2371.37 0 
  2376.37 8.7457e-15   2382.32 0 
  2387.34 8.4881e-15   2393.32 0 
  2392.84 8.5373e-15   2398.83 0 
  2403.88 8.4399e-15   2409.91 0 
  2414.98 8.3821e-15   2421.03 0 
  2426.13 8.3633e-15   2432.20 0 
  2437.33 8.2111e-15   2443.43 0 
  2442.94 8.1830e-15   2449.06 0 
  2454.22 8.1085e-15   2460.37 0 
  2465.55 8.0163e-15   2471.72 0 
  2476.93 7.9251e-15   2483.13 0 
  2482.64 7.8437e-15   2488.86 0 
  2494.10 7.0235e-15   2500.35 0 
  2505.61 7.6841e-15   2511.89 0 
  2511.39 7.3302e-15   2517.68 0 
  2517.17 7.5272e-15   2523.48 0 
  2522.98 7.5016e-15   2529.30 0 
  2534.62 7.4507e-15   2540.97 0 
  2546.32 7.3324e-15   2552.70 0 
  2552.19 7.3244e-15   2558.59 0 
  2563.97 7.2580e-15   2570.40 0 
  2575.81 7.2422e-15   2582.26 0 
  2587.70 7.1602e-15   2594.18 0 
  2593.66 7.0705e-15   2600.16 0 
  2605.63 7.0066e-15   2612.16 0 
  2617.66 6.9115e-15   2624.22 0 
  2623.70 6.8881e-15   2630.27 0 
  2635.81 6.8417e-15   2642.41 0 
  2647.97 6.8427e-15   2654.61 0 
  2654.08 6.7727e-15   2660.72 0 
  2666.33 6.6502e-15   2673.01 0 
  2672.47 6.5973e-15   2679.17 0 
  2684.81 6.5832e-15   2691.54 0 
  2697.20 6.4493e-15   2703.96 0 
  2703.42 6.4277e-15   2710.19 0 
  2715.90 6.3406e-15   2722.70 0 
  2722.16 6.2758e-15   2728.98 0 
  2734.72 6.2051e-15   2741.57 0 
  2747.35 6.1353e-15   2754.23 0 
  2753.68 6.0867e-15   2760.58 0 
  2766.39 6.0460e-15   2773.32 0 
  2772.77 6.0536e-15   2779.71 0 
  2785.57 5.9855e-15   2792.54 0 
  2791.99 5.7763e-15   2798.98 0 
  2804.87 5.8042e-15   2811.90 0 
  2817.82 5.8592e-15   2824.88 0 
  2824.32 5.7861e-15   2831.39 0 
  2837.35 5.6949e-15   2844.46 0 
  2843.89 5.6629e-15   2851.02 0 
  2857.02 5.6123e-15   2864.18 0 
  2863.61 5.5936e-15   2870.78 0 
  2876.83 5.5437e-15   2884.03 0 
  2883.46 5.4999e-15   2890.68 0 
  2896.77 5.4509e-15   2904.02 0 
  2910.14 5.4147e-15   2917.43 0 
  2930.31 5.3119e-15   2937.65 0 
  2950.62 5.1991e-15   2958.01 0 
  2971.07 5.1358e-15   2978.52 0 
  2991.67 5.0501e-15   2999.16 0 
  3012.41 4.9658e-15   3019.95 0 
  3033.29 4.8830e-15   3040.89 0 
  3047.29 4.8065e-15   3054.92 0 
  3068.41 4.7264e-15   3076.10 0 
  3089.68 4.6478e-15   3097.42 0 
  3111.10 4.5810e-15   3118.89 0 
  3132.66 4.4945e-15   3140.51 0 
  3147.12 4.4242e-15   3155.01 0 
  3168.94 4.3507e-15   3176.87 0 
  3190.90 4.2589e-15   3198.90 0 
  3213.02 4.2077e-15   3221.07 0 
  3227.85 4.1419e-15   3235.94 0 
  3250.23 4.1016e-15   3258.37 0 
  3272.75 4.0337e-15   3280.95 0 
  3287.86 3.9800e-15   3296.10 0 
  3310.65 3.9232e-15   3318.94 0 
  3318.28 4.0479e-15   3326.60 0 
  3325.93 4.0721e-15   3334.26 0 
  3333.60 4.0124e-15   3341.95 0 
  3341.29 3.8726e-15   3349.66 0 
  3348.99 4.0513e-15   3357.38 0 
  3356.71 3.8387e-15   3365.12 0 
  3364.45 3.8262e-15   3372.87 0 
  3372.20 3.7356e-15   3380.65 0 
  3379.97 3.7667e-15   3388.44 0 
  3387.77 3.8419e-15   3396.25 0 
  3395.58 3.8739e-15   3404.08 0 
  3403.40 3.7131e-15   3411.93 0 
  3411.25 3.7097e-15   3419.79 0 
  3419.11 3.7751e-15   3427.68 0 
  3426.99 3.7890e-15   3435.58 0 
  3434.89 3.8030e-15   3443.50 0 
  3442.81 3.7387e-15   3451.44 0 
  3450.75 3.6925e-15   3459.39 0 
  3458.70 3.5885e-15   3467.37 0 
  3466.68 3.6435e-15   3475.36 0 
  3474.67 3.5985e-15   3483.37 0 
  3482.68 3.4891e-15   3491.40 0 
  3490.71 3.6084e-15   3499.45 0 
  3498.75 3.5968e-15   3507.52 0 
  3506.82 3.5198e-15   3515.60 0 
  3514.90 3.4684e-15   3523.71 0 
  3523.01 3.5134e-15   3531.83 0 
  3531.13 3.4941e-15   3539.97 0 
  3539.27 3.5151e-15   3548.13 0 
  3547.43 3.5444e-15   3556.31 0 
  3555.60 3.5249e-15   3564.51 0 
  3563.80 3.4974e-15   3572.73 0 
  3572.02 3.4702e-15   3580.96 0 
  3580.25 3.3340e-15   3589.22 0 
  3588.50 3.2928e-15   3597.49 0 
  3596.78 3.3127e-15   3605.79 0 
  3605.07 3.3557e-15   3614.10 0 
  3613.38 3.3450e-15   3622.43 0 
  3621.71 3.3574e-15   3630.78 0 
  3630.06 3.4168e-15   3639.15 0 
  3638.43 3.3514e-15   3647.54 0 
  3646.81 3.3177e-15   3655.95 0 
  3655.22 3.2995e-15   3664.37 0 
  3663.65 3.2890e-15   3672.82 0 
  3672.09 3.2559e-15   3681.29 0 
  3680.56 3.2232e-15   3689.78 0 
  3683.44 2.9368e-15   3692.67 1 
  3686.19 3.2609e-15   3695.42 1 
  3688.93 2.4630e-15   3698.17 1 
  3691.67 2.4738e-15   3700.92 1 
  3694.42 2.8341e-15   3703.67 1 
  3697.16 2.5569e-15   3706.42 1 
  3699.90 3.2194e-15   3709.17 1 
  3702.64 2.7891e-15   3711.92 1 
  3705.39 3.0988e-15   3714.67 1 
  3708.13 2.9442e-15   3717.42 1 
  3710.87 2.9810e-15   3720.17 1 
  3713.62 2.6588e-15   3722.92 1 
  3716.36 3.3443e-15   3725.67 1 
  3719.10 5.0543e-15   3728.42 1 
  3721.85 7.9917e-15   3731.17 1 
  3724.59 1.0345e-14   3733.92 1 
  3727.33 9.1476e-15   3736.67 1 
  3730.08 7.1188e-15   3739.42 1 
  3732.82 4.3556e-15   3742.17 1 
  3735.56 3.3651e-15   3744.92 1 
  3738.31 3.4312e-15   3747.67 1 
  3741.05 2.8673e-15   3750.42 1 
  3743.79 2.7912e-15   3753.17 1 
  3746.53 2.9519e-15   3755.92 1 
  3749.28 3.6027e-15   3758.67 1 
  3752.02 3.3131e-15   3761.42 1 
  3754.76 2.4727e-15   3764.17 1 
  3757.51 2.4250e-15   3766.92 1 
  3760.25 2.6874e-15   3769.67 1 
  3762.99 2.6877e-15   3772.42 1 
  3765.74 2.6001e-15   3775.17 1 
  3768.48 3.1097e-15   3777.92 1 
  3771.22 3.0592e-15   3780.67 1 
  3773.97 3.0147e-15   3783.42 1 
  3776.71 2.7814e-15   3786.17 1 
  3779.45 2.6450e-15   3788.92 1 
  3782.20 2.6843e-15   3791.67 1 
  3784.94 3.0934e-15   3794.42 1 
  3787.68 2.6077e-15   3797.17 1 
  3790.42 2.6104e-15   3799.92 1 
  3793.17 3.5867e-15   3802.67 1 
  3795.91 3.7611e-15   3805.42 1 
  3798.65 3.2123e-15   3808.17 1 
  3801.40 2.5656e-15   3810.92 1 
  3804.14 2.6875e-15   3813.67 1 
  3806.88 2.5552e-15   3816.42 1 
  3809.63 2.5222e-15   3819.17 1 
  3812.37 2.8116e-15   3821.92 1 
  3815.11 2.8599e-15   3824.67 1 
  3817.86 2.8529e-15   3827.42 1 
  3820.60 2.8046e-15   3830.17 1 
  3823.34 2.2224e-15   3832.92 1 
  3826.09 3.2214e-15   3835.67 1 
  3828.83 3.8569e-15   3838.42 1 
  3831.57 3.7423e-15   3841.17 1 
  3834.31 3.7463e-15   3843.92 1 
  3837.06 3.2741e-15   3846.67 1 
  3839.80 2.4989e-15   3849.42 1 
  3842.54 2.4104e-15   3852.17 1 
  3845.29 3.2173e-15   3854.92 1 
  3848.03 2.8117e-15   3857.67 1 
  3850.77 2.6996e-15   3860.42 1 
  3853.52 3.1096e-15   3863.17 1 
  3856.26 3.1943e-15   3865.92 1 
  3859.00 3.1397e-15   3868.67 1 
  3861.75 4.2590e-15   3871.42 1 
  3864.49 5.3232e-15   3874.17 1 
  3867.23 5.3226e-15   3876.92 1 
  3869.98 4.3974e-15   3879.67 1 
  3872.72 3.4360e-15   3882.42 1 
  3875.46 2.9902e-15   3885.17 1 
  3878.21 3.0894e-15   3887.92 1 
  3880.95 4.0700e-15   3890.67 1 
  3883.69 5.2832e-15   3893.42 1 
  3886.43 6.4093e-15   3896.17 1 
  3889.18 5.3727e-15   3898.92 1 
  3891.92 3.4714e-15   3901.67 1 
  3894.66 2.6191e-15   3904.42 1 
  3897.41 2.6338e-15   3907.17 1 
  3900.15 2.4565e-15   3909.92 1 
  3902.89 2.7986e-15   3912.67 1 
  3905.64 2.7340e-15   3915.42 1 
  3908.38 2.6248e-15   3918.17 1 
  3911.12 2.8010e-15   3920.92 1 
  3913.87 2.6751e-15   3923.67 1 
  3916.61 2.6390e-15   3926.42 1 
  3919.35 2.5555e-15   3929.17 1 
  3922.10 2.5697e-15   3931.92 1 
  3924.84 2.4495e-15   3934.67 1 
  3927.58 2.4687e-15   3937.42 1 
  3930.32 2.7918e-15   3940.17 1 
  3933.07 2.3954e-15   3942.92 1 
  3935.81 2.9497e-15   3945.67 1 
  3938.55 2.5222e-15   3948.42 1 
  3941.30 2.4143e-15   3951.17 1 
  3944.04 2.5036e-15   3953.92 1 
  3946.78 2.6855e-15   3956.67 1 
  3949.53 2.6667e-15   3959.42 1 
  3952.27 2.6294e-15   3962.17 1 
  3955.01 2.2925e-15   3964.92 1 
  3957.76 2.6499e-15   3967.67 1 
  3960.50 3.4969e-15   3970.42 1 
  3963.24 4.5729e-15   3973.17 1 
  3965.99 5.7511e-15   3975.92 1 
  3968.73 5.4474e-15   3978.67 1 
  3971.47 4.6405e-15   3981.42 1 
  3974.21 3.0699e-15   3984.17 1 
  3976.96 2.6909e-15   3986.92 1 
  3979.70 2.5530e-15   3989.67 1 
  3982.44 2.4202e-15   3992.42 1 
  3985.19 2.4315e-15   3995.17 1 
  3987.93 2.7053e-15   3997.92 1 
  3990.67 2.4633e-15   4000.67 1 
  3993.42 2.5346e-15   4003.42 1 
  3996.16 2.5654e-15   4006.17 1 
  3998.90 2.4336e-15   4008.92 1 
  4001.65 2.1243e-15   4011.67 1 
  4004.39 2.3754e-15   4014.42 1 
  4007.13 2.5221e-15   4017.17 1 
  4009.88 2.3135e-15   4019.92 1 
  4012.62 2.3438e-15   4022.67 1 
  4015.36 2.1990e-15   4025.42 1 
  4018.10 2.4606e-15   4028.17 1 
  4020.85 2.7156e-15   4030.92 1 
  4023.59 2.6303e-15   4033.67 1 
  4026.33 2.6155e-15   4036.42 1 
  4029.08 2.5786e-15   4039.17 1 
  4031.82 2.5254e-15   4041.92 1 
  4034.56 2.2040e-15   4044.67 1 
  4037.31 2.4433e-15   4047.42 1 
  4040.05 2.3549e-15   4050.17 1 
  4042.79 2.1192e-15   4052.92 1 
  4045.54 2.1647e-15   4055.67 1 
  4048.28 2.2655e-15   4058.42 1 
  4051.02 2.3533e-15   4061.17 1 
  4053.77 2.3199e-15   4063.92 1 
  4056.51 2.8227e-15   4066.67 1 
  4059.25 2.3360e-15   4069.42 1 
  4061.99 2.4456e-15   4072.17 1 
  4064.74 2.5538e-15   4074.92 1 
  4067.48 2.2210e-15   4077.67 1 
  4070.22 2.3721e-15   4080.42 1 
  4072.97 2.4212e-15   4083.17 1 
  4075.71 2.4397e-15   4085.92 1 
  4078.45 2.3473e-15   4088.67 1 
  4081.20 2.3855e-15   4091.42 1 
  4083.94 2.1966e-15   4094.17 1 
  4086.68 2.4206e-15   4096.92 1 
  4089.43 2.5029e-15   4099.67 1 
  4092.17 2.9560e-15   4102.42 1 
  4094.91 4.2119e-15   4105.17 1 
  4097.66 6.1986e-15   4107.92 1 
  4100.40 6.5514e-15   4110.67 1 
  4103.14 5.2981e-15   4113.42 1 
  4105.88 3.4068e-15   4116.17 1 
  4108.63 2.6864e-15   4118.92 1 
  4111.37 2.4849e-15   4121.67 1 
  4114.11 2.3992e-15   4124.42 1 
  4116.86 2.1331e-15   4127.17 1 
  4119.60 2.2927e-15   4129.92 1 
  4122.34 2.0431e-15   4132.67 1 
  4125.09 2.0289e-15   4135.42 1 
  4127.83 2.1464e-15   4138.17 1 
  4130.57 2.2799e-15   4140.92 1 
  4133.32 2.3716e-15   4143.67 1 
  4136.06 2.3247e-15   4146.42 1 
  4138.80 2.1645e-15   4149.17 1 
  4141.55 2.1736e-15   4151.92 1 
  4144.29 2.3553e-15   4154.67 1 
  4147.03 2.1783e-15   4157.42 1 
  4149.77 2.3428e-15   4160.17 1 
  4152.52 2.2189e-15   4162.92 1 
  4155.26 2.1852e-15   4165.67 1 
  4158.00 2.2802e-15   4168.42 1 
  4160.75 2.0060e-15   4171.17 1 
  4163.49 2.0606e-15   4173.92 1 
  4166.23 2.1416e-15   4176.67 1 
  4168.98 2.3010e-15   4179.42 1 
  4171.72 2.0802e-15   4182.17 1 
  4174.46 1.9942e-15   4184.92 1 
  4177.21 2.0251e-15   4187.67 1 
  4179.95 2.3033e-15   4190.42 1 
  4182.69 2.3639e-15   4193.17 1 
  4185.44 2.5291e-15   4195.92 1 
  4188.18 2.5512e-15   4198.67 1 
  4190.92 2.4650e-15   4201.42 1 
  4193.66 2.2342e-15   4204.17 1 
  4196.41 2.1459e-15   4206.92 1 
  4199.15 2.1597e-15   4209.67 1 
  4201.89 2.4096e-15   4212.42 1 
  4204.64 2.2101e-15   4215.17 1 
  4207.38 2.1865e-15   4217.92 1 
  4210.12 2.1654e-15   4220.67 1 
  4212.87 2.0057e-15   4223.42 1 
  4215.61 2.1553e-15   4226.17 1 
  4218.35 2.1566e-15   4228.92 1 
  4221.10 2.0715e-15   4231.67 1 
  4223.84 1.9810e-15   4234.42 1 
  4226.58 1.9429e-15   4237.17 1 
  4229.33 2.0250e-15   4239.92 1 
  4232.07 2.1850e-15   4242.67 1 
  4234.81 2.0486e-15   4245.42 1 
  4237.55 1.8926e-15   4248.17 1 
  4240.30 2.0301e-15   4250.92 1 
  4243.04 2.0454e-15   4253.67 1 
  4245.78 2.0413e-15   4256.42 1 
  4248.53 2.0588e-15   4259.17 1 
  4251.27 2.0250e-15   4261.92 1 
  4254.01 1.8247e-15   4264.67 1 
  4256.76 1.9638e-15   4267.42 1 
  4259.50 2.1336e-15   4270.17 1 
  4262.24 2.1501e-15   4272.92 1 
  4264.99 1.8433e-15   4275.67 1 
  4267.73 1.9282e-15   4278.42 1 
  4270.47 2.0110e-15   4281.17 1 
  4273.22 1.9734e-15   4283.92 1 
  4275.96 2.0255e-15   4286.67 1 
  4278.70 2.0093e-15   4289.42 1 
  4281.44 2.0362e-15   4292.17 1 
  4284.19 2.3444e-15   4294.92 1 
  4286.93 1.9778e-15   4297.67 1 
  4289.67 1.8832e-15   4300.42 1 
  4292.42 1.9710e-15   4303.17 1 
  4295.16 1.9754e-15   4305.92 1 
  4297.90 2.0454e-15   4308.67 1 
  4300.65 1.9644e-15   4311.42 1 
  4303.39 2.0274e-15   4314.17 1 
  4306.13 1.8296e-15   4316.92 1 
  4308.88 1.9191e-15   4319.67 1 
  4311.62 1.9427e-15   4322.42 1 
  4314.36 1.9664e-15   4325.17 1 
  4317.11 1.7937e-15   4327.92 1 
  4319.85 1.8342e-15   4330.67 1 
  4322.59 2.0931e-15   4333.42 1 
  4325.33 2.0141e-15   4336.17 1 
  4328.08 2.1358e-15   4338.92 1 
  4330.82 2.8071e-15   4341.67 1 
  4333.56 5.3613e-15   4344.42 1 
  4336.31 9.5007e-15   4347.17 1 
  4339.05 1.0635e-14   4349.92 1 
  4341.79 8.5017e-15   4352.67 1 
  4344.54 4.4557e-15   4355.42 1 
  4347.28 2.7847e-15   4358.17 1 
  4350.02 2.2185e-15   4360.92 1 
  4352.77 2.1506e-15   4363.67 1 
  4355.51 2.3753e-15   4366.42 1 
  4358.25 2.7908e-15   4369.17 1 
  4361.00 2.9074e-15   4371.92 1 
  4363.74 2.5821e-15   4374.67 1 
  4366.48 2.3569e-15   4377.42 1 
  4369.23 2.3879e-15   4380.17 1 
  4371.97 2.0004e-15   4382.92 1 
  4374.71 1.9139e-15   4385.67 1 
  4377.45 1.9130e-15   4388.42 1 
  4380.20 1.7169e-15   4391.17 1 
  4382.94 1.9741e-15   4393.92 1 
  4385.68 1.8709e-15   4396.67 1 
  4388.43 1.7685e-15   4399.42 1 
  4391.17 1.8066e-15   4402.17 1 
  4393.91 1.6764e-15   4404.92 1 
  4396.66 1.8436e-15   4407.67 1 
  4399.40 1.8719e-15   4410.42 1 
  4402.14 2.0178e-15   4413.17 1 
  4404.89 1.8740e-15   4415.92 1 
  4407.63 1.9464e-15   4418.67 1 
  4410.37 1.6992e-15   4421.42 1 
  4413.12 1.8653e-15   4424.17 1 
  4415.86 1.8427e-15   4426.92 1 
  4418.60 1.9958e-15   4429.67 1 
  4421.34 1.7988e-15   4432.42 1 
  4424.09 1.8538e-15   4435.17 1 
  4426.83 1.8675e-15   4437.92 1 
  4429.57 1.7225e-15   4440.67 1 
  4432.32 1.9018e-15   4443.42 1 
  4435.06 1.9024e-15   4446.17 1 
  4437.80 1.8964e-15   4448.92 1 
  4440.55 1.8617e-15   4451.67 1 
  4443.29 1.9817e-15   4454.42 1 
  4446.03 1.9429e-15   4457.17 1 
  4448.78 1.7639e-15   4459.92 1 
  4451.52 1.8529e-15   4462.67 1 
  4454.26 1.8364e-15   4465.42 1 
  4457.01 1.8523e-15   4468.17 1 
  4459.75 1.7810e-15   4470.92 1 
  4462.49 1.8119e-15   4473.67 1 
  4465.23 2.0947e-15   4476.42 1 
  4467.98 2.3818e-15   4479.17 1 
  4470.72 2.3959e-15   4481.92 1 
  4473.46 2.0669e-15   4484.67 1 
  4476.21 1.8507e-15   4487.42 1 
  4478.95 1.9631e-15   4490.17 1 
  4481.69 1.8157e-15   4492.92 1 
  4484.44 1.7803e-15   4495.67 1 
  4487.18 1.7422e-15   4498.42 1 
  4489.92 1.7472e-15   4501.17 1 
  4492.67 1.7658e-15   4503.92 1 
  4495.41 1.7870e-15   4506.67 1 
  4498.15 1.7146e-15   4509.42 1 
  4500.90 1.8835e-15   4512.17 1 
  4503.64 1.7830e-15   4514.92 1 
  4506.38 1.7521e-15   4517.67 1 
  4509.12 1.7770e-15   4520.42 1 
  4511.87 1.7172e-15   4523.17 1 
  4514.61 1.7789e-15   4525.92 1 
  4517.35 1.8458e-15   4528.67 1 
  4520.10 1.8074e-15   4531.42 1 
  4522.84 1.7481e-15   4534.17 1 
  4525.58 1.4922e-15   4536.92 1 
  4528.33 1.7199e-15   4539.67 1 
  4531.07 1.7474e-15   4542.42 1 
  4533.81 1.8627e-15   4545.17 1 
  4536.56 1.9700e-15   4547.92 1 
  4539.30 1.8519e-15   4550.67 1 
  4542.04 1.6651e-15   4553.42 1 
  4544.79 1.6793e-15   4556.17 1 
  4547.53 1.9131e-15   4558.92 1 
  4550.27 1.7984e-15   4561.67 1 
  4553.01 1.6698e-15   4564.42 1 
  4555.76 1.6397e-15   4567.17 1 
  4558.50 1.6321e-15   4569.92 1 
  4561.24 1.5579e-15   4572.67 1 
  4563.99 1.7704e-15   4575.42 1 
  4566.73 1.7811e-15   4578.17 1 
  4569.47 1.6650e-15   4580.92 1 
  4572.22 1.8791e-15   4583.67 1 
  4574.96 1.7303e-15   4586.42 1 
  4577.70 1.6209e-15   4589.17 1 
  4580.45 1.6965e-15   4591.92 1 
  4583.19 1.7083e-15   4594.67 1 
  4585.93 1.7069e-15   4597.42 1 
  4588.68 1.7562e-15   4600.17 1 
  4591.42 1.7113e-15   4602.92 1 
  4594.16 1.6516e-15   4605.67 1 
  4596.90 1.7156e-15   4608.42 1 
  4599.65 1.6668e-15   4611.17 1 
  4602.39 1.6904e-15   4613.92 1 
  4605.13 1.6488e-15   4616.67 1 
  4607.88 1.6250e-15   4619.42 1 
  4610.62 1.5857e-15   4622.17 1 
  4613.36 1.7239e-15   4624.92 1 
  4616.11 1.7317e-15   4627.67 1 
  4618.85 1.7790e-15   4630.42 1 
  4621.59 1.8199e-15   4633.17 1 
  4624.34 1.6363e-15   4635.92 1 
  4627.08 1.5642e-15   4638.67 1 
  4629.82 1.7048e-15   4641.42 1 
  4632.57 1.6592e-15   4644.17 1 
  4635.31 1.6584e-15   4646.92 1 
  4638.05 1.5795e-15   4649.67 1 
  4640.79 1.6409e-15   4652.42 1 
  4643.54 1.5894e-15   4655.17 1 
  4646.28 1.6603e-15   4657.92 1 
  4649.02 1.6284e-15   4660.67 1 
  4651.77 1.6861e-15   4663.42 1 
  4654.51 1.7511e-15   4666.17 1 
  4657.25 1.6964e-15   4668.92 1 
  4660.00 1.7758e-15   4671.67 1 
  4662.74 1.7621e-15   4674.42 1 
  4665.48 1.6266e-15   4677.17 1 
  4668.23 1.5531e-15   4679.92 1 
  4670.97 1.6332e-15   4682.67 1 
  4673.71 1.5684e-15   4685.42 1 
  4676.46 1.5778e-15   4688.17 1 
  4679.20 1.8164e-15   4690.92 1 
  4681.94 1.9077e-15   4693.67 1 
  4684.68 2.0289e-15   4696.42 1 
  4687.43 1.8567e-15   4699.17 1 
  4690.17 1.7438e-15   4701.92 1 
  4692.91 1.7182e-15   4704.67 1 
  4695.66 1.6246e-15   4707.42 1 
  4698.40 1.6681e-15   4710.17 1 
  4701.14 1.7247e-15   4712.92 1 
  4703.89 1.6275e-15   4715.67 1 
  4706.63 1.6165e-15   4718.42 1 
  4709.37 1.7054e-15   4721.17 1 
  4712.12 1.6801e-15   4723.92 1 
  4714.86 1.6818e-15   4726.67 1 
  4717.60 1.4236e-15   4729.42 1 
  4720.35 1.6487e-15   4732.17 1 
  4723.09 1.5600e-15   4734.92 1 
  4725.83 1.4271e-15   4737.67 1 
  4728.57 1.5525e-15   4740.42 1 
  4731.32 1.6353e-15   4743.17 1 
  4734.06 1.6661e-15   4745.92 1 
  4736.80 1.6626e-15   4748.67 1 
  4739.55 1.6185e-15   4751.42 1 
  4742.29 1.4599e-15   4754.17 1 
  4745.03 1.5692e-15   4756.92 1 
  4747.78 1.6488e-15   4759.67 1 
  4750.52 1.5460e-15   4762.42 1 
  4753.26 1.4266e-15   4765.17 1 
  4756.01 1.5865e-15   4767.92 1 
  4758.75 1.5612e-15   4770.67 1 
  4761.49 1.5430e-15   4773.42 1 
  4764.24 1.5268e-15   4776.17 1 
  4766.98 1.5090e-15   4778.92 1 
  4769.72 1.4053e-15   4781.67 1 
  4772.46 1.6156e-15   4784.42 1 
  4775.21 1.4916e-15   4787.17 1 
  4777.95 1.6244e-15   4789.92 1 
  4780.69 1.5103e-15   4792.67 1 
  4783.44 1.4206e-15   4795.42 1 
  4786.18 1.3608e-15   4798.17 1 
  4788.92 1.5431e-15   4800.92 1 
  4791.67 1.4239e-15   4803.67 1 
  4794.41 1.3870e-15   4806.42 1 
  4797.15 1.5060e-15   4809.17 1 
  4799.90 1.4558e-15   4811.92 1 
  4802.64 1.4158e-15   4814.67 1 
  4805.38 1.4963e-15   4817.42 1 
  4808.13 1.4490e-15   4820.17 1 
  4810.87 1.3453e-15   4822.92 1 
  4813.61 1.4961e-15   4825.67 1 
  4816.35 1.4130e-15   4828.42 1 
  4819.10 1.4876e-15   4831.17 1 
  4821.84 1.4606e-15   4833.92 1 
  4824.58 1.4846e-15   4836.67 1 
  4827.33 1.4568e-15   4839.42 1 
  4830.07 1.4960e-15   4842.17 1 
  4832.81 1.4905e-15   4844.92 1 
  4835.56 1.5165e-15   4847.67 1 
  4838.30 1.5460e-15   4850.42 1 
  4841.04 1.4736e-15   4853.17 1 
  4843.79 1.4378e-15   4855.92 1 
  4846.53 1.6297e-15   4858.67 1 
  4849.27 2.0806e-15   4861.42 1 
  4852.02 4.0010e-15   4864.17 1 
  4854.76 1.0098e-14   4866.92 1 
  4857.50 1.8363e-14   4869.67 1 
  4860.25 2.0784e-14   4872.42 1 
  4862.99 1.4728e-14   4875.17 1 
  4865.73 7.1908e-15   4877.92 1 
  4868.47 3.0341e-15   4880.67 1 
  4871.22 1.7738e-15   4883.42 1 
  4873.96 1.5999e-15   4886.17 1 
  4876.70 1.5648e-15   4888.92 1 
  4879.45 1.4623e-15   4891.67 1 
  4882.19 1.4711e-15   4894.42 1 
  4884.93 1.4071e-15   4897.17 1 
  4887.68 1.4369e-15   4899.92 1 
  4890.42 1.4212e-15   4902.67 1 
  4893.16 1.3503e-15   4905.42 1 
  4895.91 1.3976e-15   4908.17 1 
  4898.65 1.4444e-15   4910.92 1 
  4901.39 1.5038e-15   4913.67 1 
  4904.14 1.4013e-15   4916.42 1 
  4906.88 1.5348e-15   4919.17 1 
  4909.62 1.5466e-15   4921.92 1 
  4912.36 1.5098e-15   4924.67 1 
  4915.11 1.3233e-15   4927.42 1 
  4917.85 1.6822e-15   4930.17 1 
  4920.59 1.6169e-15   4932.92 1 
  4923.34 1.4096e-15   4935.67 1 
  4926.08 1.5043e-15   4938.42 1 
  4928.82 1.4011e-15   4941.17 1 
  4931.57 1.3762e-15   4943.92 1 
  4934.31 1.2746e-15   4946.67 1 
  4937.05 1.3682e-15   4949.42 1 
  4939.80 1.4496e-15   4952.17 1 
  4942.54 1.3512e-15   4954.92 1 
  4945.28 1.4924e-15   4957.67 1 
  4948.03 1.7825e-15   4960.42 1 
  4950.77 3.9624e-15   4963.17 1 
  4953.51 8.2559e-15   4965.92 1 
  4956.25 1.2663e-14   4968.67 1 
  4959.00 1.1974e-14   4971.42 1 
  4961.74 7.0594e-15   4974.17 1 
  4964.48 3.3857e-15   4976.92 1 
  4967.23 2.0230e-15   4979.67 1 
  4969.97 1.5866e-15   4982.42 1 
  4972.71 1.4486e-15   4985.17 1 
  4975.46 1.3404e-15   4987.92 1 
  4978.20 1.4503e-15   4990.67 1 
  4980.94 1.4737e-15   4993.42 1 
  4983.69 1.6287e-15   4996.17 1 
  4986.43 1.6327e-15   4998.92 1 
  4989.17 1.6885e-15   5001.67 1 
  4991.92 1.6413e-15   5004.42 1 
  4994.66 2.3927e-15   5007.17 1 
  4997.40 5.1529e-15   5009.92 1 
  5000.14 1.5112e-14   5012.67 1 
  5002.89 3.0646e-14   5015.42 1 
  5005.63 3.6708e-14   5018.17 1 
  5008.37 2.6569e-14   5020.92 1 
  5011.12 1.1834e-14   5023.67 1 
  5013.86 4.3845e-15   5026.42 1 
  5016.60 2.4460e-15   5029.17 1 
  5019.35 1.7321e-15   5031.92 1 
  5022.09 1.4668e-15   5034.67 1 
  5024.83 1.4105e-15   5037.42 1 
  5027.58 1.3105e-15   5040.17 1 
  5030.32 1.3626e-15   5042.92 1 
  5033.06 1.4893e-15   5045.67 1 
  5035.81 1.5078e-15   5048.42 1 
  5038.55 1.3400e-15   5051.17 1 
  5041.29 1.3667e-15   5053.92 1 
  5044.03 1.3523e-15   5056.67 1 
  5046.78 1.2297e-15   5059.42 1 
  5049.52 1.3787e-15   5062.17 1 
  5052.26 1.3186e-15   5064.92 1 
  5055.01 1.3059e-15   5067.67 1 
  5057.75 1.3604e-15   5070.42 1 
  5060.49 1.3531e-15   5073.17 1 
  5063.24 1.3438e-15   5075.92 1 
  5065.98 1.3787e-15   5078.67 1 
  5068.72 1.1896e-15   5081.42 1 
  5071.47 1.3408e-15   5084.17 1 
  5074.21 1.2686e-15   5086.92 1 
  5076.95 1.3680e-15   5089.67 1 
  5079.70 1.4529e-15   5092.42 1 
  5082.44 1.4423e-15   5095.17 1 
  5085.18 1.4182e-15   5097.92 1 
  5087.92 1.1938e-15   5100.67 1 
  5090.67 1.2213e-15   5103.42 1 
  5093.41 1.3167e-15   5106.17 1 
  5096.15 1.3464e-15   5108.92 1 
  5098.90 1.3258e-15   5111.67 1 
  5101.64 1.2302e-15   5114.42 1 
  5104.38 1.1605e-15   5117.17 1 
  5107.13 1.3132e-15   5119.92 1 
  5109.87 1.3123e-15   5122.67 1 
  5112.61 1.0801e-15   5125.42 1 
  5115.36 1.3342e-15   5128.17 1 
  5118.10 1.3704e-15   5130.92 1 
  5120.84 1.2683e-15   5133.67 1 
  5123.59 1.2850e-15   5136.42 1 
  5126.33 1.3626e-15   5139.17 1 
  5129.07 1.3102e-15   5141.92 1 
  5131.81 1.2650e-15   5144.67 1 
  5134.56 1.2245e-15   5147.42 1 
  5137.30 1.1659e-15   5150.17 1 
  5140.04 1.1356e-15   5152.92 1 
  5142.79 1.1203e-15   5155.67 1 
  5145.53 1.1202e-15   5158.42 1 
  5148.27 1.2744e-15   5161.17 1 
  5151.02 1.3827e-15   5163.92 1 
  5153.76 1.2015e-15   5166.67 1 
  5156.50 1.3712e-15   5169.42 1 
  5159.25 1.1769e-15   5172.17 1 
  5161.99 1.1690e-15   5174.92 1 
  5164.73 1.1993e-15   5177.67 1 
  5167.48 1.2777e-15   5180.42 1 
  5170.22 1.3353e-15   5183.17 1 
  5172.96 1.2232e-15   5185.92 1 
  5175.70 1.1725e-15   5188.67 1 
  5178.45 1.2273e-15   5191.42 1 
  5181.19 1.2567e-15   5194.17 1 
  5183.93 1.1677e-15   5196.92 1 
  5186.68 1.0643e-15   5199.67 1 
  5189.42 1.1827e-15   5202.42 1 
  5192.16 1.1499e-15   5205.17 1 
  5194.91 1.1431e-15   5207.92 1 
  5197.65 1.1250e-15   5210.67 1 
  5200.39 1.2881e-15   5213.42 1 
  5203.14 1.3132e-15   5216.17 1 
  5205.88 1.1725e-15   5218.92 1 
  5208.62 1.1910e-15   5221.67 1 
  5211.37 1.2756e-15   5224.42 1 
  5214.11 1.1681e-15   5227.17 1 
  5216.85 1.1514e-15   5229.92 1 
  5219.59 1.1424e-15   5232.67 1 
  5222.34 1.3334e-15   5235.42 1 
  5225.08 1.1059e-15   5238.17 1 
  5227.82 1.1731e-15   5240.92 1 
  5230.57 1.2369e-15   5243.67 1 
  5233.31 1.2868e-15   5246.42 1 
  5236.05 1.1051e-15   5249.17 1 
  5238.80 9.9718e-16   5251.92 1 
  5241.54 1.0264e-15   5254.67 1 
  5244.28 1.1224e-15   5257.42 1 
  5247.03 1.3365e-15   5260.17 1 
  5249.77 1.2222e-15   5262.92 1 
  5252.51 1.2968e-15   5265.67 1 
  5255.26 1.2016e-15   5268.42 1 
  5258.00 1.2472e-15   5271.17 1 
  5260.74 1.1122e-15   5273.92 1 
  5263.48 1.1746e-15   5276.67 1 
  5266.23 1.2709e-15   5279.42 1 
  5268.97 1.2967e-15   5282.17 1 
  5271.71 1.2717e-15   5284.92 1 
  5274.46 1.0374e-15   5287.67 1 
  5277.20 1.0753e-15   5290.42 1 
  5279.94 1.1212e-15   5293.17 1 
  5282.69 1.0971e-15   5295.92 1 
  5285.43 1.1802e-15   5298.67 1 
  5288.17 1.1822e-15   5301.42 1 
  5290.92 1.2282e-15   5304.17 1 
  5293.66 1.3169e-15   5306.92 1 
  5296.40 1.4551e-15   5309.67 1 
  5299.15 1.4503e-15   5312.42 1 
  5301.89 1.3841e-15   5315.17 1 
  5304.63 1.2140e-15   5317.92 1 
  5307.37 1.3307e-15   5320.67 1 
  5310.12 1.1706e-15   5323.42 1 
  5312.86 1.2757e-15   5326.17 1 
  5315.60 9.7949e-16   5328.92 1 
  5318.35 1.2156e-15   5331.67 1 
  5321.09 1.1921e-15   5334.42 1 
  5323.83 1.0510e-15   5337.17 1 
  5326.58 1.1392e-15   5339.92 1 
  5329.32 1.1741e-15   5342.67 1 
  5332.06 1.2030e-15   5345.42 1 
  5334.81 1.1270e-15   5348.17 1 
  5337.55 1.1096e-15   5350.92 1 
  5340.29 9.5538e-16   5353.67 1 
  5343.04 1.0846e-15   5356.42 1 
  5345.78 1.1404e-15   5359.17 1 
  5348.52 1.2857e-15   5361.92 1 
  5351.27 1.2308e-15   5364.67 1 
  5354.01 1.1539e-15   5367.42 1 
  5356.75 1.2417e-15   5370.17 1 
  5359.49 1.2108e-15   5372.92 1 
  5362.24 1.0633e-15   5375.67 1 
  5364.98 1.0876e-15   5378.42 1 
  5367.72 1.1597e-15   5381.17 1 
  5370.47 1.1060e-15   5383.92 1 
  5373.21 1.1318e-15   5386.67 1 
  5375.95 1.1751e-15   5389.42 1 
  5378.70 1.1923e-15   5392.17 1 
  5381.44 1.1487e-15   5394.92 1 
  5384.18 1.1072e-15   5397.67 1 
  5386.93 1.1364e-15   5400.42 1 
  5389.67 1.0359e-15   5403.17 1 
  5392.41 1.1171e-15   5405.92 1 
  5395.16 1.1644e-15   5408.67 1 
  5397.90 1.0950e-15   5411.42 1 
  5400.64 1.0670e-15   5414.17 1 
  5403.38 1.1403e-15   5416.92 1 
  5406.13 1.1353e-15   5419.67 1 
  5408.87 9.6865e-16   5422.42 1 
  5411.61 1.0415e-15   5425.17 1 
  5414.36 1.0623e-15   5427.92 1 
  5417.10 1.0451e-15   5430.67 1 
  5419.84 1.0750e-15   5433.42 1 
  5422.59 9.8246e-16   5436.17 1 
  5425.33 1.0242e-15   5438.92 1 
  5428.07 9.2914e-16   5441.67 1 
  5430.82 1.0422e-15   5444.42 1 
  5433.56 1.1196e-15   5447.17 1 
  5436.30 1.0001e-15   5449.92 1 
  5439.05 9.6881e-16   5452.67 1 
  5441.79 9.4652e-16   5455.42 1 
  5444.53 8.5123e-16   5458.17 1 
  5447.27 1.0317e-15   5460.92 1 
  5450.02 8.8353e-16   5463.67 1 
  5452.76 9.9767e-16   5466.42 1 
  5455.50 1.1534e-15   5469.17 1 
  5458.25 1.1329e-15   5471.92 1 
  5460.99 1.0717e-15   5474.67 1 
  5463.73 1.1321e-15   5477.42 1 
  5466.48 1.0793e-15   5480.17 1 
  5469.22 9.6383e-16   5482.92 1 
  5471.96 1.1271e-15   5485.67 1 
  5474.71 1.0724e-15   5488.42 1 
  5477.45 1.0674e-15   5491.17 1 
  5480.19 1.0090e-15   5493.92 1 
  5482.94 1.1710e-15   5496.67 1 
  5485.68 1.1486e-15   5499.42 1 
  5488.42 1.0580e-15   5502.17 1 
  5491.16 1.1147e-15   5504.92 1 
  5493.91 1.1047e-15   5507.67 1 
  5496.65 9.3788e-16   5510.42 1 
  5499.39 1.1494e-15   5513.17 1 
  5502.14 1.1209e-15   5515.92 1 
  5504.88 9.1273e-16   5518.67 1 
  5507.62 8.7715e-16   5521.42 1 
  5510.37 1.1542e-15   5524.17 1 
  5513.11 1.0904e-15   5526.92 1 
  5515.85 1.1261e-15   5529.67 1 
  5518.60 1.1821e-15   5532.42 1 
  5521.34 1.0893e-15   5535.17 1 
  5524.08 1.0305e-15   5537.92 1 
  5526.83 1.0622e-15   5540.67 1 
  5529.57 9.8989e-16   5543.42 1 
  5532.31 1.1371e-15   5546.17 1 
  5535.05 1.2224e-15   5548.92 1 
  5537.80 9.6861e-16   5551.67 1 
  5540.54 9.8356e-16   5554.42 1 
  5543.28 1.0288e-15   5557.17 1 
  5546.03 1.1384e-15   5559.92 1 
  5548.77 9.9220e-16   5562.67 1 
  5551.51 8.4598e-16   5565.42 1 
  5554.26 9.9182e-16   5568.17 1 
  5557.00 1.2439e-15   5570.92 1 
  5559.74 1.2565e-15   5573.67 1 
  5562.49 8.5007e-16   5576.42 1 
  5565.23 9.4492e-16   5579.17 1 
  5567.97 9.5039e-16   5581.92 1 
  5570.72 1.0159e-15   5584.67 1 
  5573.46 9.7209e-16   5587.42 1 
  5576.20 1.1152e-15   5590.17 1 
  5578.94 9.9056e-16   5592.92 1 
  5581.69 9.8344e-16   5595.67 1 
  5584.43 1.0756e-15   5598.42 1 
  5587.17 1.0361e-15   5601.17 1 
  5589.92 8.7241e-16   5603.92 1 
  5592.66 1.0491e-15   5606.67 1 
  5595.40 8.6109e-16   5609.42 1 
  5598.15 9.7595e-16   5612.17 1 
  5600.89 9.8421e-16   5614.92 1 
  5603.63 9.2854e-16   5617.67 1 
  5606.38 1.0232e-15   5620.42 1 
  5609.12 1.0826e-15   5623.17 1 
  5611.86 9.7262e-16   5625.92 1 
  5614.61 1.0890e-15   5628.67 1 
  5617.35 1.1110e-15   5631.42 1 
  5620.09 9.4536e-16   5634.17 1 
  5622.83 1.0637e-15   5636.92 1 
  5625.58 9.4908e-16   5639.67 1 
  5628.32 1.0596e-15   5642.42 1 
  5631.06 1.1026e-15   5645.17 1 
  5633.81 9.7174e-16   5647.92 1 
  5636.55 9.2244e-16   5650.67 1 
  5639.29 9.9257e-16   5653.42 1 
  5642.04 1.1038e-15   5656.17 1 
  5644.78 1.1187e-15   5658.92 1 
  5647.52 8.8546e-16   5661.67 1 
  5650.27 8.7437e-16   5664.42 1 
  5653.01 9.6935e-16   5667.17 1 
  5655.75 9.7360e-16   5669.92 1 
  5658.50 9.3373e-16   5672.67 1 
  5661.24 9.2494e-16   5675.42 1 
  5663.98 1.0376e-15   5678.17 1 
  5666.72 1.1964e-15   5680.92 1 
  5669.47 1.0757e-15   5683.67 1 
  5672.21 9.6637e-16   5686.42 1 
  5674.95 9.0392e-16   5689.17 1 
  5677.70 1.1813e-15   5691.92 1 
  5680.44 1.2069e-15   5694.67 1 
  5683.18 9.0091e-16   5697.42 1 
  5685.93 8.4881e-16   5700.17 1 
  5688.67 9.4983e-16   5702.92 1 
  5691.41 1.1086e-15   5705.67 1 
  5694.16 1.0262e-15   5708.42 1 
  5696.90 9.7386e-16   5711.17 1 
  5699.64 9.3599e-16   5713.92 1 
  5702.39 8.4764e-16   5716.67 1 
  5705.13 8.4026e-16   5719.42 1 
  5707.87 9.8876e-16   5722.17 1 
  5710.61 9.4033e-16   5724.92 1 
  5713.36 8.2413e-16   5727.67 1 
  5716.10 1.0209e-15   5730.42 1 
  5718.84 8.8629e-16   5733.17 1 
  5721.59 9.3382e-16   5735.92 1 
  5724.33 8.5937e-16   5738.67 1 
  5727.07 9.9122e-16   5741.42 1 
  5729.82 9.3160e-16   5744.17 1 
  5732.56 9.4540e-16   5746.92 1 
  5735.30 1.0739e-15   5749.67 1 
  5738.05 8.8054e-16   5752.42 1 
  5740.79 9.5760e-16   5755.17 1 
  5743.53 8.4008e-16   5757.92 1 
  5746.28 1.0090e-15   5760.67 1 
  5749.02 9.5575e-16   5763.42 1 
  5751.76 8.9406e-16   5766.17 1 
  5754.50 8.9761e-16   5768.92 1 
  5757.25 9.9165e-16   5771.67 1 
  5759.99 8.9662e-16   5774.42 1 
  5762.73 8.1346e-16   5777.17 1 
  5765.48 8.4272e-16   5779.92 1 
  5768.22 8.3272e-16   5782.67 1 
  5770.96 8.8053e-16   5785.42 1 
  5773.71 1.0358e-15   5788.17 1 
  5776.45 9.0710e-16   5790.92 1 
  5779.19 9.3573e-16   5793.67 1 
  5781.94 8.5272e-16   5796.42 1 
  5784.68 1.0384e-15   5799.17 1 
  5787.42 1.0703e-15   5801.92 1 
  5790.17 9.1203e-16   5804.67 1 
  5792.91 9.5336e-16   5807.42 1 
  5795.65 7.7608e-16   5810.17 1 
  5798.39 8.8546e-16   5812.92 1 
  5801.14 1.0073e-15   5815.67 1 
  5803.88 9.4431e-16   5818.42 1 
  5806.62 9.2241e-16   5821.17 1 
  5809.37 1.0113e-15   5823.92 1 
  5812.11 9.7823e-16   5826.67 1 
  5814.85 9.3070e-16   5829.42 1 
  5817.60 9.2431e-16   5832.17 1 
  5820.34 9.8245e-16   5834.92 1 
  5823.08 9.5562e-16   5837.67 1 
  5825.83 9.4719e-16   5840.42 1 
  5828.57 7.6468e-16   5843.17 1 
  5831.31 8.2014e-16   5845.92 1 
  5834.06 8.8268e-16   5848.67 1 
  5836.80 1.1181e-15   5851.42 1 
  5839.54 8.2304e-16   5854.17 1 
  5842.28 8.1050e-16   5856.92 1 
  5845.03 7.1248e-16   5859.67 1 
  5847.77 9.0457e-16   5862.42 1 
  5850.51 1.0031e-15   5865.17 1 
  5853.26 8.4730e-16   5867.92 1 
  5856.00 1.0381e-15   5870.67 1 
  5858.74 7.8880e-16   5873.42 1 
  5861.49 1.0458e-15   5876.17 1 
  5864.23 8.7889e-16   5878.92 1 
  5866.97 1.1212e-15   5881.67 1 
  5869.72 1.8072e-15   5884.42 1 
  5872.46 2.0806e-15   5887.17 1 
  5875.20 1.9345e-15   5889.92 1 
  5877.95 1.7380e-15   5892.67 1 
  5880.69 1.1074e-15   5895.42 1 
  5883.43 9.4017e-16   5898.17 1 
  5886.18 1.0397e-15   5900.92 1 
  5888.92 6.9242e-16   5903.67 1 
  5891.66 8.2635e-16   5906.42 1 
  5894.40 8.0693e-16   5909.17 1 
  5897.15 8.9163e-16   5911.92 1 
  5899.89 1.0418e-15   5914.67 1 
  5902.63 1.0055e-15   5917.42 1 
  5905.38 1.0761e-15   5920.17 1 
  5908.12 8.3040e-16   5922.92 1 
  5910.86 9.7960e-16   5925.67 1 
  5913.61 9.0376e-16   5928.42 1 
  5916.35 9.1376e-16   5931.17 1 
  5919.09 9.5531e-16   5933.92 1 
  5921.84 7.5310e-16   5936.67 1 
  5924.58 8.6857e-16   5939.42 1 
  5927.32 8.9112e-16   5942.17 1 
  5930.07 8.0910e-16   5944.92 1 
  5932.81 8.2787e-16   5947.67 1 
  5935.55 8.2090e-16   5950.42 1 
  5938.29 9.1894e-16   5953.17 1 
  5941.04 6.9814e-16   5955.92 1 
  5943.78 8.8583e-16   5958.67 1 
  5946.52 8.2658e-16   5961.42 1 
  5949.27 8.7937e-16   5964.17 1 
  5952.01 7.5737e-16   5966.92 1 
  5954.75 8.1303e-16   5969.67 1 
  5957.50 7.2964e-16   5972.42 1 
  5960.24 8.9148e-16   5975.17 1 
  5962.98 7.9382e-16   5977.92 1 
  5965.73 8.2761e-16   5980.67 1 
  5968.47 8.9599e-16   5983.42 1 
  5971.21 8.4805e-16   5986.17 1 
  5973.96 7.5555e-16   5988.92 1 
  5976.70 8.7189e-16   5991.67 1 
  5979.44 8.5706e-16   5994.42 1 
  5982.18 8.8382e-16   5997.17 1 
  5984.93 9.3896e-16   5999.92 1 
  5987.67 8.7383e-16   6002.67 1 
  5990.41 8.6155e-16   6005.42 1 
  5993.16 8.3838e-16   6008.17 1 
  5995.90 6.8695e-16   6010.92 1 
  5998.64 7.5740e-16   6013.67 1 
  6001.39 7.4404e-16   6016.42 1 
  6004.13 8.0528e-16   6019.17 1 
  6006.87 7.2825e-16   6021.92 1 
  6009.62 8.4573e-16   6024.67 1 
  6012.36 9.0295e-16   6027.42 1 
  6015.10 8.2275e-16   6030.17 1 
  6017.85 7.9975e-16   6032.92 1 
  6020.59 7.9443e-16   6035.67 1 
  6023.33 8.2265e-16   6038.42 1 
  6026.07 7.6447e-16   6041.17 1 
  6028.82 7.7147e-16   6043.92 1 
  6031.56 1.0037e-15   6046.67 1 
  6034.30 8.5426e-16   6049.42 1 
  6037.05 9.1678e-16   6052.17 1 
  6039.79 9.2527e-16   6054.92 1 
  6042.53 7.9400e-16   6057.67 1 
  6045.28 7.7253e-16   6060.42 1 
  6048.02 9.4218e-16   6063.17 1 
  6050.76 8.9606e-16   6065.92 1 
  6053.51 9.5307e-16   6068.67 1 
  6056.25 8.7195e-16   6071.42 1 
  6058.99 8.0920e-16   6074.17 1 
  6061.74 7.8904e-16   6076.92 1 
  6064.48 8.7294e-16   6079.67 1 
  6067.22 8.2277e-16   6082.42 1 
  6069.96 8.3009e-16   6085.17 1 
  6072.71 7.4918e-16   6087.92 1 
  6075.45 8.7791e-16   6090.67 1 
  6078.19 8.5184e-16   6093.42 1 
  6080.94 8.2761e-16   6096.17 1 
  6083.68 8.6551e-16   6098.92 1 
  6086.42 7.9611e-16   6101.67 1 
  6089.17 6.7464e-16   6104.42 1 
  6091.91 6.6675e-16   6107.17 1 
  6094.65 8.1720e-16   6109.92 1 
  6097.40 8.2616e-16   6112.67 1 
  6100.14 8.1756e-16   6115.42 1 
  6102.88 7.7675e-16   6118.17 1 
  6105.63 7.7402e-16   6120.92 1 
  6108.37 8.1882e-16   6123.67 1 
  6111.11 8.0612e-16   6126.42 1 
  6113.85 7.8234e-16   6129.17 1 
  6116.60 8.2058e-16   6131.92 1 
  6119.34 9.3477e-16   6134.67 1 
  6122.08 9.2857e-16   6137.42 1 
  6124.83 8.5770e-16   6140.17 1 
  6127.57 7.6524e-16   6142.92 1 
  6130.31 7.9948e-16   6145.67 1 
  6133.06 9.6771e-16   6148.42 1 
  6135.80 8.5504e-16   6151.17 1 
  6138.54 7.6105e-16   6153.92 1 
  6141.29 8.8807e-16   6156.67 1 
  6144.03 7.3640e-16   6159.42 1 
  6146.77 6.8719e-16   6162.17 1 
  6149.52 8.4262e-16   6164.92 1 
  6152.26 8.2343e-16   6167.67 1 
  6155.00 7.5649e-16   6170.42 1 
  6157.74 8.3700e-16   6173.17 1 
  6160.49 7.9329e-16   6175.92 1 
  6163.23 7.3694e-16   6178.67 1 
  6165.97 6.8669e-16   6181.42 1 
  6168.72 7.0154e-16   6184.17 1 
  6171.46 5.9485e-16   6186.92 1 
  6174.20 6.2328e-16   6189.67 1 
  6176.95 6.9895e-16   6192.42 1 
  6179.69 8.6194e-16   6195.17 1 
  6182.43 7.8971e-16   6197.92 1 
  6185.18 7.6867e-16   6200.67 1 
  6187.92 7.0631e-16   6203.42 1 
  6190.66 7.8962e-16   6206.17 1 
  6193.41 7.2483e-16   6208.92 1 
  6196.15 9.0254e-16   6211.67 1 
  6198.89 8.4290e-16   6214.42 1 
  6201.63 8.4291e-16   6217.17 1 
  6204.38 6.8090e-16   6219.92 1 
  6207.12 7.5897e-16   6222.67 1 
  6209.86 7.2150e-16   6225.42 1 
  6212.61 6.4880e-16   6228.17 1 
  6215.35 7.4292e-16   6230.92 1 
  6218.09 8.7939e-16   6233.67 1 
  6220.84 7.3981e-16   6236.42 1 
  6223.58 7.2421e-16   6239.17 1 
  6226.32 7.6902e-16   6241.92 1 
  6229.07 6.0754e-16   6244.67 1 
  6231.81 6.9139e-16   6247.42 1 
  6234.55 7.9960e-16   6250.17 1 
  6237.30 7.0657e-16   6252.92 1 
  6240.04 7.7699e-16   6255.67 1 
  6242.78 6.3422e-16   6258.42 1 
  6245.52 5.4345e-16   6261.17 1 
  6248.27 7.7483e-16   6263.92 1 
  6251.01 8.7374e-16   6266.67 1 
  6253.75 9.3006e-16   6269.42 1 
  6256.50 8.2066e-16   6272.17 1 
  6259.24 7.4919e-16   6274.92 1 
  6261.98 6.2320e-16   6277.67 1 
  6264.73 8.8895e-16   6280.42 1 
  6267.47 5.9859e-16   6283.17 1 
  6270.21 7.7283e-16   6285.92 1 
  6272.96 7.3100e-16   6288.67 1 
  6275.70 5.9370e-16   6291.42 1 
  6278.44 6.9918e-16   6294.17 1 
  6281.19 6.6163e-16   6296.92 1 
  6283.93 8.2004e-16   6299.67 1 
  6286.67 -2.5723e-16   6302.42 1 
  6289.41 4.5646e-16   6305.17 1 
  6292.16 5.0556e-16   6307.92 1 
  6294.90 6.0785e-16   6310.67 1 
  6297.64 8.1363e-16   6313.42 1 
  6300.39 1.0864e-15   6316.17 1 
  6303.13 8.5531e-16   6318.92 1 
  6305.87 6.3208e-16   6321.67 1 
  6308.62 6.8709e-16   6324.42 1 
  6311.36 7.8954e-16   6327.17 1 
  6314.10 6.3126e-16   6329.92 1 
  6316.85 6.8809e-16   6332.67 1 
  6319.59 8.1773e-16   6335.42 1 
  6322.33 7.8485e-16   6338.17 1 
  6325.08 9.2333e-16   6340.92 1 
  6327.82 9.0091e-16   6343.67 1 
  6330.56 7.7547e-16   6346.42 1 
  6333.30 7.4265e-16   6349.17 1 
  6336.05 7.8045e-16   6351.92 1 
  6338.79 5.4366e-16   6354.67 1 
  6341.53 7.6822e-16   6357.42 1 
  6344.28 7.3532e-16   6360.17 1 
  6347.02 7.0527e-16   6362.92 1 
  6349.76 5.8881e-16   6365.67 1 
  6352.51 8.0235e-16   6368.42 1 
  6355.25 7.9116e-16   6371.17 1 
  6357.99 8.2985e-16   6373.92 1 
  6360.74 5.3419e-16   6376.67 1 
  6363.48 5.9986e-16   6379.42 1 
  6366.22 6.9205e-16   6382.17 1 
  6368.97 7.9755e-16   6384.92 1 
  6371.71 7.5595e-16   6387.67 1 
  6374.45 6.9837e-16   6390.42 1 
  6377.20 7.6461e-16   6393.17 1 
  6379.94 6.6893e-16   6395.92 1 
  6382.68 5.8586e-16   6398.67 1 
  6385.42 6.7126e-16   6401.42 1 
  6388.17 7.2397e-16   6404.17 1 
  6390.91 6.6379e-16   6406.92 1 
  6393.65 5.7209e-16   6409.67 1 
  6396.40 6.3775e-16   6412.42 1 
  6399.14 7.5464e-16   6415.17 1 
  6401.88 7.2482e-16   6417.92 1 
  6404.63 7.4513e-16   6420.67 1 
  6407.37 8.7875e-16   6423.42 1 
  6410.11 8.5572e-16   6426.17 1 
  6412.86 8.3842e-16   6428.92 1 
  6415.60 7.7016e-16   6431.67 1 
  6418.34 7.8297e-16   6434.42 1 
  6421.09 7.3381e-16   6437.17 1 
  6423.83 5.8857e-16   6439.92 1 
  6426.57 6.1265e-16   6442.67 1 
  6429.31 6.5962e-16   6445.42 1 
  6432.06 5.9976e-16   6448.17 1 
  6434.80 7.3224e-16   6450.92 1 
  6437.54 6.4504e-16   6453.67 1 
  6440.29 7.4196e-16   6456.42 1 
  6443.03 8.0451e-16   6459.17 1 
  6445.77 8.5057e-16   6461.92 1 
  6448.52 6.9827e-16   6464.67 1 
  6451.26 4.9277e-16   6467.42 1 
  6454.00 7.1607e-16   6470.17 1 
  6456.75 6.0523e-16   6472.92 1 
  6459.49 7.8559e-16   6475.67 1 
  6462.23 7.2330e-16   6478.42 1 
  6464.98 7.1035e-16   6481.17 1 
  6467.72 7.6285e-16   6483.92 1 
  6470.46 7.7505e-16   6486.67 1 
  6473.20 7.2867e-16   6489.42 1 
  6475.95 9.3620e-16   6492.17 1 
  6478.69 9.3636e-16   6494.92 1 
  6481.43 5.9377e-16   6497.67 1 
  6484.18 7.6715e-16   6500.42 1 
  6486.92 6.8581e-16   6503.17 1 
  6489.66 5.6521e-16   6505.92 1 
  6492.41 6.6426e-16   6508.67 1 
  6495.15 6.2008e-16   6511.42 1 
  6497.89 8.8830e-16   6514.17 1 
  6500.64 6.1847e-16   6516.92 1 
  6503.38 6.5267e-16   6519.67 1 
  6506.12 6.6606e-16   6522.42 1 
  6508.87 6.3651e-16   6525.17 1 
  6511.61 7.8243e-16   6527.92 1 
  6514.35 4.0834e-16   6530.67 1 
  6517.09 6.2982e-16   6533.42 1 
  6519.84 6.2670e-16   6536.17 1 
  6522.58 8.0975e-16   6538.92 1 
  6525.32 7.4085e-16   6541.67 1 
  6528.07 6.5609e-16   6544.42 1 
  6530.81 8.4868e-16   6547.17 1 
  6533.55 7.3706e-16   6549.92 1 
  6536.30 6.4946e-16   6552.67 1 
  6539.04 8.5657e-16   6555.42 1 
  6541.78 8.0987e-16   6558.17 1 
  6544.53 1.0355e-15   6560.92 1 
  6547.27 1.3013e-15   6563.67 1 
  6550.01 2.1489e-15   6566.42 1 
  6552.76 5.7221e-15   6569.17 1 
  6555.50 1.9585e-14   6571.92 1 
  6558.24 4.5939e-14   6574.67 1 
  6560.98 5.9285e-14   6577.42 1 
  6563.73 4.4824e-14   6580.17 1 
  6566.47 1.9897e-14   6582.92 1 
  6569.21 5.9214e-15   6585.67 1 
  6571.96 2.0882e-15   6588.42 1 
  6574.70 1.2982e-15   6591.17 1 
  6577.44 1.1038e-15   6593.92 1 
  6580.19 1.0841e-15   6596.67 1 
  6582.93 9.8223e-16   6599.42 1 
  6585.67 8.1293e-16   6602.17 1 
  6588.42 7.1984e-16   6604.92 1 
  6591.16 5.4127e-16   6607.67 1 
  6593.90 8.3409e-16   6610.42 1 
  6596.65 8.0867e-16   6613.17 1 
  6599.39 7.8730e-16   6615.92 1 
  6602.13 6.4672e-16   6618.67 1 
  6604.87 6.3850e-16   6621.42 1 
  6607.62 6.6811e-16   6624.17 1 
  6610.36 7.1975e-16   6626.92 1 
  6613.10 6.5251e-16   6629.67 1 
  6615.85 6.3676e-16   6632.42 1 
  6618.59 6.2829e-16   6635.17 1 
  6621.33 6.4141e-16   6637.92 1 
  6624.08 6.6135e-16   6640.67 1 
  6626.82 7.1910e-16   6643.42 1 
  6629.56 5.8201e-16   6646.17 1 
  6632.31 5.7998e-16   6648.92 1 
  6635.05 6.1303e-16   6651.67 1 
  6637.79 6.9943e-16   6654.42 1 
  6640.54 6.3234e-16   6657.17 1 
  6643.28 6.0809e-16   6659.92 1 
  6646.02 6.5052e-16   6662.67 1 
  6648.76 5.0217e-16   6665.42 1 
  6651.51 4.7414e-16   6668.17 1 
  6654.25 6.6300e-16   6670.92 1 
  6656.99 6.8736e-16   6673.67 1 
  6659.74 6.0951e-16   6676.42 1 
  6662.48 5.6308e-16   6679.17 1 
  6665.22 6.6682e-16   6681.92 1 
  6667.97 7.3349e-16   6684.67 1 
  6670.71 6.9348e-16   6687.42 1 
  6673.45 1.0812e-15   6690.17 1 
  6676.20 1.3554e-15   6692.92 1 
  6678.94 1.0113e-15   6695.67 1 
  6681.68 9.1954e-16   6698.42 1 
  6684.43 6.9056e-16   6701.17 1 
  6687.17 9.7222e-16   6703.92 1 
  6689.91 7.1606e-16   6706.67 1 
  6692.65 7.8843e-16   6709.42 1 
  6695.40 6.2676e-16   6712.17 1 
  6698.14 6.8918e-16   6714.92 1 
  6700.88 6.0523e-16   6717.67 1 
  6703.63 5.8932e-16   6720.42 1 
  6706.37 8.6100e-16   6723.17 1 
  6709.11 9.6730e-16   6725.92 1 
  6711.86 1.3071e-15   6728.67 1 
  6714.60 1.3110e-15   6731.42 1 
  6717.34 1.4107e-15   6734.17 1 
  6720.09 8.4760e-16   6736.92 1 
  6722.83 9.2849e-16   6739.67 1 
  6725.57 1.0146e-15   6742.42 1 
  6728.32 1.3025e-15   6745.17 1 
  6731.06 1.2624e-15   6747.92 1 
  6733.80 9.0318e-16   6750.67 1 
  6736.54 7.5468e-16   6753.42 1 
  6739.29 6.0425e-16   6756.17 1 
  6742.03 6.6358e-16   6758.92 1 
  6744.77 7.3573e-16   6761.67 1 
  6747.52 8.1868e-16   6764.42 1 
  6750.26 7.8484e-16   6767.17 1 
  6753.00 7.4563e-16   6769.92 1 
  6755.75 7.4969e-16   6772.67 1 
  6758.49 7.4715e-16   6775.42 1 
  6761.23 6.3093e-16   6778.17 1 
  6763.98 5.1295e-16   6780.92 1 
  6766.72 6.3230e-16   6783.67 1 
  6769.46 7.0857e-16   6786.42 1 
  6772.21 6.2908e-16   6789.17 1 
  6774.95 6.7755e-16   6791.92 1 
  6777.69 6.1862e-16   6794.67 1 
  6780.43 5.3420e-16   6797.42 1 
  6783.18 6.2569e-16   6800.17 1 
  6785.92 5.5695e-16   6802.92 1 
  6788.66 5.7759e-16   6805.67 1 
  6791.41 6.7330e-16   6808.42 1 
  6794.15 7.0630e-16   6811.17 1 
  6796.89 6.6312e-16   6813.92 1 
  6799.64 5.8489e-16   6816.67 1 
  6802.38 7.0149e-16   6819.42 1 
  6805.12 7.7697e-16   6822.17 1 
  6807.87 6.3490e-16   6824.92 1 
  6810.61 6.8393e-16   6827.67 1 
  6822.03 6.7099e-16   6839.12 0 
  6837.75 6.6775e-16   6854.88 0 
  6853.51 6.6300e-16   6870.68 0 
  6869.32 6.5074e-16   6886.52 0 
  6885.15 6.5059e-16   6902.40 0 
  6901.02 6.4745e-16   6918.31 0 
  6916.93 6.4581e-16   6934.26 0 
  6932.88 6.3973e-16   6950.24 0 
  6948.86 6.3958e-16   6966.26 0 
  6964.88 6.3066e-16   6982.33 0 
  6980.93 6.3488e-16   6998.42 0 
  6997.02 6.2314e-16   7014.55 0 
  7013.15 6.1728e-16   7030.72 0 
  7029.32 6.1571e-16   7046.93 0 
  7045.53 6.1556e-16   7063.18 0 
  7061.77 6.1683e-16   7079.46 0 
  7078.05 6.1385e-16   7095.78 0 
  7094.36 6.1088e-16   7112.14 0 
  7110.72 6.0792e-16   7128.53 0 
  7127.11 5.9944e-16   7144.96 0 
  7143.54 6.0206e-16   7161.43 0 
  7160.01 5.9639e-16   7177.94 0 
  7176.51 5.6941e-16   7194.49 0 
  7193.06 5.2883e-16   7211.08 0 
  7209.64 5.5489e-16   7227.70 0 
  7226.26 5.8358e-16   7244.36 0 
  7242.92 5.5334e-16   7261.06 0 
  7259.61 5.4561e-16   7277.80 0 
  7276.35 5.6725e-16   7294.57 0 
  7293.12 5.6450e-16   7311.39 0 
  7309.93 5.4395e-16   7328.25 0 
  7326.78 5.5776e-16   7345.14 0 
  7343.68 5.6798e-16   7362.07 0 
  7360.60 5.5619e-16   7379.04 0 
  7377.57 5.5862e-16   7396.05 0 
  7394.58 5.4577e-16   7413.10 0 
  7411.63 5.5194e-16   7430.19 0 
  7428.71 5.3924e-16   7447.32 0 
  7445.83 5.4535e-16   7464.49 0 
  7463.00 5.4898e-16   7481.70 0 
  7480.20 5.4131e-16   7498.94 0 
  7497.45 5.3993e-16   7516.23 0 
  7514.73 5.3607e-16   7533.56 0 
  7532.06 5.3224e-16   7550.92 0 
  7549.42 5.3210e-16   7568.33 0 
  7566.82 5.2467e-16   7585.78 0 
  7584.27 5.2332e-16   7603.26 0 
  7601.75 5.1601e-16   7620.79 0 
  7619.27 5.0997e-16   7638.36 0 
  7636.84 5.0983e-16   7655.97 0 
  7654.44 5.0970e-16   7673.61 0 
  7672.08 4.8775e-16   7691.30 0 
  7689.77 4.9554e-16   7709.04 0 
  7707.50 4.8637e-16   7726.81 0 
  7725.26 4.8624e-16   7744.62 0 
  7743.08 4.8948e-16   7762.47 0 
  7760.93 4.8374e-16   7780.37 0 
  7778.81 4.6079e-16   7798.30 0 
  7796.75 4.7357e-16   7816.28 0 
  7814.72 4.7672e-16   7834.30 0 
  7832.73 4.7879e-16   7852.36 0 
  7850.79 4.7866e-16   7870.46 0 
  7868.89 4.7853e-16   7888.60 0 
  7887.03 4.6859e-16   7906.79 0 
  7905.21 4.6097e-16   7925.01 0 
  7923.44 4.5662e-16   7943.28 0 
  7941.70 4.5230e-16   7961.59 0 
  7960.01 4.5010e-16   7979.95 0 
  7978.36 4.5101e-16   7998.34 0 
  7996.75 4.4882e-16   8016.78 0 
  8015.18 4.4663e-16   8035.26 0 
  8033.66 4.3937e-16   8053.78 0 
  8052.18 4.4433e-16   8072.35 0 
  8070.74 4.4318e-16   8090.96 0 
  8089.35 4.3297e-16   8109.61 0 
  8108.00 4.2888e-16   8128.31 0 
  8126.69 4.3273e-16   8147.04 0 
  8145.42 4.2765e-16   8165.82 0 
  8164.20 4.1017e-16   8184.65 0 
  8183.02 4.2349e-16   8203.52 0 
  8201.88 4.0994e-16   8222.43 0 
  8220.79 4.1648e-16   8241.38 0 
  8239.74 3.8501e-16   8260.38 0 
  8258.73 4.2106e-16   8279.42 0 
  8277.77 4.1901e-16   8298.51 0 
  8296.86 3.9636e-16   8317.64 0 
  8315.98 3.9992e-16   8336.81 0 
  8335.15 4.0165e-16   8356.03 0 
  8354.37 4.0060e-16   8375.29 0 
  8373.62 4.0234e-16   8394.60 0 
  8392.93 3.9579e-16   8413.95 0 
  8412.28 4.0210e-16   8433.35 0 
  8431.67 4.0198e-16   8452.79 0 
  8451.10 3.9001e-16   8472.27 0 
  8470.58 3.9623e-16   8491.80 0 
  8490.11 3.9978e-16   8511.38 0 
  8509.68 3.4729e-16   8531.00 0 
  8529.30 3.9679e-16   8550.67 0 
  8548.96 3.2391e-16   8570.38 0 
  8568.67 3.9291e-16   8590.14 0 
  8588.42 3.9461e-16   8609.94 0 
  8608.22 3.4677e-16   8629.79 0 
  8628.07 3.8539e-16   8649.68 0 
  8647.96 3.8528e-16   8669.62 0 
  8667.89 3.4565e-16   8689.60 0 
  8687.87 3.6183e-16   8709.64 0 
  8707.90 3.7100e-16   8729.71 0 
  8727.97 3.7260e-16   8749.84 0 
  8748.10 3.6401e-16   8770.01 0 
  8768.26 3.5890e-16   8790.23 0 
  8788.47 3.6630e-16   8810.49 0 
  8808.73 3.6619e-16   8830.80 0 
  8829.04 3.5857e-16   8851.16 0 
  8849.39 3.5435e-16   8871.56 0 
  8869.79 3.1067e-16   8892.01 0 
  8890.24 3.4767e-16   8912.51 0 
  8910.73 3.5402e-16   8933.05 0 
  8931.27 3.5147e-16   8953.65 0 
  8951.86 3.4415e-16   8974.29 0 
  8972.50 3.2034e-16   8994.98 0 
  8993.18 3.3688e-16   9015.71 0 
  9013.92 3.1720e-16   9036.50 0 
  9034.69 3.2078e-16   9057.33 0 
  9055.52 3.5815e-16   9078.20 0 
  9076.40 3.4271e-16   9099.13 0 
  9097.32 3.1462e-16   9120.11 0 
  9118.29 3.2707e-16   9141.13 0 
  9139.31 3.1297e-16   9162.20 0 
  9160.38 3.1071e-16   9183.33 0 
  9181.50 3.0635e-16   9204.50 0 
  9202.66 3.2365e-16   9225.71 0 
  9223.88 3.0757e-16   9246.98 0 
  9245.14 3.0255e-16   9268.30 0 
  9266.45 3.2483e-16   9289.66 0 
  9287.82 3.0027e-16   9311.08 0 
  9309.22 2.8403e-16   9332.54 0 
  9330.68 3.1494e-16   9354.06 0 
  9352.19 3.1266e-16   9375.62 0 
  9373.75 3.0969e-16   9397.23 0 
  9395.36 3.0959e-16   9418.90 0 
  9417.02 3.0454e-16   9440.61 0 
  9438.73 3.0584e-16   9462.37 0 
  9460.49 3.0294e-16   9484.18 0 
  9482.29 3.0144e-16   9506.05 0 
  9504.16 2.9789e-16   9527.96 0 
  9526.06 2.9236e-16   9549.93 0 
  9548.02 2.7087e-16   9571.94 0 
  9570.04 2.8948e-16   9594.01 0 
  9592.10 2.9206e-16   9616.12 0 
  9614.21 2.8995e-16   9638.29 0 
  9636.37 2.8785e-16   9660.51 0 
  9658.59 2.8577e-16   9682.78 0 
  9680.85 2.8436e-16   9705.10 0 
  9703.16 2.8166e-16   9727.47 0 
  9725.54 2.8026e-16   9749.90 0 
  9747.95 2.7824e-16   9772.37 0 
  9770.42 2.7750e-16   9794.90 0 
  9792.95 2.7486e-16   9817.48 0 
  9815.52 2.7540e-16   9840.11 0 
  9838.15 2.7341e-16   9862.79 0 
  9860.83 2.7205e-16   9885.53 0 
  9883.56 2.6823e-16   9908.32 0 
  9906.34 2.6690e-16   9931.16 0 
  9929.18 2.6558e-16   9954.05 0 
  9952.07 2.6487e-16   9977.00 0 
  9975.01 2.6296e-16  10000.00 0 
  9998.01 2.6165e-16  10023.05 0 
 10021.05 2.5385e-16  10046.15 0 
 10067.31 2.4732e-16  10092.53 0 
 10113.78 2.5058e-16  10139.12 0 
 10183.88 2.4687e-16  10209.39 0 
 10230.90 2.4443e-16  10256.52 0 
 10278.11 2.4201e-16  10303.86 0 
 10301.81 2.3970e-16  10327.61 0 
 10493.33 2.2665e-16  10519.62 0 
 10688.42 2.1386e-16  10715.20 0 
 10912.23 2.0005e-16  10939.56 0 
 11089.54 1.9504e-16  11117.32 0 
 11295.71 1.8498e-16  11324.00 0 
 11505.71 1.7829e-16  11534.53 0 
 11692.66 1.6988e-16  11721.95 0 
 11910.05 1.6223e-16  11939.88 0 
 12103.57 1.5564e-16  12133.89 0 
 12300.24 1.4967e-16  12331.05 0 
 12500.10 1.4359e-16  12531.41 0 
 12703.21 1.3808e-16  12735.03 0 
 12909.62 1.3247e-16  12941.96 0 
 13089.21 1.2768e-16  13122.00 0 
 13301.89 1.2278e-16  13335.21 0 
 13486.94 1.1889e-16  13520.73 0 
 13706.09 1.1459e-16  13740.42 0 
 13896.76 1.1070e-16  13931.57 0 
 14090.08 1.0694e-16  14125.38 0 
 14286.10 1.0307e-16  14321.88 0 
 14484.84 1.0049e-16  14521.12 0 
 14686.34 9.7080e-17  14723.13 0 
 14890.64 9.4435e-17  14927.94 0 
 15097.79 9.1650e-17  15135.61 0 
 15307.82 8.9977e-17  15346.17 0 
 15485.08 8.8947e-17  15523.87 0 
 15700.50 8.5336e-17  15739.83 0 
 15882.31 8.1871e-17  15922.09 0 
 16103.25 7.6186e-17  16143.59 0 
 16289.71 7.3688e-17  16330.51 0 
 16516.32 7.0778e-17  16557.70 0 
 16707.58 6.8393e-17  16749.43 0 
 16901.04 6.6149e-17  16943.38 0 
 17096.75 6.3923e-17  17139.58 0 
 17294.71 6.1789e-17  17338.03 0 
 17494.98 5.9715e-17  17538.80 0 
 17697.57 5.7687e-17  17741.90 0 
 17902.50 5.5759e-17  17947.34 0 
 18109.78 5.3850e-17  18155.15 0 
 18319.49 5.2043e-17  18365.38 0 
 18489.01 5.0609e-17  18535.32 0 
 18703.08 4.8900e-17  18749.94 0 
 18919.66 4.7232e-17  18967.05 0 
 19094.73 4.5938e-17  19142.56 0 
 19315.84 4.4372e-17  19364.23 0 
 19494.55 4.3149e-17  19543.39 0 
 19720.30 4.1678e-17  19769.70 0 
 19902.78 4.0524e-17  19952.63 0 
 20086.92 3.9415e-17  20137.24 0 
 20319.52 3.8055e-17  20370.42 0 
 20507.54 3.7018e-17  20558.92 0 
 20697.28 3.5992e-17  20749.13 0 
 20888.80 3.5004e-17  20941.13 0 
 21082.07 3.4040e-17  21134.88 0 
 21277.15 3.3100e-17  21330.45 0 
 21523.53 3.1965e-17  21577.45 0 
 21722.67 3.1086e-17  21777.09 0 
 21923.68 3.0232e-17  21978.60 0 
 22075.64 2.9596e-17  22130.94 0 
 22279.91 2.8796e-17  22335.72 0 
 22486.07 2.7988e-17  22542.40 0 
 22694.12 2.7236e-17  22750.97 0 
 22904.12 2.6477e-17  22961.49 0 
 23116.03 2.5762e-17  23173.93 0 
 23276.27 2.5229e-17  23334.58 0 
 23491.66 2.4537e-17  23550.50 0 
 23709.01 2.3871e-17  23768.40 0 
 23873.37 2.3369e-17  23933.17 0 
 24094.25 2.2745e-17  24154.60 0 
 24317.20 2.2116e-17  24378.11 0 
 24485.75 2.1672e-17  24547.08 0 
 24712.32 2.1083e-17  24774.22 0 
 24883.60 2.0649e-17  24945.94 0 
 25113.86 2.0098e-17  25176.77 0 
 25287.93 1.9682e-17  25351.28 0 
 25521.93 1.9160e-17  25585.86 0 
 25698.82 1.8770e-17  25763.20 0 
 25876.97 1.8386e-17  25941.79 0 
 26116.42 1.7901e-17  26181.84 0 
 26297.44 1.7534e-17  26363.31 0 
 26479.71 1.7187e-17  26546.04 0 
 26724.74 1.6730e-17  26791.68 0 
 26910.00 1.6390e-17  26977.41 0 
 27096.52 1.6071e-17  27164.39 0 
 27284.33 1.5749e-17  27352.67 0 
 27473.47 1.5433e-17  27542.29 0 
 27727.66 1.5033e-17  27797.12 0 
 27919.88 1.4730e-17  27989.81 0 
 28113.39 1.4445e-17  28183.82 0 
 28308.28 1.4163e-17  28379.20 0 
 28504.49 1.3878e-17  28575.90 0 
 28702.09 1.3614e-17  28773.99 0 
 28901.03 1.3349e-17  28973.43 0 
 29101.38 1.3083e-17  29174.28 0 
 29303.09 1.2837e-17  29376.49 0 
 29506.23 1.2588e-17  29580.14 0 
 29710.74 1.2342e-17  29785.16 0 
 29916.70 1.2110e-17  29991.64 0 
 30124.06 1.1877e-17  30199.52 0 
 30332.85 1.1649e-17  30408.84 0 
 30472.89 1.1504e-17  30549.22 0 
 30684.10 1.1286e-17  30760.96 0 
 30896.81 1.1068e-17  30974.21 0 
 31110.96 1.0865e-17  31188.89 0 
 31326.63 1.0660e-17  31405.10 0 
 31471.22 1.0523e-17  31550.05 0 
 31689.35 1.0331e-17  31768.73 0 
 31909.03 1.0140e-17  31988.96 0 
 32130.19 9.9477e-18  32210.68 0 
 32278.53 9.8288e-18  32359.38 0 
 32502.25 9.6496e-18  32583.67 0 
 32727.53 9.4690e-18  32809.52 0 
 32878.62 9.3557e-18  32960.98 0 
 33106.51 9.1879e-18  33189.44 0 
 33336.01 9.0190e-18  33419.52 0 
 33489.87 8.9102e-18  33573.76 0 
 33722.00 8.7532e-18  33806.47 0 
 33877.68 8.6479e-18  33962.54 0 
 34112.49 8.4907e-18  34197.94 0 
 34269.93 8.3929e-18  34355.78 0 
 34507.50 8.2453e-18  34593.94 0 
 34666.77 8.1464e-18  34753.61 0 
 34907.09 8.0043e-18  34994.53 0 
 35068.20 7.9123e-18  35156.04 0 
 35311.26 7.7736e-18  35399.71 0 
 35474.28 7.6812e-18  35563.14 0 
 35720.16 7.5524e-18  35809.64 0 
 35885.06 7.4659e-18  35974.95 0 
 36133.79 7.3356e-18  36224.30 0 
 36300.56 7.2537e-18  36391.49 0 
 36468.14 7.1730e-18  36559.50 0 
 36720.91 7.0514e-18  36812.89 0 
 36890.39 6.9698e-18  36982.80 0 
 37060.70 6.8943e-18  37153.54 0 
 37317.57 6.7808e-18  37411.05 0 
 37489.81 6.7046e-18  37583.72 0 
 37662.88 6.6292e-18  37757.23 0 
 37923.93 6.5232e-18  38018.93 0 
 38098.97 6.4521e-18  38194.41 0 
 38274.86 6.3807e-18  38370.73 0 
 38540.14 6.2782e-18  38636.69 0 
 38718.07 6.2118e-18  38815.06 0 
 38896.77 6.1452e-18  38994.21 0 
 39076.30 6.0782e-18  39174.18 0 
 39256.65 6.0142e-18  39354.99 0 
 39528.79 5.9210e-18  39627.81 0 
 39711.23 5.8585e-18  39810.71 0 
 39894.56 5.7958e-18  39994.50 0 
 40078.69 5.7368e-18  40179.09 0 
 40263.67 5.6786e-18  40364.54 0 
 40542.79 5.5909e-18  40644.35 0 
 40729.92 5.5320e-18  40831.95 0 
 40917.90 5.4777e-18  41020.40 0 
 41106.76 5.4232e-18  41209.73 0 
 41296.53 5.3684e-18  41399.98 0 
 41487.13 5.3134e-18  41591.06 0 
 41678.61 5.2613e-18  41783.02 0 
 41871.03 5.2103e-18  41975.91 0 
 42064.28 5.1591e-18  42169.65 0 
 42258.42 5.1077e-18  42364.28 0 
 42453.51 5.0577e-18  42559.86 0 
 42747.76 4.9862e-18  42854.85 0 
 42945.07 4.9382e-18  43052.64 0 
 43143.32 4.8900e-18  43251.40 0 
 43342.45 4.8440e-18  43451.02 0 
 43542.50 4.7994e-18  43651.57 0 
 43743.51 4.7546e-18  43853.09 0 
 43945.41 4.7096e-18  44055.49 0 
 44148.24 4.6654e-18  44258.83 0 
 44250.00 4.6446e-18  44360.85 0 
 44454.28 4.6028e-18  44565.64 0 
 44659.46 4.5609e-18  44771.33 0 
 44865.58 4.5187e-18  44977.97 0 
 45072.71 4.4781e-18  45185.62 0 
 45280.74 4.4391e-18  45394.17 0 
 45489.73 4.4000e-18  45603.68 0 
 45699.69 4.3606e-18  45814.16 0 
 45910.66 4.3217e-18  46025.67 0 
 46122.56 4.2853e-18  46238.10 0 
 46335.44 4.2488e-18  46451.51 0 
 46549.35 4.2120e-18  46665.95 0 
 46656.65 4.1936e-18  46773.52 0 
 46871.99 4.1578e-18  46989.40 0 
 47088.32 4.1238e-18  47206.28 0 
 47305.71 4.0896e-18  47424.21 0 
 47524.05 4.0553e-18  47643.10 0 
 47743.39 4.0211e-18  47862.99 0 
 47853.50 4.0052e-18  47973.37 0 
 48074.36 3.9735e-18  48194.79 0 
 48296.25 3.9415e-18  48417.23 0 
 48519.16 3.9095e-18  48640.70 0 
 48743.15 3.8780e-18  48865.25 0 
 48855.50 3.8633e-18  48977.89 0 
 49081.00 3.8336e-18  49203.95 0 
 49307.53 3.8038e-18  49431.04 0 
 49535.16 3.7739e-18  49659.24 0 
 49649.34 3.7589e-18  49773.71 0 
 49878.50 3.7313e-18  50003.44 0 
 50108.76 3.7036e-18  50234.29 0 
 50340.03 3.6758e-18  50466.14 0 
 50456.07 3.6619e-18  50582.46 0 
 50688.95 3.6344e-18  50815.93 0 
 50805.79 3.6216e-18  50933.06 0 
 50922.96 3.6087e-18  51050.52 0 
 51040.34 3.5959e-18  51168.20 0 
 51157.99 3.5830e-18  51286.14 0 
 51275.91 3.5700e-18  51404.36 0 
 51394.11 3.5571e-18  51522.85 0 
 51512.58 3.5441e-18  51641.62 0 
 51631.37 3.5311e-18  51760.71 0 
 51750.39 3.5189e-18  51880.02 0 
 51869.68 3.5070e-18  51999.61 0 
 51989.24 3.4951e-18  52119.47 0 
 52109.08 3.4831e-18  52239.61 0 
 52229.19 3.4711e-18  52360.03 0 
 52349.58 3.4591e-18  52480.72 0 
 52470.31 3.4471e-18  52601.75 0 
 52591.26 3.4350e-18  52723.00 0 
 52712.49 3.4230e-18  52844.53 0 
 52833.99 3.4120e-18  52966.34 0 
 52955.78 3.4010e-18  53088.43 0 
 53077.84 3.3899e-18  53210.80 0 
 53200.25 3.3787e-18  53333.52 0 
 53322.88 3.3676e-18  53456.46 0 
 53445.79 3.3564e-18  53579.68 0 
 53568.99 3.3453e-18  53703.18 0 
 53692.47 3.3340e-18  53826.97 0 
 53816.24 3.3234e-18  53951.05 0 
 53940.29 3.3132e-18  54075.41 0 
 54064.68 3.3029e-18  54200.11 0 
 54189.31 3.2926e-18  54325.05 0 
 54314.22 3.2823e-18  54450.27 0 
 54439.41 3.2720e-18  54575.79 0 
 54564.90 3.2617e-18  54701.59 0 
 54690.68 3.2513e-18  54827.68 0 
 54816.74 3.2409e-18  54954.06 0 
 54943.16 3.2314e-18  55080.79 0 
 55069.81 3.2220e-18  55207.76 0 
 55196.75 3.2125e-18  55335.02 0 
 55323.98 3.2030e-18  55462.57 0 
 55451.50 3.1934e-18  55590.41 0 
 55579.32 3.1839e-18  55718.55 0 
 55707.50 3.1743e-18  55847.05 0 
 55835.91 3.1647e-18  55975.78 0 
 55964.62 3.1555e-18  56104.81 0 
 56093.62 3.1468e-18  56234.13 0 
 56222.92 3.1380e-18  56363.76 0 
 56352.52 3.1293e-18  56493.68 0 
 56482.41 3.1205e-18  56623.90 0 
 56612.67 3.1117e-18  56754.48 0 
 56743.17 3.1029e-18  56885.31 0 
 56873.96 3.0941e-18  57016.43 0 
 57005.06 3.0853e-18  57147.86 0 
 57136.46 3.0771e-18  57279.59 0 
 57268.16 3.0691e-18  57411.62 0 
 57400.24 3.0611e-18  57544.02 0 
 57532.55 3.0530e-18  57676.67 0 
 57665.17 3.0450e-18  57809.62 0 
 57798.09 3.0369e-18  57942.87 0 
 57931.32 3.0288e-18  58076.43 0 
 58064.85 3.0207e-18  58210.30 0 
 58198.70 3.0127e-18  58344.48 0 
 58332.91 3.0054e-18  58479.04 0 
 58467.37 2.9981e-18  58613.83 0 
 58602.14 2.9907e-18  58748.94 0 
 58737.23 2.9834e-18  58884.36 0 
 58872.62 2.9760e-18  59020.09 0 
 59008.32 2.9686e-18  59156.14 0 
 59144.34 2.9612e-18  59292.50 0 
 59280.74 2.9538e-18  59429.24 0 
 59417.39 2.9468e-18  59566.23 0 
 59554.35 2.9401e-18  59703.53 0 
 59691.62 2.9334e-18  59841.15 0 
 59829.22 2.9267e-18  59979.09 0 
 59967.13 2.9200e-18  60117.35 0 
 60105.42 2.9133e-18  60255.99 0 
 60243.97 2.9066e-18  60394.88 0 
 60382.84 2.8998e-18  60534.10 0 
 60522.03 2.8931e-18  60673.63 0 
 60661.53 2.8870e-18  60813.49 0 
 60801.36 2.8810e-18  60953.67 0 
 60941.51 2.8749e-18  61094.17 0 
 61082.05 2.8689e-18  61235.06 0 
 61222.85 2.8628e-18  61376.21 0 
 61363.97 2.8567e-18  61517.69 0 
 61505.43 2.8506e-18  61659.50 0 
 61647.20 2.8445e-18  61801.62 0 
 61789.30 2.8386e-18  61944.08 0 
 61931.79 2.8332e-18  62086.93 0 
 62074.55 2.8278e-18  62230.05 0 
 62217.64 2.8223e-18  62373.50 0 
 62361.06 2.8169e-18  62517.27 0 
 62504.80 2.8114e-18  62661.38 0 
 62648.88 2.8060e-18  62805.82 0 
 62793.29 2.8005e-18  62950.59 0 
 62938.10 2.7950e-18  63095.76 0 
 63083.18 2.7900e-18  63241.20 0 
 63228.59 2.7852e-18  63386.98 0 
 63374.34 2.7803e-18  63533.09 0 
 63520.42 2.7755e-18  63679.54 0 
 63666.84 2.7706e-18  63826.32 0 
 63813.67 2.7658e-18  63973.52 0 
 63960.76 2.7609e-18  64120.98 0 
 64108.19 2.7560e-18  64268.79 0 
 64255.97 2.7512e-18  64416.93 0 
 64404.08 2.7470e-18  64565.41 0 
 64552.54 2.7427e-18  64714.24 0 
 64701.34 2.7384e-18  64863.41 0 
 64850.55 2.7342e-18  65013.00 0 
 65000.03 2.7299e-18  65162.86 0 
 65149.86 2.7256e-18  65313.06 0 
 65300.04 2.7213e-18  65463.61 0 
 65450.56 2.7170e-18  65614.52 0 
 65601.43 2.7131e-18  65765.76 0 
 65752.64 2.7094e-18  65917.35 0 
 65904.28 2.7057e-18  66069.37 0 
 66056.19 2.7020e-18  66221.66 0 
 66208.46 2.6983e-18  66374.31 0 
 66361.08 2.6946e-18  66527.31 0 
 66514.04 2.6909e-18  66680.66 0 
 66667.36 2.6871e-18  66834.36 0 
 66821.11 2.6834e-18  66988.49 0 
 66975.13 2.6803e-18  67142.91 0 
 67129.52 2.6771e-18  67297.68 0 
 67284.26 2.6740e-18  67452.80 0 
 67439.35 2.6709e-18  67608.29 0 
 67594.80 2.6677e-18  67764.12 0 
 67750.61 2.6646e-18  67920.33 0 
 67906.85 2.6614e-18  68076.96 0 
 68063.39 2.6583e-18  68233.89 0 
 68220.28 2.6553e-18  68391.17 0 
 68377.53 2.6527e-18  68548.82 0 
 68535.15 2.6502e-18  68706.83 0 
 68693.13 2.6476e-18  68865.20 0 
 68851.54 2.6450e-18  69024.02 0 
 69010.25 2.6424e-18  69183.12 0 
 69169.32 2.6398e-18  69342.59 0 
 69328.76 2.6372e-18  69502.43 0 
 69488.57 2.6346e-18  69662.64 0 
 69648.75 2.6324e-18  69823.22 0 
 69809.29 2.6304e-18  69984.16 0 
 69970.29 2.6283e-18  70145.56 0 
 70131.57 2.6263e-18  70307.25 0 
 70293.23 2.6243e-18  70469.31 0 
 70455.26 2.6222e-18  70631.75 0 
 70617.67 2.6202e-18  70794.56 0 
 70780.44 2.6181e-18  70957.75 0 
 70943.68 2.6162e-18  71121.39 0 
 71107.20 2.6147e-18  71285.33 0 
 71271.11 2.6132e-18  71449.65 0 
 71435.40 2.6117e-18  71614.34 0 
 71600.06 2.6102e-18  71779.42 0 
 71765.10 2.6087e-18  71944.88 0 
 71930.53 2.6072e-18  72110.72 0 
 72096.41 2.6057e-18  72277.02 0 
 72262.60 2.6042e-18  72443.62 0 
 72429.17 2.6030e-18  72610.61 0 
 72596.12 2.6021e-18  72777.98 0 
 72763.46 2.6011e-18  72945.73 0 
 72931.19 2.6002e-18  73113.88 0 
 73099.30 2.5992e-18  73282.41 0 
 73267.88 2.5983e-18  73451.41 0 
 73436.77 2.5973e-18  73620.73 0 
 73606.05 2.5964e-18  73790.43 0 
 73775.72 2.5954e-18  73960.52 0 
 73945.77 2.5950e-18  74131.01 0 
 74116.22 2.5946e-18  74301.88 0 
 74287.15 2.5942e-18  74473.23 0 
 74458.38 2.5938e-18  74644.90 0 
 74630.01 2.5934e-18  74816.96 0 
 74802.04 2.5930e-18  74989.42 0 
 74974.46 2.5926e-18  75162.27 0 
 75147.29 2.5922e-18  75335.53 0 
 75320.51 2.5920e-18  75509.19 0 
 75494.21 2.5922e-18  75683.32 0 
 75668.23 2.5923e-18  75857.78 0 
 75842.65 2.5925e-18  76032.63 0 
 76017.47 2.5926e-18  76207.90 0 
 76192.70 2.5928e-18  76383.56 0 
 76368.33 2.5930e-18  76559.63 0 
 76544.44 2.5931e-18  76736.19 0 
 76720.88 2.5933e-18  76913.07 0 
 76897.73 2.5939e-18  77090.36 0 
 77074.99 2.5946e-18  77268.06 0 
 77252.65 2.5953e-18  77446.17 0 
 77430.72 2.5960e-18  77624.69 0 
 77609.21 2.5967e-18  77803.62 0 
 77788.19 2.5975e-18  77983.05 0 
 77967.50 2.5982e-18  78162.80 0 
 78147.22 2.5989e-18  78342.98 0 
 78327.35 2.5998e-18  78523.56 0 
 78507.90 2.6010e-18  78704.56 0 
 78688.87 2.6023e-18  78885.98 0 
 78870.25 2.6036e-18  79067.82 0 
 79052.14 2.6049e-18  79250.16 0 
 79234.36 2.6063e-18  79432.84 0 
 79417.00 2.6076e-18  79615.94 0 
 79600.06 2.6089e-18  79799.46 0 
 79783.55 2.6102e-18  79983.41 0 
 79967.45 2.6118e-18  80167.77 0 
 80151.87 2.6137e-18  80352.65 0 
 80336.62 2.6156e-18  80537.87 0 
 80521.81 2.6175e-18  80723.52 0 
 80707.41 2.6194e-18  80909.59 0 
 87638.37 1.5899e-18  87857.91 3 
 91861.68 1.5016e-18  92091.80 3 
 92464.98 1.5360e-18  92696.60 3 
 93671.65 1.5408e-18  93906.30 3 
 94274.94 1.5621e-18  94511.10 3 
 94878.32 1.8760e-18  95115.99 3 
 96688.30 2.2522e-18  96930.50 3 
 97291.58 1.6484e-18  97535.30 3 
 98498.26 1.1113e-18  98745.00 3 
 99101.56 1.2039e-18  99349.80 3 
 99704.94 1.3405e-18  99954.70 3 
100308.23 1.1173e-18 100559.50 3 
102118.19 1.1292e-18 102374.00 3 
102721.49 1.7979e-18 102978.80 3 
103324.87 1.5523e-18 103583.70 3 
103928.16 1.5478e-18 104188.50 3 
104531.45 3.7097e-18 104793.30 3 
105134.83 5.1556e-18 105398.20 3 
105738.13 2.2884e-18 106003.00 3 
106341.52 1.5705e-18 106607.91 3 
106944.80 1.4448e-18 107212.70 3 
107548.09 9.8453e-19 107817.50 3 
108151.49 1.4894e-18 108422.41 3 
108754.77 1.3684e-18 109027.20 3 
109358.06 1.6390e-18 109632.00 3 
109961.45 1.7934e-18 110236.90 3 
110564.74 1.6391e-18 110841.70 3 
111168.03 1.4018e-18 111446.51 3 
111771.41 1.4565e-18 112051.40 3 
112374.70 2.2870e-18 112656.20 3 
112978.09 1.4407e-18 113261.10 3 
113581.38 1.1738e-18 113865.90 3 
114184.67 1.3324e-18 114470.70 3 
114788.06 1.4600e-18 115075.60 3 
115391.34 1.7432e-18 115680.40 3 
115994.64 1.6279e-18 116285.20 3 
116598.02 1.8695e-18 116890.09 3 
117201.31 1.4534e-18 117494.90 3 
117804.59 1.6219e-18 118099.70 3 
118407.98 1.7782e-18 118704.59 3 
119011.28 1.3360e-18 119309.40 3 
119614.67 1.7222e-18 119914.30 3 
120217.96 2.1811e-18 120519.10 3 
120821.24 2.3585e-18 121123.90 3 
121424.64 2.1938e-18 121728.80 3 
122027.92 2.1038e-18 122333.60 3 
122631.22 2.0800e-18 122938.41 3 
123234.59 2.5351e-18 123543.30 3 
123837.89 2.6811e-18 124148.10 3 
124441.18 2.2327e-18 124752.91 3 
125044.56 2.0098e-18 125357.80 3 
125647.85 2.7318e-18 125962.60 3 
126251.24 1.9259e-18 126567.50 3 
126854.53 2.2570e-18 127172.30 3 
127457.82 2.3624e-18 127777.10 3 
128061.21 2.9179e-18 128382.00 3 
128664.49 2.8628e-18 128986.80 3 
129267.79 2.3286e-18 129591.60 3 
129871.18 2.0154e-18 130196.51 3 
130474.46 2.2018e-18 130801.30 3 
131077.74 2.3917e-18 131406.09 3 
131681.14 2.3544e-18 132011.00 3 
132284.42 2.0021e-18 132615.80 3 
132887.71 2.5053e-18 133220.59 3 
133491.10 2.4569e-18 133825.50 3 
134094.39 2.4389e-18 134430.30 3 
134697.79 2.4905e-18 135035.20 3 
135301.07 2.7953e-18 135640.00 3 
135904.36 2.7141e-18 136244.80 3 
136507.75 2.3547e-18 136849.70 3 
137111.04 2.3173e-18 137454.50 3 
137714.32 2.5870e-18 138059.30 3 
138317.72 2.7190e-18 138664.20 3 
138921.00 2.3000e-18 139269.00 3 
139524.29 2.7245e-18 139873.80 3 
140127.68 2.6813e-18 140478.70 3 
140730.97 2.5421e-18 141083.50 3 
141334.36 2.6745e-18 141688.41 3 
141937.65 3.5887e-18 142293.20 3 
142540.93 2.9777e-18 142898.00 3 
143144.33 2.2218e-18 143502.91 3 
143747.62 2.9865e-18 144107.70 3 
144350.90 2.0628e-18 144712.50 3 
145409.84 2.9564e-18 145774.09 3 
146254.54 3.1036e-18 146620.91 3 
147099.22 2.5664e-18 147467.70 3 
147943.90 2.2051e-18 148314.50 3 
148788.49 2.6891e-18 149161.20 3 
149633.17 2.9034e-18 150008.00 3 
150477.85 2.8334e-18 150854.80 3 
151322.44 2.8241e-18 151701.50 3 
152167.12 3.0513e-18 152548.30 3 
153011.80 2.3057e-18 153395.09 3 
153856.39 2.5220e-18 154241.80 3 
154701.07 3.2022e-18 155088.59 3 
155545.76 6.7386e-18 155935.41 3 
156390.35 4.2310e-18 156782.11 3 
157235.03 2.6627e-18 157628.91 3 
158079.71 2.5277e-18 158475.70 3 
158924.29 2.6410e-18 159322.39 3 
159768.98 2.5628e-18 160169.20 3 
160613.66 2.6054e-18 161016.00 3 
161458.34 2.4444e-18 161862.80 3 
162302.93 3.2946e-18 162709.50 3 
163147.63 2.5815e-18 163556.31 3 
163992.29 2.8595e-18 164403.09 3 
164836.90 2.6573e-18 165249.81 3 
165681.56 2.3328e-18 166096.59 3 
166526.24 1.8199e-18 166943.39 3 
167370.85 2.6432e-18 167790.11 3 
168215.51 2.7297e-18 168636.89 3 
169060.21 3.0484e-18 169483.70 3 
169904.78 3.2649e-18 170330.39 3 
170749.48 2.9435e-18 171177.20 3 
171594.16 2.9977e-18 172024.00 3 
172438.73 3.7229e-18 172870.69 3 
173283.43 2.6765e-18 173717.50 3 
174128.11 3.3818e-18 174564.30 3 
174972.79 2.9844e-18 175411.09 3 
175817.37 3.5499e-18 176257.80 3 
176662.07 3.3111e-18 177104.61 3 
177506.74 3.3319e-18 177951.39 3 
178351.34 3.4505e-18 178798.11 3 
179196.02 3.2641e-18 179644.91 3 
180040.70 3.1917e-18 180491.70 3 
180885.29 2.6866e-18 181338.41 3 
181729.95 3.2830e-18 182185.19 3 
182574.65 3.3806e-18 183032.00 3 
183419.24 2.5502e-18 183878.70 3 
184263.92 2.7673e-18 184725.50 3 
185108.60 2.4947e-18 185572.30 3 
185953.17 2.4230e-18 186418.98 3 
186797.87 4.4822e-18 187265.80 3 
187642.56 4.2719e-18 188112.61 3 
188487.25 3.0123e-18 188959.41 3 
189331.82 2.7564e-18 189806.09 3 
190176.51 2.6321e-18 190652.91 3 
191021.18 3.0279e-18 191499.69 3 
191865.78 2.9670e-18 192346.41 3 
192710.46 2.8478e-18 193193.20 3 
193555.14 2.6244e-18 194040.00 3 
194399.73 3.2685e-18 194886.70 3 
195244.43 2.6352e-18 195733.52 3 
196089.09 2.7524e-18 196580.30 3 
196933.68 3.7178e-18 197427.00 3 
197778.36 2.0713e-18 198273.80 3 
198623.04 1.9991e-18 199120.59 3 
199467.65 3.1672e-18 199967.31 3 
200312.31 3.0765e-18 200814.09 3 
201157.01 3.0316e-18 201660.91 3 
202001.69 2.9024e-18 202507.70 3 
202846.26 3.5549e-18 203354.39 3 
203690.96 2.3908e-18 204201.20 3 
205380.23 2.9777e-18 205894.70 3 
207069.59 2.6909e-18 207588.30 3 
208758.87 2.7348e-18 209281.81 3 
210448.12 2.8437e-18 210975.30 3 
212137.49 2.6801e-18 212668.89 3 
213826.75 2.6676e-18 214362.39 3 
215516.13 2.5091e-18 216056.00 3 
217205.40 2.2294e-18 217749.50 3 
218894.67 2.4232e-18 219443.00 3 
220584.05 2.5699e-18 221136.61 3 
222273.31 2.7787e-18 222830.11 3 
223962.57 2.2075e-18 224523.59 3 
225651.93 2.7694e-18 226217.19 3 
227341.21 2.4954e-18 227910.70 3 
229030.58 2.5876e-18 229604.30 3 
230719.84 2.4428e-18 231297.80 3 
232409.11 2.6214e-18 232991.30 3 
234098.49 3.0015e-18 234684.91 3 
235787.76 2.8223e-18 236378.41 3 
237477.03 2.7152e-18 238071.91 3 
239166.37 2.7723e-18 239765.48 3 
240855.66 2.8016e-18 241459.00 3 
242545.02 2.8381e-18 243152.59 3 
244234.29 2.7856e-18 244846.09 3 
245923.56 2.7118e-18 246539.59 3 
247612.93 2.6188e-18 248233.20 3 
249302.20 2.9405e-18 249926.70 3 
250991.47 2.9622e-18 251620.20 3 
252680.85 3.0157e-18 253313.81 3 
254370.12 3.2548e-18 255007.31 3 
256059.46 3.1048e-18 256700.89 3 
257748.73 3.4570e-18 258394.39 3 
259438.00 3.8218e-18 260087.89 3 
261127.38 3.3383e-18 261781.50 3 
262816.64 3.3439e-18 263475.00 3 
264505.91 3.3533e-18 265168.50 3 
266195.27 3.2675e-18 266862.09 3 
267884.54 3.1879e-18 268555.59 3 
269573.90 3.0974e-18 270249.19 3 
271263.17 3.1057e-18 271942.69 3 
272952.47 3.1324e-18 273636.22 3 
274641.83 3.1839e-18 275329.81 3 
276331.07 3.1721e-18 277023.28 3 
278020.34 3.2468e-18 278716.78 3 
279709.73 3.2755e-18 280410.41 3 
281399.00 3.1702e-18 282103.91 3 
283088.36 2.7881e-18 283797.50 3 
284777.63 3.1522e-18 285491.00 3 
286466.90 3.2740e-18 287184.50 3 
288156.26 3.2661e-18 288878.09 3 
289845.53 3.2717e-18 290571.59 3 
291534.80 3.2829e-18 292265.09 3 
293224.16 3.2536e-18 293958.69 3 
294913.43 3.0643e-18 295652.19 3 
296602.79 3.0598e-18 297345.78 3 
298292.09 3.3126e-18 299039.31 3 
299981.36 3.1908e-18 300732.81 3 
301670.72 3.0175e-18 302426.41 3 
303359.99 3.1101e-18 304119.91 3 
305049.26 3.1239e-18 305813.41 3 
306738.62 3.0814e-18 307507.00 3 
308427.89 3.1081e-18 309200.50 3 
310117.25 2.8680e-18 310894.09 3 
311806.52 2.9673e-18 312587.59 3 
313495.79 2.8659e-18 314281.09 3 
315185.15 3.3448e-18 315974.69 3 
316874.45 3.2651e-18 317668.22 3 
318563.72 2.8440e-18 319361.72 3 
320253.08 3.0399e-18 321055.31 3 
321942.32 3.2117e-18 322748.78 3 
323631.71 3.0510e-18 324442.41 3 
325320.98 3.1916e-18 326135.91 3 
327010.25 3.5522e-18 327829.41 3 
328699.61 3.3147e-18 329523.00 3 
330388.88 2.9242e-18 331216.50 3 
332078.14 3.1513e-18 332910.00 3 
333767.54 3.4958e-18 334603.62 3 
335456.81 4.0222e-18 336297.12 3 
337146.14 3.5220e-18 337990.69 3 
338835.40 3.2042e-18 339684.19 3 
340524.70 3.1158e-18 341377.72 3 
342214.04 3.6061e-18 343071.28 3 
343903.30 3.6170e-18 344764.78 3 
345592.57 3.6757e-18 346458.28 3 
347281.96 4.7801e-18 348151.91 3 
348971.20 4.3911e-18 349845.38 3 
