# An Atlas of Galaxy Spectral Energy Distributions from the Ultraviolet to the Mid-Infrared
# Brown et al. (2014)
# http://dx.doi.org/10.5072/03/529D3551F0117
# 
# Column 1 : Restframe Wavelength (Angstrom)
# Column 2 : Flux per unit wavelength (ergs/s/cm^2/Angstrom)
# Column 3 : Observed wavelength (Angstrom)
# Column 4 : Source (0 = model, 1 = Optical Spectrum, 2 = Akari, 3 = Spitzer IRS)
# 
   101.99 2.1889e-19    102.80 0 
   103.88 2.5717e-19    104.71 0 
   106.06 3.1859e-19    106.91 0 
   108.03 3.9376e-19    108.89 0 
   110.04 5.3979e-19    110.92 0 
   113.91 7.9109e-19    114.82 0 
   117.91 1.0647e-18    118.85 0 
   120.94 1.8760e-18    121.90 0 
   124.90 2.5658e-18    125.89 0 
   126.93 2.9732e-18    127.94 0 
   128.10 3.2228e-18    129.12 0 
   131.08 3.7517e-18    132.13 0 
   131.99 4.1805e-18    133.05 0 
   134.14 4.5209e-18    135.21 0 
   136.95 5.9597e-18    138.04 0 
   140.14 6.9860e-18    141.25 0 
   143.07 1.1701e-17    144.21 0 
   147.08 1.9509e-17    148.25 0 
   150.85 2.1195e-17    152.05 0 
   155.08 2.7493e-17    156.31 0 
   159.06 3.2228e-17    160.32 0 
   162.01 3.5994e-17    163.31 0 
   166.17 4.1709e-17    167.49 0 
   170.04 4.7668e-17    171.40 0 
   172.80 4.4692e-17    174.18 0 
   176.83 5.9735e-17    178.24 0 
   180.12 6.5197e-17    181.55 0 
   182.20 6.9060e-17    183.65 0 
   186.02 7.7131e-17    187.50 0 
   190.79 8.7948e-17    192.31 0 
   193.89 9.5330e-17    195.43 0 
   197.95 1.0477e-16    199.53 0 
   202.09 1.1514e-16    203.70 0 
   204.90 1.2281e-16    206.54 0 
   210.16 1.3189e-16    211.84 0 
   216.05 1.5354e-16    217.77 0 
   220.07 1.6605e-16    221.82 0 
   223.13 1.7347e-16    224.91 0 
   226.75 1.8846e-16    228.56 0 
   229.91 2.5482e-16    231.74 0 
   234.18 4.1998e-16    236.05 0 
   240.19 5.0609e-16    242.10 0 
   245.78 5.1195e-16    247.74 0 
   252.09 5.6393e-16    254.10 0 
   256.77 5.3116e-16    258.82 0 
   259.75 5.9051e-16    261.82 0 
   263.97 6.9539e-16    266.07 0 
   268.88 7.3829e-16    271.02 0 
   273.87 7.7665e-16    276.06 0 
   278.97 7.5029e-16    281.19 0 
   284.15 8.6145e-16    286.42 0 
   290.10 9.1459e-16    292.42 0 
   296.18 9.1881e-16    298.54 0 
   300.99 9.4892e-16    303.39 0 
   308.00 1.0820e-15    310.46 0 
   318.09 1.1541e-15    320.63 0 
   327.76 1.2771e-15    330.37 0 
   337.72 1.3220e-15    340.41 0 
   347.98 1.3497e-15    350.75 0 
   356.90 1.8890e-15    359.75 0 
   366.06 3.0495e-15    368.98 0 
   374.59 3.1062e-15    377.57 0 
   385.08 2.6196e-15    388.15 0 
   394.96 4.1613e-15    398.11 0 
   405.09 5.4229e-15    408.32 0 
   413.57 5.5876e-15    416.87 0 
   422.23 5.1788e-15    425.60 0 
   430.08 5.0726e-15    433.51 0 
   441.12 6.1408e-15    444.63 0 
   451.39 6.4155e-15    454.99 0 
   459.78 5.7178e-15    463.45 0 
   470.49 6.0011e-15    474.24 0 
   480.34 6.9539e-15    484.17 0 
   490.40 5.9051e-15    494.31 0 
   499.52 7.5202e-15    503.50 0 
   506.47 6.4599e-15    510.50 0 
   512.33 1.0895e-14    516.42 0 
   519.46 1.0501e-14    523.60 0 
   530.34 9.7775e-15    534.56 0 
   540.20 8.0766e-15    544.50 0 
   550.24 7.9658e-15    554.63 0 
   560.47 1.0672e-14    564.94 0 
   569.58 1.2168e-14    574.12 0 
   580.17 1.1946e-14    584.79 0 
   589.59 1.2224e-14    594.29 0 
   600.55 1.0075e-14    605.34 0 
   610.31 9.9364e-15    615.18 0 
   620.23 1.2771e-14    625.17 0 
   630.31 1.2029e-14    635.33 0 
   640.55 1.3281e-14    645.65 0 
   649.46 1.2771e-14    654.64 0 
   658.49 1.1594e-14    663.74 0 
   664.59 1.3220e-14    669.88 0 
   675.39 1.3971e-14    680.77 0 
   684.78 1.1728e-14    690.24 0 
   694.31 1.3843e-14    699.84 0 
   705.59 1.0895e-14    711.21 0 
   715.41 1.4296e-14    721.11 0 
   725.36 1.4396e-14    731.14 0 
   735.45 1.4429e-14    741.31 0 
   745.68 1.3843e-14    751.62 0 
   754.31 1.3716e-14    760.33 0 
   764.81 1.2168e-14    770.90 0 
   775.45 1.3653e-14    781.63 0 
   784.43 1.2423e-14    790.68 0 
   795.34 1.3404e-14    801.68 0 
   804.55 1.3653e-14    810.96 0 
   815.74 1.3653e-14    822.24 0 
   825.19 1.3843e-14    831.76 0 
   834.74 1.0696e-14    841.40 0 
   844.41 1.3373e-14    851.14 0 
   854.19 1.3069e-14    860.99 0 
   864.08 1.3528e-14    870.96 0 
   874.08 1.3497e-14    881.05 0 
   884.20 1.3466e-14    891.25 0 
   894.44 1.3435e-14    901.57 0 
   904.80 1.3069e-14    912.01 0 
   915.28 1.2567e-14    922.57 0 
   925.88 2.8069e-14    933.25 0 
   934.44 4.3876e-14    941.89 0 
   945.26 5.8375e-14    952.80 0 
   954.01 6.7956e-14    961.61 0 
   965.06 7.1983e-14    972.75 0 
   973.99 2.7304e-14    981.75 0 
   985.26 5.4730e-14    993.12 0 
   994.38 5.3979e-14   1002.31 0 
  1005.89 6.8901e-14   1013.91 0 
  1015.20 7.0669e-14   1023.29 0 
  1024.60 4.8778e-14   1032.76 0 
  1034.08 6.0288e-14   1042.32 0 
  1046.05 8.4378e-14   1054.39 0 
  1055.73 8.0766e-14   1064.14 0 
  1065.50 6.6409e-14   1073.99 0 
  1075.36 7.3490e-14   1083.93 0 
  1085.31 6.3129e-14   1093.96 0 
  1095.35 7.5029e-14   1104.08 0 
  1105.48 7.1323e-14   1114.29 0 
  1115.71 6.8901e-14   1124.61 0 
  1126.04 6.0011e-14   1135.01 0 
  1133.84 7.2315e-14   1142.88 0 
  1144.33 6.7800e-14   1153.45 0 
  1154.92 6.8270e-14   1164.13 0 
  1165.61 6.7024e-14   1174.90 0 
  1173.69 4.4692e-14   1183.04 0 
  1184.55 6.3274e-14   1193.99 0 
  1195.51 5.2027e-14   1205.04 0 
  1203.79 4.3374e-14   1213.39 0 
  1214.93 3.5911e-14   1224.62 0 
  1226.17 5.0726e-14   1235.95 0 
  1234.67 6.2839e-14   1244.51 0 
  1246.10 6.5047e-14   1256.03 0 
  1254.74 6.2406e-14   1264.74 0 
  1266.35 5.8510e-14   1276.44 0 
  1275.12 6.7333e-14   1285.29 0 
  1283.96 6.8585e-14   1294.20 0 
  1295.84 5.7178e-14   1306.17 0 
  1304.83 5.7046e-14   1315.22 0 
  1313.87 6.6256e-14   1324.34 0 
  1326.03 6.2984e-14   1336.60 0 
  1335.22 5.7707e-14   1345.86 0 
  1344.47 6.3860e-14   1355.19 0 
  1353.79 6.1692e-14   1364.58 0 
  1366.32 5.6264e-14   1377.21 0 
  1375.79 5.6523e-14   1386.76 0 
  1385.33 5.5876e-14   1396.37 0 
  1394.93 4.3075e-14   1406.05 0 
  1404.60 4.2387e-14   1415.79 0 
  1414.34 5.1313e-14   1425.61 0 
  1424.14 5.0493e-14   1435.49 0 
  1434.01 5.1669e-14   1445.44 0 
  1440.63 5.2751e-14   1452.11 0 
  1447.28 5.2872e-14   1458.81 0 
  1453.96 5.0843e-14   1465.55 0 
  1464.04 4.7449e-14   1475.71 0 
  1474.19 4.7668e-14   1485.94 0 
  1484.40 4.8109e-14   1496.24 0 
  1494.69 4.7778e-14   1506.61 0 
  1505.06 4.5002e-14   1517.05 0 
  1512.00 4.0853e-14   1524.05 0 
  1515.49 4.2680e-14   1527.57 0 
  1525.99 4.1709e-14   1538.15 0 
  1536.57 3.5664e-14   1548.82 0 
  1543.66 3.3902e-14   1555.97 0 
  1554.36 3.3283e-14   1566.75 0 
  1565.14 3.6243e-14   1577.61 0 
  1575.99 3.8391e-14   1588.55 0 
  1583.26 3.9466e-14   1595.88 0 
  1594.24 3.9557e-14   1606.94 0 
  1605.29 3.8657e-14   1618.08 0 
  1616.41 3.8127e-14   1629.30 0 
  1623.87 3.7002e-14   1636.82 0 
  1635.13 3.8746e-14   1648.16 0 
  1646.46 3.8746e-14   1659.59 0 
  1654.06 3.7173e-14   1667.25 0 
  1665.53 3.8746e-14   1678.80 0 
  1673.22 3.5256e-14   1686.55 0 
  1677.07 3.9649e-14   1690.44 0 
  1684.82 3.9832e-14   1698.24 0 
  1696.49 3.7690e-14   1710.02 0 
  1704.32 3.6495e-14   1717.91 0 
  1716.14 3.4216e-14   1729.82 0 
  1724.06 3.3591e-14   1737.80 0 
  1736.01 3.5337e-14   1749.85 0 
  1744.02 3.4612e-14   1757.92 0 
  1756.11 3.5664e-14   1770.11 0 
  1764.22 3.3746e-14   1778.28 0 
  1776.45 3.3131e-14   1790.61 0 
  1784.65 3.3824e-14   1798.87 0 
  1797.02 3.4772e-14   1811.34 0 
  1805.31 3.4692e-14   1819.70 0 
  1813.65 3.1859e-14   1828.10 0 
  1826.22 3.2451e-14   1840.77 0 
  1834.65 3.1422e-14   1849.27 0 
  1843.12 2.9122e-14   1857.80 0 
  1855.89 2.8989e-14   1870.68 0 
  1864.46 2.9460e-14   1879.32 0 
  1873.06 3.1062e-14   1887.99 0 
  1886.05 2.8460e-14   1901.08 0 
  1894.75 2.7116e-14   1909.85 0 
  1903.50 2.8789e-14   1918.67 0 
  1916.69 2.7367e-14   1931.97 0 
  1925.54 2.6377e-14   1940.89 0 
  1934.43 2.7748e-14   1949.84 0 
  1943.36 2.8199e-14   1958.84 0 
  1956.83 2.5896e-14   1972.42 0 
  1965.86 2.8004e-14   1981.53 0 
  1974.93 2.8723e-14   1990.67 0 
  1984.05 2.7116e-14   1999.86 0 
  1993.21 2.6377e-14   2009.09 0 
  2007.02 2.7179e-14   2023.02 0 
  2016.29 2.6377e-14   2032.36 0 
  2025.59 2.7367e-14   2041.74 0 
  2034.94 2.5482e-14   2051.16 0 
  2044.34 2.5955e-14   2060.63 0 
  2053.77 2.3401e-14   2070.14 0 
  2063.25 2.4167e-14   2079.70 0 
  2072.78 2.6377e-14   2089.30 0 
  2077.55 2.4560e-14   2094.11 0 
  2087.14 2.5423e-14   2103.78 0 
  2096.78 2.4056e-14   2113.49 0 
  2106.46 2.4391e-14   2123.24 0 
  2116.18 2.4560e-14   2133.04 0 
  2125.95 2.4617e-14   2142.89 0 
  2135.76 2.3563e-14   2152.78 0 
  2145.62 2.3293e-14   2162.72 0 
  2155.52 2.4001e-14   2172.70 0 
  2165.47 2.3347e-14   2182.73 0 
  2175.47 2.3186e-14   2192.81 0 
  2185.51 2.2451e-14   2202.93 0 
  2195.60 2.3133e-14   2213.09 0 
  2205.73 2.2658e-14   2223.31 0 
  2215.91 2.1839e-14   2233.57 0 
  2226.14 2.1244e-14   2243.88 0 
  2236.41 2.1688e-14   2254.24 0 
  2246.74 2.1146e-14   2264.64 0 
  2257.11 2.0428e-14   2275.10 0 
  2267.53 2.0760e-14   2285.60 0 
  2272.75 2.0808e-14   2290.87 0 
  2283.24 2.0856e-14   2301.44 0 
  2293.78 1.9599e-14   2312.07 0 
  2304.37 1.9736e-14   2322.74 0 
  2315.01 1.9022e-14   2333.46 0 
  2325.69 1.6117e-14   2344.23 0 
  2336.43 1.8125e-14   2355.05 0 
  2347.21 1.7959e-14   2365.92 0 
  2352.62 1.8251e-14   2371.37 0 
  2363.48 1.7551e-14   2382.32 0 
  2374.39 1.7471e-14   2393.32 0 
  2385.35 1.6762e-14   2404.36 0 
  2396.36 1.7272e-14   2415.46 0 
  2407.42 1.6724e-14   2426.61 0 
  2412.97 1.6841e-14   2432.20 0 
  2424.11 1.7075e-14   2443.43 0 
  2435.30 1.6458e-14   2454.71 0 
  2446.54 1.6881e-14   2466.04 0 
  2452.18 1.6611e-14   2471.72 0 
  2463.50 1.6459e-14   2483.13 0 
  2474.87 1.6048e-14   2494.60 0 
  2486.29 1.6122e-14   2506.11 0 
  2497.77 1.4075e-14   2517.68 0 
  2503.53 1.5938e-14   2523.48 0 
  2515.08 1.4978e-14   2535.13 0 
  2520.88 1.5576e-14   2540.97 0 
  2526.69 1.5152e-14   2546.83 0 
  2532.52 1.5152e-14   2552.70 0 
  2544.21 1.4740e-14   2564.48 0 
  2555.95 1.5083e-14   2576.32 0 
  2567.75 1.4877e-14   2588.21 0 
  2573.67 1.5189e-14   2594.18 0 
  2585.55 1.5015e-14   2606.15 0 
  2597.48 1.4844e-14   2618.18 0 
  2603.47 1.4506e-14   2624.22 0 
  2615.49 1.4307e-14   2636.33 0 
  2627.56 1.4407e-14   2648.50 0 
  2633.62 1.4407e-14   2654.61 0 
  2645.77 1.4675e-14   2666.86 0 
  2657.98 1.4575e-14   2679.17 0 
  2664.11 1.3887e-14   2685.34 0 
  2676.41 1.4048e-14   2697.74 0 
  2682.58 1.3952e-14   2703.96 0 
  2694.96 1.3540e-14   2716.44 0 
  2707.40 1.3510e-14   2728.98 0 
  2713.64 1.3233e-14   2735.27 0 
  2726.17 1.3233e-14   2747.89 0 
  2732.45 1.3356e-14   2754.23 0 
  2745.06 1.2609e-14   2766.94 0 
  2757.73 1.2552e-14   2779.71 0 
  2764.09 1.2610e-14   2786.12 0 
  2776.85 1.2874e-14   2798.98 0 
  2783.25 1.2639e-14   2805.43 0 
  2796.10 1.1474e-14   2818.38 0 
  2802.54 1.1851e-14   2824.88 0 
  2815.48 1.2524e-14   2837.92 0 
  2821.97 1.2467e-14   2844.46 0 
  2835.00 1.1961e-14   2857.59 0 
  2848.08 1.1879e-14   2870.78 0 
  2854.65 1.1770e-14   2877.40 0 
  2867.82 1.1962e-14   2890.68 0 
  2874.43 1.1771e-14   2897.34 0 
  2887.70 1.1717e-14   2910.72 0 
  2894.36 1.1530e-14   2917.43 0 
  2907.72 1.1664e-14   2930.89 0 
  2927.87 1.1399e-14   2951.21 0 
  2948.17 1.1166e-14   2971.67 0 
  2968.61 1.1038e-14   2992.27 0 
  2989.18 1.0862e-14   3013.01 0 
  3009.90 1.0714e-14   3033.89 0 
  3030.77 1.0592e-14   3054.92 0 
  3051.77 1.0399e-14   3076.10 0 
  3072.93 1.0233e-14   3097.42 0 
  3087.11 1.0070e-14   3111.72 0 
  3108.51 9.9093e-15   3133.29 0 
  3130.06 9.7065e-15   3155.01 0 
  3151.76 9.6180e-15   3176.87 0 
  3173.60 9.4212e-15   3198.90 0 
  3188.25 9.1436e-15   3213.66 0 
  3210.35 9.1021e-15   3235.94 0 
  3232.60 8.9159e-15   3258.37 0 
  3247.52 8.8548e-15   3273.41 0 
  3270.03 8.7337e-15   3296.10 0 
  3292.70 8.6143e-15   3318.94 0 
  3307.90 8.4964e-15   3334.26 0 
  3323.17 8.6946e-15   3349.66 0 
  3330.83 8.5953e-15   3357.38 0 
  3338.51 8.3804e-15   3365.12 0 
  3346.20 8.3999e-15   3372.87 0 
  3353.92 8.1711e-15   3380.65 0 
  3361.65 8.2279e-15   3388.44 0 
  3369.40 8.0408e-15   3396.25 0 
  3377.17 7.9672e-15   3404.08 0 
  3384.95 8.2473e-15   3411.93 0 
  3392.75 8.2096e-15   3419.79 0 
  3400.58 8.3431e-15   3427.68 0 
  3408.41 7.9129e-15   3435.58 0 
  3416.27 8.0231e-15   3443.50 0 
  3424.15 8.1162e-15   3451.44 0 
  3432.04 8.1350e-15   3459.39 0 
  3439.95 8.1165e-15   3467.37 0 
  3447.88 7.8772e-15   3475.36 0 
  3455.83 7.6451e-15   3483.37 0 
  3463.80 7.5751e-15   3491.40 0 
  3471.78 7.6278e-15   3499.45 0 
  3479.79 7.5929e-15   3507.52 0 
  3487.81 7.5234e-15   3515.60 0 
  3495.85 7.6811e-15   3523.71 0 
  3503.91 7.4375e-15   3531.83 0 
  3511.98 7.3695e-15   3539.97 0 
  3520.08 7.4378e-15   3548.13 0 
  3528.19 7.4551e-15   3556.31 0 
  3536.33 7.5069e-15   3564.51 0 
  3544.48 7.4898e-15   3572.73 0 
  3552.65 7.5245e-15   3580.96 0 
  3560.84 7.4728e-15   3589.22 0 
  3569.05 7.3197e-15   3597.49 0 
  3577.28 6.9904e-15   3605.79 0 
  3585.52 6.9424e-15   3614.10 0 
  3593.79 6.9425e-15   3622.43 0 
  3602.07 7.0392e-15   3630.78 0 
  3610.38 7.0394e-15   3639.15 0 
  3618.70 7.0395e-15   3647.54 0 
  3627.04 7.2703e-15   3655.95 0 
  3635.40 7.1377e-15   3664.37 0 
  3643.78 7.1378e-15   3672.82 0 
  3652.18 7.0077e-15   3681.29 0 
  3659.79 6.2626e-15   3688.96 1 
  3662.52 6.6204e-15   3691.71 1 
  3665.25 6.8364e-15   3694.46 1 
  3667.98 7.0401e-15   3697.21 1 
  3670.70 7.0788e-15   3699.96 1 
  3673.43 7.2718e-15   3702.71 1 
  3676.16 6.7397e-15   3705.46 1 
  3678.89 5.9225e-15   3708.21 1 
  3681.62 6.1236e-15   3710.96 1 
  3684.35 7.1811e-15   3713.71 1 
  3687.07 5.4823e-15   3716.46 1 
  3689.80 5.7562e-15   3719.21 1 
  3692.53 5.7974e-15   3721.96 1 
  3695.26 6.7543e-15   3724.71 1 
  3697.99 5.7714e-15   3727.46 1 
  3700.72 6.8765e-15   3730.21 1 
  3703.44 5.8240e-15   3732.96 1 
  3706.17 5.6902e-15   3735.71 1 
  3708.90 6.8373e-15   3738.46 1 
  3711.63 6.7982e-15   3741.21 1 
  3714.36 7.7247e-15   3743.96 1 
  3717.08 7.9342e-15   3746.71 1 
  3719.81 1.0537e-14   3749.46 1 
  3722.54 1.7573e-14   3752.21 1 
  3725.27 2.8585e-14   3754.96 1 
  3728.00 3.3228e-14   3757.71 1 
  3730.73 2.8615e-14   3760.46 1 
  3733.45 1.7946e-14   3763.21 1 
  3736.18 1.0625e-14   3765.96 1 
  3738.91 8.0133e-15   3768.71 1 
  3741.64 8.2673e-15   3771.46 1 
  3744.37 8.1428e-15   3774.21 1 
  3747.10 7.1326e-15   3776.96 1 
  3749.82 7.0633e-15   3779.71 1 
  3752.55 7.5860e-15   3782.46 1 
  3755.28 7.9634e-15   3785.21 1 
  3758.01 7.8823e-15   3787.96 1 
  3760.74 8.1251e-15   3790.71 1 
  3763.47 7.3081e-15   3793.46 1 
  3766.19 6.7248e-15   3796.21 1 
  3768.92 6.4631e-15   3798.96 1 
  3771.65 6.2083e-15   3801.71 1 
  3774.38 7.0564e-15   3804.46 1 
  3777.11 7.6566e-15   3807.21 1 
  3779.83 7.6833e-15   3809.96 1 
  3782.56 7.9583e-15   3812.71 1 
  3785.29 8.3772e-15   3815.46 1 
  3788.02 8.7163e-15   3818.21 1 
  3790.75 8.1462e-15   3820.96 1 
  3793.48 7.6437e-15   3823.71 1 
  3796.20 7.6450e-15   3826.46 1 
  3798.93 6.7463e-15   3829.21 1 
  3801.66 7.2178e-15   3831.96 1 
  3804.39 6.8953e-15   3834.71 1 
  3807.12 7.3328e-15   3837.46 1 
  3809.85 8.5425e-15   3840.21 1 
  3812.57 8.2989e-15   3842.96 1 
  3815.30 8.0483e-15   3845.71 1 
  3818.03 8.5689e-15   3848.46 1 
  3820.76 9.0450e-15   3851.21 1 
  3823.49 7.3768e-15   3853.96 1 
  3826.22 6.9860e-15   3856.71 1 
  3828.94 7.5221e-15   3859.46 1 
  3831.67 7.3150e-15   3862.21 1 
  3834.40 6.6145e-15   3864.96 1 
  3837.13 7.3664e-15   3867.71 1 
  3839.86 7.4553e-15   3870.46 1 
  3842.58 6.9596e-15   3873.21 1 
  3845.31 7.7501e-15   3875.96 1 
  3848.04 8.6261e-15   3878.71 1 
  3850.77 9.0033e-15   3881.46 1 
  3853.50 8.6983e-15   3884.21 1 
  3856.23 8.8117e-15   3886.96 1 
  3858.95 9.1676e-15   3889.71 1 
  3861.68 9.2091e-15   3892.46 1 
  3864.41 1.1070e-14   3895.21 1 
  3867.14 1.2883e-14   3897.96 1 
  3869.87 1.3203e-14   3900.71 1 
  3872.60 1.1660e-14   3903.46 1 
  3875.32 9.6750e-15   3906.21 1 
  3878.05 7.9484e-15   3908.96 1 
  3880.78 7.3099e-15   3911.71 1 
  3883.51 7.4229e-15   3914.46 1 
  3886.24 8.8577e-15   3917.21 1 
  3888.96 8.6995e-15   3919.96 1 
  3891.69 7.5532e-15   3922.71 1 
  3894.42 7.4048e-15   3925.46 1 
  3897.15 7.4038e-15   3928.21 1 
  3899.88 7.7214e-15   3930.96 1 
  3902.61 7.6408e-15   3933.71 1 
  3905.33 8.0946e-15   3936.46 1 
  3908.06 8.1539e-15   3939.21 1 
  3910.79 8.4739e-15   3941.96 1 
  3913.52 7.4478e-15   3944.71 1 
  3916.25 7.3630e-15   3947.46 1 
  3918.98 7.3767e-15   3950.21 1 
  3921.70 8.1877e-15   3952.96 1 
  3924.43 7.8578e-15   3955.71 1 
  3927.16 7.7943e-15   3958.46 1 
  3929.89 7.5308e-15   3961.21 1 
  3932.62 7.4221e-15   3963.96 1 
  3935.35 7.2498e-15   3966.71 1 
  3938.07 7.6771e-15   3969.46 1 
  3940.80 7.9305e-15   3972.21 1 
  3943.53 7.8610e-15   3974.96 1 
  3946.26 7.8806e-15   3977.71 1 
  3948.99 7.6510e-15   3980.46 1 
  3951.71 7.3497e-15   3983.21 1 
  3954.44 6.9394e-15   3985.96 1 
  3957.17 7.3583e-15   3988.71 1 
  3959.90 7.5134e-15   3991.46 1 
  3962.63 7.9629e-15   3994.21 1 
  3965.36 8.0698e-15   3996.96 1 
  3968.08 8.4854e-15   3999.71 1 
  3970.81 8.7613e-15   4002.46 1 
  3973.54 7.8018e-15   4005.21 1 
  3976.27 7.1021e-15   4007.96 1 
  3979.00 7.1528e-15   4010.71 1 
  3981.73 7.8704e-15   4013.46 1 
  3984.45 7.7758e-15   4016.21 1 
  3987.18 7.5145e-15   4018.96 1 
  3989.91 7.6698e-15   4021.71 1 
  3992.64 7.9574e-15   4024.46 1 
  3995.37 7.9163e-15   4027.21 1 
  3998.10 7.5808e-15   4029.96 1 
  4000.82 7.5374e-15   4032.71 1 
  4003.55 7.6247e-15   4035.46 1 
  4006.28 7.9516e-15   4038.21 1 
  4009.01 7.9100e-15   4040.96 1 
  4011.74 8.1084e-15   4043.71 1 
  4014.46 8.6093e-15   4046.46 1 
  4017.19 7.9795e-15   4049.21 1 
  4019.92 7.7659e-15   4051.96 1 
  4022.65 8.2777e-15   4054.71 1 
  4025.38 8.0855e-15   4057.46 1 
  4028.11 7.8308e-15   4060.21 1 
  4030.83 7.6958e-15   4062.96 1 
  4033.56 7.8759e-15   4065.71 1 
  4036.29 8.2919e-15   4068.46 1 
  4039.02 8.7250e-15   4071.21 1 
  4041.75 8.2177e-15   4073.96 1 
  4044.48 7.4550e-15   4076.71 1 
  4047.20 7.8110e-15   4079.46 1 
  4049.93 8.0794e-15   4082.21 1 
  4052.66 7.6578e-15   4084.96 1 
  4055.39 7.4710e-15   4087.71 1 
  4058.12 7.4951e-15   4090.46 1 
  4060.85 7.9114e-15   4093.21 1 
  4063.57 7.5044e-15   4095.96 1 
  4066.30 7.3823e-15   4098.71 1 
  4069.03 7.3844e-15   4101.46 1 
  4071.76 8.3467e-15   4104.21 1 
  4074.49 8.3970e-15   4106.96 1 
  4077.21 7.0546e-15   4109.71 1 
  4079.94 7.2466e-15   4112.46 1 
  4082.67 7.2035e-15   4115.21 1 
  4085.40 7.4012e-15   4117.96 1 
  4088.13 7.2614e-15   4120.71 1 
  4090.86 7.0514e-15   4123.46 1 
  4093.58 7.1876e-15   4126.21 1 
  4096.31 7.7631e-15   4128.96 1 
  4099.04 8.5588e-15   4131.71 1 
  4101.77 8.9030e-15   4134.46 1 
  4104.50 9.1096e-15   4137.21 1 
  4107.23 7.8839e-15   4139.96 1 
  4109.95 7.4964e-15   4142.71 1 
  4112.68 7.2223e-15   4145.46 1 
  4115.41 6.9614e-15   4148.21 1 
  4118.14 6.7075e-15   4150.96 1 
  4120.87 8.0668e-15   4153.71 1 
  4123.59 7.2507e-15   4156.46 1 
  4126.32 7.6801e-15   4159.21 1 
  4129.05 7.0326e-15   4161.96 1 
  4131.78 6.9435e-15   4164.71 1 
  4134.51 7.1573e-15   4167.46 1 
  4137.24 6.8516e-15   4170.21 1 
  4139.96 7.4470e-15   4172.96 1 
  4142.69 7.0826e-15   4175.71 1 
  4145.42 6.5897e-15   4178.46 1 
  4148.15 7.0293e-15   4181.21 1 
  4150.88 6.7005e-15   4183.96 1 
  4153.61 7.0005e-15   4186.71 1 
  4156.33 7.5165e-15   4189.46 1 
  4159.06 6.6788e-15   4192.21 1 
  4161.79 7.5535e-15   4194.96 1 
  4164.52 7.3468e-15   4197.71 1 
  4167.25 6.9140e-15   4200.46 1 
  4169.98 6.8108e-15   4203.21 1 
  4172.70 6.7041e-15   4205.96 1 
  4175.43 7.1078e-15   4208.71 1 
  4178.16 6.9418e-15   4211.46 1 
  4180.89 6.9598e-15   4214.21 1 
  4183.62 6.9086e-15   4216.96 1 
  4186.34 6.8240e-15   4219.71 1 
  4189.07 6.8975e-15   4222.46 1 
  4191.80 7.2687e-15   4225.21 1 
  4194.53 6.4079e-15   4227.96 1 
  4197.26 6.8114e-15   4230.71 1 
  4199.99 7.1984e-15   4233.46 1 
  4202.71 7.0575e-15   4236.21 1 
  4205.44 6.3350e-15   4238.96 1 
  4208.17 6.9393e-15   4241.71 1 
  4210.90 7.1968e-15   4244.46 1 
  4213.63 6.7945e-15   4247.21 1 
  4216.36 6.4419e-15   4249.96 1 
  4219.08 7.6228e-15   4252.71 1 
  4221.81 7.8624e-15   4255.46 1 
  4224.54 7.1894e-15   4258.21 1 
  4227.27 6.5636e-15   4260.96 1 
  4230.00 6.9666e-15   4263.71 1 
  4232.73 7.0483e-15   4266.46 1 
  4235.45 6.8221e-15   4269.21 1 
  4238.18 7.0190e-15   4271.96 1 
  4240.91 7.3080e-15   4274.71 1 
  4243.64 6.8435e-15   4277.46 1 
  4246.37 6.4752e-15   4280.21 1 
  4249.09 7.1151e-15   4282.96 1 
  4251.82 6.8787e-15   4285.71 1 
  4254.55 6.4256e-15   4288.46 1 
  4257.28 6.4345e-15   4291.21 1 
  4260.01 6.9422e-15   4293.96 1 
  4262.74 6.7814e-15   4296.71 1 
  4265.46 6.7643e-15   4299.46 1 
  4268.19 6.7450e-15   4302.21 1 
  4270.92 6.0913e-15   4304.96 1 
  4273.65 6.3905e-15   4307.71 1 
  4276.38 6.1539e-15   4310.46 1 
  4279.11 6.7705e-15   4313.21 1 
  4281.83 6.8465e-15   4315.96 1 
  4284.56 7.1799e-15   4318.71 1 
  4287.29 6.5163e-15   4321.46 1 
  4290.02 6.5046e-15   4324.21 1 
  4292.75 6.6806e-15   4326.96 1 
  4295.48 6.6136e-15   4329.71 1 
  4298.20 7.1326e-15   4332.46 1 
  4300.93 6.4758e-15   4335.21 1 
  4303.66 6.2272e-15   4337.96 1 
  4306.39 6.3396e-15   4340.71 1 
  4309.12 6.5549e-15   4343.46 1 
  4311.84 6.3428e-15   4346.21 1 
  4314.57 6.4412e-15   4348.96 1 
  4317.30 6.1456e-15   4351.71 1 
  4320.03 5.8632e-15   4354.46 1 
  4322.76 6.6889e-15   4357.21 1 
  4325.49 6.2251e-15   4359.96 1 
  4328.21 5.9707e-15   4362.71 1 
  4330.94 6.6694e-15   4365.46 1 
  4333.67 6.9636e-15   4368.21 1 
  4336.40 8.1445e-15   4370.96 1 
  4339.13 1.0652e-14   4373.71 1 
  4341.86 1.1563e-14   4376.46 1 
  4344.58 1.0741e-14   4379.21 1 
  4347.31 7.9772e-15   4381.96 1 
  4350.04 6.3847e-15   4384.71 1 
  4352.77 6.0200e-15   4387.46 1 
  4355.50 6.2067e-15   4390.21 1 
  4358.22 6.1178e-15   4392.96 1 
  4360.95 6.9049e-15   4395.71 1 
  4363.68 7.3384e-15   4398.46 1 
  4366.41 7.3500e-15   4401.21 1 
  4369.14 6.8742e-15   4403.96 1 
  4371.87 6.9709e-15   4406.71 1 
  4374.59 6.4613e-15   4409.46 1 
  4377.32 6.6206e-15   4412.21 1 
  4380.05 6.3123e-15   4414.96 1 
  4382.78 6.1482e-15   4417.71 1 
  4385.51 6.1646e-15   4420.46 1 
  4388.24 6.4422e-15   4423.21 1 
  4390.96 6.2628e-15   4425.96 1 
  4393.69 6.7037e-15   4428.71 1 
  4396.42 6.5719e-15   4431.46 1 
  4399.15 6.3618e-15   4434.21 1 
  4401.88 6.4242e-15   4436.96 1 
  4404.61 6.4200e-15   4439.71 1 
  4407.33 6.6257e-15   4442.46 1 
  4410.06 6.4311e-15   4445.21 1 
  4412.79 6.0583e-15   4447.96 1 
  4415.52 6.0553e-15   4450.71 1 
  4418.25 6.1870e-15   4453.46 1 
  4420.97 6.0884e-15   4456.21 1 
  4423.70 5.9418e-15   4458.96 1 
  4426.43 6.0844e-15   4461.71 1 
  4429.16 6.2413e-15   4464.46 1 
  4431.89 5.9735e-15   4467.21 1 
  4434.62 6.0074e-15   4469.96 1 
  4437.34 6.1954e-15   4472.71 1 
  4440.07 6.2484e-15   4475.46 1 
  4442.80 6.4723e-15   4478.21 1 
  4445.53 6.3721e-15   4480.96 1 
  4448.26 6.1369e-15   4483.71 1 
  4450.99 6.2386e-15   4486.46 1 
  4453.71 5.9675e-15   4489.21 1 
  4456.44 5.8341e-15   4491.96 1 
  4459.17 6.2518e-15   4494.71 1 
  4461.90 6.5335e-15   4497.46 1 
  4464.63 6.6349e-15   4500.21 1 
  4467.36 6.4205e-15   4502.96 1 
  4470.08 6.5254e-15   4505.71 1 
  4472.81 6.4777e-15   4508.46 1 
  4475.54 6.5244e-15   4511.21 1 
  4478.27 6.3164e-15   4513.96 1 
  4481.00 5.9096e-15   4516.71 1 
  4483.72 5.9673e-15   4519.46 1 
  4486.45 5.8490e-15   4522.21 1 
  4489.18 5.7732e-15   4524.96 1 
  4491.91 6.0231e-15   4527.71 1 
  4494.64 6.3880e-15   4530.46 1 
  4497.37 6.3241e-15   4533.21 1 
  4500.09 6.1395e-15   4535.96 1 
  4502.82 6.3079e-15   4538.71 1 
  4505.55 6.2405e-15   4541.46 1 
  4508.28 6.2166e-15   4544.21 1 
  4511.01 6.2011e-15   4546.96 1 
  4513.74 6.1193e-15   4549.71 1 
  4516.46 6.1210e-15   4552.46 1 
  4519.19 5.8458e-15   4555.21 1 
  4521.92 6.0575e-15   4557.96 1 
  4524.65 6.1385e-15   4560.71 1 
  4527.38 5.9143e-15   4563.46 1 
  4530.11 5.9313e-15   4566.21 1 
  4532.83 5.9684e-15   4568.96 1 
  4535.56 6.0207e-15   4571.71 1 
  4538.29 6.0280e-15   4574.46 1 
  4541.02 6.1998e-15   4577.21 1 
  4543.75 6.0709e-15   4579.96 1 
  4546.47 5.5874e-15   4582.71 1 
  4549.20 5.7576e-15   4585.46 1 
  4551.93 5.6739e-15   4588.21 1 
  4554.66 5.7762e-15   4590.96 1 
  4557.39 6.0459e-15   4593.71 1 
  4560.12 6.1297e-15   4596.46 1 
  4562.84 5.9538e-15   4599.21 1 
  4565.57 5.8585e-15   4601.96 1 
  4568.30 5.9197e-15   4604.71 1 
  4571.03 5.8567e-15   4607.46 1 
  4573.76 5.8294e-15   4610.21 1 
  4576.49 5.6513e-15   4612.96 1 
  4579.21 5.7910e-15   4615.71 1 
  4581.94 5.5858e-15   4618.46 1 
  4584.67 5.4083e-15   4621.21 1 
  4587.40 5.6548e-15   4623.96 1 
  4590.13 5.8779e-15   4626.71 1 
  4592.85 5.6724e-15   4629.46 1 
  4595.58 5.8703e-15   4632.21 1 
  4598.31 5.5356e-15   4634.96 1 
  4601.04 5.2994e-15   4637.71 1 
  4603.77 5.5106e-15   4640.46 1 
  4606.50 5.8465e-15   4643.21 1 
  4609.22 5.7383e-15   4645.96 1 
  4611.95 5.7095e-15   4648.71 1 
  4614.68 5.5805e-15   4651.46 1 
  4617.41 5.6610e-15   4654.21 1 
  4620.14 5.7898e-15   4656.96 1 
  4622.87 5.5876e-15   4659.71 1 
  4625.59 5.5911e-15   4662.46 1 
  4628.32 5.7435e-15   4665.21 1 
  4631.05 5.7978e-15   4667.96 1 
  4633.78 5.6993e-15   4670.71 1 
  4636.51 5.7789e-15   4673.46 1 
  4639.24 6.0677e-15   4676.21 1 
  4641.96 5.8405e-15   4678.96 1 
  4644.69 5.4919e-15   4681.71 1 
  4647.42 5.8521e-15   4684.46 1 
  4650.15 5.8853e-15   4687.21 1 
  4652.88 5.6802e-15   4689.96 1 
  4655.60 5.8379e-15   4692.71 1 
  4658.33 5.9289e-15   4695.46 1 
  4661.06 5.8761e-15   4698.21 1 
  4663.79 5.6422e-15   4700.96 1 
  4666.52 5.4742e-15   4703.71 1 
  4669.25 5.8665e-15   4706.46 1 
  4671.97 5.7463e-15   4709.21 1 
  4674.70 5.3820e-15   4711.96 1 
  4677.43 5.1423e-15   4714.71 1 
  4680.16 5.5817e-15   4717.46 1 
  4682.89 5.5431e-15   4720.21 1 
  4685.62 5.5566e-15   4722.96 1 
  4688.34 5.8297e-15   4725.71 1 
  4691.07 5.5097e-15   4728.46 1 
  4693.80 5.2538e-15   4731.21 1 
  4696.53 5.4454e-15   4733.96 1 
  4699.26 5.7539e-15   4736.71 1 
  4701.99 5.4388e-15   4739.46 1 
  4704.71 5.9249e-15   4742.21 1 
  4707.44 5.8464e-15   4744.96 1 
  4710.17 5.7521e-15   4747.71 1 
  4712.90 5.4068e-15   4750.46 1 
  4715.63 5.2425e-15   4753.21 1 
  4718.35 5.4549e-15   4755.96 1 
  4721.08 5.4714e-15   4758.71 1 
  4723.81 5.3707e-15   4761.46 1 
  4726.54 5.3280e-15   4764.21 1 
  4729.27 5.5831e-15   4766.96 1 
  4732.00 5.1132e-15   4769.71 1 
  4734.72 5.1010e-15   4772.46 1 
  4737.45 5.2073e-15   4775.21 1 
  4740.18 5.3085e-15   4777.96 1 
  4742.91 5.4892e-15   4780.71 1 
  4745.64 5.6258e-15   4783.46 1 
  4748.37 5.4587e-15   4786.21 1 
  4751.09 5.5718e-15   4788.96 1 
  4753.82 5.7687e-15   4791.71 1 
  4756.55 5.3195e-15   4794.46 1 
  4759.28 5.5308e-15   4797.21 1 
  4762.01 5.3402e-15   4799.96 1 
  4764.74 5.6552e-15   4802.71 1 
  4767.46 5.9412e-15   4805.46 1 
  4770.19 5.6247e-15   4808.21 1 
  4772.92 5.5302e-15   4810.96 1 
  4775.65 5.0199e-15   4813.71 1 
  4778.38 5.4010e-15   4816.46 1 
  4781.10 5.2414e-15   4819.21 1 
  4783.83 5.4106e-15   4821.96 1 
  4786.56 5.2460e-15   4824.71 1 
  4789.29 5.5228e-15   4827.46 1 
  4792.02 5.4832e-15   4830.21 1 
  4794.75 4.8024e-15   4832.96 1 
  4797.47 5.2081e-15   4835.71 1 
  4800.20 5.1552e-15   4838.46 1 
  4802.93 5.3556e-15   4841.21 1 
  4805.66 5.1792e-15   4843.96 1 
  4808.39 5.3388e-15   4846.71 1 
  4811.12 5.1619e-15   4849.46 1 
  4813.84 5.4519e-15   4852.21 1 
  4816.57 4.9204e-15   4854.96 1 
  4819.30 5.3735e-15   4857.71 1 
  4822.03 4.9581e-15   4860.46 1 
  4824.76 4.8867e-15   4863.21 1 
  4827.48 5.3446e-15   4865.96 1 
  4830.21 5.3180e-15   4868.71 1 
  4832.94 5.2536e-15   4871.46 1 
  4835.67 5.5910e-15   4874.21 1 
  4838.40 4.7541e-15   4876.96 1 
  4841.13 5.1718e-15   4879.71 1 
  4843.85 5.2206e-15   4882.46 1 
  4846.58 5.1900e-15   4885.21 1 
  4849.31 4.9643e-15   4887.96 1 
  4852.04 5.4193e-15   4890.71 1 
  4854.77 6.5969e-15   4893.46 1 
  4857.50 1.0415e-14   4896.21 1 
  4860.22 1.6779e-14   4898.96 1 
  4862.95 1.8833e-14   4901.71 1 
  4865.68 1.4323e-14   4904.46 1 
  4868.41 8.7149e-15   4907.21 1 
  4871.14 5.9923e-15   4909.96 1 
  4873.87 5.2811e-15   4912.71 1 
  4876.59 5.1501e-15   4915.46 1 
  4879.32 4.9674e-15   4918.21 1 
  4882.05 5.2531e-15   4920.96 1 
  4884.78 4.5804e-15   4923.71 1 
  4887.51 5.0378e-15   4926.46 1 
  4890.23 5.1916e-15   4929.21 1 
  4892.96 5.0080e-15   4931.96 1 
  4895.69 5.3168e-15   4934.71 1 
  4898.42 4.8658e-15   4937.46 1 
  4901.15 5.1679e-15   4940.21 1 
  4903.88 4.9492e-15   4942.96 1 
  4906.60 4.9862e-15   4945.71 1 
  4909.33 4.7861e-15   4948.46 1 
  4912.06 4.9321e-15   4951.21 1 
  4914.79 4.8291e-15   4953.96 1 
  4917.52 4.7699e-15   4956.71 1 
  4920.25 4.5715e-15   4959.46 1 
  4922.97 4.5192e-15   4962.21 1 
  4925.70 4.5456e-15   4964.96 1 
  4928.43 5.2989e-15   4967.71 1 
  4931.16 4.9986e-15   4970.46 1 
  4933.89 5.0783e-15   4973.21 1 
  4936.62 4.7190e-15   4975.96 1 
  4939.34 5.0495e-15   4978.71 1 
  4942.07 4.8414e-15   4981.46 1 
  4944.80 4.7515e-15   4984.21 1 
  4947.53 5.4053e-15   4986.96 1 
  4950.26 5.6208e-15   4989.71 1 
  4952.98 7.3855e-15   4992.46 1 
  4955.71 1.3855e-14   4995.21 1 
  4958.44 2.0667e-14   4997.96 1 
  4961.17 2.1121e-14   5000.71 1 
  4963.90 1.5587e-14   5003.46 1 
  4966.63 8.5332e-15   5006.21 1 
  4969.35 6.1042e-15   5008.96 1 
  4972.08 4.9932e-15   5011.71 1 
  4974.81 4.6766e-15   5014.46 1 
  4977.54 5.2262e-15   5017.21 1 
  4980.27 5.0394e-15   5019.96 1 
  4983.00 4.9719e-15   5022.71 1 
  4985.72 4.9215e-15   5025.46 1 
  4988.45 5.3250e-15   5028.21 1 
  4991.18 5.3420e-15   5030.96 1 
  4993.91 5.5336e-15   5033.71 1 
  4996.64 5.8612e-15   5036.46 1 
  4999.37 9.0598e-15   5039.21 1 
  5002.09 1.9384e-14   5041.96 1 
  5004.82 4.1417e-14   5044.71 1 
  5007.55 5.5618e-14   5047.46 1 
  5010.28 4.8645e-14   5050.21 1 
  5013.01 2.6498e-14   5052.96 1 
  5015.73 1.1575e-14   5055.71 1 
  5018.46 6.7047e-15   5058.46 1 
  5021.19 5.4670e-15   5061.21 1 
  5023.92 4.6511e-15   5063.96 1 
  5026.65 4.8218e-15   5066.71 1 
  5029.38 4.9802e-15   5069.46 1 
  5032.10 4.8204e-15   5072.21 1 
  5034.83 4.8382e-15   5074.96 1 
  5037.56 4.5170e-15   5077.71 1 
  5040.29 4.3637e-15   5080.46 1 
  5043.02 4.7928e-15   5083.21 1 
  5045.75 4.6087e-15   5085.96 1 
  5048.47 5.0439e-15   5088.71 1 
  5051.20 4.3329e-15   5091.46 1 
  5053.93 5.0755e-15   5094.21 1 
  5056.66 4.7628e-15   5096.96 1 
  5059.39 4.8413e-15   5099.71 1 
  5062.11 4.8953e-15   5102.46 1 
  5064.84 4.8603e-15   5105.21 1 
  5067.57 4.8526e-15   5107.96 1 
  5070.30 4.9399e-15   5110.71 1 
  5073.03 4.7062e-15   5113.46 1 
  5075.76 4.8754e-15   5116.21 1 
  5078.48 4.7643e-15   5118.96 1 
  5081.21 4.9422e-15   5121.71 1 
  5083.94 4.9219e-15   5124.46 1 
  5086.67 4.7345e-15   5127.21 1 
  5089.40 4.7682e-15   5129.96 1 
  5092.13 4.8727e-15   5132.71 1 
  5094.85 4.3367e-15   5135.46 1 
  5097.58 4.3275e-15   5138.21 1 
  5100.31 4.2340e-15   5140.96 1 
  5103.04 3.8507e-15   5143.71 1 
  5105.77 4.5817e-15   5146.46 1 
  5108.50 4.4502e-15   5149.21 1 
  5111.22 4.5685e-15   5151.96 1 
  5113.95 4.7578e-15   5154.71 1 
  5116.68 5.3936e-15   5157.46 1 
  5119.41 5.1497e-15   5160.21 1 
  5122.14 5.0240e-15   5162.96 1 
  5124.86 5.1889e-15   5165.71 1 
  5127.59 4.4721e-15   5168.46 1 
  5130.32 4.7156e-15   5171.21 1 
  5133.05 4.5817e-15   5173.96 1 
  5135.78 4.0952e-15   5176.71 1 
  5138.51 4.4416e-15   5179.46 1 
  5141.23 4.6500e-15   5182.21 1 
  5143.96 4.5978e-15   5184.96 1 
  5146.69 4.5208e-15   5187.71 1 
  5149.42 4.5326e-15   5190.46 1 
  5152.15 4.3745e-15   5193.21 1 
  5154.88 4.6339e-15   5195.96 1 
  5157.60 4.3658e-15   5198.71 1 
  5160.33 4.5309e-15   5201.46 1 
  5163.06 4.3261e-15   5204.21 1 
  5165.79 4.2542e-15   5206.96 1 
  5168.52 3.8068e-15   5209.71 1 
  5171.25 4.1760e-15   5212.46 1 
  5173.97 3.6563e-15   5215.21 1 
  5176.70 4.2765e-15   5217.96 1 
  5179.43 4.3781e-15   5220.71 1 
  5182.16 4.2842e-15   5223.46 1 
  5184.89 4.1852e-15   5226.21 1 
  5187.61 4.5814e-15   5228.96 1 
  5190.34 4.2300e-15   5231.71 1 
  5193.07 4.2022e-15   5234.46 1 
  5195.80 4.6304e-15   5237.21 1 
  5198.53 4.6171e-15   5239.96 1 
  5201.26 4.3175e-15   5242.71 1 
  5203.98 4.2191e-15   5245.46 1 
  5206.71 4.1865e-15   5248.21 1 
  5209.44 4.0813e-15   5250.96 1 
  5212.17 4.2629e-15   5253.71 1 
  5214.90 4.4620e-15   5256.46 1 
  5217.63 4.4436e-15   5259.21 1 
  5220.35 4.3819e-15   5261.96 1 
  5223.08 4.5722e-15   5264.71 1 
  5225.81 4.1837e-15   5267.46 1 
  5228.54 4.0454e-15   5270.21 1 
  5231.27 4.3743e-15   5272.96 1 
  5234.00 4.4119e-15   5275.71 1 
  5236.72 4.4643e-15   5278.46 1 
  5239.45 4.4337e-15   5281.21 1 
  5242.18 4.2041e-15   5283.96 1 
  5244.91 4.1514e-15   5286.71 1 
  5247.64 4.4350e-15   5289.46 1 
  5250.36 4.3696e-15   5292.21 1 
  5253.09 4.3641e-15   5294.96 1 
  5255.82 3.8686e-15   5297.71 1 
  5258.55 4.4251e-15   5300.46 1 
  5261.28 4.1296e-15   5303.21 1 
  5264.01 4.1642e-15   5305.96 1 
  5266.73 4.3257e-15   5308.71 1 
  5269.46 4.3585e-15   5311.46 1 
  5272.19 4.3172e-15   5314.21 1 
  5274.92 4.1837e-15   5316.96 1 
  5277.65 4.3171e-15   5319.71 1 
  5280.38 4.2350e-15   5322.46 1 
  5283.10 4.3311e-15   5325.21 1 
  5285.83 4.1754e-15   5327.96 1 
  5288.56 4.6028e-15   5330.71 1 
  5291.29 4.4471e-15   5333.46 1 
  5294.02 4.6148e-15   5336.21 1 
  5296.74 4.2369e-15   5338.96 1 
  5299.47 4.1851e-15   5341.71 1 
  5302.20 4.2216e-15   5344.46 1 
  5304.93 4.2838e-15   5347.21 1 
  5307.66 4.3560e-15   5349.96 1 
  5310.39 4.0845e-15   5352.71 1 
  5313.11 4.9211e-15   5355.46 1 
  5315.84 4.2518e-15   5358.21 1 
  5318.57 4.6416e-15   5360.96 1 
  5321.30 4.5000e-15   5363.71 1 
  5324.03 3.9469e-15   5366.46 1 
  5326.76 4.0235e-15   5369.21 1 
  5329.48 4.1742e-15   5371.96 1 
  5332.21 4.1800e-15   5374.71 1 
  5334.94 4.1613e-15   5377.46 1 
  5337.67 4.1994e-15   5380.21 1 
  5340.40 3.9035e-15   5382.96 1 
  5343.13 4.4584e-15   5385.71 1 
  5345.85 4.0673e-15   5388.46 1 
  5348.58 4.3911e-15   5391.21 1 
  5351.31 4.7459e-15   5393.96 1 
  5354.04 4.6483e-15   5396.71 1 
  5356.77 4.4262e-15   5399.46 1 
  5359.49 4.6822e-15   5402.21 1 
  5362.22 4.1987e-15   5404.96 1 
  5364.95 4.4895e-15   5407.71 1 
  5367.68 4.3421e-15   5410.46 1 
  5370.41 3.8389e-15   5413.21 1 
  5373.14 4.1556e-15   5415.96 1 
  5375.86 4.3133e-15   5418.71 1 
  5378.59 4.6739e-15   5421.46 1 
  5381.32 4.1704e-15   5424.21 1 
  5384.05 4.3830e-15   5426.96 1 
  5386.78 4.1144e-15   5429.71 1 
  5389.51 4.0348e-15   5432.46 1 
  5392.23 3.8164e-15   5435.21 1 
  5394.96 4.1527e-15   5437.96 1 
  5397.69 3.7912e-15   5440.71 1 
  5400.42 4.0724e-15   5443.46 1 
  5403.15 4.0305e-15   5446.21 1 
  5405.88 3.9875e-15   5448.96 1 
  5408.60 3.9112e-15   5451.71 1 
  5411.33 3.3794e-15   5454.46 1 
  5414.06 3.7314e-15   5457.21 1 
  5416.79 3.5417e-15   5459.96 1 
  5419.52 3.9168e-15   5462.71 1 
  5422.24 4.1201e-15   5465.46 1 
  5424.97 4.0042e-15   5468.21 1 
  5427.70 4.1001e-15   5470.96 1 
  5430.43 4.0441e-15   5473.71 1 
  5433.16 4.2717e-15   5476.46 1 
  5435.89 3.9696e-15   5479.21 1 
  5438.61 3.8797e-15   5481.96 1 
  5441.34 3.8631e-15   5484.71 1 
  5444.07 4.1101e-15   5487.46 1 
  5446.80 3.8766e-15   5490.21 1 
  5449.53 3.6076e-15   5492.96 1 
  5452.26 3.8780e-15   5495.71 1 
  5454.98 4.2978e-15   5498.46 1 
  5457.71 4.2906e-15   5501.21 1 
  5460.44 4.4932e-15   5503.96 1 
  5463.17 3.9195e-15   5506.71 1 
  5465.90 4.1455e-15   5509.46 1 
  5468.63 3.9189e-15   5512.21 1 
  5471.35 4.2798e-15   5514.96 1 
  5474.08 4.2504e-15   5517.71 1 
  5476.81 3.8279e-15   5520.46 1 
  5479.54 4.1117e-15   5523.21 1 
  5482.27 4.2669e-15   5525.96 1 
  5484.99 3.7915e-15   5528.71 1 
  5487.72 3.8203e-15   5531.46 1 
  5490.45 3.9412e-15   5534.21 1 
  5493.18 3.8044e-15   5536.96 1 
  5495.91 3.4922e-15   5539.71 1 
  5498.64 4.0818e-15   5542.46 1 
  5501.36 4.0284e-15   5545.21 1 
  5504.09 3.8112e-15   5547.96 1 
  5506.82 3.3150e-15   5550.71 1 
  5509.55 3.6765e-15   5553.46 1 
  5512.28 3.7333e-15   5556.21 1 
  5515.01 4.0725e-15   5558.96 1 
  5517.73 3.4939e-15   5561.71 1 
  5520.46 3.6590e-15   5564.46 1 
  5523.19 3.6932e-15   5567.21 1 
  5525.92 3.7945e-15   5569.96 1 
  5528.65 4.0382e-15   5572.71 1 
  5531.37 3.5799e-15   5575.46 1 
  5534.10 3.8519e-15   5578.21 1 
  5536.83 3.5162e-15   5580.96 1 
  5539.56 4.1141e-15   5583.71 1 
  5542.29 3.7479e-15   5586.46 1 
  5545.02 4.0170e-15   5589.21 1 
  5547.74 3.2078e-15   5591.96 1 
  5550.47 4.2407e-15   5594.71 1 
  5553.20 3.7727e-15   5597.46 1 
  5555.93 3.8251e-15   5600.21 1 
  5558.66 4.4354e-15   5602.96 1 
  5561.39 3.8399e-15   5605.71 1 
  5564.11 3.9302e-15   5608.46 1 
  5566.84 3.7657e-15   5611.21 1 
  5569.57 4.1475e-15   5613.96 1 
  5572.30 3.6000e-15   5616.71 1 
  5575.03 3.9965e-15   5619.46 1 
  5577.76 3.6459e-15   5622.21 1 
  5580.48 3.8896e-15   5624.96 1 
  5583.21 3.9012e-15   5627.71 1 
  5585.94 3.8515e-15   5630.46 1 
  5588.67 3.6304e-15   5633.21 1 
  5591.40 3.9512e-15   5635.96 1 
  5594.12 3.9728e-15   5638.71 1 
  5596.85 3.7849e-15   5641.46 1 
  5599.58 3.7794e-15   5644.21 1 
  5602.31 3.7536e-15   5646.96 1 
  5605.04 3.2693e-15   5649.71 1 
  5607.77 3.6501e-15   5652.46 1 
  5610.49 3.5347e-15   5655.21 1 
  5613.22 3.7166e-15   5657.96 1 
  5615.95 3.5386e-15   5660.71 1 
  5618.68 3.9546e-15   5663.46 1 
  5621.41 3.6157e-15   5666.21 1 
  5624.14 3.2812e-15   5668.96 1 
  5626.86 3.5331e-15   5671.71 1 
  5629.59 3.3672e-15   5674.46 1 
  5632.32 3.3887e-15   5677.21 1 
  5635.05 3.8842e-15   5679.96 1 
  5637.78 3.7449e-15   5682.71 1 
  5640.51 3.7690e-15   5685.46 1 
  5643.23 3.8178e-15   5688.21 1 
  5645.96 3.8301e-15   5690.96 1 
  5648.69 3.5690e-15   5693.71 1 
  5651.42 3.4993e-15   5696.46 1 
  5654.15 3.7239e-15   5699.21 1 
  5656.87 3.7479e-15   5701.96 1 
  5659.60 3.4311e-15   5704.71 1 
  5662.33 4.0058e-15   5707.46 1 
  5665.06 3.2482e-15   5710.21 1 
  5667.79 3.8417e-15   5712.96 1 
  5670.52 3.6632e-15   5715.71 1 
  5673.24 3.7415e-15   5718.46 1 
  5675.97 3.5763e-15   5721.21 1 
  5678.70 3.7754e-15   5723.96 1 
  5681.43 4.0076e-15   5726.71 1 
  5684.16 3.7771e-15   5729.46 1 
  5686.89 3.5711e-15   5732.21 1 
  5689.61 3.6547e-15   5734.96 1 
  5692.34 3.6506e-15   5737.71 1 
  5695.07 3.8284e-15   5740.46 1 
  5697.80 3.7204e-15   5743.21 1 
  5700.53 3.9535e-15   5745.96 1 
  5703.26 3.8170e-15   5748.71 1 
  5705.98 3.4790e-15   5751.46 1 
  5708.71 3.6392e-15   5754.21 1 
  5711.44 3.3835e-15   5756.96 1 
  5714.17 3.7050e-15   5759.71 1 
  5716.90 3.6200e-15   5762.46 1 
  5719.62 3.8394e-15   5765.21 1 
  5722.35 3.8843e-15   5767.96 1 
  5725.08 3.5713e-15   5770.71 1 
  5727.81 3.7423e-15   5773.46 1 
  5730.54 3.9591e-15   5776.21 1 
  5733.27 3.8639e-15   5778.96 1 
  5735.99 3.6447e-15   5781.71 1 
  5738.72 3.3811e-15   5784.46 1 
  5741.45 3.1517e-15   5787.21 1 
  5744.18 3.5073e-15   5789.96 1 
  5746.91 3.5209e-15   5792.71 1 
  5749.64 3.5301e-15   5795.46 1 
  5752.36 3.5286e-15   5798.21 1 
  5755.09 3.8801e-15   5800.96 1 
  5757.82 3.5124e-15   5803.71 1 
  5760.55 3.7119e-15   5806.46 1 
  5763.28 3.8492e-15   5809.21 1 
  5766.00 3.5766e-15   5811.96 1 
  5768.73 3.5616e-15   5814.71 1 
  5771.46 3.6397e-15   5817.46 1 
  5774.19 3.4609e-15   5820.21 1 
  5776.92 3.3849e-15   5822.96 1 
  5779.65 3.1459e-15   5825.71 1 
  5782.37 3.3424e-15   5828.46 1 
  5785.10 3.4736e-15   5831.21 1 
  5787.83 3.5711e-15   5833.96 1 
  5790.56 3.4234e-15   5836.71 1 
  5793.29 3.6867e-15   5839.46 1 
  5796.02 3.7904e-15   5842.21 1 
  5798.74 3.3341e-15   5844.96 1 
  5801.47 3.6178e-15   5847.71 1 
  5804.20 3.7413e-15   5850.46 1 
  5806.93 3.6857e-15   5853.21 1 
  5809.66 3.6692e-15   5855.96 1 
  5812.39 3.6472e-15   5858.71 1 
  5815.11 3.3795e-15   5861.46 1 
  5817.84 3.7773e-15   5864.21 1 
  5820.57 3.8531e-15   5866.96 1 
  5823.30 3.6083e-15   5869.71 1 
  5826.03 4.1609e-15   5872.46 1 
  5828.75 3.8013e-15   5875.21 1 
  5831.48 3.8813e-15   5877.96 1 
  5834.21 3.5953e-15   5880.71 1 
  5836.94 3.4778e-15   5883.46 1 
  5839.67 3.8244e-15   5886.21 1 
  5842.40 3.6984e-15   5888.96 1 
  5845.12 3.9699e-15   5891.71 1 
  5847.85 3.4880e-15   5894.46 1 
  5850.58 3.7791e-15   5897.21 1 
  5853.31 3.4891e-15   5899.96 1 
  5856.04 3.5548e-15   5902.71 1 
  5858.77 3.3266e-15   5905.46 1 
  5861.49 3.2731e-15   5908.21 1 
  5864.22 3.0465e-15   5910.96 1 
  5866.95 3.3109e-15   5913.71 1 
  5869.68 3.5808e-15   5916.46 1 
  5872.41 3.8679e-15   5919.21 1 
  5875.14 4.8062e-15   5921.96 1 
  5877.86 4.7167e-15   5924.71 1 
  5880.59 4.0530e-15   5927.46 1 
  5883.32 3.4509e-15   5930.21 1 
  5886.05 3.5819e-15   5932.96 1 
  5888.78 3.3583e-15   5935.71 1 
  5891.50 3.1692e-15   5938.46 1 
  5894.23 3.4729e-15   5941.21 1 
  5896.96 3.3776e-15   5943.96 1 
  5899.69 3.2725e-15   5946.71 1 
  5902.42 3.2381e-15   5949.46 1 
  5905.15 3.1866e-15   5952.21 1 
  5907.87 3.3773e-15   5954.96 1 
  5910.60 3.2308e-15   5957.71 1 
  5913.33 2.7687e-15   5960.46 1 
  5916.06 2.8629e-15   5963.21 1 
  5918.79 3.3600e-15   5965.96 1 
  5921.52 3.3549e-15   5968.71 1 
  5924.24 3.1571e-15   5971.46 1 
  5926.97 3.1721e-15   5974.21 1 
  5929.70 3.3321e-15   5976.96 1 
  5932.43 3.2984e-15   5979.71 1 
  5935.16 3.2835e-15   5982.46 1 
  5937.89 3.3526e-15   5985.21 1 
  5940.61 3.4014e-15   5987.96 1 
  5943.34 3.2955e-15   5990.71 1 
  5946.07 3.1962e-15   5993.46 1 
  5948.80 3.6710e-15   5996.21 1 
  5951.53 3.1129e-15   5998.96 1 
  5954.25 3.3893e-15   6001.71 1 
  5956.98 3.3957e-15   6004.46 1 
  5959.71 3.4486e-15   6007.21 1 
  5962.44 3.2214e-15   6009.96 1 
  5965.17 3.2618e-15   6012.71 1 
  5967.90 3.2252e-15   6015.46 1 
  5970.62 3.1597e-15   6018.21 1 
  5973.35 3.2523e-15   6020.96 1 
  5976.08 3.2193e-15   6023.71 1 
  5978.81 3.3647e-15   6026.46 1 
  5981.54 3.2353e-15   6029.21 1 
  5984.27 2.9421e-15   6031.96 1 
  5986.99 2.9084e-15   6034.71 1 
  5989.72 3.1131e-15   6037.46 1 
  5992.45 2.8593e-15   6040.21 1 
  5995.18 3.4400e-15   6042.96 1 
  5997.91 3.4389e-15   6045.71 1 
  6000.63 2.8696e-15   6048.46 1 
  6003.36 3.0269e-15   6051.21 1 
  6006.09 3.2346e-15   6053.96 1 
  6008.82 3.3671e-15   6056.71 1 
  6011.55 3.2532e-15   6059.46 1 
  6014.28 3.1897e-15   6062.21 1 
  6017.00 3.6755e-15   6064.96 1 
  6019.73 3.4844e-15   6067.71 1 
  6022.46 2.8813e-15   6070.46 1 
  6025.19 2.9239e-15   6073.21 1 
  6027.92 2.9404e-15   6075.96 1 
  6030.65 3.2174e-15   6078.71 1 
  6033.37 3.4272e-15   6081.46 1 
  6036.10 3.5977e-15   6084.21 1 
  6038.83 3.5628e-15   6086.96 1 
  6041.56 3.3182e-15   6089.71 1 
  6044.29 3.3853e-15   6092.46 1 
  6047.02 3.1739e-15   6095.21 1 
  6049.74 3.2546e-15   6097.96 1 
  6052.47 3.2937e-15   6100.71 1 
  6055.20 3.4130e-15   6103.46 1 
  6057.93 3.6791e-15   6106.21 1 
  6060.66 2.8494e-15   6108.96 1 
  6063.38 3.0995e-15   6111.71 1 
  6066.11 3.1236e-15   6114.46 1 
  6068.84 3.2871e-15   6117.21 1 
  6071.57 3.4938e-15   6119.96 1 
  6074.30 3.6961e-15   6122.71 1 
  6077.03 3.2158e-15   6125.46 1 
  6079.75 3.1704e-15   6128.21 1 
  6082.48 3.2743e-15   6130.96 1 
  6085.21 3.3970e-15   6133.71 1 
  6087.94 3.7011e-15   6136.46 1 
  6090.67 3.4574e-15   6139.21 1 
  6093.40 2.9169e-15   6141.96 1 
  6096.12 2.9870e-15   6144.71 1 
  6098.85 3.1760e-15   6147.46 1 
  6101.58 3.2719e-15   6150.21 1 
  6104.31 3.3789e-15   6152.96 1 
  6107.04 3.4802e-15   6155.71 1 
  6109.77 3.3608e-15   6158.46 1 
  6112.49 3.3322e-15   6161.21 1 
  6115.22 3.4852e-15   6163.96 1 
  6117.95 3.4586e-15   6166.71 1 
  6120.68 3.1235e-15   6169.46 1 
  6123.41 2.9262e-15   6172.21 1 
  6126.13 2.9952e-15   6174.96 1 
  6128.86 3.2614e-15   6177.71 1 
  6131.59 3.3712e-15   6180.46 1 
  6134.32 3.2185e-15   6183.21 1 
  6137.05 3.0857e-15   6185.96 1 
  6139.78 2.9508e-15   6188.71 1 
  6142.50 3.1797e-15   6191.46 1 
  6145.23 3.3970e-15   6194.21 1 
  6147.96 3.4948e-15   6196.96 1 
  6150.69 3.2805e-15   6199.71 1 
  6153.42 2.8998e-15   6202.46 1 
  6156.15 2.8728e-15   6205.21 1 
  6158.87 3.0883e-15   6207.96 1 
  6161.60 3.1963e-15   6210.71 1 
  6164.33 3.0940e-15   6213.46 1 
  6167.06 2.9266e-15   6216.21 1 
  6169.79 2.8463e-15   6218.96 1 
  6172.52 3.0998e-15   6221.71 1 
  6175.24 3.2260e-15   6224.46 1 
  6177.97 3.0926e-15   6227.21 1 
  6180.70 3.2455e-15   6229.96 1 
  6183.43 3.5297e-15   6232.71 1 
  6186.16 3.0936e-15   6235.46 1 
  6188.88 2.6792e-15   6238.21 1 
  6191.61 2.5876e-15   6240.96 1 
  6194.34 2.6203e-15   6243.71 1 
  6197.07 2.9937e-15   6246.46 1 
  6199.80 3.1610e-15   6249.21 1 
  6202.53 3.1611e-15   6251.96 1 
  6205.25 3.4541e-15   6254.71 1 
  6207.98 3.3383e-15   6257.46 1 
  6210.71 2.6054e-15   6260.21 1 
  6213.44 3.0181e-15   6262.96 1 
  6216.17 2.9279e-15   6265.71 1 
  6218.90 2.8048e-15   6268.46 1 
  6221.62 3.0153e-15   6271.21 1 
  6224.35 3.2599e-15   6273.96 1 
  6227.08 3.2738e-15   6276.71 1 
  6229.81 2.9770e-15   6279.46 1 
  6232.54 3.4057e-15   6282.21 1 
  6235.26 2.8483e-15   6284.96 1 
  6237.99 3.0928e-15   6287.71 1 
  6240.72 3.0860e-15   6290.46 1 
  6243.45 2.7884e-15   6293.21 1 
  6246.18 2.5888e-15   6295.96 1 
  6248.91 2.7840e-15   6298.71 1 
  6251.63 2.8114e-15   6301.46 1 
  6254.36 3.1894e-15   6304.21 1 
  6257.09 3.2080e-15   6306.96 1 
  6259.82 2.9112e-15   6309.71 1 
  6262.55 2.8879e-15   6312.46 1 
  6265.28 3.2400e-15   6315.21 1 
  6268.00 2.9933e-15   6317.96 1 
  6270.73 2.9088e-15   6320.71 1 
  6273.46 2.7925e-15   6323.46 1 
  6276.19 3.2670e-15   6326.21 1 
  6278.92 2.6527e-15   6328.96 1 
  6281.65 2.5998e-15   6331.71 1 
  6284.37 2.5818e-15   6334.46 1 
  6287.10 3.0589e-15   6337.21 1 
  6289.83 2.9502e-15   6339.96 1 
  6292.56 3.1800e-15   6342.71 1 
  6295.29 3.4570e-15   6345.46 1 
  6298.01 3.7887e-15   6348.21 1 
  6300.74 3.5060e-15   6350.96 1 
  6303.47 3.4751e-15   6353.71 1 
  6306.20 3.4940e-15   6356.46 1 
  6308.93 3.5526e-15   6359.21 1 
  6311.66 3.0825e-15   6361.96 1 
  6314.38 3.4734e-15   6364.71 1 
  6317.11 2.8312e-15   6367.46 1 
  6319.84 2.4034e-15   6370.21 1 
  6322.57 2.8922e-15   6372.96 1 
  6325.30 3.1783e-15   6375.71 1 
  6328.03 3.2087e-15   6378.46 1 
  6330.75 2.9141e-15   6381.21 1 
  6333.48 3.2941e-15   6383.96 1 
  6336.21 2.8495e-15   6386.71 1 
  6338.94 2.7612e-15   6389.46 1 
  6341.67 3.3980e-15   6392.21 1 
  6344.40 2.7991e-15   6394.96 1 
  6347.12 2.9593e-15   6397.71 1 
  6349.85 3.2013e-15   6400.46 1 
  6352.58 3.0195e-15   6403.21 1 
  6355.31 3.1422e-15   6405.96 1 
  6358.04 3.0883e-15   6408.71 1 
  6360.76 2.9445e-15   6411.46 1 
  6363.49 2.8928e-15   6414.21 1 
  6366.22 2.9127e-15   6416.96 1 
  6368.95 3.0786e-15   6419.71 1 
  6371.68 3.2823e-15   6422.46 1 
  6374.41 3.1475e-15   6425.21 1 
  6377.13 3.0584e-15   6427.96 1 
  6379.86 2.9065e-15   6430.71 1 
  6382.59 2.7533e-15   6433.46 1 
  6385.32 2.9929e-15   6436.21 1 
  6388.05 3.3081e-15   6438.96 1 
  6390.78 3.1898e-15   6441.71 1 
  6393.50 3.0313e-15   6444.46 1 
  6396.23 3.1340e-15   6447.21 1 
  6398.96 2.8754e-15   6449.96 1 
  6401.69 3.0474e-15   6452.71 1 
  6404.42 3.0048e-15   6455.46 1 
  6407.15 2.8543e-15   6458.21 1 
  6409.87 3.1085e-15   6460.96 1 
  6412.60 3.2002e-15   6463.71 1 
  6415.33 3.2167e-15   6466.46 1 
  6418.06 3.1179e-15   6469.21 1 
  6420.79 2.8431e-15   6471.96 1 
  6423.51 2.6170e-15   6474.71 1 
  6426.24 2.7334e-15   6477.46 1 
  6428.97 2.7038e-15   6480.21 1 
  6431.70 2.9416e-15   6482.96 1 
  6434.43 2.8156e-15   6485.71 1 
  6437.16 2.7626e-15   6488.46 1 
  6439.88 2.8394e-15   6491.21 1 
  6442.61 3.0491e-15   6493.96 1 
  6445.34 3.4756e-15   6496.71 1 
  6448.07 3.0378e-15   6499.46 1 
  6450.80 2.6900e-15   6502.21 1 
  6453.53 2.5769e-15   6504.96 1 
  6456.25 2.3847e-15   6507.71 1 
  6458.98 2.8079e-15   6510.46 1 
  6461.71 2.8893e-15   6513.21 1 
  6464.44 3.2872e-15   6515.96 1 
  6467.17 3.2115e-15   6518.71 1 
  6469.89 3.1684e-15   6521.46 1 
  6472.62 3.3056e-15   6524.21 1 
  6475.35 3.0452e-15   6526.96 1 
  6478.08 2.7294e-15   6529.71 1 
  6480.81 2.8236e-15   6532.46 1 
  6483.54 2.7309e-15   6535.21 1 
  6486.26 2.7783e-15   6537.96 1 
  6488.99 2.8876e-15   6540.71 1 
  6491.72 2.8245e-15   6543.46 1 
  6494.45 2.9722e-15   6546.21 1 
  6497.18 2.6742e-15   6548.96 1 
  6499.91 3.1456e-15   6551.71 1 
  6502.63 2.5495e-15   6554.46 1 
  6505.36 2.7453e-15   6557.21 1 
  6508.09 2.4841e-15   6559.96 1 
  6510.82 2.7201e-15   6562.71 1 
  6513.55 2.6717e-15   6565.46 1 
  6516.28 2.8003e-15   6568.21 1 
  6519.00 3.2299e-15   6570.96 1 
  6521.73 3.2401e-15   6573.71 1 
  6524.46 2.9407e-15   6576.46 1 
  6527.19 3.1984e-15   6579.21 1 
  6529.92 2.6713e-15   6581.96 1 
  6532.64 2.8933e-15   6584.71 1 
  6535.37 3.1243e-15   6587.46 1 
  6538.10 3.1338e-15   6590.21 1 
  6540.83 3.1557e-15   6592.96 1 
  6543.56 3.2272e-15   6595.71 1 
  6546.29 3.3843e-15   6598.46 1 
  6549.01 3.4616e-15   6601.21 1 
  6551.74 3.7251e-15   6603.96 1 
  6554.47 6.0349e-15   6606.71 1 
  6557.20 1.2705e-14   6609.46 1 
  6559.93 2.9965e-14   6612.21 1 
  6562.66 4.4382e-14   6614.96 1 
  6565.38 4.0927e-14   6617.71 1 
  6568.11 2.2896e-14   6620.46 1 
  6570.84 9.6770e-15   6623.21 1 
  6573.57 4.7939e-15   6625.96 1 
  6576.30 3.3555e-15   6628.71 1 
  6579.03 3.6128e-15   6631.46 1 
  6581.75 3.9162e-15   6634.21 1 
  6584.48 3.9110e-15   6636.96 1 
  6587.21 4.0557e-15   6639.71 1 
  6589.94 3.5984e-15   6642.46 1 
  6592.67 2.9851e-15   6645.21 1 
  6595.39 2.8147e-15   6647.96 1 
  6598.12 2.8763e-15   6650.71 1 
  6600.85 2.6569e-15   6653.46 1 
  6603.58 3.2920e-15   6656.21 1 
  6606.31 3.1175e-15   6658.96 1 
  6609.04 3.1292e-15   6661.71 1 
  6611.76 3.2409e-15   6664.46 1 
  6614.49 3.3022e-15   6667.21 1 
  6617.22 3.0102e-15   6669.96 1 
  6619.95 2.5070e-15   6672.71 1 
  6622.68 2.6124e-15   6675.46 1 
  6625.41 2.6583e-15   6678.21 1 
  6628.13 3.0140e-15   6680.96 1 
  6630.86 2.9474e-15   6683.71 1 
  6633.59 3.0351e-15   6686.46 1 
  6636.32 2.3554e-15   6689.21 1 
  6639.05 2.3657e-15   6691.96 1 
  6641.78 2.6905e-15   6694.71 1 
  6644.50 2.6785e-15   6697.46 1 
  6647.23 2.7532e-15   6700.21 1 
  6649.96 2.7948e-15   6702.96 1 
  6652.69 2.8569e-15   6705.71 1 
  6655.42 2.6907e-15   6708.46 1 
  6658.14 2.9514e-15   6711.21 1 
  6660.87 2.5743e-15   6713.96 1 
  6663.60 3.0081e-15   6716.71 1 
  6666.33 2.8325e-15   6719.46 1 
  6669.06 2.6599e-15   6722.21 1 
  6671.79 2.8943e-15   6724.96 1 
  6674.51 2.5094e-15   6727.71 1 
  6677.24 3.1062e-15   6730.46 1 
  6679.97 3.0686e-15   6733.21 1 
  6682.70 3.1322e-15   6735.96 1 
  6685.43 3.1207e-15   6738.71 1 
  6688.16 2.7163e-15   6741.46 1 
  6690.88 2.6832e-15   6744.21 1 
  6693.61 2.8558e-15   6746.96 1 
  6696.34 2.9231e-15   6749.71 1 
  6699.07 2.8680e-15   6752.46 1 
  6701.80 2.6517e-15   6755.21 1 
  6704.52 2.4603e-15   6757.96 1 
  6707.25 2.7569e-15   6760.71 1 
  6709.98 3.2406e-15   6763.46 1 
  6712.71 4.4007e-15   6766.21 1 
  6715.44 5.8768e-15   6768.96 1 
  6718.17 5.6527e-15   6771.71 1 
  6720.89 4.8081e-15   6774.46 1 
  6723.62 3.5191e-15   6777.21 1 
  6726.35 3.2997e-15   6779.96 1 
  6729.08 4.5194e-15   6782.71 1 
  6731.81 4.9096e-15   6785.46 1 
  6734.54 4.0024e-15   6788.21 1 
  6737.26 3.2716e-15   6790.96 1 
  6739.99 2.6504e-15   6793.71 1 
  6742.72 2.8729e-15   6796.46 1 
  6745.45 2.6109e-15   6799.21 1 
  6748.18 2.6983e-15   6801.96 1 
  6750.91 2.7242e-15   6804.71 1 
  6753.63 2.8276e-15   6807.46 1 
  6756.36 2.5648e-15   6810.21 1 
  6759.09 2.9127e-15   6812.96 1 
  6761.82 2.5244e-15   6815.71 1 
  6764.55 2.8422e-15   6818.46 1 
  6767.27 2.6082e-15   6821.21 1 
  6770.00 2.4684e-15   6823.96 1 
  6772.73 2.9777e-15   6826.71 1 
  6775.46 2.9046e-15   6829.46 1 
  6785.04 2.7226e-15   6839.12 0 
  6800.68 2.6476e-15   6854.88 0 
  6816.36 2.6713e-15   6870.68 0 
  6832.07 2.6889e-15   6886.52 0 
  6847.82 2.6028e-15   6902.40 0 
  6863.61 2.5900e-15   6918.31 0 
  6879.43 2.5655e-15   6934.26 0 
  6895.29 2.5706e-15   6950.24 0 
  6911.18 2.5638e-15   6966.26 0 
  6927.12 2.5454e-15   6982.33 0 
  6943.08 2.6098e-15   6998.42 0 
  6959.09 2.5732e-15   7014.55 0 
  6975.13 2.6444e-15   7030.72 0 
  6991.21 2.6193e-15   7046.93 0 
  7007.33 2.5530e-15   7063.18 0 
  7023.48 2.4941e-15   7079.46 0 
  7039.67 2.5868e-15   7095.78 0 
  7055.90 2.6523e-15   7112.14 0 
  7072.16 2.3904e-15   7128.53 0 
  7088.47 2.5138e-15   7144.96 0 
  7104.81 2.4110e-15   7161.43 0 
  7121.19 2.4046e-15   7177.94 0 
  7137.60 2.3009e-15   7194.49 0 
  7154.06 2.3483e-15   7211.08 0 
  7170.55 2.3314e-15   7227.70 0 
  7187.08 2.2828e-15   7244.36 0 
  7203.65 2.2926e-15   7261.06 0 
  7220.25 2.3778e-15   7277.80 0 
  7236.90 2.3825e-15   7294.57 0 
  7253.58 2.3762e-15   7311.39 0 
  7270.30 2.3213e-15   7328.25 0 
  7287.06 2.3366e-15   7345.14 0 
  7303.86 2.4291e-15   7362.07 0 
  7320.70 2.3949e-15   7379.04 0 
  7337.57 2.3996e-15   7396.05 0 
  7354.49 2.4210e-15   7413.10 0 
  7371.44 2.3488e-15   7430.19 0 
  7388.43 2.4249e-15   7447.32 0 
  7405.46 2.4185e-15   7464.49 0 
  7422.54 2.3356e-15   7481.70 0 
  7439.65 2.3727e-15   7498.94 0 
  7456.80 2.3938e-15   7516.23 0 
  7473.99 2.3985e-15   7533.56 0 
  7491.22 2.3593e-15   7550.92 0 
  7508.49 2.3748e-15   7568.33 0 
  7525.80 2.4126e-15   7585.78 0 
  7543.14 2.3951e-15   7603.26 0 
  7560.53 2.3506e-15   7620.79 0 
  7577.96 2.3175e-15   7638.36 0 
  7595.43 2.3007e-15   7655.97 0 
  7612.94 2.2527e-15   7673.61 0 
  7630.49 2.2675e-15   7691.30 0 
  7648.08 2.2459e-15   7709.04 0 
  7665.71 2.1689e-15   7726.81 0 
  7683.38 2.1482e-15   7744.62 0 
  7701.10 2.1475e-15   7762.47 0 
  7718.85 2.1368e-15   7780.37 0 
  7736.64 2.1360e-15   7798.30 0 
  7754.47 2.0771e-15   7816.28 0 
  7772.35 2.1149e-15   7834.30 0 
  7790.27 2.0996e-15   7852.36 0 
  7808.22 2.0940e-15   7870.46 0 
  7826.23 2.1469e-15   7888.60 0 
  7844.27 2.0973e-15   7906.79 0 
  7862.35 2.1208e-15   7925.01 0 
  7880.48 2.1054e-15   7943.28 0 
  7898.64 2.1290e-15   7961.59 0 
  7916.85 2.0512e-15   7979.95 0 
  7935.10 2.0457e-15   7998.34 0 
  7953.39 1.9664e-15   8016.78 0 
  7971.73 2.0254e-15   8035.26 0 
  7990.10 2.0434e-15   8053.78 0 
  8008.52 2.0100e-15   8072.35 0 
  8026.98 2.0702e-15   8090.96 0 
  8045.49 2.0934e-15   8109.61 0 
  8064.04 2.0687e-15   8128.31 0 
  8082.62 1.9977e-15   8147.04 0 
  8101.26 1.9380e-15   8165.82 0 
  8119.93 2.0192e-15   8184.65 0 
  8138.65 2.0092e-15   8203.52 0 
  8157.41 1.9492e-15   8222.43 0 
  8176.21 1.9619e-15   8241.38 0 
  8195.07 1.9033e-15   8260.38 0 
  8213.96 1.9740e-15   8279.42 0 
  8232.89 1.9283e-15   8298.51 0 
  8251.87 1.9499e-15   8317.64 0 
  8270.89 2.0083e-15   8336.81 0 
  8289.96 1.9216e-15   8356.03 0 
  8309.07 1.9297e-15   8375.29 0 
  8328.22 1.8937e-15   8394.60 0 
  8347.42 1.8756e-15   8413.95 0 
  8366.67 1.9185e-15   8433.35 0 
  8385.95 1.8484e-15   8452.79 0 
  8405.28 1.8691e-15   8472.27 0 
  8424.66 1.8813e-15   8491.80 0 
  8444.08 1.7389e-15   8511.38 0 
  8463.55 1.8668e-15   8531.00 0 
  8483.06 1.8747e-15   8550.67 0 
  8502.61 1.8397e-15   8570.38 0 
  8522.21 1.7888e-15   8590.14 0 
  8541.86 1.8172e-15   8609.94 0 
  8561.55 1.8039e-15   8629.79 0 
  8581.29 1.8537e-15   8649.68 0 
  8601.07 1.7614e-15   8669.62 0 
  8620.89 1.7607e-15   8689.60 0 
  8640.77 1.8386e-15   8709.64 0 
  8660.69 1.7552e-15   8729.71 0 
  8680.65 1.6755e-15   8749.84 0 
  8700.67 1.7416e-15   8770.01 0 
  8720.72 1.7855e-15   8790.23 0 
  8740.82 1.7972e-15   8810.49 0 
  8760.98 1.6011e-15   8830.80 0 
  8781.17 1.7387e-15   8851.16 0 
  8801.41 1.7743e-15   8871.56 0 
  8821.70 1.8024e-15   8892.01 0 
  8842.04 1.7851e-15   8912.51 0 
  8862.42 1.7001e-15   8933.05 0 
  8882.85 1.6417e-15   8953.65 0 
  8903.33 1.7223e-15   8974.29 0 
  8923.85 1.7295e-15   8994.98 0 
  8944.42 1.7448e-15   9015.71 0 
  8965.05 1.6694e-15   9036.50 0 
  8985.71 1.6571e-15   9057.33 0 
  9006.42 1.6641e-15   9078.20 0 
  9027.19 1.4255e-15   9099.13 0 
  9048.00 1.7611e-15   9120.11 0 
  9068.85 1.7084e-15   9141.13 0 
  9089.76 1.5755e-15   9162.20 0 
  9110.71 1.6681e-15   9183.33 0 
  9131.72 1.7259e-15   9204.50 0 
  9152.77 1.6249e-15   9225.71 0 
  9173.87 1.6355e-15   9246.98 0 
  9195.01 1.6160e-15   9268.30 0 
  9216.21 1.6005e-15   9289.66 0 
  9237.46 1.4657e-15   9311.08 0 
  9258.75 1.5880e-15   9332.54 0 
  9280.09 1.6507e-15   9354.06 0 
  9301.48 1.5866e-15   9375.62 0 
  9322.93 1.5895e-15   9397.23 0 
  9344.42 1.5852e-15   9418.90 0 
  9365.96 1.5627e-15   9440.61 0 
  9387.55 1.5728e-15   9462.37 0 
  9409.19 1.5398e-15   9484.18 0 
  9430.88 1.5714e-15   9506.05 0 
  9452.63 1.5491e-15   9527.96 0 
  9474.42 1.5627e-15   9549.93 0 
  9496.25 1.5584e-15   9571.94 0 
  9518.15 1.5257e-15   9594.01 0 
  9540.09 1.5041e-15   9616.12 0 
  9562.08 1.4965e-15   9638.29 0 
  9584.12 1.5341e-15   9660.51 0 
  9606.22 1.5194e-15   9682.78 0 
  9628.36 1.5186e-15   9705.10 0 
  9650.56 1.5075e-15   9727.47 0 
  9672.81 1.4998e-15   9749.90 0 
  9695.10 1.5095e-15   9772.37 0 
  9717.45 1.4950e-15   9794.90 0 
  9739.85 1.4840e-15   9817.48 0 
  9762.31 1.4730e-15   9840.11 0 
  9784.81 1.4555e-15   9862.79 0 
  9807.36 1.4750e-15   9885.53 0 
  9829.98 1.4642e-15   9908.32 0 
  9852.63 1.4668e-15   9931.16 0 
  9875.35 1.4560e-15   9954.05 0 
  9898.11 1.4486e-15   9977.00 0 
  9920.93 1.4413e-15  10000.00 0 
  9943.80 1.4439e-15  10023.05 0 
  9966.72 1.4398e-15  10046.15 0 
  9989.69 1.4292e-15  10069.31 0 
 10035.81 1.4017e-15  10115.80 0 
 10082.13 1.3685e-15  10162.49 0 
 10128.67 1.4054e-15  10209.39 0 
 10175.43 1.3911e-15  10256.52 0 
 10222.39 1.3897e-15  10303.86 0 
 10269.57 1.3851e-15  10351.42 0 
 10293.24 1.3780e-15  10375.28 0 
 10508.79 1.3159e-15  10592.54 0 
 10704.15 1.2480e-15  10789.47 0 
 10903.16 1.1621e-15  10990.06 0 
 11105.86 1.1021e-15  11194.37 0 
 11312.34 1.0770e-15  11402.50 0 
 11496.15 1.0647e-15  11587.78 0 
 11709.88 1.0333e-15  11803.21 0 
 11900.15 9.9135e-16  11994.99 0 
 12093.51 9.6879e-16  12189.90 0 
 12290.01 9.4673e-16  12387.96 0 
 12489.71 9.1249e-16  12589.25 0 
 12692.65 8.8558e-16  12793.81 0 
 12898.89 8.5946e-16  13001.69 0 
 13108.48 8.3990e-16  13212.95 0 
 13290.83 8.0952e-16  13396.76 0 
 13506.79 7.8927e-16  13614.44 0 
 13694.69 7.6776e-16  13803.84 0 
 13885.21 7.3829e-16  13995.87 0 
 14110.82 7.0021e-16  14223.28 0 
 14307.12 6.7800e-16  14421.15 0 
 14506.16 6.7333e-16  14621.77 0 
 14707.96 6.5197e-16  14825.18 0 
 14912.57 6.5347e-16  15031.42 0 
 15085.25 6.5047e-16  15205.48 0 
 15295.11 6.5197e-16  15417.01 0 
 15507.87 6.4748e-16  15631.47 0 
 15687.45 6.2694e-16  15812.48 0 
 15905.68 5.9460e-16  16032.45 0 
 16089.87 5.9187e-16  16218.10 0 
 16313.70 5.8645e-16  16443.72 0 
 16502.61 5.7310e-16  16634.13 0 
 16693.69 5.6915e-16  16826.73 0 
 16886.99 5.5876e-16  17021.58 0 
 17082.54 5.4983e-16  17218.69 0 
 17280.35 5.2751e-16  17418.08 0 
 17480.43 5.1313e-16  17619.75 0 
 17682.85 4.9343e-16  17823.79 0 
 17887.62 4.7449e-16  18030.18 0 
 18094.75 4.5209e-16  18238.96 0 
 18304.26 4.3775e-16  18450.14 0 
 18516.22 4.2289e-16  18663.79 0 
 18687.55 4.0200e-16  18836.49 0 
 18903.95 3.9015e-16  19054.62 0 
 19078.86 3.8391e-16  19230.91 0 
 19299.78 3.7088e-16  19453.60 0 
 19478.37 3.5582e-16  19633.61 0 
 19703.90 3.4374e-16  19860.94 0 
 19886.23 3.3283e-16  20044.72 0 
 20116.51 3.2526e-16  20276.83 0 
 20302.63 3.1349e-16  20464.44 0 
 20490.50 3.0777e-16  20653.80 0 
 20680.08 2.9938e-16  20844.90 0 
 20919.55 2.9122e-16  21086.28 0 
 21113.12 2.8525e-16  21281.39 0 
 21308.46 2.7748e-16  21478.29 0 
 21505.64 2.7116e-16  21677.04 0 
 21704.64 2.6135e-16  21877.62 0 
 21905.45 2.5599e-16  22080.04 0 
 22108.15 2.4844e-16  22284.35 0 
 22312.73 2.4112e-16  22490.56 0 
 22519.17 2.3455e-16  22698.65 0 
 22675.28 2.2815e-16  22856.00 0 
 22885.07 2.0428e-16  23067.47 0 
 23096.84 2.0287e-16  23280.92 0 
 23310.53 1.7751e-16  23496.32 0 
 23526.23 1.6490e-16  23713.74 0 
 23689.30 1.6758e-16  23878.10 0 
 23908.50 1.5390e-16  24099.05 0 
 24074.24 1.4799e-16  24266.11 0 
 24296.98 1.4765e-16  24490.63 0 
 24521.81 1.3779e-16  24717.25 0 
 24691.77 1.3622e-16  24888.57 0 
 24920.25 1.1809e-16  25118.87 0 
 25092.98 1.1809e-16  25292.97 0 
 25325.18 1.1974e-16  25527.02 0 
 25500.71 1.1946e-16  25703.95 0 
 25677.49 1.2084e-16  25882.13 0 
 25915.06 1.1755e-16  26121.60 0 
 26094.71 1.1674e-16  26302.68 0 
 26275.58 1.1356e-16  26484.99 0 
 26518.71 1.1200e-16  26730.07 0 
 26702.52 1.0945e-16  26915.34 0 
 26887.63 1.0746e-16  27101.92 0 
 27073.99 1.0574e-16  27289.77 0 
 27324.51 1.0333e-16  27542.29 0 
 27513.91 1.0144e-16  27733.19 0 
 27704.64 9.8453e-17  27925.45 0 
 27896.66 9.7326e-17  28119.00 0 
 28090.05 9.4892e-17  28313.93 0 
 28284.75 9.3374e-17  28510.18 0 
 28480.83 9.1249e-17  28707.82 0 
 28678.23 8.9172e-17  28906.80 0 
 28877.04 8.7746e-17  29107.19 0 
 29077.19 8.5946e-17  29308.93 0 
 29278.73 8.3990e-17  29512.08 0 
 29481.69 8.2078e-17  29716.66 0 
 29686.04 8.0580e-17  29922.63 0 
 29891.83 7.8746e-17  30130.07 0 
 30099.01 7.7131e-17  30338.90 0 
 30307.67 7.5202e-17  30549.22 0 
 30517.74 7.4170e-17  30760.96 0 
 30729.29 7.2816e-17  30974.21 0 
 30871.12 7.1323e-17  31117.17 0 
 31085.10 7.0021e-17  31332.84 0 
 31300.59 6.8743e-17  31550.05 0 
 31517.54 6.7488e-17  31768.73 0 
 31736.02 6.6104e-17  31988.96 0 
 31882.50 6.5047e-17  32136.60 0 
 32103.52 6.3860e-17  32359.38 0 
 32326.03 6.2694e-17  32583.67 0 
 32475.23 6.1834e-17  32734.06 0 
 32700.36 6.0986e-17  32960.98 0 
 32927.01 6.0427e-17  33189.44 0 
 33078.99 5.9598e-17  33342.62 0 
 33308.29 5.7574e-17  33573.76 0 
 33462.03 5.6393e-17  33728.72 0 
 33694.00 5.5110e-17  33962.54 0 
 33927.54 5.3979e-17  34197.94 0 
 34084.13 5.2872e-17  34355.78 0 
 34320.41 5.2027e-17  34593.94 0 
 34478.81 5.1077e-17  34753.61 0 
 34717.83 5.0030e-17  34994.53 0 
 34878.06 4.9117e-17  35156.04 0 
 35119.81 4.8220e-17  35399.71 0 
 35281.94 4.7231e-17  35563.14 0 
 35526.49 4.6369e-17  35809.64 0 
 35690.50 4.5523e-17  35974.95 0 
 35937.88 4.4692e-17  36224.30 0 
 36103.75 4.3876e-17  36391.49 0 
 36270.42 4.3075e-17  36559.50 0 
 36521.82 4.2192e-17  36812.89 0 
 36690.38 4.1422e-17  36982.80 0 
 36859.77 4.0479e-17  37153.54 0 
 37115.25 3.9649e-17  37411.05 0 
 37286.55 3.9015e-17  37583.72 0 
 37458.68 3.8039e-17  37757.23 0 
 37718.32 3.7690e-17  38018.93 0 
 37892.40 3.6917e-17  38194.41 0 
 38067.34 3.6327e-17  38370.73 0 
 38331.19 3.5746e-17  38636.69 0 
 38508.15 3.5094e-17  38815.06 0 
 38685.88 3.4374e-17  38994.21 0 
 38864.43 3.3746e-17  39174.18 0 
 39133.85 3.3207e-17  39445.75 0 
 39314.47 3.2676e-17  39627.81 0 
 39495.92 3.1932e-17  39810.71 0 
 39678.26 3.1422e-17  39994.50 0 
 39861.39 3.0777e-17  40179.09 0 
 40137.68 3.0285e-17  40457.58 0 
 40322.98 2.9801e-17  40644.35 0 
 40509.09 2.9190e-17  40831.95 0 
 40696.05 2.8789e-17  41020.40 0 
 40883.89 2.8329e-17  41209.73 0 
 41072.63 2.7876e-17  41399.98 0 
 41262.20 2.7430e-17  41591.06 0 
 41452.64 2.6929e-17  41783.02 0 
 41740.00 2.6438e-17  42072.67 0 
 41932.65 2.6075e-17  42266.86 0 
 42126.19 2.5599e-17  42461.93 0 
 42320.67 2.5306e-17  42657.96 0 
 42516.00 2.4844e-17  42854.85 0 
 42712.23 2.4503e-17  43052.64 0 
 42909.41 2.3563e-17  43251.40 0 
 43107.46 2.2658e-17  43451.02 0 
 43306.42 2.2658e-17  43651.57 0 
 43506.34 2.1789e-17  43853.09 0 
 43707.15 2.1342e-17  44055.49 0 
 43908.87 2.0952e-17  44258.83 0 
 44111.53 2.0194e-17  44463.10 0 
 44315.18 2.0055e-17  44668.37 0 
 44519.71 1.9689e-17  44874.54 0 
 44725.19 1.9109e-17  45081.65 0 
 44931.67 1.9109e-17  45289.77 0 
 45139.05 1.8717e-17  45498.80 0 
 45347.39 1.8249e-17  45708.80 0 
 45451.91 1.8207e-17  45814.16 0 
 45661.74 1.7957e-17  46025.67 0 
 45872.49 1.7508e-17  46238.10 0 
 46084.22 1.7508e-17  46451.51 0 
 46296.97 1.7228e-17  46665.95 0 
 46510.65 1.6991e-17  46881.34 0 
 46725.32 1.6874e-17  47097.72 0 
 46941.03 1.6643e-17  47315.15 0 
 47049.23 1.6415e-17  47424.21 0 
 47266.38 1.6415e-17  47643.10 0 
 47484.54 1.6152e-17  47862.99 0 
 47703.75 1.5967e-17  48083.95 0 
 47923.93 1.5784e-17  48305.88 0 
 48145.12 1.5532e-17  48528.84 0 
 48256.10 1.5568e-17  48640.70 0 
 48478.87 1.5319e-17  48865.25 0 
 48702.63 1.5109e-17  49090.79 0 
 48927.41 1.5005e-17  49317.36 0 
 49153.29 1.4799e-17  49545.04 0 
 49266.59 1.4663e-17  49659.24 0 
 49493.98 1.4495e-17  49888.45 0 
 49722.42 1.4450e-17  50118.70 0 
 49951.96 1.4325e-17  50350.08 0 
 50067.10 1.4247e-17  50466.14 0 
 50298.19 1.4157e-17  50699.06 0 
 50530.34 1.4003e-17  50933.06 0 
 50646.87 1.3926e-17  51050.52 0 
 50763.61 1.3914e-17  51168.20 0 
 50880.63 1.3902e-17  51286.14 0 
 50997.91 1.3858e-17  51404.36 0 
 51115.46 1.3751e-17  51522.85 0 
 51233.29 1.3707e-17  51641.62 0 
 51351.44 1.3633e-17  51760.71 0 
 51469.81 1.3590e-17  51880.02 0 
 51588.45 1.3578e-17  51999.61 0 
 51707.36 1.3598e-17  52119.47 0 
 51826.55 1.3555e-17  52239.61 0 
 51946.02 1.3481e-17  52360.03 0 
 52065.75 1.3438e-17  52480.72 0 
 52185.83 1.3396e-17  52601.75 0 
 52306.12 1.3323e-17  52723.00 0 
 52426.69 1.3312e-17  52844.53 0 
 52547.54 1.3301e-17  52966.34 0 
 52668.66 1.3320e-17  53088.43 0 
 52790.07 1.3278e-17  53210.80 0 
 52911.81 1.3176e-17  53333.52 0 
 53033.78 1.3104e-17  53456.46 0 
 53156.02 1.3063e-17  53579.68 0 
 53278.55 1.3052e-17  53703.18 0 
 53401.36 1.3041e-17  53826.97 0 
 53524.46 1.3000e-17  53951.05 0 
 53647.83 1.2959e-17  54075.41 0 
 53771.55 1.2948e-17  54200.11 0 
 53895.50 1.2908e-17  54325.05 0 
 54019.74 1.2897e-17  54450.27 0 
 54144.26 1.2857e-17  54575.79 0 
 54269.06 1.2816e-17  54701.59 0 
 54394.15 1.2776e-17  54827.68 0 
 54519.54 1.2795e-17  54954.06 0 
 54645.27 1.2755e-17  55080.79 0 
 54771.23 1.2715e-17  55207.76 0 
 54897.48 1.2705e-17  55335.02 0 
 55024.02 1.2665e-17  55462.57 0 
 55150.86 1.2626e-17  55590.41 0 
 55277.99 1.2674e-17  55718.55 0 
 55405.47 1.2663e-17  55847.05 0 
 55533.18 1.2595e-17  55975.78 0 
 55661.19 1.2584e-17  56104.81 0 
 55789.49 1.2603e-17  56234.13 0 
 55918.09 1.2564e-17  56363.76 0 
 56046.99 1.2554e-17  56493.68 0 
 56176.18 1.2543e-17  56623.90 0 
 56305.73 1.2504e-17  56754.48 0 
 56435.52 1.2494e-17  56885.31 0 
 56565.61 1.2513e-17  57016.43 0 
 56695.99 1.2503e-17  57147.86 0 
 56826.68 1.2464e-17  57279.59 0 
 56957.67 1.2425e-17  57411.62 0 
 57089.02 1.2444e-17  57544.02 0 
 57220.62 1.2463e-17  57676.67 0 
 57352.52 1.2453e-17  57809.62 0 
 57484.72 1.2443e-17  57942.87 0 
 57617.22 1.2433e-17  58076.43 0 
 57750.04 1.2423e-17  58210.30 0 
 57883.16 1.2441e-17  58344.48 0 
 58016.64 1.2460e-17  58479.04 0 
 58150.37 1.2450e-17  58613.83 0 
 58284.41 1.2469e-17  58748.94 0 
 58418.77 1.2459e-17  58884.36 0 
 58553.42 1.2478e-17  59020.09 0 
 58688.39 1.2468e-17  59156.14 0 
 58823.68 1.2487e-17  59292.50 0 
 58959.33 1.2506e-17  59429.24 0 
 59260.69 1.5039e-17  59733.00 3 
 59560.70 1.6008e-17  60035.40 3 
 59860.71 1.2417e-17  60337.80 3 
 60160.72 5.0741e-18  60640.20 3 
 60460.73 2.0770e-17  60942.60 3 
 60760.83 1.7978e-17  61245.10 3 
 61060.85 1.3562e-17  61547.50 3 
 61360.85 8.3229e-18  61849.90 3 
 61660.86 1.2351e-17  62152.30 3 
 61960.87 2.1044e-17  62454.70 3 
 62260.98 9.9519e-18  62757.20 3 
 62560.99 9.2899e-18  63059.60 3 
 62861.00 1.6859e-17  63362.00 3 
 63161.01 1.1640e-17  63664.40 3 
 63461.01 5.2333e-18  63966.80 3 
 63761.12 1.2945e-17  64269.30 3 
 64061.13 9.3479e-18  64571.70 3 
 64361.14 1.2169e-17  64874.10 3 
 64661.15 1.9677e-17  65176.50 3 
 64961.16 9.3609e-18  65478.90 3 
 65261.27 1.0961e-17  65781.40 3 
 65561.27 1.2380e-17  66083.80 3 
 65861.28 9.6040e-18  66386.20 3 
 66161.30 9.8831e-18  66688.60 3 
 66461.30 1.0520e-17  66991.00 3 
 66761.41 1.4656e-17  67293.50 3 
 67061.42 8.8865e-18  67595.90 3 
 67361.43 -4.0744e-19  67898.30 3 
 67661.43 9.3219e-18  68200.70 3 
 67961.45 7.8054e-18  68503.10 3 
 68261.56 1.5500e-17  68805.60 3 
 68561.56 5.4669e-18  69108.00 3 
 68861.57 5.6923e-18  69410.40 3 
 69161.59 3.4013e-18  69712.80 3 
 69461.59 7.0632e-18  70015.20 3 
 69761.70 1.4113e-17  70317.70 3 
 70061.71 1.7074e-17  70620.10 3 
 70361.72 7.3442e-18  70922.50 3 
 70661.72 1.3879e-17  71224.90 3 
 70961.73 1.1773e-17  71527.30 3 
 71261.84 1.2008e-17  71829.80 3 
 71561.86 1.2942e-17  72132.20 3 
 71861.86 9.4633e-18  72434.60 3 
 72161.87 -5.7161e-18  72737.00 3 
 72461.88 -3.0750e-18  73039.40 3 
 72761.99 1.1890e-17  73341.90 3 
 73061.99 8.7682e-18  73644.30 3 
 73362.01 6.7386e-18  73946.70 3 
 73662.02 7.1551e-19  74249.10 3 
 73962.02 9.2151e-18  74551.50 3 
 74262.13 2.8160e-18  74854.00 3 
 74562.14 5.0879e-18  75156.40 3 
 74862.15 1.8485e-17  75458.80 3 
 75162.15 1.1950e-17  75761.20 3 
 75762.18 1.0248e-17  76366.00 3 
 77562.33 9.3270e-18  78180.50 3 
 78162.44 1.1600e-17  78785.40 3 
 78762.47 1.3312e-17  79390.20 3 
 79362.58 9.9801e-18  79995.10 3 
 79962.60 1.1484e-17  80599.90 3 
 80562.62 1.4423e-17  81204.70 3 
 81162.73 1.2358e-17  81809.59 3 
 81762.75 1.1970e-17  82414.40 3 
 82362.77 6.2956e-18  83019.20 3 
 82962.88 1.1067e-17  83624.09 3 
 83562.90 1.2634e-17  84228.90 3 
 84162.92 1.2289e-17  84833.70 3 
 84763.04 1.2995e-17  85438.60 3 
 85363.05 1.2885e-17  86043.40 3 
 85963.18 1.2743e-17  86648.30 3 
 86563.19 1.3883e-17  87253.10 3 
 87163.22 1.5623e-17  87857.91 3 
 87763.33 1.4110e-17  88462.80 3 
 88363.35 1.4136e-17  89067.60 3 
 88963.37 1.6465e-17  89672.41 3 
 89563.48 1.6806e-17  90277.30 3 
 90163.50 2.1586e-17  90882.10 3 
 90763.51 1.7931e-17  91486.90 3 
 91363.63 1.7711e-17  92091.80 3 
 91963.65 1.8570e-17  92696.60 3 
 92563.77 1.5647e-17  93301.50 3 
 93163.78 2.1034e-17  93906.30 3 
 93763.80 2.1558e-17  94511.10 3 
 94363.91 1.8651e-17  95115.99 3 
 94963.93 1.8748e-17  95720.80 3 
 95563.96 1.8351e-17  96325.60 3 
 96164.07 2.0385e-17  96930.50 3 
 96764.09 1.9465e-17  97535.30 3 
 97364.10 1.7526e-17  98140.09 3 
 97964.23 2.1361e-17  98745.00 3 
 98564.25 1.8123e-17  99349.80 3 
 99164.36 1.6278e-17  99954.70 3 
 99764.38 1.6972e-17 100559.50 3 
100364.40 1.7246e-17 101164.30 3 
100964.52 1.6419e-17 101769.20 3 
101564.53 1.5646e-17 102374.00 3 
102164.55 1.5747e-17 102978.80 3 
102764.66 1.2628e-17 103583.70 3 
103364.68 1.2779e-17 104188.50 3 
103964.70 1.4981e-17 104793.30 3 
104564.81 2.5214e-17 105398.20 3 
105164.84 2.7139e-17 106003.00 3 
105764.96 1.6337e-17 106607.91 3 
106364.97 1.2828e-17 107212.70 3 
106964.99 1.3145e-17 107817.50 3 
107565.11 1.3617e-17 108422.41 3 
108165.13 1.3524e-17 109027.20 3 
108765.14 1.3946e-17 109632.00 3 
109365.26 1.4030e-17 110236.90 3 
109965.28 1.4486e-17 110841.70 3 
110565.30 1.3193e-17 111446.51 3 
111165.41 1.3819e-17 112051.40 3 
111765.43 1.2131e-17 112656.20 3 
112365.55 1.2241e-17 113261.10 3 
112965.56 1.1155e-17 113865.90 3 
113565.59 1.0677e-17 114470.70 3 
114165.70 9.6691e-18 115075.60 3 
114765.72 1.1798e-17 115680.40 3 
115365.74 1.2831e-17 116285.20 3 
115965.85 8.7526e-18 116890.09 3 
116565.87 8.3589e-18 117494.90 3 
117165.88 1.1710e-17 118099.70 3 
117766.00 7.2562e-18 118704.59 3 
118366.02 8.5464e-18 119309.40 3 
118966.14 9.7580e-18 119914.30 3 
119566.16 1.1443e-17 120519.10 3 
120166.17 1.1273e-17 121123.90 3 
120766.30 9.7101e-18 121728.80 3 
121366.31 1.0114e-17 122333.60 3 
121966.33 8.0307e-18 122938.41 3 
122566.44 1.0204e-17 123543.30 3 
123166.46 1.0054e-17 124148.10 3 
123766.49 9.6836e-18 124752.91 3 
124366.60 9.7238e-18 125357.80 3 
124966.62 1.0903e-17 125962.60 3 
125566.73 1.0113e-17 126567.50 3 
126166.75 8.3508e-18 127172.30 3 
126766.77 7.4205e-18 127777.10 3 
127366.89 1.2086e-17 128382.00 3 
127966.90 1.4493e-17 128986.80 3 
128566.92 1.2216e-17 129591.60 3 
129167.05 1.0073e-17 130196.51 3 
129767.05 9.5443e-18 130801.30 3 
130367.07 1.0938e-17 131406.09 3 
130967.19 1.0694e-17 132011.00 3 
131567.21 1.1113e-17 132615.80 3 
132167.22 1.1953e-17 133220.59 3 
132767.34 1.3680e-17 133825.50 3 
133367.36 1.1699e-17 134430.30 3 
133967.48 9.3810e-18 135035.20 3 
134567.50 1.1122e-17 135640.00 3 
135167.51 1.0947e-17 136244.80 3 
135767.64 1.2335e-17 136849.70 3 
136367.65 1.1683e-17 137454.50 3 
136967.66 1.1701e-17 138059.30 3 
137567.79 1.1658e-17 138664.20 3 
138167.80 1.1042e-17 139269.00 3 
138767.82 1.0655e-17 139873.80 3 
139367.94 1.1801e-17 140478.70 3 
139967.96 1.2647e-17 141083.50 3 
140568.08 1.4576e-17 141688.41 3 
141168.09 1.2823e-17 142293.20 3 
141768.11 1.1431e-17 142898.00 3 
142368.23 9.9925e-18 143502.91 3 
142968.25 9.3088e-18 144107.70 3 
143568.26 1.0862e-17 144712.50 3 
144621.46 1.2107e-17 145774.09 3 
145461.58 1.2787e-17 146620.91 3 
146301.68 1.1864e-17 147467.70 3 
147141.78 1.2625e-17 148314.50 3 
147981.79 1.2161e-17 149161.20 3 
148821.89 1.1526e-17 150008.00 3 
149661.99 1.3153e-17 150854.80 3 
150502.00 9.9224e-18 151701.50 3 
151342.10 9.5771e-18 152548.30 3 
152182.20 1.3601e-17 153395.09 3 
153022.21 1.1960e-17 154241.80 3 
153862.31 1.0087e-17 155088.59 3 
154702.43 2.2572e-17 155935.41 3 
155542.44 3.0557e-17 156782.11 3 
156382.54 2.0129e-17 157628.91 3 
157222.64 1.2508e-17 158475.70 3 
158062.63 1.1751e-17 159322.39 3 
158902.75 1.1061e-17 160169.20 3 
159742.85 1.2030e-17 161016.00 3 
160582.95 1.4530e-17 161862.80 3 
161422.96 1.3232e-17 162709.50 3 
162263.08 1.3721e-17 163556.31 3 
163103.16 1.2813e-17 164403.09 3 
163943.19 1.3161e-17 165249.81 3 
164783.27 1.2450e-17 166096.59 3 
165623.37 1.3672e-17 166943.39 3 
166463.40 1.3249e-17 167790.11 3 
167303.48 1.2627e-17 168636.89 3 
168143.60 1.3544e-17 169483.70 3 
168983.59 1.6820e-17 170330.39 3 
169823.71 1.4570e-17 171177.20 3 
170663.81 1.2652e-17 172024.00 3 
171503.80 1.2826e-17 172870.69 3 
172343.92 1.3968e-17 173717.50 3 
173184.02 1.3282e-17 174564.30 3 
174024.12 1.4693e-17 175411.09 3 
174864.13 1.4463e-17 176257.80 3 
175704.25 1.4388e-17 177104.61 3 
176544.33 1.5859e-17 177951.39 3 
177384.36 1.4049e-17 178798.11 3 
178224.46 1.3847e-17 179644.91 3 
179064.56 1.4186e-17 180491.70 3 
179904.57 1.3364e-17 181338.41 3 
180744.65 1.4379e-17 182185.19 3 
181584.77 1.3279e-17 183032.00 3 
182424.78 1.5540e-17 183878.70 3 
183264.88 1.3774e-17 184725.50 3 
184104.98 1.2696e-17 185572.30 3 
184944.97 1.3818e-17 186418.98 3 
185785.09 1.5190e-17 187265.80 3 
186625.21 2.4075e-17 188112.61 3 
187465.31 2.3250e-17 188959.41 3 
188305.30 1.7128e-17 189806.09 3 
189145.42 1.4811e-17 190652.91 3 
189985.50 1.3797e-17 191499.69 3 
190825.53 1.4243e-17 192346.41 3 
191665.63 1.3697e-17 193193.20 3 
192505.73 1.3456e-17 194040.00 3 
193345.74 1.3932e-17 194886.70 3 
194185.85 1.2842e-17 195733.52 3 
195025.94 1.3028e-17 196580.30 3 
195865.95 1.5668e-17 197427.00 3 
196706.05 1.4717e-17 198273.80 3 
197546.15 1.5867e-17 199120.59 3 
198386.17 1.5423e-17 199967.31 3 
199226.26 1.6099e-17 200814.09 3 
200066.38 1.7548e-17 201660.91 3 
200906.48 1.4249e-17 202507.70 3 
201746.47 1.5149e-17 203354.39 3 
202586.59 1.6317e-17 204201.20 3 
204266.70 1.4849e-17 205894.70 3 
205946.90 1.5773e-17 207588.30 3 
207627.03 1.5985e-17 209281.81 3 
209307.12 1.5659e-17 210975.30 3 
210987.32 1.5404e-17 212668.89 3 
212667.43 1.5366e-17 214362.39 3 
214347.65 1.5339e-17 216056.00 3 
216027.76 1.5341e-17 217749.50 3 
217707.87 1.5581e-17 219443.00 3 
219388.09 1.6420e-17 221136.61 3 
221068.20 1.6168e-17 222830.11 3 
222748.29 1.4845e-17 224523.59 3 
224428.49 1.6020e-17 226217.19 3 
226108.62 1.6501e-17 227910.70 3 
227788.82 1.6641e-17 229604.30 3 
229468.93 1.7110e-17 231297.80 3 
231149.04 1.6960e-17 232991.30 3 
232829.26 1.7877e-17 234684.91 3 
234509.37 1.6669e-17 236378.41 3 
236189.48 1.7065e-17 238071.91 3 
237869.66 1.7328e-17 239765.48 3 
239549.79 1.7416e-17 241459.00 3 
241229.99 1.7527e-17 243152.59 3 
242910.10 1.7358e-17 244846.09 3 
244590.21 1.7377e-17 246539.59 3 
246270.43 1.6799e-17 248233.20 3 
247950.54 1.8041e-17 249926.70 3 
249630.65 1.8096e-17 251620.20 3 
251310.86 1.7523e-17 253313.81 3 
252990.97 1.7460e-17 255007.31 3 
254671.16 1.8074e-17 256700.89 3 
256351.27 1.7677e-17 258394.39 3 
258031.38 1.8769e-17 260087.89 3 
259711.60 1.8298e-17 261781.50 3 
261391.71 1.8117e-17 263475.00 3 
263071.82 1.7536e-17 265168.50 3 
264752.02 1.8432e-17 266862.09 3 
266432.13 1.8327e-17 268555.59 3 
268112.33 1.7981e-17 270249.19 3 
269792.44 1.7905e-17 271942.69 3 
271472.58 1.8177e-17 273636.22 3 
273152.78 1.8820e-17 275329.81 3 
274832.86 1.8890e-17 277023.28 3 
276512.97 1.9498e-17 278716.78 3 
278193.21 1.9083e-17 280410.41 3 
279873.32 1.8160e-17 282103.91 3 
281553.52 1.8946e-17 283797.50 3 
283233.63 1.9122e-17 285491.00 3 
284913.74 1.8972e-17 287184.50 3 
286593.94 1.9377e-17 288878.09 3 
288274.05 1.8807e-17 290571.59 3 
289954.16 1.8461e-17 292265.09 3 
291634.36 1.8583e-17 293958.69 3 
293314.47 1.8766e-17 295652.19 3 
294994.67 1.8730e-17 297345.78 3 
296674.81 1.9248e-17 299039.31 3 
298354.92 1.9431e-17 300732.81 3 
300035.13 1.8554e-17 302426.41 3 
301715.24 1.8411e-17 304119.91 3 
303395.35 1.8935e-17 305813.41 3 
305075.55 1.8630e-17 307507.00 3 
306755.66 1.9283e-17 309200.50 3 
308435.86 1.9157e-17 310894.09 3 
310115.97 1.8682e-17 312587.59 3 
311796.08 1.8951e-17 314281.09 3 
313476.28 2.0024e-17 315974.69 3 
315156.42 1.8523e-17 317668.22 3 
316836.53 1.9631e-17 319361.72 3 
318516.73 1.9845e-17 321055.31 3 
320196.81 1.8804e-17 322748.78 3 
321877.05 1.9095e-17 324442.41 3 
323557.16 1.9364e-17 326135.91 3 
325237.27 2.0172e-17 327829.41 3 
326917.47 2.0925e-17 329523.00 3 
328597.58 1.9396e-17 331216.50 3 
330277.69 2.0412e-17 332910.00 3 
331957.92 2.0298e-17 334603.62 3 
333638.03 2.3324e-17 336297.12 3 
335318.20 2.3757e-17 337990.69 3 
336998.31 2.1577e-17 339684.19 3 
338678.45 1.9625e-17 341377.72 3 
340358.62 2.1608e-17 343071.28 3 
342038.73 2.1923e-17 344764.78 3 
343718.84 2.1055e-17 346458.28 3 
345399.08 2.2885e-17 348151.91 3 
347079.15 2.6233e-17 349845.38 3 
