0.5929
0.5898
0.5876
0.5875
0.5886
0.5895
0.5912
0.5891
0.5867
0.5862
0.5857
0.5853
0.5823
0.5821
0.5838
0.5846
0.5833
0.5805
0.5779
0.5764
0.5752
0.5739
0.5744
0.5764
0.5798
0.5822
0.5845
0.5881
0.5878
0.5872
0.5855
0.5861
0.5872
0.585
0.5839
0.5812
0.58
0.5796
0.5799
0.5819
0.5836
0.5859
0.5874
0.5886
0.5905
0.5922
0.5938
0.5948
0.5962
0.5971
0.5981
0.5994
0.6001
0.6016
0.6039
0.6055
0.6055
0.6048
0.6056
0.6083
0.6115
0.6149
0.618
0.6208
0.6221
0.6227
0.6259
0.6276
0.6269
0.6244
0.6241
0.6244
0.6216
0.6195
0.6176
0.6188
0.6183
0.6174
0.6163
0.6145
0.6147
0.6148
0.6161
0.6183
0.6188
0.6183
0.615
0.6117
0.6101
0.6101
0.6103
0.6089
0.6068
0.6061
0.6068
0.6078
0.6086
0.6101
0.6121
0.6129
0.6125
0.6112
0.6101
0.6077
0.6051
0.6027
0.6008
0.5994
0.5977
0.5969
0.5962
0.5948
0.5926
0.5896
0.587
0.5863
0.5861
0.5848
0.5827
0.5802
0.5785
0.5776
0.5754
0.5734
0.5721
0.5699
0.5669
0.5646
0.5644
0.5616
0.5561
0.5492
0.5453
0.5439
0.5423
0.5407
0.5402
0.5416
0.5439
0.5446
0.5431
0.5418
0.5395
0.5365
0.5336
0.5299
0.5264
0.5218
0.5189
0.517
0.5139
0.5107
0.5085
0.5074
0.5057
0.5016
0.4974
0.4947
0.4923
0.4888
0.4833
0.4778
0.4728
0.4685
0.466
0.4642
0.4627
0.4602
0.4576
0.4549
0.4509
0.4467
0.4415
0.4366
0.4322
0.4285
0.4254
0.4229
0.4204
0.4172
0.4149
0.4131
0.4123
0.4103
0.4073
0.4045
0.4027
0.4025
0.4028
0.4036
0.4031
0.4003
0.395
0.389
0.3849
0.383
0.3818
0.3807
0.3775
0.3734
0.3689
0.3657
0.3631
0.3603
0.3567
0.3529
0.3493
0.3461
0.3432
0.3395
0.3356
0.3307
0.326
0.3221
0.3192
0.317
0.3138
0.3097
0.3057
0.3018
0.2991
0.2961
0.2933
0.2925
0.293
0.294
0.2937
0.2927
0.2925
0.2934
0.2925
0.2889
0.2854
0.284
0.2863
0.29
0.2943
0.2989
0.3028
0.3058
0.3077
0.3095
0.3127
0.3189
0.3267
0.3341
0.3415
0.3482
0.3538
0.3589
0.3644
0.3713
0.3778
0.385
0.3931
0.4021
0.411
0.4184
0.4257
0.4323
0.4394
0.4464
0.4531
0.4621
0.4718
0.4794
0.4844
0.4884
0.4946
0.5024
0.5098
0.5173
0.5245
0.5316
0.5386
0.5443
0.5522
0.5604
0.5677
0.5727
0.576
0.5805
0.5849
0.5881
0.5902
0.592
0.5944
0.5975
0.6008
0.604
0.6064
0.6079
0.6089
0.6114
0.6139
0.6151
0.6155
0.6162
0.617
0.6165
0.6154
0.6168
0.6195
0.6218
0.6228
0.622
0.6218
0.6208
0.6202
0.6202
0.6208
0.6225
0.6229
0.6231
0.6229
0.623
0.6228
0.622
0.621
0.6197
0.6182
0.6171
0.6161
0.6163
0.6166
0.6163
0.6157
0.614
0.6145
0.6145
0.6132
0.6114
0.609
0.6074
0.6057
0.6043
0.603
0.6016
0.5991
0.5977
0.5968
0.5953
0.5938
0.5923
0.5915
0.5904
0.5891
0.5875
0.5857
0.5847
0.5841
0.5844
0.584
0.5834
0.5832
0.5827
0.5821
0.5812
0.5808
0.5801
0.5791
0.5793
0.579
0.5791
0.5793
0.5795
0.5808
0.5817
0.5823
0.5821
0.5822
0.5824
0.5843
0.5851
0.5853
0.584
0.5828
0.583
0.5829
0.5834
0.5837
0.5854
0.5865
0.5881
0.59
0.5909
0.5929
0.5951
0.5965
0.5967
0.5946
0.5942
0.5954
0.5959
0.598
0.5992
0.5989
0.5976
0.5973
0.5993
0.6003
0.6009
0.6018
0.6026
0.6015
0.6
0.5993
0.5983
0.5967
0.5962
0.5963
0.5958
0.5954
0.595
0.5958
0.599
0.6004
0.5999
0.5975
0.5961
0.5962
0.5956
0.5953
0.5947
0.5955
0.5965
0.5966
0.5954
0.594
0.5939
0.5938
0.5927
0.5916
0.5904
0.5895
0.589
0.5887
0.5892
0.5888
0.5872
0.5856
0.5851
0.5839
0.5813
0.5779
0.5758
0.5753
0.5742
0.5727
0.5709
0.5699
0.569
0.5677
0.5665
0.5653
0.5648
0.5625
0.5599
0.5582
0.5562
0.5542
0.5508
0.5482
0.5461
0.5437
0.5411
0.5393
0.5374
0.5355
0.5337
0.5323
0.5303
0.5271
0.5232
0.5204
0.5184
0.5163
0.5144
0.5127
0.5115
0.5108
0.5098
0.5088
0.5079
0.5066
0.5062
0.5063
0.5069
0.5065
0.5046
0.5027
0.501
0.4997
0.4979
0.4955
0.4927
0.4899
0.4883
0.4869
0.4848
0.4834
0.4828
0.4835
0.4837
0.482
0.4803
0.4793
0.4786
0.4778
0.476
0.4749
0.472
0.4684
0.4646
0.4625
0.462
0.4611
0.4607
0.4595
0.4581
0.4557
0.4534
0.4519
0.4509
0.4505
0.4499
0.4489
0.4463
0.4428
0.4385
0.4347
0.4316
0.429
0.4268
0.4247
0.423
0.4211
0.4184
0.416
0.4133
0.4103
0.4074
0.4056
0.4047
0.4029
0.4002
0.3978
0.396
0.3951
0.3941
0.3919
0.3893
0.3872
0.3866
0.3863
0.3865
0.3868
0.3861
0.384
0.3828
0.384
0.3864
0.3892
0.3915
0.3938
0.3946
0.3925
0.3905
0.3912
0.3944
0.3974
0.3978
0.3971
0.3977
0.3976
0.3969
0.3969
0.3986
0.4012
0.4025
0.4034
0.4053
0.4079
0.41
0.4119
0.4151
0.4192
0.4224
0.426
0.4304
0.4353
0.439
0.4399
0.4415
0.4443
0.4486
0.4527
0.456
0.4599
0.4645
0.4682
0.4711
0.4742
0.4791
0.4853
0.4909
0.4951
0.4977
0.5004
0.5033
0.5065
0.5105
0.5143
0.5179
0.5207
0.5232
0.5258
0.528
0.5299
0.532
0.5342
0.5371
0.5404
0.5435
0.5464
0.5487
0.551
0.5529
0.5548
0.5565
0.558
0.5602
0.5627
0.565
0.5662
0.5673
0.5687
0.5701
0.5711
0.5724
0.5741
0.5762
0.5781
0.5798
0.5812
0.5822
0.5828
0.5841
0.5855
0.5865
0.5871
0.5878
0.5891
0.59
0.5904
0.591
0.5923
0.5928
0.5936
0.5934
0.5926
0.5925
0.592
0.5923
0.5922
0.5918
0.592
0.5919
0.592
0.5927
0.5929
0.5925
0.5918
0.5911
0.5908
0.5904
0.5902
0.5898
0.589
0.5884
0.5884
0.5883
0.587
0.5852
0.5841
0.5844
0.5842
0.5838
0.5839
0.5831
0.585
0.5824
0.5795
0.5752
0.5722
0.5718
0.5679
0.5651
0.56
0.5562
0.5521
0.5485
0.5456
0.5424
0.5397
0.5378
0.5363
0.5345
0.5324
0.5299
0.5276
0.5247
0.5213
0.5183
0.5156
0.514
0.512
0.5095
0.5063
0.5028
0.5001
0.4972
0.4944
0.4908
0.4876
0.486
0.4846
0.483
0.4798
0.4764
0.4736
0.4709
0.4681
0.4651
0.4621
0.4589
0.4561
0.4536
0.4507
0.4473
0.444
0.4409
0.4372
0.4327
0.4279
0.4242
0.4213
0.4193
0.4182
0.4181
0.4197
0.4214
0.4215
0.4201
0.417
0.4132
0.4088
0.4043
0.4001
0.3961
0.3941
0.3959
0.4003
0.4054
0.4095
0.4119
0.4135
0.4142
0.4147
0.4142
0.413
0.4124
0.412
0.4113
0.4107
0.4102
0.4096
0.409
0.41
0.4126
0.4148
0.4154
0.4154
0.4166
0.4183
0.42
0.4221
0.4235
0.4244
0.4254
0.4261
0.4267
0.4267
0.4271
0.429
0.4311
0.4335
0.4357
0.4385
0.4416
0.4441
0.4464
0.4474
0.4485
0.4493
0.4503
0.4528
0.4552
0.457
0.4566
0.456
0.4581
0.4614
0.4654
0.4675
0.4684
0.4709
0.4743
0.479
0.4825
0.4852
0.4873
0.488
0.4897
0.4927
0.4963
0.4995
0.5005
0.5014
0.5017
0.5021
0.5031
0.5038
0.5041
0.5041
0.5041
0.5052
0.5067
0.5073
0.5071
0.5058
0.5047
0.5045
0.5038
0.5028
0.5014
0.5011
0.5005
0.4988
0.4957
0.4919
0.4886
0.4857
0.4855
0.4853
0.484
0.4822
0.479
0.4759
0.4717
0.4672
0.4631
0.4591
0.4543
0.4496
0.4452
0.4412
0.4383
0.4355
0.433
0.4302
0.4268
0.4237
0.4206
0.4172
0.4135
0.4092
0.4052
0.401
0.3968
0.392
0.3875
0.3837
0.3803
0.3778
0.3753
0.3733
0.3728
0.3734
0.3741
0.3739
0.3727
0.371
0.3699
0.3701
0.3712
0.3714
0.3701
0.3685
0.3676
0.3663
0.3645
0.3633
0.3615
0.3587
0.3541
0.3498
0.3461
0.3419
0.338
0.3351
0.334
0.3321
0.327
0.3201
0.313
0.3075
0.3027
0.2995
0.2973
0.2933
0.288
0.2824
0.2785
0.2747
0.2699
0.2653
0.2617
0.2577
0.2501
0.2401
0.2306
0.2234
0.2189
0.2169
0.2164
0.2155
0.2134
0.2105
0.2078
0.2044
0.2
0.1953
0.1913
0.1892
0.1884
0.1878
0.1863
0.1843
0.1831
0.1838
0.1858
0.1866
0.1863
0.1858
0.1853
0.1836
0.1804
0.1766
0.1737
0.1719
0.1723
0.1739
0.1746
0.1735
0.1723
0.173
0.1739
0.173
0.1696
0.165
0.1601
0.1553
0.1512
0.1476
0.1455
0.1437
0.1414
0.1388
0.1358
0.1328
0.1305
0.129
0.128
0.1268
0.1263
0.1272
0.1285
0.1283
0.1263
0.1247
0.1238
0.1232
0.1236
0.1251
0.127
0.1277
0.1263
0.125
0.1254
0.1276
0.1296
0.1308
0.1315
0.1328
0.1356
0.1378
0.1393
0.1389
0.1378
0.1382
0.1389
0.1396
0.1398
0.14
0.1421
0.1454
0.1494
0.1536
0.1566
0.1585
0.1598
0.1622
0.1659
0.1692
0.1719
0.1743
0.177
0.1814
0.1861
0.1902
0.1935
0.1958
0.1995
0.2046
0.2104
0.2151
0.2184
0.2238
0.2319
0.2393
0.2449
0.25
0.2561
0.2622
0.2675
0.2716
0.2739
0.2746
0.2765
0.2826
0.2899
0.2965
0.3027
0.3086
0.3124
0.3142
0.3176
0.3252
0.3346
0.3422
0.3467
0.3479
0.347
0.3466
0.3495
0.3549
0.3608
0.3672
0.3728
0.3776
0.3796
0.3799
0.3824
0.3866
0.3921
0.3975
0.4024
0.4089
0.4156
0.4201
0.4227
0.424
0.4263
0.429
0.4311
0.4334
0.4357
0.4382
0.4403
0.4415
0.4433
0.4456
0.4485
0.452
0.4563
0.4609
0.4652
0.4685
0.4704
0.4714
0.4724
0.4737
0.4756
0.4768
0.4785
0.4803
0.4813
0.4819
0.4818
0.4824
0.4831
0.4839
0.4854
0.4865
0.488
0.4892
0.49
0.4914
0.4912
0.4908
0.4909
0.4914
0.4919
0.4919
0.492
0.4925
0.4921
0.4923
0.4927
0.4925
0.4925
0.4923
0.4923
0.4923
0.4917
0.491
0.4904
0.4904
0.4901
0.4896
0.489
0.4888
0.4896
0.4894
0.489
0.488
0.4862
0.4847
0.4833
0.4823
0.4815
0.4809
0.4807
0.4796
0.478
0.4765
0.4759
0.4754
0.4747
0.4735
0.4721
0.4708
0.4693
0.4683
0.4672
0.4655
0.4626
0.46
0.4592
0.4598
0.4602
0.4601
0.4598
0.4593
0.459
0.4594
0.4597
0.4595
0.4584
0.4564
0.454
0.4522
0.4509
0.4488
0.4463
0.4445
0.4438
0.4429
0.442
0.4416
0.4409
0.4395
0.438
0.437
0.4354
0.4341
0.4335
0.4336
0.4327
0.4316
0.4302
0.4289
0.428
0.4269
0.4257
0.4222
0.4173
0.4128
0.4094
0.4077
0.4059
0.4042
0.4023
0.402
0.4017
0.4013
0.4002
0.3981
0.3967
0.3948
0.3914
0.3875
0.3847
0.3851
0.388
0.391
0.3927
0.3935
0.3942
0.3943
0.3947
0.395
0.3956
0.3951
0.394
0.3949
0.3968
0.3989
0.4001
0.4005
0.4015
0.4028
0.4052
0.4063
0.4056
0.4052
0.4054
0.4062
0.4069
0.4072
0.4077
0.4071
0.406
0.4049
0.4042
0.4031
0.4013
0.4005
0.4006
0.401
0.402
0.4023
0.4027
0.4019
0.4008
0.4012
0.4027
0.4065
0.4093
0.4092
0.4063
0.4029
0.4016
0.4019
0.402
0.3998
0.3958
0.3928
0.3913
0.3891
0.3872
0.3848
0.3822
0.3785
0.3741
0.3717
0.3707
0.3711
0.3721
0.3722
0.3726
0.3739
0.3752
0.376
0.3745
0.3727
0.3703
0.3677
0.3655
0.3617
0.3587
0.3577
0.3585
0.3592
0.358
0.3563
0.3555
0.356
0.3567
0.3575
0.3588
0.3596
0.3601
0.3599
0.3604
0.361
0.361
0.361
0.3612
0.361
0.3598
0.3589
0.3593
0.3595
0.359
0.3576
0.3562
0.3547
0.3524
0.3503
0.3478
0.3449
0.3425
0.3421
0.3421
0.3406
0.337
0.3339
0.3321
0.3297
0.3262
0.3229
0.3208
0.3196
0.3187
0.318
0.317
0.3136
0.3098
0.3085
0.3104
0.3138
0.3151
0.3135
0.3091
0.3038
0.3005
0.2996
0.3001
0.2985
0.2954
0.2931
0.2909
0.2902
0.2876
0.2876
0.2887
0.2912
0.2927
0.2909
0.2878
0.2854
0.2856
0.2871
0.2872
0.2856
0.2829
0.2816
0.2825
0.2825
0.2805
0.2774
0.2753
0.2753
0.2766
0.2782
0.2786
0.278
0.277
0.2747
0.2698
0.2648
0.2632
0.2647
0.2657
0.2649
0.2642
0.2637
0.2641
0.2655
0.2673
0.269
0.2692
0.2694
0.2697
0.2682
0.2657
0.2636
0.2622
0.261
0.2607
0.2615
0.2619
0.26
0.2564
0.2535
0.2514
0.2499
0.249
0.2485
0.2481
0.2463
0.2435
0.2415
0.2403
0.2394
0.237
0.2336
0.2323
0.2335
0.2354
0.236
0.2358
0.2359
0.2364
0.2363
0.236
0.2361
0.2358
0.2346
0.2326
0.2308
0.2308
0.231
0.2308
0.2307
0.2304
0.2308
0.2301
0.2285
0.2274
0.2264
0.2252
0.2223
0.2182
0.2133
0.2099
0.2086
0.2096
0.2108
0.2087
0.2042
0.2003
0.2008
0.205
0.2092
0.2089
0.2049
0.2031
0.2042
0.2079
0.2108
0.2104
0.2076
0.2044
0.2042
0.2062
0.2078
0.2066
0.2048
0.2061
0.2122
0.219
0.2219
0.2201
0.2163
0.2133
0.2108
0.211
0.2149
0.2208
0.2257
0.2271
0.2271
0.2282
0.2294
0.2302
0.2304
0.2316
0.2353
0.24
0.2441
0.2456
0.2451
0.246
0.2481
0.2504
0.2526
0.2546
0.2562
0.257
0.2583
0.2611
0.266
0.2717
0.2765
0.2789
0.2798
0.2807
0.2811
0.2825
0.2872
0.2935
0.299
0.3022
0.3048
0.3079
0.3092
0.3099
0.3121
0.316
0.3197
0.3214
0.3227
0.3255
0.3313
0.338
0.3434
0.3457
0.3454
0.3442
0.343
0.3408
0.3378
0.3379
0.3443
0.3559
0.3654
0.3678
0.3663
0.3657
0.3692
0.3756
0.3819
0.3877
0.3923
0.3949
0.3951
0.3952
0.3963
0.3979
0.3989
0.3992
0.4004
0.4029
0.4075
0.4125
0.4165
0.4192
0.4211
0.4218
0.4204
0.4187
0.4183
0.4188
0.4206
0.422
0.4226
0.4229
0.4236
0.4247
0.4242
0.4222
0.4195
0.417
0.4149
0.413
0.4102
0.4058
0.4023
0.4004
0.3973
0.3902
0.3827
0.3778
0.3752
0.3699
0.3588
0.3496
0.3469
0.3506
0.3535
0.3478
0.3364
0.3278
0.3285
0.3349
0.3406
0.3393
0.3323
0.3282
0.3311
0.3375
0.3365
0.3266
0.3181
0.3155
0.3122
0.3038
0.2963
0.2939
0.2955
0.2912
0.2782
0.2681
0.2659
0.2724
0.2797
0.2831
0.2865
0.2878
0.2861
0.2831
0.2805
0.282
0.2856
0.2874
0.2859
0.2818
0.2801
0.2831
0.2894
0.2958
0.3002
0.3032
0.305
0.3053
0.3053
0.3054
0.305
0.3028
0.2992
0.2965
0.2963
0.2985
0.3029
0.3089
0.3124
0.313
0.3142
0.3174
0.322
0.3228
0.3183
0.3142
0.3129
0.3155
0.3183
0.3188
0.3204
0.3238
0.3267
0.3269
0.3253
0.3247
0.3268
0.3302
0.3313
0.3323
0.334
0.3358
0.3374
0.3381
0.3397
0.3403
0.3366
0.3307
0.3263
0.3268
0.3302
0.3334
0.3376
0.3427
0.3484
0.3527
0.3544
0.3558
0.3579
0.3605
0.362
0.3597
0.3567
0.3546
0.3518
0.3489
0.3486
0.351
0.3533
0.354
0.3539
0.3536
0.3538
0.3543
0.356
0.3573
0.357
0.3557
0.3545
0.3549
0.3559
0.3557
0.3541
0.3523
0.3508
0.3508
0.3513
0.3535
0.3558
0.3554
0.3521
0.3475
0.3465
0.3482
0.3491
0.3477
0.3454
0.3455
0.3458
0.3427
0.3376
0.3329
0.3296
0.3269
0.3264
0.3282
0.3291
0.3274
0.3234
0.318
0.3125
0.3084
0.3064
0.3037
0.2992
0.2949
0.2913
0.2876
0.2813
0.2755
0.2732
0.2731
0.2722
0.2673
0.2604
0.2541
0.2487
0.2441
0.2386
0.2324
0.2278
0.2247
0.2238
0.2263
0.2322
0.2377
0.2374
0.2326
0.229
0.2285
0.2272
0.2237
0.2203
0.2182
0.2159
0.2135
0.2127
0.2127
0.2112
0.2054
0.1986
0.1944
0.1909
0.186
0.1782
0.1707
0.1661
0.1644
0.1639
0.1627
0.1604
0.1572
0.1554
0.1561
0.159
0.1604
0.1573
0.1519
0.1489
0.1494
0.1501
0.1486
0.1455
0.1426
0.1399
0.1377
0.1365
0.1366
0.1372
0.1355
0.1307
0.1249
0.1213
0.1213
0.1229
0.1239
0.1241
0.125
0.1278
0.133
0.1383
0.1411
0.1407
0.1396
0.1405
0.1426
0.1446
0.145
0.1437
0.141
0.1366
0.1328
0.1306
0.1299
0.1303
0.1298
0.1281
0.1269
0.1294
0.1359
0.1441
0.1516
0.158
0.1632
0.1671
0.1697
0.171
0.1719
0.1739
0.1768
0.1785
0.1773
0.1747
0.1738
0.1746
0.1753
0.1756
0.1755
0.1757
0.1763
0.1784
0.1823
0.1863
0.1892
0.1908
0.1914
0.1909
0.1909
0.1928
0.1956
0.1969
0.1976
0.2006
0.2061
0.2111
0.2128
0.2134
0.2143
0.214
0.2117
0.2098
0.2114
0.2155
0.219
0.2204
0.2204
0.2195
0.2188
0.2185
0.2188
0.2195
0.2207
0.2237
0.2284
0.2336
0.2373
0.2394
0.2412
0.2435
0.246
0.2465
0.2456
0.2451
0.2467
0.2498
0.2506
0.249
0.2476
0.2476
0.2482
0.247
0.2447
0.2423
0.2376
0.2323
0.2302
0.2339
0.2397
0.2432
0.2443
0.2441
0.2447
0.2452
0.2465
0.248
0.2494
0.2515
0.2527
0.2517
0.249
0.2467
0.2452
0.2437
0.2417
0.2388
0.2369
0.2345
0.2309
0.2274
0.2233
0.22
0.2165
0.2129
0.2081
0.2018
0.1952
0.1882
0.1819
0.1763
0.1707
0.1632
0.1538
0.1453
0.1399
0.1367
0.1339
0.1303
0.1261
0.1219
0.1178
0.1127
0.1056
0.0978
0.0921
0.0898
0.0894
0.0891
0.0883
0.0868
0.0843
0.0816
0.0797
0.0779
0.0756
0.0734
0.0719
0.0721
0.0733
0.0746
0.0749
0.0736
0.0716
0.0696
0.068
0.0666
0.0649
0.0639
0.0642
0.0644
0.0633
0.0612
0.0601
0.0601
0.0607
0.0608
0.0605
0.0605
0.0608
0.0612
0.0608
0.0601
0.0597
0.0598
0.0601
0.0597
0.0588
0.0579
0.0577
0.0578
0.0576
0.0572
0.0574
0.0585
0.0594
0.0593
0.0587
0.0581
0.0575
0.0568
0.0566
0.0567
0.0567
0.0565
0.0561
0.0555
0.0549
0.0548
0.0549
0.0548
0.0542
0.0538
0.0536
0.0537
0.054
0.0539
0.0528
0.0512
0.0499
0.0492
0.0489
0.0484
0.0479
0.0472
0.0469
0.0468
0.0463
0.0455
0.0445
0.0439
0.0441
0.0446
0.0454
0.0461
0.0466
0.0469
0.0468
0.046
0.0447
0.0435
0.0435
0.0441
0.0443
0.0438
0.0431
0.0431
0.0438
0.0447
0.045
0.0448
0.0446
0.0447
0.045
0.0454
0.0461
0.0472
0.0482
0.0485
0.0481
0.0476
0.0473
0.0474
0.0477
0.0481
0.0481
0.048
0.0478
0.0479
0.0483
0.0487
0.0488
0.0485
0.0484
0.0489
0.0498
0.0505
0.0505
0.0505
0.0509
0.0519
0.053
0.0537
0.0541
0.0541
0.0539
0.0539
0.0544
0.0552
0.0556
0.0553
0.0551
0.055
0.055
0.0554
0.0564
0.0572
0.0571
0.0562
0.0552
0.0547
0.0547
0.0557
0.0576
0.0594
0.0603
0.0606
0.0609
0.0614
0.0629
0.0653
0.0668
0.0668
0.0655
0.0646
0.0644
0.0651
0.0676
0.0712
0.0747
0.0771
0.0776
0.0759
0.0727
0.07
0.0691
0.0696
0.0706
0.073
0.0784
0.0838
0.0868
0.0886
0.0914
0.0958
0.0972
0.0942
0.091
0.0884
0.0862
0.0837
0.0828
0.0862
0.0929
0.1004
0.1054
0.1075
0.1087
0.1103
0.1111
0.1112
0.1117
0.114
0.1173
0.1199
0.1228
0.1262
0.1303
0.1339
0.1371
0.142
0.1471
0.1491
0.1476
0.1474
0.1515
0.1569
0.1617
0.1655
0.1707
0.1777
0.1835
0.1877
0.1891
0.1876
0.1852
0.1845
0.1877
0.194
0.2015
0.2091
0.2167
0.2241
0.2293
0.2312
0.2312
0.2322
0.2354
0.2383
0.238
0.2369
0.2396
0.2463
0.2544
0.2612
0.266
0.2681
0.2672
0.2659
0.2665
0.2694
0.2727
0.2753
0.2754
0.2739
0.2754
0.2815
0.2905
0.2984
0.3024
0.3032
0.3021
0.3012
0.3032
0.307
0.3096
0.3096
0.3084
0.3086
0.3103
0.3119
0.3132
0.3143
0.3143
0.3114
0.3077
0.3063
0.3083
0.3111
0.3121
0.3116
0.3115
0.312
0.3127
0.3144
0.3177
0.3217
0.3232
0.3213
0.3173
0.3101
0.2993
0.2893
0.2878
0.297
0.311
0.3222
0.3255
0.3238
0.3218
0.3206
0.3176
0.3096
0.3008
0.2972
0.2995
0.3045
0.3104
0.3168
0.3202
0.3196
0.3177
0.3179
0.3195
0.3186
0.3167
0.3181
0.3223
0.3223
0.3136
0.3003
0.2905
0.2878
0.2915
0.2985
0.3045
0.3085
0.3127
0.3179
0.3215
0.3232
0.3235
0.3229
0.3212
0.3191
0.3203
0.3235
0.325
0.3229
0.3224
0.327
0.3312
0.3278
0.3152
0.3018
0.2933
0.2897
0.2916
0.2979
0.3064
0.3146
0.3199
0.324
0.3278
0.3303
0.3319
0.3317
0.3317
0.334
0.3375
0.3388
0.3341
0.3267
0.3228
0.3246
0.3278
0.3277
0.3232
0.3165
0.3117
0.3108
0.3119
0.3137
0.3163
0.318
0.317
0.3131
0.3091
0.3057
0.3036
0.3045
0.3075
0.309
0.307
0.3027
0.2984
0.2957
0.2953
0.2963
0.2957
0.2918
0.2867
0.283
0.2815
0.2817
0.2833
0.2862
0.2883
0.2872
0.2825
0.2758
0.2692
0.2647
0.264
0.2668
0.2713
0.2741
0.2728
0.2676
0.2605
0.2552
0.2541
0.2551
0.2569
0.259
0.2605
0.2599
0.2573
0.254
0.252
0.2522
0.2535
0.2539
0.2515
0.2454
0.2361
0.2253
0.2153
0.2074
0.2026
0.2006
0.2006
0.2011
0.2013
0.2009
0.2001
0.1991
0.1975
0.1954
0.1933
0.1916
0.19
0.1888
0.1879
0.1874
0.1873
0.1877
0.1883
0.1884
0.1879
0.1871
0.1865
0.1855
0.1838
0.1823
0.1815
0.1804
0.1781
0.1757
0.1739
0.172
0.1695
0.1669
0.165
0.1632
0.1613
0.1599
0.1596
0.1603
0.1616
0.1626
0.163
0.1624
0.1608
0.1599
0.1603
0.1618
0.164
0.1667
0.1694
0.1704
0.1699
0.1688
0.168
0.1681
0.1687
0.1691
0.1682
0.1654
0.1604
0.1535
0.1468
0.1424
0.1415
0.1445
0.1486
0.1531
0.159
0.1659
0.1713
0.1726
0.1717
0.1719
0.1732
0.1737
0.174
0.1744
0.1721
0.167
0.1634
0.1636
0.1648
0.1642
0.162
0.16
0.1594
0.1613
0.1659
0.1702
0.1702
0.1666
0.1635
0.1623
0.1625
0.1642
0.1664
0.1664
0.1626
0.1572
0.1535
0.1524
0.1537
0.1551
0.1546
0.1533
0.1553
0.1602
0.1622
0.1603
0.1582
0.1579
0.1577
0.1572
0.1566
0.1556
0.1533
0.149
0.1432
0.1385
0.135
0.1302
0.1235
0.1181
0.1152
0.1131
0.111
0.1105
0.1125
0.1154
0.1165
0.1155
0.1147
0.1162
0.1199
0.1245
0.1281
0.128
0.126
0.1252
0.1257
0.1263
0.1265
0.126
0.1236
0.1195
0.1157
0.114
0.1144
0.1148
0.1139
0.1126
0.1115
0.1098
0.1078
0.1065
0.1056
0.1045
0.1046
0.1062
0.1072
0.1061
0.104
0.1024
0.1011
0.1
0.0989
0.0971
0.0951
0.0953
0.0973
0.0978
0.0957
0.0927
0.0904
0.0888
0.0886
0.0898
0.0907
0.0902
0.0891
0.0885
0.0883
0.0875
0.0861
0.0845
0.0841
0.0839
0.0815
0.0767
0.0722
0.0708
0.071
0.0708
0.07
0.0691
0.0672
0.0638
0.0606
0.0585
0.057
0.0558
0.0557
0.0565
0.0573
0.0575
0.0574
0.0571
0.0565
0.0555
0.0547
0.0552
0.0565
0.0574
0.0572
0.0562
0.055
0.0544
0.0552
0.0564
0.0568
0.0567
0.0565
0.0553
0.0532
0.0518
0.0521
0.0526
0.0517
0.0498
0.0478
0.0467
0.0464
0.0469
0.0489
0.0522
0.0556
0.0575
0.0579
0.0585
0.0598
0.0611
0.0624
0.0645
0.0674
0.0693
0.0674
0.0629
0.0591
0.0576
0.0575
0.0581
0.0593
0.0598
0.0592
0.0586
0.0584
0.0577
0.057
0.0573
0.059
0.0601
0.0602
0.0602
0.0606
0.0611
0.0611
0.061
0.0613
0.0617
0.0621
0.0628
0.0634
0.0642
0.065
0.066
0.0666
0.0664
0.0663
0.0666
0.067
0.0674
0.0678
0.0682
0.0682
0.0678
0.0669
0.0657
0.0651
0.065
0.0654
0.0668
0.0687
0.0696
0.0686
0.067
0.0659
0.0651
0.064
0.0631
0.0631
0.0639
0.0644
0.0638
0.0631
0.0633
0.063
0.0616
0.0592
0.0579
0.0581
0.0585
0.0583
0.057
0.0552
0.0534
0.0523
0.0522
0.0524
0.0519
0.0507
0.0494
0.0482
0.0474
0.0473
0.0477
0.0485
0.0494
0.0505
0.0514
0.0514
0.0505
0.0501
0.05
0.0492
0.0471
0.0455
0.0456
0.0462
0.0459
0.0448
0.0435
0.0427
0.0427
0.0434
0.0442
0.0447
0.0444
0.0435
0.0431
0.0431
0.0434
0.044
0.0453
0.0461
0.0454
0.044
0.0436
0.0443
0.0448
0.0442
0.0433
0.0426
0.0422
0.0422
0.0423
0.0426
0.0432
0.044
0.0445
0.0444
0.044
0.0438
0.0437
0.0438
0.044
0.0447
0.0458
0.0468
0.0471
0.0464
0.0456
0.0449
0.0443
0.0445
0.0452
0.0463
0.0466
0.0465
0.0467
0.0475
0.0488
0.0495
0.0492
0.0482
0.0472
0.046
0.045
0.0453
0.0474
0.0503
0.052
0.0525
0.0533
0.0542
0.054
0.0523
0.0503
0.0492
0.0486
0.0481
0.048
0.0487
0.05
0.0513
0.0526
0.0534
0.0538
0.0537
0.0535
0.0532
0.0531
0.0536
0.0546
0.0552
0.0551
0.0549
0.0554
0.0567
0.058
0.0581
0.0569
0.0552
0.0536
0.053
0.0534
0.0549
0.0563
0.0569
0.0581
0.0601
0.0621
0.0634
0.0636
0.0632
0.0626
0.0619
0.0616
0.0617
0.0623
0.0632
0.064
0.0645
0.0644
0.0643
0.0654
0.0674
0.0685
0.0683
0.0681
0.0697
0.0726
0.0755
0.0772
0.077
0.0757
0.0743
0.0745
0.0763
0.0776
0.077
0.0754
0.0748
0.0762
0.0784
0.0799
0.0806
0.0815
0.0837
0.0855
0.0841
0.079
0.0736
0.0716
0.0721
0.0726
0.072
0.0724
0.075
0.0783
0.081
0.0828
0.0841
0.0844
0.0831
0.0814
0.0805
0.0804
0.0806
0.082
0.0842
0.0848
0.083
0.0808
0.0804
0.0827
0.0868
0.0907
0.093
0.0937
0.0953
0.098
0.1004
0.1015
0.1008
0.0991
0.0986
0.1007
0.1034
0.1038
0.1025
0.1017
0.1025
0.1028
0.1024
0.1016
0.1017
0.1035
0.1064
0.1088
0.1106
0.1119
0.113
0.1144
0.1157
0.1164
0.1158
0.1153
0.1156
0.1158
0.1146
0.1126
0.1112
0.1106
0.112
0.1153
0.1187
0.1208
0.1211
0.122
0.1239
0.1256
0.1267
0.1265
0.1258
0.1261
0.128
0.131
0.1333
0.1347
0.1359
0.1366
0.1362
0.1356
0.1365
0.1387
0.1407
0.1416
0.1428
0.1448
0.1469
0.1492
0.1522
0.156
0.1588
0.1587
0.1582
0.1619
0.1678
0.1721
0.1715
0.1689
0.1685
0.17
0.173
0.1752
0.1759
0.1751
0.1754
0.1778
0.1801
0.1805
0.1791
0.179
0.1807
0.1835
0.1858
0.187
0.1868
0.1868
0.1874
0.1885
0.1903
0.1929
0.1955
0.1967
0.1977
0.199
0.1994
0.1991
0.1988
0.1999
0.2015
0.2016
0.2021
0.2034
0.2045
0.2046
0.2038
0.2039
0.2042
0.2036
0.2023
0.2007
0.1989
0.1976
0.1975
0.1974
0.1967
0.1952
0.1933
0.192
0.1919
0.1931
0.1939
0.1932
0.1916
0.1908
0.1904
0.1899
0.1893
0.1883
0.1877
0.1882
0.189
0.189
0.1876
0.186
0.1849
0.1834
0.1823
0.182
0.1825
0.1829
0.1822
0.181
0.1805
0.1813
0.183
0.1848
0.1858
0.186
0.1855
0.1853
0.185
0.1837
0.1821
0.1825
0.186
0.1903
0.1936
0.1958
0.198
0.2001
0.2022
0.2049
0.208
0.2107
0.2126
0.2143
0.2164
0.2185
0.2202
0.2219
0.2241
0.2258
0.2273
0.2301
0.2341
0.2382
0.2407
0.2422
0.2437
0.2454
0.2475
0.25
0.2518
0.2525
0.2517
0.2513
0.2527
0.2555
0.2577
0.2589
0.2607
0.2629
0.2645
0.265
0.2655
0.266
0.2654
0.2633
0.2603
0.2589
0.2598
0.2602
0.258
0.2543
0.2499
0.2459
0.2395
0.2379
0.2393
0.2385
0.2347
0.2272
0.2218
0.214
0.2033
0.1941
0.1903
0.1923
0.1944
0.1918
0.1835
0.1746
0.1688
0.1637
0.1565
0.1497
0.1467
0.1428
0.1313
0.1181
0.1131
0.118
0.1248
0.1235
0.1159
0.1036
0.089
0.0797
0.0818
0.0919
0.0983
0.0981
0.0934
0.0853
0.074
0.0658
0.0652
0.0715
0.0797
0.0847
0.0824
0.0719
0.0606
0.054
0.053
0.0584
0.0677
0.0724
0.0681
0.0589
0.0498
0.044
0.0426
0.0435
0.0449
0.0437
0.042
0.0419
0.042
0.0415
0.0422
0.0477
0.0546
0.057
0.0524
0.0471
0.0475
0.0524
0.0558
0.0557
0.0542
0.0518
0.0491
0.0454
0.043
0.0441
0.0465
0.0476
0.0451
0.0404
0.0362
0.0342
0.0344
0.0364
0.0387
0.0391
0.038
0.037
0.0365
0.036
0.0363
0.0388
0.0438
0.0506
0.0572
0.0618
0.0632
0.063
0.0643
0.0643
0.0622
0.0605
0.0596
0.0587
0.0567
0.0566
0.0579
0.0555
0.0492
0.0447
0.0448
0.0474
0.0482
0.0473
0.0474
0.05
0.0545
0.0588
0.0607
0.0592
0.0588
0.0621
0.0693
0.0764
0.0784
0.0745
0.0697
0.0709
0.0778
0.0857
0.0907
0.0914
0.0856
0.0765
0.0724
0.0766
0.0823
0.0837
0.0832
0.0837
0.0841
0.0814
0.0761
0.0706
0.0687
0.073
0.0812
0.0888
0.0902
0.0855
0.0792
0.0752
0.0749
0.0762
0.0785
0.0829
0.0895
0.0962
0.0992
0.0969
0.0936
0.0929
0.0955
0.0981
0.0988
0.0995
0.0998
0.0971
0.0904
0.082
0.0786
0.0784
0.08
0.0842
0.0887
0.0914
0.0896
0.0837
0.0801
0.0787
0.0772
0.0741
0.0717
0.0732
0.0761
0.0785
0.0805
0.0804
0.0763
0.0709
0.0677
0.0656
0.0636
0.0622
0.0626
0.0643
0.0657
0.066
0.0633
0.0581
0.0536
0.0511
0.0499
0.0489
0.0478
0.0469
0.0465
0.0474
0.0485
0.0492
0.0487
0.048
0.0467
0.0434
0.0409
0.0396
0.0392
0.0384
0.0381
0.0391
0.0406
0.0409
0.0404
0.0406
0.0414
0.0414
0.0401
0.0381
0.0364
0.0351
0.0345
0.0345
0.035
0.0355
0.0352
0.0343
0.0331
0.0327
0.0328
0.0322
0.031
0.0301
0.0301
0.0306
0.0305
0.0299
0.0293
0.029
0.029
0.029
0.0285
0.0281
0.028
0.0281
0.0281
0.0279
0.028
0.0284
0.0289
0.0287
0.0278
0.0267
0.0262
0.0268
0.0275
0.0277
0.0277
0.0273
0.0269
0.0265
0.0262
0.0261
0.0261
0.0259
0.0258
0.0258
0.0259
0.0258
0.0256
0.0254
0.0253
0.0254
0.0251
0.0245
0.024
0.0239
0.024
0.0241
0.0238
0.0235
0.0232
0.0231
0.0232
0.0233
0.0232
0.023
0.0231
0.0233
0.0234
0.0234
0.0232
0.023
0.023
0.0232
0.0233
0.0232
0.0225
0.0219
0.0221
0.0229
0.0232
0.0228
0.0225
0.0226
0.0229
0.0232
0.0229
0.0225
0.0222
0.0226
0.0229
0.0226
0.0218
0.0213
0.0215
0.0222
0.0229
0.0236
0.0241
0.0244
0.0242
0.0238
0.0233
0.0229
0.023
0.023
0.0231
0.023
0.0228
0.0225
0.0223
0.0226
0.0234
0.0244
0.0249
0.0245
0.0238
0.0238
0.0245
0.0255
0.0261
0.0258
0.0253
0.0251
0.0254
0.0256
0.0258
0.0266
0.0277
0.0281
0.0273
0.0266
0.0264
0.0265
0.0267
0.0271
0.0275
0.0278
0.0279
0.028
0.0281
0.0286
0.0286
0.0283
0.0279
0.028
0.0289
0.0297
0.0303
0.0305
0.0302
0.0299
0.0297
0.03
0.0308
0.0315
0.0322
0.0325
0.0325
0.0324
0.0326
0.0334
0.0338
0.0336
0.0331
0.0325
0.032
0.0323
0.0337
0.0349
0.0352
0.0353
0.0364
0.0374
0.0374
0.0363
0.0349
0.0337
0.0332
0.0331
0.0328
0.0321
0.0317
0.0323
0.033
0.0336
0.034
0.0349
0.0365
0.0374
0.0375
0.0371
0.036
0.0346
0.0335
0.0333
0.0335
0.0335
0.0331
0.033
0.0333
0.0337
0.0338
0.0335
0.0328
0.0325
0.0328
0.033
0.0326
0.0321
0.032
0.0325
0.0328
0.0323
0.0313
0.0304
0.0303
0.0304
0.0301
0.0296
0.0293
0.0295
0.0302
0.0307
0.0308
0.0305
0.0296
0.0288
0.0284
0.0287
0.0289
0.0286
0.0281
0.0278
0.0276
0.0273
0.027
0.0262
0.0253
0.0246
0.0241
0.0239
0.0236
0.0233
0.0231
0.023
0.0229
0.0225
0.0223
0.0224
0.0226
0.0225
0.0219
0.0212
0.0205
0.02
0.0194
0.019
0.0188
0.0187
0.0185
0.0181
0.0179
0.018
0.0179
0.0176
0.0173
0.0171
0.0169
0.0167
0.0162
0.0156
0.015
0.015
0.0153
0.0155
0.0151
0.0144
0.014
0.0143
0.015
0.0151
0.0147
0.0142
0.0141
0.0145
0.0152
0.0158
0.0162
0.0161
0.0154
0.015
0.015
0.0152
0.0152
0.0153
0.0157
0.016
0.0158
0.0155
0.0155
0.0159
0.0161
0.0156
0.0149
0.0142
0.0135
0.0128
0.0124
0.0126
0.0132
0.0139
0.0143
0.0143
0.0142
0.0145
0.015
0.0154
0.0154
0.0153
0.0155
0.0158
0.0157
0.0155
0.0156
0.0161
0.0165
0.0165
0.0164
0.0164
0.0163
0.0157
0.0148
0.0144
0.0146
0.0155
0.0161
0.0163
0.0162
0.016
0.0156
0.0152
0.015
0.0149
0.015
0.0151
0.0151
0.0152
0.0155
0.0158
0.0161
0.0159
0.0157
0.0156
0.0157
0.0163
0.0167
0.0167
0.0166
0.0164
0.0163
0.0163
0.0164
0.0165
0.0165
0.0162
0.0158
0.0162
0.0167
0.0167
0.0164
0.0162
0.0162
0.016
0.0155
0.0152
0.0151
0.0153
0.0153
0.0153
0.0154
0.0157
0.0159
0.0159
0.0158
0.0157
0.0158
0.0159
0.0159
0.0158
0.016
0.0163
0.0164
0.0161
0.0156
0.0152
0.0149
0.0148
0.0148
0.0151
0.0154
0.0156
0.0154
0.0152
0.0151
0.0153
0.0156
0.0157
0.0158
0.0159
0.0164
0.0169
0.0169
0.0163
0.0155
0.0155
0.0157
0.016
0.0162
0.0161
0.0161
0.0161
0.0161
0.016
0.0158
0.0155
0.0153
0.015
0.015
0.0155
0.0161
0.0166
0.0169
0.0169
0.0168
0.0167
0.0167
0.0169
0.0171
0.0172
0.0175
0.0177
0.018
0.0181
0.0179
0.0176
0.0177
0.0181
0.0182
0.0177
0.0173
0.0177
0.0183
0.0187
0.0185
0.0184
0.0184
0.0184
0.0184
0.0187
0.0192
0.0195
0.0193
0.0189
0.0187
0.0189
0.0194
0.0196
0.0193
0.0191
0.0195
0.0203
0.0206
0.0205
0.0202
0.0203
0.0209
0.0216
0.0222
0.0227
0.0228
0.0224
0.0216
0.0209
0.0207
0.021
0.0213
0.0214
0.0216
0.0219
0.0226
0.0233
0.0239
0.0243
0.0239
0.0235
0.0235
0.0236
0.0236
0.0235
0.0237
0.0243
0.0248
0.0249
0.0248
0.0251
0.0257
0.0266
0.0275
0.0274
0.0264
0.0253
0.0252
0.0262
0.028
0.0294
0.0298
0.0296
0.0296
0.0304
0.0309
0.0306
0.0301
0.0302
0.0307
0.0306
0.0301
0.0301
0.0315
0.0339
0.0357
0.0364
0.0371
0.038
0.039
0.0391
0.0385
0.0377
0.0363
0.0348
0.0344
0.036
0.0382
0.0387
0.0376
0.0367
0.0363
0.036
0.0346
0.0326
0.0309
0.0299
0.0295
0.0299
0.031
0.0318
0.0318
0.031
0.0301
0.0302
0.031
0.0315
0.0315
0.0309
0.03
0.0284
0.0271
0.0269
0.0272
0.0271
0.0261
0.0255
0.0258
0.0266
0.0277
0.0291
0.0307
0.0322
0.0331
0.0332
0.0328
0.0323
0.032
0.0321
0.0324
0.033
0.0337
0.034
0.0338
0.0324
0.0314
0.0316
0.0332
0.0356
0.0385
0.0416
0.0422
0.0387
0.0331
0.0288
0.0272
0.0281
0.0306
0.033
0.0348
0.0365
0.0386
0.0402
0.0398
0.0379
0.0368
0.0379
0.0406
0.0428
0.0439
0.0448
0.0467
0.048
0.049
0.0511
0.0536
0.0553
0.0557
0.0549
0.0513
0.045
0.0408
0.0427
0.0482
0.053
0.0559
0.0576
0.0576
0.0555
0.0525
0.0495
0.0469
0.0457
0.0464
0.0494
0.0529
0.056
0.0596
0.0631
0.065
0.0644
0.0631
0.0641
0.0667
0.0683
0.0678
0.0662
0.0649
0.064
0.0631
0.0631
0.0658
0.0714
0.0774
0.0812
0.0825
0.0826
0.0818
0.0795
0.0764
0.0745
0.0754
0.0788
0.0819
0.084
0.0861
0.0891
0.0912
0.0911
0.0917
0.0944
0.0966
0.096
0.0966
0.1
0.1015
0.0972
0.09
0.0881
0.094
0.103
0.1103
0.1148
0.1192
0.1248
0.1302
0.1325
0.1297
0.123
0.1144
0.1063
0.099
0.0958
0.1004
0.1105
0.1176
0.1154
0.1086
0.1038
0.1027
0.1034
0.1081
0.117
0.1248
0.1289
0.1335
0.1406
0.1467
0.1471
0.1419
0.1329
0.1218
0.1126
0.1107
0.1187
0.1331
0.1456
0.1534
0.1582
0.1619
0.1646
0.1661
0.1668
0.166
0.1648
0.1646
0.1663
0.1694
0.1724
0.1744
0.1747
0.174
0.1735
0.1723
0.1681
0.1611
0.1551
0.1543
0.1594
0.1688
0.1787
0.1854
0.1876
0.1872
0.1868
0.1878
0.1915
0.1971
0.2017
0.2028
0.2005
0.1971
0.1953
0.1962
0.1988
0.2002
0.1995
0.1974
0.1954
0.1944
0.1941
0.1941
0.1948
0.1975
0.2022
0.2073
0.2108
0.2118
0.2107
0.2092
0.2095
0.2123
0.2173
0.2226
0.2272
0.2307
0.2333
0.2361
0.2394
0.2425
0.2448
0.246
0.2463
0.2463
0.2468
0.2483
0.251
0.2547
0.2593
0.2644
0.2688
0.271
0.2701
0.2659
0.2598
0.253
0.2465
0.242
0.2413
0.2452
0.2517
0.2587
0.2649
0.2704
0.2749
0.2772
0.2767
0.274
0.2701
0.2645
0.257
0.2489
0.2425
0.2394
0.2395
0.2428
0.2487
0.2559
0.2629
0.2684
0.2716
0.273
0.2733
0.2729
0.2722
0.2716
0.2711
0.2698
0.2677
0.2659
0.265
0.2648
0.2643
0.2632
0.2615
0.259
0.2552
0.2504
0.2454
0.2412
0.2385
0.2371
0.2365
0.2357
0.2336
0.2291
0.2223
0.2147
0.2089
0.2072
0.2096
0.2147
0.219
0.2189
0.2134
0.2047
0.1959
0.1891
0.1855
0.1853
0.187
0.1882
0.1871
0.1816
0.1713
0.1562
0.1416
0.1344
0.1385
0.1512
0.1652
0.1741
0.1755
0.1697
0.1586
0.1447
0.1329
0.1282
0.1322
0.1422
0.1515
0.1563
0.1543
0.1465
0.1352
0.1254
0.1228
0.127
0.1324
0.1338
0.133
0.1332
0.1316
0.1248
0.1154
0.1112
0.1171
0.1262
0.1251
0.1137
0.0998
0.088
0.0775
0.0709
0.0716
0.0806
0.0928
0.0973
0.0914
0.0789
0.0632
0.0484
0.0384
0.0342
0.0353
0.0427
0.0598
0.0885
0.1206
0.1394
0.1402
0.1256
0.1019
0.0814
0.0769
0.0891
0.108
0.1237
0.1306
0.1279
0.1192
0.1118
0.1073
0.1005
0.0942
0.0942
0.1012
0.1021
0.0887
0.0737
0.0688
0.076
0.0872
0.0904
0.083
0.0703
0.0594
0.0531
0.0498
0.0486
0.0472
0.0439
0.039
0.0351
0.0385
0.0513
0.0678
0.0815
0.0897
0.0919
0.0906
0.088
0.0862
0.086
0.087
0.0892
0.0904
0.0882
0.0845
0.0831
0.0869
0.0921
0.0921
0.0889
0.09
0.0965
0.1014
0.0999
0.0954
0.0912
0.0866
0.0777
0.0693
0.0686
0.0772
0.088
0.0916
0.0866
0.078
0.07
0.0638
0.0613
0.0651
0.0733
0.0786
0.0754
0.0685
0.0639
0.0622
0.0622
0.0626
0.0635
0.0628
0.0584
0.0521
0.0469
0.0438
0.0422
0.0428
0.0453
0.0483
0.0514
0.0545
0.058
0.062
0.0659
0.069
0.0685
0.0625
0.0545
0.05
0.0513
0.0553
0.0568
0.0543
0.0501
0.0465
0.0434
0.04
0.0373
0.037
0.0377
0.0386
0.0395
0.0418
0.0442
0.0446
0.0422
0.0385
0.0349
0.032
0.0301
0.0288
0.0283
0.0278
0.0279
0.0289
0.0305
0.0308
0.0299
0.0283
0.0268
0.0258
0.0252
0.025
0.0249
0.0242
0.023
0.0217
0.0203
0.0197
0.0198
0.0204
0.0209
0.0208
0.0198
0.0192
0.0187
0.0184
0.0183
0.0178
0.0175
0.0171
0.017
0.0172
0.0178
0.0184
0.0187
0.019
0.0192
0.0189
0.0179
0.0172
0.0165
0.016
0.0159
0.0163
0.0169
0.0167
0.016
0.0153
0.0151
0.0153
0.0154
0.0155
0.0155
0.0156
0.0156
0.0153
0.0151
0.015
0.0151
0.0151
0.0147
0.0144
0.0143
0.0145
0.0148
0.0149
0.015
0.0152
0.0152
0.015
0.0147
0.0147
0.0152
0.0157
0.0156
0.0151
0.0147
0.0148
0.0147
0.0148
0.0145
0.0142
0.014
0.0139
0.0139
0.0142
0.0146
0.0149
0.0155
0.0157
0.0157
0.0152
0.0144
0.0141
0.0141
0.0142
0.0141
0.0135
0.013
0.0126
0.0126
0.013
0.0137
0.0139
0.0137
0.0136
0.014
0.0146
0.0148
0.0145
0.0141
0.0142
0.0143
0.0144
0.0143
0.0143
0.0145
0.0147
0.0149
0.0149
0.0146
0.0146
0.0147
0.0143
0.0139
0.0136
0.014
0.0148
0.0153
0.0154
0.0147
0.0143
0.0141
0.0142
0.0139
0.0139
0.0139
0.0145
0.0152
0.0155
0.0155
0.0149
0.0143
0.0144
0.015
0.0153
0.0152
0.0158
0.0167
0.0171
0.0168
0.0165
0.0163
0.0163
0.0165
0.0164
0.016
0.0157
0.0158
0.0164
0.017
0.0172
0.0171
0.0171
0.0171
0.017
0.0167
0.0162
0.0158
0.0159
0.016
0.0163
0.0166
0.0169
0.0173
0.0177
0.018
0.0181
0.0178
0.0169
0.0161
0.0156
0.0158
0.0161
0.0167
0.0166
0.0161
0.0157
0.0154
0.0157
0.0161
0.0167
0.017
0.0166
0.0163
0.0152
0.0147
0.0144
0.0146
0.0148
0.0146
0.0145
0.0148
0.0149
0.0149
0.0146
0.0146
0.0144
0.0143
0.0143
0.0141
0.0138
0.0137
0.0136
0.0133
0.0134
0.0134
0.0136
0.0128
0.0121
0.0119
0.0122
0.0123
0.0122
0.0119
0.0116
0.0115
0.0116
0.0116
0.0121
0.0124
0.0124
0.0122
0.0118
0.0116
0.0114
0.0113
0.0111
0.0108
0.0109
0.0112
0.0118
0.0121
0.0121
0.0122
0.0119
0.0115
0.011
0.0106
0.0106
0.0111
0.0114
0.0114
0.0114
0.0113
0.0111
0.0108
0.0107
0.011
0.0111
0.0113
0.0116
0.0117
0.0116
0.011
0.0103
0.0101
0.01
0.0097
0.0096
0.0097
0.0101
0.01
0.0099
0.0099
0.0098
0.0097
0.0097
0.0096
0.0097
0.0105
0.0112
0.0116
0.011
0.0105
0.0106
0.0113
0.0116
0.0116
0.0113
0.0112
0.0114
0.0115
0.011
0.0106
0.0107
0.0109
0.0111
0.0106
0.0103
0.0101
0.0104
0.011
0.0108
0.0105
0.0105
0.0107
0.0107
0.0104
0.0103
0.01
0.01
0.0103
0.0107
0.0108
0.0105
0.0102
0.0103
0.0109
0.0112
0.0108
0.0103
0.0098
0.0098
0.0101
0.0104
0.0105
0.0106
0.0107
0.011
0.0108
0.0109
0.0107
0.0108
0.0112
0.0111
0.0115
0.0114
0.0116
0.012
0.0122
